#> asset:mob/0085.soul_bullet/tick/vfx
#
# 円1
#
# @within function asset:mob/0085.soul_bullet/tick/2.tick

# 演出
    particle soul ~ ~ ~ ^ ^30000000 ^ 0.000000002 0 normal @a
    particle soul ~ ~ ~ ^15000000 ^51961524 ^ 0.000000002 0 normal @a
    particle soul ~ ~ ~ ^21213203 ^21213203 ^ 0.000000002 0 normal @a
    particle soul ~ ~ ~ ^51961524 ^15000000 ^ 0.000000002 0 normal @a
    particle soul ~ ~ ~ ^30000000 ^ ^ 0.000000002 0 normal @a
    particle soul ~ ~ ~ ^-15000000 ^51961524 ^ 0.000000002 0 normal @a
    particle soul ~ ~ ~ ^-21213203 ^21213203 ^ 0.000000002 0 normal @a
    particle soul ~ ~ ~ ^-51961524 ^15000000 ^ 0.000000002 0 normal @a
    particle soul ~ ~ ~ ^ ^-30000000 ^ 0.000000002 0 normal @a
    particle soul ~ ~ ~ ^15000000 ^-51961524 ^ 0.000000002 0 normal @a
    particle soul ~ ~ ~ ^21213203 ^-21213203 ^ 0.000000002 0 normal @a
    particle soul ~ ~ ~ ^51961524 ^-15000000 ^ 0.000000002 0 normal @a
    particle soul ~ ~ ~ ^-30000000 ^ ^ 0.000000002 0 normal @a
    particle soul ~ ~ ~ ^-15000000 ^-51961524 ^ 0.000000002 0 normal @a
    particle soul ~ ~ ~ ^-21213203 ^-21213203 ^ 0.000000002 0 normal @a
    particle soul ~ ~ ~ ^-51961524 ^-15000000 ^ 0.000000002 0 normal @a