#> asset:mob/0085.soul_bullet/tick/vfx
#
# 円1
#
# @within function asset:mob/0085.soul_bullet/tick/2.tick

# 演出
    particle soul ~ ~ ~ ^ ^30000000 ^ 0.000000004 0 normal @a
    particle soul ~ ~ ~ ^7764571 ^28977774 ^ 0.000000004 0 normal @a
    particle soul ~ ~ ~ ^15000000 ^25980762 ^ 0.000000004 0 normal @a
    particle soul ~ ~ ~ ^21213203 ^21213203 ^ 0.000000004 0 normal @a
    particle soul ~ ~ ~ ^25980762 ^15000000 ^ 0.000000004 0 normal @a
    particle soul ~ ~ ~ ^28977774 ^7764571 ^ 0.000000004 0 normal @a

    particle soul ~ ~ ~ ^30000000 ^ ^ 0.000000004 0 normal @a
    particle soul ~ ~ ~ ^-7764571 ^28977774 ^ 0.000000004 0 normal @a
    particle soul ~ ~ ~ ^-15000000 ^25980762 ^ 0.000000004 0 normal @a
    particle soul ~ ~ ~ ^-21213203 ^21213203 ^ 0.000000004 0 normal @a
    particle soul ~ ~ ~ ^-25980762 ^15000000 ^ 0.000000004 0 normal @a
    particle soul ~ ~ ~ ^-28977774 ^7764571 ^ 0.000000004 0 normal @a

    particle soul ~ ~ ~ ^ ^-30000000 ^ 0.000000004 0 normal @a
    particle soul ~ ~ ~ ^7764571 ^-28977774 ^ 0.000000004 0 normal @a
    particle soul ~ ~ ~ ^15000000 ^-25980762 ^ 0.000000004 0 normal @a
    particle soul ~ ~ ~ ^21213203 ^-21213203 ^ 0.000000004 0 normal @a
    particle soul ~ ~ ~ ^25980762 ^-15000000 ^ 0.000000004 0 normal @a
    particle soul ~ ~ ~ ^28977774 ^-7764571 ^ 0.000000004 0 normal @a

    particle soul ~ ~ ~ ^-30000000 ^ ^ 0.000000004 0 normal @a
    particle soul ~ ~ ~ ^-7764571 ^-28977774 ^ 0.000000004 0 normal @a
    particle soul ~ ~ ~ ^-15000000 ^-25980762 ^ 0.000000004 0 normal @a
    particle soul ~ ~ ~ ^-21213203 ^-21213203 ^ 0.000000004 0 normal @a
    particle soul ~ ~ ~ ^-25980762 ^-15000000 ^ 0.000000004 0 normal @a
    particle soul ~ ~ ~ ^-28977774 ^-7764571 ^ 0.000000004 0 normal @a