execute if entity @s[tag=aj.blazing_inferno.bone.helm] run data modify entity @s {} merge value {transformation:[-1.2033663543243593f,0f,0.25051968330760843f,0.3875986458373225f,0f,1.2291666666666665f,0f,0f,-0.25051968330760843f,0f,-1.2033663543243593f,0.5914112695452073f,0f,0f,0f,1f],start_interpolation:0}
execute if entity @s[tag=aj.blazing_inferno.bone.head] run data modify entity @s {} merge value {transformation:[-0.9790099153825298f,0f,0.20381262370788483f,0f,0f,1f,0f,1.1875f,-0.20381262370788483f,0f,-0.9790099153825298f,0f,0f,0f,0f,1f],start_interpolation:0}
execute if entity @s[tag=aj.blazing_inferno.bone.body] run data modify entity @s {} merge value {transformation:[-0.9765972620638246f,0f,0.21507623701711348f,0f,0f,1f,0f,0.4375f,-0.21507623701711348f,0f,-0.9765972620638246f,0f,0f,0f,0f,1f],start_interpolation:0}
execute if entity @s[tag=aj.blazing_inferno.bone.left_hand] run data modify entity @s {} merge value {transformation:[-0.9765972620638246f,0f,0.21507623701711348f,0.39674263771342877f,0f,1f,0f,0.75f,-0.21507623701711348f,0f,-0.9765972620638246f,0.08737472128820235f,0f,0f,0f,1f],start_interpolation:0}
execute if entity @s[tag=aj.blazing_inferno.bone.left_arm] run data modify entity @s {} merge value {transformation:[-0.9765972620638246f,0f,0.21507623701711348f,0.27466797995545067f,0f,1f,0f,1.0625f,-0.21507623701711348f,0f,-0.9765972620638246f,0.06049019166106317f,0f,0f,0f,1f],start_interpolation:0}
execute if entity @s[tag=aj.blazing_inferno.bone.right_hand] run data modify entity @s {} merge value {transformation:[-0.8673516242503957f,0.4488244335826191f,0.21507623701711348f,-0.5513960955802323f,0.4595798606214878f,0.8881364488135446f,0f,0.7868963142726068f,-0.1910170453685594f,0.09884470703131909f,-0.9765972620638246f,-0.12143408746887775f,0f,0f,0f,1f],start_interpolation:0}
execute if entity @s[tag=aj.blazing_inferno.bone.right_arm] run data modify entity @s {} merge value {transformation:[-0.8673516242503957f,0.4488244335826191f,0.21507623701711348f,-0.27466797995545067f,0.4595798606214878f,0.8881364488135446f,0f,1.0625f,-0.1910170453685594f,0.09884470703131909f,-0.9765972620638246f,-0.06049019166106317f,0f,0f,0f,1f],start_interpolation:0}