execute if entity @s[tag=aj.blazing_inferno.bone.helm] run data modify entity @s {} merge value {transformation:[-1.1796401766251026f,0f,0.3453979561843712f,0.33935276763690775f,0f,1.2291666666666665f,0f,0f,-0.3453979561843712f,0f,-1.1796401766251026f,0.6203544947021589f,0f,0f,0f,1f],start_interpolation:0}
execute if entity @s[tag=aj.blazing_inferno.bone.head] run data modify entity @s {} merge value {transformation:[-0.9597072623390667f,0f,0.2810017270652512f,0f,0f,1f,0f,1.1875f,-0.2810017270652512f,0f,-0.9597072623390667f,0f,0f,0f,0f,1f],start_interpolation:0}
execute if entity @s[tag=aj.blazing_inferno.bone.body] run data modify entity @s {} merge value {transformation:[-0.9529793415172189f,0f,0.3030352696327741f,0f,0f,1f,0f,0.4375f,-0.3030352696327741f,0f,-0.9529793415172189f,0f,0f,0f,0f,1f],start_interpolation:0}
execute if entity @s[tag=aj.blazing_inferno.bone.left_hand] run data modify entity @s {} merge value {transformation:[-0.9529793415172189f,0f,0.3030352696327741f,0.38714785749137015f,0f,1f,0f,0.75f,-0.3030352696327741f,0f,-0.9529793415172189f,0.1231080782883145f,0f,0f,0f,1f],start_interpolation:0}
execute if entity @s[tag=aj.blazing_inferno.bone.left_arm] run data modify entity @s {} merge value {transformation:[-0.9529793415172189f,0f,0.3030352696327741f,0.2680254398017178f,0f,1f,0f,1.0625f,-0.3030352696327741f,0f,-0.9529793415172189f,0.08522866958421772f,0f,0f,0f,1f],start_interpolation:0}
execute if entity @s[tag=aj.blazing_inferno.bone.right_hand] run data modify entity @s {} merge value {transformation:[-0.7558467917259734f,0.580400941415626f,0.3030352696327741f,-0.5801566417983242f,0.6090383244736256f,0.7931407941357944f,0f,0.8412019927582803f,-0.24034963440769305f,0.1845600928735581f,-0.9529793415172189f,-0.18448240871276364f,0f,0f,0f,1f],start_interpolation:0}
execute if entity @s[tag=aj.blazing_inferno.bone.right_arm] run data modify entity @s {} merge value {transformation:[-0.7558467917259734f,0.580400941415626f,0.3030352696327741f,-0.2680254398017178f,0.6090383244736256f,0.7931407941357944f,0f,1.0625f,-0.24034963440769305f,0.1845600928735581f,-0.9529793415172189f,-0.08522866958421772f,0f,0f,0f,1f],start_interpolation:0}