execute if entity @s[tag=aj.blazing_inferno.bone.helm] run data modify entity @s {} merge value {transformation:[-1.0644895588183723f,0f,0.6145833333333333f,0.1830127018922193f,0f,1.2291666666666665f,0f,0f,-0.6145833333333333f,0f,-1.0644895588183723f,0.6830127018922193f,0f,0f,0f,1f],start_interpolation:0}
execute if entity @s[tag=aj.blazing_inferno.bone.head] run data modify entity @s {} merge value {transformation:[-0.8660254037844386f,0f,0.5f,0f,0f,1f,0f,1.1875f,-0.5f,0f,-0.8660254037844386f,0f,0f,0f,0f,1f],start_interpolation:0}
execute if entity @s[tag=aj.blazing_inferno.bone.body] run data modify entity @s {} merge value {transformation:[-0.7071067811865474f,0f,0.7071067811865477f,0f,0f,1f,0f,0.4375f,-0.7071067811865477f,0f,-0.7071067811865474f,0f,0f,0f,0f,1f],start_interpolation:0}
execute if entity @s[tag=aj.blazing_inferno.bone.left_hand] run data modify entity @s {} merge value {transformation:[-0.7071067811865474f,0f,0.7071067811865477f,0.28726212985703486f,0f,1f,0f,0.75f,-0.7071067811865477f,0f,-0.7071067811865474f,0.28726212985703503f,0f,0f,0f,1f],start_interpolation:0}
execute if entity @s[tag=aj.blazing_inferno.bone.left_arm] run data modify entity @s {} merge value {transformation:[-0.7071067811865474f,0f,0.7071067811865477f,0.19887378220871643f,0f,1f,0f,1.0625f,-0.7071067811865477f,0f,-0.7071067811865474f,0.19887378220871654f,0f,0f,0f,1f],start_interpolation:0}
execute if entity @s[tag=aj.blazing_inferno.bone.right_hand] run data modify entity @s {} merge value {transformation:[-0.40557978767263886f,0.579227965339569f,0.7071067811865477f,-0.46678174267013467f,0.8191520442889917f,0.5735764363510463f,0f,0.9498028419044816f,-0.4055797876726391f,0.5792279653395692f,-0.7071067811865474f,-0.4667817426701349f,0f,0f,0f,1f],start_interpolation:0}
execute if entity @s[tag=aj.blazing_inferno.bone.right_arm] run data modify entity @s {} merge value {transformation:[-0.40557978767263886f,0.579227965339569f,0.7071067811865477f,-0.19887378220871643f,0.8191520442889917f,0.5735764363510463f,0f,1.0625f,-0.4055797876726391f,0.5792279653395692f,-0.7071067811865474f,-0.19887378220871654f,0f,0f,0f,1f],start_interpolation:0}