execute if entity @s[tag=aj.blazing_inferno.bone.helm] run data modify entity @s {} merge value {transformation:[-1.2198997688793316f,0f,0.15064942194577943f,0.4349492936678857f,0f,1.2291666666666665f,0f,0f,-0.15064942194577943f,0f,-1.2198997688793316f,0.5575115352508927f,0f,0f,0f,1f],start_interpolation:0}
execute if entity @s[tag=aj.blazing_inferno.bone.head] run data modify entity @s {} merge value {transformation:[-0.9924608289187784f,0f,0.12256224158300702f,0f,0f,1f,0f,1.1875f,-0.12256224158300702f,0f,-0.9924608289187784f,0f,0f,0f,0f,1f],start_interpolation:0}
execute if entity @s[tag=aj.blazing_inferno.bone.body] run data modify entity @s {} merge value {transformation:[-0.9917160601105629f,0f,0.12844943020030297f,0f,0f,1f,0f,0.4375f,-0.12844943020030297f,0f,-0.9917160601105629f,0f,0f,0f,0f,1f],start_interpolation:0}
execute if entity @s[tag=aj.blazing_inferno.bone.left_hand] run data modify entity @s {} merge value {transformation:[-0.9917160601105629f,0f,0.12844943020030297f,0.4028846494199162f,0f,1f,0f,0.75f,-0.12844943020030297f,0f,-0.9917160601105629f,0.05218258101887308f,0f,0f,0f,1f],start_interpolation:0}
execute if entity @s[tag=aj.blazing_inferno.bone.left_arm] run data modify entity @s {} merge value {transformation:[-0.9917160601105629f,0f,0.12844943020030297f,0.2789201419060958f,0f,1f,0f,1.0625f,-0.12844943020030297f,0f,-0.9917160601105629f,0.03612640224383521f,0f,0f,0f,1f],start_interpolation:0}
execute if entity @s[tag=aj.blazing_inferno.bone.right_hand] run data modify entity @s {} merge value {transformation:[-0.951171364751896f,0.28066666841153953f,0.12844943020030297f,-0.5030665631544101f,0.28301111548022023f,0.959116629255609f,0f,0.7382076534641742f,-0.12319798452351821f,0.036352616523786435f,-0.9917160601105629f,-0.0651583815056949f,0f,0f,0f,1f],start_interpolation:0}
execute if entity @s[tag=aj.blazing_inferno.bone.right_arm] run data modify entity @s {} merge value {transformation:[-0.951171364751896f,0.28066666841153953f,0.12844943020030297f,-0.2789201419060958f,0.28301111548022023f,0.959116629255609f,0f,1.0625f,-0.12319798452351821f,0.036352616523786435f,-0.9917160601105629f,-0.03612640224383521f,0f,0f,0f,1f],start_interpolation:0}