execute if entity @s[tag=aj.blazing_inferno.bone.helm] run data modify entity @s {} merge value {transformation:[-1.2276141758282297f,0f,0.06175864109596689f,0.4742463192131239f,0f,1.2291666666666665f,0f,0f,-0.06175864109596689f,0f,-1.2276141758282297f,0.5244906373928936f,0f,0f,0f,1f],start_interpolation:0}
execute if entity @s[tag=aj.blazing_inferno.bone.head] run data modify entity @s {} merge value {transformation:[-0.9987369566060175f,0f,0.05024431817976968f,0f,0f,1f,0f,1.1875f,-0.05024431817976968f,0f,-0.9987369566060175f,0f,0f,0f,0f,1f],start_interpolation:0}
execute if entity @s[tag=aj.blazing_inferno.bone.body] run data modify entity @s {} merge value {transformation:[-0.9985741811195098f,0f,0.0533816897587606f,0f,0f,1f,0f,0.4375f,-0.0533816897587606f,0f,-0.9985741811195098f,0f,0f,0f,0f,1f],start_interpolation:0}
execute if entity @s[tag=aj.blazing_inferno.bone.left_hand] run data modify entity @s {} merge value {transformation:[-0.9985741811195098f,0f,0.0533816897587606f,0.4056707610798008f,0f,1f,0f,0.75f,-0.0533816897587606f,0f,-0.9985741811195098f,0.021686311464496493f,0f,0f,0f,1f],start_interpolation:0}
execute if entity @s[tag=aj.blazing_inferno.bone.left_arm] run data modify entity @s {} merge value {transformation:[-0.9985741811195098f,0f,0.0533816897587606f,0.2808489884398621f,0f,1f,0f,1.0625f,-0.0533816897587606f,0f,-0.9985741811195098f,0.015013600244651419f,0f,0f,0f,1f],start_interpolation:0}
execute if entity @s[tag=aj.blazing_inferno.bone.right_hand] run data modify entity @s {} merge value {transformation:[-0.9917951753553469f,0.11615819101706155f,0.0533816897587606f,-0.44838270699067856f,0.11632404804101348f,0.9932113148003057f,0f,0.704586262955012f,-0.05301929827156063f,0.006209574244008546f,-0.9985741811195098f,-0.0239696028700997f,0f,0f,0f,1f],start_interpolation:0}
execute if entity @s[tag=aj.blazing_inferno.bone.right_arm] run data modify entity @s {} merge value {transformation:[-0.9917951753553469f,0.11615819101706155f,0.0533816897587606f,-0.2808489884398621f,0.11632404804101348f,0.9932113148003057f,0f,1.0625f,-0.05301929827156063f,0.006209574244008546f,-0.9985741811195098f,-0.015013600244651419f,0f,0f,0f,1f],start_interpolation:0}