execute if entity @s[tag=aj.blazing_inferno.bone.helm] run data modify entity @s {} merge value {transformation:[-1.0808518387655544f,0f,0.585328964840767f,0.20156862668126946f,0f,1.2291666666666665f,0f,0f,-0.585328964840767f,0f,-1.0808518387655544f,0.6777684624839275f,0f,0f,0f,1f],start_interpolation:0}
execute if entity @s[tag=aj.blazing_inferno.bone.head] run data modify entity @s {} merge value {transformation:[-0.8793370891651969f,0f,0.476199835802658f,0f,0f,1f,0f,1.1875f,-0.476199835802658f,0f,-0.8793370891651969f,0f,0f,0f,0f,1f],start_interpolation:0}
execute if entity @s[tag=aj.blazing_inferno.bone.body] run data modify entity @s {} merge value {transformation:[-0.7552013768965364f,0f,0.6554928529996155f,0f,0f,1f,0f,0.4375f,-0.6554928529996155f,0f,-0.7552013768965364f,0f,0f,0f,0f,1f],start_interpolation:0}
execute if entity @s[tag=aj.blazing_inferno.bone.left_hand] run data modify entity @s {} merge value {transformation:[-0.7552013768965364f,0f,0.6554928529996155f,0.3068005593642179f,0f,1f,0f,0.75f,-0.6554928529996155f,0f,-0.7552013768965364f,0.2662939715310938f,0f,0f,0f,1f],start_interpolation:0}
execute if entity @s[tag=aj.blazing_inferno.bone.left_arm] run data modify entity @s {} merge value {transformation:[-0.7552013768965364f,0f,0.6554928529996155f,0.21240038725215088f,0f,1f,0f,1.0625f,-0.6554928529996155f,0f,-0.7552013768965364f,0.18435736490614185f,0f,0f,0f,1f],start_interpolation:0}
execute if entity @s[tag=aj.blazing_inferno.bone.right_hand] run data modify entity @s {} merge value {transformation:[-0.44364627008164137f,0.6111522778400419f,0.6554928529996155f,-0.49703827520237176f,0.8092573670238031f,0.5874542653838692f,0f,0.9433618213590245f,-0.3850720724232657f,0.5304624203213897f,-0.7552013768965364f,-0.4314147815795712f,0f,0f,0f,1f],start_interpolation:0}
execute if entity @s[tag=aj.blazing_inferno.bone.right_arm] run data modify entity @s {} merge value {transformation:[-0.44364627008164137f,0.6111522778400419f,0.6554928529996155f,-0.21240038725215088f,0.8092573670238031f,0.5874542653838692f,0f,1.0625f,-0.3850720724232657f,0.5304624203213897f,-0.7552013768965364f,-0.18435736490614185f,0f,0f,0f,1f],start_interpolation:0}