execute if entity @s[tag=aj.blazing_inferno.bone.helm] run data modify entity @s {} merge value {transformation:[-1.1277536518833746f,0f,0.4888991666061178f,0.25987301096024007f,0f,1.2291666666666665f,0f,0f,-0.4888991666061178f,0f,-1.1277536518833746f,0.6576214854872512f,0f,0f,0f,1f],start_interpolation:0}
execute if entity @s[tag=aj.blazing_inferno.bone.head] run data modify entity @s {} merge value {transformation:[-0.9174944964474913f,0f,0.3977484745270112f,0f,0f,1f,0f,1.1875f,-0.3977484745270112f,0f,-0.9174944964474913f,0f,0f,0f,0f,1f],start_interpolation:0}
execute if entity @s[tag=aj.blazing_inferno.bone.body] run data modify entity @s {} merge value {transformation:[-0.8775452902072612f,0f,0.47949375766015306f,0f,0f,1f,0f,0.4375f,-0.47949375766015306f,0f,-0.8775452902072612f,0f,0f,0f,0f,1f],start_interpolation:0}
execute if entity @s[tag=aj.blazing_inferno.bone.left_hand] run data modify entity @s {} merge value {transformation:[-0.8775452902072612f,0f,0.47949375766015306f,0.3565027741466999f,0f,1f,0f,0.75f,-0.47949375766015306f,0f,-0.8775452902072612f,0.1947943390494372f,0f,0f,0f,1f],start_interpolation:0}
execute if entity @s[tag=aj.blazing_inferno.bone.left_arm] run data modify entity @s {} merge value {transformation:[-0.8775452902072612f,0f,0.47949375766015306f,0.24680961287079223f,0f,1f,0f,1.0625f,-0.47949375766015306f,0f,-0.8775452902072612f,0.13485761934191806f,0f,0f,0f,1f],start_interpolation:0}
execute if entity @s[tag=aj.blazing_inferno.bone.right_hand] run data modify entity @s {} merge value {transformation:[-0.5617804082710944f,0.674157629377365f,0.47949375766015306f,-0.569841274921191f,0.7682311521700954f,0.6401725523914685f,0f,0.9184641868744612f,-0.30695874269707646f,0.3683620419056279f,-0.8775452902072612f,-0.3113632278936631f,0f,0f,0f,1f],start_interpolation:0}
execute if entity @s[tag=aj.blazing_inferno.bone.right_arm] run data modify entity @s {} merge value {transformation:[-0.5617804082710944f,0.674157629377365f,0.47949375766015306f,-0.24680961287079223f,0.7682311521700954f,0.6401725523914685f,0f,1.0625f,-0.30695874269707646f,0.3683620419056279f,-0.8775452902072612f,-0.13485761934191806f,0f,0f,0f,1f],start_interpolation:0}