execute if entity @s[tag=aj.blazing_inferno.bone.body] run data modify entity @s {} merge value {transformation:[-1f,-3.7078335252714427e-17f,1.1671672922724443e-16f,4.634791906589303e-18f,0f,0.9530644207661111f,0.3027675839150505f,0.663574673351758f,-1.2246467991473532e-16f,0.3027675839150505f,-0.9530644207661111f,-0.03784594798938131f,0f,0f,0f,1f],start_interpolation:0}
execute if entity @s[tag=aj.blazing_inferno.bone.left_hand] run data modify entity @s {} merge value {transformation:[0.05885788214644662f,0.9957665080580662f,0.0706031949636856f,0.6829235838671738f,0.09396337880627781f,0.0648855851559425f,-0.9934589796676452f,0.8714145037357734f,-0.9938343087016783f,0.06510700629591354f,-0.08974655747515298f,0.8125537533873279f,0f,0f,0f,1f],start_interpolation:0}
execute if entity @s[tag=aj.blazing_inferno.bone.left_arm] run data modify entity @s {} merge value {transformation:[-0.9915088247953304f,-0.010820478394621184f,-0.12958845473380085f,0.42187499999999994f,0.08824140468169142f,0.6760003119275173f,-0.7315989562415333f,1.1646250663571243f,0.09551808652179322f,-0.7368218886007735f,-0.6693054606276602f,0.449216423446935f,0f,0f,0f,1f],start_interpolation:0}
execute if entity @s[tag=aj.blazing_inferno.bone.right_hand] run data modify entity @s {} merge value {transformation:[0.058857882146446355f,-0.9957665080580662f,-0.07060319496368558f,-0.682923583867174f,-0.09396337880627781f,0.0648855851559425f,-0.9934589796676452f,0.8714145037357734f,0.9938343087016783f,0.06510700629591329f,-0.08974655747515303f,0.8125537533873278f,0f,0f,0f,1f],start_interpolation:0}
execute if entity @s[tag=aj.blazing_inferno.bone.right_arm] run data modify entity @s {} merge value {transformation:[-0.9915088247953304f,0.010820478394621365f,0.129588454733801f,-0.42187500000000006f,-0.08824140468169142f,0.6760003119275173f,-0.7315989562415333f,1.1646250663571243f,-0.09551808652179347f,-0.7368218886007735f,-0.6693054606276602f,0.4492164234469349f,0f,0f,0f,1f],start_interpolation:0}
execute if entity @s[tag=aj.blazing_inferno.bone.head] run data modify entity @s {} merge value {transformation:[-1f,-8.865022898719696e-17f,8.449103341264163e-17f,-2.780875143953582e-17f,0f,0.6899216449303388f,0.7238840541527458f,1.4975060415221053f,-1.2246467991473532e-16f,0.7238840541527458f,-0.6899216449303388f,0.22707568793628785f,0f,0f,0f,1f],start_interpolation:0}
execute if entity @s[tag=aj.blazing_inferno.bone.bottom] run data modify entity @s {} merge value {transformation:[-1f,5.236039766285425e-17f,1.1070675942871033e-16f,0f,0f,0.9039892931234433f,-0.4275550934302821f,0.7827077259475219f,-1.2246467991473532e-16f,-0.4275550934302821f,-0.9039892931234433f,0f,0f,0f,0f,1f],start_interpolation:0}