execute if entity @s[tag=aj.blazing_inferno.bone.body] run data modify entity @s {} merge value {transformation:[-1f,3.227139883520679e-17f,1.1813616992199125e-16f,-4.0339248544008486e-18f,0f,0.9646550336328993f,-0.26351596932009613f,1.0385384911662578f,-1.2246467991473532e-16f,-0.26351596932009613f,-0.9646550336328993f,0.03293949616501202f,0f,0f,0f,1f],start_interpolation:0}
execute if entity @s[tag=aj.blazing_inferno.bone.left_hand] run data modify entity @s {} merge value {transformation:[-0.1779782030244932f,-0.026738726689255976f,0.9836710831081747f,0.9518521878808094f,0.318302085366793f,-0.9474545846489424f,0.03183696717419515f,1.5743677131167044f,0.9311323975135453f,0.318770843275757f,0.17713725688837936f,-0.200613307236966f,0f,0f,0f,1f],start_interpolation:0}
execute if entity @s[tag=aj.blazing_inferno.bone.left_arm] run data modify entity @s {} merge value {transformation:[-0.1779782030244932f,-0.9347882820022906f,-0.3073997837985225f,0.421875f,0.318302085366793f,0.24090430544556096f,-0.9168690735699087f,1.7620297663909323f,0.9311323975135453f,-0.2610287023470753f,0.25466934415370623f,-0.16469748082506003f,0f,0f,0f,1f],start_interpolation:0}
execute if entity @s[tag=aj.blazing_inferno.bone.right_hand] run data modify entity @s {} merge value {transformation:[-0.17797820302449308f,0.02673872668926408f,-0.9836710831081745f,-0.9518521878808079f,-0.31830208536679283f,-0.9474545846489427f,0.03183696717418727f,1.5743677131167004f,-0.9311323975135454f,0.31877084327575533f,0.17713725688838172f,-0.2006133072369652f,0f,0f,0f,1f],start_interpolation:0}
execute if entity @s[tag=aj.blazing_inferno.bone.right_arm] run data modify entity @s {} merge value {transformation:[-0.17797820302449308f,0.9347882820022879f,0.3073997837985302f,-0.421875f,-0.31830208536679283f,0.2409043054455686f,-0.9168690735699067f,1.7620297663909323f,-0.9311323975135454f,-0.2610287023470771f,0.25466934415370396f,-0.16469748082506014f,0f,0f,0f,1f],start_interpolation:0}
execute if entity @s[tag=aj.blazing_inferno.bone.head] run data modify entity @s {} merge value {transformation:[-1f,7.876085691521743e-17f,9.377806377079464e-17f,2.420354912640509e-17f,0f,0.7657560027600331f,-0.6431312029725942f,1.8826116455950448f,-1.2246467991473532e-16f,-0.6431312029725942f,-0.7657560027600331f,-0.1976369769900721f,0f,0f,0f,1f],start_interpolation:0}
execute if entity @s[tag=aj.blazing_inferno.bone.bottom] run data modify entity @s {} merge value {transformation:[-1f,-2.1109195366506828e-18f,1.22446485638945e-16f,0f,0f,0.9998514324636051f,0.01723696610418928f,1.1591203703703703f,-1.2246467991473532e-16f,0.01723696610418928f,-0.9998514324636051f,0f,0f,0f,0f,1f],start_interpolation:0}