execute if entity @s[tag=aj.blazing_inferno.bone.body] run data modify entity @s {} merge value {transformation:[-1f,1.5396016681068935e-17f,1.2149304711371273e-16f,-1.924502085133617e-18f,0f,0.9920660160815423f,-0.12571801675216268f,1.0322417479898072f,-1.2246467991473532e-16f,-0.12571801675216268f,-0.9920660160815423f,0.015714752094020335f,0f,0f,0f,1f],start_interpolation:0}
execute if entity @s[tag=aj.blazing_inferno.bone.left_hand] run data modify entity @s {} merge value {transformation:[-0.6319294994917329f,0.2238926261333299f,0.7419819402352384f,0.9449619974295035f,-0.03340379588204333f,-0.9643425958037338f,0.2625405575129052f,1.866697938918697f,0.7743056851740137f,0.14112210982563037f,0.6168753974876645f,0.110077870946892f,0f,0f,0f,1f],start_interpolation:0}
execute if entity @s[tag=aj.blazing_inferno.bone.left_arm] run data modify entity @s {} merge value {transformation:[-0.6319294994917329f,-0.7616004071055126f,0.14363122073158566f,0.421875f,-0.03340379588204333f,-0.1583877028514825f,-0.98681179664924f,1.776291260050964f,0.7743056851740137f,-0.6283933127286987f,0.07464951724594901f,-0.07857376047010162f,0f,0f,0f,1f],start_interpolation:0}
execute if entity @s[tag=aj.blazing_inferno.bone.right_hand] run data modify entity @s {} merge value {transformation:[-0.6319294994917327f,-0.22389262613332567f,-0.7419819402352398f,-0.9449619974295039f,0.0334037958820434f,-0.9643425958037353f,0.26254055751289956f,1.8666979389186942f,-0.7743056851740137f,0.14112210982562648f,0.6168753974876652f,0.110077870946892f,0f,0f,0f,1f],start_interpolation:0}
execute if entity @s[tag=aj.blazing_inferno.bone.right_arm] run data modify entity @s {} merge value {transformation:[-0.6319294994917327f,0.7616004071055135f,-0.14363122073158133f,-0.421875f,0.0334037958820434f,-0.15838770285147669f,-0.986811796649241f,1.776291260050964f,-0.7743056851740137f,-0.6283933127286989f,0.07464951724594507f,-0.07857376047010173f,0f,0f,0f,1f],start_interpolation:0}
execute if entity @s[tag=aj.blazing_inferno.bone.head] run data modify entity @s {} merge value {transformation:[-1f,3.3032289508776017e-17f,1.1792567861338336e-16f,1.1547012510801701e-17f,0f,0.962936241661578f,-0.26972911317593273f,1.9002995120611568f,-1.2246467991473532e-16f,-0.26972911317593273f,-0.962936241661578f,-0.09428851256412202f,0f,0f,0f,1f],start_interpolation:0}
execute if entity @s[tag=aj.blazing_inferno.bone.bottom] run data modify entity @s {} merge value {transformation:[-1f,1.4217281568715182e-17f,1.2163661755990443e-16f,0f,0f,0.993238357741943f,-0.11609291412523029f,1.15625f,-1.2246467991473532e-16f,-0.11609291412523029f,-0.993238357741943f,0f,0f,0f,0f,1f],start_interpolation:0}