execute if entity @s[tag=aj.blazing_inferno.bone.body] run data modify entity @s {} merge value {transformation:[-1f,3.12396784002039e-17f,1.1841317629415405e-16f,-3.9049598000254876e-18f,0f,0.9669169623159749f,-0.25509133263528866f,1.0111261204512438f,-1.2246467991473532e-16f,-0.25509133263528866f,-0.9669169623159749f,0.03188641657941108f,0f,0f,0f,1f],start_interpolation:0}
execute if entity @s[tag=aj.blazing_inferno.bone.left_hand] run data modify entity @s {} merge value {transformation:[-0.8681760981180249f,0.3677417208738116f,-0.3332210818440646f,1.0985452992182516f,-0.2991504377645644f,-0.9235716547771339f,-0.23984247763374927f,1.766128751730379f,-0.3959536314290234f,-0.1085422738889945f,0.9118329323605147f,0.11961705900544305f,0f,0f,0f,1f],start_interpolation:0}
execute if entity @s[tag=aj.blazing_inferno.bone.left_arm] run data modify entity @s {} merge value {transformation:[-0.009376182995394979f,-0.9073126740680594f,0.42035199377177257f,0.6708984375f,-0.9875929718683364f,0.07430049625272585f,0.13834579203165456f,1.55405886638176f,-0.15675525225236947f,-0.4138395192971137f,-0.8967522752461964f,-0.11355902872817138f,0f,0f,0f,1f],start_interpolation:0}
execute if entity @s[tag=aj.blazing_inferno.bone.right_hand] run data modify entity @s {} merge value {transformation:[-0.8681760981180249f,-0.36774172087381146f,0.3332210818440644f,-1.0985452992182516f,0.2991504377645644f,-0.9235716547771339f,-0.23984247763374927f,1.766128751730379f,0.3959536314290232f,-0.1085422738889946f,0.9118329323605148f,0.11961705900544277f,0f,0f,0f,1f],start_interpolation:0}
execute if entity @s[tag=aj.blazing_inferno.bone.right_arm] run data modify entity @s {} merge value {transformation:[-0.00937618299539502f,0.9073126740680594f,-0.42035199377177235f,-0.6708984375f,0.9875929718683364f,0.07430049625272585f,0.13834579203165456f,1.55405886638176f,0.15675525225236947f,-0.4138395192971135f,-0.8967522752461965f,-0.11355902872817154f,0f,0f,0f,1f],start_interpolation:0}
execute if entity @s[tag=aj.blazing_inferno.bone.head] run data modify entity @s {} merge value {transformation:[-1f,6.504408275626878e-17f,1.0376350574751331e-16f,2.3429758800152926e-17f,0f,0.8472933242446519f,-0.5311252420008366f,1.8571784624777221f,-1.2246467991473532e-16f,-0.5311252420008366f,-0.8472933242446519f,-0.1913184994764665f,0f,0f,0f,1f],start_interpolation:0}
execute if entity @s[tag=aj.blazing_inferno.bone.bottom] run data modify entity @s {} merge value {transformation:[-1f,-3.426491399924467e-18f,1.224167348988888e-16f,0f,0f,0.9996084992352089f,0.027979425596915974f,1.1319907407407408f,-1.2246467991473532e-16f,0.027979425596915974f,-0.9996084992352089f,0f,0f,0f,0f,1f],start_interpolation:0}