execute if entity @s[tag=aj.blazing_inferno.bone.body] run data modify entity @s {} merge value {transformation:[-1f,-1.1855912292931659e-17f,1.2188943830505124e-16f,1.4819890366164573e-18f,0f,0.9953027957931658f,0.09681087070317912f,0.9835499785141925f,-1.2246467991473532e-16f,0.09681087070317912f,-0.9953027957931658f,-0.01210135883789739f,0f,0f,0f,1f],start_interpolation:0}
execute if entity @s[tag=aj.blazing_inferno.bone.left_hand] run data modify entity @s {} merge value {transformation:[-0.6415840231980838f,0.6656993026251574f,0.38107004561017327f,0.705816269501297f,-0.7429143278946853f,-0.6629365115923287f,-0.09270104102210654f,1.8578484657788576f,0.19091422834809532f,-0.34257790366889274f,0.9198870242220389f,0.5299978592004659f,0f,0f,0f,1f],start_interpolation:0}
execute if entity @s[tag=aj.blazing_inferno.bone.left_arm] run data modify entity @s {} merge value {transformation:[-0.6415840231980838f,-0.30803626381488236f,0.7024838797808308f,0.421875f,-0.7429143278946853f,0.02160008670204734f,-0.6690379194509473f,1.7300270753590667f,0.19091422834809532f,-0.9511293794376411f,-0.24270282442695035f,0.060506794189487f,0f,0f,0f,1f],start_interpolation:0}
execute if entity @s[tag=aj.blazing_inferno.bone.right_hand] run data modify entity @s {} merge value {transformation:[-0.6415840231980838f,-0.6656993026251574f,-0.3810700456101735f,-0.7058162695012971f,0.7429143278946853f,-0.6629365115923287f,-0.09270104102210654f,1.8578484657788576f,-0.1909142283480955f,-0.3425779036688929f,0.9198870242220388f,0.5299978592004658f,0f,0f,0f,1f],start_interpolation:0}
execute if entity @s[tag=aj.blazing_inferno.bone.right_arm] run data modify entity @s {} merge value {transformation:[-0.6415840231980838f,0.3080362638148826f,-0.7024838797808308f,-0.421875f,0.7429143278946853f,0.02160008670204734f,-0.6690379194509473f,1.7300270753590667f,-0.1909142283480955f,-0.951129379437641f,-0.24270282442695051f,0.0605067941894869f,0f,0f,0f,1f],start_interpolation:0}
execute if entity @s[tag=aj.blazing_inferno.bone.head] run data modify entity @s {} merge value {transformation:[-1f,-3.474389474741796e-17f,1.1743278760379882e-16f,-8.891934219698744e-18f,0f,0.958911481135296f,0.28370543059115505f,1.8544399248332126f,-1.2246467991473532e-16f,0.28370543059115505f,-0.958911481135296f,0.07260815302738434f,0f,0f,0f,1f],start_interpolation:0}
execute if entity @s[tag=aj.blazing_inferno.bone.bottom] run data modify entity @s {} merge value {transformation:[-1f,3.341326285981807e-17f,1.1781829947711552e-16f,0f,0f,0.9620594244736131f,-0.27283999666746106f,1.1079628279883382f,-1.2246467991473532e-16f,-0.27283999666746106f,-0.9620594244736131f,0f,0f,0f,0f,1f],start_interpolation:0}