execute if entity @s[tag=aj.blazing_inferno.bone.body] run data modify entity @s {} merge value {transformation:[-1f,1.9948942008827592e-17f,1.208289598537826e-16f,-2.493617751103449e-18f,0f,0.986643332084879f,-0.16289547339458874f,0.8999566205264272f,-1.2246467991473532e-16f,-0.16289547339458874f,-0.986643332084879f,0.020361934174323592f,0f,0f,0f,1f],start_interpolation:0}
execute if entity @s[tag=aj.blazing_inferno.bone.left_hand] run data modify entity @s {} merge value {transformation:[-0.13713236451967004f,0.13827488208428834f,0.9808541031090303f,0.963098518789382f,0.20709325250115151f,-0.9643241141609342f,0.16489811283402686f,1.5117035703057944f,0.9686625312097803f,0.2257411345597104f,0.1036042508681766f,-0.19133932578548044f,0f,0f,0f,1f],start_interpolation:0}
execute if entity @s[tag=aj.blazing_inferno.bone.left_arm] run data modify entity @s {} merge value {transformation:[-0.13713236451967004f,-0.9703740243613062f,-0.19891949991412974f,0.421875f,0.20709325250115151f,0.1682928271817904f,-0.9637374689653061f,1.6399391195900863f,0.9686625312097803f,-0.17335448411853416f,0.17787951952447548f,-0.10180967087161791f,0f,0f,0f,1f],start_interpolation:0}
execute if entity @s[tag=aj.blazing_inferno.bone.right_hand] run data modify entity @s {} merge value {transformation:[-0.13713236451966948f,-0.1382748820842801f,-0.9808541031090316f,-0.9630985187893811f,-0.20709325250115154f,-0.9643241141609358f,0.16489811283401878f,1.51170357030579f,-0.9686625312097806f,0.2257411345597096f,0.10360425086817825f,-0.19133932578547994f,0f,0f,0f,1f],start_interpolation:0}
execute if entity @s[tag=aj.blazing_inferno.bone.right_arm] run data modify entity @s {} merge value {transformation:[-0.13713236451966948f,0.9703740243613046f,0.19891949991413796f,-0.421875f,-0.20709325250115154f,0.1682928271817985f,-0.9637374689653048f,1.6399391195900863f,-0.9686625312097806f,-0.17335448411853543f,0.17787951952447417f,-0.10180967087161802f,0f,0f,0f,1f],start_interpolation:0}
execute if entity @s[tag=aj.blazing_inferno.bone.head] run data modify entity @s {} merge value {transformation:[-1f,6.983969916988566e-17f,1.005982815284558e-16f,1.4961706506620694e-17f,0f,0.821447307080672f,-0.5702844217492813f,1.7632695361006963f,-1.2246467991473532e-16f,-0.5702844217492813f,-0.821447307080672f,-0.12217160504594154f,0f,0f,0f,1f],start_interpolation:0}
execute if entity @s[tag=aj.blazing_inferno.bone.bottom] run data modify entity @s {} merge value {transformation:[-1f,-9.23564280729282e-19f,1.2246119734690633e-16f,0f,0f,0.9999715626756105f,0.007541474663325814f,1.023287037037037f,-1.2246467991473532e-16f,0.007541474663325814f,-0.9999715626756105f,0f,0f,0f,0f,1f],start_interpolation:0}