execute if entity @s[tag=aj.blazing_inferno.bone.body] run data modify entity @s {} merge value {transformation:[-1f,1.912601529781025e-17f,1.2096195007293206e-16f,-2.3907519122262812e-18f,0f,0.9877292796351607f,-0.1561757668507077f,0.8998208770826419f,-1.2246467991473532e-16f,-0.1561757668507077f,-0.9877292796351607f,0.01952197085633846f,0f,0f,0f,1f],start_interpolation:0}
execute if entity @s[tag=aj.blazing_inferno.bone.left_hand] run data modify entity @s {} merge value {transformation:[-0.09378575998258033f,0.13532363440697923f,0.9863527488659297f,0.9550173991045351f,0.19122620570136362f,-0.969824452331518f,0.1512384538169146f,1.4976897145511172f,0.9770551517071846f,0.20280050697855123f,0.06507829816223604f,-0.21036421847613368f,0f,0f,0f,1f],start_interpolation:0}
execute if entity @s[tag=aj.blazing_inferno.bone.left_arm] run data modify entity @s {} merge value {transformation:[-0.09378575998258033f,-0.9704613065558612f,-0.22228154152421284f,0.421875f,0.19122620570136362f,0.20154956929673334f,-0.9606301626377142f,1.6406178368090125f,0.9770551517071846f,-0.13259948564829302f,0.16667515390200915f,-0.09760985428169225f,0f,0f,0f,1f],start_interpolation:0}
execute if entity @s[tag=aj.blazing_inferno.bone.right_hand] run data modify entity @s {} merge value {transformation:[-0.09378575998258008f,-0.13532363440697928f,-0.9863527488659297f,-0.955017399104535f,-0.19122620570136362f,-0.969824452331518f,0.1512384538169146f,1.4976897145511172f,-0.9770551517071846f,0.20280050697855123f,0.06507829816223577f,-0.21036421847613396f,0f,0f,0f,1f],start_interpolation:0}
execute if entity @s[tag=aj.blazing_inferno.bone.right_arm] run data modify entity @s {} merge value {transformation:[-0.09378575998258008f,0.9704613065558612f,0.22228154152421278f,-0.421875f,-0.19122620570136362f,0.20154956929673334f,-0.9606301626377142f,1.6406178368090125f,-0.9770551517071846f,-0.13259948564829277f,0.1666751539020092f,-0.09760985428169236f,0f,0f,0f,1f],start_interpolation:0}
execute if entity @s[tag=aj.blazing_inferno.bone.head] run data modify entity @s {} merge value {transformation:[-1f,1.7157515659079495e-17f,1.2125682448022059e-16f,1.4344511473357686e-17f,0f,0.9901371118974408f,-0.14010174746731238f,1.7640839967634077f,-1.2246467991473532e-16f,-0.14010174746731238f,-0.9901371118974408f,-0.11713182513803078f,0f,0f,0f,1f],start_interpolation:0}
execute if entity @s[tag=aj.blazing_inferno.bone.bottom] run data modify entity @s {} merge value {transformation:[-1f,-2.1133028457812035e-18f,1.2244644452862072e-16f,0f,0f,0.9998510967723322f,0.017256427300120877f,1.023287037037037f,-1.2246467991473532e-16f,0.017256427300120877f,-0.9998510967723322f,0f,0f,0f,0f,1f],start_interpolation:0}