execute if entity @s[tag=aj.blazing_inferno.bone.body] run data modify entity @s {} merge value {transformation:[-1f,-9.49008449340604e-18f,1.220964214173642e-16f,1.186260561675755e-18f,0f,0.996992941167792f,0.07749242067193093f,0.6033851416132853f,-1.2246467991473532e-16f,0.07749242067193093f,-0.996992941167792f,-0.009686552583991367f,0f,0f,0f,1f],start_interpolation:0}
execute if entity @s[tag=aj.blazing_inferno.bone.left_hand] run data modify entity @s {} merge value {transformation:[-0.8396526559630395f,-0.1844652847283356f,0.5108385029187871f,0.8563084796865861f,-0.5350270051832485f,0.44272731958385986f,-0.7195405646791118f,1.0040169939110064f,-0.0934319060003467f,-0.8774765405548942f,-0.4704310786044619f,0.13878225715350104f,0f,0f,0f,1f],start_interpolation:0}
execute if entity @s[tag=aj.blazing_inferno.bone.left_arm] run data modify entity @s {} merge value {transformation:[-0.8396526559630395f,-0.5214091420113246f,0.15203921849716256f,0.421875f,-0.5350270051832485f,0.8422219615058485f,-0.0663948136670721f,1.3511298474891293f,-0.0934319060003467f,-0.13709366938066664f,-0.9861418786142726f,0.048432762919956886f,0f,0f,0f,1f],start_interpolation:0}
execute if entity @s[tag=aj.blazing_inferno.bone.right_hand] run data modify entity @s {} merge value {transformation:[-0.8396526559630395f,0.1844652847283358f,-0.510838502918787f,-0.8563084796865861f,0.5350270051832485f,0.44272731958385986f,-0.7195405646791118f,1.0040169939110064f,0.09343190600034651f,-0.8774765405548941f,-0.4704310786044622f,0.13878225715350082f,0f,0f,0f,1f],start_interpolation:0}
execute if entity @s[tag=aj.blazing_inferno.bone.right_arm] run data modify entity @s {} merge value {transformation:[-0.8396526559630395f,0.5214091420113246f,-0.15203921849716234f,-0.421875f,0.5350270051832485f,0.8422219615058485f,-0.0663948136670721f,1.3511298474891293f,0.09343190600034651f,-0.13709366938066647f,-0.9861418786142727f,0.04843276291995679f,0f,0f,0f,1f],start_interpolation:0}
execute if entity @s[tag=aj.blazing_inferno.bone.head] run data modify entity @s {} merge value {transformation:[-1f,-3.535071303530131e-17f,1.1725154546748775e-16f,-7.11756337005453e-18f,0f,0.9574315267808062f,0.2886604779428147f,1.4757539651351033f,-1.2246467991473532e-16f,0.2886604779428147f,-0.9574315267808062f,0.0581193155039482f,0f,0f,0f,1f],start_interpolation:0}
execute if entity @s[tag=aj.blazing_inferno.bone.bottom] run data modify entity @s {} merge value {transformation:[-1f,1.4217281568715176e-17f,1.2163661755990443e-16f,0f,0f,0.993238357741943f,-0.11609291412523023f,0.7280092592592593f,-1.2246467991473532e-16f,-0.11609291412523023f,-0.993238357741943f,0f,0f,0f,0f,1f],start_interpolation:0}