execute if entity @s[tag=aj.blazing_inferno.bone.body] run data modify entity @s {} merge value {transformation:[-1f,1.1855912292931659e-17f,1.2188943830505124e-16f,-1.4819890366164573e-18f,0f,0.9953027957931658f,-0.09681087070317912f,0.8196496505258541f,-1.2246467991473532e-16f,-0.09681087070317912f,-0.9953027957931658f,0.01210135883789739f,0f,0f,0f,1f],start_interpolation:0}
execute if entity @s[tag=aj.blazing_inferno.bone.left_hand] run data modify entity @s {} merge value {transformation:[-0.884664332869416f,0.4004335291341641f,-0.23879281164614044f,1.0790188864761263f,-0.2195831359196589f,-0.8096745827965295f,-0.5442520706372682f,1.4738649227334466f,-0.41128124752825707f,-0.42904552056678547f,0.8042186746856703f,0.232865697941353f,0f,0f,0f,1f],start_interpolation:0}
execute if entity @s[tag=aj.blazing_inferno.bone.left_arm] run data modify entity @s {} merge value {transformation:[-0.09605340128942126f,-0.8923451437947117f,0.44101461250930063f,0.63671875f,-0.9115179279356375f,0.2568541113429256f,0.32118691215265593f,1.3663858054415337f,-0.3998859976951623f,-0.3711416304219067f,-0.8380603075048438f,-0.0410784407427063f,0f,0f,0f,1f],start_interpolation:0}
execute if entity @s[tag=aj.blazing_inferno.bone.right_hand] run data modify entity @s {} merge value {transformation:[-0.8846643328694161f,-0.40043352913416386f,0.23879281164614025f,-1.0790188864761265f,0.2195831359196589f,-0.8096745827965295f,-0.5442520706372682f,1.4738649227334466f,0.41128124752825684f,-0.4290455205667855f,0.8042186746856703f,0.23286569794135276f,0f,0f,0f,1f],start_interpolation:0}
execute if entity @s[tag=aj.blazing_inferno.bone.right_arm] run data modify entity @s {} merge value {transformation:[-0.09605340128942134f,0.8923451437947117f,-0.4410146125093004f,-0.63671875f,0.9115179279356375f,0.2568541113429256f,0.32118691215265593f,1.3663858054415337f,0.39988599769516225f,-0.37114163042190645f,-0.838060307504844f,-0.04107844074270645f,0f,0f,0f,1f],start_interpolation:0}
execute if entity @s[tag=aj.blazing_inferno.bone.head] run data modify entity @s {} merge value {transformation:[-1f,2.785994769357606e-18f,1.2243298599545668e-16f,8.891934219698744e-18f,0f,0.9997411995091098f,-0.022749373707564705f,1.6905395968448742f,-1.2246467991473532e-16f,-0.022749373707564705f,-0.9997411995091098f,-0.07260815302738434f,0f,0f,0f,1f],start_interpolation:0}
execute if entity @s[tag=aj.blazing_inferno.bone.bottom] run data modify entity @s {} merge value {transformation:[-1f,-6.007988258027668e-19f,1.2246320617797612e-16f,0f,0f,0.9999879660261211f,0.004905894713651857f,0.9440624999999999f,-1.2246467991473532e-16f,0.004905894713651857f,-0.9999879660261211f,0f,0f,0f,0f,1f],start_interpolation:0}