execute if entity @s[tag=aj.blazing_inferno.bone.body] run data modify entity @s {} merge value {transformation:[-1f,9.167153170319824e-18f,1.221210920740986e-16f,-1.145894146289978e-18f,0f,0.9971943923678572f,-0.0748554863059484f,0.8044710713243881f,-1.2246467991473532e-16f,-0.0748554863059484f,-0.9971943923678572f,0.00935693578824355f,0f,0f,0f,1f],start_interpolation:0}
execute if entity @s[tag=aj.blazing_inferno.bone.left_hand] run data modify entity @s {} merge value {transformation:[-0.17963798920991125f,0.10046338523932746f,0.9785894445879101f,0.9663342933714274f,0.1284626284973383f,-0.9838575663448664f,0.12458588293025519f,1.429023772680084f,0.9753089489552396f,0.14809252976504558f,0.16383240435156382f,-0.12250371083126235f,0f,0f,0f,1f],start_interpolation:0}
execute if entity @s[tag=aj.blazing_inferno.bone.left_arm] run data modify entity @s {} merge value {transformation:[-0.17963798920991125f,-0.9614629089780122f,-0.20813281214685525f,0.421875f,0.1284626284973383f,0.1868354824977811f,-0.973955777003954f,1.5523668656002811f,0.9753089489552396f,-0.2016967454852946f,0.08994930210104747f,-0.046784678941217704f,0f,0f,0f,1f],start_interpolation:0}
execute if entity @s[tag=aj.blazing_inferno.bone.right_hand] run data modify entity @s {} merge value {transformation:[-0.17963798920991103f,-0.10046338523932746f,-0.9785894445879101f,-0.9663342933714274f,-0.1284626284973383f,-0.9838575663448664f,0.12458588293025519f,1.429023772680084f,-0.9753089489552397f,0.14809252976504556f,0.16383240435156363f,-0.1225037108312626f,0f,0f,0f,1f],start_interpolation:0}
execute if entity @s[tag=aj.blazing_inferno.bone.right_arm] run data modify entity @s {} merge value {transformation:[-0.17963798920991103f,0.9614629089780122f,0.20813281214685525f,-0.421875f,-0.1284626284973383f,0.1868354824977811f,-0.973955777003954f,1.5523668656002811f,-0.9753089489552397f,-0.20169674548529437f,0.08994930210104753f,-0.0467846789412178f,0f,0f,0f,1f],start_interpolation:0}
execute if entity @s[tag=aj.blazing_inferno.bone.head] run data modify entity @s {} merge value {transformation:[-1f,-8.742089691614826e-19f,1.2246155962299683e-16f,6.8753648777398684e-18f,0f,0.9999745208843837f,0.007138457960043185f,1.6770161646462634f,-1.2246467991473532e-16f,0.007138457960043185f,-0.9999745208843837f,-0.0561416147294613f,0f,0f,0f,1f],start_interpolation:0}
execute if entity @s[tag=aj.blazing_inferno.bone.bottom] run data modify entity @s {} merge value {transformation:[-1f,-3.2875192097049508e-19f,1.2246423865273093e-16f,0f,0f,0.9999963968222944f,0.0026844631545959617f,0.9291203703703703f,-1.2246467991473532e-16f,0.0026844631545959617f,-0.9999963968222944f,0f,0f,0f,0f,1f],start_interpolation:0}