execute if entity @s[tag=aj.blazing_inferno.bone.body] run data modify entity @s {} merge value {transformation:[-1f,-3.385766000064217e-17f,1.1769136198506453e-16f,4.232207500080271e-18f,0f,0.9610229011908237f,0.2764687747047981f,0.4594093093628088f,-1.2246467991473532e-16f,0.2764687747047981f,-0.9610229011908237f,-0.03455859683809976f,0f,0f,0f,1f],start_interpolation:0}
execute if entity @s[tag=aj.blazing_inferno.bone.left_hand] run data modify entity @s {} merge value {transformation:[0.05885788214644662f,0.9957665080580662f,0.0706031949636856f,0.6829235838671738f,0.06662327641212001f,0.06664984378607902f,-0.9955496659451026f,0.6905345901467282f,-0.9960407063716568f,0.06329976108277546f,-0.06241835865764417f,0.8098098960476823f,0f,0f,0f,1f],start_interpolation:0}
execute if entity @s[tag=aj.blazing_inferno.bone.left_arm] run data modify entity @s {} merge value {transformation:[-0.9915088247953304f,-0.010820478394621181f,-0.12958845473380085f,0.42187499999999994f,0.0908323618091449f,0.6555016675909516f,-0.7497113083271814f,0.9736521305118242f,0.09305768319249844f,-0.7551162036619217f,-0.6489528384759956f,0.43855404397453146f,0f,0f,0f,1f],start_interpolation:0}
execute if entity @s[tag=aj.blazing_inferno.bone.right_hand] run data modify entity @s {} merge value {transformation:[0.058857882146446355f,-0.9957665080580662f,-0.07060319496368558f,-0.682923583867174f,-0.06662327641212001f,0.06664984378607902f,-0.9955496659451026f,0.6905345901467282f,0.9960407063716568f,0.06329976108277521f,-0.06241835865764411f,0.8098098960476822f,0f,0f,0f,1f],start_interpolation:0}
execute if entity @s[tag=aj.blazing_inferno.bone.right_arm] run data modify entity @s {} merge value {transformation:[-0.9915088247953304f,0.010820478394621368f,0.129588454733801f,-0.42187500000000006f,-0.0908323618091449f,0.6555016675909516f,-0.7497113083271814f,0.9736521305118242f,-0.09305768319249867f,-0.7551162036619217f,-0.6489528384759955f,0.43855404397453135f,0f,0f,0f,1f],start_interpolation:0}
execute if entity @s[tag=aj.blazing_inferno.bone.head] run data modify entity @s {} merge value {transformation:[-1f,-8.25934105080528e-17f,9.042082927769935e-17f,-2.5393245000481627e-17f,0f,0.7383421027242618f,0.6744263780018659f,1.3003043479047796f,-1.2246467991473532e-16f,0.6744263780018659f,-0.7383421027242618f,0.20735158102859857f,0f,0f,0f,1f],start_interpolation:0}
execute if entity @s[tag=aj.blazing_inferno.bone.bottom] run data modify entity @s {} merge value {transformation:[-1f,4.9932882076639174e-17f,1.1182265027327434e-16f,0f,0f,0.9131012333607504f,-0.4077329243942367f,0.5795371720116618f,-1.2246467991473532e-16f,-0.4077329243942367f,-0.9131012333607504f,0f,0f,0f,0f,1f],start_interpolation:0}