execute if entity @s[tag=aj.blazing_inferno.bone.body] run data modify entity @s {} merge value {transformation:[-1f,2.414363902524369e-17f,1.200611615854074e-16f,-3.0179548781554613e-18f,0f,0.9803737834369768f,-0.19714777388920163f,0.9319440178111186f,-1.2246467991473532e-16f,-0.19714777388920163f,-0.9803737834369768f,0.024643471736150203f,0f,0f,0f,1f],start_interpolation:0}
execute if entity @s[tag=aj.blazing_inferno.bone.left_hand] run data modify entity @s {} merge value {transformation:[-0.8632241825384483f,0.4138653032445615f,-0.2890666384263595f,1.092782856334241f,-0.3001483139949531f,-0.8811773270957208f,-0.36529099060670644f,1.6631905655663068f,-0.40590023440103506f,-0.2285651525992734f,0.8848745508434833f,0.17054273312128784f,0f,0f,0f,1f],start_interpolation:0}
execute if entity @s[tag=aj.blazing_inferno.bone.left_arm] run data modify entity @s {} merge value {transformation:[-0.01865039751120198f,-0.9010107148404063f,0.43339572496213524f,0.665771484375f,-0.9703400465671541f,0.12080639766358066f,0.209394384622899f,1.4772335528293217f,-0.24102356046811674f,-0.416635939431933f,-0.8765398663340662f,-0.08501125360445996f,0f,0f,0f,1f],start_interpolation:0}
execute if entity @s[tag=aj.blazing_inferno.bone.right_hand] run data modify entity @s {} merge value {transformation:[-0.8632241825384483f,-0.41386530324456144f,0.2890666384263593f,-1.092782856334241f,0.3001483139949531f,-0.8811773270957208f,-0.36529099060670644f,1.6631905655663068f,0.40590023440103484f,-0.2285651525992735f,0.8848745508434835f,0.17054273312128757f,0f,0f,0f,1f],start_interpolation:0}
execute if entity @s[tag=aj.blazing_inferno.bone.right_arm] run data modify entity @s {} merge value {transformation:[-0.01865039751120204f,0.9010107148404063f,-0.433395724962135f,-0.665771484375f,0.9703400465671541f,0.12080639766358066f,0.209394384622899f,1.4772335528293217f,0.24102356046811674f,-0.4166359394319328f,-0.8765398663340664f,-0.08501125360446013f,0f,0f,0f,1f],start_interpolation:0}
execute if entity @s[tag=aj.blazing_inferno.bone.head] run data modify entity @s {} merge value {transformation:[-1f,2.7393045276691967e-17f,1.1936171453647805e-16f,1.8107729268932766e-17f,0f,0.9746623648515013f,-0.22368118951328722f,1.7897710783184733f,-1.2246467991473532e-16f,-0.22368118951328722f,-0.9746623648515013f,-0.14786083041690123f,0f,0f,0f,1f],start_interpolation:0}
execute if entity @s[tag=aj.blazing_inferno.bone.bottom] run data modify entity @s {} merge value {transformation:[-1f,-2.8693538338176893e-18f,1.2243106074520032e-16f,0f,0f,0.9997254786477342f,0.023430052124542727f,1.0544907407407407f,-1.2246467991473532e-16f,0.023430052124542727f,-0.9997254786477342f,0f,0f,0f,0f,1f],start_interpolation:0}