execute if entity @s[tag=aj.blazing_inferno.bone.body] run data modify entity @s {} merge value {transformation:[-1f,2.2520626568178814e-17f,1.2037615713086713e-16f,-2.8150783210223517e-18f,0f,0.9829459172610234f,-0.1838948714344295f,0.9161942603423721f,-1.2246467991473532e-16f,-0.1838948714344295f,-0.9829459172610234f,0.02298685892930369f,0f,0f,0f,1f],start_interpolation:0}
execute if entity @s[tag=aj.blazing_inferno.bone.left_hand] run data modify entity @s {} merge value {transformation:[-0.863868026082853f,0.4180477735375133f,-0.2810126199159806f,1.0909356152643293f,-0.2934317504737981f,-0.8710895585197458f,-0.39382837486874533f,1.6383953697466613f,-0.4094262342908648f,-0.2577577158461066f,0.8751749074306232f,0.18125895131533826f,0f,0f,0f,1f],start_interpolation:0}
execute if entity @s[tag=aj.blazing_inferno.bone.left_arm] run data modify entity @s {} merge value {transformation:[-0.023477238169611416f,-0.9002247855401097f,0.434792082249885f,0.6630859375f,-0.9639594134731788f,0.13567274163458623f,0.22885619142553199f,1.4610021140195788f,-0.2650114496854282f,-0.41374900927569397f,-0.8709653775317419f,-0.07893875920400033f,0f,0f,0f,1f],start_interpolation:0}
execute if entity @s[tag=aj.blazing_inferno.bone.right_hand] run data modify entity @s {} merge value {transformation:[-0.8638680260828528f,-0.4180477735375132f,0.28101261991598037f,-1.0909356152643293f,0.2934317504737981f,-0.8710895585197458f,-0.39382837486874533f,1.6383953697466613f,0.4094262342908646f,-0.25775771584610674f,0.8751749074306233f,0.18125895131533798f,0f,0f,0f,1f],start_interpolation:0}
execute if entity @s[tag=aj.blazing_inferno.bone.right_arm] run data modify entity @s {} merge value {transformation:[-0.02347723816961148f,0.9002247855401097f,-0.4347920822498848f,-0.6630859375f,0.9639594134731788f,0.13567274163458623f,0.22885619142553199f,1.4610021140195788f,0.2650114496854282f,-0.41374900927569375f,-0.870965377531742f,-0.0789387592040005f,0f,0f,0f,1f],start_interpolation:0}
execute if entity @s[tag=aj.blazing_inferno.bone.head] run data modify entity @s {} merge value {transformation:[-1f,2.2520626568178814e-17f,1.2037615713086713e-16f,1.689046992613411e-17f,0f,0.9829459172610234f,-0.1838948714344295f,1.7762719379457677f,-1.2246467991473532e-16f,-0.1838948714344295f,-0.9829459172610234f,-0.13792115357582213f,0f,0f,0f,1f],start_interpolation:0}
execute if entity @s[tag=aj.blazing_inferno.bone.bottom] run data modify entity @s {} merge value {transformation:[-1f,-2.56902735101845e-18f,1.2243773080667697e-16f,0f,0f,0.999779943832972f,0.02097770028719388f,1.0390625f,-1.2246467991473532e-16f,0.02097770028719388f,-0.999779943832972f,0f,0f,0f,0f,1f],start_interpolation:0}