execute if entity @s[tag=aj.blazing_inferno.bone.body] run data modify entity @s {} merge value {transformation:[-1f,2.0761551760120853e-17f,1.2069198728635798e-16f,-2.5951939700151067e-18f,0f,0.9855248661931624f,-0.16953093556914414f,0.9158718917258547f,-1.2246467991473532e-16f,-0.16953093556914414f,-0.9855248661931624f,0.021191366946143018f,0f,0f,0f,1f],start_interpolation:0}
execute if entity @s[tag=aj.blazing_inferno.bone.left_hand] run data modify entity @s {} merge value {transformation:[-0.08711054113682705f,0.12493798635157452f,0.9883330679428179f,0.9526693854231767f,0.20292036125851193f,-0.9690790473074209f,0.1403891985035036f,1.5041147033515694f,0.9753128116709859f,0.21278228224209586f,0.05906453888993771f,-0.21939875814683218f,0f,0f,0f,1f],start_interpolation:0}
execute if entity @s[tag=aj.blazing_inferno.bone.left_arm] run data modify entity @s {} merge value {transformation:[-0.08711054113682705f,-0.9683974756894524f,-0.23370511911626043f,0.421875f,0.20292036125851193f,0.2124296852389387f,-0.9558749687150512f,1.6550155413707266f,0.9753128116709859f,-0.13069031298295092f,0.1780027007740451f,-0.10595683473071503f,0f,0f,0f,1f],start_interpolation:0}
execute if entity @s[tag=aj.blazing_inferno.bone.right_hand] run data modify entity @s {} merge value {transformation:[-0.0871105411368268f,-0.12493798635157458f,-0.9883330679428179f,-0.9526693854231767f,-0.20292036125851193f,-0.9690790473074209f,0.1403891985035036f,1.5041147033515694f,-0.9753128116709859f,0.21278228224209583f,0.059064538889937485f,-0.21939875814683243f,0f,0f,0f,1f],start_interpolation:0}
execute if entity @s[tag=aj.blazing_inferno.bone.right_arm] run data modify entity @s {} merge value {transformation:[-0.0871105411368268f,0.9683974756894524f,0.23370511911626038f,-0.421875f,-0.20292036125851193f,0.2124296852389387f,-0.9558749687150512f,1.6550155413707266f,-0.9753128116709859f,-0.1306903129829507f,0.17800270077404515f,-0.10595683473071514f,0f,0f,0f,1f],start_interpolation:0}
execute if entity @s[tag=aj.blazing_inferno.bone.head] run data modify entity @s {} merge value {transformation:[-1f,2.0761551760120853e-17f,1.2069198728635798e-16f,1.557116382009064e-17f,0f,0.9855248661931624f,-0.16953093556914414f,1.7782061496448718f,-1.2246467991473532e-16f,-0.16953093556914414f,-0.9855248661931624f,-0.1271482016768581f,0f,0f,0f,1f],start_interpolation:0}
execute if entity @s[tag=aj.blazing_inferno.bone.bottom] run data modify entity @s {} merge value {transformation:[-1f,-2.435041858421085e-18f,1.224404687910264e-16f,0f,0f,0.99980230117185f,0.019883625712462206f,1.0390625f,-1.2246467991473532e-16f,0.019883625712462206f,-0.99980230117185f,0f,0f,0f,0f,1f],start_interpolation:0}