execute if entity @s[tag=aj.blazing_inferno.bone.body] run data modify entity @s {} merge value {transformation:[-1f,2.2348048311114538e-17f,1.2040831600559267e-16f,-2.7935060388893173e-18f,0f,0.9832085144012596f,-0.18248566302279254f,0.9315896764405832f,-1.2246467991473532e-16f,-0.18248566302279254f,-0.9832085144012596f,0.022810707877849067f,0f,0f,0f,1f],start_interpolation:0}
execute if entity @s[tag=aj.blazing_inferno.bone.left_hand] run data modify entity @s {} merge value {transformation:[-0.08268197832603343f,0.11172365862738934f,0.9902936506728717f,0.950395052249155f,0.2148292666539568f,-0.9683351113928742f,0.1271829321594408f,1.5097200408955787f,0.9731454550317833f,0.22325979518637115f,0.056062351041703776f,-0.22666133616529038f,0f,0f,0f,1f],start_interpolation:0}
execute if entity @s[tag=aj.blazing_inferno.bone.left_arm] run data modify entity @s {} merge value {transformation:[-0.08268197832603343f,-0.9656794001186331f,-0.24622547927988772f,0.421875f,0.2148292666539568f,0.22399159312627276f,-0.9506188260273818f,1.6689960622415279f,0.9731454550317833f,-0.13149548431513275f,0.18893612930223883f,-0.11405353938924528f,0f,0f,0f,1f],start_interpolation:0}
execute if entity @s[tag=aj.blazing_inferno.bone.right_hand] run data modify entity @s {} merge value {transformation:[-0.08268197832603318f,-0.1117236586273894f,-0.9902936506728717f,-0.950395052249155f,-0.2148292666539568f,-0.9683351113928742f,0.1271829321594408f,1.5097200408955787f,-0.9731454550317834f,0.22325979518637112f,0.05606235104170351f,-0.22666133616529063f,0f,0f,0f,1f],start_interpolation:0}
execute if entity @s[tag=aj.blazing_inferno.bone.right_arm] run data modify entity @s {} merge value {transformation:[-0.08268197832603318f,0.9656794001186331f,0.24622547927988767f,-0.421875f,-0.2148292666539568f,0.22399159312627276f,-0.9506188260273818f,1.6689960622415279f,-0.9731454550317834f,-0.1314954843151325f,0.18893612930223888f,-0.1140535393892454f,0f,0f,0f,1f],start_interpolation:0}
execute if entity @s[tag=aj.blazing_inferno.bone.head] run data modify entity @s {} merge value {transformation:[-1f,2.506492854827221e-17f,1.1987221189036507e-16f,1.6761036233335904e-17f,0f,0.9788308920892521f,-0.2046706737462866f,1.7918971265416852f,-1.2246467991473532e-16f,-0.2046706737462866f,-0.9788308920892521f,-0.1368642472670944f,0f,0f,0f,1f],start_interpolation:0}
execute if entity @s[tag=aj.blazing_inferno.bone.bottom] run data modify entity @s {} merge value {transformation:[-1f,-2.7358961445452515e-18f,1.2243411574763318e-16f,0f,0f,0.999750424635712f,0.022340287391026448f,1.0544907407407407f,-1.2246467991473532e-16f,0.022340287391026448f,-0.999750424635712f,0f,0f,0f,0f,1f],start_interpolation:0}