execute if entity @s[tag=aj.blazing_inferno.bone.body] run data modify entity @s {} merge value {transformation:[-1f,-3.613210994553864e-17f,1.170131123314908e-16f,4.51651374319233e-18f,0f,0.9554845724739565f,0.2950410679282812f,0.7853567024932337f,-1.2246467991473532e-16f,0.2950410679282812f,-0.9554845724739565f,-0.03688013349103515f,0f,0f,0f,1f],start_interpolation:0}
execute if entity @s[tag=aj.blazing_inferno.bone.left_hand] run data modify entity @s {} merge value {transformation:[-0.13870579496956675f,0.8685107818733493f,0.47586733887881416f,0.5597710627603272f,-0.8313516200363436f,0.15900055082480205f,-0.5325160173181241f,1.3626096186149994f,-0.5381590715623101f,-0.46947614061542375f,0.6999835477266871f,0.7125541827577241f,0f,0f,0f,1f],start_interpolation:0}
execute if entity @s[tag=aj.blazing_inferno.bone.left_arm] run data modify entity @s {} merge value {transformation:[-0.13870579496956675f,-0.21061407285371003f,0.9676788799792174f,0.421875f,-0.8313516200363436f,0.5557438908056773f,0.0017921202845827128f,1.501970131848701f,-0.5381590715623101f,-0.8042328270769227f,-0.25217924884306586f,0.1844006674551758f,0f,0f,0f,1f],start_interpolation:0}
execute if entity @s[tag=aj.blazing_inferno.bone.right_hand] run data modify entity @s {} merge value {transformation:[-0.13870579496956675f,-0.8685107818733494f,-0.47586733887881427f,-0.5597710627603273f,0.8313516200363437f,0.1590005508248018f,-0.5325160173181241f,1.3626096186149994f,0.5381590715623101f,-0.46947614061542386f,0.6999835477266875f,0.7125541827577242f,0f,0f,0f,1f],start_interpolation:0}
execute if entity @s[tag=aj.blazing_inferno.bone.right_arm] run data modify entity @s {} merge value {transformation:[-0.13870579496956675f,0.2106140728537101f,-0.9676788799792175f,-0.421875f,0.8313516200363437f,0.5557438908056773f,0.001792120284582463f,1.501970131848701f,0.5381590715623101f,-0.804232827076923f,-0.25217924884306586f,0.1844006674551757f,0f,0f,0f,1f],start_interpolation:0}
execute if entity @s[tag=aj.blazing_inferno.bone.head] run data modify entity @s {} merge value {transformation:[-1f,-8.733000845760785e-17f,8.58549209388298e-17f,-2.7099082459153982e-17f,0f,0.7010586317508474f,0.7131036354188849f,1.6214057034079457f,-1.2246467991473532e-16f,0.7131036354188849f,-0.7010586317508474f,0.22128080094621091f,0f,0f,0f,1f],start_interpolation:0}
execute if entity @s[tag=aj.blazing_inferno.bone.bottom] run data modify entity @s {} merge value {transformation:[-1f,5.039597420689225e-17f,1.1161471054640078e-16f,0f,0f,0.9114032766354453f,-0.41151435860510877f,0.9047922740524783f,-1.2246467991473532e-16f,-0.41151435860510877f,-0.9114032766354453f,0f,0f,0f,0f,1f],start_interpolation:0}