execute if entity @s[tag=aj.blazing_inferno.bone.body] run data modify entity @s {} merge value {transformation:[-1f,2.6190518444168795e-17f,1.196313277124526e-16f,-3.2738148055210994e-18f,0f,0.9768639235063089f,-0.21386181274799929f,0.9616420095617114f,-1.2246467991473532e-16f,-0.21386181274799929f,-0.9768639235063089f,0.02673272659349991f,0f,0f,0f,1f],start_interpolation:0}
execute if entity @s[tag=aj.blazing_inferno.bone.left_hand] run data modify entity @s {} merge value {transformation:[-0.0839072797857029f,0.11640084608962947f,0.989651661661103f,0.9511404898479506f,0.2460938957017394f,-0.9599698532638272f,0.13377471854938622f,1.533823444061074f,0.9656072508516624f,0.2547719055434574f,0.051902921386472636f,-0.24095460893684723f,0f,0f,0f,1f],start_interpolation:0}
execute if entity @s[tag=aj.blazing_inferno.bone.left_arm] run data modify entity @s {} merge value {transformation:[-0.0839072797857029f,-0.9666501174364825f,-0.2419651190957042f,0.421875f,0.2460938957017394f,0.21519793446831556f,-0.9450543071691235f,1.694289952191443f,0.9656072508516624f,-0.1388430749465204f,0.21983001988374942f,-0.1336636329674995f,0f,0f,0f,1f],start_interpolation:0}
execute if entity @s[tag=aj.blazing_inferno.bone.right_hand] run data modify entity @s {} merge value {transformation:[-0.08390727978570243f,-0.11640084608962084f,-0.9896516616611044f,-0.9511404898479496f,-0.24609389570173953f,-0.9599698532638286f,0.13377471854937806f,1.5338234440610699f,-0.9656072508516627f,0.2547719055434575f,0.05190292138647451f,-0.24095460893684645f,0f,0f,0f,1f],start_interpolation:0}
execute if entity @s[tag=aj.blazing_inferno.bone.right_arm] run data modify entity @s {} merge value {transformation:[-0.08390727978570243f,0.9666501174364808f,0.2419651190957128f,-0.421875f,-0.24609389570173953f,0.21519793446832364f,-0.9450543071691219f,1.694289952191443f,-0.9656072508516627f,-0.1388430749465222f,0.21983001988374884f,-0.1336636329674996f,0f,0f,0f,1f],start_interpolation:0}
execute if entity @s[tag=aj.blazing_inferno.bone.head] run data modify entity @s {} merge value {transformation:[-1f,7.78614701043028e-17f,9.452613024881183e-17f,1.9642888833126595e-17f,0f,0.7718644291123334f,-0.6357871523325174f,1.8163979426297316f,-1.2246467991473532e-16f,-0.6357871523325174f,-0.7718644291123334f,-0.16039635956099946f,0f,0f,0f,1f],start_interpolation:0}
execute if entity @s[tag=aj.blazing_inferno.bone.bottom] run data modify entity @s {} merge value {transformation:[-1f,-2.6385759148431953e-18f,1.224362517547813e-16f,0f,0f,0.99976786645771f,0.02154560740844033f,1.08375f,-1.2246467991473532e-16f,0.02154560740844033f,-0.99976786645771f,0f,0f,0f,0f,1f],start_interpolation:0}