execute if entity @s[tag=aj.blazing_inferno.bone.body] run data modify entity @s {} merge value {transformation:[-1f,1.5396016681068935e-17f,1.2149304711371273e-16f,-1.924502085133617e-18f,0f,0.9920660160815423f,-0.12571801675216268f,1.0379824887305478f,-1.2246467991473532e-16f,-0.12571801675216268f,-0.9920660160815423f,0.015714752094020335f,0f,0f,0f,1f],start_interpolation:0}
execute if entity @s[tag=aj.blazing_inferno.bone.left_hand] run data modify entity @s {} merge value {transformation:[-0.9190905314706672f,0.19712987223906142f,-0.3411926265791477f,1.0870564557586282f,-0.06839403246582243f,-0.9325324924954923f,-0.3545495829403955f,1.7034713200620883f,-0.38806552447238907f,-0.30252762503803804f,0.8705642910232501f,0.16552024296735218f,0f,0f,0f,1f],start_interpolation:0}
execute if entity @s[tag=aj.blazing_inferno.bone.left_arm] run data modify entity @s {} merge value {transformation:[-0.12688451061995792f,-0.9201320332877626f,0.37048260726039683f,0.6240234375f,-0.9182859795008809f,0.2501821113040193f,0.30685464154151393f,1.591172689860627f,-0.37503490613120466f,-0.3012738828726962f,-0.8766885802164687f,-0.0694606161620253f,0f,0f,0f,1f],start_interpolation:0}
execute if entity @s[tag=aj.blazing_inferno.bone.right_hand] run data modify entity @s {} merge value {transformation:[-0.9190905314706672f,-0.1971298722390613f,0.34119262657914745f,-1.0870564557586282f,0.06839403246582243f,-0.9325324924954923f,-0.3545495829403955f,1.7034713200620883f,0.38806552447238885f,-0.30252762503803804f,0.8705642910232502f,0.16552024296735193f,0f,0f,0f,1f],start_interpolation:0}
execute if entity @s[tag=aj.blazing_inferno.bone.right_arm] run data modify entity @s {} merge value {transformation:[-0.12688451061995804f,0.9201320332877626f,-0.3704826072603966f,-0.6240234375f,0.9182859795008809f,0.2501821113040193f,0.30685464154151393f,1.591172689860627f,0.3750349061312046f,-0.30127388287269596f,-0.8766885802164688f,-0.06946061616202545f,0f,0f,0f,1f],start_interpolation:0}
execute if entity @s[tag=aj.blazing_inferno.bone.head] run data modify entity @s {} merge value {transformation:[-1f,3.6448150396475395e-17f,1.1691505531493572e-16f,1.1547012510801701e-17f,0f,0.954683876170146f,-0.29762173405305126f,1.9060402528018974f,-1.2246467991473532e-16f,-0.29762173405305126f,-0.954683876170146f,-0.09428851256412202f,0f,0f,0f,1f],start_interpolation:0}
execute if entity @s[tag=aj.blazing_inferno.bone.bottom] run data modify entity @s {} merge value {transformation:[-1f,0f,1.2246467991473532e-16f,0f,0f,1f,0f,1.1619907407407406f,-1.2246467991473532e-16f,0f,-1f,0f,0f,0f,0f,1f],start_interpolation:0}