execute if entity @s[tag=aj.blazing_inferno.bone.body] run data modify entity @s {} merge value {transformation:[-1f,1.2407982221702712e-17f,1.218344770736284e-16f,-1.550997777712839e-18f,0f,0.9948540032804096f,-0.10131886377640992f,0.8351339903306896f,-1.2246467991473532e-16f,-0.10131886377640992f,-0.9948540032804096f,0.01266485797205124f,0f,0f,0f,1f],start_interpolation:0}
execute if entity @s[tag=aj.blazing_inferno.bone.left_hand] run data modify entity @s {} merge value {transformation:[-0.1425125298611588f,0.13505768386267591f,0.9805353644118205f,0.9637021630277982f,0.14761997493849532f,-0.9766670494468253f,0.15598018311308115f,1.4591188639977715f,0.9787229034980892f,0.16697573642443325f,0.11925008014164118f,-0.15758000724323237f,0f,0f,0f,1f],start_interpolation:0}
execute if entity @s[tag=aj.blazing_inferno.bone.left_arm] run data modify entity @s {} merge value {transformation:[-0.1425125298611588f,-0.9696114139836817f,-0.19885644245318707f,0.421875f,0.14761997493849532f,0.17783883951483798f,-0.9729242982674312f,1.581274492790997f,0.9787229034980892f,-0.16800908616078214f,0.11778974970551784f,-0.06332428986025615f,0f,0f,0f,1f],start_interpolation:0}
execute if entity @s[tag=aj.blazing_inferno.bone.right_hand] run data modify entity @s {} merge value {transformation:[-0.1425125298611586f,-0.13505768386267591f,-0.9805353644118205f,-0.9637021630277982f,-0.14761997493849532f,-0.9766670494468253f,0.15598018311308115f,1.4591188639977715f,-0.9787229034980892f,0.16697573642443322f,0.11925008014164094f,-0.15758000724323262f,0f,0f,0f,1f],start_interpolation:0}
execute if entity @s[tag=aj.blazing_inferno.bone.right_arm] run data modify entity @s {} merge value {transformation:[-0.1425125298611586f,0.9696114139836817f,0.19885644245318707f,-0.421875f,-0.14761997493849532f,0.17783883951483798f,-0.9729242982674312f,1.581274492790997f,-0.9787229034980892f,-0.1680090861607819f,0.1177897497055179f,-0.06332428986025626f,0f,0f,0f,1f],start_interpolation:0}
execute if entity @s[tag=aj.blazing_inferno.bone.head] run data modify entity @s {} merge value {transformation:[-1f,4.432837669769074e-18f,1.2238442620207874e-16f,9.305986666277035e-18f,0f,0.9993446787048113f,-0.03619686649942977f,1.705631243201048f,-1.2246467991473532e-16f,-0.03619686649942977f,-0.9993446787048113f,-0.07598914783230744f,0f,0f,0f,1f],start_interpolation:0}
execute if entity @s[tag=aj.blazing_inferno.bone.bottom] run data modify entity @s {} merge value {transformation:[-1f,-8.262230971752672e-19f,1.2246189277490476e-16f,0f,0f,0.9999772412761582f,0.006746623579553843f,0.9594907407407408f,-1.2246467991473532e-16f,0.006746623579553843f,-0.9999772412761582f,0f,0f,0f,0f,1f],start_interpolation:0}