execute if entity @s[tag=aj.blazing_inferno.bone.body] run data modify entity @s {} merge value {transformation:[-1f,3.22063473016178e-17f,1.1815392088333823e-16f,-4.025793412702225e-18f,0f,0.9647999812321528f,-0.262984783237429f,1.0385203727163512f,-1.2246467991473532e-16f,-0.262984783237429f,-0.9647999812321528f,0.03287309790467863f,0f,0f,0f,1f],start_interpolation:0}
execute if entity @s[tag=aj.blazing_inferno.bone.left_hand] run data modify entity @s {} merge value {transformation:[-0.17047484835306992f,-0.02635004641038402f,0.9850096451980398f,0.9506137896632224f,0.3169290131977876f,-0.9479906576596361f,0.029490906793911337f,1.5717441839758421f,0.9330028545896707f,0.31720559270640425f,0.16995965781121242f,-0.2040519724304922f,0f,0f,0f,1f],start_interpolation:0}
execute if entity @s[tag=aj.blazing_inferno.bone.left_arm] run data modify entity @s {} merge value {transformation:[-0.17047484835306992f,-0.9351054223002764f,-0.31067052525725675f,0.421875f,0.3169290131977876f,0.24649785353418968f,-0.9158574172853075f,1.7621203586404657f,0.9330028545896707f,-0.2545911573241678f,0.2543403545249288f,-0.16436548952339308f,0f,0f,0f,1f],start_interpolation:0}
execute if entity @s[tag=aj.blazing_inferno.bone.right_hand] run data modify entity @s {} merge value {transformation:[-0.1704748483530697f,0.02635004641038391f,-0.9850096451980398f,-0.9506137896632224f,-0.3169290131977876f,-0.9479906576596361f,0.029490906793911337f,1.5717441839758421f,-0.9330028545896708f,0.3172055927064042f,0.16995965781121217f,-0.20405197243049245f,0f,0f,0f,1f],start_interpolation:0}
execute if entity @s[tag=aj.blazing_inferno.bone.right_arm] run data modify entity @s {} merge value {transformation:[-0.1704748483530697f,0.9351054223002764f,0.31067052525725664f,-0.421875f,-0.3169290131977876f,0.24649785353418968f,-0.9158574172853075f,1.7621203586404657f,-0.9330028545896708f,-0.2545911573241676f,0.25434035452492887f,-0.1643654895233932f,0f,0f,0f,1f],start_interpolation:0}
execute if entity @s[tag=aj.blazing_inferno.bone.head] run data modify entity @s {} merge value {transformation:[-1f,7.417188333145153e-17f,9.744808643418359e-17f,2.4154760476213346e-17f,0f,0.7957240120337614f,-0.6056593899816085f,1.882720356294485f,-1.2246467991473532e-16f,-0.6056593899816085f,-0.7957240120337614f,-0.19723858742807177f,0f,0f,0f,1f],start_interpolation:0}
execute if entity @s[tag=aj.blazing_inferno.bone.bottom] run data modify entity @s {} merge value {transformation:[-1f,-2.3011307791662585e-18f,1.2244305869977176e-16f,0f,0f,0.9998234493816616f,0.01879015876878456f,1.1591203703703703f,-1.2246467991473532e-16f,0.01879015876878456f,-0.9998234493816616f,0f,0f,0f,0f,1f],start_interpolation:0}