execute if entity @s[tag=aj.blazing_inferno.bone.body] run data modify entity @s {} merge value {transformation:[-1f,-3.169619151431765e-17f,1.1829179713786698e-16f,3.962023939289706e-18f,0f,0.9659258262890683f,0.25881904510252074f,0.4105092717138665f,-1.2246467991473532e-16f,0.25881904510252074f,-0.9659258262890683f,-0.03235238063781509f,0f,0f,0f,1f],start_interpolation:0}
execute if entity @s[tag=aj.blazing_inferno.bone.left_hand] run data modify entity @s {} merge value {transformation:[0.024215492059742258f,0.9950317811498663f,0.0965679265907107f,0.7028558462984946f,0.05480201725812417f,0.09512976663360653f,-0.9939552637843798f,0.6626039841288767f,-0.9982035608275224f,0.029361232977514973f,-0.05222613473439597f,0.7971697180748943f,0f,0f,0f,1f],start_interpolation:0}
execute if entity @s[tag=aj.blazing_inferno.bone.left_arm] run data modify entity @s {} merge value {transformation:[-0.9900855809429032f,-0.05409604750330558f,-0.129630860729511f,0.42187499999999994f,0.06450296992809199f,0.6447114064632694f,-0.7616997894489723f,0.9333319615499964f,0.12477944253525672f,-0.7625095540520612f,-0.6348301116833681f,0.43126134326659427f,0f,0f,0f,1f],start_interpolation:0}
execute if entity @s[tag=aj.blazing_inferno.bone.right_hand] run data modify entity @s {} merge value {transformation:[0.024215492059742008f,-0.9950317811498665f,-0.09656792659071067f,-0.7028558462984948f,-0.05480201725812417f,0.09512976663360653f,-0.9939552637843798f,0.6626039841288767f,0.9982035608275223f,0.029361232977514695f,-0.05222613473439597f,0.7971697180748942f,0f,0f,0f,1f],start_interpolation:0}
execute if entity @s[tag=aj.blazing_inferno.bone.right_arm] run data modify entity @s {} merge value {transformation:[-0.9900855809429032f,0.05409604750330576f,0.12963086072951116f,-0.42187500000000006f,-0.06450296992809199f,0.6447114064632694f,-0.7616997894489723f,0.9333319615499964f,-0.12477944253525697f,-0.7625095540520612f,-0.634830111683368f,0.43126134326659415f,0f,0f,0f,1f],start_interpolation:0}
execute if entity @s[tag=aj.blazing_inferno.bone.head] run data modify entity @s {} merge value {transformation:[-1f,-7.871877887341986e-17f,9.381338752702731e-17f,-2.3772143635738236e-17f,0f,0.766044443118978f,0.6427876096865393f,1.2556943697168013f,-1.2246467991473532e-16f,0.6427876096865393f,-0.766044443118978f,0.19411428382689055f,0f,0f,0f,1f],start_interpolation:0}
execute if entity @s[tag=aj.blazing_inferno.bone.bottom] run data modify entity @s {} merge value {transformation:[-1f,4.6865204053262974e-17f,1.1314261122877003e-16f,0f,0f,0.9238795325112867f,-0.3826834323650897f,0.53125f,-1.2246467991473532e-16f,-0.3826834323650897f,-0.9238795325112867f,0f,0f,0f,0f,1f],start_interpolation:0}