execute if entity @s[tag=aj.blazing_inferno.bone.body] run data modify entity @s {} merge value {transformation:[-1f,3.046254305398745e-17f,1.1861547663480738e-16f,-3.807817881748431e-18f,0f,0.9685688699581961f,-0.24874554096084403f,1.0004913912552256f,-1.2246467991473532e-16f,-0.24874554096084403f,-0.9685688699581961f,0.031093192620105504f,0f,0f,0f,1f],start_interpolation:0}
execute if entity @s[tag=aj.blazing_inferno.bone.left_hand] run data modify entity @s {} merge value {transformation:[-0.8649880201487203f,0.3753319291291145f,-0.33304904740205227f,1.0980266280190496f,-0.3038286305454748f,-0.9199713896202659f,-0.24767076036750513f,1.7559938709556615f,-0.39935433922778224f,-0.1130424046823759f,0.9098008169283908f,0.12831142448719934f,0f,0f,0f,1f],start_interpolation:0}
execute if entity @s[tag=aj.blazing_inferno.bone.left_arm] run data modify entity @s {} merge value {transformation:[-0.011166618558264155f,-0.9031679432095648f,0.4291421361141069f,0.671875f,-0.987571124337924f,0.07724862023579827f,0.13687923526084655f,1.545311380606711f,-0.1567755752784948f,-0.42227990365428225f,-0.8928051870177653f,-0.10882617417036917f,0f,0f,0f,1f],start_interpolation:0}
execute if entity @s[tag=aj.blazing_inferno.bone.right_hand] run data modify entity @s {} merge value {transformation:[-0.8649880201487203f,-0.37533192912911445f,0.33304904740205205f,-1.0980266280190496f,0.3038286305454748f,-0.9199713896202659f,-0.24767076036750513f,1.7559938709556615f,0.3993543392277821f,-0.11304240468237602f,0.9098008169283909f,0.12831142448719907f,0f,0f,0f,1f],start_interpolation:0}
execute if entity @s[tag=aj.blazing_inferno.bone.right_arm] run data modify entity @s {} merge value {transformation:[-0.011166618558264193f,0.9031679432095648f,-0.4291421361141067f,-0.671875f,0.987571124337924f,0.07724862023579827f,0.13687923526084655f,1.545311380606711f,0.1567755752784948f,-0.42227990365428203f,-0.8928051870177656f,-0.10882617417036934f,0f,0f,0f,1f],start_interpolation:0}
execute if entity @s[tag=aj.blazing_inferno.bone.head] run data modify entity @s {} merge value {transformation:[-1f,5.948333237977121e-17f,1.0704826479498038e-16f,2.2846907290490586e-17f,0f,0.8741154173555311f,-0.48571826930986f,1.8479891524686471f,-1.2246467991473532e-16f,-0.48571826930986f,-0.8741154173555311f,-0.18655915572063303f,0f,0f,0f,1f],start_interpolation:0}
execute if entity @s[tag=aj.blazing_inferno.bone.bottom] run data modify entity @s {} merge value {transformation:[-1f,-3.541071557423487e-18f,1.2241347409024785e-16f,0f,0f,0.9995818727120087f,0.02891504358553763f,1.1215625f,-1.2246467991473532e-16f,0.02891504358553763f,-0.9995818727120087f,0f,0f,0f,0f,1f],start_interpolation:0}