execute if entity @s[tag=aj.blazing_inferno.bone.body] run data modify entity @s {} merge value {transformation:[-1f,-2.2434161495830864e-17f,1.2039230135103141e-16f,2.804270186978858e-18f,0f,0.98307774482286f,0.18318883053832666f,0.4546615781934388f,-1.2246467991473532e-16f,0.18318883053832666f,-0.98307774482286f,-0.022898603817290832f,0f,0f,0f,1f],start_interpolation:0}
execute if entity @s[tag=aj.blazing_inferno.bone.left_hand] run data modify entity @s {} merge value {transformation:[-0.5373040129337983f,0.40830241812703183f,0.7379658074984607f,0.793237312111911f,-0.7978799184698474f,0.03745792294228917f,-0.6016515101879156f,1.0412680868474813f,-0.27329843283082794f,-0.9120778691320539f,0.30565000777318063f,0.5104245954109206f,0f,0f,0f,1f],start_interpolation:0}
execute if entity @s[tag=aj.blazing_inferno.bone.left_arm] run data modify entity @s {} merge value {transformation:[-0.5373040129337983f,-0.5093982299987271f,0.6721739662910196f,0.421875f,-0.7978799184698474f,0.5652786535081391f,-0.2093983753293594f,1.191969886810584f,-0.27329843283082794f,-0.6488246967881149f,-0.7101651071758062f,0.11449301908645422f,0f,0f,0f,1f],start_interpolation:0}
execute if entity @s[tag=aj.blazing_inferno.bone.right_hand] run data modify entity @s {} merge value {transformation:[-0.5373040129337983f,-0.4083024181270315f,-0.7379658074984609f,-0.7932373121119111f,0.7978799184698474f,0.03745792294228917f,-0.6016515101879156f,1.0412680868474813f,0.27329843283082783f,-0.9120778691320541f,0.3056500077731804f,0.5104245954109203f,0f,0f,0f,1f],start_interpolation:0}
execute if entity @s[tag=aj.blazing_inferno.bone.right_arm] run data modify entity @s {} merge value {transformation:[-0.5373040129337983f,0.5093982299987273f,-0.6721739662910193f,-0.421875f,0.7978799184698474f,0.5652786535081391f,-0.2093983753293594f,1.191969886810584f,0.27329843283082783f,-0.6488246967881148f,-0.7101651071758064f,0.11449301908645411f,0f,0f,0f,1f],start_interpolation:0}
execute if entity @s[tag=aj.blazing_inferno.bone.head] run data modify entity @s {} merge value {transformation:[-1f,-6.164322348110018e-17f,1.0581923655686483e-16f,-1.6825621121873147e-17f,0f,0.8640796401912805f,0.50335511858618f,1.3148546049134413f,-1.2246467991473532e-16f,0.50335511858618f,-0.8640796401912805f,0.137391622903745f,0f,0f,0f,1f],start_interpolation:0}
execute if entity @s[tag=aj.blazing_inferno.bone.bottom] run data modify entity @s {} merge value {transformation:[-1f,3.341326285981807e-17f,1.1781829947711552e-16f,0f,0f,0.9620594244736131f,-0.27283999666746106f,0.5775462962962963f,-1.2246467991473532e-16f,-0.27283999666746106f,-0.9620594244736131f,0f,0f,0f,0f,1f],start_interpolation:0}