execute if entity @s[tag=aj.blazing_inferno.bone.body] run data modify entity @s {} merge value {transformation:[-0.9475855910177411f,-0.020244308539048805f,0.3188600251949656f,0.0025305385673811006f,0f,0.997990605507544f,0.06336206529687577f,0.719001174311557f,-0.3195020308160158f,0.060040980092444726f,-0.9456815177500195f,-0.007505122511555591f,0f,0f,0f,1f],start_interpolation:0}
execute if entity @s[tag=aj.blazing_inferno.bone.left_hand] run data modify entity @s {} merge value {transformation:[-0.8845251615361205f,0.3518530716718658f,0.30629178011264513f,0.6066174880239121f,-0.34974504705920784f,-0.06570040924859272f,-0.9345383129022159f,1.113580629354047f,-0.3086966806868071f,-0.9337466852308718f,0.18117253421340435f,0.5517157174570703f,0f,0f,0f,1f],start_interpolation:0}
execute if entity @s[tag=aj.blazing_inferno.bone.left_arm] run data modify entity @s {} merge value {transformation:[-0.8845251615361205f,-0.10100525526999615f,0.455426368381699f,0.38710997837370403f,-0.34974504705920784f,0.7896295443045076f,-0.5041463922503147f,1.467494128442215f,-0.3086966806868071f,-0.6052132856847234f,-0.7337732879872699f,0.17231553180828463f,0f,0f,0f,1f],start_interpolation:0}
execute if entity @s[tag=aj.blazing_inferno.bone.right_hand] run data modify entity @s {} merge value {transformation:[-0.5600959331585348f,-0.2124933758944088f,-0.8007116277788574f,-0.8011332686798678f,0.8175060446827134f,-0.298201082179379f,-0.49270679059078604f,1.4972286608153604f,-0.1340761446585317f,-0.930549665406444f,0.34073583264085944f,0.3094260677972307f,0f,0f,0f,1f],start_interpolation:0}
execute if entity @s[tag=aj.blazing_inferno.bone.right_arm] run data modify entity @s {} merge value {transformation:[-0.5600959331585348f,0.5340233734872989f,-0.6333337052680166f,-0.41241536404751505f,0.8175060446827134f,0.23256066071503678f,-0.5268770311894522f,1.467494128442215f,-0.1340761446585317f,-0.8128558148017584f,-0.5668236161068751f,-0.09726430669272873f,0f,0f,0f,1f],start_interpolation:0}
execute if entity @s[tag=aj.blazing_inferno.bone.head] run data modify entity @s {} merge value {transformation:[-0.9797407707993041f,-0.04099172532698426f,0.1960298459120512f,-0.015183231404286603f,0.0012369856723462407f,0.9775711334786089f,0.21060187286867635f,1.592242954130658f,-0.20026605278986218f,0.20657772736687946f,-0.9577155896485676f,0.04503073506933354f,0f,0f,0f,1f],start_interpolation:0}
execute if entity @s[tag=aj.blazing_inferno.bone.bottom] run data modify entity @s {} merge value {transformation:[-0.9566964208274252f,0.04283221374142467f,0.2879190161173852f,0f,0f,0.9891148620932316f,-0.14714547083171603f,0.84375f,-0.291087544178713f,-0.14077354528566904f,-0.946282648351807f,0f,0f,0f,0f,1f],start_interpolation:0}