execute if entity @s[tag=aj.blazing_inferno.bone.body] run data modify entity @s {} merge value {transformation:[-1f,1.545742093066996e-17f,1.2148524998859188e-16f,-1.932177616333745e-18f,0f,0.9920023477232345f,-0.12621942050093152f,0.8512659102382993f,-1.2246467991473532e-16f,-0.12621942050093152f,-0.9920023477232345f,0.01577742756261644f,0f,0f,0f,1f],start_interpolation:0}
execute if entity @s[tag=aj.blazing_inferno.bone.left_hand] run data modify entity @s {} merge value {transformation:[-0.8738416539485998f,0.41600650085784446f,-0.25167311153237504f,1.0828650687551593f,-0.24974448537459895f,-0.8281607281093931f,-0.5017743521168616f,1.5292212832119938f,-0.41716717973655587f,-0.3756173580405085f,0.8275766698556188f,0.22002096468708462f,0f,0f,0f,1f],start_interpolation:0}
execute if entity @s[tag=aj.blazing_inferno.bone.left_arm] run data modify entity @s {} merge value {transformation:[-0.06191325948371369f,-0.8958417416196928f,0.4400390008532174f,0.6474609375f,-0.9304882480845562f,0.21129585178814245f,0.2992418473303101f,1.3956441517165465f,-0.3610517531831629f,-0.3909240808506414f,-0.8466522276203172f,-0.05348763650744423f,0f,0f,0f,1f],start_interpolation:0}
execute if entity @s[tag=aj.blazing_inferno.bone.right_hand] run data modify entity @s {} merge value {transformation:[-0.8738416539485999f,-0.41600650085784435f,0.2516731115323748f,-1.0828650687551593f,0.24974448537459895f,-0.8281607281093931f,-0.5017743521168616f,1.5292212832119938f,0.41716717973655576f,-0.3756173580405086f,0.827576669855619f,0.22002096468708443f,0f,0f,0f,1f],start_interpolation:0}
execute if entity @s[tag=aj.blazing_inferno.bone.right_arm] run data modify entity @s {} merge value {transformation:[-0.061913259483713776f,0.8958417416196928f,-0.4400390008532172f,-0.6474609375f,0.9304882480845562f,0.21129585178814245f,0.2992418473303101f,1.3956441517165465f,0.36105175318316285f,-0.3909240808506412f,-0.8466522276203173f,-0.05348763650744438f,0f,0f,0f,1f],start_interpolation:0}
execute if entity @s[tag=aj.blazing_inferno.bone.head] run data modify entity @s {} merge value {transformation:[-1f,8.735847023508375e-18f,1.2215270280841287e-16f,1.159306569800247e-17f,0f,0.9974525136019653f,-0.07133360434690732f,1.7192679644961295f,-1.2246467991473532e-16f,-0.07133360434690732f,-0.9974525136019653f,-0.09466456537569864f,0f,0f,0f,1f],start_interpolation:0}
execute if entity @s[tag=aj.blazing_inferno.bone.bottom] run data modify entity @s {} merge value {transformation:[-1f,-1.2094880879950424e-18f,1.2245870718402826e-16f,0f,0f,0.9999512289526155f,0.00987621972994283f,0.9752662037037036f,-1.2246467991473532e-16f,0.00987621972994283f,-0.9999512289526155f,0f,0f,0f,0f,1f],start_interpolation:0}