execute if entity @s[tag=aj.blazing_inferno.bone.body] run data modify entity @s {} merge value {transformation:[-1f,6.454535088813831e-19f,1.224629789625683e-16f,-8.068168861017289e-20f,0f,0.9999861106715161f,-0.00527052787245084f,0.7248049769068012f,-1.2246467991473532e-16f,-0.00527052787245084f,-0.9999861106715161f,0.000658815984056355f,0f,0f,0f,1f],start_interpolation:0}
execute if entity @s[tag=aj.blazing_inferno.bone.left_hand] run data modify entity @s {} merge value {transformation:[-0.9640429862768718f,-0.26311452538140984f,0.03730773570838265f,0.7006152858098715f,-0.17658656106499093f,0.5293439600438337f,-0.829826583339165f,0.9858946418960959f,0.19859080306401736f,-0.806576542244087f,-0.556772821211633f,-0.029053267256073798f,0f,0f,0f,1f],start_interpolation:0}
execute if entity @s[tag=aj.blazing_inferno.bone.left_arm] run data modify entity @s {} merge value {transformation:[-0.9640429862768718f,-0.1844371310738034f,-0.1913218892119659f,0.421875f,-0.17658656106499093f,0.9826068672264059f,-0.05745372860614353f,1.4747945599104382f,0.19859080306401736f,-0.021602989625809282f,-0.979844377326122f,-0.0032940799202817238f,0f,0f,0f,1f],start_interpolation:0}
execute if entity @s[tag=aj.blazing_inferno.bone.right_hand] run data modify entity @s {} merge value {transformation:[-0.9640429862768718f,0.26311452538141f,-0.037307735708382514f,-0.7006152858098715f,0.17658656106499093f,0.5293439600438337f,-0.829826583339165f,0.9858946418960959f,-0.19859080306401758f,-0.8065765422440869f,-0.556772821211633f,-0.029053267256073968f,0f,0f,0f,1f],start_interpolation:0}
execute if entity @s[tag=aj.blazing_inferno.bone.right_arm] run data modify entity @s {} merge value {transformation:[-0.9640429862768718f,0.1844371310738034f,0.19132188921196613f,-0.421875f,0.17658656106499093f,0.9826068672264059f,-0.05745372860614353f,1.4747945599104382f,-0.19859080306401758f,-0.021602989625809237f,-0.979844377326122f,-0.003294079920281827f,0f,0f,0f,1f],start_interpolation:0}
execute if entity @s[tag=aj.blazing_inferno.bone.head] run data modify entity @s {} merge value {transformation:[-1f,-1.3792802864986852e-17f,1.216854815322937e-16f,4.840901316610373e-19f,0f,0.9936373623563614f,0.11262678246976957f,1.599792823744378f,-1.2246467991473532e-16f,0.11262678246976957f,-0.9936373623563614f,-0.00395289590433813f,0f,0f,0f,1f],start_interpolation:0}
execute if entity @s[tag=aj.blazing_inferno.bone.bottom] run data modify entity @s {} merge value {transformation:[-1f,0f,1.2246467991473532e-16f,0f,0f,1f,0f,0.8498032407407408f,-1.2246467991473532e-16f,0f,-1f,0f,0f,0f,0f,1f],start_interpolation:0}