execute if entity @s[tag=aj.blazing_inferno.bone.body] run data modify entity @s {} merge value {transformation:[-1f,6.813328853568143e-18f,1.2227500307320263e-16f,-8.516661066960179e-19f,0f,0.9984511710505858f,-0.05563505214982677f,0.7764436036186769f,-1.2246467991473532e-16f,-0.05563505214982677f,-0.9984511710505858f,0.006954381518728347f,0f,0f,0f,1f],start_interpolation:0}
execute if entity @s[tag=aj.blazing_inferno.bone.left_hand] run data modify entity @s {} merge value {transformation:[-0.9100594124259804f,0.3513552500744197f,-0.21986667346376315f,1.0743308470888775f,-0.1654836820927728f,-0.794365086347701f,-0.5844649352637223f,1.3979179337217142f,-0.38000923254033897f,-0.49551346887541925f,0.7810629842382437f,0.23824349800161881f,0f,0f,0f,1f],start_interpolation:0}
execute if entity @s[tag=aj.blazing_inferno.bone.left_arm] run data modify entity @s {} merge value {transformation:[-0.172597077901187f,-0.883708198908972f,0.43505179907803243f,0.616943359375f,-0.8847447434743917f,0.33322405204528016f,0.32586572393082025f,1.3329305222493413f,-0.43293993531944447f,-0.3286663206347517f,-0.8393696814193433f,-0.024053823625782192f,0f,0f,0f,1f],start_interpolation:0}
execute if entity @s[tag=aj.blazing_inferno.bone.right_hand] run data modify entity @s {} merge value {transformation:[-0.9100594124259804f,-0.35135525007441953f,0.21986667346376296f,-1.0743308470888775f,0.1654836820927728f,-0.794365086347701f,-0.5844649352637223f,1.3979179337217142f,0.38000923254033875f,-0.49551346887541936f,0.7810629842382438f,0.23824349800161848f,0f,0f,0f,1f],start_interpolation:0}
execute if entity @s[tag=aj.blazing_inferno.bone.right_arm] run data modify entity @s {} merge value {transformation:[-0.1725970779011871f,0.883708198908972f,-0.4350517990780322f,-0.616943359375f,0.8847447434743917f,0.33322405204528016f,0.32586572393082025f,1.3329305222493413f,0.4329399353194444f,-0.3286663206347515f,-0.8393696814193434f,-0.024053823625782345f,0f,0f,0f,1f],start_interpolation:0}
execute if entity @s[tag=aj.blazing_inferno.bone.head] run data modify entity @s {} merge value {transformation:[-1f,-4.826520982966191e-18f,1.2236953265343284e-16f,5.109996640176108e-18f,0f,0.999223063650934f,0.03941153470802032f,1.6500883782879394f,-1.2246467991473532e-16f,0.03941153470802032f,-0.999223063650934f,-0.04172628911237008f,0f,0f,0f,1f],start_interpolation:0}
execute if entity @s[tag=aj.blazing_inferno.bone.bottom] run data modify entity @s {} merge value {transformation:[-1f,-4.347903588887901e-20f,1.224646721964829e-16f,0f,0f,0.9999999369756862f,0.00035503327097372733f,0.9012500000000001f,-1.2246467991473532e-16f,0.00035503327097372733f,-0.9999999369756862f,0f,0f,0f,0f,1f],start_interpolation:0}