execute if entity @s[tag=aj.blazing_inferno.bone.body] run data modify entity @s {} merge value {transformation:[-1f,3.146121944806084e-17f,1.1835450771922266e-16f,-3.932652431007605e-18f,0f,0.966437897046117f,-0.25690035257484334f,1.0279452628692354f,-1.2246467991473532e-16f,-0.25690035257484334f,-0.966437897046117f,0.03211254407185542f,0f,0f,0f,1f],start_interpolation:0}
execute if entity @s[tag=aj.blazing_inferno.bone.left_hand] run data modify entity @s {} merge value {transformation:[-0.13219645153605641f,-0.014139685200086072f,0.9911226803497726f,0.945135623428318f,0.3043434127016858f,-0.9521793848322124f,0.027009373292264993f,1.5531310665711635f,0.9433446800328956f,0.3052122022511418f,0.13017805594892526f,-0.22158695419489371f,0f,0f,0f,1f],start_interpolation:0}
execute if entity @s[tag=aj.blazing_inferno.bone.left_arm] run data modify entity @s {} merge value {transformation:[-0.13219645153605641f,-0.9383036023817553f,-0.31954725465679706f,0.421875f,0.3043434127016858f,0.26838254908441117f,-0.9139725895736944f,1.752773685653823f,0.9433446800328956f,-0.21807603514456705f,0.2500872998559882f,-0.16056272035927704f,0f,0f,0f,1f],start_interpolation:0}
execute if entity @s[tag=aj.blazing_inferno.bone.right_hand] run data modify entity @s {} merge value {transformation:[-0.1321964515360562f,0.01413968520008596f,-0.9911226803497725f,-0.945135623428318f,-0.3043434127016858f,-0.9521793848322124f,0.027009373292264993f,1.5531310665711635f,-0.9433446800328956f,0.3052122022511418f,0.130178055948925f,-0.22158695419489396f,0f,0f,0f,1f],start_interpolation:0}
execute if entity @s[tag=aj.blazing_inferno.bone.right_arm] run data modify entity @s {} merge value {transformation:[-0.1321964515360562f,0.9383036023817553f,0.31954725465679695f,-0.421875f,-0.3043434127016858f,0.26838254908441117f,-0.9139725895736944f,1.752773685653823f,-0.9433446800328956f,-0.21807603514456683f,0.25008729985598827f,-0.16056272035927716f,0f,0f,0f,1f],start_interpolation:0}
execute if entity @s[tag=aj.blazing_inferno.bone.head] run data modify entity @s {} merge value {transformation:[-1f,6.827008789106482e-17f,1.0167001979917613e-16f,2.3595914586045628e-17f,0f,0.8301987141922286f,-0.5574675730063322f,1.8735784227845877f,-1.2246467991473532e-16f,-0.5574675730063322f,-0.8301987141922286f,-0.1926752644311325f,0f,0f,0f,1f],start_interpolation:0}
execute if entity @s[tag=aj.blazing_inferno.bone.bottom] run data modify entity @s {} merge value {transformation:[-1f,-3.1393276612650403e-18f,1.224244356672874e-16f,0f,0f,0.9996713807811695f,0.025634555722113202f,1.14875f,-1.2246467991473532e-16f,0.025634555722113202f,-0.9996713807811695f,0f,0f,0f,0f,1f],start_interpolation:0}