execute if entity @s[tag=aj.blazing_inferno.bone.body] run data modify entity @s {} merge value {transformation:[-1f,7.632732534219489e-18f,1.22226589663132e-16f,-9.54091566777436e-19f,0f,0.9980558455567018f,-0.06232599096762997f,0.7900462600461531f,-1.2246467991473532e-16f,-0.06232599096762997f,-0.9980558455567018f,0.007790748870953746f,0f,0f,0f,1f],start_interpolation:0}
execute if entity @s[tag=aj.blazing_inferno.bone.left_hand] run data modify entity @s {} merge value {transformation:[-0.20121392938660432f,0.07229190359643778f,0.9768760593315847f,0.9667235080746575f,0.11980523087471513f,-0.9879695483201099f,0.09778997007471796f,1.4105817234274678f,0.9721932221918946f,0.1367115659575347f,0.19013228673105412f,-0.10327537358105038f,0f,0f,0f,1f],start_interpolation:0}
execute if entity @s[tag=aj.blazing_inferno.bone.left_arm] run data modify entity @s {} merge value {transformation:[-0.20121392938660432f,-0.9545805107099654f,-0.21974758973309355f,0.421875f,0.11980523087471513f,0.1986690635241459f,-0.97271645912542f,1.5385881442136795f,0.9721932221918946f,-0.2220510116417855f,0.0743887555548604f,-0.03895374435476868f,0f,0f,0f,1f],start_interpolation:0}
execute if entity @s[tag=aj.blazing_inferno.bone.right_hand] run data modify entity @s {} merge value {transformation:[-0.2012139293866041f,-0.07229190359643778f,-0.9768760593315847f,-0.9667235080746575f,-0.11980523087471513f,-0.9879695483201099f,0.09778997007471796f,1.4105817234274678f,-0.9721932221918946f,0.13671156595753467f,0.1901322867310539f,-0.1032753735810506f,0f,0f,0f,1f],start_interpolation:0}
execute if entity @s[tag=aj.blazing_inferno.bone.right_arm] run data modify entity @s {} merge value {transformation:[-0.2012139293866041f,0.9545805107099654f,0.21974758973309355f,-0.421875f,-0.11980523087471513f,0.1986690635241459f,-0.97271645912542f,1.5385881442136795f,-0.9721932221918946f,-0.22205101164178528f,0.07438875555486045f,-0.038953744354768775f,0f,0f,0f,1f],start_interpolation:0}
execute if entity @s[tag=aj.blazing_inferno.bone.head] run data modify entity @s {} merge value {transformation:[-1f,-3.2586166635285493e-18f,1.2242131858487212e-16f,5.724549400664617e-18f,0f,0.9996459278716654f,0.026608624346197818f,1.6633451249082671f,-1.2246467991473532e-16f,0.026608624346197818f,-0.9996459278716654f,-0.046744493225722474f,0f,0f,0f,1f],start_interpolation:0}
execute if entity @s[tag=aj.blazing_inferno.bone.bottom] run data modify entity @s {} merge value {transformation:[-1f,-1.5306982147870645e-19f,1.224645842529518e-16f,0f,0f,0.9999992188622582f,0.0012499099461598202f,0.9148032407407408f,-1.2246467991473532e-16f,0.0012499099461598202f,-0.9999992188622582f,0f,0f,0f,0f,1f],start_interpolation:0}