execute if entity @s[tag=aj.blazing_inferno.bone.body] run data modify entity @s {} merge value {transformation:[-1f,3.227323984528733e-17f,1.181356669956501e-16f,-4.034154980660916e-18f,0f,0.9646509269276722f,-0.2635310023082346f,1.0342218748747816f,-1.2246467991473532e-16f,-0.2635310023082346f,-0.9646509269276722f,0.03294137528852933f,0f,0f,0f,1f],start_interpolation:0}
execute if entity @s[tag=aj.blazing_inferno.bone.left_hand] run data modify entity @s {} merge value {transformation:[-0.8976539588745072f,0.33519385956681125f,-0.2861161418473792f,1.099949841027113f,-0.2623165553149003f,-0.9280836745380546f,-0.2642928638152521f,1.7711910639776902f,-0.3541290653485669f,-0.16219053475664802f,0.9210248832201565f,0.07674850551299392f,0f,0f,0f,1f],start_interpolation:0}
execute if entity @s[tag=aj.blazing_inferno.bone.left_arm] run data modify entity @s {} merge value {transformation:[-0.016533203455413842f,-0.9377419523482868f,0.3469390205634487f,0.65625f,-0.9777067700843044f,0.08780457011805662f,0.1907349710926138f,1.5679227636994533f,-0.20932301573123493f,-0.33605116912816496f,-0.9182883462250703f,-0.13310623394864213f,0f,0f,0f,1f],start_interpolation:0}
execute if entity @s[tag=aj.blazing_inferno.bone.right_hand] run data modify entity @s {} merge value {transformation:[-0.8976539588745072f,-0.3351938595668112f,0.286116141847379f,-1.099949841027113f,0.2623165553149003f,-0.9280836745380546f,-0.2642928638152521f,1.7711910639776902f,0.35412906534856664f,-0.1621905347566481f,0.9210248832201566f,0.07674850551299361f,0f,0f,0f,1f],start_interpolation:0}
execute if entity @s[tag=aj.blazing_inferno.bone.right_arm] run data modify entity @s {} merge value {transformation:[-0.016533203455413897f,0.9377419523482868f,-0.3469390205634485f,-0.65625f,0.9777067700843044f,0.08780457011805662f,0.1907349710926138f,1.5679227636994533f,0.20932301573123493f,-0.3360511691281647f,-0.9182883462250704f,-0.1331062339486423f,0f,0f,0f,1f],start_interpolation:0}
execute if entity @s[tag=aj.blazing_inferno.bone.head] run data modify entity @s {} merge value {transformation:[-1f,7.52302824427919e-17f,9.66333401585412e-17f,2.4204929883965498e-17f,0f,0.7890711038139413f,-0.6143018745908628f,1.8782914359364948f,-1.2246467991473532e-16f,-0.6143018745908628f,-0.7890711038139413f,-0.19764825173117595f,0f,0f,0f,1f],start_interpolation:0}
execute if entity @s[tag=aj.blazing_inferno.bone.bottom] run data modify entity @s {} merge value {transformation:[-1f,-2.371435596182567e-18f,1.2244171723653558e-16f,0f,0f,0.9998124955030648f,0.019364241165972528f,1.1548032407407407f,-1.2246467991473532e-16f,0.019364241165972528f,-0.9998124955030648f,0f,0f,0f,0f,1f],start_interpolation:0}