execute if entity @s[tag=aj.blazing_inferno.bone.body] run data modify entity @s {} merge value {transformation:[-0.8028174751911146f,0.02039195309909991f,-0.5958760523603616f,-0.0025489941373874887f,-1.734723475976807e-18f,0.9994149479166323f,0.03420178183655271f,0.718823131510421f,0.5962248749656159f,0.02745778814105857f,-0.80234778515469f,-0.0034322235176323214f,0f,0f,0f,1f],start_interpolation:0}
execute if entity @s[tag=aj.blazing_inferno.bone.left_hand] run data modify entity @s {} merge value {transformation:[-0.8187746837987162f,-0.37815084298579343f,-0.4319837463602606f,0.5368259991092587f,-0.28789138743969284f,0.9214283515996604f,-0.2609374291020383f,1.0424575670771281f,0.4967157801080623f,-0.08928456091321957f,-0.8633085780728539f,-0.5531169970649931f,0f,0f,0f,1f],start_interpolation:0}
execute if entity @s[tag=aj.blazing_inferno.bone.left_arm] run data modify entity @s {} merge value {transformation:[-0.8187746837987162f,-0.0599946406848198f,-0.5709716807858438f,0.3514335930331889f,-0.28789138743969284f,0.9033532433236887f,0.31791738992169194f,1.4683843424478953f,0.4967157801080623f,0.42468053977745657f,-0.7569147065065966f,-0.2343712515379576f,0f,0f,0f,1f],start_interpolation:0}
execute if entity @s[tag=aj.blazing_inferno.bone.right_hand] run data modify entity @s {} merge value {transformation:[-0.4437730763922911f,0.6693259197825479f,-0.5958760523603616f,-0.7647304983673472f,0.8186727976788856f,0.5732408642619885f,0.03420178183655271f,1.317351282873505f,0.36447264233402826f,-0.4726496849120024f,-0.80234778515469f,0.5881272522614124f,0f,0f,0f,1f],start_interpolation:0}
execute if entity @s[tag=aj.blazing_inferno.bone.right_arm] run data modify entity @s {} merge value {transformation:[-0.4437730763922911f,0.6693259197825479f,-0.5958760523603616f,-0.32594365165931405f,0.8186727976788856f,0.5732408642619885f,0.03420178183655271f,1.4683843424478953f,0.36447264233402826f,-0.4726496849120024f,-0.80234778515469f,0.26869348671428084f,0f,0f,0f,1f],start_interpolation:0}
execute if entity @s[tag=aj.blazing_inferno.bone.head] run data modify entity @s {} merge value {transformation:[-0.8439506837511966f,0.1787019969163817f,-0.5057794377927847f,0.015293964824324931f,0.017862918964264837f,0.9517176618868569f,0.30645457767618783f,1.5933112109374743f,0.5361232689614994f,0.24959785325741896f,-0.8063949107771725f,0.02059334110579393f,0f,0f,0f,1f],start_interpolation:0}
execute if entity @s[tag=aj.blazing_inferno.bone.bottom] run data modify entity @s {} merge value {transformation:[-0.9942376388474279f,0.0057540539631144826f,0.10704395528044101f,0f,0f,0.9985583705641418f,-0.05367662970312158f,0.84375f,-0.10719849578744793f,-0.05336732557731931f,-0.9928043166010273f,0f,0f,0f,0f,1f],start_interpolation:0}