execute if entity @s[tag=aj.blazing_inferno.bone.body] run data modify entity @s {} merge value {transformation:[-1f,3.169619151431765e-17f,1.1829179713786698e-16f,-3.962023939289706e-18f,0f,0.9659258262890683f,-0.25881904510252074f,1.0408217717138666f,-1.2246467991473532e-16f,-0.25881904510252074f,-0.9659258262890683f,0.03235238063781509f,0f,0f,0f,1f],start_interpolation:0}
execute if entity @s[tag=aj.blazing_inferno.bone.left_hand] run data modify entity @s {} merge value {transformation:[-0.9172805438570721f,0.26322842580567635f,-0.2988431021608819f,1.0943816072957389f,-0.18533206187902304f,-0.9463525090178807f,-0.2647054127048246f,1.7458467944975875f,-0.3524889086211705f,-0.18742391662599253f,0.9168554110521617f,0.07480663155169753f,0f,0f,0f,1f],start_interpolation:0}
execute if entity @s[tag=aj.blazing_inferno.bone.left_arm] run data modify entity @s {} merge value {transformation:[-0.07191754119156232f,-0.9379914069287428f,0.33911648116362275f,0.63671875f,-0.9666043429261675f,0.14939222847492595f,0.20822585408053307f,1.5742233158636671f,-0.24597542866154706f,-0.3128163720126127f,-0.9174104893097936f,-0.13331989999460145f,0f,0f,0f,1f],start_interpolation:0}
execute if entity @s[tag=aj.blazing_inferno.bone.right_hand] run data modify entity @s {} merge value {transformation:[-0.9172805438570721f,-0.2632284258056763f,0.29884310216088167f,-1.0943816072957389f,0.18533206187902304f,-0.9463525090178807f,-0.2647054127048246f,1.7458467944975875f,0.3524889086211703f,-0.1874239166259926f,0.9168554110521617f,0.07480663155169726f,0f,0f,0f,1f],start_interpolation:0}
execute if entity @s[tag=aj.blazing_inferno.bone.right_arm] run data modify entity @s {} merge value {transformation:[-0.07191754119156238f,0.9379914069287428f,-0.33911648116362253f,-0.63671875f,0.9666043429261675f,0.14939222847492595f,0.20822585408053307f,1.5742233158636671f,0.24597542866154706f,-0.3128163720126125f,-0.9174104893097936f,-0.13331989999460162f,0f,0f,0f,1f],start_interpolation:0}
execute if entity @s[tag=aj.blazing_inferno.bone.head] run data modify entity @s {} merge value {transformation:[-1f,7.455177354798983e-17f,9.715776287805221e-17f,2.3772143635738236e-17f,0f,0.7933533402912352f,-0.6087614290087205f,1.8860068697168013f,-1.2246467991473532e-16f,-0.6087614290087205f,-0.7933533402912352f,-0.19411428382689055f,0f,0f,0f,1f],start_interpolation:0}
execute if entity @s[tag=aj.blazing_inferno.bone.bottom] run data modify entity @s {} merge value {transformation:[-1f,-9.565290836674034e-19f,1.2246094429952218e-16f,0f,0f,0.9999694963869115f,0.007810652706832502f,1.1615625f,-1.2246467991473532e-16f,0.007810652706832502f,-0.9999694963869115f,0f,0f,0f,0f,1f],start_interpolation:0}