execute if entity @s[tag=aj.blazing_inferno.bone.body] run data modify entity @s {} merge value {transformation:[-0.9921147013144779f,-0.019865659686198803f,0.1237488383820898f,0.0024832074607748504f,0f,0.9873585390151004f,0.15850273005209267f,0.7203301826231124f,-0.12533323356430426f,0.15725288868316126f,-0.9795729220252655f,-0.019656611085395157f,0f,0f,0f,1f],start_interpolation:0}
execute if entity @s[tag=aj.blazing_inferno.bone.left_hand] run data modify entity @s {} merge value {transformation:[-0.8893698918116943f,-0.0534305620676197f,0.454055470813857f,0.7329088130552388f,-0.0715115656993065f,0.9971807663301088f,-0.022729171400008408f,1.0308354932972297f,-0.4515609499393065f,-0.0526848583412296f,-0.8906834534173607f,-0.009117582232413046f,0f,0f,0f,1f],start_interpolation:0}
execute if entity @s[tag=aj.blazing_inferno.bone.left_arm] run data modify entity @s {} merge value {transformation:[-0.8893698918116943f,-0.3012133760515295f,0.3439356009872997f,0.40613235231317113f,-0.0715115656993065f,0.8346767287639116f,0.5460776999944325f,1.4608490868844377f,-0.4515609499393065f,0.4610696916384935f,-0.7638765920895177f,0.15115801333691664f,0f,0f,0f,1f],start_interpolation:0}
execute if entity @s[tag=aj.blazing_inferno.bone.right_hand] run data modify entity @s {} merge value {transformation:[-0.58532661057454f,0.7942610448533379f,0.16291762207264382f,-0.9664028943680164f,0.8087967656804117f,0.5578660678929065f,0.18610008629394134f,1.3116380095884534f,0.056925835770993805f,0.24069657854276005f,-0.9689296188576252f,-0.046377056457211976f,0f,0f,0f,1f],start_interpolation:0}
execute if entity @s[tag=aj.blazing_inferno.bone.right_arm] run data modify entity @s {} merge value {transformation:[-0.58532661057454f,0.8012983114623444f,0.1237488383820898f,-0.43096442692091963f,0.8087967656804117f,0.5663255922090568f,0.15850273005209267f,1.4608490868844377f,0.056925835770993805f,0.1928635259883449f,-0.9795729220252655f,0.04540809751703492f,0f,0f,0f,1f],start_interpolation:0}
execute if entity @s[tag=aj.blazing_inferno.bone.head] run data modify entity @s {} merge value {transformation:[-0.9985382196409971f,-0.05393156398802235f,-0.0035791510157903023f,-0.014899244764649103f,-0.05053413145412809f,0.9080388536496967f,0.4158265766166487f,1.5842689042613252f,-0.019176169439303684f,0.41539959878212523f,-0.9094368850323173f,0.11793966651237095f,0f,0f,0f,1f],start_interpolation:0}
execute if entity @s[tag=aj.blazing_inferno.bone.bottom] run data modify entity @s {} merge value {transformation:[-0.9985583705641418f,0.001441109768337723f,0.05365728076339361f,0f,1.0842021724855044e-19f,0.9996395276708854f,-0.02684799281006109f,0.84375f,-0.05367662970312171f,-0.026809287953332393f,-0.9981984179025477f,0f,0f,0f,0f,1f],start_interpolation:0}