execute if entity @s[tag=aj.blazing_inferno.bone.body] run data modify entity @s {} merge value {transformation:[-1f,2.949916666988366e-17f,1.1885872703508567e-16f,-3.6873958337354576e-18f,0f,0.9705551602130487f,-0.2408789758028366f,0.9886343086770726f,-1.2246467991473532e-16f,-0.2408789758028366f,-0.9705551602130487f,0.030109871975354575f,0f,0f,0f,1f],start_interpolation:0}
execute if entity @s[tag=aj.blazing_inferno.bone.left_hand] run data modify entity @s {} merge value {transformation:[-0.8644390676296951f,0.38465936378928034f,-0.3237008992955227f,1.097760797471661f,-0.3072798398233301f,-0.9138674921501027f,-0.26537766829451004f,1.7425179992231756f,-0.39789973409598106f,-0.1299360636640524f,0.9081808305430362f,0.13398758608043704f,0f,0f,0f,1f],start_interpolation:0}
execute if entity @s[tag=aj.blazing_inferno.bone.left_arm] run data modify entity @s {} merge value {transformation:[-0.01128974459794039f,-0.9030560041539754f,0.42937442288563127f,0.671630859375f,-0.98598631152439f,0.08152949607341263f,0.14554701905756873f,1.5342383726264903f,-0.16644378977132832f,-0.42171411481176563f,-0.8913213058235997f,-0.10530185268041019f,0f,0f,0f,1f],start_interpolation:0}
execute if entity @s[tag=aj.blazing_inferno.bone.right_hand] run data modify entity @s {} merge value {transformation:[-0.8644390676296951f,-0.38465936378928023f,0.3237008992955225f,-1.097760797471661f,0.3072798398233301f,-0.9138674921501027f,-0.26537766829451004f,1.7425179992231756f,0.3978997340959809f,-0.1299360636640525f,0.9081808305430363f,0.13398758608043676f,0f,0f,0f,1f],start_interpolation:0}
execute if entity @s[tag=aj.blazing_inferno.bone.right_arm] run data modify entity @s {} merge value {transformation:[-0.011289744597940429f,0.9030560041539754f,-0.42937442288563105f,-0.671630859375f,0.98598631152439f,0.08152949607341263f,0.14554701905756873f,1.5342383726264903f,0.16644378977132832f,-0.4217141148117654f,-0.8913213058235998f,-0.10530185268041035f,0f,0f,0f,1f],start_interpolation:0}
execute if entity @s[tag=aj.blazing_inferno.bone.head] run data modify entity @s {} merge value {transformation:[-1f,5.322185350870159e-17f,1.1029520450009098e-16f,2.2124375002412747e-17f,0f,0.9006286921003083f,-0.4345894142356532f,1.83787007386349f,-1.2246467991473532e-16f,-0.4345894142356532f,-0.9006286921003083f,-0.18065923185212746f,0f,0f,0f,1f],start_interpolation:0}
execute if entity @s[tag=aj.blazing_inferno.bone.bottom] run data modify entity @s {} merge value {transformation:[-1f,-3.556875475880134e-18f,1.224130159070826e-16f,0f,0f,0.9995781313625391f,0.02904409237305457f,1.1099537037037037f,-1.2246467991473532e-16f,0.02904409237305457f,-0.9995781313625391f,0f,0f,0f,0f,1f],start_interpolation:0}