execute if entity @s[tag=aj.blazing_inferno.bone.body] run data modify entity @s {} merge value {transformation:[-1f,1.9064701099998025e-17f,1.2097162889945026e-16f,-2.383087637499753e-18f,0f,0.9878083132514242f,-0.1556750984305974f,0.8838272015843125f,-1.2246467991473532e-16f,-0.1556750984305974f,-0.9878083132514242f,0.019459387303824675f,0f,0f,0f,1f],start_interpolation:0}
execute if entity @s[tag=aj.blazing_inferno.bone.left_hand] run data modify entity @s {} merge value {transformation:[-0.8671636309622263f,0.42120992479247993f,-0.26572436168466196f,1.0869441363818786f,-0.27469936816087515f,-0.8495894625633608f,-0.450264369269117f,1.5850778096867075f,-0.4154124387502422f,-0.31745857108859576f,0.8524391833872743f,0.2020860129835918f,0f,0f,0f,1f],start_interpolation:0}
execute if entity @s[tag=aj.blazing_inferno.bone.left_arm] run data modify entity @s {} merge value {transformation:[-0.03839742879003878f,-0.8983355289266537f,0.43762874097845017f,0.65625f,-0.9485204781061085f,0.17055105910857218f,0.2668730762934019f,1.4278934991173236f,-0.31437961141854204f,-0.40485258268289925f,-0.8586383675444003f,-0.06628353800365272f,0f,0f,0f,1f],start_interpolation:0}
execute if entity @s[tag=aj.blazing_inferno.bone.right_hand] run data modify entity @s {} merge value {transformation:[-0.8671636309622264f,-0.42120992479247976f,0.26572436168466174f,-1.0869441363818786f,0.27469936816087515f,-0.8495894625633608f,-0.450264369269117f,1.5850778096867075f,0.415412438750242f,-0.3174585710885959f,0.8524391833872744f,0.20208601298359152f,0f,0f,0f,1f],start_interpolation:0}
execute if entity @s[tag=aj.blazing_inferno.bone.right_arm] run data modify entity @s {} merge value {transformation:[-0.038397428790038865f,0.8983355289266537f,-0.43762874097844995f,-0.65625f,0.9485204781061085f,0.17055105910857218f,0.2668730762934019f,1.4278934991173236f,0.31437961141854204f,-0.40485258268289903f,-0.8586383675444004f,-0.06628353800365289f,0f,0f,0f,1f],start_interpolation:0}
execute if entity @s[tag=aj.blazing_inferno.bone.head] run data modify entity @s {} merge value {transformation:[-1f,1.5333084232789093e-17f,1.2150100557003125e-16f,1.429852582499852e-17f,0f,0.9921310018090522f,-0.12520413431419233f,1.7481594756793086f,-1.2246467991473532e-16f,-0.12520413431419233f,-0.9921310018090522f,-0.11675632382294805f,0f,0f,0f,1f],start_interpolation:0}
execute if entity @s[tag=aj.blazing_inferno.bone.bottom] run data modify entity @s {} merge value {transformation:[-1f,-1.8971911665000807e-18f,1.224499836353453e-16f,0f,0f,0.9998799957718401f,0.015491741519440373f,1.0073032407407405f,-1.2246467991473532e-16f,0.015491741519440373f,-0.9998799957718401f,0f,0f,0f,0f,1f],start_interpolation:0}