execute if entity @s[tag=aj.blazing_inferno.bone.body] run data modify entity @s {} merge value {transformation:[-1f,9.617786484443605e-18f,1.2208642844214188e-16f,-1.2022233105554507e-18f,0f,0.996911342332689f,-0.07853518656268797f,0.8045064525787842f,-1.2246467991473532e-16f,-0.07853518656268797f,-0.996911342332689f,0.009816898320335997f,0f,0f,0f,1f],start_interpolation:0}
execute if entity @s[tag=aj.blazing_inferno.bone.left_hand] run data modify entity @s {} merge value {transformation:[-0.4372743349416566f,-0.33258364558921444f,0.8355712265797093f,0.9273250913522129f,0.1506664928161629f,-0.9430662288802376f,-0.29652267348060346f,1.3159156265393706f,0.8866175973574002f,-0.00376916863448868f,0.46248786948848253f,0.02887355684224599f,0f,0f,0f,1f],start_interpolation:0}
execute if entity @s[tag=aj.blazing_inferno.bone.left_arm] run data modify entity @s {} merge value {transformation:[-0.4372743349416566f,-0.7971033478600512f,-0.4164341590595446f,0.421875f,0.1506664928161629f,0.3915752760205174f,-0.907727057629072f,1.552189959328301f,0.8866175973574002f,-0.4596684196676489f,-0.05112905256737153f,-0.049084491601679936f,0f,0f,0f,1f],start_interpolation:0}
execute if entity @s[tag=aj.blazing_inferno.bone.right_hand] run data modify entity @s {} merge value {transformation:[-0.43727433494165613f,0.3325836455892198f,-0.8355712265797073f,-0.9273250913522113f,-0.150666492816163f,-0.9430662288802358f,-0.29652267348060946f,1.3159156265393677f,-0.8866175973574004f,-0.0037691686344913655f,0.46248786948848236f,0.028873556842245615f,0f,0f,0f,1f],start_interpolation:0}
execute if entity @s[tag=aj.blazing_inferno.bone.right_arm] run data modify entity @s {} merge value {transformation:[-0.43727433494165613f,0.7971033478600487f,0.41643415905954984f,-0.421875f,-0.150666492816163f,0.3915752760205231f,-0.9077270576290697f,1.552189959328301f,-0.8866175973574004f,-0.45966841966764843f,-0.051129052567374184f,-0.04908449160168003f,0f,0f,0f,1f],start_interpolation:0}
execute if entity @s[tag=aj.blazing_inferno.bone.head] run data modify entity @s {} merge value {transformation:[-1f,4.69054322299095e-17f,1.1312593979253364e-16f,7.213339863332704e-18f,0f,0.9237433999035176f,-0.38301192035586823f,1.676803877119887f,-1.2246467991473532e-16f,-0.38301192035586823f,-0.9237433999035176f,-0.058901389922015976f,0f,0f,0f,1f],start_interpolation:0}
execute if entity @s[tag=aj.blazing_inferno.bone.bottom] run data modify entity @s {} merge value {transformation:[-1f,0f,1.2246467991473532e-16f,0f,0f,1f,0f,0.9291203703703703f,-1.2246467991473532e-16f,0f,-1f,0f,0f,0f,0f,1f],start_interpolation:0}