execute if entity @s[tag=aj.blazing_inferno.bone.body] run data modify entity @s {} merge value {transformation:[-1f,1.465716521133268e-18f,1.2245590839848542e-16f,-1.832145651416585e-19f,0f,0.9999283751343163f,-0.01196848366528012f,0.7324626568119142f,-1.2246467991473532e-16f,-0.01196848366528012f,-0.9999283751343163f,0.001496060458160015f,0f,0f,0f,1f],start_interpolation:0}
execute if entity @s[tag=aj.blazing_inferno.bone.left_hand] run data modify entity @s {} merge value {transformation:[-0.8794465734094387f,-0.46894668375466975f,0.08162556164520252f,0.7219473620734649f,-0.05151972268961023f,-0.07669860040029697f,-0.9957223723863098f,1.0186991137007018f,0.4732012708059676f,-0.8798899547626017f,0.043292318204087965f,0.10348180257892212f,0f,0f,0f,1f],start_interpolation:0}
execute if entity @s[tag=aj.blazing_inferno.bone.left_arm] run data modify entity @s {} merge value {transformation:[-0.8794465734094387f,-0.2544491850526026f,-0.40228017195042487f,0.421875f,-0.05151972268961023f,0.8910489834658853f,-0.4509738653607302f,1.4824089381626515f,0.4732012708059676f,-0.375882057686289f,-0.7967391267015438f,-0.007480302290800022f,0f,0f,0f,1f],start_interpolation:0}
execute if entity @s[tag=aj.blazing_inferno.bone.right_hand] run data modify entity @s {} merge value {transformation:[-0.8794465734094384f,0.46894668375466997f,-0.08162556164520254f,-0.7219473620734649f,0.05151972268961023f,-0.07669860040029697f,-0.9957223723863098f,1.0186991137007018f,-0.4732012708059678f,-0.8798899547626016f,0.043292318204087965f,0.10348180257892194f,0f,0f,0f,1f],start_interpolation:0}
execute if entity @s[tag=aj.blazing_inferno.bone.right_arm] run data modify entity @s {} merge value {transformation:[-0.8794465734094384f,0.2544491850526027f,0.4022801719504251f,-0.421875f,0.05151972268961023f,0.8910489834658853f,-0.4509738653607302f,1.4824089381626515f,-0.4732012708059678f,-0.37588205768628896f,-0.7967391267015437f,-0.0074803022908001265f,0f,0f,0f,1f],start_interpolation:0}
execute if entity @s[tag=aj.blazing_inferno.bone.head] run data modify entity @s {} merge value {transformation:[-1f,-1.2483916234333363e-17f,1.2182671981988486e-16f,1.099287390849951e-18f,0f,0.9947906604966049f,0.1019389120440698f,1.6073999850544411f,-1.2246467991473532e-16f,0.1019389120440698f,-0.9947906604966049f,-0.00897636274896009f,0f,0f,0f,1f],start_interpolation:0}
execute if entity @s[tag=aj.blazing_inferno.bone.bottom] run data modify entity @s {} merge value {transformation:[-1f,0f,1.2246467991473532e-16f,0f,0f,1f,0f,0.8574537037037038f,-1.2246467991473532e-16f,0f,-1f,0f,0f,0f,0f,1f],start_interpolation:0}