execute if entity @s[tag=aj.blazing_inferno.bone.body] run data modify entity @s {} merge value {transformation:[-1f,3.193230768583271e-17f,1.1822827729640606e-16f,-3.9915384607290886e-18f,0f,0.9654071474217807f,-0.260747079958607f,1.0341273473130181f,-1.2246467991473532e-16f,-0.260747079958607f,-0.9654071474217807f,0.03259338499482588f,0f,0f,0f,1f],start_interpolation:0}
execute if entity @s[tag=aj.blazing_inferno.bone.left_hand] run data modify entity @s {} merge value {transformation:[-0.14991101360489256f,-0.02221419831272492f,0.9884499063651515f,0.9474493952053974f,0.31165398588548315f,-0.9498420706094204f,0.025919760456071278f,1.5617313281613325f,0.9382955190565736f,0.31194001072919764f,0.1493149310170394f,-0.21357545203594686f,0f,0f,0f,1f],start_interpolation:0}
execute if entity @s[tag=aj.blazing_inferno.bone.left_arm] run data modify entity @s {} merge value {transformation:[-0.14991101360489256f,-0.9364067391143154f,-0.3172839531732551f,0.421875f,0.31165398588548315f,0.2597953079802219f,-0.9139902576248572f,1.7581827078793535f,0.9382955190565736f,-0.23590001460948712f,0.2528887147058938f,-0.16296692497412935f,0f,0f,0f,1f],start_interpolation:0}
execute if entity @s[tag=aj.blazing_inferno.bone.right_hand] run data modify entity @s {} merge value {transformation:[-0.14991101360489234f,0.02221419831272481f,-0.9884499063651515f,-0.9474493952053973f,-0.31165398588548315f,-0.9498420706094204f,0.025919760456071278f,1.5617313281613325f,-0.9382955190565736f,0.31194001072919764f,0.1493149310170392f,-0.21357545203594708f,0f,0f,0f,1f],start_interpolation:0}
execute if entity @s[tag=aj.blazing_inferno.bone.right_arm] run data modify entity @s {} merge value {transformation:[-0.14991101360489234f,0.9364067391143154f,0.317283953173255f,-0.421875f,-0.31165398588548315f,0.2597953079802219f,-0.9139902576248572f,1.7581827078793535f,-0.9382955190565736f,-0.2359000146094869f,0.25288871470589386f,-0.16296692497412946f,0f,0f,0f,1f],start_interpolation:0}
execute if entity @s[tag=aj.blazing_inferno.bone.head] run data modify entity @s {} merge value {transformation:[-1f,7.169899739938261e-17f,9.928167806066688e-17f,2.394923076437453e-17f,0f,0.8106964238978182f,-0.5854667439567248f,1.8788586013070763f,-1.2246467991473532e-16f,-0.5854667439567248f,-0.8106964238978182f,-0.19556030996895526f,0f,0f,0f,1f],start_interpolation:0}
execute if entity @s[tag=aj.blazing_inferno.bone.bottom] run data modify entity @s {} merge value {transformation:[-1f,-2.7828488375468665e-18f,1.2243305754152324e-16f,0f,0f,0.9997417837270787f,0.022723685224869686f,1.1548032407407407f,-1.2246467991473532e-16f,0.022723685224869686f,-0.9997417837270787f,0f,0f,0f,0f,1f],start_interpolation:0}