execute if entity @s[tag=aj.blazing_inferno.bone.body] run data modify entity @s {} merge value {transformation:[-1f,7.004131218922162e-19f,1.2246267695946083e-16f,-8.755164023652703e-20f,0f,0.9999836446289992f,-0.005719307169870293f,0.7248052851621158f,-1.2246467991473532e-16f,-0.005719307169870293f,-0.9999836446289992f,0.0007149133962337866f,0f,0f,0f,1f],start_interpolation:0}
execute if entity @s[tag=aj.blazing_inferno.bone.left_hand] run data modify entity @s {} merge value {transformation:[-0.9635663564652335f,-0.10330581783274734f,0.24671397343932885f,0.8548044312090457f,-0.2647838580562214f,0.49880830763040845f,-0.8252755786716036f,1.11884965145011f,-0.03780721096798137f,-0.86053366014398f,-0.50798861656343f,-0.0475817925059667f,0f,0f,0f,1f],start_interpolation:0}
execute if entity @s[tag=aj.blazing_inferno.bone.left_arm] run data modify entity @s {} merge value {transformation:[-0.8843850555544804f,-0.46624516287605233f,0.021875136721443863f,0.45937500000000003f,-0.4568539755394182f,0.8742715213185098f,0.16411505733858456f,1.4372936319602778f,-0.09564266069974815f,0.13514716092505086f,-0.9861986241869186f,-0.00336009296229874f,0f,0f,0f,1f],start_interpolation:0}
execute if entity @s[tag=aj.blazing_inferno.bone.right_hand] run data modify entity @s {} merge value {transformation:[-0.9635663564652334f,0.10330581783274756f,-0.24671397343932877f,-0.8548044312090457f,0.2647838580562214f,0.49880830763040845f,-0.8252755786716036f,1.11884965145011f,0.037807210967981134f,-0.86053366014398f,-0.5079886165634301f,-0.04758179250596692f,0f,0f,0f,1f],start_interpolation:0}
execute if entity @s[tag=aj.blazing_inferno.bone.right_arm] run data modify entity @s {} merge value {transformation:[-0.8843850555544804f,0.46624516287605233f,-0.02187513672144362f,-0.45937500000000003f,0.4568539755394182f,0.8742715213185098f,0.16411505733858456f,1.4372936319602778f,0.09564266069974794f,0.135147160925051f,-0.9861986241869186f,-0.003360092962298853f,0f,0f,0f,1f],start_interpolation:0}
execute if entity @s[tag=aj.blazing_inferno.bone.head] run data modify entity @s {} merge value {transformation:[-1f,-1.3738190727988646e-17f,1.2169165929569693e-16f,5.253098414191621e-19f,0f,0.9936878076227644f,0.11218084052931596f,1.5997909742124903f,-1.2246467991473532e-16f,0.11218084052931596f,-0.9936878076227644f,-0.00428948037740272f,0f,0f,0f,1f],start_interpolation:0}
execute if entity @s[tag=aj.blazing_inferno.bone.bottom] run data modify entity @s {} merge value {transformation:[-1f,0f,1.2246467991473532e-16f,0f,0f,1f,0f,0.8498032407407408f,-1.2246467991473532e-16f,0f,-1f,0f,0f,0f,0f,1f],start_interpolation:0}