execute if entity @s[tag=aj.blazing_inferno.bone.body] run data modify entity @s {} merge value {transformation:[-1f,3.2103602656463453e-17f,1.181818789962932e-16f,-4.012950332057932e-18f,0f,0.9650282765494185f,-0.2621458095412917f,1.0413622061720633f,-1.2246467991473532e-16f,-0.2621458095412917f,-0.9650282765494185f,0.03276822619266146f,0f,0f,0f,1f],start_interpolation:0}
execute if entity @s[tag=aj.blazing_inferno.bone.left_hand] run data modify entity @s {} merge value {transformation:[-0.22047585912878775f,-0.020157418143823047f,0.9751841231455722f,0.9592542851142686f,0.3191257207467229f,-0.9462520822195549f,0.05259060042480718f,1.596816654761955f,0.9217099163507506f,0.3228012939703498f,0.21505849137330135f,-0.18044791059321735f,0f,0f,0f,1f],start_interpolation:0}
execute if entity @s[tag=aj.blazing_inferno.bone.left_arm] run data modify entity @s {} merge value {transformation:[-0.22047585912878775f,-0.9337224687578747f,-0.28205096503668076f,0.421875f,0.3191257207467229f,0.2041989386958334f,-0.9254520883294716f,1.765133413584127f,0.9217099163507506f,-0.29404956176161057f,0.2529539193776156f,-0.16384113096330724f,0f,0f,0f,1f],start_interpolation:0}
execute if entity @s[tag=aj.blazing_inferno.bone.right_hand] run data modify entity @s {} merge value {transformation:[-0.22047585912878753f,0.020157418143822936f,-0.9751841231455722f,-0.9592542851142686f,-0.3191257207467229f,-0.9462520822195549f,0.05259060042480718f,1.596816654761955f,-0.9217099163507507f,0.32280129397034985f,0.21505849137330113f,-0.1804479105932176f,0f,0f,0f,1f],start_interpolation:0}
execute if entity @s[tag=aj.blazing_inferno.bone.right_arm] run data modify entity @s {} merge value {transformation:[-0.22047585912878753f,0.9337224687578747f,0.28205096503668065f,-0.421875f,-0.3191257207467229f,0.2041989386958334f,-0.9254520883294716f,1.765133413584127f,-0.9217099163507507f,-0.29404956176161035f,0.2529539193776157f,-0.16384113096330735f,0f,0f,0f,1f],start_interpolation:0}
execute if entity @s[tag=aj.blazing_inferno.bone.head] run data modify entity @s {} merge value {transformation:[-1f,7.574860148100929e-17f,9.622758024750395e-17f,2.4077701992347592e-17f,0f,0.7857578227004011f,-0.618534270728086f,1.8857619481528045f,-1.2246467991473532e-16f,-0.618534270728086f,-0.7857578227004011f,-0.19660935715596878f,0f,0f,0f,1f],start_interpolation:0}
execute if entity @s[tag=aj.blazing_inferno.bone.bottom] run data modify entity @s {} merge value {transformation:[-1f,-9.201499403256414e-19f,1.2246122304919993e-16f,0f,0f,0.9999717725507649f,0.007513594458143243f,1.1619907407407406f,-1.2246467991473532e-16f,0.007513594458143243f,-0.9999717725507649f,0f,0f,0f,0f,1f],start_interpolation:0}