execute if entity @s[tag=aj.blazing_inferno.bone.body] run data modify entity @s {} merge value {transformation:[-1f,3.2268489655110474e-17f,1.1813696458770474e-16f,-4.033561206888809e-18f,0f,0.9646615225708858f,-0.2634922140618589f,1.0409798096786393f,-1.2246467991473532e-16f,-0.2634922140618589f,-0.9646615225708858f,0.032936526757732364f,0f,0f,0f,1f],start_interpolation:0}
execute if entity @s[tag=aj.blazing_inferno.bone.left_hand] run data modify entity @s {} merge value {transformation:[-0.1939750973318154f,-0.025884217921031738f,0.9806649116174848f,0.9545865639678668f,0.3196282035207244f,-0.9467713935179396f,0.0382327075972034f,1.5833731339831996f,0.9274758612110762f,0.3208643571335329f,0.1919233992822591f,-0.19301938666723006f,0f,0f,0f,1f],start_interpolation:0}
execute if entity @s[tag=aj.blazing_inferno.bone.left_arm] run data modify entity @s {} merge value {transformation:[-0.1939750973318154f,-0.9342893801753438f,-0.29912708955673806f,0.421875f,0.3196282035207244f,0.22808946722535187f,-0.9196809264386044f,1.7644759516068036f,0.9274758612110762f,-0.2740046514795454f,0.2543815595485366f,-0.16468263378866177f,0f,0f,0f,1f],start_interpolation:0}
execute if entity @s[tag=aj.blazing_inferno.bone.right_hand] run data modify entity @s {} merge value {transformation:[-0.19397509733181517f,0.025884217921031627f,-0.9806649116174848f,-0.9545865639678667f,-0.3196282035207244f,-0.9467713935179396f,0.0382327075972034f,1.5833731339831996f,-0.9274758612110762f,0.32086435713353295f,0.19192339928225882f,-0.19301938666723029f,0f,0f,0f,1f],start_interpolation:0}
execute if entity @s[tag=aj.blazing_inferno.bone.right_arm] run data modify entity @s {} merge value {transformation:[-0.19397509733181517f,0.9342893801753438f,0.29912708955673795f,-0.421875f,-0.3196282035207244f,0.22808946722535187f,-0.9196809264386044f,1.7644759516068036f,-0.9274758612110762f,-0.27400465147954517f,0.2543815595485367f,-0.16468263378866188f,0f,0f,0f,1f],start_interpolation:0}
execute if entity @s[tag=aj.blazing_inferno.bone.head] run data modify entity @s {} merge value {transformation:[-1f,7.556677336173006e-17f,9.637043421255038e-17f,2.4201367241332855e-17f,0f,0.7869243138482641f,-0.6170495314595408f,1.8850586419281643f,-1.2246467991473532e-16f,-0.6170495314595408f,-0.7869243138482641f,-0.19761916054639417f,0f,0f,0f,1f],start_interpolation:0}
execute if entity @s[tag=aj.blazing_inferno.bone.bottom] run data modify entity @s {} merge value {transformation:[-1f,-1.683715426556109e-18f,1.2245310501976238e-16f,0f,0f,0.9999054838098543f,0.013748579816877627f,1.1615625f,-1.2246467991473532e-16f,0.013748579816877627f,-0.9999054838098543f,0f,0f,0f,0f,1f],start_interpolation:0}