execute if entity @s[tag=aj.blazing_inferno.bone.body] run data modify entity @s {} merge value {transformation:[-1f,3.080772979382894e-17f,1.18526290803218e-16f,-3.850966224228617e-18f,0f,0.9678406123768961f,-0.2515642045957943f,1.020119460489925f,-1.2246467991473532e-16f,-0.2515642045957943f,-0.9678406123768961f,0.03144552557447429f,0f,0f,0f,1f],start_interpolation:0}
execute if entity @s[tag=aj.blazing_inferno.bone.left_hand] run data modify entity @s {} merge value {transformation:[-0.11723461370805588f,-0.002792029235974991f,0.9931003221837501f,0.9436606934332527f,0.2954588737492336f,-0.9548128522369109f,0.03219427163408245f,1.5457371137541607f,0.9481350638340283f,0.29719458571104573f,0.11276204570901734f,-0.22806060856640703f,0f,0f,0f,1f],start_interpolation:0}
execute if entity @s[tag=aj.blazing_inferno.bone.left_arm] run data modify entity @s {} merge value {transformation:[-0.11723461370805588f,-0.9408079122126911f,-0.3180196812568681f,0.421875f,0.2954588737492336f,0.27268567941732785f,-0.9156126769347094f,1.7459999197725973f,0.9481350638340283f,-0.20130323534088407f,0.24600184586652038f,-0.15722762787237138f,0f,0f,0f,1f],start_interpolation:0}
execute if entity @s[tag=aj.blazing_inferno.bone.right_hand] run data modify entity @s {} merge value {transformation:[-0.11723461370805566f,0.00279202923597488f,-0.99310032218375f,-0.9436606934332525f,-0.2954588737492336f,-0.9548128522369109f,0.03219427163408245f,1.5457371137541607f,-0.9481350638340283f,0.2971945857110457f,0.11276204570901711f,-0.22806060856640725f,0f,0f,0f,1f],start_interpolation:0}
execute if entity @s[tag=aj.blazing_inferno.bone.right_arm] run data modify entity @s {} merge value {transformation:[-0.11723461370805566f,0.9408079122126911f,0.31801968125686797f,-0.421875f,-0.2954588737492336f,0.27268567941732785f,-0.9156126769347094f,1.7459999197725973f,-0.9481350638340283f,-0.20130323534088385f,0.24600184586652044f,-0.1572276278723715f,0f,0f,0f,1f],start_interpolation:0}
execute if entity @s[tag=aj.blazing_inferno.bone.head] run data modify entity @s {} merge value {transformation:[-1f,6.400909386838372e-17f,1.044051422525108e-16f,2.3105797345371704e-17f,0f,0.8525326839150825f,-0.5226739163728623f,1.8669799963197091f,-1.2246467991473532e-16f,-0.5226739163728623f,-0.8525326839150825f,-0.18867315344684574f,0f,0f,0f,1f],start_interpolation:0}
execute if entity @s[tag=aj.blazing_inferno.bone.bottom] run data modify entity @s {} merge value {transformation:[-1f,-3.381022735860391e-18f,1.2241799913361666e-16f,0f,0f,0.9996188224951786f,0.027608145778965743f,1.1410995370370371f,-1.2246467991473532e-16f,0.027608145778965743f,-0.9996188224951786f,0f,0f,0f,0f,1f],start_interpolation:0}