execute if entity @s[tag=aj.blazing_inferno.bone.body] run data modify entity @s {} merge value {transformation:[-1f,3.567252846829626e-18f,1.2241271393832161e-16f,-4.459066058537033e-19f,0f,0.9995756656004827f,-0.0291288300374711f,0.7520437825406804f,-1.2246467991473532e-16f,-0.0291288300374711f,-0.9995756656004827f,0.0036411037546838876f,0f,0f,0f,1f],start_interpolation:0}
execute if entity @s[tag=aj.blazing_inferno.bone.left_hand] run data modify entity @s {} merge value {transformation:[-0.4372743349416566f,-0.33258364558921444f,0.8355712265797093f,0.9273250913522129f,0.10662730398970553f,-0.9417254405525086f,-0.319035754516748f,1.2618843700002278f,0.8929847557742622f,-0.050411440197354766f,0.4472548631954823f,0.047970268240081076f,0f,0f,0f,1f],start_interpolation:0}
execute if entity @s[tag=aj.blazing_inferno.bone.left_arm] run data modify entity @s {} merge value {transformation:[-0.4372743349416566f,-0.7971033478600512f,-0.4164341590595446f,0.421875f,0.10662730398970553f,0.41383255010399017f,-0.9040869640241006f,1.5017255317410423f,0.8929847557742622f,-0.4397372775927993f,-0.09596537214044636f,-0.018205518773419384f,0f,0f,0f,1f],start_interpolation:0}
execute if entity @s[tag=aj.blazing_inferno.bone.right_hand] run data modify entity @s {} merge value {transformation:[-0.43727433494165635f,0.33258364558921444f,-0.8355712265797093f,-0.9273250913522127f,-0.10662730398970553f,-0.9417254405525086f,-0.319035754516748f,1.2618843700002278f,-0.8929847557742623f,-0.05041144019735469f,0.4472548631954821f,0.04797026824008087f,0f,0f,0f,1f],start_interpolation:0}
execute if entity @s[tag=aj.blazing_inferno.bone.right_arm] run data modify entity @s {} merge value {transformation:[-0.43727433494165635f,0.7971033478600512f,0.4164341590595446f,-0.421875f,-0.10662730398970553f,0.41383255010399017f,-0.9040869640241006f,1.5017255317410423f,-0.8929847557742623f,-0.4397372775927991f,-0.09596537214044626f,-0.01820551877341949f,0f,0f,0f,1f],start_interpolation:0}
execute if entity @s[tag=aj.blazing_inferno.bone.head] run data modify entity @s {} merge value {transformation:[-1f,-9.331888973308943e-18f,1.2210861425308377e-16f,2.6754396351222195e-18f,0f,0.9970925032270572f,0.07620065622027648f,1.6266724899411027f,-1.2246467991473532e-16f,0.07620065622027648f,-0.9970925032270572f,-0.021846622528103325f,0f,0f,0f,1f],start_interpolation:0}
execute if entity @s[tag=aj.blazing_inferno.bone.bottom] run data modify entity @s {} merge value {transformation:[-1f,0f,1.2246467991473532e-16f,0f,0f,1f,0f,0.8769907407407407f,-1.2246467991473532e-16f,0f,-1f,0f,0f,0f,0f,1f],start_interpolation:0}