execute if entity @s[tag=aj.blazing_inferno.bone.body] run data modify entity @s {} merge value {transformation:[-0.7071067811865474f,-0.18301270189221933f,0.6830127018922193f,0.022876587736527416f,0f,0.9659258262890683f,0.2588190451025207f,0.7230092717138664f,-0.7071067811865476f,0.18301270189221924f,-0.6830127018922193f,-0.022876587736527405f,0f,0f,0f,1f],start_interpolation:0}
execute if entity @s[tag=aj.blazing_inferno.bone.left_hand] run data modify entity @s {} merge value {transformation:[-0.27086608474968477f,-0.016124425818475507f,0.9624819827011832f,0.5350123384914539f,0.12940952255126031f,0.9901734167849102f,0.0530073595413994f,1.0084431151724533f,-0.9538787866419042f,0.13891222978744822f,-0.26611774238116437f,0.4500054233459946f,0f,0f,0f,1f],start_interpolation:0}
execute if entity @s[tag=aj.blazing_inferno.bone.left_arm] run data modify entity @s {} merge value {transformation:[-0.27086608474968477f,-0.5652653420620243f,0.7791704930218284f,0.18392773463043757f,0.12940952255126031f,0.7806988061738407f,0.6113612266997268f,1.4474536414306676f,-0.9538787866419042f,0.2664291033319044f,-0.1383141109660399f,0.41269361199571175f,0f,0f,0f,1f],start_interpolation:0}
execute if entity @s[tag=aj.blazing_inferno.bone.right_hand] run data modify entity @s {} merge value {transformation:[-0.5554950165585022f,0.47425619198125346f,0.6830127018922193f,-0.7687975295904718f,0.7912401152362237f,0.5540322932223236f,0.2588190451025207f,1.3014815072631f,-0.25566455878677585f,0.6841997386978848f,-0.6830127018922193f,-0.5953459505862095f,0f,0f,0f,1f],start_interpolation:0}
execute if entity @s[tag=aj.blazing_inferno.bone.right_arm] run data modify entity @s {} merge value {transformation:[-0.5554950165585022f,0.47425619198125346f,0.6830127018922193f,-0.41269361199571175f,0.7912401152362237f,0.5540322932223236f,0.2588190451025207f,1.4474536414306676f,-0.25566455878677585f,0.6841997386978848f,-0.6830127018922193f,-0.18392773463043774f,0f,0f,0f,1f],start_interpolation:0}
execute if entity @s[tag=aj.blazing_inferno.bone.head] run data modify entity @s {} merge value {transformation:[-0.8415063354558003f,-0.3535533908144759f,0.40849368077283177f,-0.1372595264191645f,-0.12940950058686682f,0.8660254010625057f,0.4829629239107117f,1.5681943697168013f,-0.5245190831090967f,0.35355339703941846f,-0.7745190293958437f,0.13725952641916445f,0f,0f,0f,1f],start_interpolation:0}
execute if entity @s[tag=aj.blazing_inferno.bone.bottom] run data modify entity @s {} merge value {transformation:[-1f,0f,1.2246467991473532e-16f,0f,0f,1f,0f,0.84375f,-1.2246467991473532e-16f,0f,-1f,0f,0f,0f,0f,1f],start_interpolation:0}