execute if entity @s[tag=aj.blazing_inferno.bone.body] run data modify entity @s {} merge value {transformation:[-1f,-3.520285443287314e-17f,1.172960223809679e-16f,4.400356804109143e-18f,0f,0.9577947083406738f,0.28745312082947294f,0.988238489445754f,-1.2246467991473532e-16f,0.28745312082947294f,-0.9577947083406738f,-0.03593164010368412f,0f,0f,0f,1f],start_interpolation:0}
execute if entity @s[tag=aj.blazing_inferno.bone.left_hand] run data modify entity @s {} merge value {transformation:[0.09313223278322846f,0.9946682126703336f,0.044289207714911835f,0.6625469501583243f,0.06986062291208661f,0.03784469762533177f,-0.996838639012344f,1.204726804021682f,-0.9931998190611724f,0.09593187981506066f,-0.06596357973914801f,0.8208839815093267f,0f,0f,0f,1f],start_interpolation:0}
execute if entity @s[tag=aj.blazing_inferno.bone.left_arm] run data modify entity @s {} merge value {transformation:[-0.9910327750348884f,0.03240144728483945f,-0.12963095702993155f,0.42187499999999994f,0.11867282236335745f,0.6592860187016457f,-0.7424679836712477f,1.4970310818994648f,0.06140684032714272f,-0.75119377776868f,-0.6572192238535447f,0.4430374067711971f,0f,0f,0f,1f],start_interpolation:0}
execute if entity @s[tag=aj.blazing_inferno.bone.right_hand] run data modify entity @s {} merge value {transformation:[0.09313223278322823f,-0.9946682126703336f,-0.04428920771491182f,-0.6625469501583245f,-0.06986062291208661f,0.03784469762533177f,-0.996838639012344f,1.204726804021682f,0.9931998190611724f,0.09593187981506042f,-0.06596357973914807f,0.8208839815093265f,0f,0f,0f,1f],start_interpolation:0}
execute if entity @s[tag=aj.blazing_inferno.bone.right_arm] run data modify entity @s {} merge value {transformation:[-0.9910327750348884f,-0.03240144728483927f,0.12963095702993171f,-0.42187500000000006f,-0.11867282236335745f,0.6592860187016457f,-0.7424679836712477f,1.4970310818994648f,-0.061406840327142956f,-0.75119377776868f,-0.6572192238535447f,0.44303740677119696f,0f,0f,0f,1f],start_interpolation:0}
execute if entity @s[tag=aj.blazing_inferno.bone.head] run data modify entity @s {} merge value {transformation:[-1f,-8.561634719369325e-17f,8.756391334235556e-17f,-2.6402140824654857e-17f,0f,0.715013613748233f,0.6991105292832406f,1.8263088592438437f,-1.2246467991473532e-16f,0.6991105292832406f,-0.715013613748233f,0.2155898406221047f,0f,0f,0f,1f],start_interpolation:0}
execute if entity @s[tag=aj.blazing_inferno.bone.bottom] run data modify entity @s {} merge value {transformation:[-1f,4.6865204053262974e-17f,1.1314261122877003e-16f,0f,0f,0.9238795325112867f,-0.3826834323650897f,1.1079628279883382f,-1.2246467991473532e-16f,-0.3826834323650897f,-0.9238795325112867f,0f,0f,0f,0f,1f],start_interpolation:0}