execute if entity @s[tag=aj.blazing_inferno.bone.body] run data modify entity @s {} merge value {transformation:[-1f,2.4449477045971004e-18f,1.2244027138707412e-16f,-3.0561846307463755e-19f,0f,0.999800689246253f,-0.019964513084910426f,0.7415874138442184f,-1.2246467991473532e-16f,-0.019964513084910426f,-0.999800689246253f,0.002495564135613803f,0f,0f,0f,1f],start_interpolation:0}
execute if entity @s[tag=aj.blazing_inferno.bone.left_hand] run data modify entity @s {} merge value {transformation:[-0.683104786706245f,-0.576572180870376f,0.44825480546826735f,0.8263212381044729f,0.05895850764925418f,-0.6553121755627979f,-0.7530536813102542f,1.1296030141391307f,0.7279366351234073f,-0.48798613997277784f,0.48164071925002355f,0.13878865308074298f,0f,0f,0f,1f],start_interpolation:0}
execute if entity @s[tag=aj.blazing_inferno.bone.left_arm] run data modify entity @s {} merge value {transformation:[-0.683104786706245f,-0.5202147587709215f,-0.5125860465677228f,0.421875f,0.05895850764925418f,0.6602921345045499f,-0.7486909853118296f,1.491437930778908f,0.7279366351234073f,-0.5416557041777897f,-0.4203776318702915f,-0.012477820678068964f,0f,0f,0f,1f],start_interpolation:0}
execute if entity @s[tag=aj.blazing_inferno.bone.right_hand] run data modify entity @s {} merge value {transformation:[-0.6831047867062447f,0.576572180870376f,-0.44825480546826757f,-0.826321238104473f,-0.05895850764925418f,-0.6553121755627979f,-0.7530536813102542f,1.1296030141391307f,-0.7279366351234074f,-0.48798613997277773f,0.48164071925002344f,0.13878865308074279f,0f,0f,0f,1f],start_interpolation:0}
execute if entity @s[tag=aj.blazing_inferno.bone.right_arm] run data modify entity @s {} merge value {transformation:[-0.6831047867062447f,0.5202147587709217f,0.5125860465677228f,-0.421875f,-0.05895850764925418f,0.6602921345045499f,-0.7486909853118296f,1.491437930778908f,-0.7279366351234074f,-0.5416557041777896f,-0.42037763187029137f,-0.012477820678069068f,0f,0f,0f,1f],start_interpolation:0}
execute if entity @s[tag=aj.blazing_inferno.bone.head] run data modify entity @s {} merge value {transformation:[-1f,-1.0997201194568952e-17f,1.2196991183281532e-16f,1.833710778447825e-18f,0f,0.9959599120149217f,0.0897989624618758f,1.6164130169346898f,-1.2246467991473532e-16f,0.0897989624618758f,-0.9959599120149217f,-0.014973384813682818f,0f,0f,0f,1f],start_interpolation:0}
execute if entity @s[tag=aj.blazing_inferno.bone.bottom] run data modify entity @s {} merge value {transformation:[-1f,0f,1.2246467991473532e-16f,0f,0f,1f,0f,0.8665625f,-1.2246467991473532e-16f,0f,-1f,0f,0f,0f,0f,1f],start_interpolation:0}