execute if entity @s[tag=aj.blazing_inferno.bone.body] run data modify entity @s {} merge value {transformation:[-1f,2.6825452029479827e-18f,1.2243529629095e-16f,-3.3531815036849783e-19f,0f,0.9997600645034489f,-0.021904643892554778f,0.7415924919370689f,-1.2246467991473532e-16f,-0.021904643892554778f,-0.9997600645034489f,0.0027380804865693473f,0f,0f,0f,1f],start_interpolation:0}
execute if entity @s[tag=aj.blazing_inferno.bone.left_hand] run data modify entity @s {} merge value {transformation:[-0.9492434287977882f,0.2712793928431027f,0.15919925848726857f,1.0258099190512977f,-0.23762149643191155f,-0.28685590433652425f,-0.9280354058874768f,1.252080653715017f,-0.20608963418298754f,-0.9187606767629709f,0.33675789748181095f,0.1016902442334411f,0f,0f,0f,1f],start_interpolation:0}
execute if entity @s[tag=aj.blazing_inferno.bone.left_arm] run data modify entity @s {} merge value {transformation:[-0.5906725565318807f,-0.7648716668407992f,0.2570549828816202f,0.5343749999999999f,-0.7588174720354988f,0.6348646625087738f,0.14540599860829617f,1.3789395330580176f,-0.27441205347751685f,-0.10917047935132604f,-0.9553951179195204f,-0.01122612999493426f,0f,0f,0f,1f],start_interpolation:0}
execute if entity @s[tag=aj.blazing_inferno.bone.right_hand] run data modify entity @s {} merge value {transformation:[-0.9492434287977882f,-0.2712793928431025f,-0.15919925848726865f,-1.0258099190512977f,0.23762149643191155f,-0.28685590433652425f,-0.9280354058874768f,1.252080653715017f,0.2060896341829873f,-0.918760676762971f,0.33675789748181084f,0.10169024423344086f,0f,0f,0f,1f],start_interpolation:0}
execute if entity @s[tag=aj.blazing_inferno.bone.right_arm] run data modify entity @s {} merge value {transformation:[-0.5906725565318807f,0.7648716668407992f,-0.25705498288162f,-0.5343749999999999f,0.7588174720354988f,0.6348646625087738f,0.14540599860829617f,1.3789395330580176f,0.27441205347751674f,-0.10917047935132586f,-0.9553951179195204f,-0.011226129994934391f,0f,0f,0f,1f],start_interpolation:0}
execute if entity @s[tag=aj.blazing_inferno.bone.head] run data modify entity @s {} merge value {transformation:[-1f,-1.0760491144944405e-17f,1.2199102285388931e-16f,2.011908902210987e-18f,0f,0.9961322965839965f,0.08786607822301318f,1.6163825483775867f,-1.2246467991473532e-16f,0.08786607822301318f,-0.9961322965839965f,-0.016428482919416083f,0f,0f,0f,1f],start_interpolation:0}
execute if entity @s[tag=aj.blazing_inferno.bone.bottom] run data modify entity @s {} merge value {transformation:[-1f,0f,1.2246467991473532e-16f,0f,0f,1f,0f,0.8665625f,-1.2246467991473532e-16f,0f,-1f,0f,0f,0f,0f,1f],start_interpolation:0}