execute if entity @s[tag=aj.blazing_inferno.bone.body] run data modify entity @s {} merge value {transformation:[-1f,3.7383320912395716e-18f,1.2240760883129033e-16f,-4.672915114049464e-19f,0f,0.9995339792380568f,-0.030525798081882417f,0.7520489933359836f,-1.2246467991473532e-16f,-0.030525798081882417f,-0.9995339792380568f,0.003815724760235302f,0f,0f,0f,1f],start_interpolation:0}
execute if entity @s[tag=aj.blazing_inferno.bone.left_hand] run data modify entity @s {} merge value {transformation:[-0.8794465734094387f,-0.46894668375466975f,0.08162556164520252f,0.7219473620734649f,-0.04272789819446063f,-0.09301676632272493f,-0.9947473085657217f,1.0401290691099567f,0.4740759973192914f,-0.8783148006144272f,0.061766170250047325f,0.10047114773396787f,0f,0f,0f,1f],start_interpolation:0}
execute if entity @s[tag=aj.blazing_inferno.bone.left_arm] run data modify entity @s {} merge value {transformation:[-0.8794465734094387f,-0.2544491850526026f,-0.40228017195042487f,0.421875f,-0.04272789819446063f,0.8839188509478225f,-0.4656842188167479f,1.501699477764526f,0.4740759973192914f,-0.3923558042964922f,-0.7882314835126619f,-0.019078623801176458f,0f,0f,0f,1f],start_interpolation:0}
execute if entity @s[tag=aj.blazing_inferno.bone.right_hand] run data modify entity @s {} merge value {transformation:[-0.8794465734094384f,0.46894668375467013f,-0.08162556164520127f,-0.7219473620734643f,0.042727898194460615f,-0.09301676632272221f,-0.9947473085657219f,1.040129069109956f,-0.4740759973192916f,-0.8783148006144273f,0.061766170250044994f,0.10047114773396659f,0f,0f,0f,1f],start_interpolation:0}
execute if entity @s[tag=aj.blazing_inferno.bone.right_arm] run data modify entity @s {} merge value {transformation:[-0.8794465734094384f,0.2544491850526016f,0.40228017195042576f,-0.421875f,0.042727898194460615f,0.8839188509478239f,-0.46568421881674554f,1.501699477764526f,-0.4740759973192916f,-0.39235580429649003f,-0.7882314835126629f,-0.019078623801176562f,0f,0f,0f,1f],start_interpolation:0}
execute if entity @s[tag=aj.blazing_inferno.bone.head] run data modify entity @s {} merge value {transformation:[-1f,1.246358569813169e-17f,1.218288014312047e-16f,2.8037490684296787e-18f,0f,0.9948076581429572f,-0.10177290061762562f,1.6266412251692832f,-1.2246467991473532e-16f,-0.10177290061762562f,-0.9948076581429572f,-0.022894348561411815f,0f,0f,0f,1f],start_interpolation:0}
execute if entity @s[tag=aj.blazing_inferno.bone.bottom] run data modify entity @s {} merge value {transformation:[-1f,0f,1.2246467991473532e-16f,0f,0f,1f,0f,0.8769907407407407f,-1.2246467991473532e-16f,0f,-1f,0f,0f,0f,0f,1f],start_interpolation:0}