execute if entity @s[tag=aj.blazing_inferno.bone.body] run data modify entity @s {} merge value {transformation:[-1f,3.924920385663336e-18f,1.2240176806968426e-16f,-4.90615048207917e-19f,0f,0.9994862858001601f,-0.03204940713025191f,0.7520549550157207f,-1.2246467991473532e-16f,-0.03204940713025191f,-0.9994862858001601f,0.0040061758912814886f,0f,0f,0f,1f],start_interpolation:0}
execute if entity @s[tag=aj.blazing_inferno.bone.left_hand] run data modify entity @s {} merge value {transformation:[-0.9337026801000334f,0.3570115393852995f,-0.02724088691202564f,1.0620540092280562f,-0.2002329010934412f,-0.5837159927609743f,-0.7868814555667039f,1.3204502933784588f,-0.2968267011131564f,-0.7292588021688933f,0.6165026431131271f,0.17153274887598854f,0f,0f,0f,1f],start_interpolation:0}
execute if entity @s[tag=aj.blazing_inferno.bone.left_arm] run data modify entity @s {} merge value {transformation:[-0.40243429941009373f,-0.8418151746520726f,0.3597135615789425f,0.5718749999999999f,-0.843085679390418f,0.4939291348748422f,0.21269825323351227f,1.3517467264958167f,-0.3567256254673952f,-0.21767227992395044f,-0.9084963437942967f,-0.015223468386869589f,0f,0f,0f,1f],start_interpolation:0}
execute if entity @s[tag=aj.blazing_inferno.bone.right_hand] run data modify entity @s {} merge value {transformation:[-0.9337026801000333f,-0.3570115393852993f,0.02724088691202553f,-1.0620540092280562f,0.2002329010934412f,-0.5837159927609743f,-0.7868814555667039f,1.3204502933784588f,0.2968267011131562f,-0.7292588021688934f,0.6165026431131272f,0.1715327488759883f,0f,0f,0f,1f],start_interpolation:0}
execute if entity @s[tag=aj.blazing_inferno.bone.right_arm] run data modify entity @s {} merge value {transformation:[-0.40243429941009384f,0.8418151746520726f,-0.3597135615789423f,-0.5718749999999999f,0.843085679390418f,0.4939291348748422f,0.21269825323351227f,1.3517467264958167f,0.3567256254673951f,-0.21767227992395022f,-0.9084963437942968f,-0.015223468386869728f,0f,0f,0f,1f],start_interpolation:0}
execute if entity @s[tag=aj.blazing_inferno.bone.head] run data modify entity @s {} merge value {transformation:[-1f,-8.975054931027031e-18f,1.2213536021809418e-16f,2.9436902892475022e-18f,0f,0.997310900605216f,0.07328688514333939f,1.6266054550908606f,-1.2246467991473532e-16f,0.07328688514333939f,-0.997310900605216f,-0.02403705534768893f,0f,0f,0f,1f],start_interpolation:0}
execute if entity @s[tag=aj.blazing_inferno.bone.bottom] run data modify entity @s {} merge value {transformation:[-1f,0f,1.2246467991473532e-16f,0f,0f,1f,0f,0.8769907407407407f,-1.2246467991473532e-16f,0f,-1f,0f,0f,0f,0f,1f],start_interpolation:0}