execute if entity @s[tag=aj.blazing_inferno.bone.body] run data modify entity @s {} merge value {transformation:[-1f,-3.7612458301629276e-17f,1.165457026540523e-16f,4.7015572877036595e-18f,0f,0.9516678828148326f,0.30712902959299393f,0.7858337887006243f,-1.2246467991473532e-16f,0.30712902959299393f,-0.9516678828148326f,-0.03839112869912424f,0f,0f,0f,1f],start_interpolation:0}
execute if entity @s[tag=aj.blazing_inferno.bone.left_hand] run data modify entity @s {} merge value {transformation:[0.024215492059742258f,0.9950317811498663f,0.0965679265907107f,0.7028558462984946f,0.1049961279098412f,0.09353062955796113f,-0.9900645607526974f,0.9958388712905979f,-0.9941777623082529f,0.034114158881845436f,-0.10220959395056523f,0.8027726612768371f,0f,0f,0f,1f],start_interpolation:0}
execute if entity @s[tag=aj.blazing_inferno.bone.left_arm] run data modify entity @s {} merge value {transformation:[-0.9900855809429032f,-0.05409604750330558f,-0.129630860729511f,0.42187499999999994f,0.058137988125869226f,0.682289017718543f,-0.7287672266487716f,1.284648393712084f,0.12786913914479156f,-0.7290784004105361f,-0.6723794831114229f,0.4509607281761322f,0f,0f,0f,1f],start_interpolation:0}
execute if entity @s[tag=aj.blazing_inferno.bone.right_hand] run data modify entity @s {} merge value {transformation:[0.024215492059742008f,-0.9950317811498665f,-0.09656792659071067f,-0.7028558462984948f,-0.1049961279098412f,0.09353062955796113f,-0.9900645607526974f,0.9958388712905979f,0.9941777623082529f,0.034114158881845186f,-0.10220959395056528f,0.8027726612768369f,0f,0f,0f,1f],start_interpolation:0}
execute if entity @s[tag=aj.blazing_inferno.bone.right_arm] run data modify entity @s {} merge value {transformation:[-0.9900855809429032f,0.05409604750330576f,0.12963086072951116f,-0.42187500000000006f,-0.058137988125869226f,0.682289017718543f,-0.7287672266487716f,1.284648393712084f,-0.1278691391447918f,-0.7290784004105361f,-0.6723794831114229f,0.4509607281761321f,0f,0f,0f,1f],start_interpolation:0}
execute if entity @s[tag=aj.blazing_inferno.bone.head] run data modify entity @s {} merge value {transformation:[-1f,-8.978991502911049e-17f,8.32788627785208e-17f,-2.820934372622196e-17f,0f,0.6800235205489681f,0.7331902969217388f,1.6185431861636028f,-1.2246467991473532e-16f,0.7331902969217388f,-0.6800235205489681f,0.23034677219474545f,0f,0f,0f,1f],start_interpolation:0}
execute if entity @s[tag=aj.blazing_inferno.bone.bottom] run data modify entity @s {} merge value {transformation:[-1f,5.175581015019659e-17f,1.1099069304367545e-16f,0f,0f,0.9063077870366499f,-0.42261826174069944f,0.9047922740524783f,-1.2246467991473532e-16f,-0.42261826174069944f,-0.9063077870366499f,0f,0f,0f,0f,1f],start_interpolation:0}