execute if entity @s[tag=aj.blazing_inferno.bone.body] run data modify entity @s {} merge value {transformation:[-1f,-3.5739650059294826e-17f,1.1713357861970122e-16f,4.467456257411853e-18f,0f,0.9564682543673341f,0.2918363897588934f,0.5492643545014594f,-1.2246467991473532e-16f,0.2918363897588934f,-0.9564682543673341f,-0.03647954871986168f,0f,0f,0f,1f],start_interpolation:0}
execute if entity @s[tag=aj.blazing_inferno.bone.left_hand] run data modify entity @s {} merge value {transformation:[0.09313223278322846f,0.9946682126703336f,0.044289207714911835f,0.6625469501583243f,0.07440831358386701f,0.03740497448515975f,-0.9965261013909116f,0.7618265559888129f,-0.9928694728343777f,0.09610418610533351f,-0.07052797548927603f,0.821318510433262f,0f,0f,0f,1f],start_interpolation:0}
execute if entity @s[tag=aj.blazing_inferno.bone.left_arm] run data modify entity @s {} merge value {transformation:[-0.9910327750348884f,0.03240144728483945f,-0.12963095702993155f,0.42187499999999994f,0.11839036130479447f,0.662719246077957f,-0.7394504197226373f,1.055858141681389f,0.06194966631684485f,-0.7481666572974981f,-0.6606125125605171f,0.44481452436923863f,0f,0f,0f,1f],start_interpolation:0}
execute if entity @s[tag=aj.blazing_inferno.bone.right_hand] run data modify entity @s {} merge value {transformation:[0.09313223278322823f,-0.9946682126703336f,-0.04428920771491182f,-0.6625469501583245f,-0.07440831358386701f,0.03740497448515975f,-0.9965261013909116f,0.7618265559888129f,0.9928694728343777f,0.09610418610533329f,-0.07052797548927608f,0.8213185104332619f,0f,0f,0f,1f],start_interpolation:0}
execute if entity @s[tag=aj.blazing_inferno.bone.right_arm] run data modify entity @s {} merge value {transformation:[-0.9910327750348884f,-0.03240144728483927f,0.12963095702993171f,-0.42187500000000006f,-0.11839036130479447f,0.662719246077957f,-0.7394504197226373f,1.055858141681389f,-0.061949666316845085f,-0.7481666572974981f,-0.6606125125605171f,0.4448145243692385f,0f,0f,0f,1f],start_interpolation:0}
execute if entity @s[tag=aj.blazing_inferno.bone.head] run data modify entity @s {} merge value {transformation:[-1f,-8.608739552653994e-17f,8.710085050144833e-17f,-2.6804737544471118e-17f,0f,0.7112324187030197f,0.7029569308185619f,1.3861740770728768f,-1.2246467991473532e-16f,0.7029569308185619f,-0.7112324187030197f,0.21887729231917008f,0f,0f,0f,1f],start_interpolation:0}
execute if entity @s[tag=aj.blazing_inferno.bone.bottom] run data modify entity @s {} merge value {transformation:[-1f,5.175581015019659e-17f,1.1099069304367545e-16f,0f,0f,0.9063077870366499f,-0.42261826174069944f,0.6688228862973762f,-1.2246467991473532e-16f,-0.42261826174069944f,-0.9063077870366499f,0f,0f,0f,0f,1f],start_interpolation:0}