execute if entity @s[tag=aj.blazing_inferno.bone.body] run data modify entity @s {} merge value {transformation:[-1f,1.5305776241746463e-18f,1.2245511487379755e-16f,-1.9132220302183079e-19f,0f,0.9999218955135111f,-0.012498114764520629f,0.7324634667645149f,-1.2246467991473532e-16f,-0.012498114764520629f,-0.9999218955135111f,0.0015622643455650786f,0f,0f,0f,1f],start_interpolation:0}
execute if entity @s[tag=aj.blazing_inferno.bone.left_hand] run data modify entity @s {} merge value {transformation:[-0.9640429862768718f,-0.26311452538140984f,0.03730773570838265f,0.7006152858098715f,-0.1751465688735071f,0.5235003389553359f,-0.8338291638732038f,0.9933315580762696f,0.19986195241268145f,-0.8103814790868333f,-0.5507604364247919f,-0.030036153178936452f,0f,0f,0f,1f],start_interpolation:0}
execute if entity @s[tag=aj.blazing_inferno.bone.left_arm] run data modify entity @s {} merge value {transformation:[-0.9640429862768718f,-0.1844371310738034f,-0.1913218892119659f,0.421875f,-0.1751465688735071f,0.9824250578581862f,-0.0645343714944009f,1.4824048883996483f,0.19986195241268145f,-0.028704535767090186f,-0.9794035172512844f,-0.007811321727825341f,0f,0f,0f,1f],start_interpolation:0}
execute if entity @s[tag=aj.blazing_inferno.bone.right_hand] run data modify entity @s {} merge value {transformation:[-0.9640429862768718f,0.26311452538141f,-0.037307735708382514f,-0.7006152858098715f,0.1751465688735071f,0.5235003389553359f,-0.8338291638732038f,0.9933315580762696f,-0.19986195241268168f,-0.8103814790868332f,-0.5507604364247918f,-0.030036153178936622f,0f,0f,0f,1f],start_interpolation:0}
execute if entity @s[tag=aj.blazing_inferno.bone.right_arm] run data modify entity @s {} merge value {transformation:[-0.9640429862768718f,0.1844371310738034f,0.19132188921196613f,-0.421875f,0.1751465688735071f,0.9824250578581862f,-0.0645343714944009f,1.4824048883996483f,-0.19986195241268168f,-0.028704535767090138f,-0.9794035172512843f,-0.007811321727825445f,0f,0f,0f,1f],start_interpolation:0}
execute if entity @s[tag=aj.blazing_inferno.bone.head] run data modify entity @s {} merge value {transformation:[-1f,-3.846478103849264e-18f,1.2240425822991285e-16f,1.1479332181309847e-18f,0f,0.9995066195015204f,0.0314088772903937f,1.607395125338837f,-1.2246467991473532e-16f,0.0314088772903937f,-0.9995066195015204f,-0.00937358607339047f,0f,0f,0f,1f],start_interpolation:0}
execute if entity @s[tag=aj.blazing_inferno.bone.bottom] run data modify entity @s {} merge value {transformation:[-1f,0f,1.2246467991473532e-16f,0f,0f,1f,0f,0.8574537037037038f,-1.2246467991473532e-16f,0f,-1f,0f,0f,0f,0f,1f],start_interpolation:0}