execute if entity @s[tag=aj.blazing_inferno.bone.body] run data modify entity @s {} merge value {transformation:[-1f,2.6659981927692446e-17f,1.1952758338657102e-16f,-3.332497740961556e-18f,0f,0.9760167867975549f,-0.21769527300650413f,0.9753011423910465f,-1.2246467991473532e-16f,-0.21769527300650413f,-0.9760167867975549f,0.027211909125813016f,0f,0f,0f,1f],start_interpolation:0}
execute if entity @s[tag=aj.blazing_inferno.bone.left_hand] run data modify entity @s {} merge value {transformation:[-0.08311363138652185f,0.061909808924779874f,0.994615151622296f,0.9447978782359313f,0.25107279607725386f,-0.9645714922098905f,0.08102029058165192f,1.5239950299197376f,0.9643933716838244f,0.2564546977048439f,0.06462517061812705f,-0.23768990135851145f,0f,0f,0f,1f],start_interpolation:0}
execute if entity @s[tag=aj.blazing_inferno.bone.left_arm] run data modify entity @s {} merge value {transformation:[-0.08311363138652185f,-0.9549911950135688f,-0.28475242180585797f,0.421875f,0.25107279607725386f,0.25645657092703983f,-0.933376921880059f,1.7073137324892125f,0.9643933716838244f,-0.14906993216239184f,0.21845727265853332f,-0.13605954562906503f,0f,0f,0f,1f],start_interpolation:0}
execute if entity @s[tag=aj.blazing_inferno.bone.right_hand] run data modify entity @s {} merge value {transformation:[-0.0831136313865216f,-0.061909808924779874f,-0.994615151622296f,-0.9447978782359312f,-0.25107279607725386f,-0.9645714922098905f,0.08102029058165192f,1.5239950299197376f,-0.9643933716838244f,0.2564546977048439f,0.0646251706181268f,-0.23768990135851167f,0f,0f,0f,1f],start_interpolation:0}
execute if entity @s[tag=aj.blazing_inferno.bone.right_arm] run data modify entity @s {} merge value {transformation:[-0.0831136313865216f,0.9549911950135688f,0.28475242180585797f,-0.421875f,-0.25107279607725386f,0.25645657092703983f,-0.933376921880059f,1.7073137324892125f,-0.9643933716838244f,-0.14906993216239162f,0.21845727265853337f,-0.13605954562906514f,0f,0f,0f,1f],start_interpolation:0}
execute if entity @s[tag=aj.blazing_inferno.bone.head] run data modify entity @s {} merge value {transformation:[-1f,4.1711304960429193e-17f,1.1514236781096978e-16f,1.9994986445769335e-17f,0f,0.9402087842073028f,-0.3405986525214472f,1.829315830838907f,-1.2246467991473532e-16f,-0.3405986525214472f,-0.9402087842073028f,-0.1632714547548781f,0f,0f,0f,1f],start_interpolation:0}
execute if entity @s[tag=aj.blazing_inferno.bone.bottom] run data modify entity @s {} merge value {transformation:[-1f,-3.4088429236858635e-18f,1.2241722761335602e-16f,0f,0f,0.9996125225541572f,0.027835314852080066f,1.0973032407407408f,-1.2246467991473532e-16f,0.027835314852080066f,-0.9996125225541572f,0f,0f,0f,0f,1f],start_interpolation:0}