execute if entity @s[tag=aj.blazing_inferno.bone.body] run data modify entity @s {} merge value {transformation:[-1f,1.727022805028634e-17f,1.2124082253807782e-16f,-2.1587785062857925e-18f,0f,0.9900064461238163f,-0.1410221139867474f,0.8674991942345229f,-1.2246467991473532e-16f,-0.1410221139867474f,-0.9900064461238163f,0.017627764248343426f,0f,0f,0f,1f],start_interpolation:0}
execute if entity @s[tag=aj.blazing_inferno.bone.left_hand] run data modify entity @s {} merge value {transformation:[-0.8700303087258154f,0.41976795495874386f,-0.25853844179969965f,1.084894709809344f,-0.26293244735802146f,-0.8387010579533333f,-0.47691410496469966f,1.5572776493858351f,-0.41702972319102605f,-0.34695158073960886f,0.8400659560995809f,0.2115598512771125f,0f,0f,0f,1f],start_interpolation:0}
execute if entity @s[tag=aj.blazing_inferno.bone.left_arm] run data modify entity @s {} merge value {transformation:[-0.048960027120042174f,-0.8971841997959112f,0.4389344226430357f,0.652099609375f,-0.9397339334776318f,0.19026292567647093f,0.2840777241947832f,1.4115299124272729f,-0.33838299309371667f,-0.3985731184482969f,-0.8524297151292518f,-0.0598670462689558f,0f,0f,0f,1f],start_interpolation:0}
execute if entity @s[tag=aj.blazing_inferno.bone.right_hand] run data modify entity @s {} merge value {transformation:[-0.8700303087258154f,-0.4197679549587437f,0.2585384417996995f,-1.084894709809344f,0.26293244735802146f,-0.8387010579533333f,-0.47691410496469966f,1.5572776493858351f,0.4170297231910258f,-0.34695158073960897f,0.8400659560995809f,0.21155985127711227f,0f,0f,0f,1f],start_interpolation:0}
execute if entity @s[tag=aj.blazing_inferno.bone.right_arm] run data modify entity @s {} merge value {transformation:[-0.04896002712004226f,0.8971841997959112f,-0.4389344226430355f,-0.652099609375f,0.9397339334776318f,0.19026292567647093f,0.2840777241947832f,1.4115299124272729f,0.33838299309371667f,-0.3985731184482967f,-0.8524297151292519f,-0.05986704626895597f,0f,0f,0f,1f],start_interpolation:0}
execute if entity @s[tag=aj.blazing_inferno.bone.head] run data modify entity @s {} merge value {transformation:[-1f,1.195683144647211e-17f,1.2187957994832125e-16f,1.2952671037714755e-17f,0f,0.9952222962014726f,-0.09763493812907462f,1.7337548345928622f,-1.2246467991473532e-16f,-0.09763493812907462f,-0.9952222962014726f,-0.10576658549006056f,0f,0f,0f,1f],start_interpolation:0}
execute if entity @s[tag=aj.blazing_inferno.bone.bottom] run data modify entity @s {} merge value {transformation:[-1f,-1.5493934286165837e-18f,1.2245487824754854e-16f,0f,0f,0.9999199633135561f,0.012651757467502725f,0.99125f,-1.2246467991473532e-16f,0.012651757467502725f,-0.9999199633135561f,0f,0f,0f,0f,1f],start_interpolation:0}