execute if entity @s[tag=aj.blazing_inferno.bone.body] run data modify entity @s {} merge value {transformation:[-1f,-2.2434161495830864e-17f,1.2039230135103141e-16f,2.804270186978858e-18f,0f,0.98307774482286f,0.18318883053832666f,0.4546615781934388f,-1.2246467991473532e-16f,0.18318883053832666f,-0.98307774482286f,-0.022898603817290832f,0f,0f,0f,1f],start_interpolation:0}
execute if entity @s[tag=aj.blazing_inferno.bone.left_hand] run data modify entity @s {} merge value {transformation:[-0.4253786978218962f,0.9017611381157271f,0.07667994016413988f,0.6810025070659937f,0.5360850082082844f,0.3193301873259242f,-0.7814352791093537f,0.6863888113370905f,-0.7291541863101874f,-0.2912989551073233f,-0.6192568863886054f,0.5453392320139695f,0f,0f,0f,1f],start_interpolation:0}
execute if entity @s[tag=aj.blazing_inferno.bone.left_arm] run data modify entity @s {} merge value {transformation:[-0.9973148607504171f,-0.06172633066828359f,-0.0394072154383658f,0.421875f,-0.035993799162721815f,0.8817855308590004f,-0.47027515774229944f,1.071882401713194f,0.06377707227687478f,-0.4675939880600913f,-0.8816395790695025f,0.3040351467130229f,0f,0f,0f,1f],start_interpolation:0}
execute if entity @s[tag=aj.blazing_inferno.bone.right_hand] run data modify entity @s {} merge value {transformation:[-0.42537869782189636f,-0.901761138115727f,-0.07667994016413973f,-0.6810025070659939f,-0.5360850082082844f,0.3193301873259242f,-0.7814352791093537f,0.6863888113370905f,0.7291541863101874f,-0.29129895510732345f,-0.6192568863886054f,0.5453392320139694f,0f,0f,0f,1f],start_interpolation:0}
execute if entity @s[tag=aj.blazing_inferno.bone.right_arm] run data modify entity @s {} merge value {transformation:[-0.9973148607504171f,0.0617263306682837f,0.03940721543836602f,-0.421875f,0.035993799162721815f,0.8817855308590004f,-0.47027515774229944f,1.071882401713194f,-0.06377707227687501f,-0.4675939880600913f,-0.8816395790695025f,0.3040351467130228f,0f,0f,0f,1f],start_interpolation:0}
execute if entity @s[tag=aj.blazing_inferno.bone.head] run data modify entity @s {} merge value {transformation:[-1f,-6.164322348110018e-17f,1.0581923655686483e-16f,-1.6825621121873147e-17f,0f,0.8640796401912805f,0.50335511858618f,1.3148546049134413f,-1.2246467991473532e-16f,0.50335511858618f,-0.8640796401912805f,0.137391622903745f,0f,0f,0f,1f],start_interpolation:0}
execute if entity @s[tag=aj.blazing_inferno.bone.bottom] run data modify entity @s {} merge value {transformation:[-1f,3.341326285981807e-17f,1.1781829947711552e-16f,0f,0f,0.9620594244736131f,-0.27283999666746106f,0.5775462962962963f,-1.2246467991473532e-16f,-0.27283999666746106f,-0.9620594244736131f,0f,0f,0f,0f,1f],start_interpolation:0}