execute if entity @s[tag=aj.blazing_inferno.bone.body] run data modify entity @s {} merge value {transformation:[-1f,6.1771963235957224e-18f,1.2230878984029862e-16f,-7.721495404494653e-19f,0f,0.9987270609407933f,-0.05044063584616011f,0.7764091173824009f,-1.2246467991473532e-16f,-0.05044063584616011f,-0.9987270609407933f,0.006305079480770014f,0f,0f,0f,1f],start_interpolation:0}
execute if entity @s[tag=aj.blazing_inferno.bone.left_hand] run data modify entity @s {} merge value {transformation:[-0.22469881564579064f,0.03611350892263809f,0.9737588288281005f,0.9661868468704813f,0.11191169581907393f,-0.9917441382949154f,0.0626046044358966f,1.3896618604468307f,0.9679804825440842f,0.12304218232366722f,0.21880220927301297f,-0.0831762299590191f,0f,0f,0f,1f],start_interpolation:0}
execute if entity @s[tag=aj.blazing_inferno.bone.left_arm] run data modify entity @s {} merge value {transformation:[-0.22469881564579064f,-0.945281541528274f,-0.2365443922254532f,0.421875f,0.11191169581907393f,0.21611126527075555f,-0.9699338603028416f,1.525454413087996f,0.9679804825440842f,-0.24441507373524085f,0.05722811498484544f,-0.03152539740385002f,0f,0f,0f,1f],start_interpolation:0}
execute if entity @s[tag=aj.blazing_inferno.bone.right_hand] run data modify entity @s {} merge value {transformation:[-0.22469881564579042f,-0.03611350892263809f,-0.9737588288281005f,-0.9661868468704813f,-0.11191169581907393f,-0.9917441382949154f,0.0626046044358966f,1.3896618604468307f,-0.9679804825440843f,0.12304218232366722f,0.21880220927301275f,-0.08317622995901934f,0f,0f,0f,1f],start_interpolation:0}
execute if entity @s[tag=aj.blazing_inferno.bone.right_arm] run data modify entity @s {} merge value {transformation:[-0.22469881564579042f,0.945281541528274f,0.2365443922254532f,-0.421875f,-0.11191169581907393f,0.21611126527075555f,-0.9699338603028416f,1.525454413087996f,-0.9679804825440843f,-0.24441507373524063f,0.05722811498484549f,-0.03152539740385012f,0f,0f,0f,1f],start_interpolation:0}
execute if entity @s[tag=aj.blazing_inferno.bone.head] run data modify entity @s {} merge value {transformation:[-1f,-5.4629877533940605e-18f,1.2234277089973417e-16f,4.632897242696792e-18f,0f,0.9990045373483522f,0.044608680292126716f,1.650295295705595f,-1.2246467991473532e-16f,0.044608680292126716f,-0.9990045373483522f,-0.03783047688462009f,0f,0f,0f,1f],start_interpolation:0}
execute if entity @s[tag=aj.blazing_inferno.bone.bottom] run data modify entity @s {} merge value {transformation:[-1f,-4.0006894864582566e-20f,1.2246467337998718e-16f,0f,0f,0.999999946639732f,0.0003266810879058103f,0.9012500000000001f,-1.2246467991473532e-16f,0.0003266810879058103f,-0.999999946639732f,0f,0f,0f,0f,1f],start_interpolation:0}