execute if entity @s[tag=aj.blazing_inferno.bone.body] run data modify entity @s {} merge value {transformation:[-1f,-3.169619151431765e-17f,1.1829179713786698e-16f,3.962023939289706e-18f,0f,0.9659258262890683f,0.25881904510252074f,0.8979363854164905f,-1.2246467991473532e-16f,0.25881904510252074f,-0.9659258262890683f,-0.03235238063781509f,0f,0f,0f,1f],start_interpolation:0}
execute if entity @s[tag=aj.blazing_inferno.bone.left_hand] run data modify entity @s {} merge value {transformation:[-0.25488700224417876f,0.8589880315015819f,0.44404073892382134f,0.5794161643243942f,-0.8738946869547779f,-0.00805487211217891f,-0.4860485522532365f,1.537928645892426f,-0.4139331977495726f,-0.5119323009659517f,0.7527181590931094f,0.6960197391522769f,0f,0f,0f,1f],start_interpolation:0}
execute if entity @s[tag=aj.blazing_inferno.bone.left_arm] run data modify entity @s {} merge value {transformation:[-0.25488700224417876f,-0.20658795558326715f,0.9446449241354669f,0.421875f,-0.8738946869547779f,0.4674020951433158f,-0.13357903116825454f,1.6223807551332916f,-0.4139331977495726f,-0.8595677390779418f,-0.29967083564679503f,0.16176190318907552f,0f,0f,0f,1f],start_interpolation:0}
execute if entity @s[tag=aj.blazing_inferno.bone.right_hand] run data modify entity @s {} merge value {transformation:[-0.2548870022441789f,-0.8589880315015818f,-0.44404073892382157f,-0.5794161643243944f,0.8738946869547779f,-0.00805487211217891f,-0.4860485522532365f,1.537928645892426f,0.41393319774957255f,-0.511932300965952f,0.7527181590931092f,0.6960197391522769f,0f,0f,0f,1f],start_interpolation:0}
execute if entity @s[tag=aj.blazing_inferno.bone.right_arm] run data modify entity @s {} merge value {transformation:[-0.2548870022441789f,0.20658795558326737f,-0.9446449241354669f,-0.421875f,0.8738946869547779f,0.4674020951433158f,-0.13357903116825454f,1.6223807551332916f,0.41393319774957255f,-0.8595677390779418f,-0.2996708356467953f,0.1617619031890754f,0f,0f,0f,1f],start_interpolation:0}
execute if entity @s[tag=aj.blazing_inferno.bone.head] run data modify entity @s {} merge value {transformation:[-1f,-7.871877887341986e-17f,9.381338752702731e-17f,-2.3772143635738236e-17f,0f,0.766044443118978f,0.6427876096865393f,1.7431214834194253f,-1.2246467991473532e-16f,0.6427876096865393f,-0.766044443118978f,0.19411428382689055f,0f,0f,0f,1f],start_interpolation:0}
execute if entity @s[tag=aj.blazing_inferno.bone.bottom] run data modify entity @s {} merge value {transformation:[-1f,4.6865204053262974e-17f,1.1314261122877003e-16f,0f,0f,0.9238795325112867f,-0.3826834323650897f,1.018677113702624f,-1.2246467991473532e-16f,-0.3826834323650897f,-0.9238795325112867f,0f,0f,0f,0f,1f],start_interpolation:0}