execute if entity @s[tag=aj.blazing_inferno.bone.body] run data modify entity @s {} merge value {transformation:[-1f,2.0821281072454264e-17f,1.2068169737421012e-16f,-2.602660134056783e-18f,0f,0.9854408426840573f,-0.17001866241720348f,0.9001069317015299f,-1.2246467991473532e-16f,-0.17001866241720348f,-0.9854408426840573f,0.021252332802150435f,0f,0f,0f,1f],start_interpolation:0}
execute if entity @s[tag=aj.blazing_inferno.bone.left_hand] run data modify entity @s {} merge value {transformation:[-0.8651440872942922f,0.4205648963519897f,-0.2732231252587639f,1.0889726408114153f,-0.2849096059780822f,-0.8604828768437526f,-0.42236919286343866f,1.612240421356788f,-0.4127374766617879f,-0.28756631689949186f,0.8642646520272138f,0.19188338856889253f,0f,0f,0f,1f],start_interpolation:0}
execute if entity @s[tag=aj.blazing_inferno.bone.left_arm] run data modify entity @s {} merge value {transformation:[-0.02998168974338152f,-0.8993388992012158f,0.43622315695487446f,0.659912109375f,-0.9566489059431227f,0.15230395195946334f,0.24824660516380784f,1.4444706723520058f,-0.2896963393589184f,-0.40986955315206686f,-0.8649179038272751f,-0.07266704931086841f,0f,0f,0f,1f],start_interpolation:0}
execute if entity @s[tag=aj.blazing_inferno.bone.right_hand] run data modify entity @s {} merge value {transformation:[-0.8651440872942922f,-0.42056489635198946f,0.27322312525876374f,-1.0889726408114153f,0.2849096059780822f,-0.8604828768437526f,-0.42236919286343866f,1.612240421356788f,0.41273747666178767f,-0.28756631689949197f,0.8642646520272138f,0.19188338856889225f,0f,0f,0f,1f],start_interpolation:0}
execute if entity @s[tag=aj.blazing_inferno.bone.right_arm] run data modify entity @s {} merge value {transformation:[-0.029981689743381595f,0.8993388992012158f,-0.43622315695487424f,-0.659912109375f,0.9566489059431227f,0.15230395195946334f,0.24824660516380784f,1.4444706723520058f,0.2896963393589184f,-0.40986955315206663f,-0.8649179038272752f,-0.07266704931086858f,0f,0f,0f,1f],start_interpolation:0}
execute if entity @s[tag=aj.blazing_inferno.bone.head] run data modify entity @s {} merge value {transformation:[-1f,1.885711241102199e-17f,1.2100416165626974e-16f,1.56159608043407e-17f,0f,0.9880739633706431f,-0.15398000814725554f,1.76236766905008f,-1.2246467991473532e-16f,-0.15398000814725554f,-0.9880739633706431f,-0.1275139968129026f,0f,0f,0f,1f],start_interpolation:0}
execute if entity @s[tag=aj.blazing_inferno.bone.bottom] run data modify entity @s {} merge value {transformation:[-1f,-2.2410216228551653e-18f,1.2244417360047996e-16f,0f,0f,0.9998325532368219f,0.018299330259267013f,1.023287037037037f,-1.2246467991473532e-16f,0.018299330259267013f,-0.9998325532368219f,0f,0f,0f,0f,1f],start_interpolation:0}