execute if entity @s[tag=aj.blazing_inferno.bone.body] run data modify entity @s {} merge value {transformation:[-1f,2.7085546122207018e-17f,1.1943186768145416e-16f,-3.3856932652758772e-18f,0f,0.9752352087524931f,-0.22117026836688775f,0.9618455989059383f,-1.2246467991473532e-16f,-0.22117026836688775f,-0.9752352087524931f,0.027646283545860968f,0f,0f,0f,1f],start_interpolation:0}
execute if entity @s[tag=aj.blazing_inferno.bone.left_hand] run data modify entity @s {} merge value {transformation:[-0.863344130776882f,0.40133006986543507f,-0.3058939144130124f,1.0958943295163854f,-0.3077929389090059f,-0.8991839145186947f,-0.3110173542241552f,1.7074060035600487f,-0.399875503889482f,-0.17436302042761778f,0.8998317167651356f,0.15025458938916159f,0f,0f,0f,1f],start_interpolation:0}
execute if entity @s[tag=aj.blazing_inferno.bone.left_arm] run data modify entity @s {} merge value {transformation:[-0.013077331506053478f,-0.9022874928317269f,0.43093649611064166f,0.669677734375f,-0.9801136573747916f,0.09690925909286001f,0.17316412483387597f,1.5078038044161288f,-0.19800556059891358f,-0.4201022206338706f,-0.8856116091099985f,-0.09616971668269365f,0f,0f,0f,1f],start_interpolation:0}
execute if entity @s[tag=aj.blazing_inferno.bone.right_hand] run data modify entity @s {} merge value {transformation:[-0.863344130776882f,-0.40133006986543496f,0.30589391441301217f,-1.0958943295163854f,0.3077929389090059f,-0.8991839145186947f,-0.3110173542241552f,1.7074060035600487f,0.3998755038894818f,-0.1743630204276179f,0.8998317167651357f,0.1502545893891613f,0f,0f,0f,1f],start_interpolation:0}
execute if entity @s[tag=aj.blazing_inferno.bone.right_arm] run data modify entity @s {} merge value {transformation:[-0.013077331506053527f,0.9022874928317269f,-0.43093649611064144f,-0.669677734375f,0.9801136573747916f,0.09690925909286001f,0.17316412483387597f,1.5078038044161288f,0.19800556059891358f,-0.42010222063387037f,-0.8856116091099986f,-0.09616971668269382f,0f,0f,0f,1f],start_interpolation:0}
execute if entity @s[tag=aj.blazing_inferno.bone.head] run data modify entity @s {} merge value {transformation:[-1f,3.9776731269318494e-17f,1.1582490870338298e-16f,2.0314159591655262e-17f,0f,0.9457821535484743f,-0.32480165952348544f,1.8151764065643698f,-1.2246467991473532e-16f,-0.32480165952348544f,-0.9457821535484743f,-0.16587770127516582f,0f,0f,0f,1f],start_interpolation:0}
execute if entity @s[tag=aj.blazing_inferno.bone.bottom] run data modify entity @s {} merge value {transformation:[-1f,-3.33956651396759e-18f,1.2241913707471296e-16f,0f,0f,0.9996281144893854f,0.027269630037760492f,1.08375f,-1.2246467991473532e-16f,0.027269630037760492f,-0.9996281144893854f,0f,0f,0f,0f,1f],start_interpolation:0}