execute if entity @s[tag=aj.blazing_inferno.bone.body] run data modify entity @s {} merge value {transformation:[-1f,1.4082061705043395e-17f,1.2165234631832602e-16f,-1.7602577131304243e-18f,0f,0.9933667928011988f,-0.11498876014576508f,0.8510953546035538f,-1.2246467991473532e-16f,-0.11498876014576508f,-0.9933667928011988f,0.014373595018220634f,0f,0f,0f,1f],start_interpolation:0}
execute if entity @s[tag=aj.blazing_inferno.bone.left_hand] run data modify entity @s {} merge value {transformation:[-0.12708035044010846f,0.1427431243666253f,0.981567616100935f,0.96179431933362f,0.15794950542103056f,-0.9740512207913249f,0.1620992690056961f,1.471146695486537f,0.9792356908677659f,0.1756377514117718f,0.10123656458881583f,-0.17311767628559627f,0f,0f,0f,1f],start_interpolation:0}
execute if entity @s[tag=aj.blazing_inferno.bone.left_arm] run data modify entity @s {} merge value {transformation:[-0.12708035044010846f,-0.9714668303550111f,-0.20025679027690085f,0.421875f,0.15794950542103056f,0.17949782861453617f,-0.9709956144390757f,1.5961204492044527f,0.9792356908677659f,-0.15502492394016557f,0.1306320584239363f,-0.07186797509110311f,0f,0f,0f,1f],start_interpolation:0}
execute if entity @s[tag=aj.blazing_inferno.bone.right_hand] run data modify entity @s {} merge value {transformation:[-0.12708035044010824f,-0.1427431243666253f,-0.981567616100935f,-0.96179431933362f,-0.15794950542103056f,-0.9740512207913249f,0.1620992690056961f,1.471146695486537f,-0.9792356908677659f,0.17563775141177176f,0.10123656458881555f,-0.1731176762855965f,0f,0f,0f,1f],start_interpolation:0}
execute if entity @s[tag=aj.blazing_inferno.bone.right_arm] run data modify entity @s {} merge value {transformation:[-0.12708035044010824f,0.9714668303550111f,0.20025679027690085f,-0.421875f,-0.15794950542103056f,0.17949782861453617f,-0.9709956144390757f,1.5961204492044527f,-0.9792356908677659f,-0.15502492394016532f,0.13063205842393635f,-0.07186797509110322f,0f,0f,0f,1f],start_interpolation:0}
execute if entity @s[tag=aj.blazing_inferno.bone.head] run data modify entity @s {} merge value {transformation:[-1f,7.353367008727549e-18f,1.2224371484969497e-16f,1.0561546278782547e-17f,0f,0.9981956833170659f,-0.06004479833570995f,1.7202912983046028f,-1.2246467991473532e-16f,-0.06004479833570995f,-0.9981956833170659f,-0.0862415701093238f,0f,0f,0f,1f],start_interpolation:0}
execute if entity @s[tag=aj.blazing_inferno.bone.bottom] run data modify entity @s {} merge value {transformation:[-1f,-1.1271348833986703e-18f,1.2245949286834893e-16f,0f,0f,0.9999576445519639f,0.00920375478205982f,0.9752662037037036f,-1.2246467991473532e-16f,0.00920375478205982f,-0.9999576445519639f,0f,0f,0f,0f,1f],start_interpolation:0}