execute if entity @s[tag=aj.tultaria.bone.head] run data modify entity @s {} merge value {transformation:[-0.9999376150010865f,-0.0044181937925238095f,0.010258931208982788f,0f,0f,0.9184463813430872f,0.39554550256296495f,1.59375f,-0.011169874929422313f,0.3955208264572173f,-0.9183890840665849f,0f,0f,0f,0f,1f],start_interpolation:0}
execute if entity @s[tag=aj.tultaria.bone.bust] run data modify entity @s {} merge value {transformation:[-0.9992358731520469f,0f,0.03908541679535366f,0.4800752281783466f,0f,1f,0f,0.4375f,-0.03908541679535366f,0f,-0.9992358731520469f,0.5191606449737003f,0f,0f,0f,1f],start_interpolation:0}
execute if entity @s[tag=aj.tultaria.bone.left_wing] run data modify entity @s {} merge value {transformation:[-0.9381309128108866f,0f,-0.3462807970832526f,0.06733791917142212f,0f,1f,0f,1.5f,0.3462807970832526f,0f,-0.9381309128108866f,-0.12246164559429618f,0f,0f,0f,1f],start_interpolation:0}
execute if entity @s[tag=aj.tultaria.bone.right_wing] run data modify entity @s {} merge value {transformation:[-0.9082162299015544f,0f,0.4185012302770528f,-0.05756656497258372f,0f,1f,0f,1.5f,-0.4185012302770528f,0f,-0.9082162299015544f,-0.1273473226937154f,0f,0f,0f,1f],start_interpolation:0}
execute if entity @s[tag=aj.tultaria.bone.body] run data modify entity @s {} merge value {transformation:[-0.9992358731520469f,0f,0.03908541679535366f,0.4800752281783466f,0f,1f,0f,0.4375f,-0.03908541679535366f,0f,-0.9992358731520469f,0.5191606449737003f,0f,0f,0f,1f],start_interpolation:0}
execute if entity @s[tag=aj.tultaria.bone.left_hand] run data modify entity @s {} merge value {transformation:[-0.1940292768089243f,-0.8953905996212886f,0.4007846227724244f,0.5784108776218977f,-0.9809528072387267f,0.17326768384782024f,-0.08780603455613381f,1.4611908864320378f,0.009177674621983937f,-0.41018774219111f,-0.9119549256650202f,-0.06697964842050164f,0f,0f,0f,1f],start_interpolation:0}
execute if entity @s[tag=aj.tultaria.bone.left_arm] run data modify entity @s {} merge value {transformation:[-0.1940292768089243f,-0.9796027645666593f,0.05225957705879204f,0.21858284725201024f,-0.9809528072387267f,0.1932468995118124f,-0.019678053753677836f,1.4375f,0.009177674621983937f,-0.05508229735976386f,-0.9984396380383261f,0.008549934923983614f,0f,0f,0f,1f],start_interpolation:0}
execute if entity @s[tag=aj.tultaria.bone.rod] run data modify entity @s {} merge value {transformation:[-0.0000019271957320278315f,0.000008860199145338039f,0.000004216964277226542f,-0.8771316561428179f,0.000009809528072387268f,0.0000018460699667302306f,6.0430511745538e-7f,1.407191259308622f,-2.4305474177606153e-7f,0.000004253104370091064f,-0.000009047211040404246f,0.1327269269248369f,0f,0f,0f,1f],start_interpolation:0}
execute if entity @s[tag=aj.tultaria.bone.sword] run data modify entity @s {} merge value {transformation:[-0.0000019271957320278315f,0.000009246950934780095f,-0.0000032832628618834645f,-0.8985444374704836f,0.000009809528072387268f,0.0000017326768384782026f,-8.780603455613382e-7f,1.4337301266650133f,-2.4305474177606153e-7f,-0.0000033899453363101115f,-0.000009404743218681174f,0.08788264701921872f,0f,0f,0f,1f],start_interpolation:0}
execute if entity @s[tag=aj.tultaria.bone.right_hand] run data modify entity @s {} merge value {transformation:[-0.19271957320278316f,0.9246950934780095f,-0.3283262861883464f,-0.5714117818621076f,0.9809528072387267f,0.17326768384782024f,-0.08780603455613381f,1.4611908864320378f,-0.02430547417760615f,-0.3389945336310111f,-0.9404743218681172f,-0.1119553134203069f,0f,0f,0f,1f],start_interpolation:0}
execute if entity @s[tag=aj.tultaria.bone.right_arm] run data modify entity @s {} merge value {transformation:[-0.19271957320278316f,0.9809122843370092f,0.02588931326411134f,-0.21858284725201024f,0.9809528072387267f,0.1932468995118124f,-0.019678053753677836f,1.4375f,-0.02430547417760615f,0.021603848403042598f,-0.9994711189720192f,-0.008549934923983614f,0f,0f,0f,1f],start_interpolation:0}
execute if entity @s[tag=aj.tultaria.bone.skirt] run data modify entity @s {} merge value {transformation:[-0.9992358731520469f,-0.001704881935532141f,0.03904821613918375f,-0.0023605971679709153f,0f,0.9990482215818578f,0.043619387365336f,0.8879434029030169f,-0.03908541679535366f,0.04358605662035888f,-0.9982848220133472f,0.06034970497175488f,0f,0f,0f,1f],start_interpolation:0}
execute if entity @s[tag=aj.tultaria.bone.left_foot] run data modify entity @s {} merge value {transformation:[-0.9992358731520469f,-0.016518210905463102f,0.03542341760120209f,0.12087589809437396f,0f,0.90630778703665f,0.42261826174069944f,0.43252346578840417f,-0.03908541679535366f,0.422295327780468f,-0.9056152529240662f,0.10787825154090817f,0f,0f,0f,1f],start_interpolation:0}
execute if entity @s[tag=aj.tultaria.bone.left_leg] run data modify entity @s {} merge value {transformation:[-0.9992358731520469f,-0.001704881935532141f,0.03904821613918375f,0.12501103926497661f,0f,0.9990482215818578f,0.043619387365336f,0.8750594861511339f,-0.03908541679535366f,0.04358605662035888f,-0.9982848220133472f,0.002161548560646778f,0f,0f,0f,1f],start_interpolation:0}
execute if entity @s[tag=aj.tultaria.bone.right_foot] run data modify entity @s {} merge value {transformation:[-0.9992358731520469f,-0.016518210905463106f,0.03542341760120208f,-0.13523746367715406f,0f,0.9063077870366499f,0.42261826174069955f,0.5066964824730076f,-0.03908541679535366f,0.4222953277804682f,-0.9056152529240662f,0.25928148990633176f,0f,0f,0f,1f],start_interpolation:0}
execute if entity @s[tag=aj.tultaria.bone.right_leg] run data modify entity @s {} merge value {transformation:[-0.9992358731520469f,0.01336799985429036f,0.03672827774293544f,-0.1247979290230351f,0f,0.9396926207859084f,-0.3420201433256687f,0.8750594861511339f,-0.03908541679535366f,-0.34175879655161273f,-0.9389745764255424f,-0.007609805638191637f,0f,0f,0f,1f],start_interpolation:0}
execute if entity @s[tag=aj.tultaria.bone.lower] run data modify entity @s {} merge value {transformation:[-0.9992358731520469f,-0.001704881935532141f,0.03904821613918375f,0f,0f,0.9990482215818578f,0.043619387365336f,0.9375f,-0.03908541679535366f,0.04358605662035888f,-0.9982848220133472f,0f,0f,0f,0f,1f],start_interpolation:0}