execute if entity @s[tag=aj.tultaria.bone.head] run data modify entity @s {} merge value {transformation:[-0.9999961008995606f,-0.0010776515660779569f,0.002576208993466802f,0f,0f,0.9225380894562464f,0.3859060423243186f,1.59375f,-0.0027925231737426105f,0.3859045376378994f,-0.9225344923875763f,0f,0f,0f,0f,1f],start_interpolation:0}
execute if entity @s[tag=aj.tultaria.bone.bust] run data modify entity @s {} merge value {transformation:[-0.9999522363688097f,0f,0.009773688199249158f,0.49508927408478026f,0f,1f,0f,0.4375f,-0.009773688199249158f,0f,-0.9999522363688097f,0.5048629622840294f,0f,0f,0f,1f],start_interpolation:0}
execute if entity @s[tag=aj.tultaria.bone.left_wing] run data modify entity @s {} merge value {transformation:[-0.9275756332169864f,0f,-0.3736354435303302f,0.06371872579795673f,0f,1f,0f,1.5f,0.3736354435303302f,0f,-0.9275756332169864f,-0.12438317403364818f,0f,0f,0f,1f],start_interpolation:0}
execute if entity @s[tag=aj.tultaria.bone.right_wing] run data modify entity @s {} merge value {transformation:[-0.9200951761230767f,0f,0.391694864499197f,-0.06127530374814455f,0f,1f,0f,1.5f,-0.391694864499197f,0f,-0.9200951761230767f,-0.12560488505855438f,0f,0f,0f,1f],start_interpolation:0}
execute if entity @s[tag=aj.tultaria.bone.body] run data modify entity @s {} merge value {transformation:[-0.9999522363688097f,0f,0.009773688199249158f,0.49508927408478026f,0f,1f,0f,0.4375f,-0.009773688199249158f,0f,-0.9999522363688097f,0.5048629622840294f,0f,0f,0f,1f],start_interpolation:0}
execute if entity @s[tag=aj.tultaria.bone.left_hand] run data modify entity @s {} merge value {transformation:[-0.24262645497105106f,-0.8936784596994045f,0.3774535918725382f,0.5761372887383873f,-0.9701180855996825f,0.2227791899993944f,-0.09612664820756654f,1.4445854361751524f,0.00181750944647855f,-0.38949742383296176f,-0.9210257615761344f,-0.08707434598569222f,0f,0f,0f,1f],start_interpolation:0}
execute if entity @s[tag=aj.tultaria.bone.left_arm] run data modify entity @s {} merge value {transformation:[-0.24262645497105106f,-0.9700350661957352f,0.012820830660161025f,0.21873955170567713f,-0.9701180855996825f,0.2425800807737285f,-0.005079803561052308f,1.4375f,0.00181750944647855f,-0.013670214425800567f,-0.9999049064270886f,0.002137994293585753f,0f,0f,0f,1f],start_interpolation:0}
execute if entity @s[tag=aj.tultaria.bone.rod] run data modify entity @s {} merge value {transformation:[-0.0000024254457535170704f,0.000008913078951849725f,0.000003830696606994541f,-0.8673232655892037f,0.000009701180855996826f,0.0000022550048075612205f,8.95568711555141e-7f,1.3730590709513253f,-6.559646321838415e-8f,0.0000039334433917331585f,-0.000009193678273033269f,0.15719235519008523f,0f,0f,0f,1f],start_interpolation:0}
execute if entity @s[tag=aj.tultaria.bone.sword] run data modify entity @s {} merge value {transformation:[-0.0000024254457535170704f,0.000009011210115578164f,-0.000003593787020629887f,-0.8917486602281471f,0.000009701180855996826f,0.000002227791899993944f,-9.612664820756654e-7f,1.3988693244915857f,-6.559646321838415e-8f,-0.0000037195477552013226f,-0.000009282276746617181f,0.11347669399275974f,0f,0f,0f,1f],start_interpolation:0}
execute if entity @s[tag=aj.tultaria.bone.right_hand] run data modify entity @s {} merge value {transformation:[-0.24254457535170704f,0.9011210115578163f,-0.35937870206298866f,-0.5743252240128962f,0.9701180855996825f,0.2227791899993944f,-0.09612664820756654f,1.4445854361751524f,-0.006559646321838414f,-0.37195477552013223f,-0.9282276746617181f,-0.09831914496267911f,0f,0f,0f,1f],start_interpolation:0}
execute if entity @s[tag=aj.tultaria.bone.right_arm] run data modify entity @s {} merge value {transformation:[-0.24254457535170704f,0.9701169450967518f,0.006726202762792789f,-0.21873955170567713f,0.9701180855996825f,0.2425800807737285f,-0.005079803561052308f,1.4375f,-0.006559646321838414f,0.005293132150010314f,-0.9999644762651196f,-0.002137994293585753f,0f,0f,0f,1f],start_interpolation:0}
execute if entity @s[tag=aj.tultaria.bone.skirt] run data modify entity @s {} merge value {transformation:[-0.9999522363688097f,-0.0004263222915510623f,0.009764385813755461f,-0.0005902902559432602f,0f,0.9990482215818578f,0.043619387365336f,0.8879434029030169f,-0.009773688199249158f,0.04361730394500513f,-0.9990005034110608f,0.06039297034076919f,0f,0f,0f,1f],start_interpolation:0}
execute if entity @s[tag=aj.tultaria.bone.left_foot] run data modify entity @s {} merge value {transformation:[-0.9999522363688097f,-0.004130539117562265f,0.008857969723047724f,0.12398664246515731f,0f,0.90630778703665f,0.42261826174069944f,0.43252346578840417f,-0.009773688199249158f,0.4225980759579113f,-0.9062644984857651f,0.10428812197878619f,0f,0f,0f,1f],start_interpolation:0}
execute if entity @s[tag=aj.tultaria.bone.left_leg] run data modify entity @s {} merge value {transformation:[-0.9999522363688097f,-0.0004263222915510623f,0.009764385813755461f,0.12502067468932315f,0f,0.9990482215818578f,0.043619387365336f,0.8750594861511339f,-0.009773688199249158f,0.04361730394500513f,-0.9990005034110608f,-0.001504370471656676f,0f,0f,0f,1f],start_interpolation:0}
execute if entity @s[tag=aj.tultaria.bone.right_foot] run data modify entity @s {} merge value {transformation:[-0.9999522363688097f,-0.004130539117562266f,0.008857969723047723f,-0.1275778914671597f,0f,0.9063077870366499f,0.42261826174069955f,0.5066964824730076f,-0.009773688199249158f,0.42259807595791155f,-0.9062644984857651f,0.26313484033603457f,0f,0f,0f,1f],start_interpolation:0}
execute if entity @s[tag=aj.tultaria.bone.right_leg] run data modify entity @s {} merge value {transformation:[-0.9999522363688097f,0.0033427982387275934f,0.009184262678696745f,-0.12496738440287927f,0f,0.9396926207859084f,-0.3420201433256687f,0.8750594861511339f,-0.009773688199249158f,-0.3420038072016832f,-0.939647737654137f,-0.0039477925214689655f,0f,0f,0f,1f],start_interpolation:0}
execute if entity @s[tag=aj.tultaria.bone.lower] run data modify entity @s {} merge value {transformation:[-0.9999522363688097f,-0.0004263222915510623f,0.009764385813755461f,0f,0f,0.9990482215818578f,0.043619387365336f,0.9375f,-0.009773688199249158f,0.04361730394500513f,-0.9990005034110608f,0f,0f,0f,0f,1f],start_interpolation:0}