execute if entity @s[tag=aj.tultaria.bone.head] run data modify entity @s {} merge value {transformation:[-0.9989863435996542f,0.014859328257012624f,-0.042491006873736276f,0f,3.469446951953614e-18f,0.9439450758449158f,0.3301025504114381f,1.59375f,0.04501427886119645f,0.3297679398484431f,-0.9429882398772108f,0f,0f,0f,0f,1f],start_interpolation:0}
execute if entity @s[tag=aj.tultaria.bone.bust] run data modify entity @s {} merge value {transformation:[-0.9876062963143438f,0f,-0.15695159597871114f,0.5722789461465275f,0f,1f,0f,0.4375f,0.15695159597871114f,0f,-0.9876062963143438f,0.41532735016781636f,0f,0f,0f,1f],start_interpolation:0}
execute if entity @s[tag=aj.tultaria.bone.left_wing] run data modify entity @s {} merge value {transformation:[-0.8523664678797873f,0f,-0.522944934418659f,0.042106444022307676f,0f,1f,0f,1.5f,0.522944934418659f,0f,-0.8523664678797873f,-0.1332602617879624f,0f,0f,0f,1f],start_interpolation:0}
execute if entity @s[tag=aj.tultaria.bone.right_wing] run data modify entity @s {} merge value {transformation:[-0.9724920188084112f,0f,0.232936200179235f,-0.08134434301698534f,0f,1f,0f,1.5f,-0.232936200179235f,0f,-0.9724920188084112f,-0.11364131229062352f,0f,0f,0f,1f],start_interpolation:0}
execute if entity @s[tag=aj.tultaria.bone.body] run data modify entity @s {} merge value {transformation:[-0.9876062963143438f,0f,-0.15695159597871114f,0.5722789461465275f,0f,1f,0f,0.4375f,0.15695159597871114f,0f,-0.9876062963143438f,0.41532735016781636f,0f,0f,0f,1f],start_interpolation:0}
execute if entity @s[tag=aj.tultaria.bone.left_hand] run data modify entity @s {} merge value {transformation:[-0.5104018410845944f,-0.8256815045588695f,0.24029151805017634f,0.5360774538903167f,-0.8598411426360919f,0.4858657792334521f,-0.15686826957715286f,1.3541444044006077f,0.012773803181371862f,-0.28667838704595794f,-0.9579417165741408f,-0.19671955787422934f,0f,0f,0f,1f],start_interpolation:0}
execute if entity @s[tag=aj.tultaria.bone.left_arm] run data modify entity @s {} merge value {transformation:[-0.5104018410845944f,-0.8408975411928271f,-0.17994800869505126f,0.2160388773187627f,-0.8598411426360919f,0.5021551624416736f,0.09226809992319326f,1.4375f,0.012773803181371862f,0.20182050948561744f,-0.9793392220794843f,-0.03433316162034306f,0f,0f,0f,1f],start_interpolation:0}
execute if entity @s[tag=aj.tultaria.bone.rod] run data modify entity @s {} merge value {transformation:[-0.000004892156058786034f,0.000008637700263874389f,0.0000012070390416003148f,-0.7660214607420641f,0.00000859841142636092f,0.000004544816044134642f,0.000002326363700714559f,1.1915532708852072f,0.0000014608661949367937f,0.0000021759552560750513f,-0.000009650444999275954f,0.28189213685645326f,0f,0f,0f,1f],start_interpolation:0}
execute if entity @s[tag=aj.tultaria.bone.sword] run data modify entity @s {} merge value {transformation:[-0.000004892156058786034f,0.000006961281921914905f,-0.000005254270938969919f,-0.805938843452192f,0.00000859841142636092f,0.000004858657792334521f,-0.0000015686826957715288f,1.211070106456156f,0.0000014608661949367937f,-0.0000052852623833266545f,-0.000008362527817585012f,0.2472579945707011f,0f,0f,0f,1f],start_interpolation:0}
execute if entity @s[tag=aj.tultaria.bone.right_hand] run data modify entity @s {} merge value {transformation:[-0.48921560587860335f,0.6961281921914905f,-0.5254270938969918f,-0.5706517754073792f,0.8598411426360919f,0.4858657792334521f,-0.15686826957715286f,1.3541444044006077f,0.14608661949367935f,-0.5285262383326654f,-0.8362527817585012f,-0.02083680023810882f,0f,0f,0f,1f],start_interpolation:0}
execute if entity @s[tag=aj.tultaria.bone.right_arm] run data modify entity @s {} merge value {transformation:[-0.48921560587860335f,0.8620354665876092f,-0.13252526291207253f,-0.2160388773187627f,0.8598411426360919f,0.5021551624416736f,0.09226809992319326f,1.4375f,0.14608661949367935f,-0.06881167908327243f,-0.9868757026224984f,0.03433316162034306f,0f,0f,0f,1f],start_interpolation:0}
execute if entity @s[tag=aj.tultaria.bone.skirt] run data modify entity @s {} merge value {transformation:[-0.9876062963143438f,0.006846132462603113f,-0.15680221283696563f,0.00947922584312583f,0f,0.9990482215818578f,0.043619387365336f,0.8879434029030169f,0.15695159597871114f,0.04307878160338017f,-0.9866663139558904f,0.059647326734584706f,0f,0f,0f,1f],start_interpolation:0}
execute if entity @s[tag=aj.tultaria.bone.left_foot] run data modify entity @s {} merge value {transformation:[-0.9876062963143438f,0.06633061066995145f,-0.14224645362333604f,0.13962799741261214f,0f,0.90630778703665f,0.42261826174069944f,0.43252346578840417f,0.15695159597871114f,0.4173804562325381f,-0.8950752768761149f,0.08217494894545734f,0f,0f,0f,1f],start_interpolation:0}
execute if entity @s[tag=aj.tultaria.bone.left_leg] run data modify entity @s {} merge value {transformation:[-0.9876062963143438f,0.006846132462603113f,-0.15680221283696563f,0.12302290376038029f,0f,0.9990482215818578f,0.043619387365336f,0.8750594861511339f,0.15695159597871114f,0.04307878160338017f,-0.9866663139558904f,-0.022311373347550154f,0f,0f,0f,1f],start_interpolation:0}
execute if entity @s[tag=aj.tultaria.bone.right_foot] run data modify entity @s {} merge value {transformation:[-0.9876062963143438f,0.06633061066995147f,-0.14224645362333607f,-0.08195762253155874f,0f,0.9063077870366499f,0.42261826174069955f,0.5066964824730076f,0.15695159597871114f,0.41738045623253817f,-0.8950752768761148f,0.2807116148271235f,0f,0f,0f,1f],start_interpolation:0}
execute if entity @s[tag=aj.tultaria.bone.right_leg] run data modify entity @s {} merge value {transformation:[-0.9876062963143438f,-0.053680607351831236f,-0.14748625656176612f,-0.12387867031820567f,0f,0.9396926207859084f,-0.3420201433256687f,0.8750594861511339f,0.15695159597871114f,-0.3377812470147647f,-0.9280463488882901f,0.01692652564712763f,0f,0f,0f,1f],start_interpolation:0}
execute if entity @s[tag=aj.tultaria.bone.lower] run data modify entity @s {} merge value {transformation:[-0.9876062963143438f,0.006846132462603113f,-0.15680221283696563f,0f,0f,0.9990482215818578f,0.043619387365336f,0.9375f,0.15695159597871114f,0.04307878160338017f,-0.9866663139558904f,0f,0f,0f,0f,1f],start_interpolation:0}