execute if entity @s[tag=aj.tultaria.bone.head] run data modify entity @s {} merge value {transformation:[-0.9999649082784807f,-0.0032867972950081942f,0.007705788418540943f,0f,-8.673617379884035e-19f,0.9198214973217376f,0.39233711660356146f,1.59375f,-0.008377482414770734f,0.39232334881872394f,-0.9197892192019061f,0f,0f,0f,0f,1f],start_interpolation:0}
execute if entity @s[tag=aj.tultaria.bone.bust] run data modify entity @s {} merge value {transformation:[-0.999570154695225f,0f,0.029317330072228462f,0.4851264123114983f,0f,1f,0f,0.4375f,-0.029317330072228462f,0f,-0.999570154695225f,0.5144437423837267f,0f,0f,0f,1f],start_interpolation:0}
execute if entity @s[tag=aj.tultaria.bone.left_wing] run data modify entity @s {} merge value {transformation:[-0.9347016637318798f,0f,-0.3554332564868629f,0.06613780092748012f,0f,1f,0f,1.5f,0.3554332564868629f,0f,-0.9347016637318798f,-0.12311393620738897f,0f,0f,0f,1f],start_interpolation:0}
execute if entity @s[tag=aj.tultaria.bone.right_wing] run data modify entity @s {} merge value {transformation:[-0.9122631507322384f,0f,0.409604618890082f,-0.058808468409423054f,0f,1f,0f,1.5f,-0.409604618890082f,0f,-0.9122631507322384f,-0.12677860246641748f,0f,0f,0f,1f],start_interpolation:0}
execute if entity @s[tag=aj.tultaria.bone.body] run data modify entity @s {} merge value {transformation:[-0.999570154695225f,0f,0.029317330072228462f,0.4851264123114983f,0f,1f,0f,0.4375f,-0.029317330072228462f,0f,-0.999570154695225f,0.5144437423837267f,0f,0f,0f,1f],start_interpolation:0}
execute if entity @s[tag=aj.tultaria.bone.left_hand] run data modify entity @s {} merge value {transformation:[-0.21022144291962042f,-0.8951759333159869f,0.3930228916343735f,0.5778179761405978f,-0.977632810636211f,0.18984841247814266f,-0.09050783307024392f,1.455639079592293f,0.00640566189670824f,-0.40325876145643835f,-0.9150635709087561f,-0.07368562054723608f,0f,0f,0f,1f],start_interpolation:0}
execute if entity @s[tag=aj.tultaria.bone.left_arm] run data modify entity @s {} merge value {transformation:[-0.21022144291962042f,-0.9768773456474047f,0.03895634091741387f,0.21865597133958048f,-0.977632810636211f,0.20978889766632136f,-0.01492333687523941f,1.4375f,0.00640566189670824f,-0.04122220247428217f,-0.9991294698480444f,0.006413165953299976f,0f,0f,0f,1f],start_interpolation:0}
execute if entity @s[tag=aj.tultaria.bone.rod] run data modify entity @s {} merge value {transformation:[-0.0000020948463744169834f,0.00000888117486577141f,0.000004091008637387879f,-0.8741434979112633f,0.00000977632810636211f,0.00000198241802375265f,7.024439734632591e-7f,1.39575940404677f,-1.8715614963510032e-7f,0.000004146655493610584f,-0.000009097814066739489f,0.14092854402601207f,0f,0f,0f,1f],start_interpolation:0}
execute if entity @s[tag=aj.tultaria.bone.sword] run data modify entity @s {} merge value {transformation:[-0.0000020948463744169834f,0.000009172718921880196f,-0.0000033871590231007834f,-0.8965672007521013f,0.00000977632810636211f,0.0000018984841247814268f,-9.050783307024392e-7f,1.422067874703984f,-1.8715614963510032e-7f,-0.0000035009978017893597f,-0.000009365254239342348f,0.09644405181148522f,0f,0f,0f,1f],start_interpolation:0}
execute if entity @s[tag=aj.tultaria.bone.right_hand] run data modify entity @s {} merge value {transformation:[-0.20948463744169832f,0.9172718921880195f,-0.3387159023100783f,-0.5725060261295158f,0.977632810636211f,0.18984841247814266f,-0.09050783307024392f,1.455639079592293f,-0.01871561496351003f,-0.35009978017893595f,-0.9365254239342348f,-0.1074245515328682f,0f,0f,0f,1f],start_interpolation:0}
execute if entity @s[tag=aj.tultaria.bone.right_arm] run data modify entity @s {} merge value {transformation:[-0.20948463744169832f,0.9776140929502637f,0.019669060500021207f,-0.21865597133958048f,0.977632810636211f,0.20978889766632136f,-0.01492333687523941f,1.4375f,-0.01871561496351003f,0.016102909084479554f,-0.9996951645754593f,-0.006413165953299976f,0f,0f,0f,1f],start_interpolation:0}
execute if entity @s[tag=aj.tultaria.bone.skirt] run data modify entity @s {} merge value {transformation:[-0.999570154695225f,-0.0012788039769379474f,0.029289426470188163f,-0.001770645217967794f,0f,0.9990482215818578f,0.043619387365336f,0.8879434029030169f,-0.029317330072228462f,0.04360063777647985f,-0.998618785394567f,0.06036989419138795f,0f,0f,0f,1f],start_interpolation:0}
execute if entity @s[tag=aj.tultaria.bone.left_foot] run data modify entity @s {} merge value {transformation:[-0.999570154695225f,-0.012390039074003526f,0.026570524539584407f,0.12192449301659858f,0f,0.90630778703665f,0.42261826174069944f,0.43252346578840417f,-0.029317330072228462f,0.422436601265178f,-0.9059182148897112f,0.1066916955451095f,0f,0f,0f,1f],start_interpolation:0}
execute if entity @s[tag=aj.tultaria.bone.left_leg] run data modify entity @s {} merge value {transformation:[-0.999570154695225f,-0.0012788039769379474f,0.029289426470188163f,0.12502619458546174f,0f,0.9990482215818578f,0.043619387365336f,0.8750594861511339f,-0.029317330072228462f,0.04360063777647985f,-0.998618785394567f,0.0009396263979985671f,0f,0f,0f,1f],start_interpolation:0}
execute if entity @s[tag=aj.tultaria.bone.right_foot] run data modify entity @s {} merge value {transformation:[-0.999570154695225f,-0.01239003907400353f,0.026570524539584403f,-0.13269686780663464f,0f,0.9063077870366499f,0.42261826174069955f,0.5066964824730076f,-0.029317330072228462f,0.42243660126517824f,-0.9059182148897111f,0.26059087448371115f,0f,0f,0f,1f],start_interpolation:0}
execute if entity @s[tag=aj.tultaria.bone.right_leg] run data modify entity @s {} merge value {transformation:[-0.999570154695225f,0.010027117433229515f,0.027549278730017886f,-0.1248663440883445f,0f,0.9396926207859084f,-0.3420201433256687f,0.8750594861511339f,-0.029317330072228462f,-0.34187312757292165f,-0.9392886983249319f,-0.006389706120058548f,0f,0f,0f,1f],start_interpolation:0}
execute if entity @s[tag=aj.tultaria.bone.lower] run data modify entity @s {} merge value {transformation:[-0.999570154695225f,-0.0012788039769379474f,0.029289426470188163f,0f,0f,0.9990482215818578f,0.043619387365336f,0.9375f,-0.029317330072228462f,0.04360063777647985f,-0.998618785394567f,0f,0f,0f,0f,1f],start_interpolation:0}