execute if entity @s[tag=aj.tultaria.bone.head] run data modify entity @s {} merge value {transformation:[-0.9999405050001497f,-0.004311367755566536f,0.010019908588491104f,0f,0f,0.9185757741246411f,0.39524492051298554f,1.59375f,-0.010908091494182506f,0.39522140541649886f,-0.9185211234590971f,0f,0f,0f,0f,1f],start_interpolation:0}
execute if entity @s[tag=aj.tultaria.bone.bust] run data modify entity @s {} merge value {transformation:[-0.9992712675506252f,0f,0.038169802825881734f,0.4805507323623717f,0f,1f,0f,0.4375f,-0.038169802825881734f,0f,-0.9992712675506252f,0.5187205351882535f,0f,0f,0f,1f],start_interpolation:0}
execute if entity @s[tag=aj.tultaria.bone.left_wing] run data modify entity @s {} merge value {transformation:[-0.9378132226747398f,0f,-0.34714025893926354f,0.0672256795751493f,0f,1f,0f,1.5f,0.34714025893926354f,0f,-0.9378132226747398f,-0.12252329576721055f,0f,0f,0f,1f],start_interpolation:0}
execute if entity @s[tag=aj.tultaria.bone.right_wing] run data modify entity @s {} merge value {transformation:[-0.9085993203585254f,0f,0.41766885812091076f,-0.05768322886867888f,0f,1f,0f,1.5f,-0.41766885812091076f,0f,-0.9085993203585254f,-0.1272945211204458f,0f,0f,0f,1f],start_interpolation:0}
execute if entity @s[tag=aj.tultaria.bone.body] run data modify entity @s {} merge value {transformation:[-0.9992712675506252f,0f,0.038169802825881734f,0.4805507323623717f,0f,1f,0f,0.4375f,-0.038169802825881734f,0f,-0.9992712675506252f,0.5187205351882535f,0f,0f,0f,1f],start_interpolation:0}
execute if entity @s[tag=aj.tultaria.bone.left_hand] run data modify entity @s {} merge value {transformation:[-0.19554658127065244f,-0.8953856591588797f,0.40005756576520135f,0.5783623339280872f,-0.9806539904353245f,0.17482515403921256f,-0.08805632605576896f,1.460669757611774f,0.00890424598910019f,-0.40953716179094657f,-0.9122499808252021f,-0.0676085147885736f,0f,0f,0f,1f],start_interpolation:0}
execute if entity @s[tag=aj.tultaria.bone.left_arm] run data modify entity @s {} merge value {transformation:[-0.19554658127065244f,-0.9793671044222962f,0.0510059734623984f,0.21859058977669926f,-0.9806539904353245f,0.1948016444567371f,-0.01923721290169889f,1.4375f,0.00890424598910019f,-0.05378098262804216f,-0.9985130546522303f,0.00834964436816163f,0f,0f,0f,1f],start_interpolation:0}
execute if entity @s[tag=aj.tultaria.bone.rod] run data modify entity @s {} merge value {transformation:[-0.0000019429753313050647f,0.000008862307477708304f,0.000004205276808070478f,-0.8768635466374115f,0.000009806539904353246f,0.0000018588527722351786f,6.135482666270205e-7f,1.4061173656040404f,-2.3795370614345012e-7f,0.0000042431323973815695f,-0.000009052027700577566f,0.13349752618001742f,0f,0f,0f,1f],start_interpolation:0}
execute if entity @s[tag=aj.tultaria.bone.sword] run data modify entity @s {} merge value {transformation:[-0.0000019429753313050647f,0.000009240177462200945f,-0.0000032930179666946354f,-0.898371366266621f,0.000009806539904353246f,0.0000017482515403921257f,-8.805632605576897e-7f,1.43263516252128f,-2.3795370614345012e-7f,-0.000003400402478906028f,-0.000009401097862227708f,0.08868627461912681f,0f,0f,0f,1f],start_interpolation:0}
execute if entity @s[tag=aj.tultaria.bone.right_hand] run data modify entity @s {} merge value {transformation:[-0.19429753313050646f,0.9240177462200944f,-0.3293017966694635f,-0.5715196163885591f,0.9806539904353245f,0.17482515403921256f,-0.08805632605576896f,1.460669757611774f,-0.02379537061434501f,-0.3400402478906028f,-0.9401097862227706f,-0.1115312900568049f,0f,0f,0f,1f],start_interpolation:0}
execute if entity @s[tag=aj.tultaria.bone.right_arm] run data modify entity @s {} merge value {transformation:[-0.19429753313050646f,0.9806159853622471f,0.02531319559890744f,-0.21859058977669926f,0.9806539904353245f,0.1948016444567371f,-0.01923721290169889f,1.4375f,-0.02379537061434501f,0.02108574326363203f,-0.9994944580978657f,-0.00834964436816163f,0f,0f,0f,1f],start_interpolation:0}
execute if entity @s[tag=aj.tultaria.bone.skirt] run data modify entity @s {} merge value {transformation:[-0.9992712675506252f,-0.001664943415120632f,0.03813347363132732f,-0.0023052978793741776f,0f,0.9990482215818578f,0.043619387365336f,0.8879434029030169f,-0.038169802825881734f,0.043587600502341034f,-0.9983201827243009f,0.06035184264672157f,0f,0f,0f,1f],start_interpolation:0}
execute if entity @s[tag=aj.tultaria.bone.left_foot] run data modify entity @s {} merge value {transformation:[-0.9992712675506252f,-0.016131255721259376f,0.034593589530750146f,0.12097469594747255f,0f,0.90630778703665f,0.42261826174069944f,0.43252346578840417f,-0.038169802825881734f,0.4223102860996706f,-0.9056473311431154f,0.1077674479426023f,0f,0f,0f,1f],start_interpolation:0}
execute if entity @s[tag=aj.tultaria.bone.left_leg] run data modify entity @s {} merge value {transformation:[-0.9992712675506252f,-0.001664943415120632f,0.03813347363132732f,0.1250129674072732f,0f,0.9990482215818578f,0.043619387365336f,0.8750594861511339f,-0.038169802825881734f,0.043587600502341034f,-0.9983201827243009f,0.002047000321838902f,0f,0f,0f,1f],start_interpolation:0}
execute if entity @s[tag=aj.tultaria.bone.right_foot] run data modify entity @s {} merge value {transformation:[-0.9992712675506252f,-0.016131255721259383f,0.034593589530750146f,-0.1349998278639589f,0f,0.9063077870366499f,0.42261826174069955f,0.5066964824730076f,-0.038169802825881734f,0.4223102860996707f,-0.9056473311431152f,0.2594052988405947f,0f,0f,0f,1f],start_interpolation:0}
execute if entity @s[tag=aj.tultaria.bone.right_leg] run data modify entity @s {} merge value {transformation:[-0.9992712675506252f,0.013054841433220585f,0.03586788205233418f,-0.12480484948038312f,0f,0.9396926207859084f,-0.3420201433256687f,0.8750594861511339f,-0.038169802825881734f,-0.3417709021488875f,-0.9390078362807036f,-0.007495450384631531f,0f,0f,0f,1f],start_interpolation:0}
execute if entity @s[tag=aj.tultaria.bone.lower] run data modify entity @s {} merge value {transformation:[-0.9992712675506252f,-0.001664943415120632f,0.03813347363132732f,0f,0f,0.9990482215818578f,0.043619387365336f,0.9375f,-0.038169802825881734f,0.043587600502341034f,-0.9983201827243009f,0f,0f,0f,0f,1f],start_interpolation:0}