execute if entity @s[tag=aj.tultaria.bone.head] run data modify entity @s {} merge value {transformation:[-0.9916261438234949f,0.029544487468176464f,-0.1257168013671528f,0f,0f,0.973479173335151f,0.2287756522943624f,1.59375f,0.12914174726146999f,0.22685991788536322f,-0.9653273987468194f,0f,0f,0f,0f,1f],start_interpolation:0}
execute if entity @s[tag=aj.tultaria.bone.bust] run data modify entity @s {} merge value {transformation:[-0.8990234536796529f,0f,-0.43790047925745523f,0.668461966468554f,0f,1f,0f,0.4375f,0.43790047925745523f,0f,-0.8990234536796529f,0.23056148721109881f,0f,0f,0f,1f],start_interpolation:0}
execute if entity @s[tag=aj.tultaria.bone.left_wing] run data modify entity @s {} merge value {transformation:[-0.6630121096656794f,0f,-0.748608671093693f,0.0014514059477963581f,0f,1f,0f,1.5f,0.748608671093693f,0f,-0.6630121096656794f,-0.13974671166354752f,0f,0f,0f,1f],start_interpolation:0}
execute if entity @s[tag=aj.tultaria.bone.right_wing] run data modify entity @s {} merge value {transformation:[-0.998166626538801f,0f,-0.060525909031999336f,-0.11092652576216022f,0f,1f,0f,1.5f,0.060525909031999336f,0f,-0.998166626538801f,-0.08500915175636564f,0f,0f,0f,1f],start_interpolation:0}
execute if entity @s[tag=aj.tultaria.bone.body] run data modify entity @s {} merge value {transformation:[-0.8990234536796529f,0f,-0.43790047925745523f,0.668461966468554f,0f,1f,0f,0.4375f,0.43790047925745523f,0f,-0.8990234536796529f,0.23056148721109881f,0f,0f,0f,1f],start_interpolation:0}
execute if entity @s[tag=aj.tultaria.bone.left_hand] run data modify entity @s {} merge value {transformation:[-0.8447421446531698f,-0.5341783019840258f,-0.03262285604029913f,0.37705904484339603f,-0.49769730319508443f,0.8065366354733329f,-0.3190549326239862f,1.2245854140651233f,0.19674375069898242f,-0.2532828405731802f,-0.9471745875138741f,-0.33634477634873006f,0f,0f,0f,1f],start_interpolation:0}
execute if entity @s[tag=aj.tultaria.bone.left_arm] run data modify entity @s {} merge value {transformation:[-0.8447421446531698f,-0.3933715974146376f,-0.36286291542980714f,0.19666138049242407f,-0.49769730319508443f,0.8266960919047004f,0.26243278381680024f,1.4375f,0.19674375069898242f,0.40228392706762656f,-0.8941250128387781f,-0.09579072983756834f,0f,0f,0f,1f],start_interpolation:0}
execute if entity @s[tag=aj.tultaria.bone.rod] run data modify entity @s {} merge value {transformation:[-0.000006756812552498892f,0.0000060496419888676225f,-0.000004212756334862394f,-0.4552782014427553f,0.0000049769730319508445f,0.000007959134306480138f,0.000003447016177891386f,0.9620160423406219f,0.000005438310727572253f,2.3240675106530637e-7f,-0.000008388728362060116f,0.3820092874532145f,0f,0f,0f,1f],start_interpolation:0}
execute if entity @s[tag=aj.tultaria.bone.sword] run data modify entity @s {} merge value {transformation:[-0.000006756812552498892f,0.0000012988743022113831f,-0.000007256611445946952f,-0.5104086068221907f,0.0000049769730319508445f,0.00000806536635473333f,-0.0000031905493262398626f,0.9626133830987188f,0.000005438310727572253f,-0.0000057673903206728166f,-0.0000060960631000164396f,0.3704287126955507f,0f,0f,0f,1f],start_interpolation:0}
execute if entity @s[tag=aj.tultaria.bone.right_hand] run data modify entity @s {} merge value {transformation:[-0.6756812552498892f,0.1298874302211383f,-0.7256611445946952f,-0.4972780581841654f,0.49769730319508443f,0.8065366354733329f,-0.3190549326239862f,1.2245854140651233f,0.5438310727572252f,-0.5767390320672816f,-0.6096063100016439f,0.0895313616777784f,0f,0f,0f,1f],start_interpolation:0}
execute if entity @s[tag=aj.tultaria.bone.right_arm] run data modify entity @s {} merge value {transformation:[-0.6756812552498892f,0.5592527431550354f,-0.48030324856022183f,-0.19666138049242407f,0.49769730319508443f,0.8266960919047004f,0.26243278381680024f,1.4375f,0.5438310727572252f,-0.06172471873620233f,-0.8369216351610598f,0.09579072983756834f,0f,0f,0f,1f],start_interpolation:0}
execute if entity @s[tag=aj.tultaria.bone.skirt] run data modify entity @s {} merge value {transformation:[-0.8990234536796529f,0.019100950632197224f,-0.43748369503200385f,0.026447373878615996f,0f,0.9990482215818578f,0.043619387365336f,0.8879434029030169f,0.43790047925745523f,0.03921485227657499f,-0.898167782559037f,0.05429729020947536f,0f,0f,0f,1f],start_interpolation:0}
execute if entity @s[tag=aj.tultaria.bone.left_foot] run data modify entity @s {} merge value {transformation:[-0.8990234536796529f,0.18506473935920492f,-0.3968726142981127f,0.15751291827285846f,0f,0.90630778703665f,0.42261826174069944f,0.43252346578840417f,0.43790047925745523f,0.37994372925821507f,-0.8147919567984524f,0.037925986774410225f,0f,0f,0f,1f],start_interpolation:0}
execute if entity @s[tag=aj.tultaria.bone.left_leg] run data modify entity @s {} merge value {transformation:[-0.8990234536796529f,0.019100950632197224f,-0.43748369503200385f,0.11118412229544428f,0f,0.9990482215818578f,0.043619387365336f,0.8750594861511339f,0.43790047925745523f,0.03921485227657499f,-0.898167782559037f,-0.05718848817446784f,0f,0f,0f,1f],start_interpolation:0}
execute if entity @s[tag=aj.tultaria.bone.right_foot] run data modify entity @s {} merge value {transformation:[-0.8990234536796529f,0.18506473935920498f,-0.39687261429811266f,0.003389458296767553f,0f,0.9063077870366499f,0.42261826174069955f,0.5066964824730076f,0.43790047925745523f,0.3799437292582152f,-0.8147919567984525f,0.2924116518922104f,0f,0f,0f,1f],start_interpolation:0}
execute if entity @s[tag=aj.tultaria.bone.right_leg] run data modify entity @s {} merge value {transformation:[-0.8990234536796529f,-0.14977078467801386f,-0.41149184899684343f,-0.11357174112446894f,0f,0.9396926207859084f,-0.3420201433256687f,0.8750594861511339f,0.43790047925745523f,-0.3074841304806526f,-0.8448057053362318f,0.05228663163989597f,0f,0f,0f,1f],start_interpolation:0}
execute if entity @s[tag=aj.tultaria.bone.lower] run data modify entity @s {} merge value {transformation:[-0.8990234536796529f,0.019100950632197224f,-0.43748369503200385f,0f,0f,0.9990482215818578f,0.043619387365336f,0.9375f,0.43790047925745523f,0.03921485227657499f,-0.898167782559037f,0f,0f,0f,0f,1f],start_interpolation:0}