execute if entity @s[tag=aj.tultaria.bone.head] run data modify entity @s {} merge value {transformation:[-0.9978474930409392f,0.02004666889177084f,-0.062438062896412766f,0f,0f,0.9521293927421387f,0.30569530496310576f,1.59375f,0.06557728746992125f,0.3050372936918205f,-0.9500799275983349f,0f,0f,0f,0f,1f],start_interpolation:0}
execute if entity @s[tag=aj.tultaria.bone.bust] run data modify entity @s {} merge value {transformation:[-0.9737380845862744f,0f,-0.2276711282228237f,0.600704606404549f,0f,1f,0f,0.4375f,0.2276711282228237f,0f,-0.9737380845862744f,0.3730334781817254f,0f,0f,0f,1f],start_interpolation:0}
execute if entity @s[tag=aj.tultaria.bone.left_wing] run data modify entity @s {} merge value {transformation:[-0.8124907175772604f,0f,-0.5829741279429032f,0.03239973925878925f,0f,1f,0f,1.5f,0.5829741279429032f,0f,-0.8124907175772604f,-0.13594670608721082f,0f,0f,0f,1f],start_interpolation:0}
execute if entity @s[tag=aj.tultaria.bone.right_wing] run data modify entity @s {} merge value {transformation:[-0.9867426551747456f,0f,0.162292736925264f,-0.08931752131449511f,0f,1f,0f,1.5f,-0.162292736925264f,0f,-0.9867426551747456f,-0.10748781505935784f,0f,0f,0f,1f],start_interpolation:0}
execute if entity @s[tag=aj.tultaria.bone.body] run data modify entity @s {} merge value {transformation:[-0.9737380845862744f,0f,-0.2276711282228237f,0.600704606404549f,0f,1f,0f,0.4375f,0.2276711282228237f,0f,-0.9737380845862744f,0.3730334781817254f,0f,0f,0f,1f],start_interpolation:0}
execute if entity @s[tag=aj.tultaria.bone.left_hand] run data modify entity @s {} merge value {transformation:[-0.613084315630001f,-0.7696923844396097f,0.17804846324571538f,0.5060462134810949f,-0.7888779017776466f,0.5843488457469768f,-0.19028421521785105f,1.318441250202138f,0.0424178973475908f,-0.25711876596204253f,-0.9654484254349195f,-0.2387320658936492f,0f,0f,0f,1f],start_interpolation:0}
execute if entity @s[tag=aj.tultaria.bone.left_arm] run data modify entity @s {} merge value {transformation:[-0.613084315630001f,-0.7516269051488572f,-0.24327888807877202f,0.21300520600324752f,-0.7888779017776466f,0.5989844347066764f,0.13743836096963893f,1.4375f,0.0424178973475908f,0.2761786422507607f,-0.9601698180786227f,-0.04980305929874269f,0f,0f,0f,1f],start_interpolation:0}
execute if entity @s[tag=aj.tultaria.bone.rod] run data modify entity @s {} merge value {transformation:[-0.000005683343370095229f,0.000008227557112137379f,-8.313906489879379e-8f,-0.7019398974783093f,0.000007888779017776466f,0.0000054774829033952205f,0.0000027864577247291623f,1.1230959599492532f,0.000002338113287735296f,0.0000015180530325158962f,-0.00000960357960576081f,0.32309189453351994f,0f,0f,0f,1f],start_interpolation:0}
execute if entity @s[tag=aj.tultaria.bone.sword] run data modify entity @s {} merge value {transformation:[-0.000005683343370095229f,0.0000057589732300205015f,-0.000005876549623163393f,-0.7472466718684353f,0.000007888779017776466f,0.000005843488457469768f,-0.0000019028421521785107f,1.138828821791468f,0.000002338113287735296f,-0.0000057173306694055065f,-0.00000786418185639109f,0.2935351461058595f,0f,0f,0f,1f],start_interpolation:0}
execute if entity @s[tag=aj.tultaria.bone.right_hand] run data modify entity @s {} merge value {transformation:[-0.5683343370095228f,0.5758973230020501f,-0.5876549623163393f,-0.559435271642083f,0.7888779017776466f,0.5843488457469768f,-0.19028421521785105f,1.318441250202138f,0.2338113287735296f,-0.5717330669405506f,-0.786418185639109f,0.01038972122592486f,0f,0f,0f,1f],start_interpolation:0}
execute if entity @s[tag=aj.tultaria.bone.right_arm] run data modify entity @s {} merge value {transformation:[-0.5683343370095228f,0.79616025054323f,-0.20766544447954494f,-0.21300520600324752f,0.7888779017776466f,0.5989844347066764f,0.13743836096963893f,1.4375f,0.2338113287735296f,-0.08571174035139055f,-0.9684966495053517f,0.04980305929874269f,0f,0f,0f,1f],start_interpolation:0}
execute if entity @s[tag=aj.tultaria.bone.skirt] run data modify entity @s {} merge value {transformation:[-0.9737380845862744f,0.009930875133854428f,-0.22745443575654714f,0.01375039246288477f,0f,0.9990482215818578f,0.043619387365336f,0.8879434029030169f,0.2276711282228237f,0.04247385870394901f,-0.9728113016924421f,0.05880974422903002f,0f,0f,0f,1f],start_interpolation:0}
execute if entity @s[tag=aj.tultaria.bone.left_foot] run data modify entity @s {} merge value {transformation:[-0.9737380845862744f,0.09621797645807365f,-0.20634011639176472f,0.14518362747592548f,0f,0.90630778703665f,0.42261826174069944f,0.43252346578840417f,0.2276711282228237f,0.41151949669856946f,-0.8825064085946928f,0.0719055923317278f,0f,0f,0f,1f],start_interpolation:0}
execute if entity @s[tag=aj.tultaria.bone.left_leg] run data modify entity @s {} merge value {transformation:[-0.9737380845862744f,0.009930875133854428f,-0.22745443575654714f,0.1210965808774184f,0f,0.9990482215818578f,0.043619387365336f,0.8750594861511339f,0.2276711282228237f,0.04247385870394901f,-0.9728113016924421f,-0.031113507196849778f,0f,0f,0f,1f],start_interpolation:0}
execute if entity @s[tag=aj.tultaria.bone.right_foot] run data modify entity @s {} merge value {transformation:[-0.9737380845862744f,0.09621797645807369f,-0.20634011639176472f,-0.061528031415700984f,0f,0.9063077870366499f,0.42261826174069955f,0.5066964824730076f,0.2276711282228237f,0.41151949669856946f,-0.8825064085946925f,0.28588522861453564f,0f,0f,0f,1f],start_interpolation:0}
execute if entity @s[tag=aj.tultaria.bone.right_leg] run data modify entity @s {} merge value {transformation:[-0.9737380845862744f,-0.07786811190588686f,-0.2139408791569898f,-0.12233794026915021f,0f,0.9396926207859084f,-0.3420201433256687f,0.8750594861511339f,0.2276711282228237f,-0.3330380392518597f,-0.9150144926639268f,0.025804274858856148f,0f,0f,0f,1f],start_interpolation:0}
execute if entity @s[tag=aj.tultaria.bone.lower] run data modify entity @s {} merge value {transformation:[-0.9737380845862744f,0.009930875133854428f,-0.22745443575654714f,0f,0f,0.9990482215818578f,0.043619387365336f,0.9375f,0.2276711282228237f,0.04247385870394901f,-0.9728113016924421f,0f,0f,0f,0f,1f],start_interpolation:0}