execute if entity @s[tag=aj.tultaria.bone.head] run data modify entity @s {} merge value {transformation:[-0.9940753239360044f,0.02758180809843086f,-0.10513559912583786f,0f,0f,0.9672677527758768f,0.25375794458480555f,1.59375f,0.10869337763418505f,0.25225451096447526f,-0.9615370046735309f,0f,0f,0f,0f,1f],start_interpolation:0}
execute if entity @s[tag=aj.tultaria.bone.bust] run data modify entity @s {} merge value {transformation:[-0.9282263369769632f,0f,-0.3720159503869813f,0.6501211436819723f,0f,1f,0f,0.4375f,0.3720159503869813f,0f,-0.9282263369769632f,0.27810519329499095f,0f,0f,0f,1f],start_interpolation:0}
execute if entity @s[tag=aj.tultaria.bone.left_wing] run data modify entity @s {} merge value {transformation:[-0.71520497348229f,0f,-0.6989147629762851f,0.011512152262687536f,0f,1f,0f,1.5f,0.6989147629762851f,0f,-0.71520497348229f,-0.1392792890213067f,0f,0f,0f,1f],start_interpolation:0}
execute if entity @s[tag=aj.tultaria.bone.right_wing] run data modify entity @s {} merge value {transformation:[-0.9999336550595918f,0f,0.011518918315752302f,-0.10451613985943276f,0f,1f,0f,1.5f,-0.011518918315752302f,0f,-0.9999336550595918f,-0.0927772952229341f,0f,0f,0f,1f],start_interpolation:0}
execute if entity @s[tag=aj.tultaria.bone.body] run data modify entity @s {} merge value {transformation:[-0.9282263369769632f,0f,-0.3720159503869813f,0.6501211436819723f,0f,1f,0f,0.4375f,0.3720159503869813f,0f,-0.9282263369769632f,0.27810519329499095f,0f,0f,0f,1f],start_interpolation:0}
execute if entity @s[tag=aj.tultaria.bone.left_hand] run data modify entity @s {} merge value {transformation:[-0.7865262031345674f,-0.616362202085261f,0.03839489058883727f,0.423361484582846f,-0.6014757522708992f,0.7504674629278169f,-0.27390784310939664f,1.2518207154767602f,0.1400123252177361f,-0.23852929154989233f,-0.9609892433632278f,-0.31100432651989895f,0f,0f,0f,1f],start_interpolation:0}
execute if entity @s[tag=aj.tultaria.bone.left_arm] run data modify entity @s {} merge value {transformation:[-0.7865262031345674f,-0.5180706080035404f,-0.3361240498767724f,0.2030495112137107f,-0.6014757522708992f,0.7660369325100276f,0.22674729868464444f,1.4375f,0.1400123252177361f,0.3805131576614259f,-0.9141150286663344f,-0.08137848914715216f,0f,0f,0f,1f],start_interpolation:0}
execute if entity @s[tag=aj.tultaria.bone.rod] run data modify entity @s {} merge value {transformation:[-0.000006655189639781292f,0.000006876459735760983f,-0.000002902197850079444f,-0.539919038446133f,0.000006014757522708993f,0.000007243427253789587f,0.0000033697853881328803f,1.0046338972675035f,0.000004419405254280642f,4.970544452233131e-7f,-0.000008956661994120376f,0.375344302506858f,0f,0f,0f,1f],start_interpolation:0}
execute if entity @s[tag=aj.tultaria.bone.sword] run data modify entity @s {} merge value {transformation:[-0.000006655189639781292f,0.000002810227529576651f,-0.00000691455508984904f,-0.5931284830541169f,0.000006014757522708993f,0.0000075046746292781695f,-0.000002739078431093967f,1.010590584380216f,0.000004419405254280642f,-0.0000059818458640020214f,-0.000006684787001674665f,0.3578200048561351f,0f,0f,0f,1f],start_interpolation:0}
execute if entity @s[tag=aj.tultaria.bone.right_hand] run data modify entity @s {} merge value {transformation:[-0.6655189639781292f,0.2810227529576651f,-0.6914555089849039f,-0.5209674447101216f,0.6014757522708992f,0.7504674629278169f,-0.27390784310939664f,1.2518207154767602f,0.44194052542806417f,-0.5981845864002021f,-0.6684787001674665f,0.06746524508584895f,0f,0f,0f,1f],start_interpolation:0}
execute if entity @s[tag=aj.tultaria.bone.right_arm] run data modify entity @s {} merge value {transformation:[-0.6655189639781292f,0.637466750026598f,-0.3882275765527278f,-0.2030495112137107f,0.6014757522708992f,0.7660369325100276f,0.22674729868464444f,1.4375f,0.44194052542806417f,-0.0826048463539161f,-0.8932328987129909f,0.08137848914715216f,0f,0f,0f,1f],start_interpolation:0}
execute if entity @s[tag=aj.tultaria.bone.skirt] run data modify entity @s {} merge value {transformation:[-0.9282263369769632f,0.016227107846013358f,-0.37166187363419834f,0.02246822142185552f,0f,0.9990482215818578f,0.043619387365336f,0.8879434029030169f,0.3720159503869813f,0.04048866415530507f,-0.9273428711822773f,0.056061023316612404f,0f,0f,0f,1f],start_interpolation:0}
execute if entity @s[tag=aj.tultaria.bone.left_foot] run data modify entity @s {} merge value {transformation:[-0.9282263369769632f,0.15722073429236033f,-0.3371609527375612f,0.15437247240338853f,0f,0.90630778703665f,0.42261826174069944f,0.43252346578840417f,0.3720159503869813f,0.39228540103514087f,-0.8412587573347273f,0.04917153302175946f,0f,0f,0f,1f],start_interpolation:0}
execute if entity @s[tag=aj.tultaria.bone.left_leg] run data modify entity @s {} merge value {transformation:[-0.9282263369769632f,0.016227107846013358f,-0.37166187363419834f,0.11501409788174456f,0f,0.9990482215818578f,0.043619387365336f,0.8750594861511339f,0.3720159503869813f,0.04048866415530507f,-0.9273428711822773f,-0.04903253530807923f,0f,0f,0f,1f],start_interpolation:0}
execute if entity @s[tag=aj.tultaria.bone.right_foot] run data modify entity @s {} merge value {transformation:[-0.9282263369769632f,0.15722073429236036f,-0.3371609527375612f,-0.017678740894862655f,0f,0.9063077870366499f,0.42261826174069955f,0.5066964824730076f,0.3720159503869813f,0.392285401035141f,-0.8412587573347272f,0.291896428053255f,0f,0f,0f,1f],start_interpolation:0}
execute if entity @s[tag=aj.tultaria.bone.right_leg] run data modify entity @s {} merge value {transformation:[-0.9282263369769632f,-0.12723694867079022f,-0.34958064339330297f,-0.11704248636249624f,0f,0.9396926207859084f,-0.3420201433256687f,0.8750594861511339f,0.3720159503869813f,-0.31747210481152144f,-0.8722474392763863f,0.0439714522886661f,0f,0f,0f,1f],start_interpolation:0}
execute if entity @s[tag=aj.tultaria.bone.lower] run data modify entity @s {} merge value {transformation:[-0.9282263369769632f,0.016227107846013358f,-0.37166187363419834f,0f,0f,0.9990482215818578f,0.043619387365336f,0.9375f,0.3720159503869813f,0.04048866415530507f,-0.9273428711822773f,0f,0f,0f,0f,1f],start_interpolation:0}