execute if entity @s[tag=aj.tultaria.bone.head] run data modify entity @s {} merge value {transformation:[-0.9866859442078681f,0.030475165814712893f,-0.15975641386558959f,0f,0f,0.9822872507286887f,0.18738131458572463f,1.59375f,0.16263716519488336f,0.18488650930892728f,-0.9692090234685872f,0f,0f,0f,0f,1f],start_interpolation:0}
execute if entity @s[tag=aj.tultaria.bone.bust] run data modify entity @s {} merge value {transformation:[-0.8409445822981693f,0f,-0.5411212521268757f,0.6910329172125225f,0f,1f,0f,0.4375f,0.5411212521268757f,0f,-0.8409445822981693f,0.1499116650856468f,0f,0f,0f,1f],start_interpolation:0}
execute if entity @s[tag=aj.tultaria.bone.left_wing] run data modify entity @s {} merge value {transformation:[-0.569853349471924f,0f,-0.8217464086295901f,-0.015081120122223846f,0f,1f,0f,1.5f,0.8217464086295901f,0f,-0.569853349471924f,-0.1389381510452009f,0f,0f,0f,1f],start_interpolation:0}
execute if entity @s[tag=aj.tultaria.bone.right_wing] run data modify entity @s {} merge value {transformation:[-0.9840096256511399f,0f,-0.1781152902642099f,-0.12019919290949499f,0f,1f,0f,1.5f,0.1781152902642099f,0f,-0.9840096256511399f,-0.07129799452934149f,0f,0f,0f,1f],start_interpolation:0}
execute if entity @s[tag=aj.tultaria.bone.body] run data modify entity @s {} merge value {transformation:[-0.8409445822981693f,0f,-0.5411212521268757f,0.6910329172125225f,0f,1f,0f,0.4375f,0.5411212521268757f,0f,-0.8409445822981693f,0.1499116650856468f,0f,0f,0f,1f],start_interpolation:0}
execute if entity @s[tag=aj.tultaria.bone.left_hand] run data modify entity @s {} merge value {transformation:[-0.903389824882249f,-0.3998332484543826f,-0.15498450803107994f,0.2951744575514458f,-0.3132795887874166f,0.8621639374353608f,-0.3981573109150985f,1.1864389905959665f,0.29281858470460365f,-0.31113778043878115f,-0.9041297241188468f,-0.3640146333097574f,0f,0f,0f,1f],start_interpolation:0}
execute if entity @s[tag=aj.tultaria.bone.left_arm] run data modify entity @s {} merge value {transformation:[-0.903389824882249f,-0.18293845047498644f,-0.38784062143750603f,0.18395662737772453f,-0.3132795887874166f,0.8991454968588924f,0.30560313271882983f,1.4375f,0.29281858470460365f,0.39758131094932836f,-0.8695897754892284f,-0.11837027390275405f,0f,0f,0f,1f],start_interpolation:0}
execute if entity @s[tag=aj.tultaria.bone.rod] run data modify entity @s {} merge value {transformation:[-0.0000064083862581619335f,0.000004533578694464272f,-0.000006195098852100824f,-0.3147182640595665f,0.000003132795887874166f,0.000008911817011821048f,0.000003281022321279713f,0.9128971779220934f,0.000007008436023188058f,1.6180781475760665e-7f,-0.000007131314236517934f,0.36707090873758524f,0f,0f,0f,1f],start_interpolation:0}
execute if entity @s[tag=aj.tultaria.bone.sword] run data modify entity @s {} merge value {transformation:[-0.0000064083862581619335f,-0.0000011748721705429477f,-0.000007586320646340031f,-0.3703053491460414f,0.000003132795887874166f,0.000008621639374353608f,-0.000003981573109150985f,0.904023541122555f,0.000007008436023188058f,-0.000004928185252349918f,-0.0000051570160584780785f,0.3647987585359319f,0f,0f,0f,1f],start_interpolation:0}
execute if entity @s[tag=aj.tultaria.bone.right_hand] run data modify entity @s {} merge value {transformation:[-0.6408386258161933f,-0.11748721705429477f,-0.758632064634003f,-0.45360497853417736f,0.3132795887874166f,0.8621639374353608f,-0.3981573109150985f,1.1864389905959665f,0.7008436023188057f,-0.49281852523499176f,-0.5157016058478078f,0.11780126104348736f,0f,0f,0f,1f],start_interpolation:0}
execute if entity @s[tag=aj.tultaria.bone.right_arm] run data modify entity @s {} merge value {transformation:[-0.6408386258161933f,0.4376463516293352f,-0.6307071638784083f,-0.18395662737772453f,0.3132795887874166f,0.8991454968588924f,0.30560313271882983f,1.4375f,0.7008436023188057f,-0.0017453893284468391f,-0.7133128336886222f,0.11837027390275405f,0f,0f,0f,1f],start_interpolation:0}
execute if entity @s[tag=aj.tultaria.bone.skirt] run data modify entity @s {} merge value {transformation:[-0.8409445822981693f,0.023603377508137836f,-0.5406062245975032f,0.03268148071664999f,0f,0.9990482215818578f,0.043619387365336f,0.8879434029030169f,0.5411212521268757f,0.03668148748804453f,-0.8401441893938842f,0.05078956711111568f,0f,0f,0f,1f],start_interpolation:0}
execute if entity @s[tag=aj.tultaria.bone.left_foot] run data modify entity @s {} merge value {transformation:[-0.8409445822981693f,0.22868772296481094f,-0.49042240453360975f,0.16089216210789015f,0f,0.90630778703665f,0.42261826174069944f,0.43252346578840417f,0.5411212521268757f,0.35539853759111084f,-0.7621546234031138f,0.019037123414353804f,0f,0f,0f,1f],start_interpolation:0}
execute if entity @s[tag=aj.tultaria.bone.left_leg] run data modify entity @s {} merge value {transformation:[-0.8409445822981693f,0.023603377508137836f,-0.5406062245975032f,0.10364286169301254f,0f,0.9990482215818578f,0.043619387365336f,0.8750594861511339f,0.5411212521268757f,0.03668148748804453f,-0.8401441893938842f,-0.06993274948386224f,0f,0f,0f,1f],start_interpolation:0}
execute if entity @s[tag=aj.tultaria.bone.right_foot] run data modify entity @s {} merge value {transformation:[-0.8409445822981693f,0.228687722964811f,-0.49042240453360975f,0.03793770815666442f,0f,0.9063077870366499f,0.42261826174069955f,0.5066964824730076f,0.5411212521268757f,0.35539853759111095f,-0.7621546234031136f,0.2899599849801633f,0f,0f,0f,1f],start_interpolation:0}
execute if entity @s[tag=aj.tultaria.bone.right_leg] run data modify entity @s {} merge value {transformation:[-0.8409445822981693f,-0.1850743682089993f,-0.5084876475740561f,-0.10659328388152978f,0f,0.9396926207859084f,-0.3420201433256687f,0.8750594861511339f,0.5411212521268757f,-0.2876199865665644f,-0.7902294184754777f,0.06534756354785667f,0f,0f,0f,1f],start_interpolation:0}
execute if entity @s[tag=aj.tultaria.bone.lower] run data modify entity @s {} merge value {transformation:[-0.8409445822981693f,0.023603377508137836f,-0.5406062245975032f,0f,0f,0.9990482215818578f,0.043619387365336f,0.9375f,0.5411212521268757f,0.03668148748804453f,-0.8401441893938842f,0f,0f,0f,0f,1f],start_interpolation:0}