execute if entity @s[tag=aj.tultaria.bone.head] run data modify entity @s {} merge value {transformation:[-0.9999210442038161f,-0.004990576233306062f,0.011532541229476369f,0f,-8.673617379884035e-19f,0.9177546256839811f,0.3971478906347806f,1.59375f,-0.012566039883352732f,0.39711653350687276f,-0.9176821636368088f,0f,0f,0f,0f,1f],start_interpolation:0}
execute if entity @s[tag=aj.tultaria.bone.bust] run data modify entity @s {} merge value {transformation:[-0.9990329346781247f,0f,0.04396811831786502f,0.4775324081801298f,0f,1f,0f,0.4375f,-0.04396811831786502f,0f,-0.9990329346781247f,0.5215005264979948f,0f,0f,0f,1f],start_interpolation:0}
execute if entity @s[tag=aj.tultaria.bone.left_wing] run data modify entity @s {} merge value {transformation:[-0.9398119510863197f,0f,-0.3416921078914832f,0.0679355732071159f,0f,1f,0f,1.5f,0.3416921078914832f,0f,-0.9398119510863197f,-0.12213110943989902f,0f,0f,0f,1f],start_interpolation:0}
execute if entity @s[tag=aj.tultaria.bone.right_wing] run data modify entity @s {} merge value {transformation:[-0.9061602102212898f,0f,0.42293459708530334f,-0.056943543627649695f,0f,1f,0f,1.5f,-0.42293459708530334f,0f,-0.9061602102212898f,-0.12762712422963218f,0f,0f,0f,1f],start_interpolation:0}
execute if entity @s[tag=aj.tultaria.bone.body] run data modify entity @s {} merge value {transformation:[-0.9990329346781247f,0f,0.04396811831786502f,0.4775324081801298f,0f,1f,0f,0.4375f,-0.04396811831786502f,0f,-0.9990329346781247f,0.5215005264979948f,0f,0f,0f,1f],start_interpolation:0}
execute if entity @s[tag=aj.tultaria.bone.left_hand] run data modify entity @s {} merge value {transformation:[-0.18594022744337296f,-0.8953638016513251f,0.4046602210630458f,0.5786451209120833f,-0.9825029762265174f,0.16495103217466994f,-0.08648155115714873f,1.463972389703609f,0.010683329272388718f,-0.41366027084673884f,-0.9103686323674934f,-0.06362532781475694f,0f,0f,0f,1f],start_interpolation:0}
execute if entity @s[tag=aj.tultaria.bone.left_arm] run data modify entity @s {} merge value {transformation:[-0.18594022744337296f,-0.9807900235404139f,0.05896746172170725f,0.21853845446083978f,-0.9825029762265174f,0.18494157557084145f,-0.022011708961602185f,1.4375f,0.010683329272388718f,-0.06202856881283825f,-0.9980171958071107f,0.009618025882032973f,0f,0f,0f,1f],start_interpolation:0}
execute if entity @s[tag=aj.tultaria.bone.rod] run data modify entity @s {} merge value {transformation:[-0.0000018428276658834455f,0.000008848459886943178f,0.00000427887179324318f,-0.8785194042971527f,0.000009825029762265174f,0.000001777896846851807f,5.548630214367834e-7f,1.4129259465327513f,-2.6977094813587167e-7f,0.000004306255964421059f,-0.00000902127392358917f,0.12861163478697757f,0f,0f,0f,1f],start_interpolation:0}
execute if entity @s[tag=aj.tultaria.bone.sword] run data modify entity @s {} merge value {transformation:[-0.0000018428276658834455f,0.000009282425249944767f,-0.0000032311867282845766f,-0.8994244285418724f,0.000009825029762265174f,0.0000016495103217466995f,-8.648155115714873e-7f,1.4395753418293387f,-2.6977094813587167e-7f,-0.000003334021172344128f,-0.000009423986760278422f,0.08359366263524792f,0f,0f,0f,1f],start_interpolation:0}
execute if entity @s[tag=aj.tultaria.bone.right_hand] run data modify entity @s {} merge value {transformation:[-0.18428276658834453f,0.9282425249944767f,-0.32311867282845763f,-0.5708182915277812f,0.9825029762265174f,0.16495103217466994f,-0.08648155115714873f,1.463972389703609f,-0.026977094813587166f,-0.33340211723441276f,-0.942398676027842f,-0.11421399367940743f,0f,0f,0f,1f],start_interpolation:0}
execute if entity @s[tag=aj.tultaria.bone.right_arm] run data modify entity @s {} merge value {transformation:[-0.18428276658834453f,0.9824471899514675f,0.028937534363016132f,-0.21853845446083978f,0.9825029762265174f,0.18494157557084145f,-0.022011708961602185f,1.4375f,-0.026977094813587166f,0.02437483501153896f,-0.9993388333160975f,-0.009618025882032973f,0f,0f,0f,1f],start_interpolation:0}
execute if entity @s[tag=aj.tultaria.bone.skirt] run data modify entity @s {} merge value {transformation:[-0.9990329346781247f,-0.0019178623846318797f,0.04392627041176375f,-0.002655492101455615f,0f,0.9990482215818578f,0.043619387365336f,0.8879434029030169f,-0.04396811831786502f,0.043577204568453536f,-0.9980820766918848f,0.06033744832909654f,0f,0f,0f,1f],start_interpolation:0}
execute if entity @s[tag=aj.tultaria.bone.left_foot] run data modify entity @s {} merge value {transformation:[-0.9990329346781247f,-0.01858172973550552f,0.039848648012829835f,0.12034726422561105f,0f,0.90630778703665f,0.42261826174069944f,0.43252346578840417f,-0.04396811831786502f,0.4222095622753787f,-0.9054313282048613f,0.10846767209199196f,0f,0f,0f,1f],start_interpolation:0}
execute if entity @s[tag=aj.tultaria.bone.left_leg] run data modify entity @s {} merge value {transformation:[-0.9990329346781247f,-0.0019178623846318797f,0.04392627041176375f,0.12499898323380508f,0f,0.9990482215818578f,0.043619387365336f,0.8750594861511339f,-0.04396811831786502f,0.043577204568453536f,-0.9980820766918848f,0.0027724395042047815f,0f,0f,0f,1f],start_interpolation:0}
execute if entity @s[tag=aj.tultaria.bone.right_foot] run data modify entity @s {} merge value {transformation:[-0.9990329346781247f,-0.018581729735505523f,0.039848648012829835f,-0.13650293215873435f,0f,0.9063077870366499f,0.42261826174069955f,0.5066964824730076f,-0.04396811831786502f,0.42220956227537887f,-0.9054313282048612f,0.25861750153836216f,0f,0f,0f,1f],start_interpolation:0}
execute if entity @s[tag=aj.tultaria.bone.right_leg] run data modify entity @s {} merge value {transformation:[-0.9990329346781247f,0.015037982128836154f,0.041316516333139486f,-0.1247592504357261f,0f,0.9396926207859084f,-0.3420201433256687f,0.8750594861511339f,-0.04396811831786502f,-0.3416893875056756f,-0.9387838766391242f,-0.008219590075261473f,0f,0f,0f,1f],start_interpolation:0}
execute if entity @s[tag=aj.tultaria.bone.lower] run data modify entity @s {} merge value {transformation:[-0.9990329346781247f,-0.0019178623846318797f,0.04392627041176375f,0f,0f,0.9990482215818578f,0.043619387365336f,0.9375f,-0.04396811831786502f,0.043577204568453536f,-0.9980820766918848f,0f,0f,0f,0f,1f],start_interpolation:0}