execute if entity @s[tag=aj.tultaria.bone.head] run data modify entity @s {} merge value {transformation:[-0.9999750176678798f,-0.002762602341289419f,0.006506309893260679f,0f,0f,0.9204622258216634f,0.39083153766735507f,1.59375f,-0.007068524607245816f,0.390821773784078f,-0.9204392305286339f,0f,0f,0f,0f,1f],start_interpolation:0}
execute if entity @s[tag=aj.tultaria.bone.bust] run data modify entity @s {} merge value {transformation:[-0.9996939807665175f,0f,0.024737518452619033f,0.4874782311569492f,0f,1f,0f,0.4375f,-0.024737518452619033f,0f,-0.9996939807665175f,0.5122157496095683f,0f,0f,0f,1f],start_interpolation:0}
execute if entity @s[tag=aj.tultaria.bone.left_wing] run data modify entity @s {} merge value {transformation:[-0.9330634460745605f,0f,-0.35971183689095587f,0.06557306360448473f,0f,1f,0f,1.5f,0.35971183689095587f,0f,-0.9330634460745605f,-0.12341565269252597f,0f,0f,0f,1f],start_interpolation:0}
execute if entity @s[tag=aj.tultaria.bone.right_wing] run data modify entity @s {} merge value {transformation:[-0.9141301691352745f,0f,0.4054208108579459f,-0.059388683991330016f,0f,1f,0f,1.5f,-0.4054208108579459f,0f,-0.9141301691352745f,-0.1265078424991034f,0f,0f,0f,1f],start_interpolation:0}
execute if entity @s[tag=aj.tultaria.bone.body] run data modify entity @s {} merge value {transformation:[-0.9996939807665175f,0f,0.024737518452619033f,0.4874782311569492f,0f,1f,0f,0.4375f,-0.024737518452619033f,0f,-0.9996939807665175f,0.5122157496095683f,0f,0f,0f,1f],start_interpolation:0}
execute if entity @s[tag=aj.tultaria.bone.left_hand] run data modify entity @s {} merge value {transformation:[-0.21781567760248435f,-0.8949524723014942f,0.38937951013376876f,0.5774831204623438f,-0.9759759850413223f,0.19759518168232143f,-0.09179880608456135f,1.4530421465212249f,0.0052160534114482834f,-0.40002027010812036f,-0.9164914491087384f,-0.0768270078542942f,0f,0f,0f,1f],start_interpolation:0}
execute if entity @s[tag=aj.tultaria.bone.left_arm] run data modify entity @s {} merge value {transformation:[-0.21781567760248435f,-0.9754395064750526f,0.03277346179878211f,0.2186830582926757f,-0.9759759850413223f,0.21751026738259815f,-0.012655441745397943f,1.4375f,0.0052160534114482834f,-0.034742665281413135f,-0.999382679455649f,0.005411332161510413f,0f,0f,0f,1f],start_interpolation:0}
execute if entity @s[tag=aj.tultaria.bone.rod] run data modify entity @s {} merge value {transformation:[-0.0000021729110978923788f,0.000008889855989032906f,0.000004030994648335804f,-0.8726456078695635f,0.000009759759850413224f,0.000002046324511845796f,7.480933461013515e-7f,1.3904188041509247f,-1.598281042814014e-7f,0.000004096708006006142f,-0.000009120934079939784f,0.1447582311470028f,0f,0f,0f,1f],start_interpolation:0}
execute if entity @s[tag=aj.tultaria.bone.sword] run data modify entity @s {} merge value {transformation:[-0.0000021729110978923788f,0.000009136421104381939f,-0.0000034357338028520813f,-0.8955409572513464f,0.000009759759850413224f,0.0000019759518168232143f,-9.179880608456137e-7f,1.416614984648252f,-1.598281042814014e-7f,-0.000003552664327092743f,-0.000009346284350269068f,0.10044806042923714f,0f,0f,0f,1f],start_interpolation:0}
execute if entity @s[tag=aj.tultaria.bone.right_hand] run data modify entity @s {} merge value {transformation:[-0.21729110978923785f,0.9136421104381938f,-0.3435733802852081f,-0.5729764889908919f,0.9759759850413223f,0.19759518168232143f,-0.09179880608456135f,1.4530421465212249f,-0.015982810428140138f,-0.35526643270927427f,-0.9346284350269066f,-0.10529523549733842f,0f,0f,0f,1f],start_interpolation:0}
execute if entity @s[tag=aj.tultaria.bone.right_arm] run data modify entity @s {} merge value {transformation:[-0.21729110978923785f,0.975964044802366f,0.01669601328360737f,-0.2186830582926757f,0.9759759850413223f,0.21751026738259815f,-0.012655441745397943f,1.4375f,-0.015982810428140138f,0.013544993029001137f,-0.9997805173810211f,-0.005411332161510413f,0f,0f,0f,1f],start_interpolation:0}
execute if entity @s[tag=aj.tultaria.bone.skirt] run data modify entity @s {} merge value {transformation:[-0.9996939807665175f,-0.0010790353998419368f,0.024713973816437435f,-0.0014940435791597488f,0f,0.9990482215818578f,0.043619387365336f,0.8879434029030169f,-0.024737518452619033f,0.04360603899384948f,-0.9987424936108773f,0.060377372772843135f,0f,0f,0f,1f],start_interpolation:0}
execute if entity @s[tag=aj.tultaria.bone.left_foot] run data modify entity @s {} merge value {transformation:[-0.9996939807665175f,-0.010454527048224332f,0.022419805605571448f,0.12241201856868097f,0f,0.90630778703665f,0.42261826174069944f,0.43252346578840417f,-0.024737518452619033f,0.42248893242418584f,-0.9060304394223618f,0.1061319820110123f,0f,0f,0f,1f],start_interpolation:0}
execute if entity @s[tag=aj.tultaria.bone.left_leg] run data modify entity @s {} merge value {transformation:[-0.9996939807665175f,-0.0010790353998419368f,0.024713973816437435f,0.1250291873083048f,0f,0.9990482215818578f,0.043619387365336f,0.8750594861511339f,-0.024737518452619033f,0.04360603899384948f,-0.9987424936108773f,0.00036681236946178647f,0f,0f,0f,1f],start_interpolation:0}
execute if entity @s[tag=aj.tultaria.bone.right_foot] run data modify entity @s {} merge value {transformation:[-0.9996939807665175f,-0.010454527048224332f,0.022419805605571445f,-0.13150158502955991f,0f,0.9063077870366499f,0.42261826174069955f,0.5066964824730076f,-0.024737518452619033f,0.42248893242418595f,-0.9060304394223617f,0.26119608673291833f,0f,0f,0f,1f],start_interpolation:0}
execute if entity @s[tag=aj.tultaria.bone.right_leg] run data modify entity @s {} merge value {transformation:[-0.9996939807665175f,0.008460729606686136f,0.023245663546481346f,-0.12489430788332456f,0f,0.9396926207859084f,-0.3420201433256687f,0.8750594861511339f,-0.024737518452619033f,-0.34191547858357263f,-0.9394050567703863f,-0.005817567243692971f,0f,0f,0f,1f],start_interpolation:0}
execute if entity @s[tag=aj.tultaria.bone.lower] run data modify entity @s {} merge value {transformation:[-0.9996939807665175f,-0.0010790353998419368f,0.024713973816437435f,0f,0f,0.9990482215818578f,0.043619387365336f,0.9375f,-0.024737518452619033f,0.04360603899384948f,-0.9987424936108773f,0f,0f,0f,0f,1f],start_interpolation:0}