execute if entity @s[tag=aj.tultaria.bone.head] run data modify entity @s {} merge value {transformation:[-0.9996481265944145f,0.00933291389750274f,-0.024829815030708226f,0f,0f,0.9360595357389733f,0.3518416484047019f,1.59375f,0.02652589294024582f,0.35171784468565087f,-0.935730161282302f,0f,0f,0f,0f,1f],start_interpolation:0}
execute if entity @s[tag=aj.tultaria.bone.bust] run data modify entity @s {} merge value {transformation:[-0.995692394104561f,0f,-0.09271815530049997f,0.5442052747025304f,0f,1f,0f,0.4375f,0.09271815530049997f,0f,-0.995692394104561f,0.4514871194020305f,0f,0f,0f,1f],start_interpolation:0}
execute if entity @s[tag=aj.tultaria.bone.left_wing] run data modify entity @s {} merge value {transformation:[-0.884418121677411f,0f,-0.46669538893008183f,0.05064100521897247f,0f,1f,0f,1.5f,0.46669538893008183f,0f,-0.884418121677411f,-0.13025643396935133f,0f,0f,0f,1f],start_interpolation:0}
execute if entity @s[tag=aj.tultaria.bone.right_wing] run data modify entity @s {} merge value {transformation:[-0.9553815255033205f,0f,0.2953745769814123f,-0.07382054404409755f,0f,1f,0f,1.5f,-0.2953745769814123f,0f,-0.9553815255033205f,-0.11866666455678881f,0f,0f,0f,1f],start_interpolation:0}
execute if entity @s[tag=aj.tultaria.bone.body] run data modify entity @s {} merge value {transformation:[-0.995692394104561f,0f,-0.09271815530049997f,0.5442052747025304f,0f,1f,0f,0.4375f,0.09271815530049997f,0f,-0.995692394104561f,0.4514871194020305f,0f,0f,0f,1f],start_interpolation:0}
execute if entity @s[tag=aj.tultaria.bone.left_hand] run data modify entity @s {} merge value {transformation:[-0.4102552660537758f,-0.8631582519446495f,0.2943610857008836f,0.5568109479051382f,-0.9119690486081881f,0.3889162186197174f,-0.13060103091176756f,1.3880571865203724f,-0.001752442815611814f,-0.32202795995751266f,-0.9467285365667293f,-0.1558343048851696f,0f,0f,0f,1f],start_interpolation:0}
execute if entity @s[tag=aj.tultaria.bone.left_arm] run data modify entity @s {} merge value {transformation:[-0.4102552660537758f,-0.9049989363802092f,-0.11255017470371122f,0.21780771121037273f,-0.9119690486081881f,0.4068810591983082f,0.05253815800291392f,1.4375f,-0.001752442815611814f,0.12419633173468965f,-0.9922561161957255f,-0.020282096471984368f,0f,0f,0f,1f],start_interpolation:0}
execute if entity @s[tag=aj.tultaria.bone.rod] run data modify entity @s {} merge value {transformation:[-0.0000040287805229787234f,0.000008859771585136506f,0.0000022963830161528153f,-0.8138198977473706f,0.00000911969048608188f,0.0000036735417008709677f,0.0000018265642091176729f,1.2585387334019493f,7.74708290735888e-7f,0.000002830112865447216f,-0.000009559826788864707f,0.23761431532981603f,0f,0f,0f,1f],start_interpolation:0}
execute if entity @s[tag=aj.tultaria.bone.sword] run data modify entity @s {} merge value {transformation:[-0.0000040287805229787234f,0.000007888592570537184f,-0.000004641016564690639f,-0.8481646020286664f,0.00000911969048608188f,0.000003889162186197175f,-0.0000013060103091176756f,1.280915842846966f,7.74708290735888e-7f,-0.000004758626350694035f,-0.000008761010348056069f,0.19896804273185287f,0f,0f,0f,1f],start_interpolation:0}
execute if entity @s[tag=aj.tultaria.bone.right_hand] run data modify entity @s {} merge value {transformation:[-0.4028780522978723f,0.7888592570537183f,-0.4641016564690638f,-0.5760103834108592f,0.9119690486081881f,0.3889162186197174f,-0.13060103091176756f,1.3880571865203724f,0.07747082907358879f,-0.4758626350694034f,-0.8761010348056067f,-0.050346802171911065f,0f,0f,0f,1f],start_interpolation:0}
execute if entity @s[tag=aj.tultaria.bone.right_arm] run data modify entity @s {} merge value {transformation:[-0.4028780522978723f,0.9123703099123027f,-0.0725926481622065f,-0.21780771121037273f,0.9119690486081881f,0.4068810591983082f,0.05253815800291392f,1.4375f,0.07747082907358879f,-0.045035777512904565f,-0.9959769321557901f,0.020282096471984368f,0f,0f,0f,1f],start_interpolation:0}
execute if entity @s[tag=aj.tultaria.bone.skirt] run data modify entity @s {} merge value {transformation:[-0.995692394104561f,0.004044309131851889f,-0.092629908161315f,0.00559979226952663f,0f,0.9990482215818578f,0.043619387365336f,0.8879434029030169f,0.09271815530049997f,0.04343149223516564f,-0.9947447155727439f,0.060135693524773104f,0f,0f,0f,1f],start_interpolation:0}
execute if entity @s[tag=aj.tultaria.bone.left_foot] run data modify entity @s {} merge value {transformation:[-0.995692394104561f,0.03918438562490151f,-0.08403118614851657f,0.13401813321730857f,0f,0.90630778703665f,0.42261826174069944f,0.43252346578840417f,0.09271815530049997f,0.420797788824905f,-0.9024037702701286f,0.09103757391644768f,0f,0f,0f,1f],start_interpolation:0}
execute if entity @s[tag=aj.tultaria.bone.left_leg] run data modify entity @s {} merge value {transformation:[-0.995692394104561f,0.004044309131851889f,-0.092629908161315f,0.12420877994232939f,0f,0.9990482215818578f,0.043619387365336f,0.8750594861511339f,0.09271815530049997f,0.04343149223516564f,-0.9947447155727439f,-0.01430423767726035f,0f,0f,0f,1f],start_interpolation:0}
execute if entity @s[tag=aj.tultaria.bone.right_foot] run data modify entity @s {} merge value {transformation:[-0.995692394104561f,0.039184385624901515f,-0.08403118614851655f,-0.09994972670562939f,0f,0.9063077870366499f,0.42261826174069955f,0.5066964824730076f,0.09271815530049997f,0.42079778882490504f,-0.9024037702701285f,0.27482014977316854f,0f,0f,0f,1f],start_interpolation:0}
execute if entity @s[tag=aj.tultaria.bone.right_leg] run data modify entity @s {} merge value {transformation:[-0.995692394104561f,-0.03171147676476861f,-0.08712656634876167f,-0.12471431858381087f,0f,0.9396926207859084f,-0.3420201433256687f,0.8750594861511339f,0.09271815530049997f,-0.3405468553399202f,-0.9356447953127105f,0.008875301147864643f,0f,0f,0f,1f],start_interpolation:0}
execute if entity @s[tag=aj.tultaria.bone.lower] run data modify entity @s {} merge value {transformation:[-0.995692394104561f,0.004044309131851889f,-0.092629908161315f,0f,0f,0.9990482215818578f,0.043619387365336f,0.9375f,0.09271815530049997f,0.04343149223516564f,-0.9947447155727439f,0f,0f,0f,0f,1f],start_interpolation:0}