execute if entity @s[tag=aj.tultaria.bone.head] run data modify entity @s {} merge value {transformation:[-0.9999376150010865f,0.004130025034308057f,-0.010378294616887714f,0f,8.673617379884035e-19f,0.9291325715340562f,0.3697467572738293f,1.59375f,0.011169874929422074f,0.3697236906227785f,-0.9290746075995904f,0f,0f,0f,0f,1f],start_interpolation:0}
execute if entity @s[tag=aj.tultaria.bone.bust] run data modify entity @s {} merge value {transformation:[-0.9992358731520469f,0f,-0.03908541679535345f,0.5191606449737002f,0f,1f,0f,0.4375f,0.03908541679535345f,0f,-0.9992358731520469f,0.4800752281783467f,0f,0f,0f,1f],start_interpolation:0}
execute if entity @s[tag=aj.tultaria.bone.left_wing] run data modify entity @s {} merge value {transformation:[-0.9082162299015545f,0f,-0.41850123027705266f,0.05756656497258378f,0f,1f,0f,1.5f,0.41850123027705266f,0f,-0.9082162299015545f,-0.1273473226937154f,0f,0f,0f,1f],start_interpolation:0}
execute if entity @s[tag=aj.tultaria.bone.right_wing] run data modify entity @s {} merge value {transformation:[-0.9381309128108865f,0f,0.34628079708325277f,-0.06733791917142207f,0f,1f,0f,1.5f,-0.34628079708325277f,0f,-0.9381309128108865f,-0.12246164559429629f,0f,0f,0f,1f],start_interpolation:0}
execute if entity @s[tag=aj.tultaria.bone.body] run data modify entity @s {} merge value {transformation:[-0.9992358731520469f,0f,-0.03908541679535345f,0.5191606449737002f,0f,1f,0f,0.4375f,0.03908541679535345f,0f,-0.9992358731520469f,0.4800752281783467f,0f,0f,0f,1f],start_interpolation:0}
execute if entity @s[tag=aj.tultaria.bone.left_hand] run data modify entity @s {} merge value {transformation:[-0.32328930473686357f,-0.8837976769407986f,0.3382095381221573f,0.569094428034647f,-0.9462912012781034f,0.3034900674891949f,-0.11147529465782063f,1.4173093094243439f,-0.004121629095310058f,-0.35608348061859263f,-0.9344450583122312f,-0.1202466459379395f,0f,0f,0f,1f],start_interpolation:0}
execute if entity @s[tag=aj.tultaria.bone.left_arm] run data modify entity @s {} merge value {transformation:[-0.32328930473686357f,-0.9450039340353352f,-0.04951353451830056f,0.21858284725201024f,-0.9462912012781034f,0.32261550522445304f,0.02126495173789253f,1.4375f,-0.004121629095310058f,0.05372895352145371f,-0.9985470503321765f,-0.008549934923983567f,0f,0f,0f,1f],start_interpolation:0}
execute if entity @s[tag=aj.tultaria.bone.rod] run data modify entity @s {} merge value {transformation:[-0.0000032197960113072245f,0.000008933940822866246f,0.0000031333073610953116f,-0.8454586468032135f,0.000009462912012781034f,0.0000029342482153168618f,0.0000013577494795705923f,1.3174349459481234f,2.9361519704280063e-7f,0.0000034021888225719934f,-0.000009398877663403847f,0.19673107772314657f,0f,0f,0f,1f],start_interpolation:0}
execute if entity @s[tag=aj.tultaria.bone.sword] run data modify entity @s {} merge value {transformation:[-0.0000032197960113072245f,0.000008532833021140268f,-0.000004101667255995826f,-0.8747470746010289f,0.000009462912012781034f,0.000003034900674891949f,-0.0000011147529465782064f,1.3417811415509788f,2.9361519704280063e-7f,-0.000004240299344017902f,-0.000009051720918653366f,0.15521868340771772f,0f,0f,0f,1f],start_interpolation:0}
execute if entity @s[tag=aj.tultaria.bone.right_hand] run data modify entity @s {} merge value {transformation:[-0.32197960113072244f,0.8532833021140267f,-0.41016672559958256f,-0.5767482492104011f,0.9462912012781034f,0.3034900674891949f,-0.11147529465782063f,1.4173093094243439f,0.02936151970428006f,-0.42402993440179015f,-0.9051720918653364f,-0.07542665916069174f,0f,0f,0f,1f],start_interpolation:0}
execute if entity @s[tag=aj.tultaria.bone.right_arm] run data modify entity @s {} merge value {transformation:[-0.32197960113072244f,0.9463134538056851f,-0.028635355804602393f,-0.21858284725201024f,0.9462912012781034f,0.32261550522445304f,0.02126495173789253f,1.4375f,0.02936151970428006f,-0.020250504564732406f,-0.9993637066781689f,0.008549934923983567f,0f,0f,0f,1f],start_interpolation:0}
execute if entity @s[tag=aj.tultaria.bone.skirt] run data modify entity @s {} merge value {transformation:[-0.9992358731520469f,0.0017048819355321317f,-0.039048216139183536f,0.0023605971679709022f,0f,0.9990482215818578f,0.043619387365336f,0.8879434029030169f,0.03908541679535345f,0.04358605662035888f,-0.9982848220133472f,0.06034970497175488f,0f,0f,0f,1f],start_interpolation:0}
execute if entity @s[tag=aj.tultaria.bone.left_foot] run data modify entity @s {} merge value {transformation:[-0.9992358731520469f,0.016518210905463012f,-0.03542341760120189f,0.12893307019363773f,0f,0.90630778703665f,0.42261826174069944f,0.43252346578840417f,0.03908541679535345f,0.422295327780468f,-0.9056152529240662f,0.09810689734206979f,0f,0f,0f,1f],start_interpolation:0}
execute if entity @s[tag=aj.tultaria.bone.left_leg] run data modify entity @s {} merge value {transformation:[-0.9992358731520469f,0.0017048819355321317f,-0.039048216139183536f,0.1247979290230351f,0f,0.9990482215818578f,0.043619387365336f,0.8750594861511339f,0.03908541679535345f,0.04358605662035888f,-0.9982848220133472f,-0.007609805638191611f,0f,0f,0f,1f],start_interpolation:0}
execute if entity @s[tag=aj.tultaria.bone.right_foot] run data modify entity @s {} merge value {transformation:[-0.9992358731520469f,0.01651821090546302f,-0.03542341760120189f,-0.11457150461085772f,0f,0.9063077870366499f,0.42261826174069955f,0.5066964824730076f,0.03908541679535345f,0.4222953277804682f,-0.9056152529240662f,0.26905284410517016f,0f,0f,0f,1f],start_interpolation:0}
execute if entity @s[tag=aj.tultaria.bone.right_leg] run data modify entity @s {} merge value {transformation:[-0.9992358731520469f,-0.013367999854290285f,-0.036728277742935245f,-0.12501103926497661f,0f,0.9396926207859084f,-0.3420201433256687f,0.8750594861511339f,0.03908541679535345f,-0.34175879655161273f,-0.9389745764255424f,0.002161548560646751f,0f,0f,0f,1f],start_interpolation:0}
execute if entity @s[tag=aj.tultaria.bone.lower] run data modify entity @s {} merge value {transformation:[-0.9992358731520469f,0.0017048819355321317f,-0.039048216139183536f,0f,0f,0.9990482215818578f,0.043619387365336f,0.9375f,0.03908541679535345f,0.04358605662035888f,-0.9982848220133472f,0f,0f,0f,0f,1f],start_interpolation:0}