execute if entity @s[tag=aj.blazing_inferno.bone.left_hand] run data modify entity @s {} merge value {transformation:[-0.9659258262890683f,-0.2548870022441787f,0.04494345552754789f,0.727601254059409f,-0.25881904510252074f,0.9512512425641977f,-0.16773125949652062f,0.9309584563593765f,-1.1829179713786698e-16f,-0.17364817766693036f,-0.984807753012208f,-0.22451595154974643f,0f,0f,0f,1f],start_interpolation:0}
execute if entity @s[tag=aj.blazing_inferno.bone.left_arm] run data modify entity @s {} merge value {transformation:[-0.9659258262890683f,-0.2345697160098045f,-0.10938165494661488f,0.421875f,-0.25881904510252074f,0.875426098065593f,0.4082178936767348f,1.3475000000000001f,-1.1829179713786698e-16f,0.42261826174069933f,-0.9063077870366499f,5.1664786839028965e-17f,0f,0f,0f,1f],start_interpolation:0}
execute if entity @s[tag=aj.blazing_inferno.bone.right_hand] run data modify entity @s {} merge value {transformation:[-0.9659258262890683f,0.25488700224417876f,-0.04494345552754765f,-0.7276012540594089f,0.25881904510252074f,0.9512512425641977f,-0.16773125949652062f,0.9309584563593765f,-1.1829179713786698e-16f,-0.1736481776669303f,-0.9848077530122081f,-0.22451595154974666f,0f,0f,0f,1f],start_interpolation:0}
execute if entity @s[tag=aj.blazing_inferno.bone.right_arm] run data modify entity @s {} merge value {transformation:[-0.9659258262890683f,0.2345697160098044f,0.1093816549466151f,-0.421875f,0.25881904510252074f,0.875426098065593f,0.4082178936767348f,1.3475000000000001f,-1.1829179713786698e-16f,0.42261826174069944f,-0.9063077870366499f,-5.1664786839028965e-17f,0f,0f,0f,1f],start_interpolation:0}
execute if entity @s[tag=aj.blazing_inferno.bone.head] run data modify entity @s {} merge value {transformation:[-1f,-1.782063223560006e-17f,1.211611443216928e-16f,0f,0f,0.9893558241123065f,0.14551650523242685f,1.4725000000000001f,-1.2246467991473532e-16f,0.14551650523242685f,-0.9893558241123065f,0f,0f,0f,0f,1f],start_interpolation:0}
execute if entity @s[tag=aj.blazing_inferno.bone.bottom] run data modify entity @s {} merge value {transformation:[-1f,-3.169619151431765e-17f,1.1829179713786698e-16f,0f,0f,0.9659258262890683f,0.25881904510252074f,0.7225f,-1.2246467991473532e-16f,0.25881904510252074f,-0.9659258262890683f,0f,0f,0f,0f,1f],start_interpolation:0}