execute if entity @s[tag=aj.blazing_inferno.bone.body] run data modify entity @s {} merge value {transformation:[-1f,2.8286759079900173e-18f,1.2243200733152313e-16f,4.419806106234401e-19f,0f,0.9997332081116372f,-0.023097891653001107f,0.7297062264261127f,-1.2246467991473532e-16f,-0.023097891653001107f,-0.9997332081116372f,-0.003609045570781423f,0f,0f,0f,1f],start_interpolation:0}
execute if entity @s[tag=aj.blazing_inferno.bone.left_hand] run data modify entity @s {} merge value {transformation:[-0.9094463434422676f,-0.3922457316416972f,-0.138024035618289f,0.7058198444789385f,-0.32332477067281673f,0.8757761813291871f,-0.3584371254290457f,1.0605805354799556f,0.26147359535689163f,-0.281352743411783f,-0.9232942070141044f,-0.2684389934102426f,0f,0f,0f,1f],start_interpolation:0}
execute if entity @s[tag=aj.blazing_inferno.bone.left_arm] run data modify entity @s {} merge value {transformation:[-0.9094463434422676f,-0.21350335074543697f,-0.356824421277412f,0.421875f,-0.32332477067281673f,0.9026804546466601f,0.2839526183507903f,1.4795061325098406f,0.26147359535689163f,0.37360984464996366f,-0.889970360692855f,-0.020932464310532202f,0f,0f,0f,1f],start_interpolation:0}
execute if entity @s[tag=aj.blazing_inferno.bone.right_hand] run data modify entity @s {} merge value {transformation:[-0.9094463434422676f,0.39365150246519487f,0.13396209540905155f,-0.7058198444789385f,0.32332477067281673f,0.8720242986972109f,-0.3674706997176894f,1.0605805354799556f,-0.26147359535689185f,-0.29088162040344245f,-0.9203365916025549f,-0.26843899341024274f,0f,0f,0f,1f],start_interpolation:0}
execute if entity @s[tag=aj.blazing_inferno.bone.right_arm] run data modify entity @s {} merge value {transformation:[-0.9094463434422676f,0.21350335074543686f,0.3568244212774122f,-0.421875f,0.32332477067281673f,0.9026804546466601f,0.2839526183507903f,1.4795061325098406f,-0.26147359535689185f,0.3736098446499637f,-0.8899703606928548f,-0.020932464310532306f,0f,0f,0f,1f],start_interpolation:0}
execute if entity @s[tag=aj.blazing_inferno.bone.head] run data modify entity @s {} merge value {transformation:[-1f,-3.5258735977436723e-19f,1.2246417234755764e-16f,2.9170720301147052e-18f,0f,0.9999958553994669f,0.002879094282693201f,1.6044727835237953f,-1.2246467991473532e-16f,0.002879094282693201f,-0.9999958553994669f,-0.023819700767157392f,0f,0f,0f,1f],start_interpolation:0}
execute if entity @s[tag=aj.blazing_inferno.bone.bottom] run data modify entity @s {} merge value {transformation:[-1f,3.163000060878539e-17f,1.1830951309217198e-16f,7.955650991221923e-19f,0f,0.9660704880341308f,-0.2582785553418947f,0.8546728774400674f,-1.2246467991473532e-16f,-0.2582785553418947f,-0.9660704880341308f,-0.006496282027406561f,0f,0f,0f,1f],start_interpolation:0}