execute if entity @s[tag=aj.blazing_inferno.bone.body] run data modify entity @s {} merge value {transformation:[-1f,0f,1.2246467991473532e-16f,0f,0f,1f,0f,0.6150091840685585f,-1.2246467991473532e-16f,0f,-1f,0f,0f,0f,0f,1f],start_interpolation:0}
execute if entity @s[tag=aj.blazing_inferno.bone.left_hand] run data modify entity @s {} merge value {transformation:[-0.9522117200476936f,-0.3035877711970743f,-0.033575368700961644f,0.7197819913494676f,-0.2890699586693774f,0.9312229481347731f,-0.22195130065414392f,0.9507991916343194f,0.09864785450630481f,-0.20163899932000906f,-0.9744795096637633f,-0.23888139143251783f,0f,0f,0f,1f],start_interpolation:0}
execute if entity @s[tag=aj.blazing_inferno.bone.left_arm] run data modify entity @s {} merge value {transformation:[-0.9522117200476936f,-0.22469137664098837f,-0.20689762073786677f,0.421875f,-0.2890699586693774f,0.881714088818348f,0.37285228251160646f,1.3650091840685585f,0.09864785450630481f,0.4148421999295731f,-0.9045300160629801f,5.1664786839028965e-17f,0f,0f,0f,1f],start_interpolation:0}
execute if entity @s[tag=aj.blazing_inferno.bone.right_hand] run data modify entity @s {} merge value {transformation:[-0.9522117200476936f,0.30397693301871603f,0.02984735158012733f,-0.7197819913494676f,0.2890699586693774f,0.9284291448758895f,-0.23336212618998214f,0.9507991916343194f,-0.09864785450630503f,-0.2135821788856921f,-0.9719317124488444f,-0.23888139143251796f,0f,0f,0f,1f],start_interpolation:0}
execute if entity @s[tag=aj.blazing_inferno.bone.right_arm] run data modify entity @s {} merge value {transformation:[-0.9522117200476936f,0.22469137664098826f,0.206897620737867f,-0.421875f,0.2890699586693774f,0.881714088818348f,0.37285228251160646f,1.3650091840685585f,-0.09864785450630503f,0.4148421999295731f,-0.9045300160629801f,-5.1664786839028965e-17f,0f,0f,0f,1f],start_interpolation:0}
execute if entity @s[tag=aj.blazing_inferno.bone.head] run data modify entity @s {} merge value {transformation:[-1f,-1.8925735200611646e-17f,1.2099344764794045e-16f,0f,0f,0.9879864768534143f,0.1545403557481919f,1.4900091840685585f,-1.2246467991473532e-16f,0.1545403557481919f,-0.9879864768534143f,0f,0f,0f,0f,1f],start_interpolation:0}
execute if entity @s[tag=aj.blazing_inferno.bone.bottom] run data modify entity @s {} merge value {transformation:[-1f,8.00957328659154e-18f,1.2220247363447802e-16f,0f,0f,0.9978589232386035f,-0.06540312923014306f,0.7400091840685585f,-1.2246467991473532e-16f,-0.06540312923014306f,-0.9978589232386035f,0f,0f,0f,0f,1f],start_interpolation:0}