execute if entity @s[tag=aj.blazing_inferno.bone.body] run data modify entity @s {} merge value {transformation:[-1f,0f,1.2246467991473532e-16f,0f,0f,1f,0f,0.6082092016273597f,-1.2246467991473532e-16f,0f,-1f,0f,0f,0f,0f,1f],start_interpolation:0}
execute if entity @s[tag=aj.blazing_inferno.bone.left_hand] run data modify entity @s {} merge value {transformation:[-0.9546133885362258f,-0.2968983083772807f,-0.02376284726403527f,0.7208784127646138f,-0.28526779714019f,0.9343214773628437f,-0.21369525229470326f,0.9437372333263454f,0.0856478974766347f,-0.19721757381436028f,-0.9766113178929523f,-0.23705011948488236f,0f,0f,0f,1f],start_interpolation:0}
execute if entity @s[tag=aj.blazing_inferno.bone.left_arm] run data modify entity @s {} merge value {transformation:[-0.9546133885362258f,-0.2259075810147228f,-0.194110904555775f,0.421875f,-0.28526779714019f,0.8808652804984469f,0.3777547372663591f,1.3582092016273597f,0.0856478974766347f,0.4159833199209664f,-0.9053299482538744f,5.1664786839028965e-17f,0f,0f,0f,1f],start_interpolation:0}
execute if entity @s[tag=aj.blazing_inferno.bone.right_hand] run data modify entity @s {} merge value {transformation:[-0.9546133885362258f,0.2971578967845095f,0.02025988168750245f,-0.7208784127646137f,0.28526779714019f,0.9317364032165733f,-0.22469881805614106f,0.9437372333263454f,-0.08564789747663493f,-0.208721008285343f,-0.9742176237156571f,-0.2370501194848825f,0f,0f,0f,1f],start_interpolation:0}
execute if entity @s[tag=aj.blazing_inferno.bone.right_arm] run data modify entity @s {} merge value {transformation:[-0.9546133885362258f,0.2259075810147227f,0.19411090455577523f,-0.421875f,0.28526779714019f,0.8808652804984469f,0.3777547372663591f,1.3582092016273597f,-0.08564789747663493f,0.4159833199209664f,-0.9053299482538744f,-5.1664786839028965e-17f,0f,0f,0f,1f],start_interpolation:0}
execute if entity @s[tag=aj.blazing_inferno.bone.head] run data modify entity @s {} merge value {transformation:[-1f,-1.8888511863920594e-17f,1.2099926423819735e-16f,0f,0f,0.9880339729172669f,0.1542364041376788f,1.4832092016273597f,-1.2246467991473532e-16f,0.1542364041376788f,-0.9880339729172669f,0f,0f,0f,0f,1f],start_interpolation:0}
execute if entity @s[tag=aj.blazing_inferno.bone.bottom] run data modify entity @s {} merge value {transformation:[-1f,3.141650775832352e-18f,1.2242437607364512e-16f,0f,0f,0.9996708941621513f,-0.025653525392135036f,0.7332092016273597f,-1.2246467991473532e-16f,-0.025653525392135036f,-0.9996708941621513f,0f,0f,0f,0f,1f],start_interpolation:0}