execute if entity @s[tag=aj.blazing_inferno.bone.body] run data modify entity @s {} merge value {transformation:[-1f,1.6919273787368813e-17f,1.212902964013471e-16f,2.6436365292763768e-18f,0f,0.9904104308752052f,-0.13815635495188222f,0.7947750322324555f,-1.2246467991473532e-16f,-0.13815635495188222f,-0.9904104308752052f,-0.0215869304612316f,0f,0f,0f,1f],start_interpolation:0}
execute if entity @s[tag=aj.blazing_inferno.bone.left_hand] run data modify entity @s {} merge value {transformation:[-0.8849503276413784f,-0.43329654989037614f,-0.1706370928623484f,0.7003560057084178f,-0.2952304911660204f,0.8053862915894942f,-0.5139959906512819f,1.0914758309531747f,0.3601414648347054f,-0.4044836475963137f,-0.8406492158646754f,-0.3272429669861099f,0f,0f,0f,1f],start_interpolation:0}
execute if entity @s[tag=aj.blazing_inferno.bone.left_arm] run data modify entity @s {} merge value {transformation:[-0.8849503276413784f,-0.21186413040124116f,-0.41470050380574996f,0.421875f,-0.2952304911660204f,0.9439298664081196f,0.14776794100419688f,1.5375828553888593f,0.3601414648347054f,0.25319952123192363f,-0.8978797958271683f,-0.1252041966751432f,0f,0f,0f,1f],start_interpolation:0}
execute if entity @s[tag=aj.blazing_inferno.bone.right_hand] run data modify entity @s {} merge value {transformation:[-0.8849503276413784f,0.43447176752994365f,0.16762219670086556f,-0.7003560057084177f,0.2952304911660204f,0.8017953287305978f,-0.5195798378609997f,1.0914758309531747f,-0.3601414648347056f,-0.41031516428862214f,-0.8378183521871035f,-0.3272429669861101f,0f,0f,0f,1f],start_interpolation:0}
execute if entity @s[tag=aj.blazing_inferno.bone.right_arm] run data modify entity @s {} merge value {transformation:[-0.8849503276413784f,0.2118641304012411f,0.4147005038057502f,-0.421875f,0.2952304911660204f,0.9439298664081196f,0.14776794100419688f,1.5375828553888593f,-0.3601414648347056f,0.2531995212319237f,-0.8978797958271681f,-0.12520419667514332f,0f,0f,0f,1f],start_interpolation:0}
execute if entity @s[tag=aj.blazing_inferno.bone.head] run data modify entity @s {} merge value {transformation:[-1f,4.6836511011457374e-17f,1.131544920137606e-16f,1.7448001093224087e-17f,0f,0.9239765464829791f,-0.38244913589834045f,1.66138415924826f,-1.2246467991473532e-16f,-0.38244913589834045f,-0.9239765464829791f,-0.14247374104412855f,0f,0f,0f,1f],start_interpolation:0}
execute if entity @s[tag=aj.blazing_inferno.bone.bottom] run data modify entity @s {} merge value {transformation:[-1f,8.93238538265282e-18f,1.2213848827455804e-16f,4.7585457526974784e-18f,0f,0.9973364431246267f,-0.0729384618395434f,0.9185763360918562f,-1.2246467991473532e-16f,-0.0729384618395434f,-0.9973364431246267f,-0.038856474830216876f,0f,0f,0f,1f],start_interpolation:0}