execute if entity @s[tag=aj.blazing_inferno.bone.body] run data modify entity @s {} merge value {transformation:[-1f,1.4113209737526648e-17f,1.216487366869182e-16f,2.205189021488539e-18f,0f,0.99333731792395f,-0.11524310313269764f,0.781520220764097f,-1.2246467991473532e-16f,-0.11524310313269764f,-0.99333731792395f,-0.01800673486448401f,0f,0f,0f,1f],start_interpolation:0}
execute if entity @s[tag=aj.blazing_inferno.bone.left_hand] run data modify entity @s {} merge value {transformation:[-0.8897402729212072f,-0.42549302564045044f,-0.16528137182825733f,0.7013046686605464f,-0.302595067540992f,0.8208883326225913f,-0.4843331193135198f,1.0854948535913989f,0.3417579140882596f,-0.38091735389115133f,-0.8591294999373523f,-0.3160893925118921f,0f,0f,0f,1f],start_interpolation:0}
execute if entity @s[tag=aj.blazing_inferno.bone.left_arm] run data modify entity @s {} merge value {transformation:[-0.8897402729212072f,-0.21195927997707315f,-0.4042715799727906f,0.421875f,-0.302595067540992f,0.9369692814674756f,0.1747134530772741f,1.5265232092070593f,0.3417579140882596f,0.27778018147075056f,-0.8977971368522617f,-0.1044390622140072f,0f,0f,0f,1f],start_interpolation:0}
execute if entity @s[tag=aj.blazing_inferno.bone.right_hand] run data modify entity @s {} merge value {transformation:[-0.8897402729212072f,0.4267481901877283f,0.16201305167669153f,-0.7013046686605464f,0.302595067540992f,0.8171494352889398f,-0.49061494627337776f,1.0854948535913989f,-0.34175791408825984f,-0.3874955258818677f,-0.8561826590042434f,-0.3160893925118923f,0f,0f,0f,1f],start_interpolation:0}
execute if entity @s[tag=aj.blazing_inferno.bone.right_arm] run data modify entity @s {} merge value {transformation:[-0.8897402729212072f,0.21195927997707303f,0.40427157997279084f,-0.421875f,0.302595067540992f,0.9369692814674756f,0.1747134530772741f,1.5265232092070593f,-0.34175791408825984f,0.2777801814707507f,-0.8977971368522616f,-0.10443906221400731f,0f,0f,0f,1f],start_interpolation:0}
execute if entity @s[tag=aj.blazing_inferno.bone.head] run data modify entity @s {} merge value {transformation:[-1f,3.6545862387970716e-17f,1.1688454888879917e-16f,1.4554247541824354e-17f,0f,0.9544347722966227f,-0.29841961301344494f,1.6506903739475534f,-1.2246467991473532e-16f,-0.29841961301344494f,-0.9544347722966227f,-0.11884445010559444f,0f,0f,0f,1f],start_interpolation:0}
execute if entity @s[tag=aj.blazing_inferno.bone.bottom] run data modify entity @s {} merge value {transformation:[-1f,1.5687182683089043e-17f,1.214557949464988e-16f,3.96934023867937e-18f,0f,0.9917618290519443f,-0.12809556758741433f,0.9056873855045907f,-1.2246467991473532e-16f,-0.12809556758741433f,-0.9917618290519443f,-0.032412122756071214f,0f,0f,0f,1f],start_interpolation:0}