execute if entity @s[tag=aj.blazing_inferno.bone.body] run data modify entity @s {} merge value {transformation:[-1f,0f,1.2246467991473532e-16f,0f,0f,1f,0f,0.717191301044953f,-1.2246467991473532e-16f,0f,-1f,0f,0f,0f,0f,1f],start_interpolation:0}
execute if entity @s[tag=aj.blazing_inferno.bone.left_hand] run data modify entity @s {} merge value {transformation:[-0.9142870655932258f,-0.3836681565801166f,-0.12991500034770212f,0.7070775423844926f,-0.32615633866606686f,0.8874803032162728f,-0.3255775700982767f,1.054164733818766f,0.24021075004436043f,-0.2552987603369189f,-0.9365475634123226f,-0.2558346674764265f,0f,0f,0f,1f],start_interpolation:0}
execute if entity @s[tag=aj.blazing_inferno.bone.left_arm] run data modify entity @s {} merge value {transformation:[-0.9142870655932258f,-0.21416229192614158f,-0.3438221551992693f,0.421875f,-0.32615633866606686f,0.8925757754843756f,0.3113366791215121f,1.467191301044953f,0.24021075004436043f,0.3967908740576169f,-0.8859208756021715f,5.1664786839028965e-17f,0f,0f,0f,1f],start_interpolation:0}
execute if entity @s[tag=aj.blazing_inferno.bone.right_hand] run data modify entity @s {} merge value {transformation:[-0.9142870655932258f,0.3850624549534579f,0.12572218369939597f,-0.7070775423844925f,0.32615633866606686f,0.8838760726526804f,-0.33523891620756036f,1.054164733818766f,-0.24021075004436065f,-0.26549951784756604f,-0.9337070212790712f,-0.25583466747642664f,0f,0f,0f,1f],start_interpolation:0}
execute if entity @s[tag=aj.blazing_inferno.bone.right_arm] run data modify entity @s {} merge value {transformation:[-0.9142870655932258f,0.21416229192614147f,0.3438221551992695f,-0.421875f,0.32615633866606686f,0.8925757754843756f,0.3113366791215121f,1.467191301044953f,-0.24021075004436065f,0.3967908740576169f,-0.8859208756021715f,-5.1664786839028965e-17f,0f,0f,0f,1f],start_interpolation:0}
execute if entity @s[tag=aj.blazing_inferno.bone.head] run data modify entity @s {} merge value {transformation:[-1f,-7.192929824234286e-18f,1.2225326002672574e-16f,0f,0f,0.9982736256024449f,0.05873472930515381f,1.592191301044953f,-1.2246467991473532e-16f,0.05873472930515381f,-0.9982736256024449f,0f,0f,0f,0f,1f],start_interpolation:0}
execute if entity @s[tag=aj.blazing_inferno.bone.bottom] run data modify entity @s {} merge value {transformation:[-1f,3.169619151431765e-17f,1.1829179713786698e-16f,0f,0f,0.9659258262890683f,-0.25881904510252074f,0.842191301044953f,-1.2246467991473532e-16f,-0.25881904510252074f,-0.9659258262890683f,0f,0f,0f,0f,1f],start_interpolation:0}