execute if entity @s[tag=aj.blazing_inferno.bone.body] run data modify entity @s {} merge value {transformation:[-1f,2.5277334637760296e-17f,1.1982760191303695e-16f,3.949583537150046e-18f,0f,0.978466623980609f,-0.20640510109003968f,0.8347678885854448f,-1.2246467991473532e-16f,-0.20640510109003968f,-0.978466623980609f,-0.0322507970453187f,0f,0f,0f,1f],start_interpolation:0}
execute if entity @s[tag=aj.blazing_inferno.bone.left_hand] run data modify entity @s {} merge value {transformation:[-0.8716948534089463f,-0.4546727020054664f,-0.18281361161413567f,0.6980996882366473f,-0.2687506534510263f,0.7554889417822085f,-0.5975027574115833f,1.1086031616301555f,0.40978185514978827f,-0.47170880095229023f,-0.780749408129235f,-0.35872061992440774f,0f,0f,0f,1f],start_interpolation:0}
execute if entity @s[tag=aj.blazing_inferno.bone.left_arm] run data modify entity @s {} merge value {transformation:[-0.8716948534089463f,-0.21229534724229623f,-0.44167722159924494f,0.421875f,-0.2687506534510263f,0.9607631858123549f,0.06860894298370132f,1.5686178565709015f,0.40978185514978827f,0.17850710441595105f,-0.8945468377133926f,-0.1870546228628484f,0f,0f,0f,1f],start_interpolation:0}
execute if entity @s[tag=aj.blazing_inferno.bone.right_hand] run data modify entity @s {} merge value {transformation:[-0.8716948534089463f,0.4555421946197016f,0.180636074640205f,-0.6980996882366473f,0.2687506534510263f,0.7526214595620293f,-0.6011106594266707f,1.1086031616301555f,-0.4097818551497885f,-0.4754390050551034f,-0.7784835153439096f,-0.3587206199244079f,0f,0f,0f,1f],start_interpolation:0}
execute if entity @s[tag=aj.blazing_inferno.bone.right_arm] run data modify entity @s {} merge value {transformation:[-0.8716948534089463f,0.21229534724229618f,0.44167722159924516f,-0.421875f,0.2687506534510263f,0.9607631858123549f,0.06860894298370132f,1.5686178565709015f,-0.4097818551497885f,0.1785071044159511f,-0.8945468377133925f,-0.18705462286284852f,0f,0f,0f,1f],start_interpolation:0}
execute if entity @s[tag=aj.blazing_inferno.bone.head] run data modify entity @s {} merge value {transformation:[-1f,7.577939247540115e-17f,9.620333415572295e-17f,2.6067251345190304e-17f,0f,0.7855598383362734f,-0.6187856982777543f,1.6909261845684775f,-1.2246467991473532e-16f,-0.6187856982777543f,-0.7855598383362734f,-0.21285526049910342f,0f,0f,0f,1f],start_interpolation:0}
execute if entity @s[tag=aj.blazing_inferno.bone.bottom] run data modify entity @s {} merge value {transformation:[-1f,-1.386685337946518e-17f,1.216770652340489e-16f,7.109250366870083e-18f,0f,0.9935686380658098f,0.11323145080785599f,0.9570762165830209f,-1.2246467991473532e-16f,0.11323145080785599f,-0.9935686380658098f,-0.05805143468157366f,0f,0f,0f,1f],start_interpolation:0}