execute if entity @s[tag=aj.blazing_inferno.bone.body] run data modify entity @s {} merge value {transformation:[-1f,0f,1.2246467991473532e-16f,0f,0f,1f,0f,0.6930579316696104f,-1.2246467991473532e-16f,0f,-1f,0f,0f,0f,0f,1f],start_interpolation:0}
execute if entity @s[tag=aj.blazing_inferno.bone.left_hand] run data modify entity @s {} merge value {transformation:[-0.9235948422535102f,-0.36651384241949936f,-0.11242851363247666f,0.7096755928949601f,-0.3194457248812588f,0.8978954677012583f,-0.3028830763456846f,1.0300643886171534f,0.21195989294628534f,-0.24382643908410145f,-0.9463729029223977f,-0.2529623778870839f,0f,0f,0f,1f],start_interpolation:0}
execute if entity @s[tag=aj.blazing_inferno.bone.left_arm] run data modify entity @s {} merge value {transformation:[-0.9235948422535102f,-0.2157676423010389f,-0.31688624441361374f,0.421875f,-0.3194457248812588f,0.890145160409775f,0.3249554157944488f,1.4430579316696104f,0.21195989294628534f,0.4013551020417044f,-0.8910595299121671f,5.1664786839028965e-17f,0f,0f,0f,1f],start_interpolation:0}
execute if entity @s[tag=aj.blazing_inferno.bone.right_hand] run data modify entity @s {} merge value {transformation:[-0.9235948422535102f,0.3678235060355997f,0.10806681160464052f,-0.7096755928949601f,0.3194457248812588f,0.8942342075393652f,-0.313527687647408f,1.0300643886171534f,-0.21195989294628556f,-0.25505107424616486f,-0.9434097483639209f,-0.25296237788708403f,0f,0f,0f,1f],start_interpolation:0}
execute if entity @s[tag=aj.blazing_inferno.bone.right_arm] run data modify entity @s {} merge value {transformation:[-0.9235948422535102f,0.2157676423010388f,0.31688624441361396f,-0.421875f,0.3194457248812588f,0.890145160409775f,0.3249554157944488f,1.4430579316696104f,-0.21195989294628556f,0.4013551020417044f,-0.8910595299121671f,-5.1664786839028965e-17f,0f,0f,0f,1f],start_interpolation:0}
execute if entity @s[tag=aj.blazing_inferno.bone.head] run data modify entity @s {} merge value {transformation:[-1f,-1.2048436586577405e-17f,1.2187055839060475e-16f,0f,0f,0.9951486295922691f,0.0983829508635959f,1.5680579316696104f,-1.2246467991473532e-16f,0.0983829508635959f,-0.9951486295922691f,0f,0f,0f,0f,1f],start_interpolation:0}
execute if entity @s[tag=aj.blazing_inferno.bone.bottom] run data modify entity @s {} merge value {transformation:[-1f,3.274785844059272e-17f,1.1800498122610536e-16f,0f,0f,0.9635837966364262f,-0.2674065572489395f,0.8180579316696104f,-1.2246467991473532e-16f,-0.2674065572489395f,-0.9635837966364262f,0f,0f,0f,0f,1f],start_interpolation:0}