execute if entity @s[tag=aj.blazing_inferno.bone.body] run data modify entity @s {} merge value {transformation:[-1f,0f,1.2246467991473532e-16f,0f,0f,1f,0f,0.602329645460314f,-1.2246467991473532e-16f,0f,-1f,0f,0f,0f,0f,1f],start_interpolation:0}
execute if entity @s[tag=aj.blazing_inferno.bone.left_hand] run data modify entity @s {} merge value {transformation:[-0.9567519955606618f,-0.29055841980137553f,-0.014192380815741257f,0.7219159929511278f,-0.28155726354352983f,0.9371743232998149f,-0.20598493899655235f,0.9375857059927288f,0.07315139326472661f,-0.19308053353474486f,-0.978452237584118f,-0.23525662524955449f,0f,0f,0f,1f],start_interpolation:0}
execute if entity @s[tag=aj.blazing_inferno.bone.left_arm] run data modify entity @s {} merge value {transformation:[-0.9567519955606618f,-0.22710587065130125f,-0.1817925809993516f,0.421875f,-0.28155726354352983f,0.8800676261308178f,0.38236956048088677f,1.352329645460314f,0.07315139326472661f,0.4170178616704345f,-0.9059497650042455f,5.1664786839028965e-17f,0f,0f,0f,1f],start_interpolation:0}
execute if entity @s[tag=aj.blazing_inferno.bone.right_hand] run data modify entity @s {} merge value {transformation:[-0.9567519955606618f,0.2906988204333345f,0.010945994215207838f,-0.7219159929511278f,0.28155726354352983f,0.9348150316747379f,-0.21644020860468172f,0.9375857059927288f,-0.07315139326472683f,-0.20399767732409785f,-0.9762345114314505f,-0.23525662524955473f,0f,0f,0f,1f],start_interpolation:0}
execute if entity @s[tag=aj.blazing_inferno.bone.right_arm] run data modify entity @s {} merge value {transformation:[-0.9567519955606618f,0.22710587065130114f,0.18179258099935183f,-0.421875f,0.28155726354352983f,0.8800676261308178f,0.38236956048088677f,1.352329645460314f,-0.07315139326472683f,0.4170178616704346f,-0.9059497650042455f,-5.1664786839028965e-17f,0f,0f,0f,1f],start_interpolation:0}
execute if entity @s[tag=aj.blazing_inferno.bone.head] run data modify entity @s {} merge value {transformation:[-1f,-1.8753980996980178e-17f,1.21020188495075e-16f,0f,0f,0.9882048324409451f,0.1531378762434804f,1.477329645460314f,-1.2246467991473532e-16f,0.1531378762434804f,-0.9882048324409451f,0f,0f,0f,0f,1f],start_interpolation:0}
execute if entity @s[tag=aj.blazing_inferno.bone.bottom] run data modify entity @s {} merge value {transformation:[-1f,-1.7953616639379345e-18f,1.2245151899063662e-16f,0f,0f,0.9998925328992174f,0.014660240529660756f,0.727329645460314f,-1.2246467991473532e-16f,0.014660240529660756f,-0.9998925328992174f,0f,0f,0f,0f,1f],start_interpolation:0}