execute if entity @s[tag=aj.blazing_inferno.bone.left_hand] run data modify entity @s {} merge value {transformation:[-0.9639028997938598f,-0.2648323651868225f,0.02747759302671489f,0.7260663965124554f,-0.26544281288218025f,0.9477853817566255f,-0.17675684772489958f,0.9314563731737664f,0.02076807304937405f,-0.17767016766469557f,-0.9838709258148728f,-0.22750408208442252f,0f,0f,0f,1f],start_interpolation:0}
execute if entity @s[tag=aj.blazing_inferno.bone.left_arm] run data modify entity @s {} merge value {transformation:[-0.9639028997938598f,-0.23239454644914193f,-0.12993834903401658f,0.421875f,-0.26544281288218025f,0.876826643278386f,0.400892941726783f,1.3475000000000001f,0.02076807304937405f,0.42091306990619287f,-0.9068632061804913f,5.1664786839028965e-17f,0f,0f,0f,1f],start_interpolation:0}
execute if entity @s[tag=aj.blazing_inferno.bone.right_hand] run data modify entity @s {} merge value {transformation:[-0.9639028997938598f,0.26467433738821833f,-0.028960229576021512f,-0.7260663965124553f,0.26544281288218025f,0.9467806777833303f,-0.18206169631565405f,0.9314563731737664f,-0.020768073049374287f,-0.18317708182042092f,-0.9828605413982041f,-0.22750408208442277f,0f,0f,0f,1f],start_interpolation:0}
execute if entity @s[tag=aj.blazing_inferno.bone.right_arm] run data modify entity @s {} merge value {transformation:[-0.9639028997938598f,0.23239454644914181f,0.1299383490340168f,-0.421875f,0.26544281288218025f,0.876826643278386f,0.400892941726783f,1.3475000000000001f,-0.020768073049374287f,0.420913069906193f,-0.9068632061804913f,-5.1664786839028965e-17f,0f,0f,0f,1f],start_interpolation:0}
execute if entity @s[tag=aj.blazing_inferno.bone.head] run data modify entity @s {} merge value {transformation:[-1f,-1.7684513524120455e-17f,1.2118108684127973e-16f,0f,0f,0.9895186671426465f,0.14440501160361585f,1.4725000000000001f,-1.2246467991473532e-16f,0.14440501160361585f,-0.9895186671426465f,0f,0f,0f,0f,1f],start_interpolation:0}
execute if entity @s[tag=aj.blazing_inferno.bone.bottom] run data modify entity @s {} merge value {transformation:[-1f,-2.392311815273293e-17f,1.2010529648799406e-16f,0f,0f,0.980734172265963f,0.19534708431352726f,0.7225f,-1.2246467991473532e-16f,0.19534708431352726f,-0.980734172265963f,0f,0f,0f,0f,1f],start_interpolation:0}