execute if entity @s[tag=aj.blazing_inferno.bone.body] run data modify entity @s {} merge value {transformation:[-1f,5.655842480405917e-18f,1.223340070154469e-16f,8.837253875634245e-19f,0f,0.9989329748023724f,-0.04618345864573961f,0.7424236225565799f,-1.2246467991473532e-16f,-0.04618345864573961f,-0.9989329748023724f,-0.007216165413396813f,0f,0f,0f,1f],start_interpolation:0}
execute if entity @s[tag=aj.blazing_inferno.bone.left_hand] run data modify entity @s {} merge value {transformation:[-0.9045294617096024f,-0.4007642297004115f,-0.1456519313018977f,0.70460337923741f,-0.31952831436701323f,0.8632215424662681f,-0.39083273268744f,1.0669341359516373f,0.2823616638588038f,-0.3069798052230676f,-0.9088648359179132f,-0.28078166575742297f,0f,0f,0f,1f],start_interpolation:0}
execute if entity @s[tag=aj.blazing_inferno.bone.left_arm] run data modify entity @s {} merge value {transformation:[-0.9045294617096024f,-0.2129489038435005f,-0.36943093705209434f,0.421875f,-0.31952831436701323f,0.9121896972245398f,0.2565377410736624f,1.4916233536583592f,0.2823616638588038f,0.35008958943283913f,-0.8931456600989751f,-0.04185375939770147f,0f,0f,0f,1f],start_interpolation:0}
execute if entity @s[tag=aj.blazing_inferno.bone.right_hand] run data modify entity @s {} merge value {transformation:[-0.9045294617096024f,0.4021609136446522f,0.14174996450029764f,-0.70460337923741f,0.31952831436701323f,0.8593822090851697f,-0.3992040518652943f,1.0669341359516373f,-0.282361663858804f,-0.3157986989276428f,-0.9058383258277912f,-0.28078166575742314f,0f,0f,0f,1f],start_interpolation:0}
execute if entity @s[tag=aj.blazing_inferno.bone.right_arm] run data modify entity @s {} merge value {transformation:[-0.9045294617096024f,0.21294890384350038f,0.36943093705209457f,-0.421875f,0.31952831436701323f,0.9121896972245398f,0.2565377410736624f,1.4916233536583592f,-0.282361663858804f,0.3500895894328392f,-0.893145660098975f,-0.04185375939770157f,0f,0f,0f,1f],start_interpolation:0}
execute if entity @s[tag=aj.blazing_inferno.bone.head] run data modify entity @s {} merge value {transformation:[-1f,7.683033840642038e-18f,1.2222343808624483e-16f,5.832587557918602e-18f,0f,0.9980301109784597f,-0.0627367323051125f,1.6164899755086557f,-1.2246467991473532e-16f,-0.0627367323051125f,-0.9980301109784597f,-0.04762669172841898f,0f,0f,0f,1f],start_interpolation:0}
execute if entity @s[tag=aj.blazing_inferno.bone.bottom] run data modify entity @s {} merge value {transformation:[-1f,2.976954584558736e-17f,1.1879129583755726e-16f,1.5907056976141642e-18f,0f,0.9700045426996942f,-0.24308678932010502f,0.8672902444068764f,-1.2246467991473532e-16f,-0.24308678932010502f,-0.9700045426996942f,-0.012989097744114265f,0f,0f,0f,1f],start_interpolation:0}