execute if entity @s[tag=aj.blazing_inferno.bone.left_hand] run data modify entity @s {} merge value {transformation:[-0.9647321802366786f,-0.26101947199363545f,0.034068396732871944f,0.7266638342516203f,-0.2629212779662176f,0.949183385825092f,-0.17298353004325484f,0.9312537136408627f,0.012814913514945667f,-0.17584008449093302f,-0.9843353304021074f,-0.22633074936421105f,0f,0f,0f,1f],start_interpolation:0}
execute if entity @s[tag=aj.blazing_inferno.bone.left_arm] run data modify entity @s {} merge value {transformation:[-0.9647321802366786f,-0.23322644791951638f,-0.12205426828517593f,0.421875f,-0.2629212779662176f,0.876318166546453f,0.40365687479996426f,1.3475000000000001f,0.012814913514945667f,0.42151144109206357f,-0.9067325311358891f,5.1664786839028965e-17f,0f,0f,0f,1f],start_interpolation:0}
execute if entity @s[tag=aj.blazing_inferno.bone.right_hand] run data modify entity @s {} merge value {transformation:[-0.9647321802366786f,0.26088329061236604f,-0.035095998276845994f,-0.7266638342516203f,0.2629212779662176f,0.9484948363866998f,-0.17671996757689445f,0.9312537136408627f,-0.012814913514945903f,-0.17971492433026098f,-0.9836352596184081f,-0.22633074936421124f,0f,0f,0f,1f],start_interpolation:0}
execute if entity @s[tag=aj.blazing_inferno.bone.right_arm] run data modify entity @s {} merge value {transformation:[-0.9647321802366786f,0.23322644791951627f,0.12205426828517615f,-0.421875f,0.2629212779662176f,0.876318166546453f,0.40365687479996426f,1.3475000000000001f,-0.012814913514945903f,0.4215114410920637f,-0.9067325311358891f,-5.1664786839028965e-17f,0f,0f,0f,1f],start_interpolation:0}
execute if entity @s[tag=aj.blazing_inferno.bone.head] run data modify entity @s {} merge value {transformation:[-1f,-1.760417335649662e-17f,1.2119278405521094e-16f,0f,0f,0.9896141821428845f,0.14374898435004552f,1.4725000000000001f,-1.2246467991473532e-16f,0.14374898435004552f,-0.9896141821428845f,0f,0f,0f,0f,1f],start_interpolation:0}
execute if entity @s[tag=aj.blazing_inferno.bone.bottom] run data modify entity @s {} merge value {transformation:[-1f,-2.7152708391376114e-17f,1.1941661632131213e-16f,0f,0f,0.9751106719460225f,0.22171868991353985f,0.7225f,-1.2246467991473532e-16f,0.22171868991353985f,-0.9751106719460225f,0f,0f,0f,0f,1f],start_interpolation:0}