execute if entity @s[tag=aj.blazing_inferno.bone.body] run data modify entity @s {} merge value {transformation:[-1f,3.6225802231401746e-17f,1.1698414028965612e-16f,5.660281598656523e-18f,0f,0.95524799779908f,-0.2958061235012704f,0.886749164245802f,-1.2246467991473532e-16f,-0.2958061235012704f,-0.95524799779908f,-0.0462197067970735f,0f,0f,0f,1f],start_interpolation:0}
execute if entity @s[tag=aj.blazing_inferno.bone.left_hand] run data modify entity @s {} merge value {transformation:[-0.8585623120512957f,-0.4764453941831397f,-0.1893952023859267f,0.6967955433274438f,-0.22602025854851554f,0.6832840737506718f,-0.6942893613504018f,1.1283354089644795f,0.46020169388084137f,-0.5532835267025028f,-0.6943282653247275f,-0.3958209973587101f,0f,0f,0f,1f],start_interpolation:0}
execute if entity @s[tag=aj.blazing_inferno.bone.left_arm] run data modify entity @s {} merge value {transformation:[-0.8585623120512957f,-0.21447550083355446f,-0.465694122646324f,0.421875f,-0.22602025854851554f,0.9736066863218429f,-0.031699575313603096f,1.603185162595112f,0.46020169388084137f,0.07804024533275505f,-0.8843778157878044f,-0.26807429942302624f,0f,0f,0f,1f],start_interpolation:0}
execute if entity @s[tag=aj.blazing_inferno.bone.right_hand] run data modify entity @s {} merge value {transformation:[-0.8585623120512957f,0.4768618222104626f,0.18834425619925552f,-0.6967955433274438f,0.22602025854851554f,0.6817516160089216f,-0.6957942057784658f,1.1283354089644795f,-0.4602016938808416f,-0.5548130645427709f,-0.6931066760332519f,-0.3958209973587103f,0f,0f,0f,1f],start_interpolation:0}
execute if entity @s[tag=aj.blazing_inferno.bone.right_arm] run data modify entity @s {} merge value {transformation:[-0.8585623120512957f,0.2144755008335544f,0.4656941226463242f,-0.421875f,0.22602025854851554f,0.9736066863218429f,-0.031699575313603096f,1.603185162595112f,-0.4602016938808416f,0.07804024533275505f,-0.8843778157878043f,-0.26807429942302635f,0f,0f,0f,1f],start_interpolation:0}
execute if entity @s[tag=aj.blazing_inferno.bone.head] run data modify entity @s {} merge value {transformation:[-1f,1.0248849577448532e-16f,6.703511065480447e-17f,3.735785855113305e-17f,0f,0.5473832185857744f,-0.8368820777210361f,1.722591162319997f,-1.2246467991473532e-16f,-0.8368820777210361f,-0.5473832185857744f,-0.3050500648606851f,0f,0f,0f,1f],start_interpolation:0}
execute if entity @s[tag=aj.blazing_inferno.bone.bottom] run data modify entity @s {} merge value {transformation:[-1f,-3.986052159958678e-17f,1.157960994352895e-16f,1.0188506877581741e-17f,0f,0.945546908022062f,0.3254858594930329f,1.006155163970687f,-1.2246467991473532e-16f,0.3254858594930329f,-0.945546908022062f,-0.0831954722347323f,0f,0f,0f,1f],start_interpolation:0}