execute if entity @s[tag=aj.blazing_inferno.bone.body] run data modify entity @s {} merge value {transformation:[-1f,3.078441618234183e-17f,1.1853234810350696e-16f,4.8100650284909115e-18f,0f,0.9678900739873226f,-0.2513738345111026f,0.8611902451310967f,-1.2246467991473532e-16f,-0.2513738345111026f,-0.9678900739873226f,-0.03927716164235978f,0f,0f,0f,1f],start_interpolation:0}
execute if entity @s[tag=aj.blazing_inferno.bone.left_hand] run data modify entity @s {} merge value {transformation:[-0.864306554728247f,-0.46669997445341005f,-0.18752416723978266f,0.6971771156044977f,-0.24816394392458407f,0.719996166918795f,-0.6480896362063187f,1.1190921888403726f,0.4374800982782915f,-0.5136113837011687f,-0.7381155127369886f,-0.37798391640313167f,0f,0f,0f,1f],start_interpolation:0}
execute if entity @s[tag=aj.blazing_inferno.bone.left_arm] run data modify entity @s {} merge value {transformation:[-0.864306554728247f,-0.2131663747632027f,-0.45555930033761954f,0.421875f,-0.24816394392458407f,0.9685578376792009f,0.017617377954355196f,1.5871078006215886f,0.4374800982782915f,0.12828020790638187f,-0.8900310960128933f,-0.22780753752568667f,0f,0f,0f,1f],start_interpolation:0}
execute if entity @s[tag=aj.blazing_inferno.bone.right_hand] run data modify entity @s {} merge value {transformation:[-0.864306554728247f,0.467339291410776f,0.18592516278723978f,-0.6971771156044977f,0.24816394392458407f,0.7177729925658947f,-0.6505509880699559f,1.1190921888403726f,-0.4374800982782917f,-0.5161355615016987f,-0.7363526639890309f,-0.3779839164031319f,0f,0f,0f,1f],start_interpolation:0}
execute if entity @s[tag=aj.blazing_inferno.bone.right_arm] run data modify entity @s {} merge value {transformation:[-0.864306554728247f,0.21316637476320263f,0.45555930033761977f,-0.421875f,0.24816394392458407f,0.9685578376792009f,0.017617377954355196f,1.5871078006215886f,-0.4374800982782917f,0.12828020790638192f,-0.8900310960128932f,-0.22780753752568678f,0f,0f,0f,1f],start_interpolation:0}
execute if entity @s[tag=aj.blazing_inferno.bone.head] run data modify entity @s {} merge value {transformation:[-1f,9.123175372394597e-17f,8.169678658963187e-17f,3.1746429188040015e-17f,0f,0.6671048880910998f,-0.7449638033387672f,1.708094059870004f,-1.2246467991473532e-16f,-0.7449638033387672f,-0.6671048880910998f,-0.2592292668395746f,0f,0f,0f,1f],start_interpolation:0}
execute if entity @s[tag=aj.blazing_inferno.bone.bottom] run data modify entity @s {} merge value {transformation:[-1f,-2.837174911637964e-17f,1.191328740469892e-16f,8.65811705128364e-18f,0f,0.9727937404477285f,0.23167291284420258f,0.982176504379512f,-1.2246467991473532e-16f,0.23167291284420258f,-0.9727937404477285f,-0.07069889095624761f,0f,0f,0f,1f],start_interpolation:0}