execute if entity @s[tag=aj.blazing_inferno.bone.body] run data modify entity @s {} merge value {transformation:[-1f,0f,1.2246467991473532e-16f,0f,0f,1f,0f,0.6309918243286621f,-1.2246467991473532e-16f,0f,-1f,0f,0f,0f,0f,1f],start_interpolation:0}
execute if entity @s[tag=aj.blazing_inferno.bone.left_hand] run data modify entity @s {} merge value {transformation:[-0.9465987637424943f,-0.31792084396212494f,-0.053638768214711974f,0.7174352001823725f,-0.2968315560719127f,0.9242905475501694f,-0.2399541852715542f,0.9672551964865228f,0.12586424353686937f,-0.21121865609793694f,-0.9693012284708367f,-0.24258809399880077f,0f,0f,0f,1f],start_interpolation:0}
execute if entity @s[tag=aj.blazing_inferno.bone.left_arm] run data modify entity @s {} merge value {transformation:[-0.9465987637424943f,-0.22225493078711506f,-0.23356696303629093f,0.421875f,-0.2968315560719127f,0.8835624369047019f,0.3622270660938407f,1.380991824328662f,0.12586424353686937f,0.41221373804355355f,-0.9023513874134911f,5.1664786839028965e-17f,0f,0f,0f,1f],start_interpolation:0}
execute if entity @s[tag=aj.blazing_inferno.bone.right_hand] run data modify entity @s {} merge value {transformation:[-0.9465987637424943f,0.31858275384989443f,0.04955612404737739f,-0.7174352001823725f,0.2968315560719127f,0.9211364084106292f,-0.25179107295592035f,0.9672551964865228f,-0.1258642435368696f,-0.22363529696759465f,-0.9665120000026421f,-0.24258809399880094f,0f,0f,0f,1f],start_interpolation:0}
execute if entity @s[tag=aj.blazing_inferno.bone.right_arm] run data modify entity @s {} merge value {transformation:[-0.9465987637424943f,0.22225493078711495f,0.23356696303629115f,-0.421875f,0.2968315560719127f,0.8835624369047019f,0.3622270660938407f,1.380991824328662f,-0.1258642435368696f,0.41221373804355355f,-0.9023513874134911f,-5.1664786839028965e-17f,0f,0f,0f,1f],start_interpolation:0}
execute if entity @s[tag=aj.blazing_inferno.bone.head] run data modify entity @s {} merge value {transformation:[-1f,-1.8586703368570634e-17f,1.2104599243472435e-16f,0f,0f,0.9884155375982795f,0.15177195074948482f,1.505991824328662f,-1.2246467991473532e-16f,0.15177195074948482f,-0.9884155375982795f,0f,0f,0f,0f,1f],start_interpolation:0}
execute if entity @s[tag=aj.blazing_inferno.bone.bottom] run data modify entity @s {} merge value {transformation:[-1f,1.7128449530926548e-17f,1.2126093370614081e-16f,0f,0f,0.9901706662734708f,-0.1398644045193442f,0.7559918243286621f,-1.2246467991473532e-16f,-0.1398644045193442f,-0.9901706662734708f,0f,0f,0f,0f,1f],start_interpolation:0}