execute if entity @s[tag=aj.blazing_inferno.bone.body] run data modify entity @s {} merge value {transformation:[-1f,0f,1.2246467991473532e-16f,0f,0f,1f,0f,0.5975f,-1.2246467991473532e-16f,0f,-1f,0f,0f,0f,0f,1f],start_interpolation:0}
execute if entity @s[tag=aj.blazing_inferno.bone.left_hand] run data modify entity @s {} merge value {transformation:[-0.9586366426179685f,-0.2845899074728917f,-0.004936800048636503f,0.7228898122788556f,-0.27796850568019615f,0.9397820970371902f,-0.19885451953199318f,0.9324797873732693f,0.0612315056165372f,-0.18925695404119774f,-0.9800165856081109f,-0.23351898937771282f,0f,0f,0f,1f],start_interpolation:0}
execute if entity @s[tag=aj.blazing_inferno.bone.left_arm] run data modify entity @s {} merge value {transformation:[-0.9586366426179685f,-0.2282737727773863f,-0.17002021083426372f,0.421875f,-0.27796850568019615f,0.8793210493021509f,0.3866885078510647f,1.3475000000000001f,0.0612315056165372f,0.41795403684632876f,-0.9064022979912338f,5.1664786839028965e-17f,0f,0f,0f,1f],start_interpolation:0}
execute if entity @s[tag=aj.blazing_inferno.bone.right_hand] run data modify entity @s {} merge value {transformation:[-0.9586366426179685f,0.28462584742034325f,0.001978486896797693f,-0.7228898122788555f,0.27796850568019615f,0.9376644230943283f,-0.2086119352124874f,0.9324797873732693f,-0.06123150561653744f,-0.19943308813592536f,-0.9779964959428535f,-0.23351898937771304f,0f,0f,0f,1f],start_interpolation:0}
execute if entity @s[tag=aj.blazing_inferno.bone.right_arm] run data modify entity @s {} merge value {transformation:[-0.9586366426179685f,0.2282737727773862f,0.17002021083426394f,-0.421875f,0.27796850568019615f,0.8793210493021509f,0.3866885078510647f,1.3475000000000001f,-0.06123150561653744f,0.41795403684632887f,-0.9064022979912338f,-5.1664786839028965e-17f,0f,0f,0f,1f],start_interpolation:0}
execute if entity @s[tag=aj.blazing_inferno.bone.head] run data modify entity @s {} merge value {transformation:[-1f,-1.8552490506338488e-17f,1.210512408966996e-16f,0f,0f,0.9884583945426566f,0.1514925815284493f,1.4725000000000001f,-1.2246467991473532e-16f,0.1514925815284493f,-0.9884583945426566f,0f,0f,0f,0f,1f],start_interpolation:0}
execute if entity @s[tag=aj.blazing_inferno.bone.bottom] run data modify entity @s {} merge value {transformation:[-1f,-6.6974432270728706e-18f,1.222814052946674e-16f,0f,0f,0.9985034491561524f,0.05468877419788213f,0.7225f,-1.2246467991473532e-16f,0.05468877419788213f,-0.9985034491561524f,0f,0f,0f,0f,1f],start_interpolation:0}