execute if entity @s[tag=aj.blazing_inferno.bone.body] run data modify entity @s {} merge value {transformation:[-1f,3.3514050483687025e-17f,1.1778966952494372e-16f,5.236570388076098e-18f,0f,0.961825643172819f,-0.27366299007208295f,0.8741346143063291f,-1.2246467991473532e-16f,-0.27366299007208295f,-0.961825643172819f,-0.04275984219876296f,0f,0f,0f,1f],start_interpolation:0}
execute if entity @s[tag=aj.blazing_inferno.bone.left_hand] run data modify entity @s {} merge value {transformation:[-0.8612034957203174f,-0.4718852273319807f,-0.1888196790192959f,0.6969150455404955f,-0.2372403666898118f,0.7017628919705545f,-0.6717483545688872f,1.123917490696481f,0.4494947690151563f,-0.5337163813103065f,-0.7163108800995854f,-0.38708294424562883f,0f,0f,0f,1f],start_interpolation:0}
execute if entity @s[tag=aj.blazing_inferno.bone.left_arm] run data modify entity @s {} merge value {transformation:[-0.8612034957203174f,-0.21376826370435012f,-0.4611200151716823f,0.421875f,-0.2372403666898118f,0.9714238583412748f,-0.007259191293426448f,1.5955038466859435f,0.4494947690151563f,0.10314464056934014f,-0.8873080838974887f,-0.2480070847528251f,0f,0f,0f,1f],start_interpolation:0}
execute if entity @s[tag=aj.blazing_inferno.bone.right_hand] run data modify entity @s {} merge value {transformation:[-0.8612034957203174f,0.4724106707334036f,0.18750119235973134f,-0.6969150455404955f,0.2372403666898118f,0.699884282879497f,-0.6737054244928831f,1.123917490696481f,-0.4494947690151565f,-0.5357146150288116f,-0.714817671768503f,-0.38708294424562906f,0f,0f,0f,1f],start_interpolation:0}
execute if entity @s[tag=aj.blazing_inferno.bone.right_arm] run data modify entity @s {} merge value {transformation:[-0.8612034957203174f,0.21376826370435006f,0.4611200151716825f,-0.421875f,0.2372403666898118f,0.9714238583412748f,-0.007259191293426448f,1.5955038466859435f,-0.4494947690151565f,0.1031446405693402f,-0.8873080838974886f,-0.2480070847528252f,0f,0f,0f,1f],start_interpolation:0}
execute if entity @s[tag=aj.blazing_inferno.bone.head] run data modify entity @s {} merge value {transformation:[-1f,9.740064080359572e-17f,7.423417674944274e-17f,3.456136456130225e-17f,0f,0.60616805434128f,-0.7953365890590645f,1.7157320520825459f,-1.2246467991473532e-16f,-0.7953365890590645f,-0.60616805434128f,-0.28221495851183553f,0f,0f,0f,1f],start_interpolation:0}
execute if entity @s[tag=aj.blazing_inferno.bone.bottom] run data modify entity @s {} merge value {transformation:[-1f,-3.461099405069136e-17f,1.1747202610596952e-16f,9.425826698536976e-18f,0f,0.9592318878207016f,0.2826202140469307f,0.9943628197029315f,-1.2246467991473532e-16f,0.2826202140469307f,-0.9592318878207016f,-0.07696771595777332f,0f,0f,0f,1f],start_interpolation:0}