execute if entity @s[tag=aj.blazing_inferno.bone.left_hand] run data modify entity @s {} merge value {transformation:[-0.9602791566103588f,-0.2790134230741331f,0.003930791797174732f,0.7237954849445252f,-0.27453202912228836f,0.9421458949261163f,-0.1923363659318395f,0.9322052603369954f,0.049961048484764195f,-0.1857757315106639f,-0.98132118657246f,-0.2318558010469003f,0f,0f,0f,1f],start_interpolation:0}
execute if entity @s[tag=aj.blazing_inferno.bone.left_arm] run data modify entity @s {} merge value {transformation:[-0.9602791566103588f,-0.22939885756250894f,-0.15887134898625893f,0.421875f,-0.27453202912228836f,0.8786249319970519f,0.39070499594857355f,1.3475000000000001f,0.049961048484764195f,0.4188011377995427f,-0.9067025425199333f,5.1664786839028965e-17f,0f,0f,0f,1f],start_interpolation:0}
execute if entity @s[tag=aj.blazing_inferno.bone.right_hand] run data modify entity @s {} merge value {transformation:[-0.9602791566103588f,0.27896377015792706f,-0.006569346921360852f,-0.7237954849445251f,0.27453202912228836f,0.940284765802703f,-0.20123797898347884f,0.9322052603369954f,-0.04996104848476443f,-0.1950481328765577f,-0.9795203517516478f,-0.2318558010469005f,0f,0f,0f,1f],start_interpolation:0}
execute if entity @s[tag=aj.blazing_inferno.bone.right_arm] run data modify entity @s {} merge value {transformation:[-0.9602791566103588f,0.22939885756250883f,0.15887134898625915f,-0.421875f,0.27453202912228836f,0.8786249319970519f,0.39070499594857355f,1.3475000000000001f,-0.04996104848476443f,0.4188011377995428f,-0.9067025425199333f,-5.1664786839028965e-17f,0f,0f,0f,1f],start_interpolation:0}
execute if entity @s[tag=aj.blazing_inferno.bone.head] run data modify entity @s {} merge value {transformation:[-1f,-1.8314396709172513e-17f,1.2108749192132782e-16f,0f,0f,0.9887544066226576f,0.14954839813343496f,1.4725000000000001f,-1.2246467991473532e-16f,0.14954839813343496f,-0.9887544066226576f,0f,0f,0f,0f,1f],start_interpolation:0}
execute if entity @s[tag=aj.blazing_inferno.bone.bottom] run data modify entity @s {} merge value {transformation:[-1f,-1.146110511180025e-17f,1.219271950642466e-16f,0f,0f,0.9956111031289763f,0.09358702541647043f,0.7225f,-1.2246467991473532e-16f,0.09358702541647043f,-0.9956111031289763f,0f,0f,0f,0f,1f],start_interpolation:0}