execute if entity @s[tag=aj.blazing_inferno.bone.body] run data modify entity @s {} merge value {transformation:[-1f,0f,1.2246467991473532e-16f,0f,0f,1f,0f,0.6496273247319906f,-1.2246467991473532e-16f,0f,-1f,0f,0f,0f,0f,1f],start_interpolation:0}
execute if entity @s[tag=aj.blazing_inferno.bone.left_hand] run data modify entity @s {} merge value {transformation:[-0.9399084918864322f,-0.3333507992257688f,-0.0738191813508777f,0.7149267697240113f,-0.3046156729636888f,0.9163926748937339f,-0.25968010548747505f,0.9862674161772631f,0.1542119277638782f,-0.22158905671681606f,-0.9628691350742842f,-0.2462459314613185f,0f,0f,0f,1f],start_interpolation:0}
execute if entity @s[tag=aj.blazing_inferno.bone.left_arm] run data modify entity @s {} merge value {transformation:[-0.9399084918864322f,-0.21989445175586864f,-0.26118663244270096f,0.421875f,-0.3046156729636888f,0.8856006536196126f,0.3506005905491233f,1.3996273247319906f,0.1542119277638782f,0.40909401412817203f,-0.8993668711598439f,5.1664786839028965e-17f,0f,0f,0f,1f],start_interpolation:0}
execute if entity @s[tag=aj.blazing_inferno.bone.right_hand] run data modify entity @s {} merge value {transformation:[-0.9399084918864322f,0.33427561894770474f,0.06951141961506441f,-0.7149267697240111f,0.3046156729636888f,0.9129654177340061f,-0.27148377079790775f,0.9862674161772631f,-0.15421192776387843f,-0.23399563371759902f,-0.9599295415479447f,-0.24624593146131865f,0f,0f,0f,1f],start_interpolation:0}
execute if entity @s[tag=aj.blazing_inferno.bone.right_arm] run data modify entity @s {} merge value {transformation:[-0.9399084918864322f,0.21989445175586853f,0.2611866324427012f,-0.421875f,0.3046156729636888f,0.8856006536196126f,0.3506005905491233f,1.3996273247319906f,-0.15421192776387843f,0.40909401412817203f,-0.8993668711598439f,-5.1664786839028965e-17f,0f,0f,0f,1f],start_interpolation:0}
execute if entity @s[tag=aj.blazing_inferno.bone.head] run data modify entity @s {} merge value {transformation:[-1f,-1.7492770585096096e-17f,1.2120891387961438e-16f,0f,0f,0.9897458921544133f,0.14283931168786987f,1.5246273247319906f,-1.2246467991473532e-16f,0.14283931168786987f,-0.9897458921544133f,0f,0f,0f,0f,1f],start_interpolation:0}
execute if entity @s[tag=aj.blazing_inferno.bone.bottom] run data modify entity @s {} merge value {transformation:[-1f,2.477148774113581e-17f,1.1993319482824316e-16f,0f,0f,0.9793288555667261f,-0.2022745477176169f,0.7746273247319906f,-1.2246467991473532e-16f,-0.2022745477176169f,-0.9793288555667261f,0f,0f,0f,0f,1f],start_interpolation:0}