execute if entity @s[tag=aj.blazing_inferno.bone.body] run data modify entity @s {} merge value {transformation:[-1f,0f,1.2246467991473532e-16f,0f,0f,1f,0f,0.71875f,-1.2246467991473532e-16f,0f,-1f,0f,0f,0f,0f,1f],start_interpolation:0}
execute if entity @s[tag=aj.blazing_inferno.bone.left_hand] run data modify entity @s {} merge value {transformation:[-0.9659258262890683f,-0.22414386804201328f,0.12940952255126054f,0.7357985924292003f,-0.25881904510252074f,0.8365163037378078f,-0.4829629131445342f,1.021615573076481f,-1.2523069104177421e-16f,-0.5000000000000002f,-0.8660254037844386f,-0.13749761771071403f,0f,0f,0f,1f],start_interpolation:0}
execute if entity @s[tag=aj.blazing_inferno.bone.left_arm] run data modify entity @s {} merge value {transformation:[-0.9659258262890683f,-0.25000000000000006f,-0.06698729810778052f,0.421875f,-0.25881904510252074f,0.9330127018922193f,0.25f,1.46875f,-1.2523069104177421e-16f,0.2588190451025207f,-0.9659258262890683f,5.1664786839028965e-17f,0f,0f,0f,1f],start_interpolation:0}
execute if entity @s[tag=aj.blazing_inferno.bone.right_hand] run data modify entity @s {} merge value {transformation:[-0.9659258262890683f,0.22414386804201342f,-0.12940952255126031f,-0.7357985924292003f,0.25881904510252074f,0.8365163037378078f,-0.4829629131445342f,1.021615573076481f,-1.1135290323395976e-16f,-0.5000000000000001f,-0.8660254037844386f,-0.13749761771071425f,0f,0f,0f,1f],start_interpolation:0}
execute if entity @s[tag=aj.blazing_inferno.bone.right_arm] run data modify entity @s {} merge value {transformation:[-0.9659258262890683f,0.24999999999999997f,0.06698729810778077f,-0.421875f,0.25881904510252074f,0.9330127018922193f,0.25f,1.46875f,-1.1135290323395976e-16f,0.2588190451025208f,-0.9659258262890683f,-5.1664786839028965e-17f,0f,0f,0f,1f],start_interpolation:0}
execute if entity @s[tag=aj.blazing_inferno.bone.head] run data modify entity @s {} merge value {transformation:[-1f,-1.4924690131530345e-17f,1.2155184676135683e-16f,0f,0f,0.992546151641322f,0.12186934340514746f,1.59375f,-1.2246467991473532e-16f,0.12186934340514746f,-0.992546151641322f,0f,0f,0f,0f,1f],start_interpolation:0}
execute if entity @s[tag=aj.blazing_inferno.bone.bottom] run data modify entity @s {} merge value {transformation:[-1f,0f,1.2246467991473532e-16f,0f,0f,1f,0f,0.84375f,-1.2246467991473532e-16f,0f,-1f,0f,0f,0f,0f,1f],start_interpolation:0}