execute if entity @s[tag=aj.blazing_inferno.bone.body] run data modify entity @s {} merge value {transformation:[-1f,0f,1.2246467991473532e-16f,0f,0f,1f,0f,0.6597846293737464f,-1.2246467991473532e-16f,0f,-1f,0f,0f,0f,0f,1f],start_interpolation:0}
execute if entity @s[tag=aj.blazing_inferno.bone.left_hand] run data modify entity @s {} merge value {transformation:[-0.9361749338707556f,-0.34140393701122185f,-0.08378451518821467f,0.7136305132045999f,-0.3084503756832796f,0.9120932023911001f,-0.27008212805143444f,0.996568059768143f,0.16862638860193319f,-0.22700075318197827f,-0.9591849660633158f,-0.24801935331360336f,0f,0f,0f,1f],start_interpolation:0}
execute if entity @s[tag=aj.blazing_inferno.bone.left_arm] run data modify entity @s {} merge value {transformation:[-0.9361749338707556f,-0.21877216584250953f,-0.2751640104458867f,0.421875f,-0.3084503756832796f,0.8866842636164111f,0.3444551965000187f,1.4097846293737464f,0.16862638860193319f,0.40734476320139473f,-0.8975719385984999f,5.1664786839028965e-17f,0f,0f,0f,1f],start_interpolation:0}
execute if entity @s[tag=aj.blazing_inferno.bone.right_hand] run data modify entity @s {} merge value {transformation:[-0.9361749338707556f,0.34244704586730407f,0.0794135628771504f,-0.7136305132045998f,0.3084503756832796f,0.9085662684487843f,-0.2817191892255392f,0.996568059768143f,-0.1686263886019334f,-0.2392433000395373f,-0.9562048862316389f,-0.24801935331360353f,0f,0f,0f,1f],start_interpolation:0}
execute if entity @s[tag=aj.blazing_inferno.bone.right_arm] run data modify entity @s {} merge value {transformation:[-0.9361749338707556f,0.21877216584250941f,0.2751640104458869f,-0.421875f,0.3084503756832796f,0.8866842636164111f,0.3444551965000187f,1.4097846293737464f,-0.1686263886019334f,0.40734476320139473f,-0.8975719385984999f,-5.1664786839028965e-17f,0f,0f,0f,1f],start_interpolation:0}
execute if entity @s[tag=aj.blazing_inferno.bone.head] run data modify entity @s {} merge value {transformation:[-1f,-1.6585704207449548e-17f,1.2133635993617729e-16f,0f,0f,0.9907865681815882f,0.13543255262657902f,1.5347846293737464f,-1.2246467991473532e-16f,0.13543255262657902f,-0.9907865681815882f,0f,0f,0f,0f,1f],start_interpolation:0}
execute if entity @s[tag=aj.blazing_inferno.bone.bottom] run data modify entity @s {} merge value {transformation:[-1f,2.780882186873876e-17f,1.19265532543528e-16f,0f,0f,0.9738769792773336f,-0.2270762630343732f,0.7847846293737464f,-1.2246467991473532e-16f,-0.2270762630343732f,-0.9738769792773336f,0f,0f,0f,0f,1f],start_interpolation:0}