execute if entity @s[tag=aj.blazing_inferno.bone.left_hand] run data modify entity @s {} merge value {transformation:[-0.9628958803794779f,-0.269115344149064f,0.020210271936835708f,0.7253871417736909f,-0.2682386071255835f,0.9461465838310593f,-0.1812586316624481f,0.931686963519206f,0.029657599288494325f,-0.17995436490495847f,-0.9832277728767105f,-0.2288289994484282f,0f,0f,0f,1f],start_interpolation:0}
execute if entity @s[tag=aj.blazing_inferno.bone.left_arm] run data modify entity @s {} merge value {transformation:[-0.9628958803794779f,-0.23147136791066128f,-0.13875348422939626f,0.421875f,-0.2682386071255835f,0.8773793417728771f,0.3978109353418025f,1.3475000000000001f,0.029657599288494325f,0.4202695521540434f,-0.9069145110409707f,5.1664786839028965e-17f,0f,0f,0f,1f],start_interpolation:0}
execute if entity @s[tag=aj.blazing_inferno.bone.right_hand] run data modify entity @s {} merge value {transformation:[-0.9628958803794779f,0.26896576421565327f,-0.02211201546941477f,-0.7253871417736908f,0.2682386071255835f,0.944841715784686f,-0.18794196380898365f,0.931686963519206f,-0.02965759928849456f,-0.1868998389323544f,-0.9819311976974268f,-0.22882899944842838f,0f,0f,0f,1f],start_interpolation:0}
execute if entity @s[tag=aj.blazing_inferno.bone.right_arm] run data modify entity @s {} merge value {transformation:[-0.9628958803794779f,0.23147136791066117f,0.13875348422939648f,-0.421875f,0.2682386071255835f,0.8773793417728771f,0.3978109353418025f,1.3475000000000001f,-0.02965759928849456f,0.4202695521540435f,-0.9069145110409707f,-5.1664786839028965e-17f,0f,0f,0f,1f],start_interpolation:0}
execute if entity @s[tag=aj.blazing_inferno.bone.head] run data modify entity @s {} merge value {transformation:[-1f,-1.7849972717266408e-17f,1.2115682523329596e-16f,0f,0f,0.9893205560791084f,0.14575608844684243f,1.4725000000000001f,-1.2246467991473532e-16f,0.14575608844684243f,-0.9893205560791084f,0f,0f,0f,0f,1f],start_interpolation:0}
execute if entity @s[tag=aj.blazing_inferno.bone.bottom] run data modify entity @s {} merge value {transformation:[-1f,-2.017033902058777e-17f,1.2079219863225079e-16f,0f,0f,0.986343153931003f,0.16470331719015757f,0.7225f,-1.2246467991473532e-16f,0.16470331719015757f,-0.986343153931003f,0f,0f,0f,0f,1f],start_interpolation:0}