execute if entity @s[tag=aj.blazing_inferno.bone.body] run data modify entity @s {} merge value {transformation:[-1f,4.6865204053262974e-17f,1.1314261122877003e-16f,7.322688133322339e-18f,0f,0.9238795325112867f,-0.3826834323650897f,0.9224811769548885f,-1.2246467991473532e-16f,-0.3826834323650897f,-0.9238795325112867f,-0.059794286307045266f,0f,0f,0f,1f],start_interpolation:0}
execute if entity @s[tag=aj.blazing_inferno.bone.left_hand] run data modify entity @s {} merge value {transformation:[-0.8535533905932738f,-0.48732191852684226f,-0.18429312827678584f,0.6978638924382488f,-0.18019413181236787f,0.6080195332363705f,-0.773202639715756f,1.1308598550302134f,0.48885241562982285f,-0.6267611944962324f,-0.6067896841629254f,-0.42707317726413097f,0f,0f,0f,1f],start_interpolation:0}
execute if entity @s[tag=aj.blazing_inferno.bone.left_arm] run data modify entity @s {} merge value {transformation:[-0.8535533905932738f,-0.21825436555672448f,-0.4730873506258202f,0.42187500000000006f,-0.18019413181236787f,0.9756562278079236f,-0.12500000000000003f,1.6153908263383536f,0.48885241562982285f,-0.02144660940672627f,-0.8721028372146499f,-0.3468068605808625f,0f,0f,0f,1f],start_interpolation:0}
execute if entity @s[tag=aj.blazing_inferno.bone.right_hand] run data modify entity @s {} merge value {transformation:[-0.8535533905932738f,0.48740554811560566f,0.18407183671831037f,-0.6978638924382488f,0.18019413181236787f,0.6076683914846981f,-0.7734786363247447f,1.1308598550302134f,-0.48885241562982307f,-0.6270366477778836f,-0.6065050354913477f,-0.42707317726413113f,0f,0f,0f,1f],start_interpolation:0}
execute if entity @s[tag=aj.blazing_inferno.bone.right_arm] run data modify entity @s {} merge value {transformation:[-0.8535533905932738f,0.21825436555672453f,0.4730873506258204f,-0.42187499999999994f,0.18019413181236787f,0.9756562278079236f,-0.12500000000000003f,1.6153908263383536f,-0.48885241562982307f,-0.02144660940672627f,-0.8721028372146498f,-0.34680686058086263f,0f,0f,0f,1f],start_interpolation:0}
execute if entity @s[tag=aj.blazing_inferno.bone.head] run data modify entity @s {} merge value {transformation:[-1f,1.1314261122877003e-16f,4.6865204053262974e-17f,4.832974167992744e-17f,0f,0.38268343236508967f,-0.9238795325112867f,1.7308757679022644f,-1.2246467991473532e-16f,-0.9238795325112867f,-0.38268343236508967f,-0.39464228962649883f,0f,0f,0f,1f],start_interpolation:0}
execute if entity @s[tag=aj.blazing_inferno.bone.bottom] run data modify entity @s {} merge value {transformation:[-1f,-4.686520405326299e-17f,1.1314261122877003e-16f,1.3180838639980211e-17f,0f,0.9238795325112867f,0.38268343236508984f,1.0379661185187994f,-1.2246467991473532e-16f,0.38268343236508984f,-0.9238795325112867f,-0.10762971535268148f,0f,0f,0f,1f],start_interpolation:0}