execute if entity @s[tag=aj.blazing_inferno.bone.left_hand] run data modify entity @s {} merge value {transformation:[-0.9654010318451315f,-0.25769710276179386f,0.03991304223600159f,0.7271764779397221f,-0.260703672952253f,0.9503395086373836f,-0.1699659178543183f,0.9310855939511162f,0.005868783652521914f,-0.1744907491846877f,-0.9846413234408793f,-0.2253283437625557f,0f,0f,0f,1f],start_interpolation:0}
execute if entity @s[tag=aj.blazing_inferno.bone.left_arm] run data modify entity @s {} merge value {transformation:[-0.9654010318451315f,-0.23395535900001876f,-0.11517698427866449f,0.421875f,-0.260703672952253f,0.8758519430163415f,0.4060997030578869f,1.3475000000000001f,0.005868783652521914f,0.4220761352050972f,-0.9065413909297072f,5.1664786839028965e-17f,0f,0f,0f,1f],start_interpolation:0}
execute if entity @s[tag=aj.blazing_inferno.bone.right_hand] run data modify entity @s {} merge value {transformation:[-0.9654010318451315f,0.25761377127771923f,-0.04044740486639836f,-0.7271764779397221f,0.260703672952253f,0.9499849656138927f,-0.1719364999549996f,0.9310855939511162f,-0.00586878365252215f,-0.17653246147845392f,-0.9842773224161968f,-0.2253283437625559f,0f,0f,0f,1f],start_interpolation:0}
execute if entity @s[tag=aj.blazing_inferno.bone.right_arm] run data modify entity @s {} merge value {transformation:[-0.9654010318451315f,0.23395535900001865f,0.11517698427866471f,-0.421875f,0.260703672952253f,0.8758519430163415f,0.4060997030578869f,1.3475000000000001f,-0.00586878365252215f,0.4220761352050973f,-0.9065413909297072f,-5.1664786839028965e-17f,0f,0f,0f,1f],start_interpolation:0}
execute if entity @s[tag=aj.blazing_inferno.bone.head] run data modify entity @s {} merge value {transformation:[-1f,-1.7639409276881635e-17f,1.2118766053926958e-16f,0f,0f,0.9895723454603005f,0.1440367074748644f,1.4725000000000001f,-1.2246467991473532e-16f,0.1440367074748644f,-0.9895723454603005f,0f,0f,0f,0f,1f],start_interpolation:0}
execute if entity @s[tag=aj.blazing_inferno.bone.bottom] run data modify entity @s {} merge value {transformation:[-1f,-2.9772039874946956e-17f,1.1879067079658716e-16f,0f,0f,0.9699994388528501f,0.24310715461531773f,0.7225f,-1.2246467991473532e-16f,0.24310715461531773f,-0.9699994388528501f,0f,0f,0f,0f,1f],start_interpolation:0}