execute if entity @s[tag=aj.blazing_inferno.bone.body] run data modify entity @s {} merge value {transformation:[-0.9381476155545077f,-0.0764922630685122f,0.33768030016577716f,-0.003592644800036406f,0.014190715600295606f,0.9659764473553488f,0.2582404436673128f,0.7478020611404019f,-0.3459446126479546f,0.24705958156970262f,-0.9051430208174066f,0.016151280335122326f,0f,0f,0f,1f],start_interpolation:0}
execute if entity @s[tag=aj.blazing_inferno.bone.left_hand] run data modify entity @s {} merge value {transformation:[-0.17959642061787925f,-0.0003160794670987177f,0.9837403243717402f,0.5646873425633404f,-0.9487657312904519f,0.26433095019366765f,-0.1731263581855947f,1.4795190836287624f,-0.25997829299797287f,-0.964431982497202f,-0.047772777880053297f,0.8615592569131908f,0f,0f,0f,1f],start_interpolation:0}
execute if entity @s[tag=aj.blazing_inferno.bone.left_arm] run data modify entity @s {} merge value {transformation:[-0.17959642061787925f,-0.36930603385760136f,0.9117884508248688f,0.33481918321063736f,-0.9487657312904519f,0.3099711614140921f,-0.061330793411571854f,1.466297688513039f,-0.25997829299797287f,-0.8760884272994177f,-0.40605462036762124f,0.34739134997325516f,0f,0f,0f,1f],start_interpolation:0}
execute if entity @s[tag=aj.blazing_inferno.bone.right_hand] run data modify entity @s {} merge value {transformation:[-0.8326280218602475f,-0.099458365458651f,-0.5448289738563696f,-0.8824213021517628f,0.4845192998424215f,0.3457112748426032f,-0.8035700109678756f,1.1114473977718302f,0.268275278945528f,-0.9330550616051528f,-0.23965939731148372f,0.09576285646347947f,0f,0f,0f,1f],start_interpolation:0}
execute if entity @s[tag=aj.blazing_inferno.bone.right_arm] run data modify entity @s {} merge value {transformation:[-0.8326280218602475f,0.5074083400272713f,-0.22196250513061982f,-0.4567428674134785f,0.4845192998424215f,0.861498495528305f,0.15185977177210772f,1.4782711048007884f,0.268275278945528f,0.018897583793600847f,-0.9631569218115307f,0.05550058305154343f,0f,0f,0f,1f],start_interpolation:0}
execute if entity @s[tag=aj.blazing_inferno.bone.head] run data modify entity @s {} merge value {transformation:[-0.9672834215295476f,-0.250102672631296f,0.0425609630621131f,-0.07052337498498458f,-0.21799011162211224f,0.9051784964251243f,0.36487285572447065f,1.5930314525763323f,-0.12978094493827222f,0.3436575952197683f,-0.9300840626409502f,0.2323284142086121f,0f,0f,0f,1f],start_interpolation:0}
execute if entity @s[tag=aj.blazing_inferno.bone.bottom] run data modify entity @s {} merge value {transformation:[-0.965182939695372f,-0.19814674058469173f,0.17076229711696525f,-0.013154177683600431f,-0.0014206399834624341f,0.656782735796908f,0.7540785235909893f,0.8685491170598205f,-0.261571930265916f,0.7275811344137447f,-0.634196986859896f,0.047033728031335154f,0f,0f,0f,1f],start_interpolation:0}