execute if entity @s[tag=aj.blazing_inferno.bone.body] run data modify entity @s {} merge value {transformation:[-0.19819954854516142f,0.26814148081848455f,-0.9427709611676447f,0.016798419461724924f,-0.3011046679410597f,0.8986857162198156f,0.3189043154405111f,0.741454222148926f,0.9327662718498124f,0.3470794285562704f,-0.0973804516956785f,0.05124590091718116f,0f,0f,0f,1f],start_interpolation:0}
execute if entity @s[tag=aj.blazing_inferno.bone.left_hand] run data modify entity @s {} merge value {transformation:[-0.8979612924237897f,-0.43500273600262856f,0.06661934387866991f,0.554382382956413f,-0.42032445033087523f,0.8926192785503985f,0.16296680647976622f,1.603363409753078f,-0.13035671736678836f,0.11833614507154312f,-0.9843798469122385f,-0.5816939253455263f,0f,0f,0f,1f],start_interpolation:0}
execute if entity @s[tag=aj.blazing_inferno.bone.left_arm] run data modify entity @s {} merge value {transformation:[-0.8979612924237897f,-0.1590488018990569f,-0.41032791267847185f,0.30151996461807834f,-0.42032445033087523f,0.033777817948956915f,0.9067449561308045f,1.5424970411014223f,-0.13035671736678836f,0.9866927270579641f,-0.09718327329470616f,-0.08195529860225566f,0f,0f,0f,1f],start_interpolation:0}
execute if entity @s[tag=aj.blazing_inferno.bone.right_hand] run data modify entity @s {} merge value {transformation:[0.24158736240457188f,-0.0690935105626422f,-0.9679161291788313f,0.26877746829664273f,0.9420492512621149f,0.2559590628473085f,0.21685978498286831f,1.318008998072028f,0.2327633014950818f,-0.9642152482430763f,0.12692596476943563f,1.2513458082516031f,0f,0f,0f,1f],start_interpolation:0}
execute if entity @s[tag=aj.blazing_inferno.bone.right_arm] run data modify entity @s {} merge value {transformation:[0.24158736240457188f,-0.16788845611799935f,-0.9557452655539114f,0.13428909553309837f,0.9420492512621149f,0.27682863824145254f,0.1894970006250001f,1.288439977526153f,0.2327633014950818f,-0.9461391923769447f,0.22503749493231584f,0.7050662432710236f,0f,0f,0f,1f],start_interpolation:0}
execute if entity @s[tag=aj.blazing_inferno.bone.head] run data modify entity @s {} merge value {transformation:[-0.7197648359845097f,0.45454974371943657f,-0.5247124082435886f,0.2514222151778989f,0.21801773851395206f,0.8655961972934008f,0.4507898500681507f,1.5278042238412648f,0.659095476068114f,0.21006606988230744f,-0.7221256121415078f,0.35494040090391776f,0f,0f,0f,1f],start_interpolation:0}
execute if entity @s[tag=aj.blazing_inferno.bone.bottom] run data modify entity @s {} merge value {transformation:[-0.8829475928589271f,-0.13479967529827375f,-0.4497027860755438f,0.05031610456403549f,1.3877787807814457e-17f,0.9578914288374851f,-0.28713065067958365f,0.8537899366764029f,0.46947156278589053f,-0.2535213168535558f,-0.8457679313122557f,0.09463082948671496f,0f,0f,0f,1f],start_interpolation:0}