execute if entity @s[tag=aj.blazing_inferno.bone.body] run data modify entity @s {} merge value {transformation:[-0.949736215461484f,0.06391567571653575f,-0.3064570238036584f,0.0024063752134104253f,-0.011190890518364891f,0.9713779940948117f,0.23727527590911296f,0.729570445515022f,0.3128512186492221f,0.2287784495664711f,-0.9218375865648234f,0.012905192257754307f,0f,0f,0f,1f],start_interpolation:0}
execute if entity @s[tag=aj.blazing_inferno.bone.left_hand] run data modify entity @s {} merge value {transformation:[-0.8286303432133137f,0.12324145223026294f,0.5460616254218578f,0.8707691958097188f,-0.5049226779522267f,0.2566482260039522f,-0.8241266755654595f,1.0994762750899052f,-0.2417123157717404f,-0.9586152682600043f,-0.15043910350391726f,0.14824030498810836f,0f,0f,0f,1f],start_interpolation:0}
execute if entity @s[tag=aj.blazing_inferno.bone.left_arm] run data modify entity @s {} merge value {transformation:[-0.8286303432133137f,-0.49767135728677037f,0.25631030888852135f,0.4510130978986258f,-0.5049226779522267f,0.862158729505324f,0.04165830562225689f,1.4628250980235662f,-0.2417123157717404f,-0.09489755146529882f,-0.9656964383957068f,0.052504921564967034f,0f,0f,0f,1f],start_interpolation:0}
execute if entity @s[tag=aj.blazing_inferno.bone.right_hand] run data modify entity @s {} merge value {transformation:[-0.2618988514369103f,-0.06792753887049746f,-0.9627018443313713f,-0.593269939054003f,0.9312144630144981f,0.2442026960783069f,-0.2705636100821872f,1.448058576395939f,0.25347310604607953f,-0.967342179733254f,-0.0007012989875187503f,0.8247379432513189f,0f,0f,0f,1f],start_interpolation:0}
execute if entity @s[tag=aj.blazing_inferno.bone.right_arm] run data modify entity @s {} merge value {transformation:[-0.2618988514369103f,0.36486977978838786f,-0.8934646246008849f,-0.3503268338970013f,0.9312144630144981f,0.3386859662456002f,-0.13465303613696936f,1.4533827841486957f,0.25347310604607953f,-0.8672726561269284f,-0.4284734816133847f,0.31647313730024823f,0f,0f,0f,1f],start_interpolation:0}
execute if entity @s[tag=aj.blazing_inferno.bone.head] run data modify entity @s {} merge value {transformation:[-0.9741885277864909f,0.22212652699216753f,-0.04020594900741914f,0.05833259146537921f,0.19470954628249282f,0.9169724074503869f,0.3482094148082545f,1.5795261903479823f,0.11421429383249318f,0.3313931350843574f,-0.9365541549228779f,0.2130863356284165f,0f,0f,0f,1f],start_interpolation:0}
execute if entity @s[tag=aj.blazing_inferno.bone.bottom] run data modify entity @s {} merge value {transformation:[-0.970031253194544f,-0.09755611784768359f,-0.22253577621656997f,0.010395834677977394f,3.469446951953614e-18f,0.9158597886673998f,-0.401498253423481f,0.8509926947768736f,0.24298017990326376f,-0.3894658539237999f,-0.8884126185515281f,0.04150249845356319f,0f,0f,0f,1f],start_interpolation:0}