execute if entity @s[tag=aj.blazing_inferno.bone.body] run data modify entity @s {} merge value {transformation:[-0.39092181244062596f,0.12670902803341813f,-0.9116605501901256f,-0.0026844508205768475f,-0.13601631659420899f,0.971651780090348f,0.19337109367069782f,0.6889487714982528f,0.9103184597591547f,0.19959368843248615f,-0.36260537966174156f,0.022084516977274385f,0f,0f,0f,1f],start_interpolation:0}
execute if entity @s[tag=aj.blazing_inferno.bone.left_hand] run data modify entity @s {} merge value {transformation:[-0.6318678379025687f,-0.5880508539933539f,0.5049150706227933f,0.7384369933234096f,-0.7712053222274196f,0.41198012609826307f,-0.48529859537006825f,1.3003628363568969f,0.07736527898505183f,-0.6960377639307703f,-0.7138249398765907f,-0.44749745874758784f,0f,0f,0f,1f],start_interpolation:0}
execute if entity @s[tag=aj.blazing_inferno.bone.left_arm] run data modify entity @s {} merge value {transformation:[-0.6318678379025687f,-0.6827187084965688f,-0.3669307843355613f,0.25726745982787586f,-0.7712053222274196f,0.6010496972987108f,0.209717935201618f,1.4750694901291959f,0.07736527898505183f,0.4154929920539035f,-0.906300274280914f,-0.21226081690925436f,0f,0f,0f,1f],start_interpolation:0}
execute if entity @s[tag=aj.blazing_inferno.bone.right_hand] run data modify entity @s {} merge value {transformation:[-0.19169365744923564f,-0.6226536266666554f,-0.7586540732722632f,-0.022162306079052195f,0.7169120492660334f,0.43908442503598966f,-0.5415182188144649f,1.149236395679138f,0.6702914704148571f,-0.647693854293582f,0.3622181881123759f,1.0757158842700751f,0f,0f,0f,1f],start_interpolation:0}
execute if entity @s[tag=aj.blazing_inferno.bone.right_arm] run data modify entity @s {} merge value {transformation:[-0.19169365744923564f,-0.1625469630335658f,-0.967900835056102f,-0.07257281941890234f,0.7169120492660334f,0.6503347511737885f,-0.2512007663859786f,1.360305723002832f,0.6702914704148571f,-0.7420533648089542f,-0.008133170648478294f,0.5558203835125324f,0f,0f,0f,1f],start_interpolation:0}
execute if entity @s[tag=aj.blazing_inferno.bone.head] run data modify entity @s {} merge value {transformation:[-0.7898089641992158f,0.2909837547622332f,-0.5399354170037695f,0.10818594870866402f,0.14035907429673591f,0.9426872681852807f,0.3027210674266593f,1.5391440790773074f,0.5970771560972042f,0.1633069773948596f,-0.7853850653030203f,0.19672899435569977f,0f,0f,0f,1f],start_interpolation:0}
execute if entity @s[tag=aj.blazing_inferno.bone.bottom] run data modify entity @s {} merge value {transformation:[-0.9562455694809017f,0.21223211948746012f,-0.20137511838856f,0.013154177683600419f,-0.00426153961071141f,0.678131238883976f,0.7349284741591049f,0.8104052440095464f,0.2925341862557135f,0.7036302653436279f,-0.647555557125536f,0.047033728031335154f,0f,0f,0f,1f],start_interpolation:0}