execute if entity @s[tag=aj.tultaria.bone.head] run data modify entity @s {} merge value {transformation:[-0.9999249049425708f,0.002128054524857451f,-0.012068796937979263f,0f,0f,0.984807753012208f,0.17364817766693036f,1.0921818211166416f,0.012254977584269335f,0.17363513754705598f,-0.9847337988174388f,0f,0f,0f,0f,1f],start_interpolation:0}
execute if entity @s[tag=aj.tultaria.bone.bust] run data modify entity @s {} merge value {transformation:[-0.9991060695458572f,0f,0.04227365369386629f,0.4784162079259955f,0f,1f,0f,-0.06406817888335836f,-0.04227365369386629f,0f,-0.9991060695458572f,0.5206898616198617f,0f,0f,0f,1f],start_interpolation:0}
execute if entity @s[tag=aj.tultaria.bone.left_wing] run data modify entity @s {} merge value {transformation:[-0.8372382453318664f,-0.13433510066524562f,-0.530081315727008f,0.06772833605834938f,-0.24135633012567548f,0.9606073412039888f,0.13777030860555295f,0.9984318211166416f,0.4906926150472244f,0.24328505246780305f,-0.836679831706164f,-0.12224615533736549f,0f,0f,0f,1f],start_interpolation:0}
execute if entity @s[tag=aj.tultaria.bone.right_wing] run data modify entity @s {} merge value {transformation:[-0.7927961992685145f,0.11330426164014964f,0.5988625307360435f,-0.05715992263488279f,0.24135633012567548f,0.9606073412039888f,0.13777030860555295f,0.9984318211166416f,-0.5596617803045549f,0.25376303970275865f,-0.7889125498730213f,-0.12753036204909873f,0f,0f,0f,1f],start_interpolation:0}
execute if entity @s[tag=aj.tultaria.bone.body] run data modify entity @s {} merge value {transformation:[-0.9991060695458572f,0f,0.04227365369386629f,0.4784162079259955f,0f,1f,0f,-0.06406817888335836f,-0.04227365369386629f,0f,-0.9991060695458572f,0.5206898616198617f,0f,0f,0f,1f],start_interpolation:0}
execute if entity @s[tag=aj.tultaria.bone.left_hand] run data modify entity @s {} merge value {transformation:[-0.19287455884814486f,-0.9706918354920715f,-0.14337630577667787f,0.5390458637683383f,-0.9094695201904766f,0.12200169029992695f,0.397467960228828f,1.0332139866769543f,-0.3683267522100968f,0.2070578375068055f,-0.9063456600731133f,-0.14425711116569598f,0f,0f,0f,1f],start_interpolation:0}
execute if entity @s[tag=aj.tultaria.bone.left_arm] run data modify entity @s {} merge value {transformation:[-0.19287455884814486f,-0.9483868118247977f,-0.2517178176171282f,0.21855445271315627f,-0.9094695201904766f,0.07649098477549743f,0.4086738566296835f,0.9359318211166416f,-0.3683267522100968f,0.3077524726218637f,-0.8772820636497085f,0.009247361745533252f,0f,0f,0f,1f],start_interpolation:0}
execute if entity @s[tag=aj.tultaria.bone.rod] run data modify entity @s {} merge value {transformation:[-0.000001820819395290572f,0.000005928795183786332f,0.00000784436131233421f,-0.9214280316369634f,0.000009825866661367066f,0.0000013973624016629583f,0.0000012246316472531509f,0.8971706084309385f,-3.7008253507685207e-7f,0.00000793074813539875f,-0.000006079989550163748f,-0.11343131771858234f,0f,0f,0f,1f],start_interpolation:0}
execute if entity @s[tag=aj.tultaria.bone.sword] run data modify entity @s {} merge value {transformation:[-0.18208193952905719f,0.12123065868266888f,0.9757813764838429f,-0.9207688275629926f,0.9825866661367065f,0.05978355145067811f,0.1759243317631091f,0.9273039147738232f,-0.037008253507685204f,0.990822413135326f,-0.1300051337486353f,-0.16102729889173098f,0f,0f,0f,1f],start_interpolation:0}
execute if entity @s[tag=aj.tultaria.bone.right_hand] run data modify entity @s {} merge value {transformation:[-0.18208193952905719f,0.9739092356750383f,0.13545097993074656f,-0.5392806957674807f,0.9825866661367065f,0.18540297722193527f,-0.012213908776264326f,0.9651699862921312f,-0.037008253507685204f,0.130868394595889f,-0.9907087626887157f,-0.18819426508121334f,0f,0f,0f,1f],start_interpolation:0}
execute if entity @s[tag=aj.tultaria.bone.right_arm] run data modify entity @s {} merge value {transformation:[-0.18208193952905719f,0.9512524397941577f,0.2489276261948422f,-0.21855445271315627f,0.9825866661367065f,0.18555400021926527f,0.009651763205822034f,0.9359318211166416f,-0.037008253507685204f,0.2463503780965056f,-0.9684739957190487f,-0.009247361745533252f,0f,0f,0f,1f],start_interpolation:0}
execute if entity @s[tag=aj.tultaria.bone.skirt] run data modify entity @s {} merge value {transformation:[-0.9611687671368262f,0.059769657716895776f,-0.26941081844847825f,0.016666914518525647f,0f,0.9762632865352535f,0.21658715419753197f,0.38637522401965857f,0.275961231118927f,0.20817680797771546f,-0.9383537795200357f,0.058050609554073145f,0f,0f,0f,1f],start_interpolation:0}
execute if entity @s[tag=aj.tultaria.bone.left_foot] run data modify entity @s {} merge value {transformation:[-0.9611687671368262f,0.17529253058723165f,-0.21313641125110055f,0.11722439065079407f,0f,0.7723418626120286f,0.6352070900556623f,-0.08144764698897439f,0.275961231118927f,0.610541215625372f,-0.7423508758949635f,-0.04467140876936435f,0f,0f,0f,1f],start_interpolation:0}
execute if entity @s[tag=aj.tultaria.bone.left_leg] run data modify entity @s {} merge value {transformation:[-0.9611687671368262f,0.08038540779210354f,-0.26399391526088445f,0.11939376715222881f,0f,0.9566340684540391f,0.2912923944648625f,0.3734913072677755f,0.275961231118927f,0.27998115166412596f,-0.9194867881770549f,-0.037115503438441104f,0f,0f,0f,1f],start_interpolation:0}
execute if entity @s[tag=aj.tultaria.bone.right_foot] run data modify entity @s {} merge value {transformation:[-0.9611687671368262f,0.15318010693257428f,-0.22954401739274088f,-0.03511256256059353f,0f,0.8317980625829926f,0.5550783576065457f,0.04123227758886133f,0.275961231118927f,0.5335239806450178f,-0.7994983183196956f,0.3306656560511379f,0f,0f,0f,1f],start_interpolation:0}
execute if entity @s[tag=aj.tultaria.bone.right_leg] run data modify entity @s {} merge value {transformation:[-0.9611687671368262f,-0.12592296233616393f,-0.24555652839449993f,-0.12089842463197774f,0f,0.8898225573166691f,-0.4563067131770287f,0.3734913072677755f,0.275961231118927f,-0.4385877609406221f,-0.8552696503866007f,0.03187480434129065f,0f,0f,0f,1f],start_interpolation:0}
execute if entity @s[tag=aj.tultaria.bone.lower] run data modify entity @s {} merge value {transformation:[-0.9611687671368262f,0.012037259837991487f,-0.275698577174904f,0f,0f,0.9990482215818578f,0.04361938736533601f,0.43593182111664164f,0.275961231118927f,0.04192559277720365f,-0.960253947448073f,0f,0f,0f,0f,1f],start_interpolation:0}