execute if entity @s[tag=aj.tultaria.bone.head] run data modify entity @s {} merge value {transformation:[-0.9979739177921514f,0.011048254471047694f,-0.06265776472016285f,0f,0f,0.984807753012208f,0.17364817766693033f,1.1126700876925244f,0.06362436173812912f,0.17329635218373404f,-0.9828124515456786f,0f,0f,0f,0f,1f],start_interpolation:0}
execute if entity @s[tag=aj.tultaria.bone.bust] run data modify entity @s {} merge value {transformation:[-0.9861802751775199f,0f,-0.16567578233040306f,0.5759280287539615f,0f,1f,0f,-0.0435799123074756f,0.16567578233040306f,0f,-0.9861802751775199f,0.41025224642355845f,0f,0f,0f,1f],start_interpolation:0}
execute if entity @s[tag=aj.tultaria.bone.left_wing] run data modify entity @s {} merge value {transformation:[-0.7682527526226071f,-0.06540535216169482f,-0.6367965514953673f,0.04092679440729463f,-0.17043313597988505f,0.9797605201255195f,0.10498509114837955f,1.0189200876925244f,0.6170415336489508f,0.1891863185116097f,-0.7638509557761741f,-0.13362727079284015f,0f,0f,0f,1f],start_interpolation:0}
execute if entity @s[tag=aj.tultaria.bone.right_wing] run data modify entity @s {} merge value {transformation:[-0.9277101640613572f,0.12363566217906985f,0.35223298331472686f,-0.08234573998989536f,0.17043313597988505f,0.9797605201255195f,0.10498509114837955f,1.0189200876925244f,-0.3321240696747404f,0.15742790807513915f,-0.9300054064906149f,-0.11291779800153973f,0f,0f,0f,1f],start_interpolation:0}
execute if entity @s[tag=aj.tultaria.bone.body] run data modify entity @s {} merge value {transformation:[-0.9861802751775199f,0f,-0.16567578233040306f,0.5759280287539615f,0f,1f,0f,-0.0435799123074756f,0.16567578233040306f,0f,-0.9861802751775199f,0.41025224642355845f,0f,0f,0f,1f],start_interpolation:0}
execute if entity @s[tag=aj.tultaria.bone.left_hand] run data modify entity @s {} merge value {transformation:[-0.29757673445226596f,-0.9157558160525885f,-0.2698877034593896f,0.5034809487503425f,-0.9023458808835098f,0.17745916781433665f,0.3927851257509711f,1.0395542248626588f,-0.31180121610617334f,0.36041577258008706f,-0.8791362081669771f,-0.2507841848542863f,0f,0f,0f,1f],start_interpolation:0}
execute if entity @s[tag=aj.tultaria.bone.left_arm] run data modify entity @s {} merge value {transformation:[-0.29757673445226596f,-0.8657125000086349f,-0.4024797565611531f,0.2157269351950825f,-0.9023458808835098f,0.11735716934953411f,0.4147278698795486f,0.9564200876925244f,-0.31180121610617334f,0.48658931567705466f,-0.8160948716317529f,-0.03624157738477567f,0f,0f,0f,1f],start_interpolation:0}
execute if entity @s[tag=aj.tultaria.bone.rod] run data modify entity @s {} merge value {transformation:[-0.0000021838557930997792f,0.00000779927595990834f,0.000005865327644398089f,-0.9160900691973162f,0.00000975542009335005f,0.000001590763476193589f,0.0000015169872659553222f,0.8937368325756412f,2.501053322235364e-7f,0.000006053161658505775f,-0.00000795592114458087f,0.11424630781610662f,0f,0f,0f,1f],start_interpolation:0}
execute if entity @s[tag=aj.tultaria.bone.sword] run data modify entity @s {} merge value {transformation:[-0.2183855793099779f,0.38217072902068405f,0.8979160721522053f,-0.929324812152448f,0.975542009335005f,0.061914794881842886f,0.21091312476316035f,0.9239779844679082f,0.02501053322235364f,0.922015234177038f,-0.38634489924599147f,0.06859389894055634f,0f,0f,0f,1f],start_interpolation:0}
execute if entity @s[tag=aj.tultaria.bone.right_hand] run data modify entity @s {} merge value {transformation:[-0.2183855793099779f,0.9662333870831212f,-0.13675079683615993f,-0.5708463986456657f,0.975542009335005f,0.21975116240110204f,-0.005216765854972286f,0.9754914227441829f,0.02501053322235364f,-0.13454541355707314f,-0.9905917448266414f,-0.060032190371125976f,0f,0f,0f,1f],start_interpolation:0}
execute if entity @s[tag=aj.tultaria.bone.right_arm] run data modify entity @s {} merge value {transformation:[-0.2183855793099779f,0.975825781316491f,0.00847250066422403f,-0.2157269351950825f,0.975542009335005f,0.21808310168745038f,0.027523604070003177f,0.9564200876925244f,0.02501053322235364f,0.01427603854159537f,-0.9995852479661215f,0.03624157738477567f,0f,0f,0f,1f],start_interpolation:0}
execute if entity @s[tag=aj.tultaria.bone.skirt] run data modify entity @s {} merge value {transformation:[-0.9119127732375225f,0.07120136992923029f,-0.4041601896852929f,0.024785497482523636f,0f,0.984833984346621f,0.17349934661536814f,0.40686349059554133f,0.4103840810828936f,0.1582162703269185f,-0.8980826898440859f,0.055075751685393304f,0f,0f,0f,1f],start_interpolation:0}
execute if entity @s[tag=aj.tultaria.bone.left_foot] run data modify entity @s {} merge value {transformation:[-0.9119127732375225f,0.24008435563690184f,-0.3328281781710567f,0.1214734618535874f,0f,0.8110162979343943f,0.5850235589143311f,-0.060544104605196325f,0.4103840810828936f,0.5334904560188528f,-0.7395761213901823f,-0.034667033109062176f,0f,0f,0f,1f],start_interpolation:0}
execute if entity @s[tag=aj.tultaria.bone.left_leg] run data modify entity @s {} merge value {transformation:[-0.9119127732375225f,0.09444119263877479f,-0.3993694469275496f,0.11287030276710767f,0f,0.9731601817344393f,0.23012879152029922f,0.3939795738436583f,0.4103840810828936f,0.2098573844770757f,-0.8874372001297838f,-0.05378407741656453f,0f,0f,0f,1f],start_interpolation:0}
execute if entity @s[tag=aj.tultaria.bone.right_foot] run data modify entity @s {} merge value {transformation:[-0.9119127732375225f,0.21457096048224344f,-0.34982052101610406f,0.008123693383225453f,0f,0.852422248185216f,0.5228540052432058f,0.0521301235998643f,0.4103840810828936f,0.4767972459196779f,-0.7773347363119438f,0.3226443370138504f,0f,0f,0f,1f],start_interpolation:0}
execute if entity @s[tag=aj.tultaria.bone.right_leg] run data modify entity @s {} merge value {transformation:[-0.9119127732375225f,-0.17571077508362426f,-0.37086495861130236f,-0.11510789054227295f,0f,0.9037021066526001f,-0.4281617713337481f,0.3939795738436583f,0.4103840810828936f,-0.3904461882912482f,-0.8240974942581638f,0.048811942854158866f,0f,0f,0f,1f],start_interpolation:0}
execute if entity @s[tag=aj.tultaria.bone.lower] run data modify entity @s {} merge value {transformation:[-0.9119127732375225f,0.01790070220132219f,-0.4099934863713698f,0f,0f,0.9990482215818578f,0.043619387365336f,0.4564200876925244f,0.4103840810828936f,0.0397770764992453f,-0.9110448343407268f,0f,0f,0f,0f,1f],start_interpolation:0}