execute if entity @s[tag=aj.tultaria.bone.left_hand] run data modify entity @s {} merge value {transformation:[-0.9127317676522917f,-0.338472606717917f,-0.22881655276640564f,0.2673117307821308f,-0.24999999999999994f,0.9056628924718345f,-0.34245397530113475f,0.7381777511514147f,0.32314195072494534f,-0.2553644840245575f,-0.9112454444223842f,-0.3692438630528162f,0f,0f,0f,1f],start_interpolation:0}
execute if entity @s[tag=aj.tultaria.bone.rod] run data modify entity @s {} merge value {transformation:[-0.000006029906621995027f,0.0000055785840249820135f,-0.0000057025982153958585f,-0.36356214734341297f,0.000003986199044123867f,0.000008298970002625668f,0.000003903500233911271f,0.4853891168126929f,0.000006910169557300785f,8.060503541872636e-8f,-0.000007227936048251854f,0.39711175038334656f,0f,0f,0f,1f],start_interpolation:0}
execute if entity @s[tag=aj.tultaria.bone.sword] run data modify entity @s {} merge value {transformation:[-0.000006029906621995027f,0.000007682494590478396f,-0.000002149302909617611f,-0.41979779520264326f,0.000003986199044123867f,0.000005235368730563203f,0.000007530015367558493f,0.483276927200775f,0.000006910169557300785f,0.000003683774032471489f,-0.00000621927371700605f,0.3944814101209555f,0f,0f,0f,1f],start_interpolation:0}
execute if entity @s[tag=aj.tultaria.bone.right_hand] run data modify entity @s {} merge value {transformation:[-0.6029906621995027f,-0.008769127500499019f,-0.7977000461972441f,-0.46656307593075563f,0.39861990441238665f,0.8628449451482283f,-0.31080664799584157f,0.7701051402437984f,0.6910169557300784f,-0.505392622655922f,-0.5167918960843946f,0.14299052987682645f,0f,0f,0f,1f],start_interpolation:0}
execute if entity @s[tag=aj.tultaria.bone.right_arm] run data modify entity @s {} merge value {transformation:[-0.6029906621995027f,0.5025819296596369f,-0.6195269689689071f,-0.17918950968821698f,0.39861990441238665f,0.8625146651419608f,0.3117220303753186f,1f,0.6910169557300784f,-0.058990307633094596f,-0.7204274498510503f,0.1254698454517913f,0f,0f,0f,1f],start_interpolation:0}
execute if entity @s[tag=aj.tultaria.bone.skirt] run data modify entity @s {} merge value {transformation:[-0.7961858926236038f,0.035044691770394765f,-0.604036334971559f,0.03654263797443294f,-1.0842021724855044e-19f,0.9983212204640044f,0.057920124061167054f,0.45044340290301693f,0.6050520840284374f,0.04611518567651017f,-0.7948492720402189f,0.04808632777658137f,0f,0f,0f,1f],start_interpolation:0}
execute if entity @s[tag=aj.tultaria.bone.left_foot] run data modify entity @s {} merge value {transformation:[-0.7961858926236038f,0.2669758321293462f,-0.5429658639785733f,0.15634362945700195f,-1.0842021724855044e-19f,0.8973869825610813f,0.4412443807346648f,-0.0070669953195829915f,0.6050520840284374f,0.3513125511403784f,-0.7144868557391969f,-0.00086175692725729f,0f,0f,0f,1f],start_interpolation:0}
execute if entity @s[tag=aj.tultaria.bone.left_leg] run data modify entity @s {} merge value {transformation:[-0.7961858926236038f,0.03886946649507532f,-0.6038022763798955f,0.09787373650111046f,-1.0842021724855044e-19f,0.9979343800615961f,0.06424152155014884f,0.4375594861511339f,0.6050520840284374f,0.05114819317890373f,-0.7945412751691245f,-0.07780208180762747f,0f,0f,0f,1f],start_interpolation:0}
execute if entity @s[tag=aj.tultaria.bone.right_foot] run data modify entity @s {} merge value {transformation:[-0.7961858926236038f,0.26252414130301094f,-0.5451321854562176f,0.06270501756223142f,-1.0842021724855044e-19f,0.9009673709852001f,0.43388684748447603f,0.07194757834331467f,0.6050520840284374f,0.34545458696206893f,-0.7173375104925931f,0.289107095070418f,0f,0f,0f,1f],start_interpolation:0}
execute if entity @s[tag=aj.tultaria.bone.right_leg] run data modify entity @s {} merge value {transformation:[-0.7961858926236038f,-0.2127443882233013f,-0.5664166749546208f,-0.1011727366547905f,-1.0842021724855044e-19f,0.9361453169178726f,-0.3516133467500003f,0.4375594861511339f,0.6050520840284374f,-0.2799495863405217f,-0.7453456947756628f,0.07346093919948186f,0f,0f,0f,1f],start_interpolation:0}
execute if entity @s[tag=aj.tultaria.bone.lower] run data modify entity @s {} merge value {transformation:[-0.7961858926236038f,0.026392001229440236f,-0.6044762085130072f,0f,-1.0842021724855044e-19f,0.9990482215818578f,0.043619387365336f,0.5f,0.6050520840284374f,0.03472914086516479f,-0.7954281000741754f,0f,0f,0f,0f,1f],start_interpolation:0}