execute if entity @s[tag=aj.tultaria.bone.head] run data modify entity @s {} merge value {transformation:[-0.9980374300550443f,-0.010873881897355678f,0.061668848713143376f,0f,-6.938893903907228e-18f,0.984807753012208f,0.17364817766693033f,1.0350000000000001f,-0.06262019010768183f,0.1733073809724449f,-0.9828749989145871f,0f,0f,0f,0f,1f],start_interpolation:0}
execute if entity @s[tag=aj.tultaria.bone.bust] run data modify entity @s {} merge value {transformation:[-0.8785511601256256f,0f,0.47764825870290495f,0.20045145071136033f,0f,1f,0f,-0.12124999999999997f,-0.47764825870290495f,0f,-0.8785511601256256f,0.6780997094142653f,0f,0f,0f,1f],start_interpolation:0}
execute if entity @s[tag=aj.tultaria.bone.left_wing] run data modify entity @s {} merge value {transformation:[-0.8828758972014388f,-0.32327451119211886f,-0.3406225778691879f,0.11461547984571469f,-0.3971312574337452f,0.9010877016016581f,0.1741485526535712f,0.94125f,0.25063302757188016f,0.28902343232986805f,-0.9239310261347518f,-0.07996587884677164f,0f,0f,0f,1f],start_interpolation:0}
execute if entity @s[tag=aj.tultaria.bone.right_wing] run data modify entity @s {} merge value {transformation:[-0.2696729044061681f,-0.06680494383212282f,0.960631887930402f,0.004796584830011497f,0.3971312574337452f,0.9010877016016581f,0.1741485526535712f,0.94125f,-0.8772475642589348f,0.4284600955769722f,-0.21646860626875603f,-0.13967191118463473f,0f,0f,0f,1f],start_interpolation:0}
execute if entity @s[tag=aj.tultaria.bone.body] run data modify entity @s {} merge value {transformation:[-0.8785511601256256f,0f,0.47764825870290495f,0.20045145071136033f,0f,1f,0f,-0.12124999999999997f,-0.47764825870290495f,0f,-0.8785511601256256f,0.6780997094142653f,0f,0f,0f,1f],start_interpolation:0}
execute if entity @s[tag=aj.tultaria.bone.left_hand] run data modify entity @s {} merge value {transformation:[-0.07351910057519997f,-0.9310329854479924f,0.3574528246613983f,0.5536665898699333f,-0.8939898332870276f,0.22038308569993637f,0.3901454517443556f,0.949380600973058f,-0.4420148411875402f,-0.29087604842127046f,-0.8485363896880206f,0.11360519898388288f,0f,0f,0f,1f],start_interpolation:0}
execute if entity @s[tag=aj.tultaria.bone.left_arm] run data modify entity @s {} merge value {transformation:[-0.07351910057519997f,-0.977157638379917f,0.19939381035126777f,0.1921830662774806f,-0.8939898332870276f,0.15318701488558328f,0.42108896500606247f,0.87875f,-0.4420148411875402f,-0.1472979573050075f,-0.8848311657845952f,0.10448555659126046f,0f,0f,0f,1f],start_interpolation:0}
execute if entity @s[tag=aj.tultaria.bone.rod] run data modify entity @s {} merge value {transformation:[-0.0000022388630068843737f,0.000002362595899917443f,0.000009455455200575906f,-0.7842121658315026f,0.000009661880763464577f,0.0000018110953242854902f,0.0000018352094809433534f,0.7893389121998592f,-0.0000012788872307587552f,0.0000095466263329013f,-0.000002688191420073668f,-0.4766115797619698f,0f,0f,0f,1f],start_interpolation:0}
execute if entity @s[tag=aj.tultaria.bone.sword] run data modify entity @s {} merge value {transformation:[-0.22388630068843735f,-0.26816595320824893f,0.936996235800314f,-0.7676988834647459f,0.9661880763464576f,0.06508498190347736f,0.24948856939057426f,0.819612217478008f,-0.1278887230758755f,0.9611716634766835f,0.2445271106431487f,-0.5211611770442323f,0f,0f,0f,1f],start_interpolation:0}
execute if entity @s[tag=aj.tultaria.bone.right_hand] run data modify entity @s {} merge value {transformation:[-0.22388630068843735f,0.8356624073567986f,0.5015408909497671f,-0.40814615170398216f,0.9661880763464576f,0.25783268540504084f,0.0017051283695369776f,0.8862393102729417f,-0.1278887230758755f,0.4849645835186985f,-0.8651322599710156f,-0.4028913934388348f,0f,0f,0f,1f],start_interpolation:0}
execute if entity @s[tag=aj.tultaria.bone.right_arm] run data modify entity @s {} merge value {transformation:[-0.22388630068843735f,0.7401320077653977f,0.6340974179455453f,-0.1921830662774806f,0.9661880763464576f,0.2539244917653377f,0.04475436970449126f,0.87875f,-0.1278887230758755f,0.6226772547338435f,-0.7719569359408243f,-0.10448555659126046f,0f,0f,0f,1f],start_interpolation:0}
execute if entity @s[tag=aj.tultaria.bone.skirt] run data modify entity @s {} merge value {transformation:[-0.9962824002925248f,-0.029212728645835906f,0.08104316968400255f,-0.005202947406269096f,0f,0.940749761267241f,0.3391015875451325f,0.32919340290301696f,-0.08614742519289409f,0.3378409435824703f,-0.9372524302299465f,0.060171327452989476f,0f,0f,0f,1f],start_interpolation:0}
execute if entity @s[tag=aj.tultaria.bone.left_foot] run data modify entity @s {} merge value {transformation:[-0.9962824002925248f,-0.06597679310457966f,0.055393516218062586f,0.13261044815293346f,0f,0.643008378881088f,0.765859141545438f,-0.12950258026858857f,-0.08614742519289409f,0.7630119838248615f,-0.6406179311198555f,-0.08261948135693156f,0f,0f,0f,1f],start_interpolation:0}
execute if entity @s[tag=aj.tultaria.bone.left_leg] run data modify entity @s {} merge value {transformation:[-0.9962824002925248f,-0.03975642785295349f,0.07642516150940197f,0.12477015615594154f,0f,0.8871438854762892f,0.46149293219076787f,0.3163094861511339f,-0.08614742519289409f,0.45977728620105357f,-0.8838458396271541f,0.008052351402635112f,0f,0f,0f,1f],start_interpolation:0}
execute if entity @s[tag=aj.tultaria.bone.right_foot] run data modify entity @s {} merge value {transformation:[-0.9962824002925248f,-0.05547247196499006f,0.06591042194872268f,-0.15357527451726816f,0f,0.7650887046379118f,0.643924897822318f,0.013733973982021419f,-0.08614742519289409f,0.6415310428105376f,-0.7622444110933573f,0.3250746387247487f,0f,0f,0f,1f],start_interpolation:0}
execute if entity @s[tag=aj.tultaria.bone.right_leg] run data modify entity @s {} merge value {transformation:[-0.9962824002925248f,0.046125769539915165f,0.07275845141092481f,-0.12430044391718965f,0f,0.8445806853543243f,-0.5354283013872354f,0.3163094861511339f,-0.08614742519289409f,-0.5334377932906242f,-0.8414408724455118f,-0.01348450489558841f,0f,0f,0f,1f],start_interpolation:0}
execute if entity @s[tag=aj.tultaria.bone.lower] run data modify entity @s {} merge value {transformation:[-0.9962824002925248f,-0.0037576979100151543f,0.0860654319328169f,0f,0f,0.9990482215818578f,0.043619387365336f,0.37875000000000003f,-0.08614742519289409f,0.043457227943626386f,-0.9953341602055514f,0f,0f,0f,0f,1f],start_interpolation:0}