execute if entity @s[tag=aj.tultaria.bone.head] run data modify entity @s {} merge value {transformation:[-0.9904683280739981f,-0.023918415649204043f,0.13564807582539065f,0f,6.938893903907228e-18f,0.984807753012208f,0.17364817766693033f,1.5791550925925926f,-0.137740666044197f,0.17199302020686108f,-0.9754208886003126f,0f,0f,0f,0f,1f],start_interpolation:0}
execute if entity @s[tag=aj.tultaria.bone.bust] run data modify entity @s {} merge value {transformation:[-0.9811480614730455f,0f,-0.19325755216209578f,0.5872028068175706f,0f,1f,0f,0.42290509259259257f,0.19325755216209578f,0f,-0.9811480614730455f,0.3939452546554748f,0f,0f,0f,1f],start_interpolation:0}
execute if entity @s[tag=aj.tultaria.bone.left_wing] run data modify entity @s {} merge value {transformation:[-0.8097465675159605f,-0.024706480217353163f,-0.5862594018277145f,0.037164559821803445f,-0.05954115537433205f,0.9974158619671603f,0.04020508814809713f,1.4854050925925926f,0.5837511003953737f,0.06746249425848519f,-0.8091251229912553f,-0.1347221046942617f,0f,0f,0f,1f],start_interpolation:0}
execute if entity @s[tag=aj.tultaria.bone.right_wing] run data modify entity @s {} merge value {transformation:[-0.9706360388174156f,0.048444684742794536f,0.23562426163068972f,-0.08547894786232735f,0.05954115537433205f,0.9974158619671603f,0.04020508814809713f,1.4854050925925926f,-0.23306765319435924f,0.05305384827208919f,-0.971012233814794f,-0.11056491067399976f,0f,0f,0f,1f],start_interpolation:0}
execute if entity @s[tag=aj.tultaria.bone.body] run data modify entity @s {} merge value {transformation:[-0.9811480614730455f,0f,-0.19325755216209578f,0.5872028068175706f,0f,1f,0f,0.42290509259259257f,0.19325755216209578f,0f,-0.9811480614730455f,0.3939452546554748f,0f,0f,0f,1f],start_interpolation:0}
execute if entity @s[tag=aj.tultaria.bone.left_hand] run data modify entity @s {} merge value {transformation:[-0.8780015591389265f,-0.45552301242489407f,0.14701036460387512f,0.45167254919764227f,-0.46478261999822823f,0.884757575621577f,-0.03436784147734645f,1.2266942562069125f,-0.11441319109786655f,-0.09850288082883346f,-0.988537710040049f,-0.24488924090494735f,0f,0f,0f,1f],start_interpolation:0}
execute if entity @s[tag=aj.tultaria.bone.left_arm] run data modify entity @s {} merge value {transformation:[-0.8780015591389265f,-0.47193567876987474f,-0.07993733329072253f,0.2146261384472287f,-0.46478261999822823f,0.8006588574548847f,0.3780509358890957f,1.4229050925925926f,-0.11441319109786655f,0.36908279434709f,-0.9223272264330848f,-0.04227508953545845f,0f,0f,0f,1f],start_interpolation:0}
execute if entity @s[tag=aj.tultaria.bone.rod] run data modify entity @s {} merge value {transformation:[-0.000007989307585836242f,0.000005989329851652672f,-5.467103684783133e-7f,-0.5885500672317256f,0.000004830412651597358f,0.000006931717676679141f,0.000005349617151357857f,0.9022588983648925f,0.0000035830263624745633f,0.000004009890020800589f,-0.000008431055930718063f,0.1720655615538254f,0f,0f,0f,1f],start_interpolation:0}
execute if entity @s[tag=aj.tultaria.bone.sword] run data modify entity @s {} merge value {transformation:[-0.3994653792918121f,0.2730133493707427f,0.12605999291058825f,-0.6351807707582262f,0.24152063257986786f,0.1664117512093428f,0.4049381595968208f,0.9121099659793837f,0.17915131812372814f,0.3844097294877026f,-0.26482818031645006f,0.14202621934267948f,0f,0f,0f,1f],start_interpolation:0}
execute if entity @s[tag=aj.tultaria.bone.right_hand] run data modify entity @s {} merge value {transformation:[-0.7989307585836242f,0.3848513143970611f,-0.46216783617626345f,-0.5020018038548606f,0.4830412651597357f,0.8684215138927481f,-0.11187140099734799f,1.2139330409500046f,0.3583026362474563f,-0.3126236395653438f,-0.8797077246694162f,-0.05513176886685558f,0f,0f,0f,1f],start_interpolation:0}
execute if entity @s[tag=aj.tultaria.bone.right_arm] run data modify entity @s {} merge value {transformation:[-0.7989307585836242f,0.5547726424692969f,-0.2322433167103603f,-0.2146261384472287f,0.4830412651597357f,0.821955754859085f,0.3017612851359726f,1.4229050925925926f,0.3583026362474563f,0.12890326691618625f,-0.9246638138461231f,0.04227508953545845f,0f,0f,0f,1f],start_interpolation:0}
execute if entity @s[tag=aj.tultaria.bone.skirt] run data modify entity @s {} merge value {transformation:[-0.9220756906877612f,0.04893263709116447f,-0.38390365675517146f,0.0233737749422522f,0f,0.9919745385596304f,0.12643779043232534f,0.8733484954956094f,0.3870095872748996f,0.11658521294192078f,-0.9146756077870443f,0.05568954977476682f,0f,0f,0f,1f],start_interpolation:0}
execute if entity @s[tag=aj.tultaria.bone.left_foot] run data modify entity @s {} merge value {transformation:[-0.9220756906877612f,0.20434295351587006f,-0.32866453716684896f,0.1343664918457531f,0f,0.8492413314127872f,0.5280048873071502f,0.4084500481486402f,0.3870095872748996f,0.4868604711502541f,-0.7830647872230397f,-0.0028524467153616534f,0f,0f,0f,1f],start_interpolation:0}
execute if entity @s[tag=aj.tultaria.bone.left_leg] run data modify entity @s {} merge value {transformation:[-0.9220756906877612f,0.06301379918652428f,-0.38184510178182f,0.11420439126712999f,0f,0.9866554068351513f,0.1628223208376605f,0.8604645787437265f,0.3870095872748996f,0.15013450394577005f,-0.9097709657283362f,-0.05088997195512927f,0f,0f,0f,1f],start_interpolation:0}
execute if entity @s[tag=aj.tultaria.bone.right_foot] run data modify entity @s {} merge value {transformation:[-0.9220756906877612f,0.18850312858981216f,-0.3379985076217658f,-0.004666842679597133f,0f,0.8733595206303757f,0.48707612107788717f,0.5086040607816293f,0.3870095872748996f,0.4491210507604084f,-0.8053035832039857f,0.3118703561396434f,0f,0f,0f,1f],start_interpolation:0}
execute if entity @s[tag=aj.tultaria.bone.right_leg] run data modify entity @s {} merge value {transformation:[-0.9220756906877612f,-0.15371684027375246f,-0.35517256884357185f,-0.11631453140481031f,0f,0.9177358404593906f,-0.3971912979110896f,0.8604645787437265f,0.3870095872748996f,-0.36624044035653625f,-0.8462219089605056f,0.045862424863595624f,0f,0f,0f,1f],start_interpolation:0}
execute if entity @s[tag=aj.tultaria.bone.lower] run data modify entity @s {} merge value {transformation:[-0.9220756906877612f,0.016881121101442652f,-0.3866412399021172f,0f,0f,0.9990482215818578f,0.04361938736533599f,0.9229050925925926f,0.3870095872748996f,0.04022037673226919f,-0.921198078945471f,0f,0f,0f,0f,1f],start_interpolation:0}