execute if entity @s[tag=aj.tultaria.bone.head] run data modify entity @s {} merge value {transformation:[-0.9839427455862313f,-0.03099348708785076f,0.17577279984788424f,0f,1.734723475976807e-18f,0.984807753012208f,0.1736481776669303f,1.557824074074074f,-0.17848437861120828f,0.1708598646996451f,-0.9689944443734392f,0f,0f,0f,0f,1f],start_interpolation:0}
execute if entity @s[tag=aj.tultaria.bone.bust] run data modify entity @s {} merge value {transformation:[-0.9999899826088203f,0f,0.0044760118421933726f,0.4977569853833135f,0f,1f,0f,0.4015740740740741f,-0.0044760118421933726f,0f,-0.9999899826088203f,0.5022329972255068f,0f,0f,0f,1f],start_interpolation:0}
execute if entity @s[tag=aj.tultaria.bone.left_wing] run data modify entity @s {} merge value {transformation:[-0.8762454037237781f,-0.08314206920127248f,-0.4746381661664855f,0.06305887539332544f,-0.14224645041724587f,0.9857371080218299f,0.08993498325153215f,1.464074074074074f,0.4603910726726221f,0.1463207100778635f,-0.8755742744083238f,-0.12471899708596546f,0f,0f,0f,1f],start_interpolation:0}
execute if entity @s[tag=aj.tultaria.bone.right_wing] run data modify entity @s {} merge value {transformation:[-0.8720889026270717f,0.08182888441074745f,0.48245723084103803f,-0.0619398724327771f,0.14224645041724587f,0.9857371080218299f,0.08993498325153215f,1.464074074074074f,-0.46821671612449306f,0.14705912941688418f,-0.8712902611625729f,-0.12527849856623963f,0f,0f,0f,1f],start_interpolation:0}
execute if entity @s[tag=aj.tultaria.bone.body] run data modify entity @s {} merge value {transformation:[-0.9999899826088203f,0f,0.0044760118421933726f,0.4977569853833135f,0f,1f,0f,0.4015740740740741f,-0.0044760118421933726f,0f,-0.9999899826088203f,0.5022329972255068f,0f,0f,0f,1f],start_interpolation:0}
execute if entity @s[tag=aj.tultaria.bone.left_hand] run data modify entity @s {} merge value {transformation:[-0.6211331319582261f,-0.7525289501033651f,0.21884654815667617f,0.5424445784728653f,-0.7164761038876771f,0.6584186292507854f,0.23053611693930204f,1.3211796335333035f,-0.3175777462948242f,-0.013604701828565657f,-0.9481346355589255f,-0.1555434671553016f,0f,0f,0f,1f],start_interpolation:0}
execute if entity @s[tag=aj.tultaria.bone.left_arm] run data modify entity @s {} merge value {transformation:[-0.6211331319582261f,-0.7827595239517419f,-0.03848584215796437f,0.21874780869567945f,-0.7164761038876771f,0.5472653805437365f,0.43262292567113675f,1.401574074074074f,-0.3175777462948242f,0.29629061902321846f,-0.9007531538313582f,0.0009791275904798002f,0f,0f,0f,1f],start_interpolation:0}
execute if entity @s[tag=aj.tultaria.bone.rod] run data modify entity @s {} merge value {transformation:[-0.00000635075575026804f,0.000006458811675727499f,0.000004236939123698096f,-0.7964469784643412f,0.000007653390917801431f,0.0000045187322517243815f,0.000004583302989825184f,1.0428402904982974f,0.0000010457097397232222f,0.000006153438922644156f,-0.000007812917545036295f,0.012603567735426813f,0f,0f,0f,1f],start_interpolation:0}
execute if entity @s[tag=aj.tultaria.bone.sword] run data modify entity @s {} merge value {transformation:[-0.635075575026804f,0.34750254275905057f,0.6898702753274479f,-0.8236576268173924f,0.765339091780143f,0.16216854279807816f,0.622862294829197f,1.0669711608981955f,0.1045709739723222f,0.9235493200163933f,-0.3689465610352505f,-0.030420958234651213f,0f,0f,0f,1f],start_interpolation:0}
execute if entity @s[tag=aj.tultaria.bone.right_hand] run data modify entity @s {} merge value {transformation:[-0.635075575026804f,0.7563037920155274f,-0.15711011484722506f,-0.5324718208144215f,0.765339091780143f,0.6436110841898632f,0.004565840677729749f,1.2847651771542123f,0.1045709739723222f,-0.11734285871275921f,-0.9875705366765443f,-0.154846321366426f,0f,0f,0f,1f],start_interpolation:0}
execute if entity @s[tag=aj.tultaria.bone.right_arm] run data modify entity @s {} merge value {transformation:[-0.635075575026804f,0.7661980852231061f,0.09807909157827847f,-0.21874780869567945f,0.765339091780143f,0.6069476851025464f,0.21417418645066885f,1.401574074074074f,0.1045709739723222f,0.2110805574871976f,-0.9718589967960239f,-0.0009791275904798002f,0f,0f,0f,1f],start_interpolation:0}
execute if entity @s[tag=aj.tultaria.bone.skirt] run data modify entity @s {} merge value {transformation:[-0.9614447065971797f,0.04721914825792352f,-0.2709140605322273f,0.016608758694994907f,0f,0.9851480556586164f,0.1717070424649135f,0.852017476977091f,0.27499832027898474f,0.16508682706334826f,-0.9471653833274805f,0.05806727515372767f,0f,0f,0f,1f],start_interpolation:0}
execute if entity @s[tag=aj.tultaria.bone.left_foot] run data modify entity @s {} merge value {transformation:[-0.9614447065971797f,0.16029462687002155f,-0.22344956646380776f,0.12552387298584766f,0f,0.8125488411606261f,0.5828931126102999f,0.38466646412434f,0.27499832027898474f,0.5604194976311265f,-0.7812207821855564f,-0.015693684098876497f,0f,0f,0f,1f],start_interpolation:0}
execute if entity @s[tag=aj.tultaria.bone.left_leg] run data modify entity @s {} merge value {transformation:[-0.9614447065971797f,0.06258247788188546f,-0.2677825790047336f,0.11943088468358086f,0f,0.9737607805497474f,0.22757403688282818f,0.839133560225208f,0.27499832027898474f,0.21879985311994646f,-0.9362171479514925f,-0.03699589185283648f,0f,0f,0f,1f],start_interpolation:0}
execute if entity @s[tag=aj.tultaria.bone.right_foot] run data modify entity @s {} merge value {transformation:[-0.9614447065971797f,0.14341233367994738f,-0.23464223555177466f,-0.038475077569159605f,0f,0.8532497046299448f,0.5215025805774236f,0.4968941129794073f,0.27499832027898474f,0.5013958955729331f,-0.8203524119220674f,0.320032283273336f,0f,0f,0f,1f],start_interpolation:0}
execute if entity @s[tag=aj.tultaria.bone.right_leg] run data modify entity @s {} merge value {transformation:[-0.9614447065971797f,-0.11742066551676211f,-0.24866938586376838f,-0.12093029196571407f,0f,0.904257835507847f,-0.42698684631105854f,0.839133560225208f,0.27499832027898474f,-0.4105242431723907f,-0.8693939093480427f,0.03175368821690971f,0f,0f,0f,1f],start_interpolation:0}
execute if entity @s[tag=aj.tultaria.bone.lower] run data modify entity @s {} merge value {transformation:[-0.9614447065971797f,0.011995258257065768f,-0.27473658281271784f,0f,0f,0.9990482215818578f,0.043619387365336f,0.9015740740740741f,0.27499832027898474f,0.041937629087414205f,-0.9605296242752034f,0f,0f,0f,0f,1f],start_interpolation:0}