execute if entity @s[tag=aj.tultaria.bone.head] run data modify entity @s {} merge value {transformation:[-0.9826236160607736f,-0.03223072461465037f,0.18278952254017167f,0f,1.0842021724855044e-19f,0.984807753012208f,0.1736481776669303f,1.533125f,-0.18560934556117953f,0.17063080026144276f,-0.9676953553895412f,0f,0f,0f,0f,1f],start_interpolation:0}
execute if entity @s[tag=aj.tultaria.bone.bust] run data modify entity @s {} merge value {transformation:[-0.9810796860485952f,0f,0.1936043636460448f,0.3937376612012752f,0f,1f,0f,0.37687500000000007f,-0.1936043636460448f,0f,-0.9810796860485952f,0.58734202484732f,0f,0f,0f,1f],start_interpolation:0}
execute if entity @s[tag=aj.tultaria.bone.left_wing] run data modify entity @s {} merge value {transformation:[-0.9084797082466767f,-0.16360546794693825f,-0.38457492190975795f,0.08551802583379275f,-0.2299292526822856f,0.9640729365498286f,0.1330259815718564f,1.439375f,0.34899449632479695f,0.20927642932268695f,-0.9134583831050803f,-0.11053468802819666f,0f,0f,0f,1f],start_interpolation:0}
execute if entity @s[tag=aj.tultaria.bone.right_wing] run data modify entity @s {} merge value {transformation:[-0.7077983126141218f,0.0718402575188108f,0.7027521085420042f,-0.03711693492228163f,0.2299292526822856f,0.9640729365498286f,0.1330259815718564f,1.439375f,-0.667947668175859f,0.2557388324283607f,-0.698887374450713f,-0.13473523348395222f,0f,0f,0f,1f],start_interpolation:0}
execute if entity @s[tag=aj.tultaria.bone.body] run data modify entity @s {} merge value {transformation:[-0.9810796860485952f,0f,0.1936043636460448f,0.3937376612012752f,0f,1f,0f,0.37687500000000007f,-0.1936043636460448f,0f,-0.9810796860485952f,0.58734202484732f,0f,0f,0f,1f],start_interpolation:0}
execute if entity @s[tag=aj.tultaria.bone.left_hand] run data modify entity @s {} merge value {transformation:[-0.292906123036341f,-0.9380575321258624f,0.18507854956681602f,0.5689985716204266f,-0.8645048759718621f,0.3425162924925476f,0.3678503891503101f,1.4101765860049564f,-0.4084572468554021f,-0.05225567719488583f,-0.9112804297757136f,-0.052742522977577797f,0f,0f,0f,1f],start_interpolation:0}
execute if entity @s[tag=aj.tultaria.bone.left_arm] run data modify entity @s {} merge value {transformation:[-0.292906123036341f,-0.9559716926218783f,-0.018003499478733864f,0.2146111813231302f,-0.8645048759718621f,0.2567433565682661f,0.4321043488313155f,1.376875f,-0.4084572468554021f,0.1421301226472456f,-0.9016438907504359f,0.0423509545475723f,0f,0f,0f,1f],start_interpolation:0}
execute if entity @s[tag=aj.tultaria.bone.rod] run data modify entity @s {} merge value {transformation:[-0.0000035565402060207584f,0.000005409128888289767f,0.000007621833534841007f,-0.8785364727810591f,0.00000933593816186497f,0.0000024377198865687935f,0.0000026263625782554113f,1.2174681577184185f,-4.3735614868343033e-7f,0.000008049773066645802f,-0.000005916914159822893f,-0.18968037805928517f,0f,0f,0f,1f],start_interpolation:0}
execute if entity @s[tag=aj.tultaria.bone.sword] run data modify entity @s {} merge value {transformation:[-0.3556540206020758f,0.08735262621827136f,0.9305265908733341f,-0.8823165118920331f,0.9335938161864968f,0.07979460599513898f,0.3493356655602378f,1.2472682325672757f,-0.04373561486834303f,0.9929765050326476f,-0.10993114410955829f,-0.2373405812514876f,0f,0f,0f,1f],start_interpolation:0}
execute if entity @s[tag=aj.tultaria.bone.right_hand] run data modify entity @s {} merge value {transformation:[-0.3556540206020758f,0.9214281894782854f,0.1564618460339364f,-0.51344317097246f,0.9335938161864968f,0.3580847051365081f,0.01333905265128904f,1.3534173037260202f,-0.04373561486834303f,0.1508158996328605f,-0.9875939248547547f,-0.2565736563038069f,0f,0f,0f,1f],start_interpolation:0}
execute if entity @s[tag=aj.tultaria.bone.right_arm] run data modify entity @s {} merge value {transformation:[-0.3556540206020758f,0.8673113739435575f,0.34825450213560327f,-0.2146111813231302f,0.9335938161864968f,0.3471167938655272f,0.08895233439798479f,1.376875f,-0.04373561486834303f,0.35676450502349f,-0.9331700187786962f,-0.0423509545475723f,0f,0f,0f,1f],start_interpolation:0}
execute if entity @s[tag=aj.tultaria.bone.skirt] run data modify entity @s {} merge value {transformation:[-0.9873690188977492f,0.0345969078336455f,-0.1546139530871862f,0.009568964306322791f,0f,0.975867565488017f,0.2183632172058539f,0.827318402903017f,0.1584374340896001f,0.21560507553590003f,-0.9635414007100384f,0.0596329961621216f,0f,0f,0f,1f],start_interpolation:0}
execute if entity @s[tag=aj.tultaria.bone.left_foot] run data modify entity @s {} merge value {transformation:[-0.9873690188977492f,0.10096137717232696f,-0.12210332034946267f,0.12155452989193521f,0f,0.7706721650163205f,0.6372318369863963f,0.3595177294314918f,0.1584374340896001f,0.6291829736956687f,-0.7609378194639688f,-0.03143716071042929f,0f,0f,0f,1f],start_interpolation:0}
execute if entity @s[tag=aj.tultaria.bone.left_leg] run data modify entity @s {} merge value {transformation:[-0.9873690188977492f,0.04654923220915865f,-0.15144500487514997f,0.12298919337404839f,0f,0.955866306125005f,0.29380198231962f,0.814434486151134f,0.1584374340896001f,0.2900909750331371f,-0.9437927768760619f,-0.022496456242939555f,0f,0f,0f,1f],start_interpolation:0}
execute if entity @s[tag=aj.tultaria.bone.right_foot] run data modify entity @s {} merge value {transformation:[-0.9873690188977492f,0.0881539145475673f,-0.13164842525012058f,-0.07453250383365537f,0f,0.8309174281102678f,0.5563957473441168f,0.4825797719443299f,0.1584374340896001f,0.5493679231740405f,-0.8204221257782761f,0.32447454800800446f,0f,0f,0f,1f],start_interpolation:0}
execute if entity @s[tag=aj.tultaria.bone.right_leg] run data modify entity @s {} merge value {transformation:[-0.9873690188977492f,-0.07247924039191171f,-0.1408871187621773f,-0.12385306135038891f,0f,0.8892287329173882f,-0.4574628515564257f,0.814434486151134f,0.1584374340896001f,-0.4516846469234347f,-0.8779969015963303f,0.017112902279460468f,0f,0f,0f,1f],start_interpolation:0}
execute if entity @s[tag=aj.tultaria.bone.lower] run data modify entity @s {} merge value {transformation:[-0.9873690188977492f,0.006910943810724159f,-0.1582866367592078f,0f,0f,0.9990482215818578f,0.043619387365336f,0.8768750000000001f,0.1584374340896001f,0.04306843170783268f,-0.9864292623748201f,0f,0f,0f,0f,1f],start_interpolation:0}