execute if entity @s[tag=aj.tultaria.bone.head] run data modify entity @s {} merge value {transformation:[-0.9830816480029168f,-0.03180676908871691f,0.18038515127361873f,0f,0f,0.984807753012208f,0.17364817766693036f,1.5268186668113426f,-0.18316788299226824f,0.17071033667350918f,-0.9681464287972908f,0f,0f,0f,0f,1f],start_interpolation:0}
execute if entity @s[tag=aj.tultaria.bone.bust] run data modify entity @s {} merge value {transformation:[-0.9716344790309919f,0f,0.2364877146030487f,0.36757338221397157f,0f,1f,0f,0.3705686668113426f,-0.2364877146030487f,0f,-0.9716344790309919f,0.6040610968170202f,0f,0f,0f,1f],start_interpolation:0}
execute if entity @s[tag=aj.tultaria.bone.left_wing] run data modify entity @s {} merge value {transformation:[-0.9117530311230986f,-0.18446118491364966f,-0.36698839422806606f,0.09028811926481806f,-0.2506984636910774f,0.9576707785711591f,0.14148130680002752f,1.4330686668113426f,0.32535625173150695f,0.22099943694761381f,-0.9194033708487598f,-0.1066738277161835f,0f,0f,0f,1f],start_interpolation:0}
execute if entity @s[tag=aj.tultaria.bone.right_wing] run data modify entity @s {} merge value {transformation:[-0.660250360211101f,0.06226633831933902f,0.748459995559825f,-0.031166190614055955f,0.2506984636910774f,0.9576707785711591f,0.14148130680002752f,1.4330686668113426f,-0.7079687437620712f,0.2810508547989342f,-0.6479125518715804f,-0.13623479204156452f,0f,0f,0f,1f],start_interpolation:0}
execute if entity @s[tag=aj.tultaria.bone.body] run data modify entity @s {} merge value {transformation:[-0.9716344790309919f,0f,0.2364877146030487f,0.36757338221397157f,0f,1f,0f,0.3705686668113426f,-0.2364877146030487f,0f,-0.9716344790309919f,0.6040610968170202f,0f,0f,0f,1f],start_interpolation:0}
execute if entity @s[tag=aj.tultaria.bone.left_hand] run data modify entity @s {} merge value {transformation:[-0.22476051918995546f,-0.957667898707153f,0.17987469193660333f,0.5679837438605976f,-0.8820238443020805f,0.2784109399781972f,0.38015955411252794f,1.4242187532099309f,-0.41414568342075125f,-0.07320890851722157f,-0.9072617090000414f,-0.029059309168034585f,0f,0f,0f,1f],start_interpolation:0}
execute if entity @s[tag=aj.tultaria.bone.left_arm] run data modify entity @s {} merge value {transformation:[-0.22476051918995546f,-0.9743943491832803f,-0.006193649421256553f,0.21254504228802948f,-0.8820238443020805f,0.20074393356324138f,0.426304833681412f,1.3705686668113426f,-0.41414568342075125f,0.10127944222421781f,-0.9045583604647686f,0.05173168756941691f,0f,0f,0f,1f],start_interpolation:0}
execute if entity @s[tag=aj.tultaria.bone.rod] run data modify entity @s {} merge value {transformation:[-0.0000029611628977982863f,0.000005012980711391025f,0.000008130285276663078f,-0.8785986323498108f,0.000009532348222092562f,0.0000020900361359100427f,0.000002183136808209469f,1.2502874959896306f,-6.04856731360138e-7f,0.000008396533411939224f,-0.000005397441523232703f,-0.2365173073738404f,0f,0f,0f,1f],start_interpolation:0}
execute if entity @s[tag=aj.tultaria.bone.sword] run data modify entity @s {} merge value {transformation:[-0.2961162897798286f,0.02762260064144767f,0.954752394530033f,-0.8775197639188945f,0.9532348222092561f,0.07184559844208284f,0.29356700038012973f,1.280384672230776f,-0.060485673136013794f,0.9970332000080547f,-0.0476054768590885f,-0.2841284841101721f,0f,0f,0f,1f],start_interpolation:0}
execute if entity @s[tag=aj.tultaria.bone.right_hand] run data modify entity @s {} merge value {transformation:[-0.2961162897798286f,0.9293692507091564f,0.220426719712765f,-0.5025318233697815f,0.9532348222092561f,0.30215895659697906f,0.006583211671595049f,1.3644200061724472f,-0.060485673136013794f,0.2120678211905951f,-0.9753813216177336f,-0.27891453962958396f,0f,0f,0f,1f],start_interpolation:0}
execute if entity @s[tag=aj.tultaria.bone.right_arm] run data modify entity @s {} merge value {transformation:[-0.2961162897798286f,0.870221834455238f,0.3937373512436799f,-0.21254504228802948f,0.9532348222092561f,0.29534921113336265f,0.06412657179819045f,1.3705686668113426f,-0.060485673136013794f,0.3943130765270926f,-0.9169834682397618f,-0.05173168756941691f,0f,0f,0f,1f],start_interpolation:0}
execute if entity @s[tag=aj.tultaria.bone.skirt] run data modify entity @s {} merge value {transformation:[-0.9914879112351994f,0.029922033466239246f,-0.12671382634782427f,0.00786346654483845f,0f,0.9732336047133792f,0.22981808165721457f,0.8210120697143595f,0.13019877831401233f,0.22786184974639212f,-0.964949353881172f,0.05988176018676718f,0f,0f,0f,1f],start_interpolation:0}
execute if entity @s[tag=aj.tultaria.bone.left_foot] run data modify entity @s {} merge value {transformation:[-0.9914879112351994f,0.08465582000331211f,-0.09891973521005873f,0.12139821120215141f,0f,0.7597593194882749f,0.6502044112821086f,0.3534302609583596f,0.13019877831401233f,0.6446698136180102f,-0.7532921807209062f,-0.03560049646787246f,0f,0f,0f,1f],start_interpolation:0}
execute if entity @s[tag=aj.tultaria.bone.left_leg] run data modify entity @s {} merge value {transformation:[-0.9914879112351994f,0.04035683561018854f,-0.12378629849055803f,0.12358103947028914f,0f,0.9507485407582806f,0.3099632433789531f,0.8081281529624765f,0.13019877831401233f,0.3073248087374859f,-0.9426556847863414f,-0.018977853243515044f,0f,0f,0f,1f],start_interpolation:0}
execute if entity @s[tag=aj.tultaria.bone.right_foot] run data modify entity @s {} merge value {transformation:[-0.9914879112351994f,0.07354560097516236f,-0.10743726751767058f,-0.0833995759824179f,0f,0.8251787682565985f,0.5648716672116977f,0.47889860483068125f,0.13019877831401233f,0.5600634294396708f,-0.8181547733343696f,0.3249671706538406f,0f,0f,0f,1f],start_interpolation:0}
execute if entity @s[tag=aj.tultaria.bone.right_leg] run data modify entity @s {} merge value {transformation:[-0.9914879112351994f,-0.060531008781700105f,-0.11527236811279214f,-0.12429093833851071f,0f,0.8853567568412912f,-0.46491226389015694f,0.8081281529624765f,0.13019877831401233f,-0.4609548894320795f,-0.8778205215385422f,0.013571841334988038f,0f,0f,0f,1f],start_interpolation:0}
execute if entity @s[tag=aj.tultaria.bone.lower] run data modify entity @s {} merge value {transformation:[-0.9914879112351994f,0.005679190945772409f,-0.1300748579267445f,0f,0f,0.9990482215818578f,0.04361938736533599f,0.8705686668113426f,0.13019877831401233f,0.04324809526821603f,-0.9905442344394368f,0f,0f,0f,0f,1f],start_interpolation:0}