execute if entity @s[tag=aj.tultaria.bone.head] run data modify entity @s {} merge value {transformation:[-0.984807753012208f,0.030153689607045765f,-0.17101007166283427f,0f,0f,0.984807753012208f,0.17364817766693036f,1.15625f,0.1736481776669302f,0.17101007166283436f,-0.9698463103929542f,0f,0f,0f,0f,1f],start_interpolation:0}
execute if entity @s[tag=aj.tultaria.bone.bust] run data modify entity @s {} merge value {transformation:[-0.8191520442889919f,0f,-0.5735764363510459f,0.696364240320019f,0f,1f,0f,0f,0.5735764363510459f,0f,-0.8191520442889919f,0.12278780396897299f,0f,0f,0f,1f],start_interpolation:0}
execute if entity @s[tag=aj.tultaria.bone.left_wing] run data modify entity @s {} merge value {transformation:[-0.537299608346824f,0f,-0.8433914458128856f,-0.020500051775818706f,0f,1f,0f,1.0625f,0.8433914458128856f,0f,-0.537299608346824f,-0.13824253280806437f,0f,0f,0f,1f],start_interpolation:0}
execute if entity @s[tag=aj.tultaria.bone.right_wing] run data modify entity @s {} merge value {transformation:[-0.9762960071199334f,0f,-0.21643961393810274f,-0.1228940573119427f,0f,1f,0f,1.0625f,0.21643961393810274f,0f,-0.9762960071199334f,-0.06654547826418361f,0f,0f,0f,1f],start_interpolation:0}
execute if entity @s[tag=aj.tultaria.bone.body] run data modify entity @s {} merge value {transformation:[-0.8191520442889919f,0f,-0.5735764363510459f,0.696364240320019f,0f,1f,0f,0f,0.5735764363510459f,0f,-0.8191520442889919f,0.12278780396897299f,0f,0f,0f,1f],start_interpolation:0}
execute if entity @s[tag=aj.tultaria.bone.left_hand] run data modify entity @s {} merge value {transformation:[-0.9127317676522917f,-0.3229573703636564f,-0.250238400822326f,0.2673117307821308f,-0.24999999999999994f,0.9259239211007674f,-0.28313405364487654f,0.7381777511514147f,0.32314195072494534f,-0.1958658450602655f,-0.9258595198087587f,-0.3692438630528162f,0f,0f,0f,1f],start_interpolation:0}
execute if entity @s[tag=aj.tultaria.bone.left_arm] run data modify entity @s {} merge value {transformation:[-0.9127317676522917f,-0.11439693945865015f,-0.3922168539989287f,0.17918950968821698f,-0.24999999999999994f,0.9156751133619656f,0.31470476127563013f,1f,0.32314195072494534f,0.3852952465474305f,-0.864364999678742f,-0.1254698454517913f,0f,0f,0f,1f],start_interpolation:0}
execute if entity @s[tag=aj.tultaria.bone.rod] run data modify entity @s {} merge value {transformation:[-0.000005819519071743089f,0.0000065342932543824715f,-0.0000048410958923936035f,-0.4282512391309043f,0.000004976973031950843f,0.000007569677001205756f,0.000004234351135256817f,0.5113768900865628f,0.0000064314024297078885f,5.47883486553087e-8f,-0.000007657288098537177f,0.42399642301837287f,0f,0f,0f,1f],start_interpolation:0}
execute if entity @s[tag=aj.tultaria.bone.sword] run data modify entity @s {} merge value {transformation:[-0.000005819519071743089f,0.000008079411900269316f,-9.25365397778122e-7f,-0.4841416806253571f,0.000004976973031950843f,0.000004438357013858585f,0.000007451894152278759f,0.515874782980412f,0.0000064314024297078885f,0.000003876092151035485f,-0.000006604011843101781f,0.4185323920822779f,0f,0f,0f,1f],start_interpolation:0}
execute if entity @s[tag=aj.tultaria.bone.right_hand] run data modify entity @s {} merge value {transformation:[-0.5819519071743088f,0.11972713365495019f,-0.8043614804321217f,-0.4838987490643132f,0.4976973031950842f,0.834670834060949f,-0.23584315372793888f,0.7948980586434263f,0.6431402429707888f,-0.53757791271105f,-0.5453261552838863f,0.15423893634124333f,0f,0f,0f,1f],start_interpolation:0}
execute if entity @s[tag=aj.tultaria.bone.right_arm] run data modify entity @s {} merge value {transformation:[-0.5819519071743088f,0.5693491433395315f,-0.5806664539257684f,-0.17918950968821698f,0.4976973031950842f,0.8140448836069509f,0.29937989556028344f,1f,0.6431402429707888f,-0.1147714269837552f,-0.7570985057570694f,0.1254698454517913f,0f,0f,0f,1f],start_interpolation:0}
execute if entity @s[tag=aj.tultaria.bone.skirt] run data modify entity @s {} merge value {transformation:[-0.7805320346736109f,0.04177955140194965f,-0.6237180548396246f,0.037754402263066096f,2.168404344971009e-19f,0.9977640482753733f,0.06683490083136524f,0.45044340290301693f,0.6251157835539534f,0.052166781133114515f,-0.778786802724556f,0.04714089964060802f,0f,0f,0f,1f],start_interpolation:0}
execute if entity @s[tag=aj.tultaria.bone.left_foot] run data modify entity @s {} merge value {transformation:[-0.7805320346736109f,0.28303260443991274f,-0.5573708708501306f,0.15268548324241155f,2.168404344971009e-19f,0.8916282159463732f,0.45276829010906644f,-0.008275007523359024f,0.6251157835539534f,0.35340015471452135f,-0.6959443855650244f,-0.009316816584866036f,0f,0f,0f,1f],start_interpolation:0}
execute if entity @s[tag=aj.tultaria.bone.left_leg] run data modify entity @s {} merge value {transformation:[-0.7805320346736109f,0.04819143231815139f,-0.623255428134724f,0.09586230636476227f,2.168404344971009e-19f,0.9970239826474182f,0.07709201012997943f,0.4375594861511339f,0.6251157835539534f,0.060172783523831444f,-0.7782091577941762f,-0.0802673685174618f,0f,0f,0f,1f],start_interpolation:0}
execute if entity @s[tag=aj.tultaria.bone.right_foot] run data modify entity @s {} merge value {transformation:[-0.7805320346736109f,0.2756022837478501f,-0.5610821009809908f,0.07149600942122285f,2.168404344971009e-19f,0.8975650843289962f,0.44088197898471887f,0.07368306348242659f,0.6251157835539534f,0.3441225081078709f,-0.7005783015233026f,0.28923429940716827f,0f,0f,0f,1f],start_interpolation:0}
execute if entity @s[tag=aj.tultaria.bone.right_leg] run data modify entity @s {} merge value {transformation:[-0.7805320346736109f,-0.22352820888372113f,-0.5837849627058825f,-0.09927070230364045f,2.168404344971009e-19f,0.9338829350730934f,-0.35757889140616866f,0.4375594861511339f,0.6251157835539534f,-0.27910177966559097f,-0.7289255474595653f,0.07601157737102654f,0f,0f,0f,1f],start_interpolation:0}
execute if entity @s[tag=aj.tultaria.bone.lower] run data modify entity @s {} merge value {transformation:[-0.7805320346736109f,0.02726716751102543f,-0.6245208118423267f,0f,2.168404344971009e-19f,0.9990482215818578f,0.04361938736533601f,0.5f,0.6251157835539534f,0.0340463291714821f,-0.7797891411283399f,0f,0f,0f,0f,1f],start_interpolation:0}