execute if entity @s[tag=aj.tultaria.bone.head] run data modify entity @s {} merge value {transformation:[-0.9831001691066198f,-0.03178950278636243f,0.1802872292069838f,0f,0f,0.984807753012208f,0.17364817766693033f,1.5518334960937499f,-0.18306845031991634f,0.17071355282941555f,-0.9681646685238119f,0f,0f,0f,0f,1f],start_interpolation:0}
execute if entity @s[tag=aj.tultaria.bone.bust] run data modify entity @s {} merge value {transformation:[-0.9985612403723596f,0f,0.0536232153643799f,0.47246901250398987f,0f,1f,0f,0.39558349609375f,-0.0536232153643799f,0f,-0.9985612403723596f,0.5260922278683697f,0f,0f,0f,1f],start_interpolation:0}
execute if entity @s[tag=aj.tultaria.bone.left_wing] run data modify entity @s {} merge value {transformation:[-0.8874463534874808f,-0.10202885052993307f,-0.44947645471294034f,0.06911297944382f,-0.16438079655165155f,0.981125348597786f,0.10184303640366141f,1.4580834960937499f,0.43060181537798686f,0.16426552894144753f,-0.8874676966485984f,-0.1214687040862713f,0f,0f,0f,1f],start_interpolation:0}
execute if entity @s[tag=aj.tultaria.bone.right_wing] run data modify entity @s {} merge value {transformation:[-0.8362286745124927f,0.08385054777311648f,0.5419323662240777f,-0.05570717560272498f,0.16438079655165155f,0.981125348597786f,0.10184303640366141f,1.4580834960937499f,-0.5231639873386967f,0.17424734137719655f,-0.8342285696227711f,-0.12817160600681876f,0f,0f,0f,1f],start_interpolation:0}
execute if entity @s[tag=aj.tultaria.bone.body] run data modify entity @s {} merge value {transformation:[-0.9985612403723596f,0f,0.0536232153643799f,0.47246901250398987f,0f,1f,0f,0.39558349609375f,-0.0536232153643799f,0f,-0.9985612403723596f,0.5260922278683697f,0f,0f,0f,1f],start_interpolation:0}
execute if entity @s[tag=aj.tultaria.bone.left_hand] run data modify entity @s {} merge value {transformation:[-0.537880109913334f,-0.8152419860773981f,0.2146287294287497f,0.5551501914300878f,-0.7658775847167769f,0.5789530913135321f,0.2797227972241467f,1.346496768062225f,-0.35230173514760893f,-0.013922003989532084f,-0.935782915647053f,-0.12953471985193546f,0f,0f,0f,1f],start_interpolation:0}
execute if entity @s[tag=aj.tultaria.bone.left_arm] run data modify entity @s {} merge value {transformation:[-0.537880109913334f,-0.8423064287371217f,-0.034711200897348735f,0.21843527133145366f,-0.7658775847167769f,0.47103793106642955f,0.43766973019053285f,1.3955834960937499f,-0.35230173514760893f,0.2619983732865033f,-0.8984655473679611f,0.011730078360958103f,0f,0f,0f,1f],start_interpolation:0}
execute if entity @s[tag=aj.tultaria.bone.rod] run data modify entity @s {} merge value {transformation:[-0.000005675379552937202f,0.000006316824571769868f,0.000005280889532984643f,-0.8307966767200041f,0.000008215443940009213f,0.000003920471769152093f,0.000004139611331495674f,1.0883713463469349f,5.445620246291781e-7f,0.000006687871741949446f,-0.000007414568346476138f,-0.03743735243121482f,0f,0f,0f,1f],start_interpolation:0}
execute if entity @s[tag=aj.tultaria.bone.sword] run data modify entity @s {} merge value {transformation:[-0.5675379552937202f,0.2830085783910143f,0.7731796776028974f,-0.8519659098110288f,0.8215443940009213f,0.1325422481157597f,0.5545244459445224f,1.114770960552711f,0.054456202462917803f,0.9499150999018374f,-0.30772686751695927f,-0.08247902275019903f,0f,0f,0f,1f],start_interpolation:0}
execute if entity @s[tag=aj.tultaria.bone.right_hand] run data modify entity @s {} merge value {transformation:[-0.5675379552937202f,0.8200822289734783f,-0.07325166907937827f,-0.5324222994898721f,0.8215443940009213f,0.569933941739513f,0.015495507055939772f,1.3040335128812448f,0.054456202462917803f,-0.05138520969260635f,-0.9971931017802744f,-0.18135594378847653f,0f,0f,0f,1f],start_interpolation:0}
execute if entity @s[tag=aj.tultaria.bone.right_arm] run data modify entity @s {} merge value {transformation:[-0.5675379552937202f,0.8053397997638548f,0.17125558740472477f,-0.21843527133145366f,0.8215443940009213f,0.5401527250875975f,0.18248244372021533f,1.3955834960937499f,0.054456202462917803f,0.2442597807596588f,-0.9681795709043655f,-0.011730078360958103f,0f,0f,0f,1f],start_interpolation:0}
execute if entity @s[tag=aj.tultaria.bone.skirt] run data modify entity @s {} merge value {transformation:[-0.9693309968644068f,0.045068284008156f,-0.24159111799570615f,0.014842816643290001f,1.734723475976807e-18f,0.9830413255374816f,0.18338416585275613f,0.8460268989967669f,0.24575886254183182f,0.17775995629519983f,-0.9528924280421548f,0.058543574397716444f,0f,0f,0f,1f],start_interpolation:0}
execute if entity @s[tag=aj.tultaria.bone.left_foot] run data modify entity @s {} merge value {transformation:[-0.9693309968644068f,0.14664746753433525f,-0.1972103921795733f,0.12402940232583046f,1.734723475976807e-18f,0.8024548540787827f,0.596712834758395f,0.3783632752316404f,0.24575886254183182f,0.5784122469581411f,-0.7778443636428685f,-0.019427400312749518f,0f,0f,0f,1f],start_interpolation:0}
execute if entity @s[tag=aj.tultaria.bone.left_leg] run data modify entity @s {} merge value {transformation:[-0.9693309968644068f,0.060015443972241185f,-0.2383182011569192f,0.12049638391907107f,1.734723475976807e-18f,0.9697237311893638f,0.24420459694317492f,0.8331429822448839f,0.24575886254183182f,0.23671508539379843f,-0.9399832710368581f,-0.03336245933256997f,0f,0f,0f,1f],start_interpolation:0}
execute if entity @s[tag=aj.tultaria.bone.right_foot] run data modify entity @s {} merge value {transformation:[-0.9693309968644068f,0.130323836454034f,-0.2083581439967184f,-0.04743807370605259f,1.734723475976807e-18f,0.847815382288615f,0.5302915024350378f,0.4934570850404036f,0.24575886254183182f,0.5140279906840792f,-0.8218137296708012f,0.3215216896266963f,0f,0f,0f,1f],start_interpolation:0}
execute if entity @s[tag=aj.tultaria.bone.right_leg] run data modify entity @s {} merge value {transformation:[-0.9693309968644068f,-0.10681551749430851f,-0.22133202149774467f,-0.12183636529703064f,1.734723475976807e-18f,0.9006064693193743f,-0.4346354649819673f,0.8331429822448839f,0.24575886254183182f,-0.4213056285435953f,-0.8729857666878829f,0.028077256302887987f,0f,0f,0f,1f],start_interpolation:0}
execute if entity @s[tag=aj.tultaria.bone.lower] run data modify entity @s {} merge value {transformation:[-0.9693309968644068f,0.010719851023676523f,-0.2455249545603974f,0f,1.734723475976807e-18f,0.9990482215818578f,0.04361938736533599f,0.89558349609375f,0.24575886254183182f,0.042281624237455864f,-0.968408408541555f,0f,0f,0f,0f,1f],start_interpolation:0}