execute if entity @s[tag=aj.tultaria.bone.head] run data modify entity @s {} merge value {transformation:[-0.9967623553250977f,-0.013962012170579768f,0.07918250578829011f,0f,0f,0.984807753012208f,0.17364817766693033f,1.0350000000000001f,-0.08040402357322685f,0.1730859665692005f,-0.9816192954348656f,0f,0f,0f,0f,1f],start_interpolation:0}
execute if entity @s[tag=aj.tultaria.bone.bust] run data modify entity @s {} merge value {transformation:[-0.870946832724962f,0f,0.49137726297251216f,0.1897847848762249f,0f,1f,0f,-0.12124999999999997f,-0.49137726297251216f,0f,-0.870946832724962f,0.681162047848737f,0f,0f,0f,1f],start_interpolation:0}
execute if entity @s[tag=aj.tultaria.bone.left_wing] run data modify entity @s {} merge value {transformation:[-0.8867005572401465f,-0.3277705816647617f,-0.3260806151631183f,0.11585633491687414f,-0.3971312574337452f,0.9010877016016581f,0.1741485526535712f,0.94125f,0.2367464596548517f,0.2839144234049849f,-0.92916291037875f,-0.07815727515483828f,0f,0f,0f,1f],start_interpolation:0}
execute if entity @s[tag=aj.tultaria.bone.right_wing] run data modify entity @s {} merge value {transformation:[-0.25587232170017543f,-0.07352089477050097f,0.9639108013814903f,0.006987980826253903f,0.3971312574337452f,0.9010877016016581f,0.1741485526535712f,0.94125f,-0.8813717259799378f,0.4273589030947948f,-0.2013659568764281f,-0.1395794330264024f,0f,0f,0f,1f],start_interpolation:0}
execute if entity @s[tag=aj.tultaria.bone.body] run data modify entity @s {} merge value {transformation:[-0.870946832724962f,0f,0.49137726297251216f,0.1897847848762249f,0f,1f,0f,-0.12124999999999997f,-0.49137726297251216f,0f,-0.870946832724962f,0.681162047848737f,0f,0f,0f,1f],start_interpolation:0}
execute if entity @s[tag=aj.tultaria.bone.left_hand] run data modify entity @s {} merge value {transformation:[-0.06287457857575407f,-0.935327616977718f,0.3481508814978138f,0.5513499873629181f,-0.8951995910480671f,0.20707073372885285f,0.3946383197566705f,0.9522392545304826f,-0.44120797766619657f,-0.28685180869532256f,-0.8503243853329899f,0.1194454777815084f,0f,0f,0f,1f],start_interpolation:0}
execute if entity @s[tag=aj.tultaria.bone.left_arm] run data modify entity @s {} merge value {transformation:[-0.06287457857575407f,-0.9770968292455608f,0.2032943030367379f,0.19051961965858544f,-0.8951995910480671f,0.1452655190582295f,0.421326027157256f,0.87875f,-0.44120797766619657f,-0.15549828054038034f,-0.8838301902473633f,0.10748877627523704f,0f,0f,0f,1f],start_interpolation:0}
execute if entity @s[tag=aj.tultaria.bone.rod] run data modify entity @s {} merge value {transformation:[-0.0000021481595160819764f,0.000001838363389042046f,0.000009591966990315193f,-0.7645262888576057f,0.000009670452407870827f,0.0000017746863503322141f,0.000001825606360925014f,0.7913286124574862f,-0.000001366660499382272f,0.00000966803539545519f,-0.000002159011503363018f,-0.509817283738537f,0f,0f,0f,1f],start_interpolation:0}
execute if entity @s[tag=aj.tultaria.bone.sword] run data modify entity @s {} merge value {transformation:[-0.21481595160819764f,-0.3203914098859929f,0.9226068780395744f,-0.74553947944649f,0.9670452407870825f,0.06241202826746805f,0.24683646610376317f,0.8217175538170276f,-0.1366660499382272f,0.9452270008832835f,0.29642588887523896f,-0.5532895902845707f,0f,0f,0f,1f],start_interpolation:0}
execute if entity @s[tag=aj.tultaria.bone.right_hand] run data modify entity @s {} merge value {transformation:[-0.21481595160819764f,0.8082464122446106f,0.5482625685092677f,-0.3929010632022183f,0.9670452407870825f,0.25457913903864865f,0.003600588478825953f,0.8872458631568327f,-0.1366660499382272f,0.5309681714190176f,-0.8362985063565682f,-0.4152415327509764f,0f,0f,0f,1f],start_interpolation:0}
execute if entity @s[tag=aj.tultaria.bone.right_arm] run data modify entity @s {} merge value {transformation:[-0.21481595160819764f,0.7123732076739784f,0.668115648614034f,-0.19051961965858544f,0.9670452407870825f,0.250871506745588f,0.043439490952955115f,0.87875f,-0.1366660499382272f,0.6554295538740113f,-0.7427883215982849f,-0.10748877627523704f,0f,0f,0f,1f],start_interpolation:0}
execute if entity @s[tag=aj.tultaria.bone.skirt] run data modify entity @s {} merge value {transformation:[-0.9963390697198712f,-0.02882016550648838f,0.08048513036530786f,-0.005163212701948843f,3.469446951953614e-18f,0.9414619441662401f,0.33711927812974946f,0.32919340290301696f,-0.08548952070132332f,0.33588510795642906f,-0.938015317627253f,0.06017475005151017f,0f,0f,0f,1f],start_interpolation:0}
execute if entity @s[tag=aj.tultaria.bone.left_foot] run data modify entity @s {} merge value {transformation:[-0.9963390697198712f,-0.06530563015266061f,0.05516912923099193f,0.13244004244758462f,3.469446951953614e-18f,0.6453320685202764f,0.763902167387514f,-0.12977700915447515f,-0.08548952070132332f,0.761105574811869f,-0.6429695528098923f,-0.081357207629999f,0f,0f,0f,1f],start_interpolation:0}
execute if entity @s[tag=aj.tultaria.bone.left_leg] run data modify entity @s {} merge value {transformation:[-0.9963390697198712f,-0.03922222332108588f,0.07596101202256886f,0.12477544624743064f,3.469446951953614e-18f,0.8885417931860399f,0.4587956862937326f,0.3163094861511339f,-0.08548952070132332f,0.4571160672733873f,-0.8852889036302051f,0.007969958848332317f,0f,0f,0f,1f],start_interpolation:0}
execute if entity @s[tag=aj.tultaria.bone.right_foot] run data modify entity @s {} merge value {transformation:[-0.9963390697198712f,-0.054928759567138864f,0.06550793480302546f,-0.15332163010628738f,3.469446951953614e-18f,0.7662685936898868f,0.6425203828086102f,0.013223038924150832f,-0.08548952070132332f,0.6401681604835863f,-0.7634633377925356f,0.3247220253464682f,0f,0f,0f,1f],start_interpolation:0}
execute if entity @s[tag=aj.tultaria.bone.right_leg] run data modify entity @s {} merge value {transformation:[-0.9963390697198712f,0.04566482483237681f,0.07227158447668298f,-0.12430932118253715f,3.469446951953614e-18f,0.8453853043483526f,-0.5341569874033693f,0.3163094861511339f,-0.08548952070132332f,-0.5322014759138418f,-0.8422904076892878f,-0.013402421326998513f,0f,0f,0f,1f],start_interpolation:0}
execute if entity @s[tag=aj.tultaria.bone.lower] run data modify entity @s {} merge value {transformation:[-0.9963390697198712f,-0.003729000519147936f,0.08540815362054244f,0f,3.469446951953614e-18f,0.9990482215818578f,0.043619387365336f,0.37875000000000003f,-0.08548952070132332f,0.04345969982932957f,-0.9953907756961599f,0f,0f,0f,0f,1f],start_interpolation:0}