execute if entity @s[tag=aj.tultaria.bone.head] run data modify entity @s {} merge value {transformation:[-0.9968281123163238f,-0.013819727239284922f,0.07837556784423222f,0f,0f,0.984807753012208f,0.17364817766693033f,1.5909169741030094f,-0.07958463731069004f,0.17309738515089576f,-0.9816840534296399f,0f,0f,0f,0f,1f],start_interpolation:0}
execute if entity @s[tag=aj.tultaria.bone.bust] run data modify entity @s {} merge value {transformation:[-0.9436271376244063f,0f,-0.33101030971673606f,0.6373187236705712f,0f,1f,0f,0.43466697410300925f,0.33101030971673606f,0f,-0.9436271376244063f,0.3063084139538351f,0f,0f,0f,1f],start_interpolation:0}
execute if entity @s[tag=aj.tultaria.bone.left_wing] run data modify entity @s {} merge value {transformation:[-0.7402951205114452f,-0.003182201323357424f,-0.6722745035635981f,0.01760040738693336f,-0.01171675141701992f,0.9998979853573732f,0.008169248098696047f,1.4971669741030094f,0.6721799255282594f,0.013924527747967234f,-0.7402568846311526f,-0.13864153656034678f,0f,0f,0f,1f],start_interpolation:0}
execute if entity @s[tag=aj.tultaria.bone.right_wing] run data modify entity @s {} merge value {transformation:[-0.9979812855647665f,0.011183528714549251f,0.06251625666965932f,-0.10035298481611743f,0.01171675141701992f,0.9998979853573732f,0.008169248098696047f,1.4971669741030094f,-0.062418518075388785f,0.008885244158555216f,-0.9980105114864848f,-0.0972652478457548f,0f,0f,0f,1f],start_interpolation:0}
execute if entity @s[tag=aj.tultaria.bone.body] run data modify entity @s {} merge value {transformation:[-0.9436271376244063f,0f,-0.33101030971673606f,0.6373187236705712f,0f,1f,0f,0.43466697410300925f,0.33101030971673606f,0f,-0.9436271376244063f,0.3063084139538351f,0f,0f,0f,1f],start_interpolation:0}
execute if entity @s[tag=aj.tultaria.bone.left_hand] run data modify entity @s {} merge value {transformation:[-0.9553999286799013f,-0.29504931487175823f,0.012525097690049586f,0.3680586088903338f,-0.28986114017071685f,0.928798222558002f,-0.23089907144037686f,1.183321458778441f,0.056493324361124975f,-0.2242314954835789f,-0.972897086405251f,-0.28790809701136577f,0f,0f,0f,1f],start_interpolation:0}
execute if entity @s[tag=aj.tultaria.bone.left_arm] run data modify entity @s {} merge value {transformation:[-0.9553999286799013f,-0.2517608922407349f,-0.15436135985598304f,0.20641843635533888f,-0.28986114017071685f,0.8994437122652095f,0.32708030800632315f,1.4346669741030094f,0.056493324361124975f,0.3572358627079989f,-0.9323041578250633f,-0.07240850525053602f,0f,0f,0f,1f],start_interpolation:0}
execute if entity @s[tag=aj.tultaria.bone.rod] run data modify entity @s {} merge value {transformation:[-0.000007894028350481023f,0.000004934971659857542f,-0.0000036510780761584284f,-0.42346835637114305f,0.000002926098742602887f,0.000008253355502965245f,0.0000048290857406150006f,0.8647836463249932f,0.000005396504660457511f,0.0000027437524775526307f,-0.000007959243669569625f,0.2376333540865997f,0f,0f,0f,1f],start_interpolation:0}
execute if entity @s[tag=aj.tultaria.bone.sword] run data modify entity @s {} merge value {transformation:[-0.000007894028350481023f,0.000006099349862472104f,-6.944405352248429e-7f,-0.4765961980536237f,0.000002926098742602887f,0.0000047330726617244955f,0.000008308788679908403f,0.8625777469132682f,0.000005396504660457511f,0.000006355781182041884f,-0.000005521030973981458f,0.2190216757381373f,0f,0f,0f,1f],start_interpolation:0}
execute if entity @s[tag=aj.tultaria.bone.right_hand] run data modify entity @s {} merge value {transformation:[-0.7894028350481023f,0.09078498593555417f,-0.6071253991941858f,-0.46531466154458345f,0.29260987426028867f,0.925068291781016f,-0.2421324369569906f,1.1814177011232503f,0.5396504660457511f,-0.36879091890939275f,-0.7568161154643638f,0.004734745062531867f,0f,0f,0f,1f],start_interpolation:0}
execute if entity @s[tag=aj.tultaria.bone.right_arm] run data modify entity @s {} merge value {transformation:[-0.7894028350481023f,0.4143248172919408f,-0.4529659035667234f,-0.20641843635533888f,0.29260987426028867f,0.9026220100438604f,0.31567858411643795f,1.4346669741030094f,0.5396504660457511f,0.11665527317862998f,-0.8337679063961522f,0.07240850525053602f,0f,0f,0f,1f],start_interpolation:0}
execute if entity @s[tag=aj.tultaria.bone.skirt] run data modify entity @s {} merge value {transformation:[-0.8876150893682517f,0.044041061027803016f,-0.458475558857106f,0.02781748462812457f,0f,0.9954179457367113f,0.09561962824287495f,0.8851103770060261f,0.46058598885093144f,0.08487342486815846f,-0.8835479888638524f,0.05360827229198251f,0f,0f,0f,1f],start_interpolation:0}
execute if entity @s[tag=aj.tultaria.bone.left_foot] run data modify entity @s {} merge value {transformation:[-0.8876150893682517f,0.2254593748334916f,-0.4016310787594525f,0.142976131692852f,0f,0.872000209475413f,0.4895055001476857f,0.42299335433089297f,0.46058598885093144f,0.4344924682598387f,-0.7740005438626528f,0.004142053723425833f,0f,0f,0f,1f],start_interpolation:0}
execute if entity @s[tag=aj.tultaria.bone.left_leg] run data modify entity @s {} merge value {transformation:[-0.8876150893682517f,0.05459974205729222f,-0.45733830070645465f,0.10969623125461052f,0f,0.992948790837995f,0.11854407945301916f,0.8722264602541432f,0.46058598885093144f,0.10522151367776875f,-0.8813563297177642f,-0.05999307525727087f,0f,0f,0f,1f],start_interpolation:0}
execute if entity @s[tag=aj.tultaria.bone.right_foot] run data modify entity @s {} merge value {transformation:[-0.8876150893682517f,0.2133964717104404f,-0.4081683463809087f,0.017043955953441867f,0f,0.8861935800505046f,0.46331516128578154f,0.5140625271897126f,0.46058598885093144f,0.4112455282903449f,-0.7865987937540995f,0.30423954674868614f,0f,0f,0f,1f],start_interpolation:0}
execute if entity @s[tag=aj.tultaria.bone.right_leg] run data modify entity @s {} merge value {transformation:[-0.8876150893682517f,-0.17353355493549302f,-0.42664453405292857f,-0.11220754108745241f,0f,0.9263081039814522f,-0.37676689941963726f,0.8722264602541432f,0.46058598885093144f,-0.33442398509936033f,-0.8222050504980324f,0.05515342195546199f,0f,0f,0f,1f],start_interpolation:0}
execute if entity @s[tag=aj.tultaria.bone.lower] run data modify entity @s {} merge value {transformation:[-0.8876150893682517f,0.020090478662735105f,-0.46014761304704443f,0f,0f,0.9990482215818578f,0.043619387365335986f,0.9346669741030093f,0.46058598885093144f,0.0387172264144711f,-0.8867702764825736f,0f,0f,0f,0f,1f],start_interpolation:0}