execute if entity @s[tag=aj.tultaria.bone.head] run data modify entity @s {} merge value {transformation:[-0.9999924889045326f,-0.000673032526329144f,0.003816957130581833f,0f,0f,0.984807753012208f,0.17364817766693033f,1.0853296246947783f,-0.0038758398468198424f,0.17364687337889018f,-0.9848003560271581f,0f,0f,0f,0f,1f],start_interpolation:0}
execute if entity @s[tag=aj.tultaria.bone.bust] run data modify entity @s {} merge value {transformation:[-0.9939486792532665f,0f,0.10984545056891182f,0.4420516143421773f,0f,1f,0f,-0.07092037530522166f,-0.10984545056891182f,0f,-0.9939486792532665f,0.5518970649110891f,0f,0f,0f,1f],start_interpolation:0}
execute if entity @s[tag=aj.tultaria.bone.left_wing] run data modify entity @s {} merge value {transformation:[-0.8537343911055983f,-0.15986210250510624f,-0.49556200179816046f,0.07585247377444315f,-0.263466579356387f,0.9535103093757672f,0.14629918481103465f,0.9915796246947783f,0.44913578237076335f,0.25546467093665914f,-0.8561628647035718f,-0.11737824424610133f,0f,0f,0f,1f],start_interpolation:0}
execute if entity @s[tag=aj.tultaria.bone.right_wing] run data modify entity @s {} merge value {transformation:[-0.7350580788674053f,0.10022065899383446f,0.6705560679037964f,-0.048391111132215114f,0.263466579356387f,0.9535103093757672f,0.14629918481103465f,0.9915796246947783f,-0.6247199230487241f,0.28420751120434906f,-0.7272902503959652f,-0.1311089255672152f,0f,0f,0f,1f],start_interpolation:0}
execute if entity @s[tag=aj.tultaria.bone.body] run data modify entity @s {} merge value {transformation:[-0.9939486792532665f,0f,0.10984545056891182f,0.4420516143421773f,0f,1f,0f,-0.07092037530522166f,-0.10984545056891182f,0f,-0.9939486792532665f,0.5518970649110891f,0f,0f,0f,1f],start_interpolation:0}
execute if entity @s[tag=aj.tultaria.bone.left_hand] run data modify entity @s {} merge value {transformation:[-0.16534598678135523f,-0.9817610707144f,-0.09383978199577497f,0.546672978724568f,-0.9099263591692325f,0.11516152159253748f,0.39846184865494505f,1.0277466066833414f,-0.3803875990937727f,0.15127135873722483f,-0.912371772076202f,-0.10864994696768265f,0f,0f,0f,1f],start_interpolation:0}
execute if entity @s[tag=aj.tultaria.bone.left_arm] run data modify entity @s {} merge value {transformation:[-0.16534598678135523f,-0.9663948727020083f,-0.1968289985509478f,0.21742627358665204f,-0.9099263591692325f,0.0725076895161636f,0.40838297693470577f,0.9290796246947783f,-0.3803875990937727f,0.24662438033636633f,-0.8913370235098386f,0.02402869231194946f,0f,0f,0f,1f],start_interpolation:0}
execute if entity @s[tag=aj.tultaria.bone.rod] run data modify entity @s {} merge value {transformation:[-0.000001768836578840017f,0.000005212939204312777f,0.000008348441891125337f,-0.9095912180787323f,0.000009827971546901575f,0.000001393298738508983f,0.00000121230932462071f,0.8910423405149334f,-5.312178749351235e-7f,0.000008419262644519897f,-0.000005369713594964008f,-0.18780833591522442f,0f,0f,0f,1f],start_interpolation:0}
execute if entity @s[tag=aj.tultaria.bone.sword] run data modify entity @s {} merge value {transformation:[-0.17688365788400168f,0.034031683375603444f,0.9836432361889131f,-0.9047260110800741f,0.9827971546901574f,0.060047744029923605f,0.17465400416207816f,0.9211548507776725f,-0.053121787493512346f,0.9976152128769588f,-0.044067706202554596f,-0.2351728227332682f,0f,0f,0f,1f],start_interpolation:0}
execute if entity @s[tag=aj.tultaria.bone.right_hand] run data modify entity @s {} merge value {transformation:[-0.17688365788400168f,0.958934453483934f,0.22171352122738006f,-0.5222766078688347f,0.9827971546901574f,0.18424431305533515f,-0.01279788418833767f,0.9585342223871418f,-0.053121787493512346f,0.21563568125019594f,-0.9750278604559247f,-0.22882343800339158f,0f,0f,0f,1f],start_interpolation:0}
execute if entity @s[tag=aj.tultaria.bone.right_arm] run data modify entity @s {} merge value {transformation:[-0.17688365788400168f,0.9280156165800127f,0.32787068633410005f,-0.21742627358665204f,0.9827971546901574f,0.18451715405120295f,0.00794811888279734f,0.9290796246947783f,-0.053121787493512346f,0.32363626997674877f,-0.9446891766337917f,-0.02402869231194946f,0f,0f,0f,1f],start_interpolation:0}
execute if entity @s[tag=aj.tultaria.bone.skirt] run data modify entity @s {} merge value {transformation:[-0.9733607460486736f,0.052892798457406374f,-0.2230946210084723f,0.013847501018021338f,-1.734723475976807e-18f,0.9730268572591201f,0.23069186169529243f,0.37952302759779527f,0.22927899609770125f,0.22454640260708728f,-0.9471061477071334f,0.05878695454540222f,0f,0f,0f,1f],start_interpolation:0}
execute if entity @s[tag=aj.tultaria.bone.left_foot] run data modify entity @s {} merge value {transformation:[-0.9733607460486736f,0.1493036811041506f,-0.17400364611214275f,0.11706607934778153f,-1.734723475976807e-18f,0.7589166433631611f,0.651187782768068f,-0.08803668810935383f,0.22927899609770125f,0.6338406260529084f,-0.7386996701727218f,-0.04820534744639436f,0f,0f,0f,1f],start_interpolation:0}
execute if entity @s[tag=aj.tultaria.bone.left_leg] run data modify entity @s {} merge value {transformation:[-0.9733607460486736f,0.07135030256248169f,-0.21789445237502497f,0.12104503017198914f,-1.734723475976807e-18f,0.950346329509289f,0.31119423835961685f,0.3666391108459122f,0.22927899609770125f,0.3029042560157654f,-0.9250298122957802f,-0.0313134619764695f,0f,0f,0f,1f],start_interpolation:0}
execute if entity @s[tag=aj.tultaria.bone.right_foot] run data modify entity @s {} merge value {transformation:[-0.9733607460486736f,0.12966111078889989f,-0.18909482912168257f,-0.05023739914121382f,-1.734723475976807e-18f,0.8247368155829884f,0.5655167415930599f,0.03761106208700521f,0.22927899609770125f,0.5504517975000358f,-0.802766442109665f,0.33191390832823925f,0f,0f,0f,1f],start_interpolation:0}
execute if entity @s[tag=aj.tultaria.bone.right_leg] run data modify entity @s {} merge value {transformation:[-0.9733607460486736f,-0.10672478761597062f,-0.2029253009358263f,-0.12229515634017926f,-1.734723475976807e-18f,0.8850583978017551f,-0.46548000223488695f,0.3666391108459122f,0.22927899609770125f,-0.4530799622460878f,-0.8614811023809602f,0.02600628704795581f,0f,0f,0f,1f],start_interpolation:0}
execute if entity @s[tag=aj.tultaria.bone.lower] run data modify entity @s {} merge value {transformation:[-0.9733607460486736f,0.01000100934552098f,-0.22906077329748215f,0f,-1.734723475976807e-18f,0.9990482215818578f,0.04361938736533601f,0.42907962469477834f,0.22927899609770125f,0.04245739942810955f,-0.9724343222975177f,0f,0f,0f,0f,1f],start_interpolation:0}