execute if entity @s[tag=aj.tultaria.bone.head] run data modify entity @s {} merge value {transformation:[-0.9984880518951063f,0.009545297102199042f,-0.054134069918551006f,0f,0f,0.984807753012208f,0.17364817766693033f,1.1093123121712998f,0.05496917520498028f,0.17338563063378856f,-0.9833187747963565f,0f,0f,0f,0f,1f],start_interpolation:0}
execute if entity @s[tag=aj.tultaria.bone.bust] run data modify entity @s {} merge value {transformation:[-0.9913299257603649f,0f,-0.1313962643759306f,0.5613630950681477f,0f,1f,0f,-0.046937687828700225f,0.1313962643759306f,0f,-0.9913299257603649f,0.4299668306922172f,0f,0f,0f,1f],start_interpolation:0}
execute if entity @s[tag=aj.tultaria.bone.left_wing] run data modify entity @s {} merge value {transformation:[-0.7816039168245532f,-0.07561060204318654f,-0.6191755438187007f,0.045533587313031476f,-0.1825221325219225f,0.9769035483681046f,0.11110863299247349f,1.0155623121712998f,0.5964737951864831f,0.19985618340314942f,-0.7773522480905037f,-0.1321285072435412f,0f,0f,0f,1f],start_interpolation:0}
execute if entity @s[tag=aj.tultaria.bone.right_wing] run data modify entity @s {} merge value {transformation:[-0.9100050002551527f,0.12506512458993652f,0.39528421941929703f,-0.07838265340701411f,0.1825221325219225f,0.9769035483681046f,0.11110863299247349f,1.0155623121712998f,-0.37225874153640653f,0.1732575302753392f,-0.9118142670262519f,-0.11570397419654987f,0f,0f,0f,1f],start_interpolation:0}
execute if entity @s[tag=aj.tultaria.bone.body] run data modify entity @s {} merge value {transformation:[-0.9913299257603649f,0f,-0.1313962643759306f,0.5613630950681477f,0f,1f,0f,-0.046937687828700225f,0.1313962643759306f,0f,-0.9913299257603649f,0.4299668306922172f,0f,0f,0f,1f],start_interpolation:0}
execute if entity @s[tag=aj.tultaria.bone.left_hand] run data modify entity @s {} merge value {transformation:[-0.27793966208893306f,-0.9270515892326976f,-0.2516443822917958f,0.5106668553108997f,-0.9043314272293886f,0.16418048583097955f,0.39399167224391973f,1.039751926927043f,-0.32393550895687023f,0.33707583564152616f,-0.883994155559538f,-0.23343969432289774f,0f,0f,0f,1f],start_interpolation:0}
execute if entity @s[tag=aj.tultaria.bone.left_arm] run data modify entity @s {} merge value {transformation:[-0.27793966208893306f,-0.8824391815053764f,-0.37954003106656764f,0.21685342126007984f,-0.9043314272293886f,0.10713006303217931f,0.4131680279498621f,0.9530623121712998f,-0.32393550895687023f,0.45806576005945104f,-0.8277931779726209f,-0.02874293283223482f,0f,0f,0f,1f],start_interpolation:0}
execute if entity @s[tag=aj.tultaria.bone.rod] run data modify entity @s {} merge value {transformation:[-0.000002099773106838181f,0.000007532298855883196f,0.000006233412135055715f,-0.921352142693438f,0.000009776237009318634f,0.0000015346880717719171f,0.000001438722509725091f,0.8970101531534412f,1.2705446638273778e-7f,0.000006396030524319103f,-0.00000768600355806257f,0.0774757523169185f,0f,0f,0f,1f],start_interpolation:0}
execute if entity @s[tag=aj.tultaria.bone.sword] run data modify entity @s {} merge value {transformation:[-0.20997731068381806f,0.34064560905634517f,0.9164442689158042f,-0.932219175566168f,0.9776237009318632f,0.06097176021768907f,0.20133142783043914f,0.9272428099027947f,0.012705446638273776f,0.938212669647233f,-0.34582590727002177f,0.03119700787177629f,0f,0f,0f,1f],start_interpolation:0}
execute if entity @s[tag=aj.tultaria.bone.right_hand] run data modify entity @s {} merge value {transformation:[-0.20997731068381806f,0.9733827589547092f,-0.09184516082902695f,-0.5678142531890504f,0.9776237009318632f,0.21025187854283697f,-0.006785789968368931f,0.9750063838609591f,0.012705446638273776f,-0.09121486797077888f,-0.9957501792552161f,-0.0811985955790256f,0f,0f,0f,1f],start_interpolation:0}
execute if entity @s[tag=aj.tultaria.bone.right_arm] run data modify entity @s {} merge value {transformation:[-0.20997731068381806f,0.9765688145098321f,0.047147423310850006f,-0.21685342126007984f,0.9776237009318632f,0.20908865840519886f,0.02310481124356467f,0.9530623121712998f,0.012705446638273776f,0.05094392459533531f,-0.9986206928421555f,0.02874293283223482f,0f,0f,0f,1f],start_interpolation:0}
execute if entity @s[tag=aj.tultaria.bone.skirt] run data modify entity @s {} merge value {transformation:[-0.9211954466014338f,0.07030448479822257f,-0.3826960002117106f,0.02350003800644762f,0f,0.9835410545645614f,0.1806847917950779f,0.4035057150743167f,0.3891001788238924f,0.16644600747175387f,-0.9060335410104463f,0.05563638668050619f,0f,0f,0f,1f],start_interpolation:0}
execute if entity @s[tag=aj.tultaria.bone.left_foot] run data modify entity @s {} merge value {transformation:[-0.9211954466014338f,0.23094298211184755f,-0.3131521805353939f,0.12038294168078457f,0f,0.8048111966484787f,0.593530907155848f,-0.06409742355143994f,0.3891001788238924f,0.5467579690891855f,-0.7413884097264295f,-0.036247175002093034f,0f,0f,0f,1f],start_interpolation:0}
execute if entity @s[tag=aj.tultaria.bone.left_leg] run data modify entity @s {} merge value {transformation:[-0.9211954466014338f,0.09352534305035942f,-0.37769294323312114f,0.11408866136117668f,0f,0.9706830368846111f,0.24036314589484983f,0.39062179832243366f,0.3891001788238924f,0.2214214355291318f,-0.8941887936713553f,-0.05114889616701728f,0f,0f,0f,1f],start_interpolation:0}
execute if entity @s[tag=aj.tultaria.bone.right_foot] run data modify entity @s {} merge value {transformation:[-0.9211954466014338f,0.205547268655507f,-0.33037746519556366f,0.001322239125584379f,0f,0.8490807333838138f,0.5282631050872331f,0.050342937478112415f,0.3891001788238924f,0.4866335670138937f,-0.7821693053901753f,0.3243844324187092f,0f,0f,0f,1f],start_interpolation:0}
execute if entity @s[tag=aj.tultaria.bone.right_leg] run data modify entity @s {} merge value {transformation:[-0.9211954466014338f,-0.16842926632281707f,-0.35075708318826954f,-0.11621020028918178f,0f,0.9014570084456912f,-0.4328686428053494f,0.39062179832243366f,0.3891001788238924f,-0.3987566227288304f,-0.8304180914871209f,0.04612614853895582f,0f,0f,0f,1f],start_interpolation:0}
execute if entity @s[tag=aj.tultaria.bone.lower] run data modify entity @s {} merge value {transformation:[-0.9211954466014338f,0.01697231142404087f,-0.38872984167119257f,0f,0f,0.9990482215818578f,0.043619387365336f,0.4530623121712998f,0.3891001788238924f,0.040181981024491636f,-0.9203186726564677f,0f,0f,0f,0f,1f],start_interpolation:0}