execute if entity @s[tag=aj.tultaria.bone.head] run data modify entity @s {} merge value {transformation:[-0.9989274884686837f,0.008040253380012574f,-0.045598542819185156f,0f,8.673617379884035e-19f,0.984807753012208f,0.17364817766693033f,1.1059203753052216f,0.04630197384181226f,0.17346193799399046f,-0.9837515353409728f,0f,0f,0f,0f,1f],start_interpolation:0}
execute if entity @s[tag=aj.tultaria.bone.bust] run data modify entity @s {} merge value {transformation:[-0.9953082584755242f,0f,-0.09675469296328267f,0.5460314757194035f,0f,1f,0f,-0.05032962469477836f,0.09675469296328267f,0f,-0.9953082584755242f,0.44927678275612076f,0f,0f,0f,1f],start_interpolation:0}
execute if entity @s[tag=aj.tultaria.bone.left_wing] run data modify entity @s {} merge value {transformation:[-0.7942774460635176f,-0.08642914676080597f,-0.6013762061014842f,0.05011242953431f,-0.19455557904298626f,0.9738891245649819f,0.11699615257478121f,1.0121703753052216f,0.5755618692530492f,0.20992850126710338f,-0.7903534393027487f,-0.1304607006196457f,0f,0f,0f,1f],start_interpolation:0}
execute if entity @s[tag=aj.tultaria.bone.right_wing] run data modify entity @s {} merge value {transformation:[-0.8902603096786139f,0.1252434810438539f,0.4378934247815971f,-0.07430110277513058f,0.19455557904298626f,0.9738891245649819f,0.11699615257478121f,1.0121703753052216f,-0.4118066386961079f,0.18935163983993103f,-0.8913816516037012f,-0.11836636399923534f,0f,0f,0f,1f],start_interpolation:0}
execute if entity @s[tag=aj.tultaria.bone.body] run data modify entity @s {} merge value {transformation:[-0.9953082584755242f,0f,-0.09675469296328267f,0.5460314757194035f,0f,1f,0f,-0.05032962469477836f,0.09675469296328267f,0f,-0.9953082584755242f,0.44927678275612076f,0f,0f,0f,1f],start_interpolation:0}
execute if entity @s[tag=aj.tultaria.bone.left_hand] run data modify entity @s {} merge value {transformation:[-0.25913533901162783f,-0.9375235348113171f,-0.23216049997840194f,0.5173731303513116f,-0.9059386577608861f,0.1526023497116427f,0.39495274557456805f,1.039399761478358f,-0.3348492563075699f,0.3126693853535685f,-0.8888834743727037f,-0.21584696442335888f,0f,0f,0f,1f],start_interpolation:0}
execute if entity @s[tag=aj.tultaria.bone.left_arm] run data modify entity @s {} merge value {transformation:[-0.25913533901162783f,-0.8980080206129843f,-0.3555706272881358f,0.2177236815415209f,-0.9059386577608861f,0.09835939433041829f,0.41182590729743707f,0.9496703753052216f,-0.3348492563075699f,0.4288438229259026f,-0.8390285758474286f,-0.021165089085718083f,0f,0f,0f,1f],start_interpolation:0}
execute if entity @s[tag=aj.tultaria.bone.rod] run data modify entity @s {} merge value {transformation:[-0.0000020254616766558125f,0.000007244346845876654f,0.000006589153494420628f,-0.9249019712790668f,0.000009792718181806997f,0.0000014892651930400229f,0.00000137286554203465f,0.8991113607745248f,1.3251720841278848e-8f,0.000006730640977012251f,-0.000007395829664781249f,0.03985371266631632f,0f,0f,0f,1f],start_interpolation:0}
execute if entity @s[tag=aj.tultaria.bone.sword] run data modify entity @s {} merge value {transformation:[-0.20254616766558126f,0.297921165514454f,0.9328547738541595f,-0.9334032186833173f,0.9792718181806996f,0.060330871912727076f,0.1933569031902311f,0.9293277911119515f,0.0013251720841278847f,0.9526820902235746f,-0.30396558832569853f,-0.0069279531359525f,0f,0f,0f,1f],start_interpolation:0}
execute if entity @s[tag=aj.tultaria.bone.right_hand] run data modify entity @s {} merge value {transformation:[-0.20254616766558126f,0.978176189817062f,-0.046329166180289774f,-0.5638770458702048f,0.9792718181806996f,0.2023832051413739f,-0.008230698255364675f,0.9739762254206195f,0.0013251720841278847f,-0.047035943189004045f,-0.9988923185044862f,-0.10264630584262101f,0f,0f,0f,1f],start_interpolation:0}
execute if entity @s[tag=aj.tultaria.bone.right_arm] run data modify entity @s {} merge value {transformation:[-0.20254616766558126f,0.9754197981492786f,0.08678287470697406f,-0.2177236815415209f,0.9792718181806996f,0.2016291495934449f,0.019297464892842772f,0.9496703753052216f,0.0013251720841278847f,0.08889265106095279f,-0.996040330762918f,0.021165089085718083f,0f,0f,0f,1f],start_interpolation:0}
execute if entity @s[tag=aj.tultaria.bone.skirt] run data modify entity @s {} merge value {transformation:[-0.9301210581887082f,0.06900178685152698f,-0.3607125871455198f,0.02218056316277424f,-1.734723475976807e-18f,0.982190802545868f,0.18788620863252287f,0.40011377820823857f,0.36725306957725723f,0.17475691919234654f,-0.9135563486071792f,0.05617545662430765f,0f,0f,0f,1f],start_interpolation:0}
execute if entity @s[tag=aj.tultaria.bone.left_foot] run data modify entity @s {} merge value {transformation:[-0.9301210581887082f,0.22108725356227127f,-0.2932494559691624f,0.11943975002089054f,-1.734723475976807e-18f,0.7984942271734312f,0.6020024660835741f,-0.0676349131689209f,0.36725306957725723f,0.5599351707858657f,-0.7426962955361266f,-0.03786645905174402f,0f,0f,0f,1f],start_interpolation:0}
execute if entity @s[tag=aj.tultaria.bone.left_leg] run data modify entity @s {} merge value {transformation:[-0.9301210581887082f,0.09203628011584118f,-0.35553359933535983f,0.11526392265465107f,-1.734723475976807e-18f,0.9680888433270616f,0.2506072453574958f,0.3872298614563555f,0.36725306957725723f,0.2330950762416712f,-0.900439819376049f,-0.048442340618019f,0f,0f,0f,1f],start_interpolation:0}
execute if entity @s[tag=aj.tultaria.bone.right_foot] run data modify entity @s {} merge value {transformation:[-0.9301210581887082f,0.19599196330017965f,-0.3105832697291642f,-0.005680585006404754f,-1.734723475976807e-18f,0.8456927809662005f,0.5336700480836956f,0.048536501077261596f,0.36725306957725723f,0.4963777498472257f,-0.7865966643348339f,0.3259778560884915f,0f,0f,0f,1f],start_interpolation:0}
execute if entity @s[tag=aj.tultaria.bone.right_leg] run data modify entity @s {} merge value {transformation:[-0.9301210581887082f,-0.16070277606446237f,-0.33022633886335145f,-0.11726634189252597f,-1.734723475976807e-18f,0.8991792478235048f,-0.437580484349515f,0.3872298614563555f,0.36725306957725723f,-0.40700282314589836f,-0.836345553486925f,0.04337092677629531f,0f,0f,0f,1f],start_interpolation:0}
execute if entity @s[tag=aj.tultaria.bone.lower] run data modify entity @s {} merge value {transformation:[-0.9301210581887082f,0.016019353902999075f,-0.3669035260316371f,0f,-1.734723475976807e-18f,0.9990482215818578f,0.043619387365336f,0.44967037530522164f,0.36725306957725723f,0.04057131073378949f,-0.9292357890392645f,0f,0f,0f,0f,1f],start_interpolation:0}