execute if entity @s[tag=aj.tultaria.bone.head] run data modify entity @s {} merge value {transformation:[-0.9999858647828652f,-0.000923283204211936f,0.005236199250405527f,0f,0f,0.984807753012208f,0.17364817766693036f,1.59375f,-0.005316976063997947f,0.17364572311223395f,-0.9847938325407832f,0f,0f,0f,0f,1f],start_interpolation:0}
execute if entity @s[tag=aj.tultaria.bone.bust] run data modify entity @s {} merge value {transformation:[-0.908542027361173f,0f,-0.41779347112951576f,0.6631677492453444f,0f,1f,0f,0.4375f,0.41779347112951576f,0f,-0.908542027361173f,0.2453742781158286f,0f,0f,0f,1f],start_interpolation:0}
execute if entity @s[tag=aj.tultaria.bone.left_wing] run data modify entity @s {} merge value {transformation:[-0.6795007439537291f,0f,-0.7336748182719157f,0.004559692818883909f,0f,1f,0f,1.5f,0.7336748182719157f,0f,-0.6795007439537291f,-0.13967984536574138f,0f,0f,0f,1f],start_interpolation:0}
execute if entity @s[tag=aj.tultaria.bone.right_wing] run data modify entity @s {} merge value {transformation:[-0.9992660230568653f,0f,-0.03830685531489386f,-0.10900806060126278f,0f,1f,0f,1.5f,0.03830685531489386f,0f,-0.9992660230568653f,-0.08745566147455189f,0f,0f,0f,1f],start_interpolation:0}
execute if entity @s[tag=aj.tultaria.bone.body] run data modify entity @s {} merge value {transformation:[-0.908542027361173f,0f,-0.41779347112951576f,0.6631677492453444f,0f,1f,0f,0.4375f,0.41779347112951576f,0f,-0.908542027361173f,0.2453742781158286f,0f,0f,0f,1f],start_interpolation:0}
execute if entity @s[tag=aj.tultaria.bone.left_hand] run data modify entity @s {} merge value {transformation:[-0.9558141589786914f,-0.2852532879122084f,-0.07106233342025385f,0.3290511914522195f,-0.24999999999999994f,0.915914527668722f,-0.31400728973286923f,1.1756777511514147f,0.15465863537435143f,-0.2823670301941373f,-0.9467573959380968f,-0.3154709261085401f,0f,0f,0f,1f],start_interpolation:0}
execute if entity @s[tag=aj.tultaria.bone.left_arm] run data modify entity @s {} merge value {transformation:[-0.9558141589786914f,-0.18147413404719603f,-0.23127133883747222f,0.1987435684852566f,-0.24999999999999994f,0.9156751133619656f,0.31470476127563013f,1.4375f,0.15465863537435143f,0.35861710143462433f,-0.9205837718875841f,-0.09139232180958157f,0f,0f,0f,1f],start_interpolation:0}
execute if entity @s[tag=aj.tultaria.bone.rod] run data modify entity @s {} merge value {transformation:[-0.000007395483444830739f,0.000004552344823118441f,-0.000004958122752480136f,-0.3588520009247555f,0.0000024999999999999998f,0.00000869686057413948f,0.0000042561268958970626f,0.8714607144922526f,0.000006249545952886055f,0.000001908080911650523f,-0.000007569835045584577f,0.2783689375660637f,0f,0f,0f,1f],start_interpolation:0}
execute if entity @s[tag=aj.tultaria.bone.sword] run data modify entity @s {} merge value {transformation:[-0.000007395483444830739f,0.000006421507639847216f,-0.0000020176878471702014f,-0.41348593097872904f,0.0000024999999999999998f,0.000005403638742427576f,0.000008034344300646802f,0.8645541227860244f,0.000006249545952886055f,0.000005437364064757812f,-0.000005601628996108716f,0.26648361877097104f,0f,0f,0f,1f],start_interpolation:0}
execute if entity @s[tag=aj.tultaria.bone.right_hand] run data modify entity @s {} merge value {transformation:[-0.7395483444830738f,-0.02869283255074906f,-0.6724916114960537f,-0.4536732645682931f,0.24999999999999994f,0.915914527668722f,-0.31400728973286923f,1.1756777511514147f,0.6249545952886054f,-0.4003464741515738f,-0.6701898644877126f,0.04446527669825939f,0f,0f,0f,1f],start_interpolation:0}
execute if entity @s[tag=aj.tultaria.bone.right_arm] run data modify entity @s {} merge value {transformation:[-0.7395483444830738f,0.3903708696119539f,-0.5483418918254847f,-0.1987435684852566f,0.24999999999999994f,0.9156751133619656f,0.31470476127563013f,1.4375f,0.6249545952886054f,0.09565391224596206f,-0.7747787315741811f,0.09139232180958157f,0f,0f,0f,1f],start_interpolation:0}
execute if entity @s[tag=aj.tultaria.bone.skirt] run data modify entity @s {} merge value {transformation:[-0.8647068058791528f,0.03889516962581997f,-0.5007687147237253f,0.030335446197803897f,4.336808689942018e-19f,0.9969971932797483f,0.07743769490567379f,0.8879434029030169f,0.5022769553406499f,0.06696090181652951f,-0.8621102584714113f,0.05222470692256139f,0f,0f,0f,1f],start_interpolation:0}
execute if entity @s[tag=aj.tultaria.bone.left_foot] run data modify entity @s {} merge value {transformation:[-0.8647068058791528f,0.23425455176828008f,-0.4443050132984268f,0.148937509911225f,4.336808689942018e-19f,0.8845817204516069f,0.46638522687031514f,0.42788374157386483f,0.5022769553406499f,0.4032864798362541f,-0.7649038340307944f,0.0075402194559403f,0f,0f,0f,1f],start_interpolation:0}
execute if entity @s[tag=aj.tultaria.bone.left_leg] run data modify entity @s {} merge value {transformation:[-0.8647068058791528f,0.046394818270260804f,-0.5001296438964027f,0.10671903741741377f,4.336808689942018e-19f,0.9957248457819636f,0.09236899638127996f,0.8750594861511339f,0.5022769553406499f,0.07987209982311962f,-0.8610100509306335f,-0.06514199323777406f,0f,0f,0f,1f],start_interpolation:0}
execute if entity @s[tag=aj.tultaria.bone.right_foot] run data modify entity @s {} merge value {transformation:[-0.8647068058791528f,0.2256089149428252f,-0.448756902303011f,0.029136235045371064f,4.336808689942018e-19f,0.8934451352613999f,0.44917233917254806f,0.5132678262126564f,0.5022769553406499f,0.3884023786951615f,-0.7725680891401527f,0.29902685987168887f,0f,0f,0f,1f],start_interpolation:0}
execute if entity @s[tag=aj.tultaria.bone.right_leg] run data modify entity @s {} merge value {transformation:[-0.8647068058791528f,-0.18316017112185423f,-0.4676905938554743f,-0.10945766405237443f,4.336808689942018e-19f,0.9311408554236403f,-0.36465971447492146f,0.8750594861511339f,0.5022769553406499f,-0.31532373693641313f,-0.805163834916958f,0.06042724559738841f,0f,0f,0f,1f],start_interpolation:0}
execute if entity @s[tag=aj.tultaria.bone.lower] run data modify entity @s {} merge value {transformation:[-0.8647068058791528f,0.021909013079685378f,-0.5017988989746264f,0f,4.336808689942018e-19f,0.9990482215818578f,0.04361938736533599f,0.9375f,0.5022769553406499f,0.037717981123085165f,-0.8638837966032962f,0f,0f,0f,0f,1f],start_interpolation:0}