execute if entity @s[tag=aj.tultaria.bone.left_hand] run data modify entity @s {} merge value {transformation:[-0.9127317676522917f,-0.354740359691644f,-0.20268201085485127f,0.2673117307821308f,-0.24999999999999994f,0.8773072568520258f,-0.4096730123827703f,0.7381777511514147f,0.32314195072494534f,-0.3232510700378523f,-0.8894312932436437f,-0.3692438630528162f,0f,0f,0f,1f],start_interpolation:0}
execute if entity @s[tag=aj.tultaria.bone.rod] run data modify entity @s {} merge value {transformation:[-0.000006150020210042406f,0.00000432295188308343f,-0.000006594644678268527f,-0.28724877324811743f,0.0000027840163870303384f,0.00000901506501974855f,0.000003313284691428228f,0.46733508952138275f,0.000007377432085273068f,2.017168962965725e-7f,-0.0000067478000949147834f,0.36347694121319396f,0f,0f,0f,1f],start_interpolation:0}
execute if entity @s[tag=aj.tultaria.bone.sword] run data modify entity @s {} merge value {transformation:[-0.000006150020210042406f,0.000007041108489222291f,-0.000003549653878770685f,-0.3426546484175823f,0.0000027840163870303384f,0.000006150632978156593f,0.000007376921222621205f,0.4571362304105806f,0.000007377432085273068f,0.000003548592004022775f,-0.000005742907853706963f,0.36349680433690656f,0f,0f,0f,1f],start_interpolation:0}
execute if entity @s[tag=aj.tultaria.bone.right_hand] run data modify entity @s {} merge value {transformation:[-0.6150020210042405f,-0.16063293802480044f,-0.7719906562790901f,-0.4439849570423039f,0.2784016387030338f,0.8717459681612313f,-0.4031767534991359f,0.7438427333944525f,0.7377432085273068f,-0.46287798199542624f,-0.49140505904566817f,0.1284720655842006f,0f,0f,0f,1f],start_interpolation:0}
execute if entity @s[tag=aj.tultaria.bone.right_arm] run data modify entity @s {} merge value {transformation:[-0.6150020210042405f,0.42069828097502016f,-0.6669223871976129f,-0.17918950968821698f,0.2784016387030338f,0.9071620029612344f,0.31551486169565257f,1f,0.7377432085273068f,0.008369992116145114f,-0.6750295560224089f,0.1254698454517913f,0f,0f,0f,1f],start_interpolation:0}
execute if entity @s[tag=aj.tultaria.bone.skirt] run data modify entity @s {} merge value {transformation:[-0.8144650721465891f,0.02710772438948771f,-0.5795790002507638f,0.03504243531927567f,2.710505431213761e-20f,0.9989080090919055f,0.0467203314633544f,0.45044340290301693f,0.5802125871206616f,0.03805207813601351f,-0.8135756836928446f,0.0491903144537791f,0f,0f,0f,1f],start_interpolation:0}
execute if entity @s[tag=aj.tultaria.bone.left_foot] run data modify entity @s {} merge value {transformation:[-0.8144650721465891f,0.2475602153406684f,-0.5247481167510115f,0.16046126644532405f,2.710505431213761e-20f,0.90440664059893f,0.42667156975894005f,-0.0054457552066973225f,0.5802125871206616f,0.34750909084661363f,-0.7366076197852619f,0.009806917461686535f,0f,0f,0f,1f],start_interpolation:0}
execute if entity @s[tag=aj.tultaria.bone.left_leg] run data modify entity @s {} merge value {transformation:[-0.8144650721465891f,0.027903405571936313f,-0.5795412377137104f,0.1002263516688324f,2.710505431213761e-20f,0.9988429251245948f,0.04809169292656777f,0.4375594861511339f,0.5802125871206616f,0.039169004149088645f,-0.8135226750747133f,-0.07474697760742635f,0f,0f,0f,1f],start_interpolation:0}
execute if entity @s[tag=aj.tultaria.bone.right_foot] run data modify entity @s {} merge value {transformation:[-0.8144650721465891f,0.2466290390694121f,-0.5251864081837512f,0.0520556944790839f,2.710505431213761e-20f,0.9051620386072956f,0.4250666816680466f,0.06978959775887128f,0.5802125871206616f,0.34620196555187693f,-0.7372228650786449f,0.28851070913553917f,0f,0f,0f,1f],start_interpolation:0}
execute if entity @s[tag=aj.tultaria.bone.right_leg] run data modify entity @s {} merge value {transformation:[-0.8144650721465891f,-0.19965278161810962f,-0.5447801511118066f,-0.10338991636781489f,2.710505431213761e-20f,0.9389319763214883f,-0.3441028099871085f,0.4375594861511339f,0.5802125871206616f,-0.2802597199619944f,-0.7647272998354206f,0.07030616917273905f,0f,0f,0f,1f],start_interpolation:0}
execute if entity @s[tag=aj.tultaria.bone.lower] run data modify entity @s {} merge value {transformation:[-0.8144650721465891f,0.025308517591859904f,-0.5796603533023057f,0f,2.710505431213761e-20f,0.9990482215818578f,0.043619387365336f,0.5f,0.5802125871206616f,0.035526467477498415f,-0.8136898818685895f,0f,0f,0f,0f,1f],start_interpolation:0}