execute if entity @s[tag=aj.tultaria.bone.head] run data modify entity @s {} merge value {transformation:[-0.9947754190926221f,-0.017727315067345636f,0.1005365996520724f,0f,-6.938893903907228e-18f,0.984807753012208f,0.17364817766693036f,1.0378330258969908f,-0.10208753875521742f,0.17274093871329071f,-0.9796625452283827f,0f,0f,0f,0f,1f],start_interpolation:0}
execute if entity @s[tag=aj.tultaria.bone.bust] run data modify entity @s {} merge value {transformation:[-0.8719803794313973f,0f,0.4895408235139091f,0.1912197779587441f,0f,1f,0f,-0.11841697410300928f,-0.4895408235139091f,0f,-0.8719803794313973f,0.6807606014726532f,0f,0f,0f,1f],start_interpolation:0}
execute if entity @s[tag=aj.tultaria.bone.left_wing] run data modify entity @s {} merge value {transformation:[-0.8912969501140273f,-0.32472004383762754f,-0.31645953903701884f,0.11569137665370097f,-0.39105947724811657f,0.9037568699174714f,0.174057477091346f,0.9440830258969908f,0.22948253086425335f,0.27889140038205534f,-0.93250059239717f,-0.07840124595930542f,0f,0f,0f,1f],start_interpolation:0}
execute if entity @s[tag=aj.tultaria.bone.right_wing] run data modify entity @s {} merge value {transformation:[-0.26817952081764185f,-0.06901915495520627f,0.9608933868350271f,0.006693829224776321f,0.39105947724811657f,0.9037568699174714f,0.174057477091346f,0.9440830258969908f,-0.8804272995929021f,0.42244511634796283f,-0.21537848965322948f,-0.1395938488985441f,0f,0f,0f,1f],start_interpolation:0}
execute if entity @s[tag=aj.tultaria.bone.body] run data modify entity @s {} merge value {transformation:[-0.8719803794313973f,0f,0.4895408235139091f,0.1912197779587441f,0f,1f,0f,-0.11841697410300928f,-0.4895408235139091f,0f,-0.8719803794313973f,0.6807606014726532f,0f,0f,0f,1f],start_interpolation:0}
execute if entity @s[tag=aj.tultaria.bone.left_hand] run data modify entity @s {} merge value {transformation:[-0.044241891777117986f,-0.9557913513149001f,0.2906983793618715f,0.5494637512476791f,-0.9007591436955147f,0.16400960690575883f,0.4021614276525553f,0.9654545404839777f,-0.43205974131004704f,-0.2440568409085377f,-0.8681938944411206f,0.11248353454087805f,0f,0f,0f,1f],start_interpolation:0}
execute if entity @s[tag=aj.tultaria.bone.left_arm] run data modify entity @s {} merge value {transformation:[-0.044241891777117986f,-0.9832378473913399f,0.17687846242328564f,0.19074570800061816f,-0.9007591436955147f,0.11583208123383404f,0.41858797642307105f,0.8815830258969908f,-0.43205974131004704f,-0.14080576839846576f,-0.8907851118675102f,0.10708705514366762f,0f,0f,0f,1f],start_interpolation:0}
execute if entity @s[tag=aj.tultaria.bone.rod] run data modify entity @s {} merge value {transformation:[-0.000001870810096804514f,0.0000011402524472109882f,0.000009757043298987847f,-0.7430344996715852f,0.000009721476405560731f,0.0000016422825853652183f,0.0000016720659095658186f,0.8078148519352111f,-0.0000014117245049301651f,0.000009798098400528313f,-0.0000014157336104451984f,-0.5472636708152014f,0f,0f,0f,1f],start_interpolation:0}
execute if entity @s[tag=aj.tultaria.bone.sword] run data modify entity @s {} merge value {transformation:[-0.18708100968045138f,-0.3891034063481833f,0.9019973586353696f,-0.7203198847708606f,0.9721476405560731f,0.05862254843361557f,0.22691928471685416f,0.838293184408097f,-0.1411724504930165f,0.9193268928859795f,0.36729879286271516f,-0.5888442629776995f,0f,0f,0f,1f],start_interpolation:0}
execute if entity @s[tag=aj.tultaria.bone.right_hand] run data modify entity @s {} merge value {transformation:[-0.18708100968045138f,0.7705551718732514f,0.6092991243357623f,-0.3779139196771458f,0.9721476405560731f,0.23435982959811635f,0.0021059990508521705f,0.8959630379158612f,-0.1411724504930165f,0.592722698544712f,-0.7929376658046149f,-0.4241098670865113f,0f,0f,0f,1f],start_interpolation:0}
execute if entity @s[tag=aj.tultaria.bone.right_arm] run data modify entity @s {} merge value {transformation:[-0.18708100968045138f,0.685393671015983f,0.7037302121894278f,-0.19074570800061816f,0.9721476405560731f,0.23212430278783325f,0.03236159786726597f,0.8815830258969908f,-0.1411724504930165f,0.6901839057718576f,-0.7097298890671719f,-0.10708705514366762f,0f,0f,0f,1f],start_interpolation:0}
execute if entity @s[tag=aj.tultaria.bone.skirt] run data modify entity @s {} merge value {transformation:[-0.9973520124337374f,-0.023633091313167598f,0.0687781963223649f,-0.004392304201278465f,1.734723475976807e-18f,0.9457263856144901f,0.3249640034720043f,0.33202642880000766f,-0.07272525898458038f,0.3241035028313275f,-0.9432221139042962f,0.0602359275928471f,0f,0f,0f,1f],start_interpolation:0}
execute if entity @s[tag=aj.tultaria.bone.left_foot] run data modify entity @s {} merge value {transformation:[-0.9973520124337374f,-0.05467349152831516f,0.04795594455828742f,0.1307836478957902f,1.734723475976807e-18f,0.6594124961240128f,0.7517813245588765f,-0.12853261588282727f,-0.07272525898458038f,0.749790616958896f,-0.6576663800332379f,-0.07476541848334303f,0f,0f,0f,1f],start_interpolation:0}
execute if entity @s[tag=aj.tultaria.bone.left_leg] run data modify entity @s {} merge value {transformation:[-0.9973520124337374f,-0.03215977432806424f,0.06522815503708707f,0.12486726600689797f,1.734723475976807e-18f,0.896911966321318f,0.4422091413230022f,0.3191425120481246f,-0.07272525898458038f,0.4410381770150912f,-0.8945369545864668f,0.00637166463745101f,0f,0f,0f,1f],start_interpolation:0}
execute if entity @s[tag=aj.tultaria.bone.right_foot] run data modify entity @s {} merge value {transformation:[-0.9973520124337374f,-0.0460993805311667f,0.056247759146627135f,-0.14894742321132753f,1.734723475976807e-18f,0.7734281036875112f,0.6338840338944818f,0.012946349282972669f,-0.07272525898458038f,0.6322055168542766f,-0.7713800756855487f,0.3238628863684198f,0f,0f,0f,1f],start_interpolation:0}
execute if entity @s[tag=aj.tultaria.bone.right_leg] run data modify entity @s {} merge value {transformation:[-0.9973520124337374f,0.038279369749185575f,0.06183569475617966f,-0.12447073710153637f,1.734723475976807e-18f,0.8502643458346489f,-0.5263559083000556f,0.3191425120481246f,-0.07272525898458038f,-0.5249621243994482f,-0.8480128564188423f,-0.011809650108694083f,0f,0f,0f,1f],start_interpolation:0}
execute if entity @s[tag=aj.tultaria.bone.lower] run data modify entity @s {} merge value {transformation:[-0.9973520124337374f,-0.003172231242892797f,0.07265604065262504f,0f,1.734723475976807e-18f,0.9990482215818578f,0.04361938736533599f,0.3815830258969907f,-0.07272525898458038f,0.04350388376994459f,-0.9964027543130121f,0f,0f,0f,0f,1f],start_interpolation:0}