execute if entity @s[tag=aj.tultaria.bone.head] run data modify entity @s {} merge value {transformation:[-0.9979615836232585f,-0.011081798436471474f,0.06284800200142865f,0f,0f,0.984807753012208f,0.17364817766693033f,1.053972356898009f,-0.06381753373609922f,0.17329421037778275f,-0.982800304760526f,0f,0f,0f,0f,1f],start_interpolation:0}
execute if entity @s[tag=aj.tultaria.bone.bust] run data modify entity @s {} merge value {transformation:[-0.9236348061725754f,0f,0.38327372050083097f,0.27018054283587223f,0f,1f,0f,-0.102277643101991f,-0.38327372050083097f,0f,-0.9236348061725754f,0.6534542633367032f,0f,0f,0f,1f],start_interpolation:0}
execute if entity @s[tag=aj.tultaria.bone.left_wing] run data modify entity @s {} merge value {transformation:[-0.8911889823683778f,-0.2751958155867482f,-0.36062371079666905f,0.10563639044838985f,-0.3530383923929651f,0.919958149444532f,0.17041389839793825f,0.960222356898009f,0.28486152987338575f,0.27918500381312833f,-0.9170112553529851f,-0.09149974324026999f,0f,0f,0f,1f],start_interpolation:0}
execute if entity @s[tag=aj.tultaria.bone.right_wing] run data modify entity @s {} merge value {transformation:[-0.4276751140910224f,-0.003321770014941272f,0.903926414389578f,-0.009817960323182107f,0.3530383923929651f,0.919958149444532f,0.17041389839793825f,0.960222356898009f,-0.8321405471936948f,0.3920025116176679f,-0.392270494176682f,-0.13940895830287392f,0f,0f,0f,1f],start_interpolation:0}
execute if entity @s[tag=aj.tultaria.bone.body] run data modify entity @s {} merge value {transformation:[-0.9236348061725754f,0f,0.38327372050083097f,0.27018054283587223f,0f,1f,0f,-0.102277643101991f,-0.38327372050083097f,0f,-0.9236348061725754f,0.6534542633367032f,0f,0f,0f,1f],start_interpolation:0}
execute if entity @s[tag=aj.tultaria.bone.left_hand] run data modify entity @s {} merge value {transformation:[-0.08105509429318375f,-0.9827675293298892f,0.16612662334481074f,0.5573817085629971f,-0.9040811622231562f,0.14266221979766602f,0.4028458056820622f,0.9872801049869186f,-0.4196037700049303f,-0.11753924594461182f,-0.9000651097895207f,0.04566388555835467f,0f,0f,0f,1f],start_interpolation:0}
execute if entity @s[tag=aj.tultaria.bone.left_arm] run data modify entity @s {} merge value {transformation:[-0.08105509429318375f,-0.9948053550144516f,0.06158228092311996f,0.20204511385025087f,-0.9040811622231562f,0.09939287960865395f,0.41564204262361015f,0.897722356898009f,-0.4196037700049303f,-0.021985475152258904f,-0.9074410807760354f,0.08384112635955678f,0f,0f,0f,1f],start_interpolation:0}
execute if entity @s[tag=aj.tultaria.bone.rod] run data modify entity @s {} merge value {transformation:[-0.0000018576169801671007f,0.0000021625034012210426f,0.000009585031987150712f,-0.8007023549524113f,0.000009756044307157084f,0.000001567430100166903f,0.000001537127957548958f,0.8343464219283682f,-0.0000011699823211411036f,0.000009636739174679277f,-0.0000024009163765985443f,-0.46309691953016635f,0f,0f,0f,1f],start_interpolation:0}
execute if entity @s[tag=aj.tultaria.bone.sword] run data modify entity @s {} merge value {transformation:[-0.18576169801671005f,-0.291973311234768f,0.9382132897569475f,-0.781904969124831f,0.9756044307157083f,0.058887030662644634f,0.2114906910188137f,0.8647336220263764f,-0.11699823211411034f,0.954611912321621f,0.2739115012843213f,-0.5066526824238717f,0f,0f,0f,1f],start_interpolation:0}
execute if entity @s[tag=aj.tultaria.bone.right_hand] run data modify entity @s {} merge value {transformation:[-0.18576169801671005f,0.8306761935346608f,0.5248520296661863f,-0.42359227866864013f,0.9756044307157083f,0.2195254055198222f,-0.0021426850529630975f,0.9164006133666811f,-0.11699823211411034f,0.5116499367987104f,-0.8511907869896435f,-0.37762704160435534f,0f,0f,0f,1f],start_interpolation:0}
execute if entity @s[tag=aj.tultaria.bone.right_arm] run data modify entity @s {} merge value {transformation:[-0.18576169801671005f,0.7627698743998054f,0.6194148127531773f,-0.20204511385025087f,0.9756044307157083f,0.2182380011291194f,0.023836309090231572f,0.897722356898009f,-0.11699823211411034f,0.6087317090239932f,-0.7847019307424326f,-0.08384112635955678f,0f,0f,0f,1f],start_interpolation:0}
execute if entity @s[tag=aj.tultaria.bone.skirt] run data modify entity @s {} merge value {transformation:[-0.9998437890015769f,0.005208901897718616f,-0.016889787920227422f,0.00106748301881339f,-1.734723475976807e-18f,0.9555872696330115f,0.29470827968573626f,0.34816575980102593f,0.01767477284069907f,0.2946622430111229f,-0.9554379963915416f,0.06038642056929548f,0f,0f,0f,1f],start_interpolation:0}
execute if entity @s[tag=aj.tultaria.bone.left_foot] run data modify entity @s {} merge value {transformation:[-0.9998437890015769f,0.012738812758729276f,-0.01225235669038218f,0.12385896264499816f,-1.734723475976807e-18f,0.6932115507685079f,0.7207341714398731f,-0.11565446179942529f,0.01767477284069907f,0.7206215848353547f,-0.6931032635000438f,-0.06565207358978349f,0f,0f,0f,1f],start_interpolation:0}
execute if entity @s[tag=aj.tultaria.bone.left_leg] run data modify entity @s {} merge value {transformation:[-0.9998437890015769f,0.007080354463446795f,-0.01619463416203854f,0.12493228845250132f,-1.734723475976807e-18f,0.916256990004853f,0.4005909737715603f,0.3352818430491429f,0.01767477284069907f,0.40052839705558807f,-0.9161138605856319f,-0.0049351324511677f,0f,0f,0f,1f],start_interpolation:0}
execute if entity @s[tag=aj.tultaria.bone.right_foot] run data modify entity @s {} merge value {transformation:[-0.9998437890015769f,0.010820652098588361f,-0.013975374167857976f,-0.11920451623312055f,-1.734723475976807e-18f,0.790696112126392f,0.6122088355032197f,0.021515001174243542f,0.01767477284069907f,0.6121132017497822f,-0.7905725966972674f,0.3289493378941097f,0f,0f,0f,1f],start_interpolation:0}
execute if entity @s[tag=aj.tultaria.bone.right_leg] run data modify entity @s {} merge value {transformation:[-0.9998437890015769f,-0.00895924004324277f,-0.015235800366829172f,-0.1250286587978929f,-1.734723475976807e-18f,0.8620082704398986f,-0.5068942115404502f,0.3352818430491429f,0.01767477284069907f,-0.5068150290895705f,-0.8618736152673241f,-0.0005164392409929318f,0f,0f,0f,1f],start_interpolation:0}
execute if entity @s[tag=aj.tultaria.bone.lower] run data modify entity @s {} merge value {transformation:[-0.9998437890015769f,0.0007709627631327688f,-0.017657950373363818f,0f,-1.734723475976807e-18f,0.9990482215818578f,0.043619387365336f,0.397722356898009f,0.01767477284069907f,0.04361257353728505f,-0.9988921592616915f,0f,0f,0f,0f,1f],start_interpolation:0}