execute if entity @s[tag=aj.tultaria.bone.head] run data modify entity @s {} merge value {transformation:[-0.9967416209450827f,0.014006575546449532f,-0.07943523725168128f,0f,0f,0.984807753012208f,0.17364817766693036f,1.15625f,0.08066065382681503f,0.17308236608189587f,-0.9815988760566728f,0f,0f,0f,0f,1f],start_interpolation:0}
execute if entity @s[tag=aj.tultaria.bone.bust] run data modify entity @s {} merge value {transformation:[-0.8692660274149044f,0f,-0.49434458991912794f,0.6818053086670162f,0f,1f,0f,0f,0.49434458991912794f,0f,-0.8692660274149044f,0.18746071874788825f,0f,0f,0f,1f],start_interpolation:0}
execute if entity @s[tag=aj.tultaria.bone.left_wing] run data modify entity @s {} merge value {transformation:[-0.6139196065946606f,0f,-0.7893685556434695f,-0.007463947026459472f,0f,1f,0f,1.0625f,0.7893685556434695f,0f,-0.6139196065946606f,-0.1395547902968086f,0f,0f,0f,1f],start_interpolation:0}
execute if entity @s[tag=aj.tultaria.bone.right_wing] run data modify entity @s {} merge value {transformation:[-0.9922745754773898f,0f,-0.12406114162446585f,-0.11612220045332255f,0f,1f,0f,1.0625f,0.12406114162446585f,0f,-0.9922745754773898f,-0.07776171655691758f,0f,0f,0f,1f],start_interpolation:0}
execute if entity @s[tag=aj.tultaria.bone.body] run data modify entity @s {} merge value {transformation:[-0.8692660274149044f,0f,-0.49434458991912794f,0.6818053086670162f,0f,1f,0f,0f,0.49434458991912794f,0f,-0.8692660274149044f,0.18746071874788825f,0f,0f,0f,1f],start_interpolation:0}
execute if entity @s[tag=aj.tultaria.bone.left_hand] run data modify entity @s {} merge value {transformation:[-0.9389820396159618f,-0.3170014286081724f,-0.1335021480689586f,0.3007156440572287f,-0.24999999999999994f,0.8955432642790331f,-0.36810631861522547f,0.7381777511514147f,0.2362471783506596f,-0.312269684831608f,-0.9201493980091059f,-0.3425882269359988f,0f,0f,0f,1f],start_interpolation:0}
execute if entity @s[tag=aj.tultaria.bone.left_arm] run data modify entity @s {} merge value {transformation:[-0.9389820396159618f,-0.1499760101628409f,-0.30954793757071586f,0.19015194349701034f,-0.24999999999999994f,0.9156751133619656f,0.31470476127563013f,1f,0.2362471783506596f,0.3728891030121245f,-0.8972964881109058f,-0.10813787904480923f,0f,0f,0f,1f],start_interpolation:0}
execute if entity @s[tag=aj.tultaria.bone.rod] run data modify entity @s {} merge value {transformation:[-0.000006830904501870301f,0.00000435751634861702f,-0.000005860955123344954f,-0.3179865463566335f,0.0000024999999999999998f,0.000008935351891080826f,0.0000037295424092719908f,0.44836231687368056f,0.000006862123846618339f,0.0000010823760225049854f,-0.000007193032633012187f,0.31847629261898147f,0f,0f,0f,1f],start_interpolation:0}
execute if entity @s[tag=aj.tultaria.bone.sword] run data modify entity @s {} merge value {transformation:[-0.000006830904501870301f,0.000006704197416980825f,-0.0000028969778529487786f,-0.37320289075866064f,0.0000024999999999999998f,0.000005873470524793325f,0.000007697554416461378f,0.43891983318859185f,0.000006862123846618339f,0.0000045338814484425675f,-0.000005688160979186531f,0.31249106599557297f,0f,0f,0f,1f],start_interpolation:0}
execute if entity @s[tag=aj.tultaria.bone.right_hand] run data modify entity @s {} merge value {transformation:[-0.6830904501870301f,-0.10630917527089168f,-0.7225550471185593f,-0.44817186797303776f,0.24999999999999994f,0.8955432642790331f,-0.36810631861522547f,0.7381777511514147f,0.6862123846618339f,-0.4320886726792046f,-0.5851597577406041f,0.08329807064670422f,0f,0f,0f,1f],start_interpolation:0}
execute if entity @s[tag=aj.tultaria.bone.right_arm] run data modify entity @s {} merge value {transformation:[-0.6830904501870301f,0.39714830512240484f,-0.6129116254417776f,-0.19015194349701034f,0.24999999999999994f,0.9156751133619656f,0.31470476127563013f,1f,0.6862123846618339f,0.061743910695327614f,-0.7247760016920861f,0.10813787904480923f,0f,0f,0f,1f],start_interpolation:0}
execute if entity @s[tag=aj.tultaria.bone.skirt] run data modify entity @s {} merge value {transformation:[-0.8436603521903883f,0.03311793393979451f,-0.535854842838571f,0.03242516218653097f,0f,0.9980955912688716f,0.061686227714471895f,0.45044340290301693f,0.5368772766116946f,0.05204222459888784f,-0.8420536780495701f,0.050953588355919066f,0f,0f,0f,1f],start_interpolation:0}
execute if entity @s[tag=aj.tultaria.bone.left_foot] run data modify entity @s {} merge value {transformation:[-0.8436603521903883f,0.23951222278831358f,-0.48049048406497236f,0.15457593523594843f,0f,0.894972659482653f,0.4461209911879819f,-0.00758625935105528f,0.5368772766116946f,0.3763745925451779f,-0.7550529490999034f,0.010076023324100292f,0f,0f,0f,1f],start_interpolation:0}
execute if entity @s[tag=aj.tultaria.bone.left_leg] run data modify entity @s {} merge value {transformation:[-0.8436603521903883f,0.03740469275965922f,-0.5355726833040925f,0.10399390290528777f,0f,0.9975700344111494f,0.06967084357849027f,0.4375594861511339f,0.5368772766116946f,0.05877852843083055f,-0.841610286565888f,-0.06940965630814734f,0f,0f,0f,1f],start_interpolation:0}
execute if entity @s[tag=aj.tultaria.bone.right_foot] run data modify entity @s {} merge value {transformation:[-0.8436603521903883f,0.2345320129135593f,-0.4829409333041714f,0.039019940024187974f,0f,0.8995369227620829f,0.43684473739272905f,0.07267881579661367f,0.5368772766116946f,0.3685485850012675f,-0.758903637065717f,0.2941446457557416f,0f,0f,0f,1f],start_interpolation:0}
execute if entity @s[tag=aj.tultaria.bone.right_leg] run data modify entity @s {} merge value {transformation:[-0.8436603521903883f,-0.1901269720721848f,-0.5020845990793312f,-0.10692118514230929f,0f,0.935194356237342f,-0.35413488399453574f,0.4375594861511339f,0.5368772766116946f,-0.29876956095373236f,-0.7889863999496595f,0.06480966284477631f,0f,0f,0f,1f],start_interpolation:0}
execute if entity @s[tag=aj.tultaria.bone.lower] run data modify entity @s {} merge value {transformation:[-0.8436603521903883f,0.02341825789617215f,-0.5363662884066247f,0f,0f,0.9990482215818578f,0.043619387365336f,0.5f,0.5368772766116946f,0.03679994770696834f,-0.8428573744749313f,0f,0f,0f,0f,1f],start_interpolation:0}