execute if entity @s[tag=aj.tultaria.bone.head] run data modify entity @s {} merge value {transformation:[-0.9851314664848209f,-0.029833137845752557f,0.16919213228676555f,0f,-3.469446951953614e-18f,0.984807753012208f,0.17364817766693033f,1.563604148582176f,-0.1718021936456751f,0.17106628391743986f,-0.970165105930538f,0f,0f,0f,0f,1f],start_interpolation:0}
execute if entity @s[tag=aj.tultaria.bone.bust] run data modify entity @s {} merge value {transformation:[-0.9989771033069312f,0f,-0.04521887955813228f,0.5220979914325318f,0f,1f,0f,0.4073541485821759f,0.04521887955813228f,0f,-0.9989771033069312f,0.47687911187439946f,0f,0f,0f,1f],start_interpolation:0}
execute if entity @s[tag=aj.tultaria.bone.left_wing] run data modify entity @s {} merge value {transformation:[-0.8628365340773366f,-0.0656914156301756f,-0.5011963221871372f,0.05678370901191665f,-0.12041028533542958f,0.9896885714931727f,0.07757509033989934f,1.469854148582176f,0.49093225464095297f,0.12728381424323612f,-0.8618493789432373f,-0.1276983178857497f,0f,0f,0f,1f],start_interpolation:0}
execute if entity @s[tag=aj.tultaria.bone.right_wing] run data modify entity @s {} merge value {transformation:[-0.9036613667186922f,0.07692225907024873f,0.4212826846188137f,-0.06808842890144973f,0.12041028533542958f,0.9896885714931727f,0.07757509033989934f,1.469854148582176f,-0.4109714071386788f,0.12082838042170661f,-0.9036055583046851f,-0.12204595794098316f,0f,0f,0f,1f],start_interpolation:0}
execute if entity @s[tag=aj.tultaria.bone.body] run data modify entity @s {} merge value {transformation:[-0.9989771033069312f,0f,-0.04521887955813228f,0.5220979914325318f,0f,1f,0f,0.4073541485821759f,0.04521887955813228f,0f,-0.9989771033069312f,0.47687911187439946f,0f,0f,0f,1f],start_interpolation:0}
execute if entity @s[tag=aj.tultaria.bone.left_hand] run data modify entity @s {} merge value {transformation:[-0.6993118786419478f,-0.6815650959008999f,0.21548066372616081f,0.5252398435998706f,-0.6597738357967052f,0.7314370105250494f,0.1723321944161363f,1.295560798132499f,-0.2750661411158629f,-0.021654553418991418f,-0.9611814076062085f,-0.18068741582663925f,0f,0f,0f,1f],start_interpolation:0}
execute if entity @s[tag=aj.tultaria.bone.left_arm] run data modify entity @s {} merge value {transformation:[-0.6993118786419478f,-0.7134750340515763f,-0.04377524614861348f,0.21852624134839121f,-0.6597738357967052f,0.6206859741202282f,0.4236123311809107f,1.407354148582176f,-0.2750661411158629f,0.3251188971984333f,-0.9047852345701176f,-0.009891629903341435f,0f,0f,0f,1f],start_interpolation:0}
execute if entity @s[tag=aj.tultaria.bone.rod] run data modify entity @s {} merge value {transformation:[-0.000006944380272043879f,0.0000064964257238190525f,0.0000030938706262786553f,-0.7533243007983186f,0.0000070105738464997796f,0.000005139930250438064f,0.000004942971916105229f,0.9998121853499555f,0.000001620937068494974f,0.000005601568515651112f,-0.00000812373025059579f,0.05971585613967567f,0f,0f,0f,1f],start_interpolation:0}
execute if entity @s[tag=aj.tultaria.bone.sword] run data modify entity @s {} merge value {transformation:[-0.6944380272043879f,0.4079134397486681f,0.5927583420289312f,-0.786303472505479f,0.7010573846499779f,0.1979824212506861f,0.6850704374759202f,1.0210673978054958f,0.1620937068494974f,0.8912965760890847f,-0.4234572512682523f,0.019287916518919868f,0f,0f,0f,1f],start_interpolation:0}
execute if entity @s[tag=aj.tultaria.bone.right_hand] run data modify entity @s {} merge value {transformation:[-0.6944380272043879f,0.6781363582742684f,-0.24059697828316698f,-0.5290977887308637f,0.7010573846499779f,0.7129688496003294f,-0.01392705738179556f,1.2654346217773547f,0.1620937068494974f,-0.17834376660286105f,-0.9705251831424538f,-0.12847870422920402f,0f,0f,0f,1f],start_interpolation:0}
execute if entity @s[tag=aj.tultaria.bone.right_arm] run data modify entity @s {} merge value {transformation:[-0.6944380272043879f,0.7192988683841549f,0.019104039199916427f,-0.21852624134839121f,0.7010573846499779f,0.6703690260728128f,0.24315409169890886f,1.407354148582176f,0.1620937068494974f,0.18224847550380915f,-0.9697995274160154f,0.009891629903341435f,0f,0f,0f,1f],start_interpolation:0}
execute if entity @s[tag=aj.tultaria.bone.skirt] run data modify entity @s {} merge value {transformation:[-0.9526895895837326f,0.04866650006871375f,-0.3000235285270827f,0.01835701646652464f,0f,0.9870981800550145f,0.1601161545006568f,0.8577975514851928f,0.3039449718267754f,0.1525409935169562f,-0.940398160035461f,0.05753850237549663f,0f,0f,0f,1f],start_interpolation:0}
execute if entity @s[tag=aj.tultaria.bone.left_foot] run data modify entity @s {} merge value {transformation:[-0.9526895895837326f,0.1729554311694215f,-0.24993792174813897f,0.1273325334093502f,0f,0.8223130662302377f,0.5690353425816579f,0.3908874282366508f,0.3039449718267754f,0.5421140469827581f,-0.7834090975762258f,-0.012145688686349507f,0f,0f,0f,1f],start_interpolation:0}
execute if entity @s[tag=aj.tultaria.bone.left_leg] run data modify entity @s {} merge value {transformation:[-0.9526895895837326f,0.06414288112131815f,-0.29709970834761146f,0.11825758035647543f,0f,0.9774786092429083f,0.21103451962309322f,0.8449136347333098f,0.3039449718267754f,0.20105038988772478f,-0.931233695066504f,-0.04059035499378291f,0f,0f,0f,1f],start_interpolation:0}
execute if entity @s[tag=aj.tultaria.bone.right_foot] run data modify entity @s {} merge value {transformation:[-0.9526895895837326f,0.15584523281782237f,-0.2609498214345779f,-0.02965679827011758f,0f,0.8585429785734326f,0.512741605433242f,0.5001689459009395f,0.3039449718267754f,0.48848358964269933f,-0.8179249578971188f,0.31830194935026546f,0f,0f,0f,1f],start_interpolation:0}
execute if entity @s[tag=aj.tultaria.bone.right_leg] run data modify entity @s {} merge value {transformation:[-0.9526895895837326f,-0.12746846850300694f,-0.2759245103941969f,-0.11991481703945772f,0f,0.907810741976847f,-0.41938008626000184f,0.8449136347333098f,0.3039449718267754f,-0.3995390422586315f,-0.864861843193626f,0.03539588796291093f,0f,0f,0f,1f],start_interpolation:0}
execute if entity @s[tag=aj.tultaria.bone.lower] run data modify entity @s {} merge value {transformation:[-0.9526895895837326f,0.013257893463858252f,-0.3036556835622879f,0f,0f,0.9990482215818578f,0.04361938736533601f,0.9073541485821759f,0.3039449718267754f,0.04155573624697581f,-0.9517828401931779f,0f,0f,0f,0f,1f],start_interpolation:0}