execute if entity @s[tag=aj.tultaria.bone.head] run data modify entity @s {} merge value {transformation:[-0.9853172100336764f,0.029647595513202417f,-0.16813986942940445f,0f,0f,0.984807753012208f,0.17364817766693033f,1.154779638781931f,0.17073369793761167f,0.17109853794621196f,-0.9703480276175229f,0f,0f,0f,0f,1f],start_interpolation:0}
execute if entity @s[tag=aj.tultaria.bone.bust] run data modify entity @s {} merge value {transformation:[-0.8266829186329727f,0f,-0.5626680655950449f,0.6946754921140088f,0f,1f,0f,-0.001470361218069094f,0.5626680655950449f,0f,-0.8266829186329727f,0.1320074265189639f,0f,0f,0f,1f],start_interpolation:0}
execute if entity @s[tag=aj.tultaria.bone.left_wing] run data modify entity @s {} merge value {transformation:[-0.5453259331137407f,0.0002507065379334203f,-0.8382240534724947f,-0.01866582578481979f,-0.00608995144457486f,0.999972377623878f,0.004261042202447956f,1.061029638781931f,0.8382019680035537f,0.007428400600409174f,-0.5453093431250643f,-0.1385021189288118f,0f,0f,0f,1f],start_interpolation:0}
execute if entity @s[tag=aj.tultaria.bone.right_wing] run data modify entity @s {} merge value {transformation:[-0.9798066915100275f,0.006818651045343819f,-0.199830811613463f,-0.12200119061394132f,0.00608995144457486f,0.999972377623878f,0.004261042202447956f,1.061029638781931f,0.19985434637149185f,0.0029580377229091563f,-0.9798211521748516f,-0.06816861072943126f,0f,0f,0f,1f],start_interpolation:0}
execute if entity @s[tag=aj.tultaria.bone.body] run data modify entity @s {} merge value {transformation:[-0.8266829186329727f,0f,-0.5626680655950449f,0.6946754921140088f,0f,1f,0f,-0.001470361218069094f,0.5626680655950449f,0f,-0.8266829186329727f,0.1320074265189639f,0f,0f,0f,1f],start_interpolation:0}
execute if entity @s[tag=aj.tultaria.bone.left_hand] run data modify entity @s {} merge value {transformation:[-0.908694807710667f,-0.3428114389178064f,-0.2382311142289705f,0.28158470274134173f,-0.28986113839991406f,0.9287982224618965f,-0.23089907404995613f,0.7471841226098721f,0.30042347925083945f,-0.14076284772170655f,-0.9433618361032505f,-0.37291857869069966f,0f,0f,0f,1f],start_interpolation:0}
execute if entity @s[tag=aj.tultaria.bone.left_arm] run data modify entity @s {} merge value {transformation:[-0.908694807710667f,-0.15136419444162852f,-0.3890535015659293f,0.1808368884509628f,-0.28986113839991406f,0.8994437136426394f,0.32708030578780406f,0.9985296387819309f,0.30042347925083945f,0.4099876664361679f,-0.861194430128903f,-0.12308363934891607f,0f,0f,0f,1f],start_interpolation:0}
execute if entity @s[tag=aj.tultaria.bone.rod] run data modify entity @s {} merge value {transformation:[-0.000005745271566179905f,0.000007002216324842901f,-0.000004238020902608703f,-0.46852533341911323f,0.000005495714468608774f,0.000007137332687671007f,0.0000043423040640916865f,0.5280630305869993f,0.000006065391752423655f,1.6567632784003577e-7f,-0.000007948809611761032f,0.4314234761142568f,0f,0f,0f,1f],start_interpolation:0}
execute if entity @s[tag=aj.tultaria.bone.sword] run data modify entity @s {} merge value {transformation:[-0.1149054313235987f,0.16366215342824908f,-0.0033825120201428777f,-0.523735781902534f,0.10991428937217605f,0.08019918781476668f,0.14658423948590707f,0.5359728397388543f,0.12130783504847374f,0.08235769429191456f,-0.13602065779421985f,0.42348185018244877f,0f,0f,0f,1f],start_interpolation:0}
execute if entity @s[tag=aj.tultaria.bone.right_hand] run data modify entity @s {} merge value {transformation:[-0.5745271566179905f,0.19545813275866125f,-0.7948047965676506f,-0.4945791332055715f,0.5495714468608773f,0.8117328992729711f,-0.19763836933434398f,0.8077580716475705f,0.6065391752423654f,-0.5503506323939259f,-0.5737808033734808f,0.1533193885448495f,0f,0f,0f,1f],start_interpolation:0}
execute if entity @s[tag=aj.tultaria.bone.right_arm] run data modify entity @s {} merge value {transformation:[-0.5745271566179905f,0.6059574552055857f,-0.5502127850106879f,-0.1808368884509628f,0.5495714468608773f,0.7837562838469977f,0.2893048778116025f,0.9985296387819309f,0.6065391752423654f,-0.1361677274948614f,-0.7833061846335674f,0.12308363934891607f,0f,0f,0f,1f],start_interpolation:0}
execute if entity @s[tag=aj.tultaria.bone.skirt] run data modify entity @s {} merge value {transformation:[-0.782693330625542f,0.044618426653798525f,-0.6208062066355617f,0.03759083578872978f,0f,0.9974271891913579f,0.07168683464784438f,0.44897304168494784f,0.6224075434908354f,0.05610880737252382f,-0.7806796087646564f,0.04727143295767583f,0f,0f,0f,1f],start_interpolation:0}
execute if entity @s[tag=aj.tultaria.bone.left_foot] run data modify entity @s {} merge value {transformation:[-0.782693330625542f,0.2856922997769059f,-0.5529656951769057f,0.15076895088333f,0f,0.8884302591763944f,0.45901162793524625f,-0.010372035004714952f,0.6224075434908354f,0.35926533986448994f,-0.6953684385832856f,-0.011237247606255427f,0f,0f,0f,1f],start_interpolation:0}
execute if entity @s[tag=aj.tultaria.bone.left_leg] run data modify entity @s {} merge value {transformation:[-0.782693330625542f,0.052334458149516f,-0.6202033978337209f,0.09613985159452813f,0f,0.9964586777905161f,0.08408390723543117f,0.4360891249330648f,0.6224075434908354f,0.06581191340610873f,-0.7799215613505828f,-0.07993473065990571f,0f,0f,0f,1f],start_interpolation:0}
execute if entity @s[tag=aj.tultaria.bone.right_foot] run data modify entity @s {} merge value {transformation:[-0.782693330625542f,0.27677197786712904f,-0.5574840109472322f,0.07127916902198873f,0f,0.8956896759646049f,0.4446796648942034f,0.07316391356519691f,0.6224075434908354f,0.34804780797749385f,-0.7010503356876491f,0.2904684110865107f,0f,0f,0f,1f],start_interpolation:0}
execute if entity @s[tag=aj.tultaria.bone.right_leg] run data modify entity @s {} merge value {transformation:[-0.782693330625542f,-0.22457774249967966f,-0.5804791019218899f,-0.09953348106185737f,0f,0.9326350684411926f,-0.3608210486012312f,0.4360891249330648f,0.6224075434908354f,-0.2824122282894982f,-0.7299672479764172f,0.07566715521280314f,0f,0f,0f,1f],start_interpolation:0}
execute if entity @s[tag=aj.tultaria.bone.lower] run data modify entity @s {} merge value {transformation:[-0.782693330625542f,0.027149035738633965f,-0.6218151494236519f,0f,0f,0.9990482215818578f,0.043619387365336f,0.4985296387819309f,0.6224075434908354f,0.03414060357682053f,-0.7819483800054287f,0f,0f,0f,0f,1f],start_interpolation:0}