execute if entity @s[tag=aj.tultaria.bone.head] run data modify entity @s {} merge value {transformation:[-0.9361216899204822f,0.061067939162648445f,-0.3463334931346486f,0f,-1.734723475976807e-18f,0.984807753012208f,0.17364817766693033f,1.0350000000000001f,0.35167624551627114f,0.1625558255291789f,-0.9218998979965811f,0f,0f,0f,0f,1f],start_interpolation:0}
execute if entity @s[tag=aj.tultaria.bone.bust] run data modify entity @s {} merge value {transformation:[-0.8752686866492198f,0f,-0.4836369776716312f,0.6794528321604255f,0f,1f,0f,-0.12124999999999997f,0.4836369776716312f,0f,-0.8752686866492198f,0.19581585448879427f,0f,0f,0f,1f],start_interpolation:0}
execute if entity @s[tag=aj.tultaria.bone.left_wing] run data modify entity @s {} merge value {transformation:[-0.26367566073694976f,0.06972945295516242f,-0.9620878074923861f,-0.0057503292933777095f,-0.3971312574337452f,0.9010877016016581f,0.1741485526535712f,0.94125f,0.8790687745017596f,0.42799387543844014f,-0.2099031497695058f,-0.13963589693562947f,0f,0f,0f,1f],start_interpolation:0}
execute if entity @s[tag=aj.tultaria.bone.right_wing] run data modify entity @s {} merge value {transformation:[-0.8845669478528262f,0.32524078977540927f,0.3343048660019826f,-0.11515891512453014f,0.3971312574337452f,0.9010877016016581f,0.1741485526535712f,0.94125f,-0.24459779053668496f,0.28680896549534374f,-0.9262356817657493f,-0.07918127472667555f,0f,0f,0f,1f],start_interpolation:0}
execute if entity @s[tag=aj.tultaria.bone.body] run data modify entity @s {} merge value {transformation:[-0.8752686866492198f,0f,-0.4836369776716312f,0.6794528321604255f,0f,1f,0f,-0.12124999999999997f,0.4836369776716312f,0f,-0.8752686866492198f,0.19581585448879427f,0f,0f,0f,1f],start_interpolation:0}
execute if entity @s[tag=aj.tultaria.bone.left_hand] run data modify entity @s {} merge value {transformation:[-0.4655391682191866f,-0.8774592984741963f,0.11549226110419258f,0.46802350633160983f,-0.8722110522839114f,0.4770020167102431f,0.10824489054063033f,0.8805061535494336f,-0.15007052717832348f,-0.05034139028207418f,-0.9873928201566425f,-0.34921808154328965f,0f,0f,0f,1f],start_interpolation:0}
execute if entity @s[tag=aj.tultaria.bone.left_arm] run data modify entity @s {} merge value {transformation:[-0.4655391682191866f,-0.787641607705269f,-0.40360126444951444f,0.19146502520451683f,-0.8722110522839114f,0.33098533024002297f,0.36013412979013104f,0.87875f,-0.15007052717832348f,0.5196820267984663f,-0.8410763508118975f,-0.10579558886566932f,0f,0f,0f,1f],start_interpolation:0}
execute if entity @s[tag=aj.tultaria.bone.rod] run data modify entity @s {} merge value {transformation:[-0.0000012019671687186041f,0.000004864645190708408f,-0.000008653929864162303f,-0.1443937479346472f,0.000009276541172445234f,0.000003654972835802681f,7.661314805390564e-7f,0.7428575792995434f,0.0000035356836398709438f,-0.000007935767180182527f,-0.000004952023875213737f,0.7434911507913872f,0f,0f,0f,1f],start_interpolation:0}
execute if entity @s[tag=aj.tultaria.bone.sword] run data modify entity @s {} merge value {transformation:[-0.12019671687186041f,0.3782637723291752f,-0.9178612464836546f,-0.19295806452413533f,0.9276541172445233f,0.37207899892436336f,0.03185996419847534f,0.7622715236880643f,0.35356836398709435f,-0.8476283012634405f,-0.3956206198932809f,0.7644299674359686f,0f,0f,0f,1f],start_interpolation:0}
execute if entity @s[tag=aj.tultaria.bone.right_hand] run data modify entity @s {} merge value {transformation:[-0.12019671687186041f,-0.2679428888445502f,-0.9559076093278384f,-0.3643607824173334f,0.9276541172445233f,0.3126192842418357f,-0.2042719312079045f,0.8345558194892437f,0.35356836398709435f,-0.9113044449786029f,0.21098251242633922f,0.4281247979777036f,0f,0f,0f,1f],start_interpolation:0}
execute if entity @s[tag=aj.tultaria.bone.right_arm] run data modify entity @s {} merge value {transformation:[-0.12019671687186041f,0.20529068773937537f,-0.9712921716871399f,-0.19146502520451683f,0.9276541172445233f,0.37167802240476566f,-0.03623929387511643f,0.87875f,0.35356836398709435f,-0.9053790262584931f,-0.2351132297398697f,0.10579558886566932f,0f,0f,0f,1f],start_interpolation:0}
execute if entity @s[tag=aj.tultaria.bone.skirt] run data modify entity @s {} merge value {transformation:[-0.9293475242268225f,0.12627593942060222f,-0.34694029217852446f,0.022298520962615948f,-8.673617379884035e-19f,0.9396926207859084f,0.34202014332566866f,0.32919340290301696f,0.36920614731268436f,0.31785557343541315f,-0.8733010106615984f,0.05612873837925689f,0f,0f,0f,1f],start_interpolation:0}
execute if entity @s[tag=aj.tultaria.bone.left_foot] run data modify entity @s {} merge value {transformation:[-0.9293475242268225f,0.28381992181687693f,-0.23613434988018453f,0.08082382872129959f,-8.673617379884035e-19f,0.6395731804546582f,0.768730217204393f,-0.12909065952638554f,0.36920614731268436f,0.7144175241572502f,-0.5943857518174114f,-0.1351184839213364f,0f,0f,0f,1f],start_interpolation:0}
execute if entity @s[tag=aj.tultaria.bone.left_leg] run data modify entity @s {} merge value {transformation:[-0.9293475242268225f,0.17185071317411818f,-0.3267728746316354f,0.11516190640602186f,-8.673617379884035e-19f,0.8850688890477446f,0.46546005375304916f,0.3163094861511339f,0.36920614731268436f,0.4325741485818799f,-0.8225365808067057f,-0.048684366517602155f,0f,0f,0f,1f],start_interpolation:0}
execute if entity @s[tag=aj.tultaria.bone.right_foot] run data modify entity @s {} merge value {transformation:[-0.9293475242268225f,0.23850375992331968f,-0.28183175072357436f,0.008536952925723401f,-8.673617379884035e-19f,0.7633452280654698f,0.6459907606070506f,0.014488179651349353f,0.36920614731268436f,0.6003499140435644f,-0.7094129978330036f,0.36005304091911305f,0f,0f,0f,1f],start_interpolation:0}
execute if entity @s[tag=aj.tultaria.bone.right_leg] run data modify entity @s {} merge value {transformation:[-0.9293475242268225f,-0.19837431835034497f,-0.31138530638505f,-0.11717497465068377f,-8.673617379884035e-19f,0.8433914458128857f,-0.5372996083468238f,0.3163094861511339f,0.36920614731268436f,-0.4993380607851621f,-0.7838037521202856f,0.043617170310568935f,0f,0f,0f,1f],start_interpolation:0}
execute if entity @s[tag=aj.tultaria.bone.lower] run data modify entity @s {} merge value {transformation:[-0.9293475242268225f,0.016104545957295283f,-0.3688547448698266f,0f,-8.673617379884035e-19f,0.9990482215818578f,0.043619387365336f,0.37875000000000003f,0.36920614731268436f,0.040537569656265746f,-0.9284629913103095f,0f,0f,0f,0f,1f],start_interpolation:0}