execute if entity @s[tag=aj.tultaria.bone.head] run data modify entity @s {} merge value {transformation:[-0.9859231751192705f,0.029033794991002553f,-0.1646588336869806f,0f,6.938893903907228e-18f,0.984807753012208f,0.17364817766693033f,1.1531299305033809f,0.16719896160782904f,0.17120376267905518f,-0.9709447867318706f,0f,0f,0f,0f,1f],start_interpolation:0}
execute if entity @s[tag=aj.tultaria.bone.bust] run data modify entity @s {} merge value {transformation:[-0.8352782989471149f,0f,-0.5498273941047447f,0.6925528465259299f,0f,1f,0f,-0.003120069496619138f,0.5498273941047447f,0f,-0.8352782989471149f,0.14272545242118512f,0f,0f,0f,1f],start_interpolation:0}
execute if entity @s[tag=aj.tultaria.bone.left_wing] run data modify entity @s {} merge value {transformation:[-0.5547140586887822f,0.0003222243392460378f,-0.8320409901347972f,-0.016523530578898438f,-0.012899893351030317f,0.9998764015016386f,0.008987461914577732f,1.0593799305033809f,0.8319410470968183f,0.015718711512370816f,-0.554641340204497f,-0.13877399949993596f,0f,0f,0f,1f],start_interpolation:0}
execute if entity @s[tag=aj.tultaria.bone.right_wing] run data modify entity @s {} merge value {transformation:[-0.9834753077853857f,0.014310515063330476f,-0.1804758380921483f,-0.12093331794728779f,0.012899893351030317f,0.9998764015016386f,0.008987461914577732f,1.0593799305033809f,0.18058214675867923f,0.006510827808822238f,-0.9835383558322832f,-0.07004557523684285f,0f,0f,0f,1f],start_interpolation:0}
execute if entity @s[tag=aj.tultaria.bone.body] run data modify entity @s {} merge value {transformation:[-0.8352782989471149f,0f,-0.5498273941047447f,0.6925528465259299f,0f,1f,0f,-0.003120069496619138f,0.5498273941047447f,0f,-0.8352782989471149f,0.14272545242118512f,0f,0f,0f,1f],start_interpolation:0}
execute if entity @s[tag=aj.tultaria.bone.left_hand] run data modify entity @s {} merge value {transformation:[-0.9001056819438276f,-0.3734031575579717f,-0.2244545460848892f,0.29909716031346956f,-0.3409053363642265f,0.9244482121379316f,-0.17081877740276502f,0.7600181313152016f,0.27128087468679163f,-0.07723719959137776f,-0.9593962174349298f,-0.3773629834197f,0f,0f,0f,1f],start_interpolation:0}
execute if entity @s[tag=aj.tultaria.bone.left_arm] run data modify entity @s {} merge value {transformation:[-0.9001056819438276f,-0.1988043963253185f,-0.3876681226695881f,0.1827171278946814f,-0.3409053363642265f,0.8754567747861752f,0.3425769798445038f,0.9968799305033809f,0.27128087468679163f,0.44051361781755816f,-0.8557770968812239f,-0.12027474246041289f,0f,0f,0f,1f],start_interpolation:0}
execute if entity @s[tag=aj.tultaria.bone.rod] run data modify entity @s {} merge value {transformation:[-0.000005638998700797868f,0.000007444299572672471f,-0.000003575485634806613f,-0.5104921971207134f,0.000006014757522708994f,0.0000066688510062365765f,0.0000043987632579661505f,0.5481330648778218f,0.000005659009241502929f,3.298941177497501e-7f,-0.00000823812990160137f,0.43628065797981475f,0f,0f,0f,1f],start_interpolation:0}
execute if entity @s[tag=aj.tultaria.bone.sword] run data modify entity @s {} merge value {transformation:[-0.22555994803191493f,0.3293878144287726f,0.025027535829095143f,-0.564639840783024f,0.24059030090835995f,0.14304051025884876f,0.28575464919002336f,0.5594048331955506f,0.22636036966011733f,0.17619046549324108f,-0.2787793086235246f,0.42556580614645323f,0f,0f,0f,1f],start_interpolation:0}
execute if entity @s[tag=aj.tultaria.bone.right_hand] run data modify entity @s {} merge value {transformation:[-0.5638998700797868f,0.27356645706139776f,-0.7792164847427665f,-0.5053068363155351f,0.6014757522708993f,0.7825985097774709f,-0.16051944406905186f,0.8215425755357418f,0.5659009241502928f,-0.5591967149983592f,-0.6058507885452395f,0.15085054128727507f,0f,0f,0f,1f],start_interpolation:0}
execute if entity @s[tag=aj.tultaria.bone.right_arm] run data modify entity @s {} merge value {transformation:[-0.5638998700797868f,0.6434763158559591f,-0.5176438616041357f,-0.1827171278946814f,0.6014757522708993f,0.749518559893031f,0.2764938476820644f,0.9968799305033809f,0.5659009241502928f,-0.15543538628098438f,-0.8096888196940389f,0.12027474246041289f,0f,0f,0f,1f],start_interpolation:0}
execute if entity @s[tag=aj.tultaria.bone.skirt] run data modify entity @s {} merge value {transformation:[-0.7859948300536722f,0.04747039433047389f,-0.616407891571002f,0.03733871480914091f,0f,0.9970477524796447f,0.07678397798557329f,0.4473233334063978f,0.6182330686148217f,0.060351809727615585f,-0.7836743787656342f,0.047470829838638054f,0f,0f,0f,1f],start_interpolation:0}
execute if entity @s[tag=aj.tultaria.bone.left_foot] run data modify entity @s {} merge value {transformation:[-0.7859948300536722f,0.287817479532459f,-0.5471500942195672f,0.14879040026890272f,0f,0.8850223677705903f,0.4655485028928115f,-0.012656641127538337f,0.6182330686148217f,0.3659187164129769f,-0.6956230055495437f,-0.01302342924662006f,0f,0f,0f,1f],start_interpolation:0}
execute if entity @s[tag=aj.tultaria.bone.left_leg] run data modify entity @s {} merge value {transformation:[-0.7859948300536722f,0.05652340236419885f,-0.6156437542232306f,0.09656391952533588f,0f,0.9958117504173751f,0.09142733579561187f,0.43443941665451474f,0.6182330686148217f,0.07186141326093198f,-0.7827028875347546f,-0.07942192188680663f,0f,0f,0f,1f],start_interpolation:0}
execute if entity @s[tag=aj.tultaria.bone.right_foot] run data modify entity @s {} merge value {transformation:[-0.7859948300536722f,0.2773777555128305f,-0.5525157987565271f,0.0705502523490921f,0f,0.8937014643918404f,0.44866211400549566f,0.07251856811111701f,0.6182330686148217f,0.3526461020492708f,-0.7024447306233825f,0.2918836645371935f,0f,0f,0f,1f],start_interpolation:0}
execute if entity @s[tag=aj.tultaria.bone.right_leg] run data modify entity @s {} merge value {transformation:[-0.7859948300536722f,-0.22517506680117436f,-0.5757675888932837f,-0.09993478798808217f,0f,0.9313115362517188f,-0.36422358853383396f,0.43443941665451474f,0.6182330686148217f,-0.2862778575711895f,-0.7320060526631941f,0.0751363452668988f,0f,0f,0f,1f],start_interpolation:0}
execute if entity @s[tag=aj.tultaria.bone.lower] run data modify entity @s {} merge value {transformation:[-0.7859948300536722f,0.026966947701970258f,-0.6176446477227322f,0f,0f,0.9990482215818578f,0.04361938736533599f,0.49687993050338086f,0.6182330686148217f,0.034284612959262564f,-0.7852467371376558f,0f,0f,0f,0f,1f],start_interpolation:0}