execute if entity @s[tag=aj.tultaria.bone.head] run data modify entity @s {} merge value {transformation:[-0.9873737116410493f,0.027507292918707058f,-0.15600161023676246f,0f,-6.938893903907228e-18f,0.984807753012208f,0.17364817766693033f,1.149326634109692f,0.15840818653143618f,0.17145564570270133f,-0.9723732863445456f,0f,0f,0f,0f,1f],start_interpolation:0}
execute if entity @s[tag=aj.tultaria.bone.bust] run data modify entity @s {} merge value {transformation:[-0.8550587809031457f,0f,-0.5185310802646513f,0.6867949305838985f,0f,1f,0f,-0.006923365890308064f,0.5185310802646513f,0f,-0.8550587809031457f,0.16826385031924718f,0f,0f,0f,1f],start_interpolation:0}
execute if entity @s[tag=aj.tultaria.bone.left_wing] run data modify entity @s {} merge value {transformation:[-0.577062447911318f,-0.0003922154860937638f,-0.8166999310503276f,-0.011375211226634763f,-0.028503943050880942f,0.9994003188866624f,0.019660311284148142f,1.055576634109692f,0.8162024604478655f,0.034624395680645965f,-0.5767275741479685f,-0.13929054012943393f,0f,0f,0f,1f],start_interpolation:0}
execute if entity @s[tag=aj.tultaria.bone.right_wing] run data modify entity @s {} merge value {transformation:[-0.99051451799742f,0.030884453955352206f,-0.1338922706515146f,-0.11825755883952804f,0.028503943050880942f,0.9994003188866624f,0.019660311284148142f,1.055576634109692f,0.13441917596418623f,0.015657366097693318f,-0.9908008538651911f,-0.07447415509635252f,0f,0f,0f,1f],start_interpolation:0}
execute if entity @s[tag=aj.tultaria.bone.body] run data modify entity @s {} merge value {transformation:[-0.8550587809031457f,0f,-0.5185310802646513f,0.6867949305838985f,0f,1f,0f,-0.006923365890308064f,0.5185310802646513f,0f,-0.8550587809031457f,0.16826385031924718f,0f,0f,0f,1f],start_interpolation:0}
execute if entity @s[tag=aj.tultaria.bone.left_hand] run data modify entity @s {} merge value {transformation:[-0.8638765465407507f,-0.4616407640060567f,-0.20150711487371933f,0.3400662557206682f,-0.4647826114050411f,0.8847575795267049f,-0.03436785715689872f,0.7968657921041145f,0.19415055104824333f,0.06396741731499539f,-0.9788839221530368f,-0.3851412340349363f,0f,0f,0f,1f],start_interpolation:0}
execute if entity @s[tag=aj.tultaria.bone.left_arm] run data modify entity @s {} merge value {transformation:[-0.8638765465407507f,-0.3164347278601106f,-0.3919009764480357f,0.18704410832256313f,-0.4647826114050411f,0.800658868158787f,0.37805092378435035f,0.9930766341096919f,0.19415055104824333f,0.5087380857010687f,-0.8387437771363049f,-0.11342867380789248f,0f,0f,0f,1f],start_interpolation:0}
execute if entity @s[tag=aj.tultaria.bone.rod] run data modify entity @s {} merge value {transformation:[-0.00000531763385207263f,0.000008201211494766878f,-0.000002112557746759797f,-0.5962254698102067f,0.0000070105738464997796f,0.000005662244578751659f,0.000004334840328451642f,0.5978020692651153f,0.0000047512760978567126f,8.240851585249351e-7f,-0.00000876049422655106f,0.43602092806428433f,0f,0f,0f,1f],start_interpolation:0}
execute if entity @s[tag=aj.tultaria.bone.sword] run data modify entity @s {} merge value {transformation:[-0.4254107081658107f,0.6526989095725577f,0.1816861657382275f,-0.647028713896106f,0.5608459077199828f,0.21889819867310684f,0.5268163308131389f,0.6153103474724756f,0.38010208782853727f,0.4075140636351884f,-0.5739814376510131f,0.41909997331692395f,0f,0f,0f,1f],start_interpolation:0}
execute if entity @s[tag=aj.tultaria.bone.right_hand] run data modify entity @s {} merge value {transformation:[-0.531763385207263f,0.4305328353512695f,-0.7292936170276747f,-0.52593735868194f,0.7010573846499779f,0.7069006529981141f,-0.0938616546762987f,0.8511571073048707f,0.4751276097856712f,-0.561188867027168f,-0.6777321078008025f,0.14085858945399596f,0f,0f,0f,1f],start_interpolation:0}
execute if entity @s[tag=aj.tultaria.bone.right_arm] run data modify entity @s {} merge value {transformation:[-0.531763385207263f,0.7186376052992024f,-0.4480933991956808f,-0.18704410832256313f,0.7010573846499779f,0.6703690260728128f,0.24315409169890886f,0.9930766341096919f,0.4751276097856712f,-0.18483874359023345f,-0.8602839027247569f,0.11342867380789248f,0f,0f,0f,1f],start_interpolation:0}
execute if entity @s[tag=aj.tultaria.bone.skirt] run data modify entity @s {} merge value {transformation:[-0.7957060593683752f,0.053094317324243155f,-0.6033513574629f,0.03658074121796878f,0f,0.9961504312376819f,0.0876602438108666f,0.44352003701270887f,0.6056829757261233f,0.06975178716601568f,-0.7926429341782434f,0.04805734783684268f,0f,0f,0f,1f],start_interpolation:0}
execute if entity @s[tag=aj.tultaria.bone.left_foot] run data modify entity @s {} merge value {transformation:[-0.7957060593683752f,0.29037687277995594f,-0.5315384641199401f,0.14470977821535436f,0f,0.8775852804558443f,0.47942056226995244f,-0.017734172863678455f,0.6056829757261233f,0.3814778463839946f,-0.6982999252712101f,-0.016268498569529555f,0f,0f,0f,1f],start_interpolation:0}
execute if entity @s[tag=aj.tultaria.bone.left_leg] run data modify entity @s {} merge value {transformation:[-0.7957060593683752f,0.0648622855925483f,-0.6021999260977722f,0.09781203739987271f,0f,0.9942493849621985f,0.10708949762833954f,0.4306361202608258f,0.6056829757261233f,0.08521176215758502f,-0.7911302601377016f,-0.0778796351427988f,0f,0f,0f,1f],start_interpolation:0}
execute if entity @s[tag=aj.tultaria.bone.right_foot] run data modify entity @s {} merge value {transformation:[-0.7957060593683752f,0.27687911401270693f,-0.5386926983986232f,0.06761341446758659f,0f,0.8893971268596601f,0.45713537462526543f,0.07087586265549722f,0.6056829757261233f,0.363745387540956f,-0.7076986830270551f,0.2952046049702637f,0f,0f,0f,1f],start_interpolation:0}
execute if entity @s[tag=aj.tultaria.bone.right_leg] run data modify entity @s {} merge value {transformation:[-0.7957060593683752f,-0.2249943899229795f,-0.5623427705480332f,-0.1011144774422211f,0f,0.9284440756715481f,-0.3714722040077896f,0.4306361202608258f,0.6056829757261233f,-0.2955826836159234f,-0.7387685767965212f,0.07354110878873202f,0f,0f,0f,1f],start_interpolation:0}
execute if entity @s[tag=aj.tultaria.bone.lower] run data modify entity @s {} merge value {transformation:[-0.7957060593683752f,0.026419520338787167f,-0.6051064997415909f,0f,0f,0.9990482215818578f,0.043619387365336f,0.49307663410969194f,0.6056829757261233f,0.034708210832534205f,-0.7949487235138835f,0f,0f,0f,0f,1f],start_interpolation:0}