execute if entity @s[tag=aj.tultaria.bone.head] run data modify entity @s {} merge value {transformation:[-0.9999328517628925f,-0.002012311665539404f,0.011412386564178228f,0f,0f,0.984807753012208f,0.17364817766693033f,1.0819376878287001f,-0.011588441022393897f,0.17363651749792305f,-0.9847416249077035f,0f,0f,0f,0f,1f],start_interpolation:0}
execute if entity @s[tag=aj.tultaria.bone.bust] run data modify entity @s {} merge value {transformation:[-0.9897794451479981f,0f,0.14260662664308815f,0.42358640925245494f,0f,1f,0f,-0.07431231217129974f,-0.14260662664308815f,0f,-0.9897794451479981f,0.5661930358955432f,0f,0f,0f,1f],start_interpolation:0}
execute if entity @s[tag=aj.tultaria.bone.left_wing] run data modify entity @s {} merge value {transformation:[-0.8607267014725724f,-0.17269869406734167f,-0.47887859258853926f,0.07968704365213586f,-0.27409179333326716f,0.9499216063181398f,0.15007541663216695f,0.9881876878287003f,0.4289792934390878f,0.26043061056143085f,-0.8649581856269709f,-0.11480951647830673f,0f,0f,0f,1f],start_interpolation:0}
execute if entity @s[tag=aj.tultaria.bone.right_wing] run data modify entity @s {} merge value {transformation:[-0.7046180171286966f,0.09215537164129672f,0.7035771723238882f,-0.04403538699136389f,0.27409179333326716f,0.9499216063181398f,0.15007541663216695f,0.9881876878287003f,-0.6545129019087227f,0.2985905713977242f,-0.694590909750051f,-0.13263534480869277f,0f,0f,0f,1f],start_interpolation:0}
execute if entity @s[tag=aj.tultaria.bone.body] run data modify entity @s {} merge value {transformation:[-0.9897794451479981f,0f,0.14260662664308815f,0.42358640925245494f,0f,1f,0f,-0.07431231217129974f,-0.14260662664308815f,0f,-0.9897794451479981f,0.5661930358955432f,0f,0f,0f,1f],start_interpolation:0}
execute if entity @s[tag=aj.tultaria.bone.left_hand] run data modify entity @s {} merge value {transformation:[-0.15298904437644129f,-0.9858729354051109f,-0.06818289768331912f,0.5496915053040695f,-0.9099001299627696f,0.11360690982679693f,0.3989676973557402f,1.0245386980398086f,-0.38558540661508267f,0.12307731421881432f,-0.9144265246208494f,-0.09113053052213818f,0f,0f,0f,1f],start_interpolation:0}
execute if entity @s[tag=aj.tultaria.bone.left_arm] run data modify entity @s {} merge value {transformation:[-0.15298904437644129f,-0.9736465059672795f,-0.16913554835838687f,0.2165142536261246f,-0.9099001299627696f,0.07200535250299467f,0.40853027146669924f,0.9256876878287003f,-0.38558540661508267f,0.21639711326315902f,-0.8969371123868458f,0.031195199578175535f,0f,0f,0f,1f],start_interpolation:0}
execute if entity @s[tag=aj.tultaria.bone.rod] run data modify entity @s {} merge value {transformation:[-0.0000017538110373573788f,0.000004852059194096002f,0.000008566310082073371f,-0.9015006320700166f,0.000009826298238018048f,0.0000013988703854217655f,0.0000012194361739399912f,0.8869656014014402f,-6.066380986773545e-7f,0.000008631377828700261f,-0.000005013113503148988f,-0.223497824376321f,0f,0f,0f,1f],start_interpolation:0}
execute if entity @s[tag=aj.tultaria.bone.sword] run data modify entity @s {} merge value {transformation:[-0.17538110373573787f,-0.008114851828369712f,0.9844671744818299f,-0.8946701728590227f,0.9826298238018046f,0.06017392034069822f,0.17554978976366145f,0.9170780373903296f,-0.06066380986773545f,0.9981549220890689f,-0.002579473143169392f,-0.27061909505933623f,0f,0f,0f,1f],start_interpolation:0}
execute if entity @s[tag=aj.tultaria.bone.right_hand] run data modify entity @s {} merge value {transformation:[-0.17538110373573787f,0.9488219907644588f,0.26263719899169524f,-0.5128627356593827f,0.9826298238018046f,0.18514223233499155f,-0.012687914771562378f,0.9548079491806167f,-0.06066380986773545f,0.2558499240722674f,-0.9648112346591671f,-0.24815550718161664f,0f,0f,0f,1f],start_interpolation:0}
execute if entity @s[tag=aj.tultaria.bone.right_arm] run data modify entity @s {} merge value {transformation:[-0.17538110373573787f,0.9140300080348478f,0.3657739915087599f,-0.2165142536261246f,0.9826298238018046f,0.18541131363977048f,0.007827780631129114f,0.9256876878287003f,-0.06066380986773545f,0.3607932776344242f,-0.9306707865760807f,-0.031195199578175535f,0f,0f,0f,1f],start_interpolation:0}
execute if entity @s[tag=aj.tultaria.bone.skirt] run data modify entity @s {} merge value {transformation:[-0.9785470459230353f,0.04895894117214615f,-0.20012171544988178f,0.012442964913127571f,0f,0.9713538699399569f,0.23763766400271957f,0.3761310907317172f,0.20602349117346086f,0.23253963410991205f,-0.9505154599756531f,0.05910018556094358f,0f,0f,0f,1f],start_interpolation:0}
execute if entity @s[tag=aj.tultaria.bone.left_foot] run data modify entity @s {} merge value {transformation:[-0.9785470459230353f,0.13576396239163613f,-0.15496394881075898f,0.11721630505040095f,0f,0.7521664055303651f,0.6589732152307335f,-0.09122566609305516f,0.20602349117346086f,0.6448362931064386f,-0.7360302141742866f,-0.04998619769163187f,0f,0f,0f,1f],start_interpolation:0}
execute if entity @s[tag=aj.tultaria.bone.left_leg] run data modify entity @s {} merge value {transformation:[-0.9785470459230353f,0.0661274102825154f,-0.19512263970290325f,0.12175671708613854f,0f,0.9470892789532448f,0.3209702442467574f,0.36324717397983414f,0.20602349117346086f,0.31408448433685954f,-0.9267714161450752f,-0.02842066281239024f,0f,0f,0f,1f],start_interpolation:0}
execute if entity @s[tag=aj.tultaria.bone.right_foot] run data modify entity @s {} merge value {transformation:[-0.9785470459230353f,0.11756464996126237f,-0.16918697347841816f,-0.057785935141704506f,0f,0.8212023420958907f,0.5706371117761477f,0.035827230239106f,0.20602349117346086f,0.5583952600226022f,-0.8035851259630119f,0.33226183811024984f,0f,0f,0f,1f],start_interpolation:0}
execute if entity @s[tag=aj.tultaria.bone.right_leg] run data modify entity @s {} merge value {transformation:[-0.9785470459230353f,-0.0968290913182927f,-0.18185105440930183f,-0.12288004439462029f,0f,0.882671453500382f,-0.46999053732551166f,0.36324717397983414f,0.20602349117346086f,-0.45990785191165956f,-0.8637355433433906f,0.023085209980974974f,0f,0f,0f,1f],start_interpolation:0}
execute if entity @s[tag=aj.tultaria.bone.lower] run data modify entity @s {} merge value {transformation:[-0.9785470459230353f,0.008986618467854068f,-0.20582740246093167f,0f,0f,0.9990482215818578f,0.043619387365336f,0.42568768782870026f,0.20602349117346086f,0.04268362265132212f,-0.9776156859635889f,0f,0f,0f,0f,1f],start_interpolation:0}