execute if entity @s[tag=aj.tultaria.bone.head] run data modify entity @s {} merge value {transformation:[-0.9883465916728578f,-0.026432774845026243f,0.1499077154206456f,0f,3.469446951953614e-18f,0.984807753012208f,0.17364817766693033f,1.05962890625f,-0.15222028356511863f,0.17162458454731344f,-0.9733313861426215f,0f,0f,0f,0f,1f],start_interpolation:0}
execute if entity @s[tag=aj.tultaria.bone.bust] run data modify entity @s {} merge value {transformation:[-0.9127907336739047f,0f,0.40842756581682227f,0.25218158392854123f,0f,1f,0f,-0.09662109375f,-0.40842756581682227f,0f,-0.9127907336739047f,0.6606091497453634f,0f,0f,0f,1f],start_interpolation:0}
execute if entity @s[tag=aj.tultaria.bone.left_wing] run data modify entity @s {} merge value {transformation:[-0.9090301465315118f,-0.27553414237632445f,-0.31264217418934626f,0.10810286658172186f,-0.33836775025868526f,0.9259327472723581f,0.16779694011971596f,0.96587890625f,0.24325184127108712f,0.2583205061809978f,-0.9349326488066501f,-0.08857211884568672f,0f,0f,0f,1f],start_interpolation:0}
execute if entity @s[tag=aj.tultaria.bone.right_wing] run data modify entity @s {} merge value {transformation:[-0.4243810142523916f,-0.008999619773839201f,0.9054389883288866f,-0.005995975127516262f,0.33836775025868526f,0.9259327472723581f,0.16779694011971596f,0.96587890625f,-0.8398857186111617f,0.37758118911379823f,-0.3899030973208892f,-0.13962556457278952f,0f,0f,0f,1f],start_interpolation:0}
execute if entity @s[tag=aj.tultaria.bone.body] run data modify entity @s {} merge value {transformation:[-0.9127907336739047f,0f,0.40842756581682227f,0.25218158392854123f,0f,1f,0f,-0.09662109375f,-0.40842756581682227f,0f,-0.9127907336739047f,0.6606091497453634f,0f,0f,0f,1f],start_interpolation:0}
execute if entity @s[tag=aj.tultaria.bone.left_hand] run data modify entity @s {} merge value {transformation:[-0.04123336083981574f,-0.9806683407703052f,0.1912835993091672f,0.5537711556913976f,-0.9098992658295408f,0.11594712047687725f,0.398295858999291f,1.0019123295148777f,-0.41277492171486874f,-0.15762572970152114f,-0.8970902927461355f,0.06389104471945245f,0f,0f,0f,1f],start_interpolation:0}
execute if entity @s[tag=aj.tultaria.bone.left_arm] run data modify entity @s {} merge value {transformation:[-0.04123336083981574f,-0.9954589729555701f,0.08579768712555758f,0.19967297299116665f,-0.9098992658295408f,0.07288688872264792f,0.4083758409788646f,0.90337890625f,-0.41277492171486874f,-0.0612285441160727f,-0.9087727600388945f,0.08934353002242987f,0f,0f,0f,1f],start_interpolation:0}
execute if entity @s[tag=aj.tultaria.bone.rod] run data modify entity @s {} merge value {transformation:[-0.0000015244161401839053f,0.0000024204171115005445f,0.000009582157191254075f,-0.8096068672354563f,0.00000982814924400139f,0.0000013924730977745838f,0.000001211817275668642f,0.865423758820112f,-0.0000010409792837428212f,0.000009602218476910919f,-0.0000025910929069581543f,-0.4550912318584042f,0f,0f,0f,1f],start_interpolation:0}
execute if entity @s[tag=aj.tultaria.bone.sword] run data modify entity @s {} merge value {transformation:[-0.15244161401839051f,-0.26949358893130126f,0.9508600106432045f,-0.7906326287259252f,0.982814924400139f,0.06000084389248812f,0.1745701094361186f,0.8955379300972792f,-0.10409792837428211f,0.9611311587172252f,0.25571569574640285f,-0.49875979132941123f,0f,0f,0f,1f],start_interpolation:0}
execute if entity @s[tag=aj.tultaria.bone.right_hand] run data modify entity @s {} merge value {transformation:[-0.15244161401839051f,0.8487101681173188f,0.5064114975489206f,-0.4280391169978465f,0.982814924400139f,0.1841511383240551f,-0.012774295687194234f,0.9328836487307335f,-0.10409792837428211f,0.49576144342639966f,-0.8621973164652947f,-0.3769553551316662f,0f,0f,0f,1f],start_interpolation:0}
execute if entity @s[tag=aj.tultaria.bone.right_arm] run data modify entity @s {} merge value {transformation:[-0.15244161401839051f,0.7861207641507915f,0.5989788798333742f,-0.19967297299116665f,0.982814924400139f,0.1844161054732556f,0.008094715462955607f,0.90337890625f,-0.10409792837428211f,0.5899193539909102f,-0.8007239081575684f,-0.08934353002242987f,0f,0f,0f,1f],start_interpolation:0}
execute if entity @s[tag=aj.tultaria.bone.skirt] run data modify entity @s {} merge value {transformation:[-0.9999851261394215f,0.0015440635579766933f,-0.00523100063601991f,0.0003294066560139446f,-1.734723475976807e-18f,0.9590903841677227f,0.28310004414872525f,0.35382230915301693f,0.005454126871013654f,0.2830958333581388f,-0.9590761187910665f,0.060394956746588215f,0f,0f,0f,1f],start_interpolation:0}
execute if entity @s[tag=aj.tultaria.bone.left_foot] run data modify entity @s {} merge value {transformation:[-0.9999851261394215f,0.0038642571581508477f,-0.0038490279994814634f,0.12469512221341718f,-1.734723475976807e-18f,0.7057092895908699f,0.7085015162899441f,-0.11099090243901594f,0.005454126871013654f,0.7084909781371711f,-0.7056987929692874f,-0.05623860458317789f,0f,0f,0f,1f],start_interpolation:0}
execute if entity @s[tag=aj.tultaria.bone.left_leg] run data modify entity @s {} merge value {transformation:[-0.9999851261394215f,0.0020971488506648975f,-0.005034825381606322f,0.12498327166288228f,-1.734723475976807e-18f,0.9231221606457914f,0.3845067964609282f,0.3409383924011339f,0.005454126871013654f,0.3845010773604462f,-0.9231084302554771f,-0.0034079370199173193f,0f,0f,0f,1f],start_interpolation:0}
execute if entity @s[tag=aj.tultaria.bone.right_foot] run data modify entity @s {} merge value {transformation:[-0.9999851261394215f,0.0032933410345756574f,-0.004347574583039661f,-0.12323066994794644f,-1.734723475976807e-18f,0.7971165111954434f,0.6038255274328874f,0.024329411086200736f,0.005454126871013654f,0.6038165462161786f,-0.7971046549955909f,0.3247381312800646f,0f,0f,0f,1f],start_interpolation:0}
execute if entity @s[tag=aj.tultaria.bone.right_leg] run data modify entity @s {} merge value {transformation:[-0.9999851261394215f,-0.0027238425246787846f,-0.004725270555837395f,-0.12501300987197309f,-1.734723475976807e-18f,0.8663660871092401f,-0.4994094543628752f,0.3409383924011339f,0.005454126871013654f,-0.4994020262162794f,-0.8663532009008506f,-0.002044405302163906f,0f,0f,0f,1f],start_interpolation:0}
execute if entity @s[tag=aj.tultaria.bone.lower] run data modify entity @s {} merge value {transformation:[-0.9999851261394215f,0.00023790567272643018f,-0.005448935750767936f,0f,-1.734723475976807e-18f,0.9990482215818578f,0.04361938736533599f,0.40337890625f,0.005454126871013654f,0.0436187385766498f,-0.9990333618778988f,0f,0f,0f,0f,1f],start_interpolation:0}