execute if entity @s[tag=aj.tultaria.bone.head] run data modify entity @s {} merge value {transformation:[-0.9889906954277428f,0.025696060674576082f,-0.145729601739517f,0f,0f,0.984807753012208f,0.17364817766693036f,1.59375f,0.14797771574581675f,0.17173643199057767f,-0.9739657045141765f,0f,0f,0f,0f,1f],start_interpolation:0}
execute if entity @s[tag=aj.tultaria.bone.bust] run data modify entity @s {} merge value {transformation:[-0.8337918835680987f,0f,-0.5520788846677277f,0.6929353841179132f,0f,1f,0f,0.4375f,0.5520788846677277f,0f,-0.8337918835680987f,0.14085649945018552f,0f,0f,0f,1f],start_interpolation:0}
execute if entity @s[tag=aj.tultaria.bone.left_wing] run data modify entity @s {} merge value {transformation:[-0.5590518130816637f,0f,-0.8291327217581661f,-0.01689786786045977f,0f,1f,0f,1.5f,0.8291327217581661f,0f,-0.5590518130816637f,-0.13872891573774537f,0f,0f,0f,1f],start_interpolation:0}
execute if entity @s[tag=aj.tultaria.bone.right_wing] run data modify entity @s {} merge value {transformation:[-0.9815946981235368f,0f,-0.1909760419941795f,-0.12112185330647207f,0f,1f,0f,1.5f,0.1909760419941795f,0f,-0.9815946981235368f,-0.0697190551542794f,0f,0f,0f,1f],start_interpolation:0}
execute if entity @s[tag=aj.tultaria.bone.body] run data modify entity @s {} merge value {transformation:[-0.8337918835680987f,0f,-0.5520788846677277f,0.6929353841179132f,0f,1f,0f,0.4375f,0.5520788846677277f,0f,-0.8337918835680987f,0.14085649945018552f,0f,0f,0f,1f],start_interpolation:0}
execute if entity @s[tag=aj.tultaria.bone.left_hand] run data modify entity @s {} merge value {transformation:[-0.9208269478546405f,-0.34621363844609376f,-0.17948216807979775f,0.27682417911698587f,-0.24999999999999994f,0.8773072568520258f,-0.4096730123827703f,1.1756777511514147f,0.29929539272215216f,-0.33236740759089334f,-0.8944015732693016f,-0.3621670411179242f,0f,0f,0f,1f],start_interpolation:0}
execute if entity @s[tag=aj.tultaria.bone.left_arm] run data modify entity @s {} merge value {transformation:[-0.9208269478546405f,-0.12437855450492463f,-0.3696047987837452f,0.1823919745305216f,-0.24999999999999994f,0.9156751133619656f,0.31470476127563013f,1.4375f,0.29929539272215216f,0.382189824496698f,-0.8742729584897819f,-0.12076725602106543f,0f,0f,0f,1f],start_interpolation:0}
execute if entity @s[tag=aj.tultaria.bone.rod] run data modify entity @s {} merge value {transformation:[-0.000006350498883527087f,0.000004119072544199315f,-0.000006534860771733752f,-0.2832751377261448f,0.0000024999999999999998f,0.000009100324756292131f,0.0000033066734537925846f,0.8978966563797515f,0.00000730897830960807f,4.6618741471640835e-7f,-0.000006808928356506537f,0.3459491999388046f,0f,0f,0f,1f],start_interpolation:0}
execute if entity @s[tag=aj.tultaria.bone.sword] run data modify entity @s {} merge value {transformation:[-0.000006350498883527087f,0.000006834651849174483f,-0.0000035998191664161537f,-0.33843358030281795f,0.0000024999999999999998f,0.000006227775694741124f,0.0000074138255911500725f,0.886505733924309f,0.00000730897830960807f,0.00000380819432232227f,-0.000005663611221924684f,0.3446759273325066f,0f,0f,0f,1f],start_interpolation:0}
execute if entity @s[tag=aj.tultaria.bone.right_hand] run data modify entity @s {} merge value {transformation:[-0.6350498883527087f,-0.1708220237600231f,-0.7533468494005551f,-0.44150175281122284f,0.24999999999999994f,0.8773072568520258f,-0.4096730123827703f,1.1756777511514147f,0.730897830960807f,-0.4484995131249349f,-0.5144283695748944f,0.11345833632009217f,0f,0f,0f,1f],start_interpolation:0}
execute if entity @s[tag=aj.tultaria.bone.right_arm] run data modify entity @s {} merge value {transformation:[-0.6350498883527087f,0.4004179968387884f,-0.660588424899214f,-0.1823919745305216f,0.24999999999999994f,0.9156751133619656f,0.31470476127563013f,1.4375f,0.730897830960807f,0.034706117287351235f,-0.6816038777175673f,0.12076725602106543f,0f,0f,0f,1f],start_interpolation:0}
execute if entity @s[tag=aj.tultaria.bone.skirt] run data modify entity @s {} merge value {transformation:[-0.8261110207353847f,0.02751284674647226f,-0.5628353442024107f,0.03403351080704696f,0f,0.998807383324607f,0.04882428715559187f,0.8879434029030169f,0.5635073925154318f,0.04033428169878352f,-0.8251257869563297f,0.04989368147685543f,0f,0f,0f,1f],start_interpolation:0}
execute if entity @s[tag=aj.tultaria.bone.left_foot] run data modify entity @s {} merge value {transformation:[-0.8261110207353847f,0.24197974459702537f,-0.5089070491006185f,0.15946963917732462f,0f,0.9031062517723437f,0.42941716082349124f,0.43174090151603073f,0.5635073925154318f,0.35474624904918517f,-0.7460660274841582f,0.011960138387889119f,0f,0f,0f,1f],start_interpolation:0}
execute if entity @s[tag=aj.tultaria.bone.left_leg] run data modify entity @s {} merge value {transformation:[-0.8261110207353847f,0.028809837010886442f,-0.5627704458399954f,0.10172763713958802f,0f,0.9986922147158588f,0.05112592557531972f,0.8750594861511339f,0.5635073925154318f,0.04223569056306867f,-0.8250306448994f,-0.07269057760319333f,0f,0f,0f,1f],start_interpolation:0}
execute if entity @s[tag=aj.tultaria.bone.right_foot] run data modify entity @s {} merge value {transformation:[-0.8261110207353847f,0.24046344723906077f,-0.5096252662118004f,0.046481611656344735f,0f,0.9043807995790297f,0.42672634012068544f,0.5076930983512182f,0.5635073925154318f,0.3525233324117744f,-0.7471189454737156f,0.28996775165886396f,0f,0f,0f,1f],start_interpolation:0}
execute if entity @s[tag=aj.tultaria.bone.right_leg] run data modify entity @s {} merge value {transformation:[-0.8261110207353847f,-0.19470030409972325f,-0.5288027732557917f,-0.10480011804425815f,0f,0.9384131961344416f,-0.3455150840712197f,0.8750594861511339f,0.5635073925154318f,-0.28543381878154755f,-0.7752334833301783f,0.06818627052566462f,0f,0f,0f,1f],start_interpolation:0}
execute if entity @s[tag=aj.tultaria.bone.lower] run data modify entity @s {} merge value {transformation:[-0.8261110207353847f,0.024579847237361056f,-0.5629710583407721f,0f,0f,0.9990482215818578f,0.04361938736533599f,0.9375f,0.5635073925154318f,0.036034456620229846f,-0.8253247460948593f,0f,0f,0f,0f,1f],start_interpolation:0}