execute if entity @s[tag=aj.tultaria.bone.head] run data modify entity @s {} merge value {transformation:[-0.9967343221219679f,0.014022228623699059f,-0.07952401026410758f,0f,1.734723475976807e-18f,0.984807753012208f,0.17364817766693033f,1.1192489933555598f,0.08075079630604995f,0.17308109865456286f,-0.9815916881190816f,0f,0f,0f,0f,1f],start_interpolation:0}
execute if entity @s[tag=aj.tultaria.bone.bust] run data modify entity @s {} merge value {transformation:[-0.9725862317466388f,0f,-0.2325425161489258f,0.6025643739477823f,0f,1f,0f,-0.03700100664444028f,0.2325425161489258f,0f,-0.9725862317466388f,0.37002185779885655f,0f,0f,0f,1f],start_interpolation:0}
execute if entity @s[tag=aj.tultaria.bone.left_wing] run data modify entity @s {} merge value {transformation:[-0.7398023879283162f,-0.04706754264411458f,-0.6711758884562269f,0.03171882496554912f,-0.14625682390532446f,0.9849462735239357f,0.09214000071868486f,1.0254989933555598f,0.656735386801022f,0.1663294462828419f,-0.7355495544302608f,-0.13610718622763773f,0f,0f,0f,1f],start_interpolation:0}
execute if entity @s[tag=aj.tultaria.bone.right_wing] run data modify entity @s {} merge value {transformation:[-0.9568558453441083f,0.1172137715359092f,0.2658718168462756f,-0.08985445400278069f,0.14625682390532446f,0.9849462735239357f,0.09214000071868486f,1.0254989933555598f,-0.2510693782442191f,0.12705026577555834f,-0.9595949131140813f,-0.107039371709022f,0f,0f,0f,1f],start_interpolation:0}
execute if entity @s[tag=aj.tultaria.bone.body] run data modify entity @s {} merge value {transformation:[-0.9725862317466388f,0f,-0.2325425161489258f,0.6025643739477823f,0f,1f,0f,-0.03700100664444028f,0.2325425161489258f,0f,-0.9725862317466388f,0.37002185779885655f,0f,0f,0f,1f],start_interpolation:0}
execute if entity @s[tag=aj.tultaria.bone.left_hand] run data modify entity @s {} merge value {transformation:[-0.3391659202556588f,-0.8907871796752012f,-0.3024312799024479f,0.48777270191838007f,-0.8969915798011673f,0.20934558382627455f,0.38933344615925586f,1.037362170809987f,-0.28350058959892493f,0.4033269480938968f,-0.8700314871533819f,-0.2844850273865288f,0f,0f,0f,1f],start_interpolation:0}
execute if entity @s[tag=aj.tultaria.bone.left_arm] run data modify entity @s {} merge value {transformation:[-0.3391659202556588f,-0.8288863905337789f,-0.444875072492285f,0.21275323819457725f,-0.8969915798011673f,0.14243354339422043f,0.4184719721581992f,0.9629989933555597f,-0.28350058959892493f,0.5409806256272496f,-0.7918127167411569f,-0.050868675407577515f,0f,0f,0f,1f],start_interpolation:0}
execute if entity @s[tag=aj.tultaria.bone.rod] run data modify entity @s {} merge value {transformation:[-0.0000023818182554263147f,0.00000826378540041988f,0.000005102626054682553f,-0.9007669508586295f,0.000009697828871433724f,0.0000017378461438269507f,0.0000017123101240056768f,0.8834334722708629f,5.282584391228262e-7f,0.000005356280578553842f,-0.000008428001031401365f,0.18411630862257844f,0f,0f,0f,1f],start_interpolation:0}
execute if entity @s[tag=aj.tultaria.bone.sword] run data modify entity @s {} merge value {transformation:[-0.23818182554263145f,0.4605335060845298f,0.8550896489577393f,-0.9186879948276903f,0.9697828871433724f,0.06488638464201263f,0.23518271384596737f,0.9136545467466863f,0.052825843912282615f,0.885267556652552f,-0.4620722707038112f,0.14007824593147325f,0f,0f,0f,1f],start_interpolation:0}
execute if entity @s[tag=aj.tultaria.bone.right_hand] run data modify entity @s {} merge value {transformation:[-0.23818182554263145f,0.9451480180032477f,-0.2235277209782094f,-0.5742774092296877f,0.9697828871433724f,0.2439628893137721f,-0.0018056692780136982f,0.9746938471037757f,0.052825843912282615f,-0.21720343621178964f,-0.9746959000184346f,-0.019171967459146927f,0f,0f,0f,1f],start_interpolation:0}
execute if entity @s[tag=aj.tultaria.bone.right_arm] run data modify entity @s {} merge value {transformation:[-0.23818182554263145f,0.9690503128421974f,-0.06489151841048987f,-0.21275323819457725f,0.9697828871433724f,0.24093191236076528f,0.03837923149373755f,0.9629989933555597f,0.052825843912282615f,-0.05378944865514057f,-0.9971540128928587f,0.050868675407577515f,0f,0f,0f,1f],start_interpolation:0}
execute if entity @s[tag=aj.tultaria.bone.skirt] run data modify entity @s {} merge value {transformation:[-0.8925494754032354f,0.07180458124084163f,-0.44519606475151685f,0.027235479466029198f,0f,0.9872415514577295f,0.15922976818213114f,0.41344239625857665f,0.45094948049355754f,0.1421204460595399f,-0.8811619288498725f,0.053906288755791655f,0f,0f,0f,1f],start_interpolation:0}
execute if entity @s[tag=aj.tultaria.bone.left_foot] run data modify entity @s {} merge value {transformation:[-0.8925494754032354f,0.25612574903978735f,-0.37115365367488606f,0.12406853863756667f,0f,0.8230492987122724f,0.5679699392478766f,-0.0534286800401213f,0.45094948049355754f,0.5069412713204997f,-0.7346122197966394f,-0.031628134728935824f,0f,0f,0f,1f],start_interpolation:0}
execute if entity @s[tag=aj.tultaria.bone.left_leg] run data modify entity @s {} merge value {transformation:[-0.8925494754032354f,0.09459498316383272f,-0.4409163448066352f,0.11033930067091408f,0f,0.9777510871596056f,0.2097684713158998f,0.4005584795066936f,0.45094948049355754f,0.18722873902914497f,-0.8726912199192489f,-0.05880196389359101f,0f,0f,0f,1f],start_interpolation:0}
execute if entity @s[tag=aj.tultaria.bone.right_foot] run data modify entity @s {} merge value {transformation:[-0.8925494754032354f,0.23091775121589275f,-0.3873401943134801f,0.021013958438172303f,0f,0.8589436534876191f,0.5120701125171642f,0.05562340591483039f,0.45094948049355754f,0.45704791029687064f,-0.7666497073213128f,0.318785149553332f,0f,0f,0f,1f],start_interpolation:0}
execute if entity @s[tag=aj.tultaria.bone.right_leg] run data modify entity @s {} merge value {transformation:[-0.8925494754032354f,-0.18885663451953327f,-0.4094979921261701f,-0.11279806817989477f,0f,0.9080795296137842f,-0.41879776491333903f,0.4005584795066936f,0.45094948049355754f,-0.37379772537344824f,-0.8105059077811999f,0.05393540622979837f,0f,0f,0f,1f],start_interpolation:0}
execute if entity @s[tag=aj.tultaria.bone.lower] run data modify entity @s {} merge value {transformation:[-0.8925494754032354f,0.019670140071845515f,-0.4505202765103513f,0f,0f,0.9990482215818578f,0.04361938736533599f,0.4629989933555597f,0.45094948049355754f,0.03893246131034116f,-0.8916999660754223f,0f,0f,0f,0f,1f],start_interpolation:0}