execute if entity @s[tag=aj.tultaria.bone.head] run data modify entity @s {} merge value {transformation:[-0.9931486085090746f,0.020292215339776265f,-0.11508287193624078f,0f,0f,0.984807753012208f,0.17364817766693036f,1.59375f,0.11685821073629804f,0.17245844602004842f,-0.9780604495530228f,0f,0f,0f,0f,1f],start_interpolation:0}
execute if entity @s[tag=aj.tultaria.bone.bust] run data modify entity @s {} merge value {transformation:[-0.850711903684885f,0f,-0.5256322449477763f,0.6881720743163307f,0f,1f,0f,0.4375f,0.5256322449477763f,0f,-0.850711903684885f,0.16253982936855438f,0f,0f,0f,1f],start_interpolation:0}
execute if entity @s[tag=aj.tultaria.bone.left_wing] run data modify entity @s {} merge value {transformation:[-0.5848045642197958f,0f,-0.8111742239911811f,-0.012534536638166727f,0f,1f,0f,1.5f,0.8111742239911811f,0f,-0.5848045642197958f,-0.13919100326984668f,0f,0f,0f,1f],start_interpolation:0}
execute if entity @s[tag=aj.tultaria.bone.right_wing] run data modify entity @s {} merge value {transformation:[-0.9871060675365609f,0f,-0.1600675214792383f,-0.11887352459877731f,0f,1f,0f,1.5f,0.1600675214792383f,0f,-0.9871060675365609f,-0.0734869726513746f,0f,0f,0f,1f],start_interpolation:0}
execute if entity @s[tag=aj.tultaria.bone.body] run data modify entity @s {} merge value {transformation:[-0.850711903684885f,0f,-0.5256322449477763f,0.6881720743163307f,0f,1f,0f,0.4375f,0.5256322449477763f,0f,-0.850711903684885f,0.16253982936855438f,0f,0f,0f,1f],start_interpolation:0}
execute if entity @s[tag=aj.tultaria.bone.left_hand] run data modify entity @s {} merge value {transformation:[-0.9297686475013857f,-0.33226131419985017f,-0.15853290260899294f,0.28805695740302484f,-0.24999999999999994f,0.8859545109528539f,-0.3906207937658841f,1.1756777511514147f,0.2702411184913281f,-0.3235537414533755f,-0.9067980559463491f,-0.35329843066112987f,0f,0f,0f,1f],start_interpolation:0}
execute if entity @s[tag=aj.tultaria.bone.left_arm] run data modify entity @s {} merge value {transformation:[-0.9297686475013857f,-0.13631502532654455f,-0.34197730333118237f,0.1860932289310686f,-0.24999999999999994f,0.9156751133619656f,0.31470476127563013f,1.4375f,0.2702411184913281f,0.37809694608628464f,-0.885444768032869f,-0.11498205358232606f,0f,0f,0f,1f],start_interpolation:0}
execute if entity @s[tag=aj.tultaria.bone.rod] run data modify entity @s {} merge value {transformation:[-0.0000065768137607643035f,0.0000042379649777824105f,-0.000006227774369974483f,-0.29957813042624803f,0.0000024999999999999998f,0.00000902675054661903f,0.0000035025383037324595f,0.8922724087648299f,0.000007106020036294672f,7.466106188655503e-7f,-0.000006996216965444675f,0.3336980026448426f,0f,0f,0f,1f],start_interpolation:0}
execute if entity @s[tag=aj.tultaria.bone.sword] run data modify entity @s {} merge value {transformation:[-0.0000065768137607643035f,0.000006784072516095563f,-0.0000032744283245443247f,-0.3548200262236198f,0.0000024999999999999998f,0.000006066126135130918f,0.0000075466624220698814f,0.8817745590570543f,0.000007106020036294672f,0.000004144692245395125f,-0.00000568559631302999f,0.330240225146901f,0f,0f,0f,1f],start_interpolation:0}
execute if entity @s[tag=aj.tultaria.bone.right_hand] run data modify entity @s {} merge value {transformation:[-0.6576813760764303f,-0.14070077144876975f,-0.7400395262929773f,-0.4448458605061589f,0.24999999999999994f,0.8859545109528539f,-0.3906207937658841f,1.1756777511514147f,0.7106020036294671f,-0.4419139027412584f,-0.5475005890424014f,0.0995427154865706f,0f,0f,0f,1f],start_interpolation:0}
execute if entity @s[tag=aj.tultaria.bone.right_arm] run data modify entity @s {} merge value {transformation:[-0.6576813760764303f,0.39913114780043263f,-0.6388658187896128f,-0.1860932289310686f,0.24999999999999994f,0.9156751133619656f,0.31470476127563013f,1.4375f,0.7106020036294671f,0.04725900575615774f,-0.702005255544947f,0.11498205358232606f,0f,0f,0f,1f],start_interpolation:0}
execute if entity @s[tag=aj.tultaria.bone.skirt] run data modify entity @s {} merge value {transformation:[-0.8343464909257077f,0.030244084947737174f,-0.5504100547824614f,0.033292632811748504f,0f,0.9984937533640682f,0.054865512782943576f,0.8879434029030169f,0.5512403587183707f,0.04577684806328852f,-0.8330897593305493f,0.0503910697408715f,0f,0f,0f,1f],start_interpolation:0}
execute if entity @s[tag=aj.tultaria.bone.left_foot] run data modify entity @s {} merge value {transformation:[-0.8343464909257077f,0.24104652005586982f,-0.4957443981013938f,0.15714124943737404f,0f,0.899325294784285f,0.43728024670817095f,0.43086375308706815f,0.5512403587183707f,0.3648432393920902f,-0.7503489039039959f,0.011084547695238867f,0f,0f,0f,1f],start_interpolation:0}
execute if entity @s[tag=aj.tultaria.bone.left_leg] run data modify entity @s {} merge value {transformation:[-0.8343464909257077f,0.03298477842148267f,-0.5502526124176457f,0.102790513444567f,0f,0.9982081386366165f,0.0598373792843688f,0.8750594861511339f,0.5512403587183707f,0.04992510743210374f,-0.8328514576849434f,-0.07117965001383367f,0f,0f,0f,1f],start_interpolation:0}
execute if entity @s[tag=aj.tultaria.bone.right_foot] run data modify entity @s {} merge value {transformation:[-0.8343464909257077f,0.2378518353368665f,-0.49728506664371314f,0.04306600231995655f,0f,0.9021202072357271f,0.4314847989176083f,0.5088565536852852f,0.5512403587183707f,0.36000782786469104f,-0.752680829300301f,0.29194518392669877f,0f,0f,0f,1f],start_interpolation:0}
execute if entity @s[tag=aj.tultaria.bone.right_leg] run data modify entity @s {} merge value {transformation:[-0.8343464909257077f,-0.1926952783502876f,-0.5164634186285252f,-0.10579610928685992f,0f,0.9369114769268678f,-0.3495667095172468f,0.8750594861511339f,0.5512403587183707f,-0.291659757430161f,-0.7817088030819542f,0.06663043966575902f,0f,0f,0f,1f],start_interpolation:0}
execute if entity @s[tag=aj.tultaria.bone.lower] run data modify entity @s {} merge value {transformation:[-0.8343464909257077f,0.024044766738343396f,-0.5507157000417336f,0f,0f,0.9990482215818578f,0.04361938736533601f,0.9375f,0.5512403587183707f,0.036393682784597245f,-0.8335523779423919f,0f,0f,0f,0f,1f],start_interpolation:0}