execute if entity @s[tag=aj.tultaria.bone.head] run data modify entity @s {} merge value {transformation:[-0.9372443010924052f,0.06054649558104193f,-0.34337623963032726f,0f,-1.734723475976807e-18f,0.984807753012208f,0.17364817766693033f,1.0350000000000001f,0.34867337160989076f,0.1627507649134119f,-0.9230054541823091f,0f,0f,0f,0f,1f],start_interpolation:0}
execute if entity @s[tag=aj.tultaria.bone.bust] run data modify entity @s {} merge value {transformation:[-0.8768146569851735f,0f,-0.48082851131767623f,0.6788215841514249f,0f,1f,0f,-0.12124999999999997f,0.48082851131767623f,0f,-0.8768146569851735f,0.19799307283374862f,0f,0f,0f,1f],start_interpolation:0}
execute if entity @s[tag=aj.tultaria.bone.left_wing] run data modify entity @s {} merge value {transformation:[-0.2664924693510049f,0.06835701000573197f,-0.9614099453210789f,-0.0053026478531361665f,-0.3971312574337452f,0.9010877016016581f,0.1741485526535712f,0.94125f,0.8782189522825707f,0.42821521832522197f,-0.21298638136365994f,-0.13965361408050148f,0f,0f,0f,1f],start_interpolation:0}
execute if entity @s[tag=aj.tultaria.bone.right_wing] run data modify entity @s {} merge value {transformation:[-0.8837782581906253f,0.32431965161186826f,0.33727252175044f,-0.11490447997628284f,0.3971312574337452f,0.9010877016016581f,0.1741485526535712f,0.94125f,-0.24743232351218197f,0.28785016519119394f,-0.9251591904536027f,-0.07955005016579197f,0f,0f,0f,1f],start_interpolation:0}
execute if entity @s[tag=aj.tultaria.bone.body] run data modify entity @s {} merge value {transformation:[-0.8768146569851735f,0f,-0.48082851131767623f,0.6788215841514249f,0f,1f,0f,-0.12124999999999997f,0.48082851131767623f,0f,-0.8768146569851735f,0.19799307283374862f,0f,0f,0f,1f],start_interpolation:0}
execute if entity @s[tag=aj.tultaria.bone.left_hand] run data modify entity @s {} merge value {transformation:[-0.4650556516164636f,-0.8772934081584399f,0.11865714011948697f,0.46914065222579926f,-0.8722110579901671f,0.4770020029054449f,0.10824490539451526f,0.8805061613011049f,-0.15156223546536948f,-0.05315416470929657f,-0.9870174889812222f,-0.34771586208592853f,0f,0f,0f,1f],start_interpolation:0}
execute if entity @s[tag=aj.tultaria.bone.left_arm] run data modify entity @s {} merge value {transformation:[-0.4650556516164636f,-0.7893036097990236f,-0.4009027967697621f,0.1918032062155067f,-0.8722110579901671f,0.3309853104398395f,0.3601341341676969f,0.87875f,-0.15156223546536948f,0.5171542669564603f,-0.8423659258003414f,-0.10518123685074168f,0f,0f,0f,1f],start_interpolation:0}
execute if entity @s[tag=aj.tultaria.bone.rod] run data modify entity @s {} merge value {transformation:[-0.0000012132958673135439f,0.0000048900610802637434f,-0.000008638009942669071f,-0.14677652783796025f,0.000009276541172445234f,0.000003654972835802681f,7.661314805390564e-7f,0.7428575792995433f,0.0000035318121431197805f,-0.000007920131072200408f,-0.000004979741638366125f,0.7430244253209637f,0f,0f,0f,1f],start_interpolation:0}
execute if entity @s[tag=aj.tultaria.bone.sword] run data modify entity @s {} merge value {transformation:[-0.12132958673135438f,0.3809791986281168f,-0.9165882290299594f,-0.19540772159529501f,0.9276541172445233f,0.37207899892436336f,0.03185996419847534f,0.7622715236880643f,0.353181214311978f,-0.846411288188031f,-0.3985611133628002f,0.7638074443994325f,0f,0f,0f,1f],start_interpolation:0}
execute if entity @s[tag=aj.tultaria.bone.right_hand] run data modify entity @s {} merge value {transformation:[-0.12132958673135438f,-0.26502000561472144f,-0.9565790756689028f,-0.3657314144020938f,0.9276541172445233f,0.3126192842418357f,-0.2042719312079045f,0.8345558194892437f,0.353181214311978f,-0.9121587470084884f,0.20791693079934948f,0.42695451154269926f,0f,0f,0f,1f],start_interpolation:0}
execute if entity @s[tag=aj.tultaria.bone.right_arm] run data modify entity @s {} merge value {transformation:[-0.12132958673135438f,0.20819214312838685f,-0.9705334424548226f,-0.1918032062155067f,0.9276541172445233f,0.37167802240476566f,-0.03623929387511643f,0.87875f,0.353181214311978f,-0.9047162423660207f,-0.23822583960650617f,0.10518123685074168f,0f,0f,0f,1f],start_interpolation:0}
execute if entity @s[tag=aj.tultaria.bone.skirt] run data modify entity @s {} merge value {transformation:[-0.9293475242268225f,0.12627593942060222f,-0.34694029217852446f,0.022298520962615948f,-8.673617379884035e-19f,0.9396926207859084f,0.34202014332566866f,0.32919340290301696f,0.36920614731268436f,0.31785557343541315f,-0.8733010106615984f,0.05612873837925689f,0f,0f,0f,1f],start_interpolation:0}
execute if entity @s[tag=aj.tultaria.bone.left_foot] run data modify entity @s {} merge value {transformation:[-0.9293475242268225f,0.28381992181687693f,-0.23613434988018453f,0.08082382872129959f,-8.673617379884035e-19f,0.6395731804546582f,0.768730217204393f,-0.12909065952638554f,0.36920614731268436f,0.7144175241572502f,-0.5943857518174114f,-0.1351184839213364f,0f,0f,0f,1f],start_interpolation:0}
execute if entity @s[tag=aj.tultaria.bone.left_leg] run data modify entity @s {} merge value {transformation:[-0.9293475242268225f,0.17185071317411818f,-0.3267728746316354f,0.11516190640602186f,-8.673617379884035e-19f,0.8850688890477446f,0.46546005375304916f,0.3163094861511339f,0.36920614731268436f,0.4325741485818799f,-0.8225365808067057f,-0.048684366517602155f,0f,0f,0f,1f],start_interpolation:0}
execute if entity @s[tag=aj.tultaria.bone.right_foot] run data modify entity @s {} merge value {transformation:[-0.9293475242268225f,0.23850375992331968f,-0.28183175072357436f,0.008536952925723401f,-8.673617379884035e-19f,0.7633452280654698f,0.6459907606070506f,0.014488179651349353f,0.36920614731268436f,0.6003499140435644f,-0.7094129978330036f,0.36005304091911305f,0f,0f,0f,1f],start_interpolation:0}
execute if entity @s[tag=aj.tultaria.bone.right_leg] run data modify entity @s {} merge value {transformation:[-0.9293475242268225f,-0.19837431835034497f,-0.31138530638505f,-0.11717497465068377f,-8.673617379884035e-19f,0.8433914458128857f,-0.5372996083468238f,0.3163094861511339f,0.36920614731268436f,-0.4993380607851621f,-0.7838037521202856f,0.043617170310568935f,0f,0f,0f,1f],start_interpolation:0}
execute if entity @s[tag=aj.tultaria.bone.lower] run data modify entity @s {} merge value {transformation:[-0.9293475242268225f,0.016104545957295283f,-0.3688547448698266f,0f,-8.673617379884035e-19f,0.9990482215818578f,0.043619387365336f,0.37875000000000003f,0.36920614731268436f,0.040537569656265746f,-0.9284629913103095f,0f,0f,0f,0f,1f],start_interpolation:0}