execute if entity @s[tag=aj.tultaria.bone.head] run data modify entity @s {} merge value {transformation:[-0.9981996866190036f,-0.01041510680675569f,0.05906700588253011f,0f,3.469446951953614e-18f,0.984807753012208f,0.17364817766693036f,1.0567493895567242f,-0.05997820965753298f,0.17333555652909097f,-0.9830347904367512f,0f,0f,0f,0f,1f],start_interpolation:0}
execute if entity @s[tag=aj.tultaria.bone.bust] run data modify entity @s {} merge value {transformation:[-0.9319229767971865f,0f,0.36265626330930856f,0.28463335674393897f,0f,1f,0f,-0.09950061044327574f,-0.36265626330930856f,0f,-0.9319229767971865f,0.6472896200532475f,0f,0f,0f,1f],start_interpolation:0}
execute if entity @s[tag=aj.tultaria.bone.left_wing] run data modify entity @s {} merge value {transformation:[-0.890197016259527f,-0.26583234568051595f,-0.3699762644179086f,0.1035772189634877f,-0.3459212315659203f,0.9228776477651236f,0.1692198239197445f,0.9629993895567243f,0.2964587219066973f,0.2786216273829206f,-0.9134999808209853f,-0.09382435564281655f,0f,0f,0f,1f],start_interpolation:0}
execute if entity @s[tag=aj.tultaria.bone.right_wing] run data modify entity @s {} merge value {transformation:[-0.4556534195904667f,0.0075778129405094374f,0.8901250125496716f,-0.012913153136160593f,0.3459212315659203f,0.9228776477651236f,0.1692198239197445f,0.9629993895567243f,-0.8201941616272522f,0.38501873202034087f,-0.42313368245274197f,-0.13915638855648016f,0f,0f,0f,1f],start_interpolation:0}
execute if entity @s[tag=aj.tultaria.bone.body] run data modify entity @s {} merge value {transformation:[-0.9319229767971865f,0f,0.36265626330930856f,0.28463335674393897f,0f,1f,0f,-0.09950061044327574f,-0.36265626330930856f,0f,-0.9319229767971865f,0.6472896200532475f,0f,0f,0f,1f],start_interpolation:0}
execute if entity @s[tag=aj.tultaria.bone.left_hand] run data modify entity @s {} merge value {transformation:[-0.08580598485107521f,-0.9862343177088079f,0.14134781051427378f,0.5577983806092353f,-0.905102247687302f,0.13646255880100308f,0.40270074655614496f,0.9917857548624696f,-0.4164459799243244f,-0.09338008684363476f,-0.9043522019578126f,0.03312174039046084f,0f,0f,0f,1f],start_interpolation:0}
execute if entity @s[tag=aj.tultaria.bone.left_arm] run data modify entity @s {} merge value {transformation:[-0.08580598485107521f,-0.9955384842029592f,0.039248687043149155f,0.20385815117438455f,-0.905102247687302f,0.09435636665263825f,0.41459232663365425f,0.9004993895567243f,-0.4164459799243244f,0.00005042803696964082f,-0.9091604606789069f,0.07933105759891125f,0f,0f,0f,1f],start_interpolation:0}
execute if entity @s[tag=aj.tultaria.bone.rod] run data modify entity @s {} merge value {transformation:[-0.0000018301851674508068f,0.000002369961413482632f,0.000009541158480574908f,-0.811360588527281f,0.00000976716744122735f,0.000001543296323095686f,0.000001490193488828793f,0.8406805763784126f,-0.0000011193133733997167f,0.000009591742248294766f,-0.0000025972327994243804f,-0.4455541584357468f,0f,0f,0f,1f],start_interpolation:0}
execute if entity @s[tag=aj.tultaria.bone.sword] run data modify entity @s {} merge value {transformation:[-0.18301851674508066f,-0.27181324502226173f,0.944786633245252f,-0.7933105324472862f,0.9767167441227349f,0.059143707695358434f,0.20621935794277396f,0.8710269619406371f,-0.11193133733997167f,0.9605308853287923f,0.25466015403036946f,-0.4894531388774139f,0f,0f,0f,1f],start_interpolation:0}
execute if entity @s[tag=aj.tultaria.bone.right_hand] run data modify entity @s {} merge value {transformation:[-0.18301851674508066f,0.8422433648614077f,0.5070802075366028f,-0.4321343007621775f,0.9767167441227349f,0.21450012166721036f,-0.0037549374210345404f,0.9206487548259872f,-0.11193133733997167f,0.49458650623696293f,-0.8618906911955829f,-0.3678205549963336f,0f,0f,0f,1f],start_interpolation:0}
execute if entity @s[tag=aj.tultaria.bone.right_arm] run data modify entity @s {} merge value {transformation:[-0.18301851674508066f,0.7780557124193923f,0.6009438666797278f,-0.20385815117438455f,0.9767167441227349f,0.21349886031428067f,0.021038973235098624f,0.9004993895567243f,-0.11193133733997167f,0.5908024585392777f,-0.7990142869218486f,-0.07933105759891125f,0f,0f,0f,1f],start_interpolation:0}
execute if entity @s[tag=aj.tultaria.bone.skirt] run data modify entity @s {} merge value {transformation:[-0.9993686000347182f,0.010268139599772297f,-0.034014211350655424f,0.0021458820389051903f,-1.734723475976807e-18f,0.9573300590047888f,0.2889968133490185f,0.3509427924597412f,0.035530286582681314f,0.28881434077110335f,-0.9567256008387699f,0.060357721125324074f,0f,0f,0f,1f],start_interpolation:0}
execute if entity @s[tag=aj.tultaria.bone.left_foot] run data modify entity @s {} merge value {transformation:[-0.9993686000347182f,0.02539481755589275f,-0.024849637944050408f,0.12280465214941007f,-1.734723475976807e-18f,0.6993931187755441f,0.7147372002417514f,-0.11338370746894622f,0.035530286582681314f,0.7142859151983332f,-0.698951521984631f,-0.06397040165731145f,0f,0f,0f,1f],start_interpolation:0}
execute if entity @s[tag=aj.tultaria.bone.left_leg] run data modify entity @s {} merge value {transformation:[-0.9993686000347182f,0.013952207430288627f,-0.0326762478333983f,0.12482421192098656f,-1.734723475976807e-18f,0.9196730726434885f,0.39268491116222515f,0.33805887570785814f,0.035530286582681314f,0.39243696992295063f,-0.9190923910973507f,-0.0071657762031894084f,0f,0f,0f,1f],start_interpolation:0}
execute if entity @s[tag=aj.tultaria.bone.right_foot] run data modify entity @s {} merge value {transformation:[-0.9993686000347182f,0.021605566912929947f,-0.028206395427604267f,-0.11335775287118956f,-1.734723475976807e-18f,0.7938690660984699f,0.6080887319231818f,0.022889394224458626f,0.035530286582681314f,0.6077047847189572f,-0.793367817197697f,0.32968552569309784f,0f,0f,0f,1f],start_interpolation:0}
execute if entity @s[tag=aj.tultaria.bone.right_leg] run data modify entity @s {} merge value {transformation:[-0.9993686000347182f,-0.01787929736364783f,-0.03070394095926f,-0.125017938087693f,-1.734723475976807e-18f,0.8641624910007372f,-0.503212866635384f,0.33805887570785814f,0.035530286582681314f,-0.5028951380488611f,-0.8636168588339214f,0.0017167954424809197f,0f,0f,0f,1f],start_interpolation:0}
execute if entity @s[tag=aj.tultaria.bone.lower] run data modify entity @s {} merge value {transformation:[-0.9993686000347182f,0.0015498093336513696f,-0.03549646962272157f,0f,-1.734723475976807e-18f,0.9990482215818578f,0.043619387365336f,0.40049938955672426f,0.035530286582681314f,0.043591846085667914f,-0.9984174225694361f,0f,0f,0f,0f,1f],start_interpolation:0}