execute if entity @s[tag=aj.tultaria.bone.head] run data modify entity @s {} merge value {transformation:[-0.9983316320158491f,-0.010026513319659397f,0.0568631827039392f,0f,0f,0.984807753012208f,0.17364817766693036f,1.0350000000000001f,-0.05774038895410111f,0.1733584686068047f,-0.983164731286539f,0f,0f,0f,0f,1f],start_interpolation:0}
execute if entity @s[tag=aj.tultaria.bone.bust] run data modify entity @s {} merge value {transformation:[-0.8803935893289574f,0f,0.47424374309892053f,0.20307492311501843f,0f,1f,0f,-0.12124999999999997f,-0.47424374309892053f,0f,-0.8803935893289574f,0.677318666213939f,0f,0f,0f,1f],start_interpolation:0}
execute if entity @s[tag=aj.tultaria.bone.left_wing] run data modify entity @s {} merge value {transformation:[-0.8818990630784681f,-0.3221532578518985f,-0.34419663129776285f,0.11430506722042486f,-0.3971312574337452f,0.9010877016016581f,0.1741485526535712f,0.94125f,0.2540488278075936f,0.29027268641339543f,-0.9226055281711345f,-0.08040896472243708f,0f,0f,0f,1f],start_interpolation:0}
execute if entity @s[tag=aj.tultaria.bone.right_wing] run data modify entity @s {} merge value {transformation:[-0.27306677428838044f,-0.06514584245058594f,0.9597867242211375f,0.004255868554305237f,0.3971312574337452f,0.9010877016016581f,0.1741485526535712f,0.94125f,-0.8761970675303763f,0.42871549217825644f,-0.22018566169831372f,-0.13968943260980216f,0f,0f,0f,1f],start_interpolation:0}
execute if entity @s[tag=aj.tultaria.bone.body] run data modify entity @s {} merge value {transformation:[-0.8803935893289574f,0f,0.47424374309892053f,0.20307492311501843f,0f,1f,0f,-0.12124999999999997f,-0.47424374309892053f,0f,-0.8803935893289574f,0.677318666213939f,0f,0f,0f,1f],start_interpolation:0}
execute if entity @s[tag=aj.tultaria.bone.left_hand] run data modify entity @s {} merge value {transformation:[-0.07666654814672155f,-0.926290545683886f,0.3689282658890678f,0.5543524742368333f,-0.8934712501027644f,0.22805196829090735f,0.38691268394619255f,0.9478410220414469f,-0.44252837833868885f,-0.2999635390098124f,-0.845097929017483f,0.11342105412379093f,0f,0f,0f,1f],start_interpolation:0}
execute if entity @s[tag=aj.tultaria.bone.left_arm] run data modify entity @s {} merge value {transformation:[-0.07666654814672155f,-0.9762818319928572f,0.20247475130479003f,0.19258609766570944f,-0.8934712501027644f,0.15740066397910246f,0.42063541959604517f,0.87875f,-0.44252837833868885f,-0.1486567035138604f,-0.884347114466555f,0.10374081880288887f,0f,0f,0f,1f],start_interpolation:0}
execute if entity @s[tag=aj.tultaria.bone.rod] run data modify entity @s {} merge value {transformation:[-0.0000022786262810450147f,0.0000026597903749562248f,0.00000936660970856698f,-0.794071712417302f,0.000009659258262890684f,0.0000018301270189221921f,0.0000018301270189221927f,0.788844446235426f,-0.0000012274331273470771f,0.000009464467774571437f,-0.0000029861777679819698f,-0.4584322671082605f,0f,0f,0f,1f],start_interpolation:0}
execute if entity @s[tag=aj.tultaria.bone.sword] run data modify entity @s {} merge value {transformation:[-0.22786262810450145f,-0.23798588208300608f,0.9441617142431072f,-0.778962244087806f,0.9659258262890683f,0.06698729810778062f,0.2499999999999999f,0.8190296283069595f,-0.1227433127347077f,0.968955841006902f,0.2146128079997018f,-0.5035364451310149f,0f,0f,0f,1f],start_interpolation:0}
execute if entity @s[tag=aj.tultaria.bone.right_hand] run data modify entity @s {} merge value {transformation:[-0.22786262810450145f,0.8503949052321719f,0.47424374309892053f,-0.4158931550678727f,0.9659258262890683f,0.25881904510252063f,2.0816681711721685e-17f,0.8859015881488713f,-0.1227433127347077f,0.45808427941524543f,-0.8803935893289574f,-0.3966998609936631f,0f,0f,0f,1f],start_interpolation:0}
execute if entity @s[tag=aj.tultaria.bone.right_arm] run data modify entity @s {} merge value {transformation:[-0.22786262810450145f,0.7551239340356534f,0.6147084406121553f,-0.19258609766570944f,0.9659258262890683f,0.2548870022441787f,0.04494345552754779f,0.87875f,-0.1227433127347077f,0.6040036923177656f,-0.7874729321350769f,-0.10374081880288887f,0f,0f,0f,1f],start_interpolation:0}
execute if entity @s[tag=aj.tultaria.bone.skirt] run data modify entity @s {} merge value {transformation:[-0.9961946980917454f,-0.02980901962620918f,0.08189960831908938f,-0.0052638456071672545f,-3.469446951953614e-18f,0.9396926207859084f,0.34202014332566866f,0.32919340290301696f,-0.08715574274765825f,0.34071865342161f,-0.936116806662859f,0.06016603060358223f,0f,0f,0f,1f],start_interpolation:0}
execute if entity @s[tag=aj.tultaria.bone.left_foot] run data modify entity @s {} merge value {transformation:[-0.9961946980917454f,-0.06699925305301752f,0.05574247558400778f,0.13286787627508725f,-3.469446951953614e-18f,0.6395731804546582f,0.768730217204393f,-0.12909065952638554f,-0.08715574274765825f,0.7658049666419322f,-0.6371394114106055f,-0.08447261947233856f,0f,0f,0f,1f],start_interpolation:0}
execute if entity @s[tag=aj.tultaria.bone.left_leg] run data modify entity @s {} merge value {transformation:[-0.9961946980917454f,-0.040567516704211916f,0.07713883640780088f,0.12476194226796966f,-3.469446951953614e-18f,0.8850688890477446f,0.46546005375304916f,0.3163094861511339f,-0.08715574274765825f,0.46368883772228636f,-0.8817009347153144f,0.00817863019174742f,0f,0f,0f,1f],start_interpolation:0}
execute if entity @s[tag=aj.tultaria.bone.right_foot] run data modify entity @s {} merge value {transformation:[-0.9961946980917454f,-0.056301804548832185f,0.06652992032492658f,-0.15396260980985044f,-3.469446951953614e-18f,0.7633452280654698f,0.6459907606070506f,0.014488179651349353f,-0.08715574274765825f,0.6435325707329979f,-0.7604404690124553f,0.3255865270874952f,0f,0f,0f,1f],start_interpolation:0}
execute if entity @s[tag=aj.tultaria.bone.right_leg] run data modify entity @s {} merge value {transformation:[-0.9961946980917454f,0.04682874644349328f,0.0735064078868434f,-0.1242867322549667f,-3.469446951953614e-18f,0.8433914458128857f,-0.5372996083468238f,0.3163094861511339f,-0.08715574274765825f,-0.5352550211218772f,-0.8401820867347284f,-0.013610305495167143f,0f,0f,0f,1f],start_interpolation:0}
execute if entity @s[tag=aj.tultaria.bone.lower] run data modify entity @s {} merge value {transformation:[-0.9961946980917454f,-0.0038016801040236838f,0.08707278979269384f,0f,-3.469446951953614e-18f,0.9990482215818578f,0.043619387365336f,0.37875000000000003f,-0.08715574274765825f,0.04345340242735779f,-0.995246541477834f,0f,0f,0f,0f,1f],start_interpolation:0}