execute if entity @s[tag=aj.tultaria.bone.head] run data modify entity @s {} merge value {transformation:[-0.9975826671856282f,-0.01206676442547984f,0.06843402170783353f,0f,-6.938893903907228e-18f,0.984807753012208f,0.17364817766693033f,1.0364703612180692f,-0.06948972680050092f,0.17322841222890017f,-0.9824271449150037f,0f,0f,0f,0f,1f],start_interpolation:0}
execute if entity @s[tag=aj.tultaria.bone.bust] run data modify entity @s {} merge value {transformation:[-0.8790350472565946f,0f,0.4767571558923853f,0.20113894568210466f,0f,1f,0f,-0.11977963878193087f,-0.4767571558923853f,0f,-0.8790350472565946f,0.67789610157449f,0f,0f,0f,1f],start_interpolation:0}
execute if entity @s[tag=aj.tultaria.bone.left_wing] run data modify entity @s {} merge value {transformation:[-0.8853465438612244f,-0.32178125406229463f,-0.3355865340073732f,0.11453433494008536f,-0.3940027946474437f,0.9024653858754742f,0.17412071992337907f,0.9427203612180691f,0.24682644729240238f,0.28637920984374626f,-0.9257773237049406f,-0.08008205866380025f,0f,0f,0f,1f],start_interpolation:0}
execute if entity @s[tag=aj.tultaria.bone.right_wing] run data modify entity @s {} merge value {transformation:[-0.2759894942253692f,-0.0645339992897219f,0.9589917424112155f,0.004654954033010972f,0.3940027946474437f,0.9024653858754742f,0.17412071992337907f,0.9427203612180691f,-0.8766935592823919f,0.4259009159796509f,-0.2236443893337482f,-0.13967670315034852f,0f,0f,0f,1f],start_interpolation:0}
execute if entity @s[tag=aj.tultaria.bone.body] run data modify entity @s {} merge value {transformation:[-0.8790350472565946f,0f,0.4767571558923853f,0.20113894568210466f,0f,1f,0f,-0.11977963878193087f,-0.4767571558923853f,0f,-0.8790350472565946f,0.67789610157449f,0f,0f,0f,1f],start_interpolation:0}
execute if entity @s[tag=aj.tultaria.bone.left_hand] run data modify entity @s {} merge value {transformation:[-0.06931396985060939f,-0.9415569765039231f,0.3296453148163025f,0.5531524359444577f,-0.8954851744471304f,0.20435612850786558f,0.39540469785609383f,0.9543168206676321f,-0.43966109212544713f,-0.26778542293796925f,-0.85731504788671f,0.10971488764088717f,0f,0f,0f,1f],start_interpolation:0}
execute if entity @s[tag=aj.tultaria.bone.left_arm] run data modify entity @s {} merge value {transformation:[-0.06931396985060939f,-0.9799824343878739f,0.18662797720268168f,0.19228891658738007f,-0.8954851744471304f,0.1435699811325999f,0.42130032383440796f,0.8802203612180691f,-0.43966109212544713f,-0.13792058877774832f,-0.8875111465566268f,0.10429062785145929f,0f,0f,0f,1f],start_interpolation:0}
execute if entity @s[tag=aj.tultaria.bone.rod] run data modify entity @s {} merge value {transformation:[-0.0000021553672595589364f,0.000001934118081857496f,0.000009571498274661772f,-0.7708565036306607f,0.00000967272264863045f,0.000001766904167857521f,0.0000018211222430905806f,0.7933552439438584f,-0.000001338965473450658f,0.000009650763540106017f,-0.000002251651516968702f,-0.5006388259206994f,0f,0f,0f,1f],start_interpolation:0}
execute if entity @s[tag=aj.tultaria.bone.sword] run data modify entity @s {} merge value {transformation:[-0.21553672595589363f,-0.31107537445234634f,0.9256219699064766f,-0.7522774482316337f,0.9672722648630449f,0.06196227738719269f,0.2460590209842103f,0.8237622114489231f,-0.1338965473450658f,0.9483632150132801f,0.28753943558883444f,-0.5442743980222065f,0f,0f,0f,1f],start_interpolation:0}
execute if entity @s[tag=aj.tultaria.bone.right_hand] run data modify entity @s {} merge value {transformation:[-0.21553672595589363f,0.8135699347425631f,0.5400443324831724f,-0.39826223654180304f,0.9672722648630449f,0.25371178062578326f,0.003833796866017876f,0.8889763862867793f,-0.1338965473450658f,0.5231962286319309f,-0.8416278399354401f,-0.4096437201756553f,0f,0f,0f,1f],start_interpolation:0}
execute if entity @s[tag=aj.tultaria.bone.right_arm] run data modify entity @s {} merge value {transformation:[-0.21553672595589363f,0.7202451194750067f,0.6593867511837397f,-0.19228891658738007f,0.9672722648630449f,0.2500653084463025f,0.04303146683964011f,0.8802203612180691f,-0.1338965473450658f,0.6470813777138766f,-0.750571385828811f,-0.10429062785145929f,0f,0f,0f,1f],start_interpolation:0}
execute if entity @s[tag=aj.tultaria.bone.skirt] run data modify entity @s {} merge value {transformation:[-0.9969268805647094f,-0.02603515843353777f,0.07388481124600786f,-0.004731272208200574f,-1.734723475976807e-18f,0.9431578136355783f,0.3323452099521759f,0.33066376412108606f,-0.07833769723139439f,0.3313238734282461f,-0.9402593770279484f,0.060210251390101305f,0f,0f,0f,1f],start_interpolation:0}
execute if entity @s[tag=aj.tultaria.bone.left_foot] run data modify entity @s {} merge value {transformation:[-0.9969268805647094f,-0.05947134035031906f,0.050989748817327325f,0.13159728711121027f,-1.734723475976807e-18f,0.6508967026017303f,0.7591663075652098f,-0.1289498542260787f,-0.07833769723139439f,0.7568332988308132f,-0.6488964192945983f,-0.07905354828422824f,0f,0f,0f,1f],start_interpolation:0}
execute if entity @s[tag=aj.tultaria.bone.left_leg] run data modify entity @s {} merge value {transformation:[-0.9969268805647094f,-0.0354314220278238f,0.06986708195283287f,0.12482942521814146f,-1.734723475976807e-18f,0.8918705096278106f,0.4522908290649166f,0.317779847369203f,-0.07833769723139439f,0.4509008853277134f,-0.8891296850309107f,0.007074378417782541f,0f,0f,0f,1f],start_interpolation:0}
execute if entity @s[tag=aj.tultaria.bone.right_foot] run data modify entity @s {} merge value {transformation:[-0.9969268805647094f,-0.05006823261586366f,0.06024920655279527f,-0.15090141641783628f,-1.734723475976807e-18f,0.7690959612309098f,0.6391333213174721f,0.013467282909795986f,-0.07833769723139439f,0.6371691882859895f,-0.7667324374848474f,0.3247182294252507f,0f,0f,0f,1f],start_interpolation:0}
execute if entity @s[tag=aj.tultaria.bone.right_leg] run data modify entity @s {} merge value {transformation:[-0.9969268805647094f,0.041604697173416576f,0.06637653185144525f,-0.12440229492303588f,-1.734723475976807e-18f,0.8473127778492364f,-0.5310942067970716f,0.317779847369203f,-0.07833769723139439f,-0.5294620908681932f,-0.8447088844838576f,-0.012510045890066056f,0f,0f,0f,1f],start_interpolation:0}
execute if entity @s[tag=aj.tultaria.bone.lower] run data modify entity @s {} merge value {transformation:[-0.9969268805647094f,-0.003417042360844603f,0.07826313710184263f,0f,-1.734723475976807e-18f,0.9990482215818578f,0.04361938736533599f,0.3802203612180691f,-0.07833769723139439f,0.043485339778268114f,-0.9959780270753219f,0f,0f,0f,0f,1f],start_interpolation:0}