execute if entity @s[tag=aj.tultaria.bone.head] run data modify entity @s {} merge value {transformation:[-0.9977848059584233f,-0.011551821518314812f,0.06551363536028731f,0f,0f,0.984807753012208f,0.17364817766693033f,1.0350000000000001f,-0.06652428878621475f,0.1732635132584319f,-0.9826262127456369f,0f,0f,0f,0f,1f],start_interpolation:0}
execute if entity @s[tag=aj.tultaria.bone.bust] run data modify entity @s {} merge value {transformation:[-0.8781145525449754f,0f,0.4784504494811743f,0.19983205153190053f,0f,1f,0f,-0.12124999999999997f,-0.4784504494811743f,0f,-0.8781145525449754f,0.6782825010130749f,0f,0f,0f,1f],start_interpolation:0}
execute if entity @s[tag=aj.tultaria.bone.left_wing] run data modify entity @s {} merge value {transformation:[-0.8831044347551579f,-0.3235383444970942f,-0.3397785999086062f,0.11468846571920777f,-0.3971312574337452f,0.9010877016016581f,0.1741485526535712f,0.94125f,0.24982658322297396f,0.2887280617853431f,-0.9242417349659198f,-0.07986116597554849f,0f,0f,0f,1f],start_interpolation:0}
execute if entity @s[tag=aj.tultaria.bone.right_wing] run data modify entity @s {} merge value {transformation:[-0.26887159253185133f,-0.06719623306954423f,0.9608291903302322f,0.00492414665108587f,0.3971312574337452f,0.9010877016016581f,0.1741485526535712f,0.94125f,-0.8774934934792842f,0.42839890322397506f,-0.21559116080678437f,-0.1396674721606953f,0f,0f,0f,1f],start_interpolation:0}
execute if entity @s[tag=aj.tultaria.bone.body] run data modify entity @s {} merge value {transformation:[-0.8781145525449754f,0f,0.4784504494811743f,0.19983205153190053f,0f,1f,0f,-0.12124999999999997f,-0.4784504494811743f,0f,-0.8781145525449754f,0.6782825010130749f,0f,0f,0f,1f],start_interpolation:0}
execute if entity @s[tag=aj.tultaria.bone.left_hand] run data modify entity @s {} merge value {transformation:[-0.0710647383271866f,-0.9361549305552914f,0.3443308713483382f,0.5532726791559801f,-0.8946693025093415f,0.21245698397903057f,0.39297438734093354f,0.9510575023845473f,-0.4410404087086994f,-0.28013563849598166f,-0.8526472787328369f,0.11235006184538308f,0f,0f,0f,1f],start_interpolation:0}
execute if entity @s[tag=aj.tultaria.bone.left_arm] run data modify entity @s {} merge value {transformation:[-0.0710647383271866f,-0.9784086158338752f,0.19407829200744905f,0.19208755836921337f,-0.8946693025093415f,0.14855326424369908f,0.4213060251527265f,0.87875f,-0.4410404087086994f,-0.1436958877093632f,-0.8859090527483515f,0.10466103582400688f,0f,0f,0f,1f],start_interpolation:0}
execute if entity @s[tag=aj.tultaria.bone.rod] run data modify entity @s {} merge value {transformation:[-0.000002197463669852179f,0.0000021210913202231595f,0.000009522191188531859f,-0.7764306535218789f,0.000009666442116353797f,0.000001789810943826566f,0.000001832068120060007f,0.7903688418367668f,-0.0000013156938210926382f,0.000009607161307932364f,-0.0000024436450995400343f,-0.49058564768588436f,0f,0f,0f,1f],start_interpolation:0}
execute if entity @s[tag=aj.tultaria.bone.sword] run data modify entity @s {} merge value {transformation:[-0.21974636698521788f,-0.29241766272059994f,0.9307005129072506f,-0.7587663154349171f,0.9666442116353796f,0.06339876852952056f,0.24815230053488477f,0.8207165375247558f,-0.1315693821092638f,0.9541868300694377f,0.26873219199311577f,-0.5346403483587834f,0f,0f,0f,1f],start_interpolation:0}
execute if entity @s[tag=aj.tultaria.bone.right_hand] run data modify entity @s {} merge value {transformation:[-0.21974636698521788f,0.8233044017211391f,0.5233367905119944f,-0.40227440406245235f,0.9666442116353796f,0.25610552467117803f,0.0029880335868460867f,0.8867819177868144f,-0.1315693821092638f,0.506537088809396f,-0.8521206929490028f,-0.4071493260009862f,0f,0f,0f,1f],start_interpolation:0}
execute if entity @s[tag=aj.tultaria.bone.right_arm] run data modify entity @s {} merge value {transformation:[-0.21974636698521788f,0.7284842492682368f,0.6488622602408708f,-0.19208755836921337f,0.9666442116353796f,0.2522954820464858f,0.044113012261087756f,0.87875f,-0.1315693821092638f,0.6369126221916355f,-0.7596260984091856f,-0.10466103582400688f,0f,0f,0f,1f],start_interpolation:0}
execute if entity @s[tag=aj.tultaria.bone.skirt] run data modify entity @s {} merge value {transformation:[-0.9965345657893289f,-0.027937798439117867f,0.07834755009219493f,-0.005023707905775101f,0f,0.9419073260039377f,0.3358728765770048f,0.32919340290301696f,-0.08317968013327398f,0.3347089312200783f,-0.9386432081331219f,0.06018655720378713f,0f,0f,0f,1f],start_interpolation:0}
execute if entity @s[tag=aj.tultaria.bone.left_foot] run data modify entity @s {} merge value {transformation:[-0.9965345657893289f,-0.06343855045117523f,0.05379971657664625f,0.13218024542154796f,0f,0.6467891736352688f,0.7626688435148024f,-0.12994734749935433f,-0.08317968013327398f,0.7600258648130731f,-0.6445477683058615f,-0.08081521191616332f,0f,0f,0f,1f],start_interpolation:0}
execute if entity @s[tag=aj.tultaria.bone.left_leg] run data modify entity @s {} merge value {transformation:[-0.9965345657893289f,-0.03802131813420545f,0.07398133923099331f,0.12479358614170724f,0f,0.8894160101656717f,0.4570986336240546f,0.3163094861511339f,-0.08317968013327398f,0.45551458838144276f,-0.886333797496525f,0.007680695813652269f,0f,0f,0f,1f],start_interpolation:0}
execute if entity @s[tag=aj.tultaria.bone.right_foot] run data modify entity @s {} merge value {transformation:[-0.9965345657893289f,-0.053371136534166475f,0.06379953739742265f,-0.1525446336952116f,0f,0.7670086888432412f,0.6416367128204028f,0.012902330507520376f,-0.08317968013327398f,0.6394131630049723f,-0.7643506706930419f,0.3247908655054188f,0f,0f,0f,1f],start_interpolation:0}
execute if entity @s[tag=aj.tultaria.bone.right_leg] run data modify entity @s {} merge value {transformation:[-0.9965345657893289f,0.044364506691001344f,0.07036085369818837f,-0.12434005530562497f,0f,0.8458899287115947f,-0.5333575053416735f,0.3163094861511339f,-0.08317968013327398f,-0.5315091899961442f,-0.8429585528141754f,-0.013114224219666227f,0f,0f,0f,1f],start_interpolation:0}
execute if entity @s[tag=aj.tultaria.bone.lower] run data modify entity @s {} merge value {transformation:[-0.9965345657893289f,-0.003628246688658028f,0.08310051150889514f,0f,0f,0.9990482215818578f,0.04361938736533601f,0.37875000000000003f,-0.08317968013327398f,0.043468227248111654f,-0.9955860856966778f,0f,0f,0f,0f,1f],start_interpolation:0}