execute if entity @s[tag=aj.tultaria.bone.head] run data modify entity @s {} merge value {transformation:[-0.9973500571466988f,-0.012633264162409522f,0.0716468013667011f,0f,6.938893903907228e-18f,0.984807753012208f,0.1736481776669303f,1.0399405844994365f,-0.07275206876424023f,0.17318801991953306f,-0.9821980687452376f,0f,0f,0f,0f,1f],start_interpolation:0}
execute if entity @s[tag=aj.tultaria.bone.bust] run data modify entity @s {} merge value {transformation:[-0.8846497879323336f,0f,0.4662561020633158f,0.2091968429345089f,0f,1f,0f,-0.1163094155005635f,-0.4662561020633158f,0f,-0.8846497879323336f,0.6754529449978247f,0f,0f,0f,1f],start_interpolation:0}
execute if entity @s[tag=aj.tultaria.bone.left_wing] run data modify entity @s {} merge value {transformation:[-0.8888147597915164f,-0.31535291483066197f,-0.3325069350924195f,0.11357262450368533f,-0.3864242266572938f,0.9057811031800882f,0.17388763663404821f,0.9461905844994365f,0.24634252541747975f,0.2830426332368812f,-0.9269316198842668f,-0.08144021711258453f,0f,0f,0f,1f],start_interpolation:0}
execute if entity @s[tag=aj.tultaria.bone.right_wing] run data modify entity @s {} merge value {transformation:[-0.2991479707368537f,-0.05525431597706251f,0.9526056120818991f,0.0029914010121435686f,0.3864242266572938f,0.9057811031800882f,0.17388763663404821f,0.9461905844994365f,-0.872460204626168f,0.4201280205934487f,-0.249610972627198f,-0.13972222987049898f,0f,0f,0f,1f],start_interpolation:0}
execute if entity @s[tag=aj.tultaria.bone.body] run data modify entity @s {} merge value {transformation:[-0.8846497879323336f,0f,0.4662561020633158f,0.2091968429345089f,0f,1f,0f,-0.1163094155005635f,-0.4662561020633158f,0f,-0.8846497879323336f,0.6754529449978247f,0f,0f,0f,1f],start_interpolation:0}
execute if entity @s[tag=aj.tultaria.bone.left_hand] run data modify entity @s {} merge value {transformation:[-0.06794405414425547f,-0.9527954603520328f,0.29591285243970133f,0.5536140226697597f,-0.8974273220677629f,0.18795229471920383f,0.39912170639551714f,0.9616026429055049f,-0.4358988496345526f,-0.2384423319009096f,-0.8678349193509848f,0.10053251376773772f,0f,0f,0f,1f],start_interpolation:0}
execute if entity @s[tag=aj.tultaria.bone.left_arm] run data modify entity @s {} merge value {transformation:[-0.06794405414425547f,-0.9838319183284513f,0.16570564862008205f,0.19351714111019797f,-0.8974273220677629f,0.13283311587344526f,0.4206893924662657f,0.8836905844994365f,-0.4358988496345526f,-0.12012543363298006f,-0.8919428642473475f,0.10199352232635034f,0f,0f,0f,1f],start_interpolation:0}
execute if entity @s[tag=aj.tultaria.bone.rod] run data modify entity @s {} merge value {transformation:[-0.000002071903968062504f,0.0000017170935559897373f,0.000009631137194906186f,-0.7664790279587308f,0.000009689490304569052f,0.0000017181398507286222f,0.0000017781375343320822f,0.8011143939851136f,-0.0000013494412120537893f,0.00000970049406851614f,-0.0000020197582137211516f,-0.509939556247227f,0f,0f,0f,1f],start_interpolation:0}
execute if entity @s[tag=aj.tultaria.bone.sword] run data modify entity @s {} merge value {transformation:[-0.20719039680625037f,-0.33285219572914226f,0.9199356256116823f,-0.746722131341657f,0.9689490304569052f,0.059888399081934926f,0.23989822015185186f,0.8315929172912583f,-0.1349441212053789f,0.9410753399455816f,0.3101085111673272f,-0.5530040750317096f,0f,0f,0f,1f],start_interpolation:0}
execute if entity @s[tag=aj.tultaria.bone.right_hand] run data modify entity @s {} merge value {transformation:[-0.20719039680625037f,0.8024410918428213f,0.5596073923684081f,-0.39561269447162184f,0.9689490304569052f,0.2472241447885594f,0.004242476893149126f,0.8943537578924671f,-0.1349441212053789f,0.5431100407428188f,-0.8287469865987097f,-0.4098666642935087f,0f,0f,0f,1f],start_interpolation:0}
execute if entity @s[tag=aj.tultaria.bone.right_arm] run data modify entity @s {} merge value {transformation:[-0.20719039680625037f,0.7138484528785884f,0.6689488215058864f,-0.19351714111019797f,0.9689490304569052f,0.2440576086503924f,0.03966938412019254f,0.8836905844994365f,-0.1349441212053789f,0.6563964274603402f,-0.7422491590897294f,-0.10199352232635034f,0f,0f,0f,1f],start_interpolation:0}
execute if entity @s[tag=aj.tultaria.bone.skirt] run data modify entity @s {} merge value {transformation:[-0.9979901524402788f,-0.020559361554887794f,0.05994137373037478f,-0.003827237077750788f,-1.734723475976807e-18f,0.9459070464511578f,0.32443775901403255f,0.3341339874024534f,-0.06336920097515081f,0.3237856885757968f,-0.9440059174821247f,0.06027446860419408f,0f,0f,0f,1f],start_interpolation:0}
execute if entity @s[tag=aj.tultaria.bone.left_foot] run data modify entity @s {} merge value {transformation:[-0.9979901524402788f,-0.04760623390845849f,0.04182465929666611f,0.13005400311972795f,-1.734723475976807e-18f,0.6600155699149011f,0.7512519201106298f,-0.12649019652910498f,-0.06336920097515081f,0.7497420182722596f,-0.6586890392323296f,-0.07563002728731173f,0f,0f,0f,1f],start_interpolation:0}
execute if entity @s[tag=aj.tultaria.bone.left_leg] run data modify entity @s {} merge value {transformation:[-0.9979901524402788f,-0.02797682095082095f,0.05685906367251195f,0.12492152691280778f,-1.734723475976807e-18f,0.8972665395419493f,0.44148924904058007f,0.3212500706505704f,-0.06336920097515081f,0.44060192295075273f,-0.8954631705770315f,0.005200417681513648f,0f,0f,0f,1f],start_interpolation:0}
execute if entity @s[tag=aj.tultaria.bone.right_foot] run data modify entity @s {} merge value {transformation:[-0.9979901524402788f,-0.0401449721011272f,0.049030978444538326f,-0.1458960742738628f,-1.734723475976807e-18f,0.7737351535135335f,0.6335092045245978f,0.014920174045773726f,-0.06336920097515081f,0.6322359475958231f,-0.772180063803374f,0.32512395750562856f,0f,0f,0f,1f],start_interpolation:0}
execute if entity @s[tag=aj.tultaria.bone.right_leg] run data modify entity @s {} merge value {transformation:[-0.9979901524402788f,0.033333337349709634f,0.05389382388882343f,-0.12457601119726192f,-1.734723475976807e-18f,0.8504734643878018f,-0.5260179525189329f,0.3212500706505704f,-0.06336920097515081f,-0.5249607366206933f,-0.8487641423707944f,-0.010641882562274054f,0f,0f,0f,1f],start_interpolation:0}
execute if entity @s[tag=aj.tultaria.bone.lower] run data modify entity @s {} merge value {transformation:[-0.9979901524402788f,-0.0027641257243669302f,0.0633088875372878f,0f,-1.734723475976807e-18f,0.9990482215818578f,0.04361938736533599f,0.3836905844994365f,-0.06336920097515081f,0.043531719046083245f,-0.9970402869516677f,0f,0f,0f,0f,1f],start_interpolation:0}