execute if entity @s[tag=aj.tultaria.bone.head] run data modify entity @s {} merge value {transformation:[-0.9847200761518236f,-0.03023990735508876f,0.17149903680983877f,0f,1.734723475976807e-18f,0.984807753012208f,0.1736481776669303f,1.07691650390625f,-0.17414468588948326f,0.170994846735805f,-0.9697599655410878f,0f,0f,0f,0f,1f],start_interpolation:0}
execute if entity @s[tag=aj.tultaria.bone.bust] run data modify entity @s {} merge value {transformation:[-0.94923762457061f,0f,0.31455990224366726f,0.3173388611634714f,0f,1f,0f,-0.07933349609375001f,-0.31455990224366726f,0f,-0.94923762457061f,0.6318987634071387f,0f,0f,0f,1f],start_interpolation:0}
execute if entity @s[tag=aj.tultaria.bone.left_wing] run data modify entity @s {} merge value {transformation:[-0.9138378311409795f,-0.22442771884031265f,-0.3384266794915616f,0.09864733931612157f,-0.2894200716887685f,0.9445478007657944f,0.15513050690360444f,0.98316650390625f,0.28484459004730744f,0.23971159981243023f,-0.9281174001365056f,-0.09899470918109698f,0f,0f,0f,1f],start_interpolation:0}
execute if entity @s[tag=aj.tultaria.bone.right_wing] run data modify entity @s {} merge value {transformation:[-0.5628884183732027f,0.036862424194584575f,0.8257104759804206f,-0.020007363755204732f,0.2894200716887685f,0.9445478007657944f,0.15513050690360444f,0.98316650390625f,-0.7742045276055819f,0.32629835082482356f,-0.5423437431039633f,-0.1383146969615554f,0f,0f,0f,1f],start_interpolation:0}
execute if entity @s[tag=aj.tultaria.bone.body] run data modify entity @s {} merge value {transformation:[-0.94923762457061f,0f,0.31455990224366726f,0.3173388611634714f,0f,1f,0f,-0.07933349609375001f,-0.31455990224366726f,0f,-0.94923762457061f,0.6318987634071387f,0f,0f,0f,1f],start_interpolation:0}
execute if entity @s[tag=aj.tultaria.bone.left_hand] run data modify entity @s {} merge value {transformation:[-0.12050207527304017f,-0.976822161923261f,0.1769115989144193f,0.5626568506914617f,-0.9015899803197451f,0.1822734320243348f,0.39231607584333267f,1.0024960438408461f,-0.4154693216615782f,-0.11222682368148895f,-0.9026574005703558f,0.01391718905637166f,0f,0f,0f,1f],start_interpolation:0}
execute if entity @s[tag=aj.tultaria.bone.left_arm] run data modify entity @s {} merge value {transformation:[-0.12050207527304017f,-0.9923249023702131f,0.02775856608034616f,0.20764573037482092f,-0.9015899803197451f,0.12110092335343003f,0.41529516461185534f,0.92066650390625f,-0.4154693216615782f,0.025017084140503798f,-0.9092631017803234f,0.06880997861580221f,0f,0f,0f,1f],start_interpolation:0}
execute if entity @s[tag=aj.tultaria.bone.rod] run data modify entity @s {} merge value {transformation:[-0.0000020853480764051885f,0.000004090245962638213f,0.00000888376110469856f,-0.8632946652336668f,0.000009747398870675121f,0.0000016119562763961173f,0.0000015459017494487115f,0.8555107175477172f,-7.997116081404608e-7f,0.000008981730619881058f,-0.0000043230748797235095f,-0.32558153372875487f,0f,0f,0f,1f],start_interpolation:0}
execute if entity @s[tag=aj.tultaria.bone.sword] run data modify entity @s {} merge value {transformation:[-0.20853480764051882f,-0.08996236409778516f,0.9738685779140168f,-0.8539229698661615f,0.974739887067512f,0.0623044210424452f,0.21447683249754487f,0.8857523971251431f,-0.07997116081404608f,0.9939944326627304f,0.0746972641637613f,-0.37218024902515534f,0f,0f,0f,1f],start_interpolation:0}
execute if entity @s[tag=aj.tultaria.bone.right_hand] run data modify entity @s {} merge value {transformation:[-0.20853480764051882f,0.9174008376476025f,0.33895270626712676f,-0.47690026283242504f,0.974739887067512f,0.2232942824099242f,-0.004670760393258044f,0.9386622284022816f,-0.07997116081404608f,0.32941670650790367f,-0.940791819113846f,-0.3196492461775218f,0f,0f,0f,1f],start_interpolation:0}
execute if entity @s[tag=aj.tultaria.bone.right_arm] run data modify entity @s {} merge value {transformation:[-0.20853480764051882f,0.8556160092866639f,0.4737451621438422f,-0.20764573037482092f,0.974739887067512f,0.22143406812696764f,0.029139424022373114f,0.92066650390625f,-0.07997116081404608f,0.4678548900301299f,-0.8801797630671526f,-0.06880997861580221f,0f,0f,0f,1f],start_interpolation:0}
execute if entity @s[tag=aj.tultaria.bone.skirt] run data modify entity @s {} merge value {transformation:[-0.9970804411499863f,0.019249156602926976f,-0.07389224483140787f,0.00461172636116972f,0f,0.9677038401332481f,0.2520898208801081f,0.3711099068092669f,0.07635832551954452f,0.2513538298125592f,-0.9648785718225948f,0.06021952581295356f,0f,0f,0f,1f],start_interpolation:0}
execute if entity @s[tag=aj.tultaria.bone.left_foot] run data modify entity @s {} merge value {transformation:[-0.9970804411499863f,0.0515411365159054f,-0.05633919703720966f,0.12199845327176967f,0f,0.7378265127460025f,0.6749903977754595f,-0.09566806324564031f,0.07635832551954452f,0.6730197235859599f,-0.73567238482094f,-0.04397331095622939f,0f,0f,0f,1f],start_interpolation:0}
execute if entity @s[tag=aj.tultaria.bone.left_leg] run data modify entity @s {} merge value {transformation:[-0.9970804411499863f,0.02605772381052261f,-0.07177457005070288f,0.12442688618253545f,0f,0.9399704559043999f,0.3412558307587942f,0.35822599005738387f,0.07635832551954452f,0.34025951427798357f,-0.9372261568411127f,-0.01226304306475065f,0f,0f,0f,1f],start_interpolation:0}
execute if entity @s[tag=aj.tultaria.bone.right_foot] run data modify entity @s {} merge value {transformation:[-0.9970804411499863f,0.04438318715983573f,-0.062134745301511654f,-0.10045262431157086f,0f,0.8137258757148587f,0.5812488272608266f,0.03418857851012158f,0.07635832551954452f,0.5795518371031372f,-0.8113501551329303f,0.32531689069565717f,0f,0f,0f,1f],start_interpolation:0}
execute if entity @s[tag=aj.tultaria.bone.right_leg] run data modify entity @s {} merge value {transformation:[-0.9970804411499863f,-0.036603257434221555f,-0.0670133973273467f,-0.12484322410496113f,0f,0.8776174290280113f,-0.47936170921994126f,0.35822599005738387f,0.07635832551954452f,-0.4779621844994306f,-0.8750551732961663f,0.00682653831513548f,0f,0f,0f,1f],start_interpolation:0}
execute if entity @s[tag=aj.tultaria.bone.lower] run data modify entity @s {} merge value {transformation:[-0.9970804411499863f,0.0033307033794054315f,-0.07628564931326959f,0f,0f,0.9990482215818578f,0.043619387365336f,0.42066650390625f,0.07635832551954452f,0.043492037996921355f,-0.996131441504948f,0f,0f,0f,0f,1f],start_interpolation:0}