execute if entity @s[tag=aj.tultaria.bone.head] run data modify entity @s {} merge value {transformation:[-0.9870402888659748f,-0.027865781483440114f,0.1580346999164737f,0f,3.469446951953614e-18f,0.984807753012208f,0.17364817766693036f,1.502645851417824f,-0.1604726398965653f,0.17139774744541705f,-0.9720449290106215f,0f,0f,0f,0f,1f],start_interpolation:0}
execute if entity @s[tag=aj.tultaria.bone.bust] run data modify entity @s {} merge value {transformation:[-0.924763392480125f,0f,0.3805425967334672f,0.2721103978733289f,0f,1f,0f,0.34639585141782403f,-0.3805425967334672f,0f,-0.924763392480125f,0.652652994606796f,0f,0f,0f,1f],start_interpolation:0}
execute if entity @s[tag=aj.tultaria.bone.left_wing] run data modify entity @s {} merge value {transformation:[-0.9114149267509944f,-0.2600049341042608f,-0.3189361464884751f,0.10536553662169126f,-0.323409297203861f,0.931844977790674f,0.16453377722644946f,1.408895851417824f,0.25441945243550823f,0.25310545550765434f,-0.9333854351845645f,-0.0918115117641739f,0f,0f,0f,1f],start_interpolation:0}
execute if entity @s[tag=aj.tultaria.bone.right_wing] run data modify entity @s {} merge value {transformation:[-0.4683796256384348f,0.006559293105840358f,0.8835029722421713f,-0.010229887438324314f,0.323409297203861f,0.931844977790674f,0.16453377722644946f,1.408895851417824f,-0.8222085822763613f,0.362797344312565f,-0.4385785382241656f,-0.1393793363558573f,0f,0f,0f,1f],start_interpolation:0}
execute if entity @s[tag=aj.tultaria.bone.body] run data modify entity @s {} merge value {transformation:[-0.924763392480125f,0f,0.3805425967334672f,0.2721103978733289f,0f,1f,0f,0.34639585141782403f,-0.3805425967334672f,0f,-0.924763392480125f,0.652652994606796f,0f,0f,0f,1f],start_interpolation:0}
execute if entity @s[tag=aj.tultaria.bone.left_hand] run data modify entity @s {} merge value {transformation:[-0.05812556738777608f,-0.9815766656679773f,0.18201282326249882f,0.5563413036943188f,-0.9089514247693042f,0.12743086660662878f,0.3969492179684147f,1.4424268634786177f,-0.4128301416148068f,-0.1423679165121836f,-0.8996125002034366f,0.04904841286802189f,0f,0f,0f,1f],start_interpolation:0}
execute if entity @s[tag=aj.tultaria.bone.left_arm] run data modify entity @s {} merge value {transformation:[-0.05812556738777608f,-0.9961303313045342f,0.06592254144804016f,0.20229199210502732f,-0.9089514247693042f,0.08011435486421103f,0.40913200504793523f,1.346395851417824f,-0.4128301416148068f,-0.03613935804369983f,-0.9100907762275627f,0.08324369303544595f,0f,0f,0f,1f],start_interpolation:0}
execute if entity @s[tag=aj.tultaria.bone.rod] run data modify entity @s {} merge value {transformation:[-0.0000016186548395383466f,0.000002964588709132998f,0.000009412288260360508f,-0.8299450193118083f,0.000009821653179351177f,0.0000014085924569786298f,0.000001245389944830084f,1.3060823346662118f,-9.56600927754129e-7f,0.000009446008737865113f,-0.0000031397187117950357f,-0.41513943003890447f,0f,0f,0f,1f],start_interpolation:0}
execute if entity @s[tag=aj.tultaria.bone.sword] run data modify entity @s {} merge value {transformation:[-0.16186548395383465f,-0.21387349962985608f,0.963357509578074f,-0.8136320090803979f,0.9821653179351176f,0.05971818789075905f,0.17828355583298677f,1.3362340558374017f,-0.0956600927754129f,0.9750342887258487f,0.20039282037807027f,-0.4598449949341691f,0f,0f,0f,1f],start_interpolation:0}
execute if entity @s[tag=aj.tultaria.bone.right_hand] run data modify entity @s {} merge value {transformation:[-0.16186548395383465f,0.8751773635040464f,0.45592120757264304f,-0.4447633570512105f,0.9821653179351176f,0.18766489534687017f,-0.011540160304691691f,1.3750141503832016f,-0.0956600927754129f,0.445922044156324f,-0.8899453225820363f,-0.35916182880303754f,0f,0f,0f,1f],start_interpolation:0}
execute if entity @s[tag=aj.tultaria.bone.right_arm] run data modify entity @s {} merge value {transformation:[-0.16186548395383465f,0.813548311950533f,0.558514735013168f,-0.20229199210502732f,0.9821653179351176f,0.18768173869194338f,0.011262912899370217f,1.346395851417824f,-0.0956600927754129f,0.5503768791328425f,-0.8294181319251417f,-0.08324369303544595f,0f,0f,0f,1f],start_interpolation:0}
execute if entity @s[tag=aj.tultaria.bone.skirt] run data modify entity @s {} merge value {transformation:[-0.9996220507296616f,0.007509251837758277f,-0.026445544650526804f,0.0016603431261089847f,0f,0.9619706051969862f,0.2731529877869621f,0.7968392543208409f,0.027491011167759594f,0.2730497498145372f,-0.9616070291086648f,0.06037302849676228f,0f,0f,0f,1f],start_interpolation:0}
execute if entity @s[tag=aj.tultaria.bone.left_foot] run data modify entity @s {} merge value {transformation:[-0.9996220507296616f,0.019185495416846447f,-0.019689399702277538f,0.12361113833201816f,0f,0.7162122768830167f,0.6978824932909874f,0.33128739514901095f,0.027491011167759594f,0.6976187291118661f,-0.7159415849755612f,-0.052219992882754585f,0f,0f,0f,1f],start_interpolation:0}
execute if entity @s[tag=aj.tultaria.bone.left_leg] run data modify entity @s {} merge value {transformation:[-0.9996220507296616f,0.010190279477437785f,-0.02553260463011154f,0.12487781002463325f,0f,0.9287619314656276f,0.37067677922987985f,0.783955337568958f,0.027491011167759594f,0.3705366822116385f,-0.9284109065713119f,-0.00616155773657674f,0f,0f,0f,1f],start_interpolation:0}
execute if entity @s[tag=aj.tultaria.bone.right_foot] run data modify entity @s {} merge value {transformation:[-0.9996220507296616f,0.01640147829018583f,-0.02206234812803129f,-0.1161086140005944f,0f,0.8025295247744529f,0.596612405054815f,0.46493781634173337f,0.027491011167759594f,0.5963869158316496f,-0.8022262093261393f,0.32502511860407923f,0f,0f,0f,1f],start_interpolation:0}
execute if entity @s[tag=aj.tultaria.bone.right_leg] run data modify entity @s {} merge value {transformation:[-0.9996220507296616f,-0.013552722150272319f,-0.02391818173154893f,-0.12502770265778215f,0f,0.8700364488447502f,-0.49298740113882855f,0.783955337568958f,0.027491011167759594f,-0.4928010769102821f,-0.8697076192037414f,0.0007111950553631585f,0f,0f,0f,1f],start_interpolation:0}
execute if entity @s[tag=aj.tultaria.bone.lower] run data modify entity @s {} merge value {transformation:[-0.9996220507296616f,0.0011991410651912837f,-0.027464845816637218f,0f,0f,0.9990482215818578f,0.04361938736533599f,0.846395851417824f,0.027491011167759594f,0.04360290144970865f,-0.9986706320354779f,0f,0f,0f,0f,1f],start_interpolation:0}