execute if entity @s[tag=aj.tultaria.bone.head] run data modify entity @s {} merge value {transformation:[-0.9908566742730582f,0.023428383452955462f,-0.1328689651397788f,0f,0f,0.984807753012208f,0.1736481776669303f,1.1399436513899324f,0.13491868309665078f,0.1720604558166317f,-0.9758033349479999f,0f,0f,0f,0f,1f],start_interpolation:0}
execute if entity @s[tag=aj.tultaria.bone.bust] run data modify entity @s {} merge value {transformation:[-0.9005007986618617f,0f,-0.43485435677862194f,0.6676775777202418f,0f,1f,0f,-0.016306348610067634f,0.43485435677862194f,0f,-0.9005007986618617f,0.2328232209416199f,0f,0f,0f,1f],start_interpolation:0}
execute if entity @s[tag=aj.tultaria.bone.left_wing] run data modify entity @s {} merge value {transformation:[-0.6322637495988856f,-0.007438464954492564f,-0.7747175099236355f,0.0019245053190386496f,-0.06637991482240416f,0.9967969956822577f,0.044603321703607875f,1.0461936513899324f,0.7719043061489733f,0.07962674574504446f,-0.6307323707490571f,-0.13974099713139654f,0f,0f,0f,1f],start_interpolation:0}
execute if entity @s[tag=aj.tultaria.bone.right_wing] run data modify entity @s {} merge value {transformation:[-0.9976786476158341f,0.06698681111907215f,-0.012250845992739623f,-0.11063809451369411f,0.06637991482240416f,0.9967969956822577f,0.044603321703607875f,1.0461936513899324f,0.015199440766371697f,0.043686571562929044f,-0.9989296574161097f,-0.08538420253406886f,0f,0f,0f,1f],start_interpolation:0}
execute if entity @s[tag=aj.tultaria.bone.body] run data modify entity @s {} merge value {transformation:[-0.9005007986618617f,0f,-0.43485435677862194f,0.6676775777202418f,0f,1f,0f,-0.016306348610067634f,0.43485435677862194f,0f,-0.9005007986618617f,0.2328232209416199f,0f,0f,0f,1f],start_interpolation:0}
execute if entity @s[tag=aj.tultaria.bone.left_hand] run data modify entity @s {} merge value {transformation:[-0.6974950390530806f,-0.6821522289634725f,-0.21947438806500363f,0.41914604281683665f,-0.7164760909223394f,0.6584186554267245f,0.23053608247454024f,0.9032991950101544f,-0.012754671026151632f,0.31804592546711014f,-0.9479895082018494f,-0.3778312879898915f,0f,0f,0f,1f],start_interpolation:0}
execute if entity @s[tag=aj.tultaria.bone.left_arm] run data modify entity @s {} merge value {transformation:[-0.6974950390530806f,-0.5733087135815034f,-0.4299043956833465f,0.19698454970728224f,-0.7164760909223394f,0.5472654165267977f,0.4326229016249538f,0.9836936513899324f,-0.012754671026151632f,0.609768548553689f,-0.7924768990713497f,-0.09512439054532355f,0f,0f,0f,1f],start_interpolation:0}
execute if entity @s[tag=aj.tultaria.bone.rod] run data modify entity @s {} merge value {transformation:[-0.000004263767118039909f,0.000008990005638936475f,0.000001000044286525377f,-0.7525947363421819f,0.00000859841142636092f,0.000003684930366566801f,0.000003533922627418411f,0.7218026884558563f,0.000002808489078872772f,0.000002366661531661057f,-0.000009301145213811473f,0.38722230543569697f,0f,0f,0f,1f],start_interpolation:0}
execute if entity @s[tag=aj.tultaria.bone.sword] run data modify entity @s {} merge value {transformation:[-0.42637671180399084f,0.7285551120221652f,0.5361066576508696f,-0.7924022391503143f,0.8598411426360919f,0.14242819949143476f,0.4902931953636394f,0.7481721994927804f,0.2808489078872772f,0.6700161615483602f,-0.6871697273618251f,0.35732515284796607f,0f,0f,0f,1f],start_interpolation:0}
execute if entity @s[tag=aj.tultaria.bone.right_hand] run data modify entity @s {} merge value {transformation:[-0.42637671180399084f,0.7064032046686237f,-0.5649755853708325f,-0.558315482762802f,0.8598411426360919f,0.5104499904435754f,-0.01067785963634757f,0.9118867024176536f,0.2808489078872772f,-0.4903420435676019f,-0.8250385271297767f,0.10021422320662418f,0f,0f,0f,1f],start_interpolation:0}
execute if entity @s[tag=aj.tultaria.bone.right_arm] run data modify entity @s {} merge value {transformation:[-0.42637671180399084f,0.8520145790464364f,-0.30376645095128607f,-0.19698454970728224f,0.8598411426360919f,0.4860345236925202f,0.15634465519884194f,0.9836936513899324f,0.2808489078872772f,-0.19452917228865324f,-0.9398309912251324f,0.09512439054532355f,0f,0f,0f,1f],start_interpolation:0}
execute if entity @s[tag=aj.tultaria.bone.skirt] run data modify entity @s {} merge value {transformation:[-0.8250970606750677f,0.0631454261645607f,-0.5614512406432633f,0.0341231151046887f,-8.673617379884035e-19f,0.9937348232290263f,0.11176359470765054f,0.4341370542929493f,0.5649910091898487f,0.09221581348376201f,-0.8199276817367275f,0.049832442492009695f,0f,0f,0f,1f],start_interpolation:0}
execute if entity @s[tag=aj.tultaria.bone.left_foot] run data modify entity @s {} merge value {transformation:[-0.8250970606750677f,0.28802315796402095f,-0.4860632684556572f,0.13646802295095412f,-8.673617379884035e-19f,0.8603026606611538f,0.5097836129764663f,-0.029548267525061345f,0.5649910091898487f,0.4206209606471987f,-0.7098331966024582f,-0.021948376496842996f,0f,0f,0f,1f],start_interpolation:0}
execute if entity @s[tag=aj.tultaria.bone.left_leg] run data modify entity @s {} merge value {transformation:[-0.8250970606750677f,0.08009034061301923f,-0.5592855959220246f,0.10159684747889695f,-8.673617379884035e-19f,0.9899017627271537f,0.1417550709839831f,0.42125313754106625f,0.5649910091898487f,0.11696169240467003f,-0.8167650347832428f,-0.07287326541770521f,0f,0f,0f,1f],start_interpolation:0}
execute if entity @s[tag=aj.tultaria.bone.right_foot] run data modify entity @s {} merge value {transformation:[-0.8250970606750677f,0.2688200090103544f,-0.496941287498872f,0.056208089935663244f,-8.673617379884035e-19f,0.8795560980898538f,0.47579519786663593f,0.0663667680868591f,0.5649910091898487f,0.3925772192430736f,-0.7257191512327699f,0.30332718044100654f,0f,0f,0f,1f],start_interpolation:0}
execute if entity @s[tag=aj.tultaria.bone.right_leg] run data modify entity @s {} merge value {transformation:[-0.8250970606750677f,-0.21892327164601494f,-0.5208526102432134f,-0.10467741768986998f,-8.673617379884035e-19f,0.9218776967620668f,-0.3874809830335765f,0.42125313754106625f,0.5649910091898487f,-0.3197094201684897f,-0.7606385779002827f,0.06837448687975696f,0f,0f,0f,1f],start_interpolation:0}
execute if entity @s[tag=aj.tultaria.bone.lower] run data modify entity @s {} merge value {transformation:[-0.8250970606750677f,0.024644561687784117f,-0.5644532629408573f,0f,-8.673617379884035e-19f,0.9990482215818578f,0.04361938736533599f,0.48369365138993237f,0.5649910091898487f,0.03599022830358592f,-0.8243117510998446f,0f,0f,0f,0f,1f],start_interpolation:0}