execute if entity @s[tag=aj.tultaria.bone.head] run data modify entity @s {} merge value {transformation:[-0.9996587173516854f,-0.004536336624954f,0.025726843428767576f,0f,0f,0.984807753012208f,0.17364817766693033f,1.0752648384673178f,-0.026123721457388532f,0.17358891455698114f,-0.9844716552141793f,0f,0f,0f,0f,1f],start_interpolation:0}
execute if entity @s[tag=aj.tultaria.bone.bust] run data modify entity @s {} merge value {transformation:[-0.9786857811342031f,0f,0.2053634383373406f,0.38666117139843126f,0f,1f,0f,-0.0809851615326822f,-0.2053634383373406f,0f,-0.9786857811342031f,0.5920246097357719f,0f,0f,0f,1f],start_interpolation:0}
execute if entity @s[tag=aj.tultaria.bone.left_wing] run data modify entity @s {} merge value {transformation:[-0.8722922204459832f,-0.198062566376343f,-0.44707661753868655f,0.0868382911130553f,-0.2943556761507956f,0.9427692676959389f,0.1566551748454895f,0.9815148384673178f,0.39046256935489254f,0.2682486303571364f,-0.8806711385325945f,-0.10950050774569164f,0f,0f,0f,1f],start_interpolation:0}
execute if entity @s[tag=aj.tultaria.bone.right_wing] run data modify entity @s {} merge value {transformation:[-0.641760632547521f,0.073527741767969f,0.7633720991120311f,-0.03549743152872009f,0.2943556761507956f,0.9427692676959389f,0.1566551748454895f,0.9815148384673178f,-0.7081652536167061f,0.3252380344894579f,-0.6266755097268606f,-0.13517093753785914f,0f,0f,0f,1f],start_interpolation:0}
execute if entity @s[tag=aj.tultaria.bone.body] run data modify entity @s {} merge value {transformation:[-0.9786857811342031f,0f,0.2053634383373406f,0.38666117139843126f,0f,1f,0f,-0.0809851615326822f,-0.2053634383373406f,0f,-0.9786857811342031f,0.5920246097357719f,0f,0f,0f,1f],start_interpolation:0}
execute if entity @s[tag=aj.tultaria.bone.left_hand] run data modify entity @s {} merge value {transformation:[-0.13103310109277674f,-0.9912532928340307f,-0.015723735678939255f,0.554212227478694f,-0.9094050449154353f,0.11386831803389486f,0.40002058750830155f,1.0173396812416464f,-0.3947312892340372f,0.06671518263351138f,-0.916371264120505f,-0.05700609838801778f,0f,0f,0f,1f],start_interpolation:0}
execute if entity @s[tag=aj.tultaria.bone.left_arm] run data modify entity @s {} merge value {transformation:[-0.13103310109277674f,-0.9848036501023887f,-0.11398288100860535f,0.21408751462310693f,-0.9094050449154353f,0.07362280318613512f,0.40934355635989994f,0.9190148384673178f,-0.3947312892340372f,0.15729416262540497f,-0.9052324318668701f,0.04492325213629326f,0f,0f,0f,1f],start_interpolation:0}
execute if entity @s[tag=aj.tultaria.bone.rod] run data modify entity @s {} merge value {transformation:[-0.0000017431075492496075f,0.000004142394540576113f,0.000008933204550549273f,-0.8818206968452718f,0.000009818348040820906f,0.000001421606680695378f,0.000001256612985254628f,0.8771934825450542f,-7.494116499343374e-7f,0.00000898997229782203f,-0.000004314948465895649f,-0.29069722320286256f,0f,0f,0f,1f],start_interpolation:0}
execute if entity @s[tag=aj.tultaria.bone.sword] run data modify entity @s {} merge value {transformation:[-0.17431075492496073f,-0.08791833706377536f,0.9807579348266475f,-0.871388466161231f,0.9818348040820906f,0.06028410070445561f,0.1799062108303597f,0.9073289381684047f,-0.07494116499343373f,0.9943018622180065f,0.07581311614246905f,-0.33713913318003763f,0f,0f,0f,1f],start_interpolation:0}
execute if entity @s[tag=aj.tultaria.bone.right_hand] run data modify entity @s {} merge value {transformation:[-0.17431075492496073f,0.9245844785411418f,0.3387614245428412f,-0.4927563393244883f,0.9818348040820906f,0.1893787287300419f,-0.011666816089918226f,0.9467521538075802f,-0.07494116499343373f,0.3305741053763861f,-0.9407999695174469f,-0.2843319298763986f,0f,0f,0f,1f],start_interpolation:0}
execute if entity @s[tag=aj.tultaria.bone.right_arm] run data modify entity @s {} merge value {transformation:[-0.17431075492496073f,0.8823489039104461f,0.4371226057818614f,-0.21408751462310693f,0.9818348040820906f,0.18952612822467596f,0.008959029704519395f,0.9190148384673178f,-0.07494116499343373f,0.4307438432388767f,-0.8993573056918085f,-0.04492325213629326f,0f,0f,0f,1f],start_interpolation:0}
execute if entity @s[tag=aj.tultaria.bone.skirt] run data modify entity @s {} merge value {transformation:[-0.9870855274462718f,0.0402492323190581f,-0.15505534754997022f,0.009675061876346676f,1.734723475976807e-18f,0.967921489034484f,0.25125284289987115f,0.36945824137033473f,0.16019413692802742f,0.24800804495619455f,-0.9554212935301843f,0.059615874453505684f,0f,0f,0f,1f],start_interpolation:0}
execute if entity @s[tag=aj.tultaria.bone.left_foot] run data modify entity @s {} merge value {transformation:[-0.9870855274462718f,0.10798199386088803f,-0.11833026032229751f,0.11794499182503466f,1.734723475976807e-18f,0.7386678600819294f,0.6740695754015181f,-0.09735904390680927f,0.16019413692802742f,0.665364322370692f,-0.7291283542765802f,-0.05354881083190652f,0f,0f,0f,1f],start_interpolation:0}
execute if entity @s[tag=aj.tultaria.bone.left_leg] run data modify entity @s {} merge value {transformation:[-0.9870855274462718f,0.054479323835042476f,-0.15064582563281378f,0.12294896779876402f,1.734723475976807e-18f,0.9403953760211372f,0.34008313212810753f,0.3565743246184517f,0.16019413692802742f,0.3356911378522532f,-0.9282506657478593f,-0.022715271240028173f,0f,0f,0f,1f],start_interpolation:0}
execute if entity @s[tag=aj.tultaria.bone.right_foot] run data modify entity @s {} merge value {transformation:[-0.9870855274462718f,0.09301445430508665f,-0.13042420326167425f,-0.07268480919550198f,1.734723475976807e-18f,0.8141634005011792f,0.5806358215649089f,0.03233965961152163f,0.16019413692802742f,0.5731372161835973f,-0.8036489096111565f,0.3324333699044955f,0f,0f,0f,1f],start_interpolation:0}
execute if entity @s[tag=aj.tultaria.bone.right_leg] run data modify entity @s {} merge value {transformation:[-0.9870855274462718f,-0.07670407529818782f,-0.14063657539475818f,-0.12382241406280392f,1.734723475976807e-18f,0.8779133749317177f,-0.4788194922055714f,0.3565743246184517f,0.16019413692802742f,-0.4726357910152924f,-0.8665755867466111f,0.017333262991978682f,0f,0f,0f,1f],start_interpolation:0}
execute if entity @s[tag=aj.tultaria.bone.lower] run data modify entity @s {} merge value {transformation:[-0.9870855274462718f,0.006987570112319309f,-0.1600416676057863f,0f,1.734723475976807e-18f,0.9990482215818578f,0.043619387365336f,0.4190148384673178f,0.16019413692802742f,0.04305606598439592f,-0.9861460407443878f,0f,0f,0f,0f,1f],start_interpolation:0}