execute if entity @s[tag=aj.tultaria.bone.head] run data modify entity @s {} merge value {transformation:[-0.9975731682115763f,-0.012090420771029058f,0.06856818351026528f,0f,3.469446951953614e-18f,0.984807753012208f,0.17364817766693036f,1.0487599050291134f,-0.06962595826498869f,0.1732267627493664f,-0.9824177902517119f,0f,0f,0f,0f,1f],start_interpolation:0}
execute if entity @s[tag=aj.tultaria.bone.bust] run data modify entity @s {} merge value {transformation:[-0.9080024907432532f,0f,0.418964767974645f,0.24451886138430412f,0f,1f,0f,-0.10749009497088657f,-0.418964767974645f,0f,-0.9080024907432532f,0.6634836293589491f,0f,0f,0f,1f],start_interpolation:0}
execute if entity @s[tag=aj.tultaria.bone.left_wing] run data modify entity @s {} merge value {transformation:[-0.8918575939115028f,-0.29178846424836813f,-0.3456147050024975f,0.10912075166828394f,-0.36594705812952166f,0.9145666066560252f,0.17219370672597695f,0.9550099050291134f,0.2658435307257507f,0.28004894950929926f,-0.922442303371872f,-0.08731501334449132f,0f,0f,0f,1f],start_interpolation:0}
execute if entity @s[tag=aj.tultaria.bone.right_wing] run data modify entity @s {} merge value {transformation:[-0.37649448108854705f,-0.023720688285765346f,0.9261151303467161f,-0.004379559674622668f,0.36594705812952166f,0.9145666066560252f,0.17219370672597695f,0.9550099050291134f,-0.851078525376016f,0.40373908770012945f,-0.33564876389889037f,-0.13968560934132201f,0f,0f,0f,1f],start_interpolation:0}
execute if entity @s[tag=aj.tultaria.bone.body] run data modify entity @s {} merge value {transformation:[-0.9080024907432532f,0f,0.418964767974645f,0.24451886138430412f,0f,1f,0f,-0.10749009497088657f,-0.418964767974645f,0f,-0.9080024907432532f,0.6634836293589491f,0f,0f,0f,1f],start_interpolation:0}
execute if entity @s[tag=aj.tultaria.bone.left_hand] run data modify entity @s {} merge value {transformation:[-0.07378645989135243f,-0.9741737247632103f,0.21340363707696025f,0.5561442181860797f,-0.9018932010706083f,0.15650773677070373f,0.40260896934062923f,0.9783376124390779f,-0.42561039954318935f,-0.16276019879529885f,-0.8901488108674871f,0.06806485463107377f,0f,0f,0f,1f],start_interpolation:0}
execute if entity @s[tag=aj.tultaria.bone.left_arm] run data modify entity @s {} merge value {transformation:[-0.07378645989135243f,-0.9920025893007164f,0.1024032282566138f,0.19862554485008665f,-0.9018932010706083f,0.11019915050561213f,0.4176658964895901f,0.8925099050291134f,-0.42561039954318935f,-0.06153868741300661f,-0.9028115959335983f,0.09164854299445359f,0f,0f,0f,1f],start_interpolation:0}
execute if entity @s[tag=aj.tultaria.bone.rod] run data modify entity @s {} merge value {transformation:[-0.000001920606604261788f,0.0000018509307489310786f,0.000009637703338157253f,-0.7827224163478239f,0.000009733004263848343f,0.000001617049639971928f,0.0000016290421915274695f,0.8221021912725872f,-0.0000012569400429519168f,0.00000969325568756587f,-0.0000021120833089383428f,-0.4902023738489327f,0f,0f,0f,1f],start_interpolation:0}
execute if entity @s[tag=aj.tultaria.bone.sword] run data modify entity @s {} merge value {transformation:[-0.19206066042617878f,-0.32158986198585554f,0.9271961299447805f,-0.7629145633858325f,0.9733004263848343f,0.05858849716324354f,0.22193167416854276f,0.8525575796652163f,-0.12569400429519167f,0.945064732527921f,0.30175100433332325f,-0.5332598517580049f,0f,0f,0f,1f],start_interpolation:0}
execute if entity @s[tag=aj.tultaria.bone.right_hand] run data modify entity @s {} merge value {transformation:[-0.19206066042617878f,0.8123691069551079f,0.5506079701399358f,-0.40925800497216647f,0.9733004263848343f,0.22953335464074837f,0.0008480014528652532f,0.908283199444476f,-0.12569400429519167f,0.5360698398271672f,-0.8347635258634121f,-0.39352162464667156f,0f,0f,0f,1f],start_interpolation:0}
execute if entity @s[tag=aj.tultaria.bone.right_arm] run data modify entity @s {} merge value {transformation:[-0.19206066042617878f,0.7370796989363749f,0.6479399818907016f,-0.19862554485008665f,0.9733004263848343f,0.22762287861649966f,0.029565268972865294f,0.8925099050291134f,-0.12569400429519167f,0.6363185857306077f,-0.761117385649572f,-0.09164854299445359f,0f,0f,0f,1f],start_interpolation:0}
execute if entity @s[tag=aj.tultaria.bone.skirt] run data modify entity @s {} merge value {transformation:[-0.9998924030829128f,-0.004481828150357694f,0.013967658125416619f,-0.0008859523481529175f,0f,0.9521828770074144f,0.30552867088684693f,0.34295330793213036f,-0.014669091896837183f,0.30549579694377776f,-0.9520804250653452f,0.06038935665830602f,0f,0f,0f,1f],start_interpolation:0}
execute if entity @s[tag=aj.tultaria.bone.left_foot] run data modify entity @s {} merge value {transformation:[-0.9998924030829128f,-0.01073745870624078f,0.00999446034609321f,0.12602544004611954f,0f,0.6813278160898357f,0.7319784197790636f,-0.119813102213078f,-0.014669091896837183f,0.731899661157721f,-0.6812545073172986f,-0.06898041844800075f,0f,0f,0f,1f],start_interpolation:0}
execute if entity @s[tag=aj.tultaria.bone.left_leg] run data modify entity @s {} merge value {transformation:[-0.9998924030829128f,-0.0060954039400012445f,0.013342724904833826f,0.12502654143547323f,0f,0.90958083831424f,0.4155270130467628f,0.3300693911802473f,-0.014669091896837183f,0.4154823036211925f,-0.9094829702201956f,-0.0008922818912534929f,0f,0f,0f,1f],start_interpolation:0}
execute if entity @s[tag=aj.tultaria.bone.right_foot] run data modify entity @s {} merge value {transformation:[-0.9998924030829128f,-0.009094685831773974f,0.011509515484988294f,-0.12981741186240903f,0f,0.7846099517223584f,0.6199896964129634f,0.018982703165637604f,-0.014669091896837183f,0.6199229874330034f,-0.784525530110437f,0.3274533926768878f,0f,0f,0f,1f],start_interpolation:0}
execute if entity @s[tag=aj.tultaria.bone.right_leg] run data modify entity @s {} merge value {transformation:[-0.9998924030829128f,0.0075378865694612045f,0.012584217224118151f,-0.12494655933525499f,0f,0.8578729557779518f,-0.5138618411059538f,0.3300693911802473f,-0.014669091896837183f,-0.513806551156042f,-0.8577806512926575f,-0.004559554865462789f,0f,0f,0f,1f],start_interpolation:0}
execute if entity @s[tag=aj.tultaria.bone.lower] run data modify entity @s {} merge value {transformation:[-0.9998924030829128f,-0.0006398568017458549f,0.01465513017175607f,0f,0f,0.9990482215818578f,0.043619387365336f,0.3925099050291134f,-0.014669091896837183f,0.04361469405373025f,-0.998940727073194f,0f,0f,0f,0f,1f],start_interpolation:0}