execute if entity @s[tag=aj.tultaria.bone.head] run data modify entity @s {} merge value {transformation:[-0.9965453874507637f,0.014421468871906002f,-0.08178821422542326f,0f,-3.469446951953614e-18f,0.984807753012208f,0.17364817766693036f,1.0350000000000001f,0.08304992926310703f,0.17304829049321016f,-0.9814056237900669f,0f,0f,0f,0f,1f],start_interpolation:0}
execute if entity @s[tag=aj.tultaria.bone.bust] run data modify entity @s {} merge value {transformation:[-0.987344727136468f,0f,0.15858874422799812f,0.41437799145423493f,0f,1f,0f,-0.12124999999999997f,-0.15858874422799812f,0f,-0.987344727136468f,0.5729667356822331f,0f,0f,0f,1f],start_interpolation:0}
execute if entity @s[tag=aj.tultaria.bone.left_wing] run data modify entity @s {} merge value {transformation:[-0.7494339592836061f,-0.20887155088748827f,-0.6282685857993804f,0.08153263847452896f,-0.3971312574337452f,0.9010877016016581f,0.1741485526535712f,0.94125f,0.529750417688925f,0.38001793280330415f,-0.7582551455191799f,-0.11350629437780857f,0f,0f,0f,1f],start_interpolation:0}
execute if entity @s[tag=aj.tultaria.bone.right_wing] run data modify entity @s {} merge value {transformation:[-0.5458383409339549f,0.079357395242017f,0.834124037171253f,-0.0418854524175295f,0.3971312574337452f,0.9010877016016581f,0.1741485526535712f,0.94125f,-0.7377989359815857f,0.4263136847940065f,-0.5233635182373686f,-0.13332988740630836f,0f,0f,0f,1f],start_interpolation:0}
execute if entity @s[tag=aj.tultaria.bone.body] run data modify entity @s {} merge value {transformation:[-0.987344727136468f,0f,0.15858874422799812f,0.41437799145423493f,0f,1f,0f,-0.12124999999999997f,-0.15858874422799812f,0f,-0.987344727136468f,0.5729667356822331f,0f,0f,0f,1f],start_interpolation:0}
execute if entity @s[tag=aj.tultaria.bone.left_hand] run data modify entity @s {} merge value {transformation:[-0.24170799119546305f,-0.8994281309121452f,0.3641514579349346f,0.5747103893925369f,-0.8849780014890499f,0.3582496510565508f,0.2974409595168532f,0.9196921477575253f,-0.3979838990118829f,-0.25037217265851275f,-0.8825659132810166f,-0.038654646455527554f,0f,0f,0f,1f],start_interpolation:0}
execute if entity @s[tag=aj.tultaria.bone.left_arm] run data modify entity @s {} merge value {transformation:[-0.24170799119546305f,-0.9699363026375188f,0.028298689335603755f,0.2159816590611024f,-0.8849780014890499f,0.2323100579325903f,0.4035417870107174f,0.87875f,-0.3979838990118829f,0.07249555716880576f,-0.9145234881172181f,0.03469128779987459f,0f,0f,0f,1f],start_interpolation:0}
execute if entity @s[tag=aj.tultaria.bone.rod] run data modify entity @s {} merge value {transformation:[-0.0000028201195818337744f,0.000008903981866146213f,0.000003572958504026756f,-0.8632730634686672f,0.000009573507083845047f,0.000002367717009862742f,0.0000016558617927759948f,0.7730814183853201f,6.284008750203929e-7f,0.000003887547181520251f,-0.000009191957857373344f,0.16212535396805072f,0f,0f,0f,1f],start_interpolation:0}
execute if entity @s[tag=aj.tultaria.bone.sword] run data modify entity @s {} merge value {transformation:[-0.28201195818337743f,0.7731283790981502f,0.5681036568044988f,-0.8897559501463597f,0.9573507083845046f,0.1879833321730051f,0.21941259758915524f,0.8006391390322184f,0.06284008750203929f,0.6057514145738334f,-0.7931685490137237f,0.12073626276077726f,0f,0f,0f,1f],start_interpolation:0}
execute if entity @s[tag=aj.tultaria.bone.right_hand] run data modify entity @s {} merge value {transformation:[-0.28201195818337743f,0.8822529144209498f,-0.37696027700185764f,-0.5795482551860431f,0.9573507083845046f,0.28450998559843f,-0.0503357651225061f,0.873480692344418f,0.06284008750203929f,-0.3750784759094041f,-0.9248606707565278f,-0.0941366583425417f,0f,0f,0f,1f],start_interpolation:0}
execute if entity @s[tag=aj.tultaria.bone.right_arm] run data modify entity @s {} merge value {transformation:[-0.28201195818337743f,0.9546201986542499f,-0.09575767208374145f,-0.2159816590611024f,0.9573507083845046f,0.2865385571514767f,0.03708471951136856f,0.87875f,0.06284008750203929f,-0.08121534083453869f,-0.9947136230171303f,-0.03469128779987459f,0f,0f,0f,1f],start_interpolation:0}
execute if entity @s[tag=aj.tultaria.bone.skirt] run data modify entity @s {} merge value {transformation:[-0.9976974499728977f,0.023196426200270466f,-0.06373165719728871f,0.004096156387810764f,0f,0.9396926207859084f,0.34202014332566866f,0.32919340290301696f,0.06782181299240914f,0.34123262483538463f,-0.93752893151645f,0.06025679058839663f,0f,0f,0f,1f],start_interpolation:0}
execute if entity @s[tag=aj.tultaria.bone.left_foot] run data modify entity @s {} merge value {transformation:[-0.9976974499728977f,0.052136677032850395f,-0.04337701263975616f,0.11821950589514493f,0f,0.6395731804546582f,0.768730217204393f,-0.12909065952638554f,0.06782181299240914f,0.7669601774219347f,-0.6381005312106683f,-0.10398867444235554f,0f,0f,0f,1f],start_interpolation:0}
execute if entity @s[tag=aj.tultaria.bone.left_leg] run data modify entity @s {} merge value {transformation:[-0.9976974499728977f,0.031568344721075996f,-0.06002697667839543f,0.12452728462581625f,0f,0.8850688890477446f,0.46546005375304916f,0.3163094861511339f,0.06782181299240914f,0.464388308693665f,-0.8830309736532802f,-0.011197661095537128f,0f,0f,0f,1f],start_interpolation:0}
execute if entity @s[tag=aj.tultaria.bone.right_foot] run data modify entity @s {} merge value {transformation:[-0.9976974499728977f,0.04381226456071552f,-0.05177145730650419f,-0.10180425857103387f,0f,0.7633452280654698f,0.6459907606070506f,0.014488179651349353f,0.06782181299240914f,0.6445033345637069f,-0.7615875874898992f,0.34546630049421406f,0f,0f,0f,1f],start_interpolation:0}
execute if entity @s[tag=aj.tultaria.bone.right_leg] run data modify entity @s {} merge value {transformation:[-0.9976974499728977f,-0.03644063355819295f,-0.057200336917319086f,-0.12489707786740817f,0f,0.8433914458128857f,-0.5372996083468238f,0.3163094861511339f,0.06782181299240914f,-0.5360624491190628f,-0.8414494948164712f,0.005757792152565157f,0f,0f,0f,1f],start_interpolation:0}
execute if entity @s[tag=aj.tultaria.bone.lower] run data modify entity @s {} merge value {transformation:[-0.9976974499728977f,0.002958345932735272f,-0.06775726165452367f,0f,0f,0.9990482215818578f,0.043619387365336f,0.37875000000000003f,0.06782181299240914f,0.04351895154377576f,-0.9967478630721779f,0f,0f,0f,0f,1f],start_interpolation:0}