execute if entity @s[tag=aj.tultaria.bone.head] run data modify entity @s {} merge value {transformation:[-0.993611933372451f,-0.01959635330929721f,0.11113644225382258f,0f,0f,0.984807753012208f,0.17364817766693033f,1.0412449363425926f,-0.1128509010148348f,0.17253890153824153f,-0.9785167354706392f,0f,0f,0f,0f,1f],start_interpolation:0}
execute if entity @s[tag=aj.tultaria.bone.bust] run data modify entity @s {} merge value {transformation:[-0.8763554129672966f,0f,0.4816650186207414f,0.1973451971732776f,0f,1f,0f,-0.11500506365740742f,-0.4816650186207414f,0f,-0.8763554129672966f,0.679010215794019f,0f,0f,0f,1f],start_interpolation:0}
execute if entity @s[tag=aj.tultaria.bone.left_wing] run data modify entity @s {} merge value {transformation:[-0.8953137550597835f,-0.3189936571602824f,-0.31089600623401153f,0.11498034063804868f,-0.3835052364444636f,0.9070495114774779f,0.17373807109595968f,0.9474949363425926f,0.22657672788798566f,0.2747803312101812f,-0.9344296420595812f,-0.07944036295711565f,0f,0f,0f,1f],start_interpolation:0}
execute if entity @s[tag=aj.tultaria.bone.right_wing] run data modify entity @s {} merge value {transformation:[-0.2886055513186231f,-0.06099507086455408f,0.955503237607441f,0.005435914017136667f,0.3835052364444636f,0.9070495114774779f,0.17373807109595968f,0.9474949363425926f,-0.8772859108453469f,0.4165822668557757f,-0.23838759525938752f,-0.13964849028470838f,0f,0f,0f,1f],start_interpolation:0}
execute if entity @s[tag=aj.tultaria.bone.body] run data modify entity @s {} merge value {transformation:[-0.8763554129672966f,0f,0.4816650186207414f,0.1973451971732776f,0f,1f,0f,-0.11500506365740742f,-0.4816650186207414f,0f,-0.8763554129672966f,0.679010215794019f,0f,0f,0f,1f],start_interpolation:0}
execute if entity @s[tag=aj.tultaria.bone.left_hand] run data modify entity @s {} merge value {transformation:[-0.03630897865391333f,-0.9635670130643411f,0.26499107419566775f,0.5492328706226798f,-0.9037281102233627f,0.14484465799116136f,0.40285919108732443f,0.9739535157932306f,-0.42656436895411176f,-0.22485247693918708f,-0.8760617573853415f,0.10624117713637272f,0f,0f,0f,1f],start_interpolation:0}
execute if entity @s[tag=aj.tultaria.bone.left_arm] run data modify entity @s {} merge value {transformation:[-0.03630897865391333f,-0.9863014957014073f,0.16090686015915168f,0.19170274658659614f,-0.9037281102233627f,0.1011344125511714f,0.41598958327107105f,0.8849949363425926f,-0.42656436895411176f,-0.13031189575436525f,-0.8950204740472053f,0.10536422282328718f,0f,0f,0f,1f],start_interpolation:0}
execute if entity @s[tag=aj.tultaria.bone.rod] run data modify entity @s {} merge value {transformation:[-0.0000017366646836233624f,0.0000011052736232195695f,0.000009785824747790572f,-0.7454214482709662f,0.00000975225504236857f,0.0000015755919087647628f,0.0000015527497305205856f,0.8204321967648426f,-0.000001370225297260309f,0.00000981304643598766f,-0.0000013515185088994544f,-0.5472686234571801f,0f,0f,0f,1f],start_interpolation:0}
execute if entity @s[tag=aj.tultaria.bone.sword] run data modify entity @s {} merge value {transformation:[-0.17366646836233623f,-0.39357173380542687f,0.9027409640178867f,-0.72207629151063f,0.9752255042368569f,0.05881277537272055f,0.21325166667326495f,0.8508322819325559f,-0.1370225297260309f,0.9174106756531385f,0.37360738556020356f,-0.5885562317995278f,0f,0f,0f,1f],start_interpolation:0}
execute if entity @s[tag=aj.tultaria.bone.right_hand] run data modify entity @s {} merge value {transformation:[-0.17366646836233623f,0.7701169512711032f,0.6138076564620666f,-0.37990163448654435f,0.9752255042368569f,0.221207158700691f,-0.0016151859133529817f,0.9031829830384326f,-0.1370225297260309f,0.5983203776443419f,-0.789453958152729f,-0.421580226609643f,0f,0f,0f,1f],start_interpolation:0}
execute if entity @s[tag=aj.tultaria.bone.right_arm] run data modify entity @s {} merge value {transformation:[-0.17366646836233623f,0.691387923720515f,0.7013007177381102f,-0.19170274658659614f,0.9752255042368569f,0.21981998136779612f,0.024786925534021897f,0.8849949363425926f,-0.1370225297260309f,0.6882310038968722f,-0.7124344963732331f,-0.10536422282328718f,0f,0f,0f,1f],start_interpolation:0}
execute if entity @s[tag=aj.tultaria.bone.skirt] run data modify entity @s {} merge value {transformation:[-0.9980760743443812f,-0.019704336076148462f,0.05878680941425211f,-0.00374461598585663f,1.734723475976807e-18f,0.9481558682098972f,0.3178056789598577f,0.3354383392456095f,-0.06200120822459354f,0.3171942444606054f,-0.9463316868095225f,0.060279657931061235f,0f,0f,0f,1f],start_interpolation:0}
execute if entity @s[tag=aj.tultaria.bone.left_foot] run data modify entity @s {} merge value {transformation:[-0.9980760743443812f,-0.04616283523058477f,0.041390125208596404f,0.12966957525268813f,1.734723475976807e-18f,0.6675696553954975f,0.7445473491962326f,-0.1259810496148112f,-0.06200120822459354f,0.7431148954492908f,-0.6662853010085692f,-0.0712905563726253f,0f,0f,0f,1f],start_interpolation:0}
execute if entity @s[tag=aj.tultaria.bone.left_leg] run data modify entity @s {} merge value {transformation:[-0.9980760743443812f,-0.026809583451381725f,0.05590524176204594f,0.12492853771296436f,1.734723475976807e-18f,0.9016798762942564f,0.432404209838404f,0.32255442249372646f,-0.06200120822459354f,0.4315722962854982f,-0.8999451112470984f,0.005029184346392853f,0f,0f,0f,1f],start_interpolation:0}
execute if entity @s[tag=aj.tultaria.bone.right_foot] run data modify entity @s {} merge value {transformation:[-0.9980760743443812f,-0.03898504206751087f,0.048211163814035986f,-0.14535502841006243f,1.734723475976807e-18f,0.7775842631871881f,0.62877874776716f,0.014545436280172297f,-0.06200120822459354f,0.6275690242026228f,-0.7760882488738364f,0.32379007952570743f,0f,0f,0f,1f],start_interpolation:0}
execute if entity @s[tag=aj.tultaria.bone.right_leg] run data modify entity @s {} merge value {transformation:[-0.9980760743443812f,0.032349577110935966f,0.052892860407176064f,-0.12459048087313093f,1.734723475976807e-18f,0.8530940270643865f,-0.5217572050169196f,0.32255442249372646f,-0.06200120822459354f,-0.5207533829441833f,-0.8514527375790619f,-0.010471117709755532f,0f,0f,0f,1f],start_interpolation:0}
execute if entity @s[tag=aj.tultaria.bone.lower] run data modify entity @s {} merge value {transformation:[-0.9980760743443812f,-0.0027044547186673984f,0.06194219681270663f,0f,1.734723475976807e-18f,0.9990482215818578f,0.04361938736533599f,0.3849949363425926f,-0.06200120822459354f,0.043535466906901445f,-0.9971261270771559f,0f,0f,0f,0f,1f],start_interpolation:0}