execute if entity @s[tag=aj.tultaria.bone.head] run data modify entity @s {} merge value {transformation:[-0.9973538166044199f,-0.012624311495353778f,0.07159602826879069f,0f,0f,0.984807753012208f,0.1736481776669303f,1.0440598733330204f,-0.07270051240945424f,0.17318867274251534f,-0.9822017710883486f,0f,0f,0f,0f,1f],start_interpolation:0}
execute if entity @s[tag=aj.tultaria.bone.bust] run data modify entity @s {} merge value {transformation:[-0.894632083937999f,0f,0.4468035747269187f,0.22391425460554015f,0f,1f,0f,-0.1121901266669797f,-0.4468035747269187f,0f,-0.894632083937999f,0.6707178293324588f,0f,0f,0f,1f],start_interpolation:0}
execute if entity @s[tag=aj.tultaria.bone.left_wing] run data modify entity @s {} merge value {transformation:[-0.8910033763510521f,-0.3052677119428054f,-0.33604256780388697f,0.11176495208698978f,-0.37707554266986953f,0.9098252862262942f,0.1732973850450873f,0.9503098733330203f,0.2528379292180052f,0.28112198880280814f,-0.9257663900576132f,-0.08390378707181745f,0f,0f,0f,1f],start_interpolation:0}
execute if entity @s[tag=aj.tultaria.bone.right_wing] run data modify entity @s {} merge value {transformation:[-0.33312406016782875f,-0.041358440447211264f,0.9419754985885118f,-0.00006405840526008122f,0.37707554266986953f,0.9098252862262942f,0.1732973850450873f,0.9503098733330203f,-0.8642004372004937f,0.412925450834671f,-0.2874894370154484f,-0.13975423391268227f,0f,0f,0f,1f],start_interpolation:0}
execute if entity @s[tag=aj.tultaria.bone.body] run data modify entity @s {} merge value {transformation:[-0.894632083937999f,0f,0.4468035747269187f,0.22391425460554015f,0f,1f,0f,-0.1121901266669797f,-0.4468035747269187f,0f,-0.894632083937999f,0.6707178293324588f,0f,0f,0f,1f],start_interpolation:0}
execute if entity @s[tag=aj.tultaria.bone.left_hand] run data modify entity @s {} merge value {transformation:[-0.06942983782329931f,-0.9639335763767225f,0.25692714522488996f,0.5547423250640066f,-0.8996229676321602f,0.1718006204823158f,0.4014511961753215f,0.969694661162375f,-0.4311125302383771f,-0.20326486940805238f,-0.8791048737983381f,0.0865030880373915f,0f,0f,0f,1f],start_interpolation:0}
execute if entity @s[tag=aj.tultaria.bone.left_arm] run data modify entity @s {} merge value {transformation:[-0.06942983782329931f,-0.9880823614048577f,0.13737810851962767f,0.19570076836143727f,-0.8996229676321602f,0.12152754073559446f,0.41941575191146985f,0.8878098733330203f,-0.4311125302383771f,-0.09446853403836986f,-0.8973392236763675f,0.09773828197151346f,0f,0f,0f,1f],start_interpolation:0}
execute if entity @s[tag=aj.tultaria.bone.rod] run data modify entity @s {} merge value {transformation:[-0.0000019927335741625008f,0.0000016955992703701742f,0.000009651629707812339f,-0.7707852481251862f,0.000009710227162124653f,0.0000016676392342024838f,0.0000017118609302408714f,0.8108581303192393f,-0.0000013192806230450475f,0.000009713079969755664f,-0.0000019787814782813144f,-0.5060886700313397f,0f,0f,0f,1f],start_interpolation:0}
execute if entity @s[tag=aj.tultaria.bone.sword] run data modify entity @s {} merge value {transformation:[-0.19927335741625007f,-0.33573828111272386f,0.9206356150071151f,-0.7506417761367474f,0.9710227162124653f,0.05882874760465425f,0.2316334670435897f,0.8413491657999927f,-0.13192806230450474f,0.940116474193885f,0.3142864956148088f,-0.5489648337655454f,0f,0f,0f,1f],start_interpolation:0}
execute if entity @s[tag=aj.tultaria.bone.right_hand] run data modify entity @s {} merge value {transformation:[-0.19927335741625007f,0.8023702558149353f,0.5625763073641927f,-0.3995743637740614f,0.9710227162124653f,0.23896674832989487f,0.0031269461144313934f,0.9008615292072537f,-0.13192806230450474f,0.5468974911042397f,-0.8267394514600515f,-0.40434454229975625f,0f,0f,0f,1f],start_interpolation:0}
execute if entity @s[tag=aj.tultaria.bone.right_arm] run data modify entity @s {} merge value {transformation:[-0.19927335741625007f,0.720026631835158f,0.6647193230771714f,-0.19570076836143727f,0.9710227162124653f,0.23640723519639784f,0.03502147549948324f,0.8878098733330203f,-0.13192806230450474f,0.6524364096177593f,-0.7462718792649674f,-0.09773828197151346f,0f,0f,0f,1f],start_interpolation:0}
execute if entity @s[tag=aj.tultaria.bone.skirt] run data modify entity @s {} merge value {transformation:[-0.9991210462174498f,-0.013223884981321632f,0.039777680567741856f,-0.002531685181795573f,-1.734723475976807e-18f,0.9489359292025842f,0.31546886101234817f,0.33825327623603724f,-0.041918194204289494f,0.3151915784636846f,-0.9481018583782137f,0.06034276990085527f,0f,0f,0f,1f],start_interpolation:0}
execute if entity @s[tag=aj.tultaria.bone.left_foot] run data modify entity @s {} merge value {transformation:[-0.9991210462174498f,-0.031110453726587127f,0.028094032716475807f,0.12814293489781864f,-1.734723475976807e-18f,0.6702109489630858f,0.7421706568505656f,-0.12343498141003334f,-0.041918194204289494f,0.7415183231444291f,-0.6696218645143881f,-0.07229088079784304f,0f,0f,0f,1f],start_interpolation:0}
execute if entity @s[tag=aj.tultaria.bone.left_leg] run data modify entity @s {} merge value {transformation:[-0.9991210462174498f,-0.01799119057621525f,0.03786095702698013f,0.12500440864909698f,-1.734723475976807e-18f,0.9032105925761893f,0.42919765313683755f,0.3253693594841542f,-0.041918194204289494f,0.42882040823615125f,-0.902416712209405f,0.002515958779297517f,0f,0f,0f,1f],start_interpolation:0}
execute if entity @s[tag=aj.tultaria.bone.right_foot] run data modify entity @s {} merge value {transformation:[-0.9991210462174498f,-0.0262872790987621f,0.032651400627420515f,-0.1387917464667933f,-1.734723475976807e-18f,0.778931469907625f,0.627109053664151f,0.01677151768251378f,-0.041918194204289494f,0.6265578537893614f,-0.7782468251458021f,0.32610552996700265f,0f,0f,0f,1f],start_interpolation:0}
execute if entity @s[tag=aj.tultaria.bone.right_leg] run data modify entity @s {} merge value {transformation:[-0.9991210462174498f,0.021808158914222914f,0.03579859229244261f,-0.12477585290526545f,-1.734723475976807e-18f,0.8540108411630793f,-0.5202552096576544f,0.3253693594841542f,-0.041918194204289494f,-0.5197979293732342f,-0.8532602051039001f,-0.007963589771774856f,0f,0f,0f,1f],start_interpolation:0}
execute if entity @s[tag=aj.tultaria.bone.lower] run data modify entity @s {} merge value {transformation:[-0.9991210462174498f,-0.0018284459506522875f,0.04187829737171839f,0f,-1.734723475976807e-18f,0.9990482215818578f,0.04361938736533599f,0.3878098733330203f,-0.041918194204289494f,0.043581047939818714f,-0.9981701043685484f,0f,0f,0f,0f,1f],start_interpolation:0}