execute if entity @s[tag=aj.tultaria.bone.head] run data modify entity @s {} merge value {transformation:[-0.9923594311150157f,-0.02142480721581095f,0.12150611965184294f,0f,-3.469446951953614e-18f,0.984807753012208f,0.17364817766693033f,1.48268310546875f,-0.12338054740145477f,0.17232140680371416f,-0.9772832615368516f,0f,0f,0f,0f,1f],start_interpolation:0}
execute if entity @s[tag=aj.tultaria.bone.bust] run data modify entity @s {} merge value {transformation:[-0.8829651205273953f,0f,0.4694385965512875f,0.2067632619880539f,0f,1f,0f,0.32643310546875004f,-0.4694385965512875f,0f,-0.8829651205273953f,0.6762018585393414f,0f,0f,0f,1f],start_interpolation:0}
execute if entity @s[tag=aj.tultaria.bone.left_wing] run data modify entity @s {} merge value {transformation:[-0.8991512058689879f,-0.31113731999085237f,-0.3077672449973437f,0.11386514460187319f,-0.3744605282061996f,0.9109467844362882f,0.17307590456421326f,1.38893310546875f,0.2265092090840437f,0.2708680934220504f,-0.9355875448968014f,-0.0810307277814688f,0f,0f,0f,1f],start_interpolation:0}
execute if entity @s[tag=aj.tultaria.bone.right_wing] run data modify entity @s {} merge value {transformation:[-0.315079448967509f,-0.05054347338903034f,0.9477184698717775f,0.0034945045359487392f,0.3744605282061996f,0.9109467844362882f,0.17307590456421326f,1.38893310546875f,-0.8720689500571988f,0.4094158194586026f,-0.26809407513627764f,-0.13971055235037988f,0f,0f,0f,1f],start_interpolation:0}
execute if entity @s[tag=aj.tultaria.bone.body] run data modify entity @s {} merge value {transformation:[-0.8829651205273953f,0f,0.4694385965512875f,0.2067632619880539f,0f,1f,0f,0.32643310546875004f,-0.4694385965512875f,0f,-0.8829651205273953f,0.6762018585393414f,0f,0f,0f,1f],start_interpolation:0}
execute if entity @s[tag=aj.tultaria.bone.left_hand] run data modify entity @s {} merge value {transformation:[-0.030811194556337906f,-0.9698318997155143f,0.2418196778266983f,0.5495175617068897f,-0.906356028321443f,0.12910636666025255f,0.40230622169333624f,1.4198322316528937f,-0.4213898672433771f,-0.2067791874971586f,-0.8829909101472248f,0.0982211141413265f,0f,0f,0f,1f],start_interpolation:0}
execute if entity @s[tag=aj.tultaria.bone.left_arm] run data modify entity @s {} merge value {transformation:[-0.030811194556337906f,-0.9891709586260813f,0.1434973341242653f,0.1931486201153677f,-0.906356028321443f,0.08817553129822953f,0.41321159906959815f,1.32643310546875f,-0.4213898672433771f,-0.11732813085971527f,-0.8992578548411878f,0.10268969299559413f,0f,0f,0f,1f],start_interpolation:0}
execute if entity @s[tag=aj.tultaria.bone.rod] run data modify entity @s {} merge value {transformation:[-0.0000016223208873289929f,0.0000012444839599556002f,0.00000978873508743338f,-0.7550683608571158f,0.000009781195443810562f,0.0000015121788045675545f,0.0000014288215259423418f,1.2712655947358553f,-0.0000013024172252068951f,0.000009806353804367348f,-0.000001462578009903915f,-0.5368747308426629f,0f,0f,0f,1f],start_interpolation:0}
execute if entity @s[tag=aj.tultaria.bone.sword] run data modify entity @s {} merge value {transformation:[-0.16223208873289927f,-0.3816612819792883f,0.9099535236611193f,-0.7318176546656422f,0.9781195443810561f,0.059517449684871535f,0.19934851412238913f,1.3015555375431829f,-0.1302417225206895f,0.9223840518032255f,0.36365471905903934f,-0.5782963695273722f,0f,0f,0f,1f],start_interpolation:0}
execute if entity @s[tag=aj.tultaria.bone.right_hand] run data modify entity @s {} merge value {transformation:[-0.16223208873289927f,0.7801664006725326f,0.604169791240034f,-0.38698473669991174f,0.9781195443810561f,0.2079601277175425f,-0.005894249697714453f,1.3485138614177195f,-0.1302417225206895f,0.5899940444965265f,-0.7968338102600033f,-0.41523119043896595f,0f,0f,0f,1f],start_interpolation:0}
execute if entity @s[tag=aj.tultaria.bone.right_arm] run data modify entity @s {} merge value {transformation:[-0.16223208873289927f,0.7072927446386645f,0.6880535755061998f,-0.1931486201153677f,0.9781195443810561f,0.20730426963940007f,0.017524174419084645f,1.32643310546875f,-0.1302417225206895f,0.6758416332032084f,-0.7254482617968451f,-0.10268969299559413f,0f,0f,0f,1f],start_interpolation:0}
execute if entity @s[tag=aj.tultaria.bone.skirt] run data modify entity @s {} merge value {transformation:[-0.9988167916602747f,-0.015075317939533067f,0.04623582470874243f,-0.00293713724107043f,1.734723475976807e-18f,0.9507394237233028f,0.30999120661444923f,0.7768765083717669f,-0.048631437337133654f,0.3096244224335416f,-0.9496145009082477f,0.06032439418671692f,0f,0f,0f,1f],start_interpolation:0}
execute if entity @s[tag=aj.tultaria.bone.left_foot] run data modify entity @s {} merge value {transformation:[-0.9988167916602747f,-0.035820483915778266f,0.03289239470630005f,0.12844418042962183f,1.734723475976807e-18f,0.6763607350997263f,0.7365705370263991f,0.31458102544129063f,-0.048631437337133654f,0.7356990206241935f,-0.6755604594372936f,-0.06769703682260779f,0f,0f,0f,1f],start_interpolation:0}
execute if entity @s[tag=aj.tultaria.bone.left_leg] run data modify entity @s {} merge value {transformation:[-0.9988167916602747f,-0.020506437429523083f,0.04409651597830173f,0.12498467855149319f,1.734723475976807e-18f,0.9067491810411852f,0.42167039578459853f,0.763992591619884f,-0.048631437337133654f,0.4211714718556909f,-0.9056763078481382f,0.0033559436332397303f,0f,0f,0f,1f],start_interpolation:0}
execute if entity @s[tag=aj.tultaria.bone.right_foot] run data modify entity @s {} merge value {transformation:[-0.9988167916602747f,-0.030306588449296977f,0.03803324064605203f,-0.14091811575079874f,1.734723475976807e-18f,0.7820710784752154f,0.6231892394871832f,0.4540200538674878f,-0.048631437337133654f,0.6224518767817948f,-0.7811457254529055f,0.32389296149790453f,0f,0f,0f,1f],start_interpolation:0}
execute if entity @s[tag=aj.tultaria.bone.right_leg] run data modify entity @s {} merge value {transformation:[-0.9988167916602747f,0.02512946554526395f,0.041635641689362214f,-0.12471951936357549f,1.734723475976807e-18f,0.856146640304425f,-0.516732939046318f,0.763992591619884f,-0.048631437337133654f,-0.5161215363234276f,-0.855133640459589f,-0.008801915701043684f,0f,0f,0f,1f],start_interpolation:0}
execute if entity @s[tag=aj.tultaria.bone.lower] run data modify entity @s {} merge value {transformation:[-0.9988167916602747f,-0.002121273503341504f,0.04858515098463301f,0f,1.734723475976807e-18f,0.9990482215818578f,0.043619387365336f,0.82643310546875f,-0.048631437337133654f,0.04356777654243162f,-0.9978661393942945f,0f,0f,0f,0f,1f],start_interpolation:0}