execute if entity @s[tag=aj.tultaria.bone.head] run data modify entity @s {} merge value {transformation:[-0.9881918143112979f,0.026606696623968785f,-0.15089407484359796f,0f,0f,0.984807753012208f,0.17364817766693036f,1.1471901266669797f,0.15322185917206882f,0.1715977077405345f,-0.9731789601969664f,0f,0f,0f,0f,1f],start_interpolation:0}
execute if entity @s[tag=aj.tultaria.bone.bust] run data modify entity @s {} merge value {transformation:[-0.865928220383984f,0f,-0.500168288821499f,0.6830482546027414f,0f,1f,0f,-0.009059873333020274f,0.500168288821499f,0f,-0.865928220383984f,0.1828799657812425f,0f,0f,0f,1f],start_interpolation:0}
execute if entity @s[tag=aj.tultaria.bone.left_wing] run data modify entity @s {} merge value {transformation:[-0.5897562061331689f,-0.0013389552892937237f,-0.8075802279192728f,-0.008400522328688487f,-0.0372083397377355f,0.9989817168744365f,0.025516049940469823f,1.0534401266669797f,0.8067237177506141f,0.045096968294294125f,-0.5892054876435648f,-0.13950154559934175f,0f,0f,0f,1f],start_interpolation:0}
execute if entity @s[tag=aj.tultaria.bone.right_wing] run data modify entity @s {} merge value {transformation:[-0.9934795254660578f,0.039732908011366135f,-0.10686312975342388f,-0.1166415498766864f,0.0372083397377355f,0.9989817168744365f,0.025516049940469823f,1.0534401266669797f,0.1077681396967492f,0.021373473549323084f,-0.9939462775697379f,-0.07698050949665436f,0f,0f,0f,1f],start_interpolation:0}
execute if entity @s[tag=aj.tultaria.bone.body] run data modify entity @s {} merge value {transformation:[-0.865928220383984f,0f,-0.500168288821499f,0.6830482546027414f,0f,1f,0f,-0.009059873333020274f,0.500168288821499f,0f,-0.865928220383984f,0.1828799657812425f,0f,0f,0f,1f],start_interpolation:0}
execute if entity @s[tag=aj.tultaria.bone.left_hand] run data modify entity @s {} merge value {transformation:[-0.8341795147316504f,-0.5152779043765484f,-0.19655334762700147f,0.36153407664274273f,-0.5314863745223819f,0.8462522468589053f,0.0371398489941559f,0.8203396042186873f,0.14719636849841933f,0.13544672734166424f,-0.9797894738939128f,-0.3869276016543666f,0f,0f,0f,1f],start_interpolation:0}
execute if entity @s[tag=aj.tultaria.bone.left_arm] run data modify entity @s {} merge value {transformation:[-0.8341795147316504f,-0.38173793259729655f,-0.3980209642951111f,0.1894217982089965f,-0.5314863745223819f,0.7490934451346739f,0.3954506848563037f,0.9909401266669797f,0.14719636849841933f,0.5414195796908413f,-0.827766916364909f,-0.1094118131797029f,0f,0f,0f,1f],start_interpolation:0}
execute if entity @s[tag=aj.tultaria.bone.rod] run data modify entity @s {} merge value {transformation:[-0.000005101087281827569f,0.000008496552662244885f,-0.0000013369747196100555f,-0.6383293019639367f,0.000007468250258822086f,0.000005146468562751443f,0.000004211781025197648f,0.6266584483186225f,0.000004266631764610213f,0.0000011499800825712021f,-0.000008970696695068265f,0.430069994144838f,0f,0f,0f,1f],start_interpolation:0}
execute if entity @s[tag=aj.tultaria.bone.sword] run data modify entity @s {} merge value {transformation:[-0.5101087281827569f,0.80267178099014f,0.3090422259722557f,-0.6868640461010223f,0.7468250258822086f,0.23510820025219142f,0.622074364437415f,0.6468986496144968f,0.4266631764610213f,0.5481260312886919f,-0.7193861186288621f,0.4098575972545603f,0f,0f,0f,1f],start_interpolation:0}
execute if entity @s[tag=aj.tultaria.bone.right_hand] run data modify entity @s {} merge value {transformation:[-0.5101087281827569f,0.5062586113670717f,-0.6953353894693224f,-0.5353992463849501f,0.7468250258822086f,0.6617281743675015f,-0.06609238960948446f,0.8665449650052499f,0.4266631764610213f,-0.5530081750434958f,-0.7156399179666082f,0.13323693875770118f,0f,0f,0f,1f],start_interpolation:0}
execute if entity @s[tag=aj.tultaria.bone.right_arm] run data modify entity @s {} merge value {transformation:[-0.5101087281827569f,0.754978018334717f,-0.41206465180011953f,-0.1894217982089965f,0.7468250258822086f,0.626436279080809f,0.22322627302230616f,0.9909401266669797f,0.4266631764610213f,-0.19387052401738206f,-0.8833870916927737f,0.1094118131797029f,0f,0f,0f,1f],start_interpolation:0}
execute if entity @s[tag=aj.tultaria.bone.skirt] run data modify entity @s {} merge value {transformation:[-0.8019457323459758f,0.055804318089941136f,-0.5947847681763492f,0.03608029589391486f,-4.336808689942018e-19f,0.995627495958832f,0.09341246860428183f,0.44138352956999666f,0.5973968884854328f,0.07491173054510625f,-0.7984392213904955f,0.04843419822165779f,0f,0f,0f,1f],start_interpolation:0}
execute if entity @s[tag=aj.tultaria.bone.left_foot] run data modify entity @s {} merge value {transformation:[-0.8019457323459758f,0.2907618073612355f,-0.5218626387777768f,0.14263777343741746f,-4.336808689942018e-19f,0.8735610259049789f,0.48671463304470425f,-0.020500147298346205f,0.5973968884854328f,0.39031872284053815f,-0.7005485366682701f,-0.017764147294834262f,0f,0f,0f,1f],start_interpolation:0}
execute if entity @s[tag=aj.tultaria.bone.left_leg] run data modify entity @s {} merge value {transformation:[-0.8019457323459758f,0.06892069682645245f,-0.5934079371907937f,0.0986145861501412f,-4.336808689942018e-19f,0.9933227785890345f,0.11536835587005748f,0.4284996128181136f,0.5973968884854328f,0.09251916063776439f,-0.7965909631315227f,-0.07686088490725268f,0f,0f,0f,1f],start_interpolation:0}
execute if entity @s[tag=aj.tultaria.bone.right_foot] run data modify entity @s {} merge value {transformation:[-0.8019457323459758f,0.275760355803357f,-0.5299427030720232f,0.06543302273482045f,-4.336808689942018e-19f,0.8870864801716247f,0.461603267640858f,0.06989172377220398f,0.5973968884854328f,0.3701807705215433f,-0.7113952169954474f,0.2970784360571942f,0f,0f,0f,1f],start_interpolation:0}
execute if entity @s[tag=aj.tultaria.bone.right_leg] run data modify entity @s {} merge value {transformation:[-0.8019457323459758f,-0.22420275124332098f,-0.553729328017762f,-0.10187184693635275f,-4.336808689942018e-19f,0.9269036024302365f,-0.3752994961385508f,0.4284996128181136f,0.5973968884854328f,-0.30096982927990584f,-0.743326388265039f,0.07248833721410552f,0f,0f,0f,1f],start_interpolation:0}
execute if entity @s[tag=aj.tultaria.bone.lower] run data modify entity @s {} merge value {transformation:[-0.8019457323459758f,0.026058086289692525f,-0.5968282990199071f,0f,-4.336808689942018e-19f,0.9990482215818578f,0.04361938736533601f,0.4909401266669797f,0.5973968884854328f,0.034980381545177186f,-0.8011824577054075f,0f,0f,0f,0f,1f],start_interpolation:0}