execute if entity @s[tag=aj.tultaria.bone.head] run data modify entity @s {} merge value {transformation:[-0.9884457088704548f,-0.0263207798056816f,0.1492725599901231f,0f,0f,0.984807753012208f,0.17364817766693036f,1.5743222837094908f,-0.15157532983828223f,0.17164179606805166f,-0.9734289975272717f,0f,0f,0f,0f,1f],start_interpolation:0}
execute if entity @s[tag=aj.tultaria.bone.bust] run data modify entity @s {} merge value {transformation:[-0.9895024699115561f,0f,-0.14451595773107545f,0.5670092138213157f,0f,1f,0f,0.4180722837094908f,0.14451595773107545f,0f,-0.9895024699115561f,0.42249325609024035f,0f,0f,0f,1f],start_interpolation:0}
execute if entity @s[tag=aj.tultaria.bone.left_wing] run data modify entity @s {} merge value {transformation:[-0.8294946236626284f,-0.03626978733864358f,-0.5573357801551988f,0.0437794096530878f,-0.07876759857201925f,0.995512449386355f,0.05244643488338609f,1.4805722837094908f,0.5529324865930666f,0.08740403676712874f,-0.8286291086045787f,-0.13272005609713666f,0f,0f,0f,1f],start_interpolation:0}
execute if entity @s[tag=aj.tultaria.bone.right_wing] run data modify entity @s {} merge value {transformation:[-0.9529843336335937f,0.05975217005161043f,0.2970699211011757f,-0.07990839908585667f,0.07876759857201925f,0.995512449386355f,0.05244643488338609f,1.4805722837094908f,-0.2926030164986899f,0.07338011509192019f,-0.9534143031468345f,-0.11465556138075228f,0f,0f,0f,1f],start_interpolation:0}
execute if entity @s[tag=aj.tultaria.bone.body] run data modify entity @s {} merge value {transformation:[-0.9895024699115561f,0f,-0.14451595773107545f,0.5670092138213157f,0f,1f,0f,0.4180722837094908f,0.14451595773107545f,0f,-0.9895024699115561f,0.42249325609024035f,0f,0f,0f,1f],start_interpolation:0}
execute if entity @s[tag=aj.tultaria.bone.left_hand] run data modify entity @s {} merge value {transformation:[-0.8294830827254364f,-0.528840359407975f,0.17968219091927476f,0.4789857415903032f,-0.5314863851221837f,0.8462522392796743f,0.03713987000368546f,1.247471769174998f,-0.17169751862522864f,-0.06469174425984042f,-0.983023367129469f,-0.2258152366343434f,0f,0f,0f,1f],start_interpolation:0}
execute if entity @s[tag=aj.tultaria.bone.left_arm] run data modify entity @s {} merge value {transformation:[-0.8294830827254364f,-0.5548851946799616f,-0.0637199827156922f,0.2164536652931529f,-0.5314863851221837f,0.7490934292991962f,0.3954507006069454f,1.4180722837094908f,-0.17169751862522864f,0.361885969478994f,-0.9162742532627379f,-0.03161286575367275f,0f,0f,0f,1f],start_interpolation:0}
execute if entity @s[tag=aj.tultaria.bone.rod] run data modify entity @s {} merge value {transformation:[-0.000007776995301024403f,0.000006251723452473245f,6.590128691007355e-7f,-0.6470784349532129f,0.000005570108189482513f,0.000006366966609805664f,0.000005332507003940981f,0.9283561786291123f,0.000002914144616401905f,0.000004514165489148109f,-0.000008433864540723903f,0.1401541081815224f,0f,0f,0f,1f],start_interpolation:0}
execute if entity @s[tag=aj.tultaria.bone.sword] run data modify entity @s {} merge value {transformation:[-0.7776995301024402f,0.5084644892726419f,0.3696583612298728f,-0.6899189370441476f,0.5570108189482513f,0.2847701327168498f,0.7801569836174167f,0.942333985148571f,0.29141446164019047f,0.8126314260851218f,-0.5046858199769622f,0.10634374837123367f,0f,0f,0f,1f],start_interpolation:0}
execute if entity @s[tag=aj.tultaria.bone.right_hand] run data modify entity @s {} merge value {transformation:[-0.7776995301024402f,0.48866285159771383f,-0.39546435787164735f,-0.5132629103380262f,0.5570108189482513f,0.8272777128593335f,-0.0731473402170481f,1.2294419034242314f,0.29141446164019047f,-0.2771645779579723f,-0.9155639837129553f,-0.07822810651683654f,0f,0f,0f,1f],start_interpolation:0}
execute if entity @s[tag=aj.tultaria.bone.right_arm] run data modify entity @s {} merge value {transformation:[-0.7776995301024402f,0.6108401286575829f,-0.14851861196507085f,-0.2164536652931529f,0.5570108189482513f,0.7791027512133656f,0.28764187912465555f,1.4180722837094908f,0.29141446164019047f,0.14097248055330583f,-0.9461524038301682f,0.03161286575367275f,0f,0f,0f,1f],start_interpolation:0}
execute if entity @s[tag=aj.tultaria.bone.skirt] run data modify entity @s {} merge value {transformation:[-0.9328969199041743f,0.04949221599782169f,-0.3567265863219751f,0.021751174313817265f,0f,0.9905123693503828f,0.1374236011895012f,0.8685156866125077f,0.3601434947813228f,0.12820205427182527f,-0.9240459384939578f,0.056343107166158514f,0f,0f,0f,1f],start_interpolation:0}
execute if entity @s[tag=aj.tultaria.bone.left_foot] run data modify entity @s {} merge value {transformation:[-0.9328969199041743f,0.19502185922385093f,-0.3027702284871765f,0.13178833920875463f,0f,0.8406933149549655f,0.5415115420653849f,0.40284227294056685f,0.3601434947813228f,0.5051744496853572f,-0.7842802041055171f,-0.005706237382169327f,0f,0f,0f,1f],start_interpolation:0}
execute if entity @s[tag=aj.tultaria.bone.left_leg] run data modify entity @s {} merge value {transformation:[-0.9328969199041743f,0.06431155387377822f,-0.3543548516270727f,0.11563028757514852f,0f,0.9839268423888516f,0.17857202699948221f,0.8556317698606247f,0.3601434947813228f,0.16658929396886196f,-0.9179023206755995f,-0.04756121135524216f,0f,0f,0f,1f],start_interpolation:0}
execute if entity @s[tag=aj.tultaria.bone.right_foot] run data modify entity @s {} merge value {transformation:[-0.9328969199041743f,0.17844480745553376f,-0.31282708886134225f,-0.01269692060502324f,0f,0.868617907568452f,0.49548252305344165f,0.5060659964451819f,0.3601434947813228f,0.4622341196229047f,-0.8103309705442175f,0.31419443503765954f,0f,0f,0f,1f],start_interpolation:0}
execute if entity @s[tag=aj.tultaria.bone.right_leg] run data modify entity @s {} merge value {transformation:[-0.9328969199041743f,-0.14565780346673377f,-0.3293738622334064f,-0.11759394240089506f,0f,0.9145628534354079f,-0.4044437997003846f,0.8556317698606247f,0.3601434947813228f,-0.3773043750148295f,-0.8531928690286648f,0.04247466234008854f,0f,0f,0f,1f],start_interpolation:0}
execute if entity @s[tag=aj.tultaria.bone.lower] run data modify entity @s {} merge value {transformation:[-0.9328969199041743f,0.015709238605972377f,-0.3598007179755555f,0f,0f,0.9990482215818578f,0.043619387365336f,0.9180722837094908f,0.3601434947813228f,0.040692392121229014f,-0.932009008749458f,0f,0f,0f,0f,1f],start_interpolation:0}