execute if entity @s[tag=aj.tultaria.bone.head] run data modify entity @s {} merge value {transformation:[-0.9890538832513291f,0.02562262037394633f,-0.14531310109772816f,0f,3.469446951953614e-18f,0.984807753012208f,0.17364817766693033f,1.1449084335086401f,0.14755478991027682f,0.1717474044409942f,-0.9740279323727402f,0f,0f,0f,0f,1f],start_interpolation:0}
execute if entity @s[tag=aj.tultaria.bone.bust] run data modify entity @s {} merge value {transformation:[-0.8772342339761808f,0f,-0.4800625987725175f,0.6786484163743491f,0f,1f,0f,-0.011341566491359867f,0.4800625987725175f,0f,-0.8772342339761808f,0.19858581760183167f,0f,0f,0f,1f],start_interpolation:0}
execute if entity @s[tag=aj.tultaria.bone.left_wing] run data modify entity @s {} merge value {transformation:[-0.603280489199329f,-0.002782175125386286f,-0.7975242384109651f,-0.005180685223053372f,-0.04645343741524807f,0.9984187277974836f,0.031656312728458605f,1.0511584335086401f,0.7961750620960981f,0.05614537812523859f,-0.6024557801295031f,-0.13965819167030494f,0f,0f,0f,1f],start_interpolation:0}
execute if entity @s[tag=aj.tultaria.bone.right_wing] run data modify entity @s {} merge value {transformation:[-0.9957985088362972f,0.04878852258791229f,-0.07749199870370843f,-0.11483496447007602f,0.04645343741524807f,0.9984187277974836f,0.031656312728458605f,1.0511584335086401f,0.07891392748884318f,0.027923539298289373f,-0.9964902749155872f,-0.07965036682374024f,0f,0f,0f,1f],start_interpolation:0}
execute if entity @s[tag=aj.tultaria.bone.body] run data modify entity @s {} merge value {transformation:[-0.8772342339761808f,0f,-0.4800625987725175f,0.6786484163743491f,0f,1f,0f,-0.011341566491359867f,0.4800625987725175f,0f,-0.8772342339761808f,0.19858581760183167f,0f,0f,0f,1f],start_interpolation:0}
execute if entity @s[tag=aj.tultaria.bone.left_hand] run data modify entity @s {} merge value {transformation:[-0.7961940290242102f,-0.5717979989700703f,-0.19779311545152017f,0.3823803451878121f,-0.5973744462325533f,0.7947906461443788f,0.10701214786065666f,0.8464679261338783f,0.0960147860204108f,0.20335898597117413f,-0.9743850797760762f,-0.38650858876286226f,0f,0f,0f,1f],start_interpolation:0}
execute if entity @s[tag=aj.tultaria.bone.left_arm] run data modify entity @s {} merge value {transformation:[-0.7961940290242102f,-0.44792481824164915f,-0.4067412265180166f,0.19189498868228955f,-0.5973744462325533f,0.6886506857935948f,0.410979323013168f,0.9886584335086401f,0.0960147860204108f,0.5701960979866463f,-0.8158784043632099f,-0.1050136934814882f,0f,0f,0f,1f],start_interpolation:0}
execute if entity @s[tag=aj.tultaria.bone.rod] run data modify entity @s {} merge value {transformation:[-0.000004849867092732547f,0.000008727879164157852f,-5.503766698263779e-7f,-0.6788705387616251f,0.00000788877901777647f,0.000004637859345740332f,0.000004032049887813741f,0.6574410168376775f,0.0000037743813786526264f,0.0000015213106142363801f,-0.000009134531144152504f,0.4199353170311553f,0f,0f,0f,1f],start_interpolation:0}
execute if entity @s[tag=aj.tultaria.bone.sword] run data modify entity @s {} merge value {transformation:[-0.4849867092732546f,0.7833753412234782f,0.38872994043590026f,-0.7247797372598231f,0.7888779017776468f,0.2000479068683333f,0.581078730504306f,0.6800854576316344f,0.3774381378652626f,0.5884759211051864f,-0.7150080715378011f,0.39641079962097187f,0f,0f,0f,1f],start_interpolation:0}
execute if entity @s[tag=aj.tultaria.bone.right_hand] run data modify entity @s {} merge value {transformation:[-0.4849867092732546f,0.5782367466911692f,-0.6560717617793895f,-0.5440407289748603f,0.7888779017776468f,0.6130551611317947f,-0.04283719758068391f,0.881982052564515f,0.3774381378652626f,-0.5383359863372331f,-0.7534817966607563f,0.12387409757209837f,0f,0f,0f,1f],start_interpolation:0}
execute if entity @s[tag=aj.tultaria.bone.right_arm] run data modify entity @s {} merge value {transformation:[-0.4849867092732546f,0.7896698406227521f,-0.37577843823074353f,-0.19189498868228955f,0.7888779017776468f,0.5804970062933674f,0.20172972456069904f,0.9886584335086401f,0.3774381378652626f,-0.19860707060745655f,-0.9044864197927616f,0.1050136934814882f,0f,0f,0f,1f],start_interpolation:0}
execute if entity @s[tag=aj.tultaria.bone.skirt] run data modify entity @s {} merge value {transformation:[-0.8089874841172843f,0.05840409277353457f,-0.5849172697817075f,0.035502245899671f,8.673617379884035e-19f,0.9950519398473225f,0.09935611207208371f,0.43910183641165706f,0.5878258675335635f,0.08037785113686993f,-0.8049845653831088f,0.04885949084104931f,0f,0f,0f,1f],start_interpolation:0}
execute if entity @s[tag=aj.tultaria.bone.left_foot] run data modify entity @s {} merge value {transformation:[-0.8089874841172843f,0.2905153421104954f,-0.5110186753338947f,0.14056406161672877f,8.673617379884035e-19f,0.8693368284013405f,0.49422007120826067f,-0.02339985312941062f,0.5878258675335635f,0.3998178520070359f,-0.7032826136588997f,-0.019198599549093975f,0f,0f,0f,1f],start_interpolation:0}
execute if entity @s[tag=aj.tultaria.bone.left_leg] run data modify entity @s {} merge value {transformation:[-0.8089874841172843f,0.0728427977769648f,-0.5832951031455783f,0.09952089775095359f,8.673617379884035e-19f,0.9922923358119715f,0.12391900697157673f,0.426217919659774f,0.5878258675335635f,0.10024892568424809f,-0.8027520802573902f,-0.0756837045944092f,0f,0f,0f,1f],start_interpolation:0}
execute if entity @s[tag=aj.tultaria.bone.right_foot] run data modify entity @s {} merge value {transformation:[-0.8089874841172843f,0.2740503604457983f,-0.5200342781789625f,0.0627960958633713f,8.673617379884035e-19f,0.8846740283154855f,0.4662101067373505f,0.06880782086116255f,0.5878258675335635f,0.37715814131949976f,-0.7156902164308475f,0.29907029498809634f,0f,0f,0f,1f],start_interpolation:0}
execute if entity @s[tag=aj.tultaria.bone.right_leg] run data modify entity @s {} merge value {transformation:[-0.8089874841172843f,-0.2229327339499081f,-0.5439119843092318f,-0.10272597327836748f,8.673617379884035e-19f,0.9252944015400543f,-0.37924961500129817f,0.426217919659774f,0.5878258675335635f,-0.30680819189234887f,-0.7485515899696966f,0.07127276228898166f,0f,0f,0f,1f],start_interpolation:0}
execute if entity @s[tag=aj.tultaria.bone.lower] run data modify entity @s {} merge value {transformation:[-0.8089874841172843f,0.025640604219311188f,-0.5872663875592193f,0f,8.673617379884035e-19f,0.9990482215818578f,0.04361938736533599f,0.48865843350864013f,0.5878258675335635f,0.035287538443420426f,-0.8082175072893543f,0f,0f,0f,0f,1f],start_interpolation:0}