execute if entity @s[tag=aj.tultaria.bone.head] run data modify entity @s {} merge value {transformation:[-0.9947954283607324f,-0.017693424921150697f,0.10034439908209286f,0f,0f,0.984807753012208f,0.17364817766693033f,1.5875050636574075f,-0.10189237318164052f,0.17274441328623452f,-0.9796822505107499f,0f,0f,0f,0f,1f],start_interpolation:0}
execute if entity @s[tag=aj.tultaria.bone.bust] run data modify entity @s {} merge value {transformation:[-0.9579668551452847f,0f,-0.2868789020528577f,0.6224228785990712f,0f,1f,0f,0.4312550636574074f,0.2868789020528577f,0f,-0.9579668551452847f,0.3355439765462135f,0f,0f,0f,1f],start_interpolation:0}
execute if entity @s[tag=aj.tultaria.bone.left_wing] run data modify entity @s {} merge value {transformation:[-0.7649230905646403f,-0.008234604027360655f,-0.6440689845176151f,0.02401306568997308f,-0.025730568719465424f,0.9995107910162838f,0.017779664658690048f,1.4937550636574075f,0.6436074916860524f,0.030172337306134903f,-0.7647607643616877f,-0.13767578827146426f,0f,0f,0f,1f],start_interpolation:0}
execute if entity @s[tag=aj.tultaria.bone.right_wing] run data modify entity @s {} merge value {transformation:[-0.9927705470713808f,0.02346314878456643f,0.11771202791857921f,-0.09573279120318756f,0.025730568719465424f,0.9995107910162838f,0.017779664658690048f,1.4937550636574075f,-0.11723727521980348f,0.020679924833420044f,-0.9928885949631611f,-0.10181592551485702f,0f,0f,0f,1f],start_interpolation:0}
execute if entity @s[tag=aj.tultaria.bone.body] run data modify entity @s {} merge value {transformation:[-0.9579668551452847f,0f,-0.2868789020528577f,0.6224228785990712f,0f,1f,0f,0.4312550636574074f,0.2868789020528577f,0f,-0.9579668551452847f,0.3355439765462135f,0f,0f,0f,1f],start_interpolation:0}
execute if entity @s[tag=aj.tultaria.bone.left_hand] run data modify entity @s {} merge value {transformation:[-0.9400965138333018f,-0.33550969931197405f,0.06043001196476337f,0.39484416712095904f,-0.3409053403053587f,0.9244482118289502f,-0.17081877120956013f,1.1943932665300094f,0.0014469380637329166f,-0.1811870451049004f,-0.9834475893795228f,-0.2756084503999854f,0f,0f,0f,1f],start_interpolation:0}
execute if entity @s[tag=aj.tultaria.bone.left_arm] run data modify entity @s {} merge value {transformation:[-0.9400965138333018f,-0.3169035361870888f,-0.12566102590139544f,0.209555249563031f,-0.3409053403053587f,0.8754567712564689f,0.3425769849427809f,1.4312550636574075f,0.0014469380637329166f,0.3648939440622675f,-0.9310479665177958f,-0.06275475982406262f,0f,0f,0f,1f],start_interpolation:0}
execute if entity @s[tag=aj.tultaria.bone.rod] run data modify entity @s {} merge value {transformation:[-0.000008028515621728106f,0.000005299023208568619f,-0.000002731902257899965f,-0.47414874475160074f,0.000003476154933988741f,0.000007883596344755609f,0.00000507594873377005f,0.8709218829833413f,0.0000048434784800361736f,0.0000031255818191189886f,-0.000008171380208105564f,0.2198757100430888f,0f,0f,0f,1f],start_interpolation:0}
execute if entity @s[tag=aj.tultaria.bone.sword] run data modify entity @s {} merge value {transformation:[-0.000008028515621728106f,0.000005955039842813733f,2.836148482868731e-7f,-0.5258568647720495f,0.000003476154933988741f,0.000004289420340855476f,0.000008337698724130121f,0.87247874216029f,0.0000048434784800361736f,0.000006792523361016604f,-0.000005513831934641298f,0.19756708752949514f,0f,0f,0f,1f],start_interpolation:0}
execute if entity @s[tag=aj.tultaria.bone.right_hand] run data modify entity @s {} merge value {transformation:[-0.8028515621728105f,0.18152286323438618f,-0.5678721856543673f,-0.4770616942455018f,0.34761549339887404f,0.9163782206118241f,-0.19853066649100987f,1.189747382401399f,0.4843478480036173f,-0.3567918257352565f,-0.7988158456257407f,-0.013773205310850065f,0f,0f,0f,1f],start_interpolation:0}
execute if entity @s[tag=aj.tultaria.bone.right_arm] run data modify entity @s {} merge value {transformation:[-0.8028515621728105f,0.45378854400392565f,-0.3866591864258175f,-0.209555249563031f,0.34761549339887404f,0.883220497941232f,0.3147777323215533f,1.4312550636574075f,0.4843478480036173f,0.11831107026495606f,-0.866838885137847f,0.06275475982406262f,0f,0f,0f,1f],start_interpolation:0}
execute if entity @s[tag=aj.tultaria.bone.skirt] run data modify entity @s {} merge value {transformation:[-0.8992717002026431f,0.04613492321687654f,-0.43495054669976035f,0.02641657046462338f,0f,0.9944216723584887f,0.10547766371960766f,0.8816984665604243f,0.43739045395921416f,0.09485307798653422f,-0.8942552680201737f,0.054312283270498536f,0f,0f,0f,1f],start_interpolation:0}
execute if entity @s[tag=aj.tultaria.bone.left_foot] run data modify entity @s {} merge value {transformation:[-0.8992717002026431f,0.2195334803212529f,-0.3783060404390678f,0.14000934487276645f,0f,0.8649160881648873f,0.5019164875091763f,0.4185947752587116f,0.43739045395921416f,0.45135929308211564f,-0.7777945611366573f,0.0020723854391102373f,0f,0f,0f,1f],start_interpolation:0}
execute if entity @s[tag=aj.tultaria.bone.left_leg] run data modify entity @s {} merge value {transformation:[-0.8992717002026431f,0.05805103513010598f,-0.43352103355543287f,0.1112165435477587f,0f,0.9911533953959083f,0.13272131251295927f,0.8688145498085413f,0.43739045395921416f,0.1193525203566552f,-0.8913161990393009f,-0.05712541178476573f,0f,0f,0f,1f],start_interpolation:0}
execute if entity @s[tag=aj.tultaria.bone.right_foot] run data modify entity @s {} merge value {transformation:[-0.8992717002026431f,0.20598663838378287f,-0.3858496002615478f,0.010246527715852438f,0f,0.8821628290441096f,0.4709445222665758f,0.5126456448006433f,0.43739045395921416f,0.4235070812397852f,-0.79330406713007f,0.3068526328942774f,0f,0f,0f,1f],start_interpolation:0}
execute if entity @s[tag=aj.tultaria.bone.right_leg] run data modify entity @s {} merge value {transformation:[-0.8992717002026431f,-0.16765754156563323f,-0.4039818782703198f,-0.11360138150290208f,0f,0.923618416025125f,-0.38331321602475343f,0.8688145498085413f,0.43739045395921416f,-0.34470272748472297f,-0.8305839033173863f,0.05222220170503781f,0f,0f,0f,1f],start_interpolation:0}
execute if entity @s[tag=aj.tultaria.bone.lower] run data modify entity @s {} merge value {transformation:[-0.8992717002026431f,0.019078703641147124f,-0.4369741551648344f,0f,0f,0.9990482215818578f,0.043619387365336f,0.9312550636574074f,0.43739045395921416f,0.03922568063782339f,-0.8984157928063441f,0f,0f,0f,0f,1f],start_interpolation:0}