execute if entity @s[tag=aj.tultaria.bone.head] run data modify entity @s {} merge value {transformation:[-0.9958301796658737f,-0.015841295459440824f,0.08984045093831927f,0f,0f,0.984807753012208f,0.17364817766693033f,1.4725000000000001f,-0.09122638470658506f,0.1729240959647108f,-0.9807012816184923f,0f,0f,0f,0f,1f],start_interpolation:0}
execute if entity @s[tag=aj.tultaria.bone.bust] run data modify entity @s {} merge value {transformation:[-0.8701093012016257f,0f,0.4928588073296639f,0.18862524693598087f,0f,1f,0f,0.31625000000000003f,-0.4928588073296639f,0f,-0.8701093012016257f,0.6814840542656448f,0f,0f,0f,1f],start_interpolation:0}
execute if entity @s[tag=aj.tultaria.bone.left_wing] run data modify entity @s {} merge value {transformation:[-0.8871021896122084f,-0.32825329818895255f,-0.32449880957146826f,0.11598918224130961f,-0.3971312574337452f,0.9010877016016581f,0.1741485526535712f,1.3787500000000001f,0.2352370497058613f,0.28335618265765067f,-0.929716518190016f,-0.07795998719209918f,0f,0f,0f,1f],start_interpolation:0}
execute if entity @s[tag=aj.tultaria.bone.right_wing] run data modify entity @s {} merge value {transformation:[-0.25437195313909994f,-0.07424810627368619f,0.9642521082014657f,0.0072255195911064f,0.3971312574337452f,0.9010877016016581f,0.1741485526535712f,1.3787500000000001f,-0.8818059161886429f,0.42723315968802406f,-0.1997251947994929f,-0.13956733810830713f,0f,0f,0f,1f],start_interpolation:0}
execute if entity @s[tag=aj.tultaria.bone.body] run data modify entity @s {} merge value {transformation:[-0.8701093012016257f,0f,0.4928588073296639f,0.18862524693598087f,0f,1f,0f,0.31625000000000003f,-0.4928588073296639f,0f,-0.8701093012016257f,0.6814840542656448f,0f,0f,0f,1f],start_interpolation:0}
execute if entity @s[tag=aj.tultaria.bone.left_hand] run data modify entity @s {} merge value {transformation:[-0.05346872007199041f,-0.9463959035276285f,0.31855280529291685f,0.5501789151286245f,-0.897780721924798f,0.185226124169568f,0.3996011239540104f,1.394818405167721f,-0.4371851682228616f,-0.26462440686989486f,-0.8595598012789482f,0.11689936241276899f,0f,0f,0f,1f],start_interpolation:0}
execute if entity @s[tag=aj.tultaria.bone.left_arm] run data modify entity @s {} merge value {transformation:[-0.05346872007199041f,-0.980111192142527f,0.19111030064027923f,0.1903364096378556f,-0.897780721924798f,0.1309734895326895f,0.4205183948174194f,1.3162500000000001f,-0.4371851682228616f,-0.1490905633384798f,-0.8869279184969674f,0.10781286410336398f,0f,0f,0f,1f],start_interpolation:0}
execute if entity @s[tag=aj.tultaria.bone.rod] run data modify entity @s {} merge value {transformation:[-0.0000020123402304395633f,0.000001376390923750303f,0.000009698249059596905f,-0.7492053345835036f,0.000009692724045304452f,0.0000017097876472018815f,0.00000176853803551204f,1.2345295746639997f,-0.000001414774674120009f,0.000009756135209522963f,-0.0000016781651870346313f,-0.5354138959160155f,0f,0f,0f,1f],start_interpolation:0}
execute if entity @s[tag=aj.tultaria.bone.sword] run data modify entity @s {} merge value {transformation:[-0.2012340230439563f,-0.36571350242923595f,0.9087125519714613f,-0.7279105744289573f,0.9692724045304452f,0.05964505197976347f,0.2386492689913393f,1.2650140691710674f,-0.14147746741200087f,0.9288143527720018f,0.3424733921042826f,-0.5777347762188744f,0f,0f,0f,1f],start_interpolation:0}
execute if entity @s[tag=aj.tultaria.bone.right_hand] run data modify entity @s {} merge value {transformation:[-0.2012340230439563f,0.7830953031424485f,0.5884442319929573f,-0.38198906690596585f,0.9692724045304452f,0.24595476774223413f,0.004154279797145589f,1.3272818975419807f,-0.14147746741200087f,0.5711987381123146f,-0.8085271348529903f,-0.42228026098052124f,0f,0f,0f,1f],start_interpolation:0}
execute if entity @s[tag=aj.tultaria.bone.right_arm] run data modify entity @s {} merge value {transformation:[-0.2012340230439563f,0.6917878298246952f,0.6934943882079964f,-0.1903364096378556f,0.9692724045304452f,0.24288303130098998f,0.03897228402097622f,1.3162500000000001f,-0.14147746741200087f,0.6800275226874872f,-0.7194071827568899f,-0.10781286410336398f,0f,0f,0f,1f],start_interpolation:0}
execute if entity @s[tag=aj.tultaria.bone.skirt] run data modify entity @s {} merge value {transformation:[-0.9967451643859644f,-0.02671786810272471f,0.07606071783280964f,-0.004868923876646066f,-1.734723475976807e-18f,0.943484064823683f,0.3314178924315651f,0.7666934029030169f,-0.08061685477117592f,0.33033918167215015f,-0.9404131792882197f,0.06019927648610665f,0f,0f,0f,1f],start_interpolation:0}
execute if entity @s[tag=aj.tultaria.bone.left_foot] run data modify entity @s {} merge value {transformation:[-0.9967451643859644f,-0.061127141003064225f,0.05255996485908629f,0.13172662210488f,-1.734723475976807e-18f,0.6519724071135401f,0.7582426922579448f,0.3069577435188222f,-0.08061685477117592f,0.7557747369391012f,-0.6498503441034983f,-0.07812105324392031f,0f,0f,0f,1f],start_interpolation:0}
execute if entity @s[tag=aj.tultaria.bone.left_leg] run data modify entity @s {} merge value {transformation:[-0.9967451643859644f,-0.03636028669639885f,0.07195141989253974f,0.12481292416177299f,-1.734723475976807e-18f,0.8925108787333326f,0.4510258654918304f,0.753809486151134f,-0.08061685477117592f,0.44955785044197627f,-0.8896059025393169f,0.007359768507029685f,0f,0f,0f,1f],start_interpolation:0}
execute if entity @s[tag=aj.tultaria.bone.right_foot] run data modify entity @s {} merge value {transformation:[-0.9967451643859644f,-0.05147182032813101f,0.06204618429287559f,-0.15162622125639794f,-1.734723475976807e-18f,0.7696428305096787f,0.638474677215197f,0.44925947595885246f,-0.08061685477117592f,0.6363965470971371f,-0.7671377696148485f,0.32415929529384896f,0f,0f,0f,1f],start_interpolation:0}
execute if entity @s[tag=aj.tultaria.bone.right_leg] run data modify entity @s {} merge value {transformation:[-0.9967451643859644f,0.042767170525976214f,0.06833773773252194f,-0.12437336693471811f,-1.734723475976807e-18f,0.8476854861987947f,-0.5304991201575296f,0.753809486151134f,-0.08061685477117592f,-0.5287724327280263f,-0.8449264092888137f,-0.012794445185764294f,0f,0f,0f,1f],start_interpolation:0}
execute if entity @s[tag=aj.tultaria.bone.lower] run data modify entity @s {} merge value {transformation:[-0.9967451643859644f,-0.0035164578164389587f,0.08054012538866628f,0f,-1.734723475976807e-18f,0.9990482215818578f,0.04361938736533599f,0.81625f,-0.08061685477117592f,0.04347741342987688f,-0.9957964838501141f,0f,0f,0f,0f,1f],start_interpolation:0}