execute if entity @s[tag=aj.tultaria.bone.head] run data modify entity @s {} merge value {transformation:[-0.9999725262744857f,-0.0008461190201122041f,-0.007364154997475069f,0f,-0.003230720818094472f,0.9438890439004076f,0.3302469307166532f,1.59375f,0.006671517010288114f,0.3302616491319847f,-0.9438658453262324f,0f,0f,0f,0f,1f],start_interpolation:0}
execute if entity @s[tag=aj.tultaria.bone.left_wing] run data modify entity @s {} merge value {transformation:[-0.8974983646528784f,0f,-0.44101778359314386f,0.0625f,0f,1f,0f,1.5f,0.44101778359314386f,0f,-0.8974983646528784f,-0.14400000000000007f,0f,0f,0f,1f],start_interpolation:0}
execute if entity @s[tag=aj.tultaria.bone.right_wing] run data modify entity @s {} merge value {transformation:[-0.8974983646528786f,0f,0.4410177835931432f,-0.0625f,0f,1f,0f,1.5f,-0.4410177835931432f,0f,-0.8974983646528786f,-0.14399999999999996f,0f,0f,0f,1f],start_interpolation:0}
execute if entity @s[tag=aj.tultaria.bone.skirt] run data modify entity @s {} merge value {transformation:[-1f,-4.412175091065697e-17f,-3.6473504292314045e-16f,2.2189077176545917e-17f,0f,0.9927625477459656f,-0.12009381246733414f,0.8879434029030169f,3.6739403974420594e-16f,-0.12009381246733414f,-0.9927625477459656f,0.060395855066115986f,0f,0f,0f,1f],start_interpolation:0}
execute if entity @s[tag=aj.tultaria.bone.left_foot] run data modify entity @s {} merge value {transformation:[-1f,1.0044799788342774e-16f,-3.5339578401669997e-16f,0.12500000000000006f,0f,0.9618985225311437f,0.2734067159972534f,0.4563930538902014f,3.6739403974420594e-16f,0.2734067159972534f,-0.9618985225311437f,0.17545815488197453f,0f,0f,0f,1f],start_interpolation:0}
execute if entity @s[tag=aj.tultaria.bone.left_leg] run data modify entity @s {} merge value {transformation:[-1f,-4.54689859996976e-17f,-3.6456954309394315e-16f,0.125f,0f,0.9923120781920434f,-0.12376081558469179f,0.8750594861511339f,3.6739403974420594e-16f,-0.12376081558469179f,-0.9923120781920434f,-0.002726211710333546f,0f,0f,0f,1f],start_interpolation:0}
execute if entity @s[tag=aj.tultaria.bone.right_foot] run data modify entity @s {} merge value {transformation:[-1f,7.211499499985563e-17f,-3.60246870820189e-16f,-0.12499999999999988f,0f,0.9805463122673601f,0.19628787404952164f,0.5540988902886869f,3.6739403974420594e-16f,0.19628787404952164f,-0.9805463122673601f,0.3197882002213241f,0f,0f,0f,1f],start_interpolation:0}
execute if entity @s[tag=aj.tultaria.bone.right_leg] run data modify entity @s {} merge value {transformation:[-1f,-1.791973098571672e-16f,-3.2072839690230354e-16f,-0.125f,0f,0.8729820361963607f,-0.4877523597876856f,0.8750594861511339f,3.6739403974420594e-16f,-0.4877523597876856f,-0.8729820361963607f,-0.002726211710333454f,0f,0f,0f,1f],start_interpolation:0}