execute if entity @s[tag=aj.tultaria.bone.head] run data modify entity @s {} merge value {transformation:[-1f,1.4059561215978893e-16f,-3.394278336863101e-16f,0f,0f,0.9238795325112867f,0.3826834323650897f,1.59375f,3.6739403974420594e-16f,0.3826834323650897f,-0.9238795325112867f,0f,0f,0f,0f,1f],start_interpolation:0}
execute if entity @s[tag=aj.tultaria.bone.left_wing] run data modify entity @s {} merge value {transformation:[-0.9238795325112866f,0f,-0.38268343236509006f,0.0625f,0f,1f,0f,1.5f,0.38268343236509006f,0f,-0.9238795325112866f,-0.12500000000000006f,0f,0f,0f,1f],start_interpolation:0}
execute if entity @s[tag=aj.tultaria.bone.right_wing] run data modify entity @s {} merge value {transformation:[-0.9238795325112868f,0f,0.3826834323650894f,-0.0625f,0f,1f,0f,1.5f,-0.3826834323650894f,0f,-0.9238795325112868f,-0.12499999999999994f,0f,0f,0f,1f],start_interpolation:0}
execute if entity @s[tag=aj.tultaria.bone.skirt] run data modify entity @s {} merge value {transformation:[-1f,1.6025502935318168e-17f,-3.670443620262233e-16f,2.2189077176545917e-17f,0f,0.9990482215818578f,0.043619387365336f,0.8879434029030169f,3.6739403974420594e-16f,0.043619387365336f,-0.9990482215818578f,0.060395855066115986f,0f,0f,0f,1f],start_interpolation:0}
execute if entity @s[tag=aj.tultaria.bone.left_foot] run data modify entity @s {} merge value {transformation:[-1f,1.5526743045058973e-16f,-3.3297207913102626e-16f,0.12500000000000003f,0f,0.90630778703665f,0.42261826174069944f,0.43252346578840417f,3.6739403974420594e-16f,0.42261826174069944f,-0.90630778703665f,0.10307133401506417f,0f,0f,0f,1f],start_interpolation:0}
execute if entity @s[tag=aj.tultaria.bone.left_leg] run data modify entity @s {} merge value {transformation:[-1f,1.6025502935318168e-17f,-3.670443620262233e-16f,0.125f,0f,0.9990482215818578f,0.043619387365336f,0.8750594861511339f,3.6739403974420594e-16f,0.043619387365336f,-0.9990482215818578f,-0.002726211710333546f,0f,0f,0f,1f],start_interpolation:0}
execute if entity @s[tag=aj.tultaria.bone.right_foot] run data modify entity @s {} merge value {transformation:[-1f,1.552674304505898e-16f,-3.3297207913102626e-16f,-0.1249999999999999f,0f,0.9063077870366499f,0.42261826174069955f,0.5066964824730076f,3.6739403974420594e-16f,0.42261826174069955f,-0.9063077870366499f,0.26436917859288517f,0f,0f,0f,1f],start_interpolation:0}
execute if entity @s[tag=aj.tultaria.bone.right_leg] run data modify entity @s {} merge value {transformation:[-1f,-1.256561621303097e-16f,-3.4523746806835503e-16f,-0.125f,0f,0.9396926207859084f,-0.3420201433256687f,0.8750594861511339f,3.6739403974420594e-16f,-0.3420201433256687f,-0.9396926207859084f,-0.002726211710333454f,0f,0f,0f,1f],start_interpolation:0}