execute if entity @s[tag=aj.tultaria.bone.head] run data modify entity @s {} merge value {transformation:[-0.7296933696208325f,-0.1781911114379548f,0.6601481001532168f,0f,0.1550531796930289f,0.8971774092697281f,0.4135591949928572f,1.59375f,-0.6659625348309592f,0.40412946452908527f,-0.6270353084962269f,0f,0f,0f,0f,1f],start_interpolation:0}
execute if entity @s[tag=aj.tultaria.bone.bust] run data modify entity @s {} merge value {transformation:[-0.9202318473658706f,0f,0.39137366683720193f,0.26442909026433437f,0f,1f,0f,0.4375f,-0.39137366683720193f,0f,-0.9202318473658706f,0.6558027571015362f,0f,0f,0f,1f],start_interpolation:0}
execute if entity @s[tag=aj.tultaria.bone.left_wing] run data modify entity @s {} merge value {transformation:[-0.5687054199298411f,0f,0.8225412727288662f,0.1584888965043651f,0f,1f,0f,1.5f,-0.8225412727288662f,0f,-0.5687054199298411f,-0.21295896244306944f,0f,0f,0f,1f],start_interpolation:0}
execute if entity @s[tag=aj.tultaria.bone.right_wing] run data modify entity @s {} merge value {transformation:[-0.9869682966573812f,0f,-0.1609148265177196f,0.043459915583631215f,0f,1f,0f,1.5f,0.1609148265177196f,0f,-0.9869682966573812f,-0.2618806707977197f,0f,0f,0f,1f],start_interpolation:0}
execute if entity @s[tag=aj.tultaria.bone.body] run data modify entity @s {} merge value {transformation:[-0.9202318473658706f,0f,0.39137366683720193f,0.26442909026433437f,0f,1f,0f,0.4375f,-0.39137366683720193f,0f,-0.9202318473658706f,0.6558027571015362f,0f,0f,0f,1f],start_interpolation:0}
execute if entity @s[tag=aj.tultaria.bone.left_hand] run data modify entity @s {} merge value {transformation:[-0.17779103194484983f,0.9665148652788138f,0.18503881796818175f,0.2102170649417747f,-0.9524445970897044f,-0.12172257620130557f,-0.2793437021261589f,1.4385680604219766f,-0.24746643900661824f,-0.2259040274939644f,0.9421930438755054f,0.45393560022088925f,0f,0f,0f,1f],start_interpolation:0}
execute if entity @s[tag=aj.tultaria.bone.left_arm] run data modify entity @s {} merge value {transformation:[-0.17779103194484983f,0.2798510483905164f,0.943437194345609f,0.20130071661128418f,-0.9524445970897044f,0.19215407899967096f,-0.2364869962564941f,1.4375f,-0.24746643900661824f,-0.9406169255539245f,0.23237934703167315f,0.08561298962063792f,0f,0f,0f,1f],start_interpolation:0}
execute if entity @s[tag=aj.tultaria.bone.sword] run data modify entity @s {} merge value {transformation:[-0.0000030157764642575494f,-0.000005077055216554398f,-0.000008070229404774567f,-0.2287777351973561f,0.000009524445970897045f,-0.0000012172257620130558f,-0.000002793437021261589f,1.5358016468851257f,4.3591428640654466e-7f,-0.000008528884556162638f,0.000005202701890610025f,0.4440019751370612f,0f,0f,0f,1f],start_interpolation:0}
execute if entity @s[tag=aj.tultaria.bone.right_hand] run data modify entity @s {} merge value {transformation:[-0.3015776464257549f,-0.5077055216554397f,-0.8070229404774567f,-0.47279167159214247f,0.9524445970897044f,-0.12172257620130557f,-0.2793437021261589f,1.4385680604219766f,0.04359142864065446f,-0.8528884556162637f,0.5202701890610024f,0.16345268065633267f,0f,0f,0f,1f],start_interpolation:0}
execute if entity @s[tag=aj.tultaria.bone.right_arm] run data modify entity @s {} merge value {transformation:[-0.3015776464257549f,0.48341525558754633f,-0.8218032695490631f,-0.20130071661128418f,0.9524445970897044f,0.19215407899967096f,-0.2364869962564941f,1.4375f,0.04359142864065446f,-0.8540412756939886f,-0.5183756232309263f,-0.08561298962063792f,0f,0f,0f,1f],start_interpolation:0}
execute if entity @s[tag=aj.tultaria.bone.skirt] run data modify entity @s {} merge value {transformation:[-0.9202318473658706f,-0.036695504543363545f,0.38964956953640423f,-0.02363734725899401f,0f,0.9955947539477283f,0.0937607909083664f,0.8879434029030169f,-0.39137366683720193f,0.08628166582809114f,-0.9161779996530874f,0.05557818928073329f,0f,0f,0f,1f],start_interpolation:0}
execute if entity @s[tag=aj.tultaria.bone.left_foot] run data modify entity @s {} merge value {transformation:[-0.9202318473658706f,-0.09719834395331972f,0.37911189512639837f,0.1168251058208098f,0f,0.968669911264357f,0.24835177271584527f,0.42005643235730317f,-0.39137366683720193f,0.22854121060289107f,-0.8914009019305331f,0.044698503078082f,0f,0f,0f,1f],start_interpolation:0}
execute if entity @s[tag=aj.tultaria.bone.left_leg] run data modify entity @s {} merge value {transformation:[-0.9202318473658706f,-0.10905857483949581f,0.3758717525268096f,0.11609594839438157f,0f,0.9603910134382123f,0.278655883316903f,0.8750594861511339f,-0.39137366683720193f,0.2564280182840821f,-0.8837823964898268f,0.04641296151613958f,0f,0f,0f,1f],start_interpolation:0}
execute if entity @s[tag=aj.tultaria.bone.right_foot] run data modify entity @s {} merge value {transformation:[-0.9202318473658706f,-0.22201412870262482f,0.3223089724938036f,-0.1661023735241613f,0f,0.8235325976284273f,0.5672689491267564f,0.43999326194895605f,-0.39137366683720193f,0.5220189530082113f,-0.7578409236816219f,0.07116649994640693f,0f,0f,0f,1f],start_interpolation:0}
execute if entity @s[tag=aj.tultaria.bone.right_leg] run data modify entity @s {} merge value {transformation:[-0.9202318473658706f,0.007376782965579268f,0.3913041402370742f,-0.11396201344708608f,0f,0.999822352380809f,-0.01884843971540824f,0.8750594861511339f,-0.39137366683720193f,-0.017344934499274364f,-0.9200683703690824f,-0.051430455193160904f,0f,0f,0f,1f],start_interpolation:0}
execute if entity @s[tag=aj.tultaria.bone.lower] run data modify entity @s {} merge value {transformation:[-0.9202318473658706f,-0.017071479578363868f,0.3910011658276771f,0f,0f,0.9990482215818578f,0.043619387365336f,0.9375f,-0.39137366683720193f,0.04013994941617066f,-0.9193559905538606f,0f,0f,0f,0f,1f],start_interpolation:0}