execute if entity @s[tag=aj.tultaria.bone.head] run data modify entity @s {} merge value {transformation:[-0.9997333675958819f,-0.00505231802513329f,-0.022531484593121858f,0f,-0.010062835555783571f,0.9735653311462495f,0.22818695258640587f,1.15625f,0.020782999205466772f,0.22835284117493765f,-0.9733565877269025f,0f,0f,0f,0f,1f],start_interpolation:0}
execute if entity @s[tag=aj.tultaria.bone.left_wing] run data modify entity @s {} merge value {transformation:[-0.83551058537022f,0f,-0.5494743503879979f,0.06250000000000006f,0f,1f,0f,1.0625f,0.5494743503879979f,0f,-0.83551058537022f,-0.17970312500000002f,0f,0f,0f,1f],start_interpolation:0}
execute if entity @s[tag=aj.tultaria.bone.right_wing] run data modify entity @s {} merge value {transformation:[-0.8355105853702203f,0f,0.5494743503879976f,-0.0625f,0f,1f,0f,1.0625f,-0.5494743503879976f,0f,-0.8355105853702203f,-0.1797031249999999f,0f,0f,0f,1f],start_interpolation:0}
execute if entity @s[tag=aj.tultaria.bone.left_hand] run data modify entity @s {} merge value {transformation:[-0.2580896711497651f,-0.9174826487547142f,0.302680212237007f,0.5701297186304002f,-0.9661047954735343f,0.24327966042512578f,-0.08635120720913837f,1.0025291154109828f,0.005589795062983353f,-0.31470715920911146f,-0.9491723542822372f,-0.11076138501507975f,0f,0f,0f,1f],start_interpolation:0}
execute if entity @s[tag=aj.tultaria.bone.left_arm] run data modify entity @s {} merge value {transformation:[-0.2580896711497651f,-0.9649232825845585f,-0.04809137523554501f,0.21875f,-0.9661047954735343f,0.25805341225006195f,0.007068280493842748f,1f,0.005589795062983353f,0.04828555842422739f,-0.9988179308756999f,-2.678914873134835e-17f,0f,0f,0f,1f],start_interpolation:0}
execute if entity @s[tag=aj.tultaria.bone.rod] run data modify entity @s {} merge value {transformation:[-0.0000025808967114976515f,0.00000862785433159225f,0.000004347309719516826f,-0.876350685383792f,0.000009661047954735344f,0.0000023308422179259344f,0.0000011096517343014059f,0.9220931436527029f,-5.589795062983291e-8f,0.000004486346418630528f,-0.000008936977745924874f,0.12590034397361693f,0f,0f,0f,1f],start_interpolation:0}
execute if entity @s[tag=aj.tultaria.bone.sword] run data modify entity @s {} merge value {transformation:[-0.0000025808967114976515f,0.000009174826487547142f,-0.0000030268021223700723f,-0.8986041225558319f,0.000009661047954735344f,0.000002432796604251258f,-8.635120720913838e-7f,0.9482362056733225f,-5.589795062983291e-8f,-0.0000031470715920911172f,-0.000009491723542822373f,0.08123320877091882f,0f,0f,0f,1f],start_interpolation:0}
execute if entity @s[tag=aj.tultaria.bone.right_hand] run data modify entity @s {} merge value {transformation:[-0.2580896711497651f,0.9174826487547141f,-0.3026802122370072f,-0.5701297186304002f,0.9661047954735343f,0.24327966042512578f,-0.08635120720913837f,1.0025291154109828f,-0.00558979506298329f,-0.3147071592091117f,-0.9491723542822371f,-0.11076138501507961f,0f,0f,0f,1f],start_interpolation:0}
execute if entity @s[tag=aj.tultaria.bone.right_arm] run data modify entity @s {} merge value {transformation:[-0.2580896711497651f,0.9649232825845585f,0.04809137523554476f,-0.21875f,0.9661047954735343f,0.25805341225006195f,0.007068280493842748f,1f,-0.00558979506298329f,0.04828555842422715f,-0.9988179308756999f,2.678914873134835e-17f,0f,0f,0f,1f],start_interpolation:0}
execute if entity @s[tag=aj.tultaria.bone.skirt] run data modify entity @s {} merge value {transformation:[-1f,-5.102031513599435e-17f,-1.1133070227948086e-16f,7.39635905884864e-18f,0f,0.9090841731427677f,-0.41661248918069005f,0.45044340290301693f,1.2246467991473532e-16f,-0.41661248918069005f,-0.9090841731427677f,0.060395855066115986f,0f,0f,0f,1f],start_interpolation:0}
execute if entity @s[tag=aj.tultaria.bone.left_foot] run data modify entity @s {} merge value {transformation:[-1f,-2.771046547905521e-18f,-1.2243332523315668e-16f,0.12500000000000003f,0f,0.999743969595148f,-0.022627312216345452f,0.09534039324537569f,1.2246467991473532e-16f,-0.022627312216345452f,-0.999743969595148f,0.29713599406218477f,0f,0f,0f,1f],start_interpolation:0}
execute if entity @s[tag=aj.tultaria.bone.left_leg] run data modify entity @s {} merge value {transformation:[-1f,-5.2298324526000347e-17f,-1.1073609654666237e-16f,0.125f,0f,0.9042288488710472f,-0.4270482278025997f,0.4375594861511339f,1.2246467991473532e-16f,-0.4270482278025997f,-0.9042288488710472f,-0.002726211710333515f,0f,0f,0f,1f],start_interpolation:0}
execute if entity @s[tag=aj.tultaria.bone.right_foot] run data modify entity @s {} merge value {transformation:[-1f,-3.0671762653283375e-17f,-1.18561548582832e-16f,-0.12499999999999994f,0f,0.9681285139958653f,-0.25045394863758474f,0.2278044881310481f,1.2246467991473532e-16f,-0.25045394863758474f,-0.9681285139958653f,0.401048590383103f,0f,0f,0f,1f],start_interpolation:0}
execute if entity @s[tag=aj.tultaria.bone.right_leg] run data modify entity @s {} merge value {transformation:[-1f,-8.898472630519748e-17f,-8.413867309987529e-17f,-0.125f,0f,0.6870444046271619f,-0.7266154320343801f,0.4375594861511339f,1.2246467991473532e-16f,-0.7266154320343801f,-0.6870444046271619f,-0.002726211710333485f,0f,0f,0f,1f],start_interpolation:0}