execute if entity @s[tag=aj.tultaria.bone.head] run data modify entity @s {} merge value {transformation:[-0.9396926065209985f,-9.682106142203941e-8f,0.34202018251817f,0f,0.1445438793842749f,0.9063078049980593f,0.39713124975522124f,1.59375f,-0.3099755993337474f,0.4226182232223196f,-0.8516507295940594f,0f,0f,0f,0f,1f],start_interpolation:0}
execute if entity @s[tag=aj.tultaria.bone.bust] run data modify entity @s {} merge value {transformation:[-1f,0f,-1.2246467991473532e-16f,0.5000000000000001f,0f,1f,0f,0.4375f,1.2246467991473532e-16f,0f,-1f,0.49999999999999994f,0f,0f,0f,1f],start_interpolation:0}
execute if entity @s[tag=aj.tultaria.bone.left_wing] run data modify entity @s {} merge value {transformation:[-0.8870108331782218f,0f,0.4617486132350338f,0.0625f,0f,1f,0f,1.5f,-0.4617486132350338f,0f,-0.8870108331782218f,-0.25000000000000006f,0f,0f,0f,1f],start_interpolation:0}
execute if entity @s[tag=aj.tultaria.bone.right_wing] run data modify entity @s {} merge value {transformation:[-0.8870108331782216f,0f,-0.461748613235034f,-0.0625f,0f,1f,0f,1.5f,0.461748613235034f,0f,-0.8870108331782216f,-0.24999999999999994f,0f,0f,0f,1f],start_interpolation:0}
execute if entity @s[tag=aj.tultaria.bone.body] run data modify entity @s {} merge value {transformation:[-1f,0f,-1.2246467991473532e-16f,0.5000000000000001f,0f,1f,0f,0.4375f,1.2246467991473532e-16f,0f,-1f,0.49999999999999994f,0f,0f,0f,1f],start_interpolation:0}
execute if entity @s[tag=aj.tultaria.bone.left_hand] run data modify entity @s {} merge value {transformation:[-0.2751826393433716f,0.7056554385788746f,0.6529356147493198f,0.405538754995246f,-0.9495622733692188f,-0.09328303989656261f,-0.29938230318697423f,1.431822317432586f,-0.1503529314576105f,-0.7023878390687814f,0.6957336555970184f,0.31752151490566694f,0f,0f,0f,1f],start_interpolation:0}
execute if entity @s[tag=aj.tultaria.bone.left_arm] run data modify entity @s {} merge value {transformation:[-0.2751826393433716f,-0.21263111011908292f,0.937583343502615f,0.21875f,-0.9495622733692188f,0.21263116005513327f,-0.2304766338861477f,1.4375f,-0.1503529314576105f,-0.9537169395492222f,-0.26041888414431147f,-2.678914873134835e-17f,0f,0f,0f,1f],start_interpolation:0}
execute if entity @s[tag=aj.tultaria.bone.rod] run data modify entity @s {} merge value {transformation:[-0.0000027518263934337164f,-3.727854493283846e-7f,-0.000009606689466677407f,-0.05930101368450297f,0.00000949562273369219f,0.0000014573418667020176f,-0.000002776563268313111f,1.5042262452921686f,0.0000015035293145761058f,-0.000009886211898008586f,-4.7052182561429864e-8f,0.49395024760683265f,0f,0f,0f,1f],start_interpolation:0}
execute if entity @s[tag=aj.tultaria.bone.sword] run data modify entity @s {} merge value {transformation:[-0.0000027518263934337164f,-0.000007056554385788747f,-0.000006529356147493197f,-0.09850682810535771f,0.00000949562273369219f,-9.328303989656262e-7f,-0.0000029938230318697426f,1.5198665208730673f,0.0000015035293145761058f,-0.000007023878390687814f,0.000006957336555970186f,0.5312612918209932f,0f,0f,0f,1f],start_interpolation:0}
execute if entity @s[tag=aj.tultaria.bone.right_hand] run data modify entity @s {} merge value {transformation:[-0.2751826393433716f,-0.7056554385788747f,-0.6529356147493196f,-0.40553875499524594f,0.9495622733692188f,-0.09328303989656261f,-0.29938230318697423f,1.431822317432586f,0.15035293145761056f,-0.7023878390687813f,0.6957336555970185f,0.317521514905667f,0f,0f,0f,1f],start_interpolation:0}
execute if entity @s[tag=aj.tultaria.bone.right_arm] run data modify entity @s {} merge value {transformation:[-0.2751826393433716f,0.2126311101190827f,-0.937583343502615f,-0.21875f,0.9495622733692188f,0.21263116005513327f,-0.2304766338861477f,1.4375f,0.15035293145761056f,-0.9537169395492222f,-0.26041888414431125f,2.678914873134835e-17f,0f,0f,0f,1f],start_interpolation:0}
execute if entity @s[tag=aj.tultaria.bone.skirt] run data modify entity @s {} merge value {transformation:[-1f,5.341834311772723e-18f,-1.223481206754078e-16f,7.39635905884864e-18f,0f,0.9990482215818578f,0.043619387365336f,0.8879434029030169f,1.2246467991473532e-16f,0.043619387365336f,-0.9990482215818578f,0.060395855066115986f,0f,0f,0f,1f],start_interpolation:0}
execute if entity @s[tag=aj.tultaria.bone.left_foot] run data modify entity @s {} merge value {transformation:[-1f,2.6506208041798655e-17f,-1.195617780139768e-16f,0.125f,0f,0.9762960071199334f,0.21643961393810285f,0.42087503129390025f,1.2246467991473532e-16f,0.21643961393810285f,-0.9762960071199334f,0.02461845808173816f,0f,0f,0f,1f],start_interpolation:0}
execute if entity @s[tag=aj.tultaria.bone.left_leg] run data modify entity @s {} merge value {transformation:[-1f,2.6506208041798655e-17f,-1.195617780139768e-16f,0.125f,0f,0.9762960071199334f,0.21643961393810285f,0.8750594861511339f,1.2246467991473532e-16f,0.21643961393810285f,-0.9762960071199334f,-0.002726211710333515f,0f,0f,0f,1f],start_interpolation:0}
execute if entity @s[tag=aj.tultaria.bone.right_foot] run data modify entity @s {} merge value {transformation:[-1f,6.123233995736766e-17f,-1.060575238724907e-16f,-0.12499999999999999f,0f,0.8660254037844387f,0.5f,0.4501187735794525f,1.2246467991473532e-16f,0.5f,-0.8660254037844387f,0.15992876300323516f,0f,0f,0f,1f],start_interpolation:0}
execute if entity @s[tag=aj.tultaria.bone.right_leg] run data modify entity @s {} merge value {transformation:[-1f,-1.0673500138322974e-17f,-1.2199866483456202e-16f,-0.125f,0f,0.9961946980917455f,-0.08715574274765817f,0.8750594861511339f,1.2246467991473532e-16f,-0.08715574274765817f,-0.9961946980917455f,-0.002726211710333485f,0f,0f,0f,1f],start_interpolation:0}
execute if entity @s[tag=aj.tultaria.bone.lower] run data modify entity @s {} merge value {transformation:[-1f,5.341834311772723e-18f,-1.223481206754078e-16f,0f,0f,0.9990482215818578f,0.043619387365336f,0.9375f,1.2246467991473532e-16f,0.043619387365336f,-0.9990482215818578f,0f,0f,0f,0f,1f],start_interpolation:0}