execute if entity @s[tag=aj.tultaria.bone.head] run data modify entity @s {} merge value {transformation:[0.7571453881757735f,-0.37817254696533004f,0.5326503411112322f,0f,0.15614376501617133f,0.8965244998758473f,0.41456356058985283f,1.59375f,-0.6343106382607273f,-0.23071485830807917f,0.737848675776511f,0f,0f,0f,0f,1f],start_interpolation:0}
execute if entity @s[tag=aj.tultaria.bone.bust] run data modify entity @s {} merge value {transformation:[0.5286235390350443f,0f,0.8488563800655942f,-0.6887399595503192f,0f,1f,0f,0.4375f,-0.8488563800655942f,0f,0.5286235390350443f,0.16011642051527492f,0f,0f,0f,1f],start_interpolation:0}
execute if entity @s[tag=aj.tultaria.bone.left_wing] run data modify entity @s {} merge value {transformation:[0.8958087432703705f,0f,0.44443975461288215f,0.1808728365868395f,0f,1f,0f,1.5f,-0.44443975461288215f,0f,0.8958087432703705f,0.18626665559093086f,0f,0f,0f,1f],start_interpolation:0}
execute if entity @s[tag=aj.tultaria.bone.right_wing] run data modify entity @s {} merge value {transformation:[0.0037088161577782386f,0f,0.9999931223177023f,0.24695077896622009f,0f,1f,0f,1.5f,-0.9999931223177023f,0f,0.0037088161577782386f,0.08015960808273154f,0f,0f,0f,1f],start_interpolation:0}
execute if entity @s[tag=aj.tultaria.bone.body] run data modify entity @s {} merge value {transformation:[0.5286235390350443f,0f,0.8488563800655942f,-0.6887399595503192f,0f,1f,0f,0.4375f,-0.8488563800655942f,0f,0.5286235390350443f,0.16011642051527492f,0f,0f,0f,1f],start_interpolation:0}
execute if entity @s[tag=aj.tultaria.bone.left_hand] run data modify entity @s {} merge value {transformation:[0.23612976884005032f,0.07931776770767945f,-0.9684789228441757f,-0.48019706101169685f,-0.9661929302870453f,-0.08700033653020915f,-0.24269767800076553f,1.4509563767991795f,-0.10350823025671549f,0.9930456349883929f,0.05609289705142517f,0.13414475601570874f,0f,0f,0f,1f],start_interpolation:0}
execute if entity @s[tag=aj.tultaria.bone.left_arm] run data modify entity @s {} merge value {transformation:[0.23612976884005032f,0.8893734641447211f,-0.3914812556723024f,-0.11563639916391595f,-0.9661929302870453f,0.17197514272379588f,-0.19208272110854463f,1.4375f,-0.10350823025671549f,0.4236028701040022f,0.8999148041391329f,0.1856873331393487f,0f,0f,0f,1f],start_interpolation:0}
execute if entity @s[tag=aj.tultaria.bone.rod] run data modify entity @s {} merge value {transformation:[-1.1266662319307065e-7f,0.00000921407664592049f,0.000003884340072022644f,-0.3916490207774291f,0.000009661929302870455f,0.000001100946459665479f,-0.000002331317018185931f,1.5139187127481035f,-0.000002575738414193405f,0.0000037267557548157963f,-0.000008914979706404036f,-0.24081469544024936f,0f,0f,0f,1f],start_interpolation:0}
execute if entity @s[tag=aj.tultaria.bone.sword] run data modify entity @s {} merge value {transformation:[-1.1266662319307065e-7f,0.00000926197928406483f,-0.000003768692873341124f,-0.409666851818694f,0.000009661929302870455f,-8.700033653020916e-7f,-0.0000024269767800076553f,1.532735788163288f,-0.000002575738414193405f,-0.000003668628338482511f,-0.00000893905687059499f,-0.29076570706551785f,0f,0f,0f,1f],start_interpolation:0}
execute if entity @s[tag=aj.tultaria.bone.right_hand] run data modify entity @s {} merge value {transformation:[-0.011266662319307064f,0.926197928406483f,-0.3768692873341124f,-0.09143345854176203f,0.9661929302870453f,-0.08700033653020915f,-0.24269767800076553f,1.4509563767991795f,-0.2575738414193405f,-0.3668628338482511f,-0.8939056870594989f,-0.49012646901578094f,0f,0f,0f,1f],start_interpolation:0}
execute if entity @s[tag=aj.tultaria.bone.right_arm] run data modify entity @s {} merge value {transformation:[-0.011266662319307064f,0.7724781488280461f,0.6349413924949114f,0.11563639916391595f,0.9661929302870453f,0.17197514272379588f,-0.19208272110854463f,1.4375f,-0.2575738414193405f,0.6113117534190919f,-0.7483005120592658f,-0.1856873331393487f,0f,0f,0f,1f],start_interpolation:0}
execute if entity @s[tag=aj.tultaria.bone.skirt] run data modify entity @s {} merge value {transformation:[0.5286235390350443f,-0.04768028252751605f,0.8475162208690525f,-0.05126740690238949f,0f,0.9984212179727765f,0.05617002315966763f,0.8879434029030169f,-0.8488563800655942f,-0.029692796430343903f,0.5277889576924486f,-0.031926670648097843f,0f,0f,0f,1f],start_interpolation:0}
execute if entity @s[tag=aj.tultaria.bone.left_foot] run data modify entity @s {} merge value {transformation:[0.5286235390350443f,-0.17967400575327808f,0.8296230503274578f,-0.07674058695012848f,0f,0.977342068470228f,0.21166596608414961f,0.42030950494140396f,-0.8488563800655942f,-0.11189161208467485f,0.5166460230825626f,0.09946690785580481f,0f,0f,0f,1f],start_interpolation:0}
execute if entity @s[tag=aj.tultaria.bone.left_leg] run data modify entity @s {} merge value {transformation:[0.5286235390350443f,-0.2056444372370893f,0.823569984525605f,-0.06376378017565441f,0f,0.9702112204916983f,0.24226057795689587f,0.8750594861511339f,-0.8488563800655942f,-0.12806464408824955f,0.5128764889878313f,0.10754818719067455f,0f,0f,0f,1f],start_interpolation:0}
execute if entity @s[tag=aj.tultaria.bone.right_foot] run data modify entity @s {} merge value {transformation:[0.5286235390350443f,-0.44276806801243107f,0.7242331060691741f,-0.057770608304029705f,0f,0.8531868559593203f,0.5216053956951078f,0.44501139880688895f,-0.8488563800655942f,-0.2757328902521226f,0.4510146552553986f,-0.18323347396159573f,0f,0f,0f,1f],start_interpolation:0}
execute if entity @s[tag=aj.tultaria.bone.right_leg] run data modify entity @s {} merge value {transformation:[0.5286235390350443f,0.046201015805469606f,0.8475981477779474f,0.06839210458310667f,0f,0.9985177324254197f,-0.054427364735009115f,0.8750594861511339f,-0.8488563800655942f,0.028771586166571685f,0.5278399775039729f,-0.10466590782572399f,0f,0f,0f,1f],start_interpolation:0}
execute if entity @s[tag=aj.tultaria.bone.lower] run data modify entity @s {} merge value {transformation:[0.5286235390350443f,-0.03702659525961803f,0.8480484568829454f,0f,0f,0.9990482215818578f,0.043619387365336f,0.9375f,-0.8488563800655942f,-0.023058234919604414f,0.5281204065592688f,0f,0f,0f,0f,1f],start_interpolation:0}