execute if entity @s[tag=aj.tultaria.bone.head] run data modify entity @s {} merge value {transformation:[-0.6568307423720365f,-0.22292380376860466f,0.7203321133951588f,0f,0.16178985986404554f,0.8913849969280234f,0.4233873268023031f,1.15625f,-0.7364763520440909f,0.39463624385624324f,-0.5494222582994466f,0f,0f,0f,0f,1f],start_interpolation:0}
execute if entity @s[tag=aj.tultaria.bone.bust] run data modify entity @s {} merge value {transformation:[-0.8724170322591539f,0f,0.4887622344495637f,0.1918273989047951f,0f,1f,0f,0f,-0.4887622344495637f,0f,-0.8724170322591539f,0.6805896333543588f,0f,0f,0f,1f],start_interpolation:0}
execute if entity @s[tag=aj.tultaria.bone.left_wing] run data modify entity @s {} merge value {transformation:[-0.44165447280449094f,0f,0.8971852242718819f,0.1805350780852253f,0f,1f,0f,1.0625f,-0.8971852242718819f,0f,-0.44165447280449094f,-0.1943723764762153f,0f,0f,0f,1f],start_interpolation:0}
execute if entity @s[tag=aj.tultaria.bone.right_wing] run data modify entity @s {} merge value {transformation:[-0.9957697349168515f,0f,-0.09188381263107831f,0.07148294905283104f,0f,1f,0f,1.0625f,0.09188381263107831f,0f,-0.9957697349168515f,-0.2554676557824107f,0f,0f,0f,1f],start_interpolation:0}
execute if entity @s[tag=aj.tultaria.bone.body] run data modify entity @s {} merge value {transformation:[-0.8724170322591539f,0f,0.4887622344495637f,0.1918273989047951f,0f,1f,0f,0f,-0.4887622344495637f,0f,-0.8724170322591539f,0.6805896333543588f,0f,0f,0f,1f],start_interpolation:0}
execute if entity @s[tag=aj.tultaria.bone.left_hand] run data modify entity @s {} merge value {transformation:[-0.112744990611513f,0.9935506482744214f,0.012069648109483633f,0.13526834138149535f,-0.9646150351179918f,-0.10653158845036545f,-0.24118220225911602f,1.0137565186913708f,-0.23834093462165712f,-0.038834649164359525f,0.9704047964164007f,0.4708736046506831f,0f,0f,0f,1f],start_interpolation:0}
execute if entity @s[tag=aj.tultaria.bone.left_arm] run data modify entity @s {} merge value {transformation:[-0.112744990611513f,0.4359307250515895f,0.8928902340422394f,0.1908412258066899f,-0.9646150351179918f,0.16753199494030824f,-0.20359485429557328f,1f,-0.23834093462165712f,-0.8842496444032736f,0.4016169384579775f,0.10691673878584206f,0f,0f,0f,1f],start_interpolation:0}
execute if entity @s[tag=aj.tultaria.bone.rod] run data modify entity @s {} merge value {transformation:[-0.0000026213731549943907f,0.0000024616972866157122f,-0.000009331047596671212f,-0.1858201987733341f,0.00000964615035117992f,9.521236211509854e-7f,-0.000002458707793227543f,1.0838536396426472f,2.831716523705651e-7f,-0.000009645387865664874f,-0.0000026241773446508053f,0.3938296064152093f,0f,0f,0f,1f],start_interpolation:0}
execute if entity @s[tag=aj.tultaria.bone.sword] run data modify entity @s {} merge value {transformation:[-0.0000026213731549943907f,-0.000004857364186586157f,-0.000008338729875775145f,-0.23309978617538762f,0.00000964615035117992f,-0.0000010653158845036545f,-0.0000024118220225911604f,1.1026924437591885f,2.831716523705651e-7f,-0.000008675892762424765f,0.000004964745571547381f,0.4179867626954957f,0f,0f,0f,1f],start_interpolation:0}
execute if entity @s[tag=aj.tultaria.bone.right_hand] run data modify entity @s {} merge value {transformation:[-0.262137315499439f,-0.48573641865861567f,-0.8338729875775144f,-0.47220547921750433f,0.9646150351179918f,-0.10653158845036545f,-0.24118220225911602f,1.0137565186913708f,0.028317165237056505f,-0.8675892762424764f,0.4964745571547381f,0.13054294746862294f,0f,0f,0f,1f],start_interpolation:0}
execute if entity @s[tag=aj.tultaria.bone.right_arm] run data modify entity @s {} merge value {transformation:[-0.262137315499439f,0.5264430195599751f,-0.8087903158293396f,-0.1908412258066899f,0.9646150351179918f,0.16753199494030824f,-0.20359485429557328f,1f,0.028317165237056505f,-0.8335411074613513f,-0.5517312392143852f,-0.10691673878584206f,0f,0f,0f,1f],start_interpolation:0}
execute if entity @s[tag=aj.tultaria.bone.skirt] run data modify entity @s {} merge value {transformation:[-0.8724170322591539f,-0.04525342913934034f,0.48666276719640367f,-0.029519213073606852f,0f,0.995704522352214f,0.09258781867691565f,0.45044340290301693f,-0.4887622344495637f,0.08077518999346342f,-0.868669584397537f,0.0526903726375349f,0f,0f,0f,1f],start_interpolation:0}
execute if entity @s[tag=aj.tultaria.bone.left_foot] run data modify entity @s {} merge value {transformation:[-0.8724170322591539f,-0.11617188783047876f,0.47475532045679375f,0.11277980504863669f,0f,0.9713420698132615f,0.23768589232617313f,-0.017420990958732063f,-0.4887622344495637f,0.2073612207930687f,-0.8474153658549495f,0.05444155727512175f,0f,0f,0f,1f],start_interpolation:0}
execute if entity @s[tag=aj.tultaria.bone.left_leg] run data modify entity @s {} merge value {transformation:[-0.8724170322591539f,-0.13932709315324207f,0.4684831725234089f,0.1103845983595194f,0f,0.9585093517935305f,0.2850610856015708f,0.4375594861511339f,-0.4887622344495637f,0.248692146313095f,-0.8362198840843572f,0.058716885776556156f,0f,0f,0f,1f],start_interpolation:0}
execute if entity @s[tag=aj.tultaria.bone.right_foot] run data modify entity @s {} merge value {transformation:[-0.8724170322591539f,-0.27815465892534297f,0.40189365203030564f,-0.17056229592381017f,0f,0.8222682189897751f,0.5691001458788982f,0.001096770012763093f,-0.4887622344495637f,0.49649266032592004f,-0.7173607993320797f,0.048697404070023736f,0f,0f,0f,1f],start_interpolation:0}
execute if entity @s[tag=aj.tultaria.bone.right_leg] run data modify entity @s {} merge value {transformation:[-0.8724170322591539f,0.0039986320731641364f,0.4887458774922544f,-0.10771965970526907f,0f,0.9999665339174011f,-0.008181139603937133f,0.4375594861511339f,-0.4887622344495637f,-0.007137365533764664f,-0.8723878358786917f,-0.06347367283583477f,0f,0f,0f,1f],start_interpolation:0}
execute if entity @s[tag=aj.tultaria.bone.lower] run data modify entity @s {} merge value {transformation:[-0.8724170322591539f,-0.02131950923400269f,0.48829704110321165f,0f,0f,0.9990482215818578f,0.043619387365336f,0.5f,-0.4887622344495637f,0.038054296474228866f,-0.87158668455623f,0f,0f,0f,0f,1f],start_interpolation:0}