execute if entity @s[tag=aj.tultaria.bone.head] run data modify entity @s {} merge value {transformation:[-0.6903462886636497f,-0.20285935814014472f,0.6944566815455759f,0f,0.15854726774722844f,0.8941323857902276f,0.4187959414451914f,1.59375f,-0.7058928853715793f,0.39921843331194523f,-0.5850981771341819f,0f,0f,0f,0f,1f],start_interpolation:0}
execute if entity @s[tag=aj.tultaria.bone.bust] run data modify entity @s {} merge value {transformation:[-0.8971327585109907f,0f,0.4417610367681385f,0.22768586087142612f,0f,1f,0f,0.4375f,-0.4417610367681385f,0f,-0.8971327585109907f,0.6694468976395647f,0f,0f,0f,1f],start_interpolation:0}
execute if entity @s[tag=aj.tultaria.bone.left_wing] run data modify entity @s {} merge value {transformation:[-0.5017365171265025f,0f,0.8650205011337981f,0.17056973612427884f,0f,1f,0f,1.5f,-0.8650205011337981f,0f,-0.5017365171265025f,-0.20491553204855872f,0f,0f,0f,1f],start_interpolation:0}
execute if entity @s[tag=aj.tultaria.bone.right_wing] run data modify entity @s {} merge value {transformation:[-0.9915528357696666f,0f,-0.1297034073458862f,0.058428141310405024f,0f,1f,0f,1.5f,0.1297034073458862f,0f,-0.9915528357696666f,-0.260135661644576f,0f,0f,0f,1f],start_interpolation:0}
execute if entity @s[tag=aj.tultaria.bone.body] run data modify entity @s {} merge value {transformation:[-0.8971327585109907f,0f,0.4417610367681385f,0.22768586087142612f,0f,1f,0f,0.4375f,-0.4417610367681385f,0f,-0.8971327585109907f,0.6694468976395647f,0f,0f,0f,1f],start_interpolation:0}
execute if entity @s[tag=aj.tultaria.bone.left_hand] run data modify entity @s {} merge value {transformation:[-0.150475786754797f,0.9844746148669561f,0.0903701847020566f,0.17187633727429574f,-0.9564659346704653f,-0.12185159529924812f,-0.2651888092246381f,1.4432506113252408f,-0.2500598996550189f,-0.12634049788404045f,0.9599521473380508f,0.4642153544065518f,0f,0f,0f,1f],start_interpolation:0}
execute if entity @s[tag=aj.tultaria.bone.left_arm] run data modify entity @s {} merge value {transformation:[-0.150475786754797f,0.3627529266068519f,0.9196561052038361f,0.19624779092427921f,-0.9564659346704653f,0.18187817208481527f,-0.22823944955690628f,1.4375f,-0.2500598996550189f,-0.913964246979744f,0.3195925559634822f,0.0966352267930303f,0f,0f,0f,1f],start_interpolation:0}
execute if entity @s[tag=aj.tultaria.bone.rod] run data modify entity @s {} merge value {transformation:[-0.0000028995086784294392f,0.0000022337847137944657f,-0.00000930607625565848f,-0.1832147401721842f,0.000009564659346704654f,0.0000010135471596303011f,-0.0000027367889463202447f,1.5220935607155388f,3.318749843053809e-7f,-0.000009694479254071543f,-0.0000024304178626665775f,0.4040980627045937f,0f,0f,0f,1f],start_interpolation:0}
execute if entity @s[tag=aj.tultaria.bone.sword] run data modify entity @s {} merge value {transformation:[-0.0000028995086784294392f,-0.000005000865307780309f,-0.000008159913945450144f,-0.2305253014115738f,0.000009564659346704654f,-0.0000012185159529924813f,-0.0000026518880922463815f,1.5395523957415858f,3.318749843053809e-7f,-0.000008573596972434743f,0.000005136467068817839f,0.4292123614156317f,0f,0f,0f,1f],start_interpolation:0}
execute if entity @s[tag=aj.tultaria.bone.right_hand] run data modify entity @s {} merge value {transformation:[-0.2899508678429439f,-0.5000865307780309f,-0.8159913945450143f,-0.47274611353207263f,0.9564659346704653f,-0.12185159529924812f,-0.2651888092246381f,1.4432506113252408f,0.03318749843053809f,-0.8573596972434743f,0.5136467068817839f,0.14679401459851385f,0f,0f,0f,1f],start_interpolation:0}
execute if entity @s[tag=aj.tultaria.bone.right_arm] run data modify entity @s {} merge value {transformation:[-0.2899508678429439f,0.5032730906472929f,-0.8140299076001112f,-0.19624779092427921f,0.9564659346704653f,0.18187817208481527f,-0.22823944955690628f,1.4375f,0.03318749843053809f,-0.8447701028974737f,-0.5340993008781373f,-0.0966352267930303f,0f,0f,0f,1f],start_interpolation:0}
execute if entity @s[tag=aj.tultaria.bone.skirt] run data modify entity @s {} merge value {transformation:[-0.8971327585109907f,-0.04470026458724273f,0.43949368590719373f,-0.026680535550505625f,0f,0.9948674720669519f,0.10118652589704055f,0.8879434029030169f,-0.4417610367681385f,0.09077774710215578f,-0.8925281995682807f,0.054183100058094624f,0f,0f,0f,1f],start_interpolation:0}
execute if entity @s[tag=aj.tultaria.bone.left_foot] run data modify entity @s {} merge value {transformation:[-0.8971327585109907f,-0.11057080677085339f,0.4276995561097804f,0.11654562547040768f,0f,0.9681694864689067f,0.2502955162813222f,0.42011027112739596f,-0.4417610367681385f,0.2245483069643952f,-0.8685765621020195f,0.04627637982494619f,0f,0f,0f,1f],start_interpolation:0}
execute if entity @s[tag=aj.tultaria.bone.left_leg] run data modify entity @s {} merge value {transformation:[-0.8971327585109907f,-0.12810733573614091f,0.4227781027170734f,0.1133459289254802f,0f,0.9570289535040448f,0.2899923829257468f,0.8750594861511339f,-0.4417610367681385f,0.26016166644135075f,-0.8585820250319703f,0.05277435576404085f,0f,0f,0f,1f],start_interpolation:0}
execute if entity @s[tag=aj.tultaria.bone.right_foot] run data modify entity @s {} merge value {transformation:[-0.8971327585109907f,-0.25529071443771556f,0.3605266491236693f,-0.16717280058723982f,0f,0.8161123755078797f,0.5778932345536548f,0.43822275589141324f,-0.4417610367681385f,0.5184469516399594f,-0.7321611466943416f,0.056537796817846445f,0f,0f,0f,1f],start_interpolation:0}
execute if entity @s[tag=aj.tultaria.bone.right_leg] run data modify entity @s {} merge value {transformation:[-0.8971327585109907f,0.0023226824087338137f,0.44175493064921045f,-0.11093726070226748f,0f,0.9999861777784372f,-0.005257780146764944f,0.8750594861511339f,-0.4417610367681385f,-0.004716926806711555f,-0.8971203581432313f,-0.05766590342799377f,0f,0f,0f,1f],start_interpolation:0}
execute if entity @s[tag=aj.tultaria.bone.lower] run data modify entity @s {} merge value {transformation:[-0.8971327585109907f,-0.019269345785701872f,0.44134057814736644f,0f,0f,0.9990482215818578f,0.043619387365336f,0.9375f,-0.4417610367681385f,0.03913238131162334f,-0.8962788869132315f,0f,0f,0f,0f,1f],start_interpolation:0}