execute if entity @s[tag=aj.tultaria.bone.head] run data modify entity @s {} merge value {transformation:[-0.1393596977388461f,0.3518596242344749f,-0.9256206995739191f,0f,0.10629175309187266f,0.934656814446905f,0.33929147120524583f,1.15625f,0.9845206640141149f,-0.051102289983305973f,-0.1676532674530033f,0f,0f,0f,0f,1f],start_interpolation:0}
execute if entity @s[tag=aj.tultaria.bone.bust] run data modify entity @s {} merge value {transformation:[0.20637496429059643f,0f,-0.9784729807787514f,0.3860490082440775f,0f,1f,0f,0f,0.9784729807787514f,0f,0.20637496429059643f,-0.5924239725346739f,0f,0f,0f,1f],start_interpolation:0}
execute if entity @s[tag=aj.tultaria.bone.left_wing] run data modify entity @s {} merge value {transformation:[-0.046932110821226725f,0f,-0.9988980813746035f,-0.25751668046285014f,0f,1f,0f,1.0625f,0.9988980813746035f,0f,-0.046932110821226725f,-0.009560820226022892f,0f,0f,0f,1f],start_interpolation:0}
execute if entity @s[tag=aj.tultaria.bone.right_wing] run data modify entity @s {} merge value {transformation:[0.44635400182502577f,0f,-0.8948564717622512f,-0.23171980992652552f,0f,1f,0f,1.0625f,0.8948564717622512f,0f,0.44635400182502577f,0.11274830237132105f,0f,0f,0f,1f],start_interpolation:0}
execute if entity @s[tag=aj.tultaria.bone.body] run data modify entity @s {} merge value {transformation:[0.20637496429059643f,0f,-0.9784729807787514f,0.3860490082440775f,0f,1f,0f,0f,0.9784729807787514f,0f,0.20637496429059643f,-0.5924239725346739f,0f,0f,0f,1f],start_interpolation:0}
execute if entity @s[tag=aj.tultaria.bone.left_hand] run data modify entity @s {} merge value {transformation:[-0.06910456996976755f,-0.9890040047244031f,0.1307502850795601f,0.11796763586278179f,-0.8403517780780706f,-0.012921867771190004f,-0.5418873632170519f,0.8972762850723435f,0.537618310226055f,-0.14732312775798834f,-0.8302183137809503f,-0.5280225712988569f,0f,0f,0f,1f],start_interpolation:0}
execute if entity @s[tag=aj.tultaria.bone.left_arm] run data modify entity @s {} merge value {transformation:[-0.06910456996976755f,-0.6597447678054217f,-0.7483056860419167f,-0.045144523438567966f,-0.8403517780780706f,0.4427298650347917f,-0.3127285655121712f,1f,0.537618310226055f,0.6072290407742744f,-0.5850123456389923f,-0.21404096454535187f,0f,0f,0f,1f],start_interpolation:0}
execute if entity @s[tag=aj.tultaria.bone.rod] run data modify entity @s {} merge value {transformation:[0.000002803431884675619f,-0.000009193586312621532f,-0.0000027602065829140606f,0.5812778777105854f,0.000008403517780780707f,0.0000037403508884347083f,-0.000003923093694966795f,0.9698579058886714f,0.00000463914416418445f,-0.0000012197319147106478f,0.00000877442849877698f,0.14674111247347044f,0f,0f,0f,1f],start_interpolation:0}
execute if entity @s[tag=aj.tultaria.bone.sword] run data modify entity @s {} merge value {transformation:[0.000002803431884675619f,-0.000008452608017332792f,0.000004549086432824233f,0.6113624450040602f,0.000008403517780780707f,-1.2921867771190004e-7f,-0.0000054188736321705196f,0.9707179288028116f,0.00000463914416418445f,0.000005341977184400151f,0.0000070669386006432515f,0.1943647126770621f,0f,0f,0f,1f],start_interpolation:0}
execute if entity @s[tag=aj.tultaria.bone.right_hand] run data modify entity @s {} merge value {transformation:[0.2803431884675619f,-0.8452608017332792f,0.4549086432824232f,0.3211686574709085f,0.8403517780780706f,-0.012921867771190004f,-0.5418873632170519f,0.8972762850723435f,0.46391441641844494f,0.5341977184400151f,0.7066938600643251f,0.43540198939651675f,0f,0f,0f,1f],start_interpolation:0}
execute if entity @s[tag=aj.tultaria.bone.right_arm] run data modify entity @s {} merge value {transformation:[0.2803431884675619f,-0.8487852284381906f,-0.4482982630626283f,0.045144523438567966f,0.8403517780780706f,0.4427298650347917f,-0.3127285655121712f,1f,0.46391441641844494f,-0.2890569192934216f,0.8373944779181016f,0.21404096454535187f,0f,0f,0f,1f],start_interpolation:0}
execute if entity @s[tag=aj.tultaria.bone.skirt] run data modify entity @s {} merge value {transformation:[0.20637496429059643f,0.04268039197510332f,-0.9775416913129109f,0.059095712333223964f,0f,0.9990482215818578f,0.043619387365336f,0.45044340290301693f,0.9784729807787514f,-0.00900194950989891f,0.20617854105353978f,-0.012464192432569726f,0f,0f,0f,1f],start_interpolation:0}
execute if entity @s[tag=aj.tultaria.bone.left_foot] run data modify entity @s {} merge value {transformation:[0.20637496429059643f,0.26518621077258925f,-0.9418522430456545f,0.018269174524112627f,0f,0.9625735830702745f,0.2710204737197053f,-0.014933681135108623f,0.9784729807787514f,-0.055931840585924694f,0.19865108883319937f,-0.13160332760292073f,0f,0f,0f,1f],start_interpolation:0}
execute if entity @s[tag=aj.tultaria.bone.left_leg] run data modify entity @s {} merge value {transformation:[0.20637496429059643f,0.16856443454822878f,-0.9638440773898498f,-0.02846439503476851f,0f,0.9850492515621038f,0.17227295782257673f,0.4375594861511339f,0.9784729807787514f,-0.03555282551886969f,0.20328950411560792f,-0.12174650075297525f,0f,0f,0f,1f],start_interpolation:0}
execute if entity @s[tag=aj.tultaria.bone.right_foot] run data modify entity @s {} merge value {transformation:[0.20637496429059643f,0.4700355051210431f,-0.8581817977792705f,0.20998300869954695f,0f,0.8770623355345561f,0.4803765810139685f,0.02456579774672646f,0.9784729807787514f,-0.09913769975279656f,0.18100370817657113f,0.08346144010333659f,0f,0f,0f,1f],start_interpolation:0}
execute if entity @s[tag=aj.tultaria.bone.right_leg] run data modify entity @s {} merge value {transformation:[0.20637496429059643f,-0.1508737533463915f,-0.9667711645809608f,0.023129346037880597f,0f,0.9880407365071263f,-0.1541930705396826f,0.4375594861511339f,0.9784729807787514f,0.031821589426484415f,0.2039068717143128f,0.12287174444171262f,0f,0f,0f,1f],start_interpolation:0}
execute if entity @s[tag=aj.tultaria.bone.lower] run data modify entity @s {} merge value {transformation:[0.20637496429059643f,0.04268039197510332f,-0.9775416913129109f,0f,0f,0.9990482215818578f,0.043619387365336f,0.5f,0.9784729807787514f,-0.00900194950989891f,0.20617854105353978f,0f,0f,0f,0f,1f],start_interpolation:0}