execute if entity @s[tag=aj.tultaria.bone.head] run data modify entity @s {} merge value {transformation:[-0.7495402397144683f,-0.16172908169375f,0.6418980707115995f,0f,0.1445438793842749f,0.9063078049980593f,0.39713124975522124f,1.59375f,-0.645984903833922f,0.39044828944957116f,-0.6559372205360681f,0f,0f,0f,0f,1f],start_interpolation:0}
execute if entity @s[tag=aj.tultaria.bone.bust] run data modify entity @s {} merge value {transformation:[-0.9238795325112867f,0f,0.38268343236508984f,0.27059805007309845f,0f,1f,0f,0.4375f,-0.38268343236508984f,0f,-0.9238795325112867f,0.6532814824381883f,0f,0f,0f,1f],start_interpolation:0}
execute if entity @s[tag=aj.tultaria.bone.left_wing] run data modify entity @s {} merge value {transformation:[-0.6427876096865393f,0f,0.7660444431189781f,0.1534133288732279f,0f,1f,0f,1.5f,-0.7660444431189781f,0f,-0.6427876096865393f,-0.20705216860500353f,0f,0f,0f,1f],start_interpolation:0}
execute if entity @s[tag=aj.tultaria.bone.right_wing] run data modify entity @s {} merge value {transformation:[-0.9961946980917455f,0f,-0.08715574274765808f,0.03792838730931708f,0f,1f,0f,1.5f,0.08715574274765808f,0f,-0.9961946980917455f,-0.25488759765063973f,0f,0f,0f,1f],start_interpolation:0}
execute if entity @s[tag=aj.tultaria.bone.body] run data modify entity @s {} merge value {transformation:[-0.9238795325112867f,0f,0.38268343236508984f,0.27059805007309845f,0f,1f,0f,0.4375f,-0.38268343236508984f,0f,-0.9238795325112867f,0.6532814824381883f,0f,0f,0f,1f],start_interpolation:0}
execute if entity @s[tag=aj.tultaria.bone.left_hand] run data modify entity @s {} merge value {transformation:[-0.1966980323154247f,0.9207328058146375f,0.3369881071787928f,0.25315873220635343f,-0.9495622733692188f,-0.09328303989656261f,-0.29938230318697423f,1.431822317432586f,-0.2442158329779648f,-0.3788791030980221f,0.8926417266510216f,0.44854459147196907f,0f,0f,0f,1f],start_interpolation:0}
execute if entity @s[tag=aj.tultaria.bone.left_arm] run data modify entity @s {} merge value {transformation:[-0.1966980323154247f,0.1685261413172511f,0.9658720535225969f,0.20209864773684397f,-0.9495622733692188f,0.21263116005513327f,-0.2304766338861477f,1.4375f,-0.2442158329779648f,-0.9624899633068005f,0.1182019350795604f,0.08371200082986341f,0f,0f,0f,1f],start_interpolation:0}
execute if entity @s[tag=aj.tultaria.bone.rod] run data modify entity @s {} merge value {transformation:[-0.000003117731840681277f,0.000003438880655565998f,-0.00000885741768273215f,-0.2438135689720528f,0.00000949562273369219f,0.0000014573418667020176f,-0.000002776563268313111f,1.5042262452921686f,3.360015907555268e-7f,-0.000009276327641924443f,-0.0000037197914472021554f,0.4336570083833201f,0f,0f,0f,1f],start_interpolation:0}
execute if entity @s[tag=aj.tultaria.bone.sword] run data modify entity @s {} merge value {transformation:[-0.000003117731840681277f,-0.000003831484276019582f,-0.000008694795938503495f,-0.2943133369359169f,0.00000949562273369219f,-9.328303989656262e-7f,-0.0000029938230318697426f,1.5198665208730673f,3.360015907555268e-7f,-0.000009189643937029354f,0.000003929064423196624f,0.4531245028381653f,0f,0f,0f,1f],start_interpolation:0}
execute if entity @s[tag=aj.tultaria.bone.right_hand] run data modify entity @s {} merge value {transformation:[-0.3117731840681277f,-0.38314842760195816f,-0.8694795938503495f,-0.4961791785540808f,0.9495622733692188f,-0.09328303989656261f,-0.29938230318697423f,1.431822317432586f,0.03360015907555268f,-0.9189643937029354f,0.3929064423196624f,0.13815866603467716f,0f,0f,0f,1f],start_interpolation:0}
execute if entity @s[tag=aj.tultaria.bone.right_arm] run data modify entity @s {} merge value {transformation:[-0.3117731840681277f,0.5614172025455995f,-0.7665560686485333f,-0.20209864773684397f,0.9495622733692188f,0.21263116005513327f,-0.2304766338861477f,1.4375f,0.03360015907555268f,-0.7997491572108606f,-0.5993932889602751f,-0.08371200082986341f,0f,0f,0f,1f],start_interpolation:0}
execute if entity @s[tag=aj.tultaria.bone.skirt] run data modify entity @s {} merge value {transformation:[-0.9238795325112867f,-0.016692416874629214f,0.3823192025331842f,-0.02311249311732577f,0f,0.9990482215818578f,0.043619387365336f,0.8879434029030169f,-0.38268343236508984f,0.04029905920751535f,-0.9230002039112792f,0.05579849434410267f,0f,0f,0f,1f],start_interpolation:0}
execute if entity @s[tag=aj.tultaria.bone.left_foot] run data modify entity @s {} merge value {transformation:[-0.9238795325112867f,-0.08282785436160814f,0.3736123070089883f,0.1060638655256552f,0f,0.9762960071199334f,0.21643961393810285f,0.42087503129390025f,-0.38268343236508984f,0.19996412934205787f,-0.9019798986506f,0.0705799185893412f,0f,0f,0f,1f],start_interpolation:0}
execute if entity @s[tag=aj.tultaria.bone.left_leg] run data modify entity @s {} merge value {transformation:[-0.9238795325112867f,-0.08282785436160814f,0.3736123070089883f,0.11652821761857517f,0f,0.9762960071199334f,0.21643961393810285f,0.8750594861511339f,-0.38268343236508984f,0.19996412934205787f,-0.9019798986506f,0.04531673784516652f,0f,0f,0f,1f],start_interpolation:0}
execute if entity @s[tag=aj.tultaria.bone.right_foot] run data modify entity @s {} merge value {transformation:[-0.9238795325112867f,-0.19134171618254495f,0.33141357403559185f,-0.17668702952389187f,0f,0.8660254037844387f,0.5f,0.4501187735794525f,-0.38268343236508984f,0.4619397662556433f,-0.8001031451912656f,0.09991948175290102f,0f,0f,0f,1f],start_interpolation:0}
execute if entity @s[tag=aj.tultaria.bone.right_leg] run data modify entity @s {} merge value {transformation:[-0.9238795325112867f,0.03335305878500261f,0.3812272063696536f,-0.11444166550924652f,0f,0.9961946980917455f,-0.08715574274765817f,0.8750594861511339f,-0.38268343236508984f,-0.0805214068653804f,-0.9203638919632243f,-0.050354120246105936f,0f,0f,0f,1f],start_interpolation:0}
execute if entity @s[tag=aj.tultaria.bone.lower] run data modify entity @s {} merge value {transformation:[-0.9238795325112867f,-0.016692416874629214f,0.3823192025331842f,0f,0f,0.9990482215818578f,0.043619387365336f,0.9375f,-0.38268343236508984f,0.04029905920751535f,-0.9230002039112792f,0f,0f,0f,0f,1f],start_interpolation:0}