execute if entity @s[tag=aj.tultaria.bone.head] run data modify entity @s {} merge value {transformation:[0.9464095554998299f,-0.15467220414058303f,0.28352330155545935f,0f,0.07091911144461348f,0.9559649530570354f,0.2847832301217304f,1.59375f,-0.3150863895672433f,-0.24941434961315628f,0.9157035815789547f,0f,0f,0f,0f,1f],start_interpolation:0}
execute if entity @s[tag=aj.tultaria.bone.bust] run data modify entity @s {} merge value {transformation:[0.7660444431189778f,0f,0.6427876096865394f,-0.7044160264027586f,0f,1f,0f,0.4375f,-0.6427876096865394f,0f,0.7660444431189778f,-0.061628416716219214f,0f,0f,0f,1f],start_interpolation:0}
execute if entity @s[tag=aj.tultaria.bone.left_wing] run data modify entity @s {} merge value {transformation:[0.7933533402912349f,0f,0.6087614290087207f,0.11281912472669875f,0f,1f,0f,1.5f,-0.6087614290087207f,0f,0.7933533402912349f,0.23168533638515315f,0f,0f,0f,1f],start_interpolation:0}
execute if entity @s[tag=aj.tultaria.bone.right_wing] run data modify entity @s {} merge value {transformation:[0.7372773368101238f,0f,0.6755902076156604f,0.208574680116571f,0f,1f,0f,1.5f,-0.6755902076156604f,0f,0.7372773368101238f,0.1513368851743357f,0f,0f,0f,1f],start_interpolation:0}
execute if entity @s[tag=aj.tultaria.bone.body] run data modify entity @s {} merge value {transformation:[0.7660444431189778f,0f,0.6427876096865394f,-0.7044160264027586f,0f,1f,0f,0.4375f,-0.6427876096865394f,0f,0.7660444431189778f,-0.061628416716219214f,0f,0f,0f,1f],start_interpolation:0}
execute if entity @s[tag=aj.tultaria.bone.left_hand] run data modify entity @s {} merge value {transformation:[0.6672369123921398f,0.5837022937130054f,-0.4626948617129652f,-0.4614488507161391f,-0.6850529579791766f,0.23705041120869708f,-0.6888465339317372f,1.2425768492689004f,-0.29239929463899905f,0.7765943180708728f,0.5580357673435026f,0.24730411872639885f,0f,0f,0f,1f],start_interpolation:0}
execute if entity @s[tag=aj.tultaria.bone.left_arm] run data modify entity @s {} merge value {transformation:[0.6672369123921398f,0.7224159565119692f,0.18141137924149142f,-0.1675722219322764f,-0.6850529579791766f,0.6908058457172946f,-0.23127846481415784f,1.4375f,-0.29239929463899905f,0.030041126804927043f,0.9558243474587294f,0.14060978961893048f,0f,0f,0f,1f],start_interpolation:0}
execute if entity @s[tag=aj.tultaria.bone.rod] run data modify entity @s {} merge value {transformation:[0.000004038215662447913f,2.3711550348574697e-7f,0.00000914530428698614f,-0.0038502178911298812f,0.000006850529579791767f,0.000006547080085887099f,-0.0000031946810209125127f,1.2397887618071062f,-0.0000060632547975454895f,0.0000075550988469369f,0.00000248141545756738f,-0.6327823217869059f,0f,0f,0f,1f],start_interpolation:0}
execute if entity @s[tag=aj.tultaria.bone.sword] run data modify entity @s {} merge value {transformation:[0.000004038215662447913f,0.000006634372657781537f,0.000006299040696903068f,0.038295959320752915f,0.000006850529579791767f,0.000002370504112086971f,-0.000006888465339317373f,1.2289069854659054f,-0.0000060632547975454895f,0.000007096887324190761f,-0.000003587635930216734f,-0.6685470364521264f,0f,0f,0f,1f],start_interpolation:0}
execute if entity @s[tag=aj.tultaria.bone.right_hand] run data modify entity @s {} merge value {transformation:[0.40382156624479126f,0.6634372657781537f,0.6299040696903068f,0.323676765486966f,0.6850529579791766f,0.23705041120869708f,-0.6888465339317372f,1.2425768492689004f,-0.6063254797545489f,0.709688732419076f,-0.3587635930216734f,-0.4114944962574615f,0f,0f,0f,1f],start_interpolation:0}
execute if entity @s[tag=aj.tultaria.bone.right_arm] run data modify entity @s {} merge value {transformation:[0.40382156624479126f,-0.09586147977910059f,0.909801472481862f,0.1675722219322764f,0.6850529579791766f,0.6908058457172946f,-0.23127846481415784f,1.4375f,-0.6063254797545489f,0.7166574217974542f,0.34463248886754955f,-0.14060978961893048f,0f,0f,0f,1f],start_interpolation:0}
execute if entity @s[tag=aj.tultaria.bone.skirt] run data modify entity @s {} merge value {transformation:[0.7660444431189778f,-0.028038001740555565f,0.6421758183121905f,-0.038821707312923365f,0f,0.9990482215818578f,0.043619387365336f,0.8879434029030169f,-0.6427876096865394f,-0.033414389303469794f,0.7653153385506793f,-0.04626590916081731f,0f,0f,0f,1f],start_interpolation:0}
execute if entity @s[tag=aj.tultaria.bone.left_foot] run data modify entity @s {} merge value {transformation:[0.7660444431189778f,-0.20661730556113858f,0.6086749544783242f,-0.13695771849775368f,0f,0.9469301294951056f,0.3214394653031616f,0.4249865852725854f,-0.6427876096865394f,-0.2462369161946224f,0.7253905637216597f,0.031245625304347095f,0f,0f,0f,1f],start_interpolation:0}
execute if entity @s[tag=aj.tultaria.bone.left_leg] run data modify entity @s {} merge value {transformation:[0.7660444431189778f,-0.08390061909861274f,0.6372884725784741f,-0.0940031802810875f,0f,0.9914448613738104f,0.1305261922200516f,0.8750594861511339f,-0.6427876096865394f,-0.09998886423165007f,0.7594908267142727f,0.08243685054228428f,0f,0f,0f,1f],start_interpolation:0}
execute if entity @s[tag=aj.tultaria.bone.right_foot] run data modify entity @s {} merge value {transformation:[0.7660444431189778f,-0.2968062873774219f,0.5701595732246949f,-0.04180299875881324f,0f,0.8870108331782218f,0.461748613235034f,0.4749849347784259f,-0.6427876096865394f,-0.35371995928659183f,0.6794897197425114f,-0.24428435230957843f,0f,0f,0f,1f],start_interpolation:0}
execute if entity @s[tag=aj.tultaria.bone.right_leg] run data modify entity @s {} merge value {transformation:[0.7660444431189778f,0.13912470208475053f,0.6275509767631346f,0.09750793049865694f,0f,0.9762960071199335f,-0.21643961393810285f,0.8750594861511339f,-0.6427876096865394f,0.16580236352810054f,0.7478861310934709f,-0.07826005187935056f,0f,0f,0f,1f],start_interpolation:0}
execute if entity @s[tag=aj.tultaria.bone.lower] run data modify entity @s {} merge value {transformation:[0.7660444431189778f,-0.028038001740555565f,0.6421758183121905f,0f,0f,0.9990482215818578f,0.043619387365336f,0.9375f,-0.6427876096865394f,-0.033414389303469794f,0.7653153385506793f,0f,0f,0f,0f,1f],start_interpolation:0}