execute if entity @s[tag=aj.tultaria.bone.head] run data modify entity @s {} merge value {transformation:[0.8928221159337032f,0.06345185052180538f,-0.445917629125631f,0f,0.08897344565279237f,0.945672897370574f,0.3127083259963083f,1.59375f,0.44153413828189425f,-0.3188677372267416f,0.8386721474375808f,0f,0f,0f,0f,1f],start_interpolation:0}
execute if entity @s[tag=aj.tultaria.bone.bust] run data modify entity @s {} merge value {transformation:[0.9952952831612027f,0f,-0.09688807623779938f,-0.4492036034617017f,0f,1f,0f,0.4375f,0.09688807623779938f,0f,0.9952952831612027f,-0.546091679699501f,0f,0f,0f,1f],start_interpolation:0}
execute if entity @s[tag=aj.tultaria.bone.left_wing] run data modify entity @s {} merge value {transformation:[0.969187933090462f,0f,-0.2463224519848702f,-0.08642797425702503f,0f,1f,0f,1.5f,0.2463224519848702f,0f,0.969187933090462f,0.24276831602543836f,0f,0f,0f,1f],start_interpolation:0}
execute if entity @s[tag=aj.tultaria.bone.right_wing] run data modify entity @s {} merge value {transformation:[0.9984986728582712f,0f,0.054775909853433474f,0.037983936138125396f,0f,1f,0f,1.5f,-0.054775909853433474f,0f,0.9984986728582712f,0.25487932555516324f,0f,0f,0f,1f],start_interpolation:0}
execute if entity @s[tag=aj.tultaria.bone.body] run data modify entity @s {} merge value {transformation:[0.9952952831612027f,0f,-0.09688807623779938f,-0.4492036034617017f,0f,1f,0f,0.4375f,0.09688807623779938f,0f,0.9952952831612027f,-0.546091679699501f,0f,0f,0f,1f],start_interpolation:0}
execute if entity @s[tag=aj.tultaria.bone.left_hand] run data modify entity @s {} merge value {transformation:[0.5867055944889716f,-0.2850523591894465f,-0.7579720957369562f,-0.4905024543265484f,-0.7704248825694868f,0.09183606343377054f,-0.6308816353094935f,1.2876208850516773f,0.2494434719793943f,0.9541023477455233f,-0.16573069816224723f,-0.21834555637323616f,0f,0f,0f,1f],start_interpolation:0}
execute if entity @s[tag=aj.tultaria.bone.left_arm] run data modify entity @s {} merge value {transformation:[0.5867055944889716f,0.4499022031017889f,-0.6733235129115123f,-0.2177208431915131f,-0.7704248825694868f,0.5662258233171302f,-0.2929740898554517f,1.4375f,0.2494434719793943f,0.6906347259246344f,0.6788237102767334f,-0.021194266677018615f,0f,0f,0f,1f],start_interpolation:0}
execute if entity @s[tag=aj.tultaria.bone.sword] run data modify entity @s {} merge value {transformation:[0.000006237992205798991f,9.568815232727835e-7f,0.000007757050405328708f,0.44641328433964034f,0.000007704248825694869f,9.183606343377055e-7f,-0.0000063088163530949354f,1.326545766602864f,-0.0000013160559532824954f,0.000009911659371453302f,-1.6433268728922424e-7f,-0.4941617523865666f,0f,0f,0f,1f],start_interpolation:0}
execute if entity @s[tag=aj.tultaria.bone.right_hand] run data modify entity @s {} merge value {transformation:[0.623799220579899f,0.09568815232727834f,0.7757050405328707f,0.5234045721108784f,0.7704248825694868f,0.09183606343377054f,-0.6308816353094935f,1.2876208850516773f,-0.13160559532824953f,0.9911659371453301f,-0.016433268728922423f,-0.1196457002225071f,0f,0f,0f,1f],start_interpolation:0}
execute if entity @s[tag=aj.tultaria.bone.right_arm] run data modify entity @s {} merge value {transformation:[0.623799220579899f,-0.574654384384219f,0.5297611451511948f,0.2177208431915131f,0.7704248825694868f,0.5662258233171302f,-0.2929740898554517f,1.4375f,-0.13160559532824953f,0.5908981769449222f,0.79593926386469f,0.021194266677018615f,0f,0f,0f,1f],start_interpolation:0}
execute if entity @s[tag=aj.tultaria.bone.skirt] run data modify entity @s {} merge value {transformation:[0.9952952831612027f,0.004226198528498777f,-0.09679586025786092f,0.005851638210092928f,0f,0.9990482215818578f,0.043619387365336f,0.8879434029030169f,0.09688807623779938f,-0.043414170499100284f,0.9943479825910112f,-0.06011170966979287f,0f,0f,0f,1f],start_interpolation:0}
execute if entity @s[tag=aj.tultaria.bone.left_foot] run data modify entity @s {} merge value {transformation:[0.9952952831612027f,0.02865058409679859f,-0.09255508277762976f,-0.11914664579992633f,0f,0.9552783621223438f,0.2957080500440467f,0.4236458557654023f,0.09688807623779938f,-0.29431682740163656f,0.950784047926328f,-0.06619912046878432f,0f,0f,0f,1f],start_interpolation:0}
execute if entity @s[tag=aj.tultaria.bone.left_leg] run data modify entity @s {} merge value {transformation:[0.9952952831612027f,0.014722228663668773f,-0.09576301634888218f,-0.12467604780318152f,0f,0.9883880459536024f,0.15195088224824435f,0.8750594861511339f,0.09688807623779938f,-0.15123599637386093f,0.9837379600705385f,-0.009397623873531154f,0f,0f,0f,1f],start_interpolation:0}
execute if entity @s[tag=aj.tultaria.bone.right_foot] run data modify entity @s {} merge value {transformation:[0.9952952831612027f,0.04566526608738498f,-0.08545164006752563f,0.14387706799042135f,0f,0.8819623981158994f,0.47131977288211846f,0.46816125094019895f,0.09688807623779938f,-0.4691023468101819f,0.8778130147702976f,-0.187847337181719f,0f,0f,0f,1f],start_interpolation:0}
execute if entity @s[tag=aj.tultaria.bone.right_leg] run data modify entity @s {} merge value {transformation:[0.9952952831612027f,-0.01788917450711823f,-0.09522224925150369f,0.12414777298711917f,0f,0.9828066873553447f,-0.18463752405622688f,0.8750594861511339f,0.09688807623779938f,0.18376885678772575f,0.9781828601840615f,0.01482439518591869f,0f,0f,0f,1f],start_interpolation:0}
execute if entity @s[tag=aj.tultaria.bone.lower] run data modify entity @s {} merge value {transformation:[0.9952952831612027f,0.004226198528498777f,-0.09679586025786092f,0f,0f,0.9990482215818578f,0.043619387365336f,0.9375f,0.09688807623779938f,-0.043414170499100284f,0.9943479825910112f,0f,0f,0f,0f,1f],start_interpolation:0}