execute if entity @s[tag=aj.tultaria.bone.head] run data modify entity @s {} merge value {transformation:[0.13259816995177742f,0.4047684582017528f,-0.9047542321373332f,0f,0.16138804955854447f,0.8918158606027737f,0.42263266347624256f,1.59375f,0.9779425457485365f,-0.20205683859327792f,0.05292835905789717f,0f,0f,0f,0f,1f],start_interpolation:0}
execute if entity @s[tag=aj.tultaria.bone.bust] run data modify entity @s {} merge value {transformation:[0.44463517918492756f,0f,-0.8957117602394128f,0.2255382905272426f,0f,1f,0f,0.4375f,0.8957117602394128f,0f,0.44463517918492756f,-0.6701734697121702f,0f,0f,0f,1f],start_interpolation:0}
execute if entity @s[tag=aj.tultaria.bone.left_wing] run data modify entity @s {} merge value {transformation:[-0.133986185418292f,0f,-0.9909831997148362f,-0.25709190932034764f,0f,1f,0f,1.5f,0.9909831997148362f,0f,-0.133986185418292f,0.05784462085637809f,0f,0f,0f,1f],start_interpolation:0}
execute if entity @s[tag=aj.tultaria.bone.right_wing] run data modify entity @s {} merge value {transformation:[0.8703556959398997f,0f,-0.492423560103467f,-0.20151251192223174f,0f,1f,0f,1.5f,0.492423560103467f,0f,0.8703556959398997f,0.16980859088630473f,0f,0f,0f,1f],start_interpolation:0}
execute if entity @s[tag=aj.tultaria.bone.body] run data modify entity @s {} merge value {transformation:[0.44463517918492756f,0f,-0.8957117602394128f,0.2255382905272426f,0f,1f,0f,0.4375f,0.8957117602394128f,0f,0.44463517918492756f,-0.6701734697121702f,0f,0f,0f,1f],start_interpolation:0}
execute if entity @s[tag=aj.tultaria.bone.left_hand] run data modify entity @s {} merge value {transformation:[-0.04275765359442045f,-0.8486817490814669f,0.5271727153743084f,0.1527383083636164f,-0.9672050523040812f,-0.09706919479822623f,-0.23471676169094424f,1.4534425930464945f,0.2503720628515871f,-0.5199200517360778f,-0.8166988245039873f,-0.4660978150308325f,0f,0f,0f,1f],start_interpolation:0}
execute if entity @s[tag=aj.tultaria.bone.left_arm] run data modify entity @s {} merge value {transformation:[-0.04275765359442045f,-0.8560883913352777f,-0.5150577145136997f,-0.0972639454467029f,-0.9672050523040812f,0.1646609922521287f,-0.1933937548836671f,1.4375f,0.2503720628515871f,0.4898973605272034f,-0.835053534985584f,-0.19593694755237154f,0f,0f,0f,1f],start_interpolation:0}
execute if entity @s[tag=aj.tultaria.bone.sword] run data modify entity @s {} merge value {transformation:[0.000002252800782155022f,-9.898035810603284e-7f,0.000009692532048275201f,0.43204103054683185f,0.000009672050523040812f,-9.706919479822624e-7f,-0.0000023471676169094428f,1.5384059459874369f,0.0000011731697727386569f,0.000009903436071033253f,7.386654664256176e-7f,-0.21334182691348635f,0f,0f,0f,1f],start_interpolation:0}
execute if entity @s[tag=aj.tultaria.bone.right_hand] run data modify entity @s {} merge value {transformation:[0.22528007821550222f,-0.09898035810603284f,0.9692532048275201f,0.4636063004399851f,0.9672050523040812f,-0.09706919479822623f,-0.23471676169094424f,1.4534425930464945f,0.11731697727386567f,0.9903436071033251f,0.07386654664256176f,0.16014169416690238f,0f,0f,0f,1f],start_interpolation:0}
execute if entity @s[tag=aj.tultaria.bone.right_arm] run data modify entity @s {} merge value {transformation:[0.22528007821550222f,-0.9078081880662667f,0.35374168546986207f,0.0972639454467029f,0.9672050523040812f,0.1646609922521287f,-0.1933937548836671f,1.4375f,0.11731697727386567f,0.3857085056235941f,0.9151315072343084f,0.19593694755237154f,0f,0f,0f,1f],start_interpolation:0}
execute if entity @s[tag=aj.tultaria.bone.skirt] run data modify entity @s {} merge value {transformation:[0.44463517918492756f,0.07277004591226308f,-0.8927508486969443f,0.05409727765243521f,0f,0.9966943478093031f,0.08124270456470566f,0.8879434029030169f,0.8957117602394128f,-0.036123364501596034f,0.443165369930794f,-0.0268541218393494f,0f,0f,0f,1f],start_interpolation:0}
execute if entity @s[tag=aj.tultaria.bone.left_foot] run data modify entity @s {} merge value {transformation:[0.44463517918492756f,0.20392770701615864f,-0.872188653756926f,-0.05741386138179531f,0f,0.9737380845862743f,0.22767112822282387f,0.42005312344948353f,0.8957117602394128f,-0.10123059289258991f,0.43295820771920634f,-0.11105333420007711f,0f,0f,0f,1f],start_interpolation:0}
execute if entity @s[tag=aj.tultaria.bone.left_leg] run data modify entity @s {} merge value {transformation:[0.44463517918492756f,0.24478703359036216f,-0.8616141048156176f,-0.05802129728796406f,0f,0.9619323347784545f,0.2732877298886124f,0.8750594861511339f,0.8957117602394128f,-0.12151333874806525f,0.4277089560379939f,-0.11075180039760642f,0f,0f,0f,1f],start_interpolation:0}
execute if entity @s[tag=aj.tultaria.bone.right_foot] run data modify entity @s {} merge value {transformation:[0.44463517918492756f,0.4972407692473495f,-0.7450175667925499f,0.173011787773527f,0f,0.8317603942069666f,0.5551348004121809f,0.4401797017569052f,0.8957117602394128f,-0.24683246145305904f,0.3698299319171406f,0.05367002519802113f,0f,0f,0f,1f],start_interpolation:0}
execute if entity @s[tag=aj.tultaria.bone.right_leg] run data modify entity @s {} merge value {transformation:[0.44463517918492756f,-0.018133179626334282f,-0.8955281934299034f,0.05313749750826783f,0f,0.9997950604003901f,-0.02024443624753515f,0.8750594861511339f,0.8957117602394128f,0.009001388538420637f,0.444544055829333f,0.11317613966224678f,0f,0f,0f,1f],start_interpolation:0}
execute if entity @s[tag=aj.tultaria.bone.lower] run data modify entity @s {} merge value {transformation:[0.44463517918492756f,0.03907039823756991f,-0.8948592411171408f,0f,0f,0.9990482215818578f,0.043619387365336f,0.9375f,0.8957117602394128f,-0.019394714117122937f,0.4442119850174326f,0f,0f,0f,0f,1f],start_interpolation:0}