execute if entity @s[tag=aj.tultaria.bone.head] run data modify entity @s {} merge value {transformation:[-0.9842760756088167f,0.1681155781316508f,-0.05420110122098537f,0f,0.135011976769771f,0.9138933495947686f,0.38284554548169003f,1.15625f,0.113896326160353f,0.36950791325209104f,-0.9222209761934823f,0f,0f,0f,0f,1f],start_interpolation:0}
execute if entity @s[tag=aj.tultaria.bone.bust] run data modify entity @s {} merge value {transformation:[-0.9042316706138985f,0f,-0.4270422530134436f,0.665636961813671f,0f,1f,0f,0f,0.4270422530134436f,0f,-0.9042316706138985f,0.23859470880022746f,0f,0f,0f,1f],start_interpolation:0}
execute if entity @s[tag=aj.tultaria.bone.left_wing] run data modify entity @s {} merge value {transformation:[-0.9998537262811575f,0f,-0.017103392695130837f,-0.050246083839992295f,0f,1f,0f,1.0625f,0.017103392695130837f,0f,-0.9998537262811575f,-0.2527480584668149f,0f,0f,0f,1f],start_interpolation:0}
execute if entity @s[tag=aj.tultaria.bone.right_wing] run data modify entity @s {} merge value {transformation:[-0.6483856885889419f,0f,-0.7613120246213398f,-0.16327504266672954f,0f,1f,0f,1.0625f,0.7613120246213398f,0f,-0.6483856885889419f,-0.19936777684013443f,0f,0f,0f,1f],start_interpolation:0}
execute if entity @s[tag=aj.tultaria.bone.body] run data modify entity @s {} merge value {transformation:[-0.9042316706138985f,0f,-0.4270422530134436f,0.665636961813671f,0f,1f,0f,0f,0.4270422530134436f,0f,-0.9042316706138985f,0.23859470880022746f,0f,0f,0f,1f],start_interpolation:0}
execute if entity @s[tag=aj.tultaria.bone.left_hand] run data modify entity @s {} merge value {transformation:[-0.37154729322448654f,0.2296530833258742f,0.8995621547266628f,0.5190372005753456f,-0.9284129121868954f,-0.09340881623410974f,-0.35961682042750814f,0.9726977412647441f,0.001439924374998125f,-0.9687797759907364f,0.2479186807183617f,0.0849209047211269f,0f,0f,0f,1f],start_interpolation:0}
execute if entity @s[tag=aj.tultaria.bone.left_arm] run data modify entity @s {} merge value {transformation:[-0.37154729322448654f,-0.6532559014634638f,0.6597039761140708f,0.1978006779467903f,-0.9284129121868954f,0.26032782165763635f,-0.26510165928495844f,1f,0.001439924374998125f,-0.710975493581985f,-0.7032153113688915f,-0.09341549284669079f,0f,0f,0f,1f],start_interpolation:0}
execute if entity @s[tag=aj.tultaria.bone.rod] run data modify entity @s {} merge value {transformation:[-0.0000023714482473507064f,-0.0000036350333504714564f,-0.00000900903800364376f,0.11863142579804939f,0.000009284129121868955f,0.0000018823748497128893f,-0.00000320337499734783f,1.0526781499059739f,0.0000028602761507592397f,-0.000009123771011272074f,0.000002928416444986823f,0.5125469154838884f,0f,0f,0f,1f],start_interpolation:0}
execute if entity @s[tag=aj.tultaria.bone.sword] run data modify entity @s {} merge value {transformation:[-0.0000023714482473507064f,-0.000008940708596301441f,-0.0000037999951323861955f,0.09340817284201813f,0.000009284129121868955f,-9.340881623410974e-7f,-0.000003596168204275082f,1.0648340149542748f,0.0000028602761507592397f,-0.000004380777225675342f,0.000008522183478452113f,0.5614330135102553f,0f,0f,0f,1f],start_interpolation:0}
execute if entity @s[tag=aj.tultaria.bone.right_hand] run data modify entity @s {} merge value {transformation:[-0.23714482473507062f,-0.8940708596301441f,-0.3799995132386195f,-0.2641450857180821f,0.9284129121868954f,-0.09340881623410974f,-0.35961682042750814f,0.9726977412647441f,0.28602761507592395f,-0.4380777225675342f,0.8522183478452112f,0.45479506300171446f,0f,0f,0f,1f],start_interpolation:0}
execute if entity @s[tag=aj.tultaria.bone.right_arm] run data modify entity @s {} merge value {transformation:[-0.23714482473507062f,-0.13408568425303302f,-0.9621763670864965f,-0.1978006779467903f,0.9284129121868954f,0.26032782165763635f,-0.26510165928495844f,1f,0.28602761507592395f,-0.9561644495322892f,0.06275148495926808f,0.09341549284669079f,0f,0f,0f,1f],start_interpolation:0}
execute if entity @s[tag=aj.tultaria.bone.skirt] run data modify entity @s {} merge value {transformation:[-0.9042316706138985f,0.01862732145555922f,-0.4266358034133906f,0.025791582020107572f,0f,0.9990482215818578f,0.043619387365336f,0.45044340290301693f,0.4270422530134436f,0.03944203150851255f,-0.9033710424248076f,0.05461184492458895f,0f,0f,0f,1f],start_interpolation:0}
execute if entity @s[tag=aj.tultaria.bone.left_foot] run data modify entity @s {} merge value {transformation:[-0.9042316706138985f,0.09824095807395866f,-0.41558849841581114f,0.1257078158770507f,0f,0.9731788727770881f,0.2300497371881044f,-0.016291197867813245f,0.4270422530134436f,0.2080182581818879f,-0.8799791579373771f,-0.026533701431912762f,0f,0f,0f,1f],start_interpolation:0}
execute if entity @s[tag=aj.tultaria.bone.left_leg] run data modify entity @s {} merge value {transformation:[-0.9042316706138985f,0.08776615389623739f,-0.41792605576711767f,0.11186475123576486f,0f,0.978652704312051f,0.20552100705939855f,0.4375594861511339f,0.4270422530134436f,0.18583860355957077f,-0.8849287697708955f,-0.05584540859596249f,0f,0f,0f,1f],start_interpolation:0}
execute if entity @s[tag=aj.tultaria.bone.right_foot] run data modify entity @s {} merge value {transformation:[-0.9042316706138985f,0.2114522898447654f,-0.37101619233963806f,-0.04170199212352818f,0f,0.8688044092160552f,0.4951554286552265f,0.015403602883440892f,0.4270422530134436f,0.44773522046645653f,-0.7856004623821548f,0.20441007272286582f,0f,0f,0f,1f],start_interpolation:0}
execute if entity @s[tag=aj.tultaria.bone.right_leg] run data modify entity @s {} merge value {transformation:[-0.9042316706138985f,-0.0443415610663364f,-0.42473393062127535f,-0.11419316641770977f,0f,0.9945946276372432f,-0.10383413058880733f,0.4375594861511339f,0.4270422530134436f,-0.09389010936905895f,-0.8993439617320328f,0.05091515465739842f,0f,0f,0f,1f],start_interpolation:0}
execute if entity @s[tag=aj.tultaria.bone.lower] run data modify entity @s {} merge value {transformation:[-0.9042316706138985f,0.01862732145555922f,-0.4266358034133906f,0f,0f,0.9990482215818578f,0.043619387365336f,0.5f,0.4270422530134436f,0.03944203150851255f,-0.9033710424248076f,0f,0f,0f,0f,1f],start_interpolation:0}