execute if entity @s[tag=aj.tultaria.bone.head] run data modify entity @s {} merge value {transformation:[-0.6730406856689831f,-0.21374648480022126f,0.7080456734348243f,0f,0.16138804955854447f,0.8918158606027737f,0.42263266347624256f,1.15625f,-0.7217826077801499f,0.3987190878461713f,-0.5657322300286624f,0f,0f,0f,0f,1f],start_interpolation:0}
execute if entity @s[tag=aj.tultaria.bone.bust] run data modify entity @s {} merge value {transformation:[-0.8802872780561609f,0f,0.47444104806864595f,0.20292311499375748f,0f,1f,0f,0f,-0.47444104806864595f,0f,-0.8802872780561609f,0.6773641630624034f,0f,0f,0f,1f],start_interpolation:0}
execute if entity @s[tag=aj.tultaria.bone.left_wing] run data modify entity @s {} merge value {transformation:[-0.4629408258623731f,0f,0.8863891875185888f,0.17647486318408345f,0f,1f,0f,1.0625f,-0.8863891875185888f,0f,-0.4629408258623731f,-0.1957009776780868f,0f,0f,0f,1f],start_interpolation:0}
execute if entity @s[tag=aj.tultaria.bone.right_wing] run data modify entity @s {} merge value {transformation:[-0.9949211301998457f,0f,-0.10065756147384897f,0.0664389534270633f,0f,1f,0f,1.0625f,0.10065756147384897f,0f,-0.9949211301998457f,-0.2550061086866675f,0f,0f,0f,1f],start_interpolation:0}
execute if entity @s[tag=aj.tultaria.bone.body] run data modify entity @s {} merge value {transformation:[-0.8802872780561609f,0f,0.47444104806864595f,0.20292311499375748f,0f,1f,0f,0f,-0.47444104806864595f,0f,-0.8802872780561609f,0.6773641630624034f,0f,0f,0f,1f],start_interpolation:0}
execute if entity @s[tag=aj.tultaria.bone.left_hand] run data modify entity @s {} merge value {transformation:[-0.10969147142198482f,0.9931072515227055f,0.041300945150173685f,0.14449485999908723f,-0.9672050523040813f,-0.09706919479822598f,-0.23471676169094402f,1.0159425930464947f,-0.22908986859907016f,-0.06569290977146469f,0.9711860139597455f,0.4687188917167085f,0f,0f,0f,1f],start_interpolation:0}
execute if entity @s[tag=aj.tultaria.bone.left_arm] run data modify entity @s {} merge value {transformation:[-0.10969147142198482f,0.4159534637180117f,0.9027460867366132f,0.1925628420747852f,-0.9672050523040813f,0.1646609922521286f,-0.19339375488366678f,1f,-0.22908986859907016f,-0.8943542215764027f,0.38425038510550324f,0.1037839792650163f,0f,0f,0f,1f],start_interpolation:0}
execute if entity @s[tag=aj.tultaria.bone.rod] run data modify entity @s {} merge value {transformation:[-0.000002516658297444119f,0.000002423816724927434f,-0.000009369714163082444f,-0.18253858709475362f,0.000009672050523040814f,9.733152796366985e-7f,-0.000002346080997359569f,1.0816831363071975f,3.433215601321953e-7f,-0.00000965286329802654f,-0.0000025892779796616303f,0.39919696711381614f,0f,0f,0f,1f],start_interpolation:0}
execute if entity @s[tag=aj.tultaria.bone.sword] run data modify entity @s {} merge value {transformation:[-0.000002516658297444119f,-0.000004911491179945676f,-0.00000833928566504479f,-0.22949354582916393f,0.000009672050523040814f,-9.706919479822598e-7f,-0.0000023471676169094402f,1.100905945987437f,3.433215601321953e-7f,-0.000008656501113697048f,0.000004994709078105565f,0.4236825457928491f,0f,0f,0f,1f],start_interpolation:0}
execute if entity @s[tag=aj.tultaria.bone.right_hand] run data modify entity @s {} merge value {transformation:[-0.2516658297444119f,-0.4911491179945675f,-0.8339285665044789f,-0.47096057715577627f,0.9672050523040813f,-0.09706919479822598f,-0.23471676169094402f,1.0159425930464947f,0.034332156013219525f,-0.8656501113697048f,0.4994709078105565f,0.13701203882649643f,0f,0f,0f,1f],start_interpolation:0}
execute if entity @s[tag=aj.tultaria.bone.right_arm] run data modify entity @s {} merge value {transformation:[-0.2516658297444119f,0.5183481486581444f,-0.8173001327062971f,-0.1925628420747852f,0.9672050523040813f,0.1646609922521286f,-0.19339375488366678f,1f,0.034332156013219525f,-0.8391674173925121f,-0.5427884934762944f,-0.1037839792650163f,0f,0f,0f,1f],start_interpolation:0}
execute if entity @s[tag=aj.tultaria.bone.skirt] run data modify entity @s {} merge value {transformation:[-0.8802872780561609f,-0.03854487390161031f,0.4728727109787413f,-0.02865427277657011f,0f,0.9966943478093031f,0.08124270456470563f,0.45044340290301693f,-0.47444104806864595f,0.07151691926318555f,-0.8773773544870118f,0.05316570286202564f,0f,0f,0f,1f],start_interpolation:0}
execute if entity @s[tag=aj.tultaria.bone.left_foot] run data modify entity @s {} merge value {transformation:[-0.8802872780561609f,-0.10801652868900762f,0.46198131739546794f,0.11100758954698778f,0f,0.9737380845862744f,0.22767112822282387f,-0.017446876550516577f,-0.47444104806864595f,0.20041599775524482f,-0.8571692480200714f,0.05750225716169331f,0f,0f,0f,1f],start_interpolation:0}
execute if entity @s[tag=aj.tultaria.bone.left_leg] run data modify entity @s {} merge value {transformation:[-0.8802872780561609f,-0.12965891699265425f,0.45638018508340966f,0.11132933649812776f,0f,0.9619323347784546f,0.27328772988861233f,0.4375594861511339f,-0.47444104806864595f,0.2405717118697939f,-0.8467767966563337f,0.05690528152268644f,0f,0f,0f,1f],start_interpolation:0}
execute if entity @s[tag=aj.tultaria.bone.right_foot] run data modify entity @s {} merge value {transformation:[-0.8802872780561609f,-0.26337873652693367f,0.3946212731695434f,-0.17223755635818178f,0f,0.8317603942069666f,0.5551348004121809f,0.0026797017569051285f,-0.47444104806864595f,0.4886781024090888f,-0.73218809341137f,0.0561050309073111f,0f,0f,0f,1f],start_interpolation:0}
execute if entity @s[tag=aj.tultaria.bone.right_leg] run data modify entity @s {} merge value {transformation:[-0.8802872780561609f,0.009604791550839473f,0.47434381631021627f,-0.10874248301591247f,0f,0.9997950604003901f,-0.020244436247535177f,0.4375594861511339f,-0.47444104806864595f,-0.01782091968012422f,-0.8801068723338544f,-0.06170498049447505f,0f,0f,0f,1f],start_interpolation:0}
execute if entity @s[tag=aj.tultaria.bone.lower] run data modify entity @s {} merge value {transformation:[-0.8802872780561609f,-0.020694827857722264f,0.47398948531841345f,0f,0f,0.9990482215818578f,0.043619387365336f,0.5f,-0.47444104806864595f,0.038397591774308924f,-0.8794494396231419f,0f,0f,0f,0f,1f],start_interpolation:0}