execute if entity @s[tag=aj.tultaria.bone.head] run data modify entity @s {} merge value {transformation:[-0.999780455240058f,-0.006311220745276994f,-0.019980235551335306f,0f,-0.009131467136037108f,0.9894810393027311f,0.144374129151765f,1.59375f,0.018858887239864716f,0.14452488143254583f,-0.989321434630314f,0f,0f,0f,0f,1f],start_interpolation:0}
execute if entity @s[tag=aj.tultaria.bone.left_wing] run data modify entity @s {} merge value {transformation:[-0.7973530823654673f,0f,-0.6035131001414039f,0.062499999999999944f,0f,1f,0f,1.5f,0.6035131001414039f,0f,-0.7973530823654673f,-0.21775000000000005f,0f,0f,0f,1f],start_interpolation:0}
execute if entity @s[tag=aj.tultaria.bone.right_wing] run data modify entity @s {} merge value {transformation:[-0.7973530823654678f,0f,0.6035131001414032f,-0.0625f,0f,1f,0f,1.5f,-0.6035131001414032f,0f,-0.7973530823654678f,-0.21774999999999994f,0f,0f,0f,1f],start_interpolation:0}
execute if entity @s[tag=aj.tultaria.bone.left_hand] run data modify entity @s {} merge value {transformation:[-0.257427409495391f,-0.9357420505884435f,0.2410766342908979f,0.5650147062998593f,-0.966239369913343f,0.24653238255044513f,-0.0748549556373326f,1.440891264305103f,0.010611732655807183f,-0.25220745253567756f,-0.9676150019586849f,-0.12582305034247573f,0f,0f,0f,1f],start_interpolation:0}
execute if entity @s[tag=aj.tultaria.bone.left_arm] run data modify entity @s {} merge value {transformation:[-0.257427409495391f,-0.9619833467904696f,-0.09120948052861394f,0.21875f,-0.966239369913343f,0.2572991859953797f,0.013364464657481104f,1.4375f,0.010611732655807183f,0.09157057051215932f,-0.9957420457860156f,-8.036744619404505e-17f,0f,0f,0f,1f],start_interpolation:0}
execute if entity @s[tag=aj.tultaria.bone.rod] run data modify entity @s {} merge value {transformation:[-0.00000257427409495391f,0.000008321364723052175f,0.0000049120262651977005f,-0.8857833959841633f,0.00000966239369913343f,0.000002272551662200719f,0.0000012139427274691978f,1.3577984903033529f,-1.0611732655806993e-7f,0.000005058695295090581f,-0.000008625447294165827f,0.08970661960323967f,0f,0f,0f,1f],start_interpolation:0}
execute if entity @s[tag=aj.tultaria.bone.sword] run data modify entity @s {} merge value {transformation:[-0.00000257427409495391f,0.000009357420505884433f,-0.000002410766342908986f,-0.9051284697632802f,0.00000966239369913343f,0.0000024653238255044516f,-7.485495563733261e-7f,1.3844846445676446f,-1.0611732655806993e-7f,-0.000002522074525356782f,-0.000009676150019586848f,0.04401804974093229f,0f,0f,0f,1f],start_interpolation:0}
execute if entity @s[tag=aj.tultaria.bone.right_hand] run data modify entity @s {} merge value {transformation:[-0.257427409495391f,0.9357420505884433f,-0.2410766342908986f,-0.5650147062998594f,0.966239369913343f,0.24653238255044513f,-0.0748549556373326f,1.440891264305103f,-0.010611732655806993f,-0.25220745253567817f,-0.9676150019586847f,-0.1258230503424753f,0f,0f,0f,1f],start_interpolation:0}
execute if entity @s[tag=aj.tultaria.bone.right_arm] run data modify entity @s {} merge value {transformation:[-0.257427409495391f,0.9619833467904696f,0.09120948052861322f,-0.21875f,0.966239369913343f,0.2572991859953797f,0.013364464657481104f,1.4375f,-0.010611732655806993f,0.09157057051215862f,-0.9957420457860156f,8.036744619404505e-17f,0f,0f,0f,1f],start_interpolation:0}
execute if entity @s[tag=aj.tultaria.bone.skirt] run data modify entity @s {} merge value {transformation:[-1f,-2.3303510627216096e-16f,-2.8402996265234034e-16f,2.2189077176545917e-17f,0f,0.7730935505924186f,-0.6342920163713299f,0.8879434029030169f,3.6739403974420594e-16f,-0.6342920163713299f,-0.7730935505924186f,0.060395855066115986f,0f,0f,0f,1f],start_interpolation:0}
execute if entity @s[tag=aj.tultaria.bone.left_foot] run data modify entity @s {} merge value {transformation:[-1f,-1.0200374955681128e-16f,-3.529498767756103e-16f,0.12500000000000014f,0f,0.9606848195505506f,-0.2776412748226136f,0.6200392237199188f,3.6739403974420594e-16f,-0.2776412748226136f,-0.9606848195505506f,0.374097242641322f,0f,0f,0f,1f],start_interpolation:0}
execute if entity @s[tag=aj.tultaria.bone.left_leg] run data modify entity @s {} merge value {transformation:[-1f,-2.3598882695543677e-16f,-2.8158063497294e-16f,0.125f,0f,0.7664267911613031f,-0.6423316696148403f,0.8750594861511339f,3.6739403974420594e-16f,-0.6423316696148403f,-0.7664267911613031f,-0.002726211710333546f,0f,0f,0f,1f],start_interpolation:0}
execute if entity @s[tag=aj.tultaria.bone.right_foot] run data modify entity @s {} merge value {transformation:[-1f,-2.1477719785817152e-16f,-2.980757214530546e-16f,-0.12499999999999983f,0f,0.8113243254043712f,-0.5845963043050665f,0.7679488590097701f,3.6739403974420594e-16f,-0.5845963043050665f,-0.8113243254043712f,0.43949382803615256f,0f,0f,0f,1f],start_interpolation:0}
execute if entity @s[tag=aj.tultaria.bone.right_leg] run data modify entity @s {} merge value {transformation:[-1f,-3.19571150490002e-16f,-1.8125302815143156e-16f,-0.125f,0f,0.4933477643720813f,-0.8698321581713734f,0.8750594861511339f,3.6739403974420594e-16f,-0.8698321581713734f,-0.4933477643720813f,-0.002726211710333454f,0f,0f,0f,1f],start_interpolation:0}