execute if entity @s[tag=aj.tultaria.bone.head] run data modify entity @s {} merge value {transformation:[-0.8186538275618453f,-0.11795256483811534f,0.5620436843043882f,0f,0.15751575902283435f,0.8950293939331632f,0.4172663054394579f,1.59375f,-0.5522632490740271f,0.43012739559779833f,-0.7141398513445769f,0f,0f,0f,0f,1f],start_interpolation:0}
execute if entity @s[tag=aj.tultaria.bone.bust] run data modify entity @s {} merge value {transformation:[-0.9677971003288656f,0f,0.2517315486684969f,0.35803277583018434f,0f,1f,0f,0.4375f,-0.2517315486684969f,0f,-0.9677971003288656f,0.6097643244986812f,0f,0f,0f,1f],start_interpolation:0}
execute if entity @s[tag=aj.tultaria.bone.left_wing] run data modify entity @s {} merge value {transformation:[-0.670877344279501f,0f,0.7415683305889511f,0.12567646648500336f,0f,1f,0f,1.5f,-0.7415683305889511f,0f,-0.670877344279501f,-0.234890382856346f,0f,0f,0f,1f],start_interpolation:0}
execute if entity @s[tag=aj.tultaria.bone.right_wing] run data modify entity @s {} merge value {transformation:[-0.947181258855268f,0f,-0.3206987104329384f,0.004701828943895203f,0f,1f,0f,1.5f,0.3206987104329384f,0f,-0.947181258855268f,-0.2663568264399081f,0f,0f,0f,1f],start_interpolation:0}
execute if entity @s[tag=aj.tultaria.bone.body] run data modify entity @s {} merge value {transformation:[-0.9677971003288656f,0f,0.2517315486684969f,0.35803277583018434f,0f,1f,0f,0.4375f,-0.2517315486684969f,0f,-0.9677971003288656f,0.6097643244986812f,0f,0f,0f,1f],start_interpolation:0}
execute if entity @s[tag=aj.tultaria.bone.left_hand] run data modify entity @s {} merge value {transformation:[-0.20284530957526892f,0.9342754277933493f,0.293228930027151f,0.2657380246200933f,-0.95504198587629f,-0.12263911668997454f,-0.26991563917449346f,1.4416841448939413f,-0.2162142122913891f,-0.3347970610370666f,0.9171490295061959f,0.41949072552988f,0f,0f,0f,1f],start_interpolation:0}
execute if entity @s[tag=aj.tultaria.bone.left_arm] run data modify entity @s {} merge value {transformation:[-0.20284530957526892f,0.16153493211896247f,0.9657951367079023f,0.21170561569693935f,-0.95504198587629f,0.1851430911069898f,-0.23155310628195297f,1.4375f,-0.2162142122913891f,-0.9693443668380558f,0.11671723472796613f,0.0550662762712337f,0f,0f,0f,1f],start_interpolation:0}
execute if entity @s[tag=aj.tultaria.bone.rod] run data modify entity @s {} merge value {transformation:[-0.000002824875951089606f,3.550316095659406e-7f,-0.000009586137304314219f,-0.10381094527432205f,0.000009550419858762901f,0.000001041402277583764f,-0.0000027757812985879496f,1.5214132685494934f,8.997535119702804e-7f,-0.000009939287391581572f,-6.332533183843418e-7f,0.43493693849073023f,0f,0f,0f,1f],start_interpolation:0}
execute if entity @s[tag=aj.tultaria.bone.sword] run data modify entity @s {} merge value {transformation:[-0.000002824875951089606f,-0.0000065273774346062635f,-0.000007029467951925565f,-0.14558931364612815f,0.000009550419858762901f,-0.0000012263911668997455f,-0.000002699156391744935f,1.5386060350218231f,8.997535119702804e-7f,-0.000007475915230387732f,0.000006580359799110829f,0.46859410477396934f,0f,0f,0f,1f],start_interpolation:0}
execute if entity @s[tag=aj.tultaria.bone.right_hand] run data modify entity @s {} merge value {transformation:[-0.28248759510896054f,-0.6527377434606263f,-0.7029467951925564f,-0.43645594847112645f,0.95504198587629f,-0.12263911668997454f,-0.26991563917449346f,1.4416841448939413f,0.08997535119702804f,-0.7475915230387732f,0.6580359799110829f,0.23684461484007566f,0f,0f,0f,1f],start_interpolation:0}
execute if entity @s[tag=aj.tultaria.bone.right_arm] run data modify entity @s {} merge value {transformation:[-0.28248759510896054f,0.331250773253226f,-0.9002631192205399f,-0.21170561569693935f,0.95504198587629f,0.1851430911069898f,-0.23155310628195297f,1.4375f,0.08997535119702804f,-0.925199957325166f,-0.36865902286867014f,-0.0550662762712337f,0f,0f,0f,1f],start_interpolation:0}
execute if entity @s[tag=aj.tultaria.bone.skirt] run data modify entity @s {} merge value {transformation:[-0.9677971003288656f,-0.02511849359174642f,0.2504752160887804f,-0.015203542128951461f,0f,0.9950092366794636f,0.09978285886138472f,0.8879434029030169f,-0.2517315486684969f,0.09656956146857257f,-0.9629670540588229f,0.058450933404869475f,0f,0f,0f,1f],start_interpolation:0}
execute if entity @s[tag=aj.tultaria.bone.left_foot] run data modify entity @s {} merge value {transformation:[-0.9677971003288656f,-0.06304745087371823f,0.24370841498267126f,0.12317827517284423f,0f,0.9681282154411595f,0.25045510269650334f,0.420092545876703f,-0.2517315486684969f,0.2423897221522442f,-0.9369516796505134f,0.02299442598604516f,0f,0f,0f,1f],start_interpolation:0}
execute if entity @s[tag=aj.tultaria.bone.left_leg] run data modify entity @s {} merge value {transformation:[-0.9677971003288656f,-0.0723564117397039f,0.24110852800179894f,0.12166091103694864f,0f,0.9578002013538346f,0.28743481745702615f,0.8750594861511339f,-0.2517315486684969f,0.2781785828684667f,-0.9269562575646447f,0.028828023795418753f,0f,0f,0f,1f],start_interpolation:0}
execute if entity @s[tag=aj.tultaria.bone.right_foot] run data modify entity @s {} merge value {transformation:[-0.9677971003288656f,-0.14492530579381518f,0.2058286382785665f,-0.15268769977262983f,0f,0.8176513407527655f,0.5757137178886786f,0.4386353334016074f,-0.2517315486684969f,0.5571740667922137f,-0.7913205966605357f,0.09045633420315573f,0f,0f,0f,1f],start_interpolation:0}
execute if entity @s[tag=aj.tultaria.bone.right_leg] run data modify entity @s {} merge value {transformation:[-0.9677971003288656f,0.0021349115156481697f,0.25172249551412795f,-0.12028836404526776f,0f,0.9999640364729141f,-0.00848090565898682f,0.8750594861511339f,-0.2517315486684969f,-0.008207795904930107f,-0.9677622949316342f,-0.03410486337170547f,0f,0f,0f,1f],start_interpolation:0}
execute if entity @s[tag=aj.tultaria.bone.lower] run data modify entity @s {} merge value {transformation:[-0.9677971003288656f,-0.010980375933447098f,0.2514919560133087f,0f,0f,0.9990482215818578f,0.043619387365336f,0.9375f,-0.2517315486684969f,0.04221471661029374f,-0.9668759719356319f,0f,0f,0f,0f,1f],start_interpolation:0}