execute if entity @s[tag=aj.tultaria.bone.head] run data modify entity @s {} merge value {transformation:[-0.4379362906997625f,0.3783950622907913f,-0.8154930914005839f,0f,0.1219495566227217f,0.9237249316757115f,0.36312608862518236f,1.59375f,0.8906964190607564f,0.05957707138363177f,-0.45067778027954164f,0f,0f,0f,0f,1f],start_interpolation:0}
execute if entity @s[tag=aj.tultaria.bone.bust] run data modify entity @s {} merge value {transformation:[-0.12048336919425574f,0f,-0.9927153457802496f,0.5565993574872526f,0f,1f,0f,0.4375f,0.9927153457802496f,0f,-0.12048336919425574f,-0.4361159882929969f,0f,0f,0f,1f],start_interpolation:0}
execute if entity @s[tag=aj.tultaria.bone.left_wing] run data modify entity @s {} merge value {transformation:[-0.4511890844418455f,0f,-0.8924283781237176f,-0.24064862587042146f,0f,1f,0f,1.5f,0.8924283781237176f,0f,-0.4511890844418455f,-0.09216555140982952f,0f,0f,0f,1f],start_interpolation:0}
execute if entity @s[tag=aj.tultaria.bone.right_wing] run data modify entity @s {} merge value {transformation:[0.22461092133070243f,0f,-0.9744485281527048f,-0.25570904701970343f,0f,1f,0f,1.5f,0.9744485281527048f,0f,0.22461092133070243f,0.03192386681270165f,0f,0f,0f,1f],start_interpolation:0}
execute if entity @s[tag=aj.tultaria.bone.body] run data modify entity @s {} merge value {transformation:[-0.12048336919425574f,0f,-0.9927153457802496f,0.5565993574872526f,0f,1f,0f,0.4375f,0.9927153457802496f,0f,-0.12048336919425574f,-0.4361159882929969f,0f,0f,0f,1f],start_interpolation:0}
execute if entity @s[tag=aj.tultaria.bone.left_hand] run data modify entity @s {} merge value {transformation:[-0.21617631211539245f,-0.7975812072884774f,0.5631447592408569f,0.3216852548800074f,-0.892816493081221f,-0.07195354861007444f,-0.4446362519234879f,1.3772243951307905f,0.3951537824219049f,-0.5989047542161207f,-0.6965390036566433f,-0.42902794016792056f,0f,0f,0f,1f],start_interpolation:0}
execute if entity @s[tag=aj.tultaria.bone.left_arm] run data modify entity @s {} merge value {transformation:[-0.21617631211539245f,-0.9020638206856696f,-0.3735621306960329f,0.026355737011243444f,-0.892816493081221f,0.33748965055771984f,-0.29829422630781494f,1.4375f,0.3951537824219049f,0.26903828570744315f,-0.8783347249547074f,-0.2171564818894296f,0f,0f,0f,1f],start_interpolation:0}
execute if entity @s[tag=aj.tultaria.bone.rod] run data modify entity @s {} merge value {transformation:[0.0000011537489546513315f,-0.000009177294873092561f,-0.000003800805462260585f,0.5063295192557946f,0.00000892816493081221f,0.0000026352646674384893f,-0.0000036528415104908793f,1.4597865073500045f,0.0000043539332008950175f,-0.0000029719755962758605f,0.000008497683610095445f,0.2456220837607791f,0f,0f,0f,1f],start_interpolation:0}
execute if entity @s[tag=aj.tultaria.bone.sword] run data modify entity @s {} merge value {transformation:[0.0000011537489546513315f,-0.000009176902754047616f,0.0000038017521213769564f,0.5277556978080344f,0.00000892816493081221f,-7.195354861007444e-7f,-0.000004446362519234879f,1.466844698449879f,0.0000043539332008950175f,0.000003907265607428678f,0.000008110273802723865f,0.2972450334638442f,0f,0f,0f,1f],start_interpolation:0}
execute if entity @s[tag=aj.tultaria.bone.right_hand] run data modify entity @s {} merge value {transformation:[0.11537489546513313f,-0.9176902754047614f,0.3801752121376956f,0.209717567496221f,0.892816493081221f,-0.07195354861007444f,-0.4446362519234879f,1.3772243951307905f,0.4353933200895017f,0.39072656074286777f,0.8110273802723864f,0.49352296657340283f,0f,0f,0f,1f],start_interpolation:0}
execute if entity @s[tag=aj.tultaria.bone.right_arm] run data modify entity @s {} merge value {transformation:[0.11537489546513313f,-0.8115176474557796f,-0.5728243547233706f,-0.026355737011243444f,0.892816493081221f,0.33748965055771984f,-0.29829422630781494f,1.4375f,0.4353933200895017f,-0.4770113663575162f,0.7634741732286533f,0.2171564818894296f,0f,0f,0f,1f],start_interpolation:0}
execute if entity @s[tag=aj.tultaria.bone.skirt] run data modify entity @s {} merge value {transformation:[-0.12048336919425574f,0.043301635211102175f,-0.9917705007387774f,0.059955892145653174f,0f,0.9990482215818578f,0.043619387365336f,0.8879434029030169f,0.9927153457802496f,0.005255410751965031f,-0.12036869572371159f,0.007276696103733614f,0f,0f,0f,1f],start_interpolation:0}
execute if entity @s[tag=aj.tultaria.bone.left_foot] run data modify entity @s {} merge value {transformation:[-0.12048336919425574f,0.24687826732891008f,-0.9615273677167363f,0.05144987577951421f,0f,0.9685831611286313f,0.2486898871648548f,0.42176018850818564f,0.9927153457802496f,0.029962995490160998f,-0.11669816259760017f,-0.1196729214738626f,0f,0f,0f,1f],start_interpolation:0}
execute if entity @s[tag=aj.tultaria.bone.left_leg] run data modify entity @s {} merge value {transformation:[-0.12048336919425574f,0.18907884986766624f,-0.9745424291842408f,0.012354068948588082f,0f,0.981693728546399f,0.1904663312311899f,0.8750594861511339f,0.9927153457802496f,0.022948025304802853f,-0.11827776793214126f,-0.12441788139452901f,0f,0f,0f,1f],start_interpolation:0}
execute if entity @s[tag=aj.tultaria.bone.right_foot] run data modify entity @s {} merge value {transformation:[-0.12048336919425574f,0.4849106273426411f,-0.866224821416338f,0.16035775572543298f,0f,0.8725812742780831f,0.48846895477526187f,0.4569260846670251f,0.9927153457802496f,0.058852385418120094f,-0.10513153182084042f,0.14537948194282954f,0f,0f,0f,1f],start_interpolation:0}
execute if entity @s[tag=aj.tultaria.bone.right_leg] run data modify entity @s {} merge value {transformation:[-0.12048336919425574f,-0.12579526492218074f,-0.9847128053756379f,-0.017766773349975853f,0f,0.9919387360751215f,-0.1267183643900546f,0.8750594861511339f,0.9927153457802496f,-0.015267455480499178f,-0.11951212095662227f,0.12376095505053337f,0f,0f,0f,1f],start_interpolation:0}
execute if entity @s[tag=aj.tultaria.bone.lower] run data modify entity @s {} merge value {transformation:[-0.12048336919425574f,0.043301635211102175f,-0.9917705007387774f,0f,0f,0.9990482215818578f,0.043619387365336f,0.9375f,0.9927153457802496f,0.005255410751965031f,-0.12036869572371159f,0f,0f,0f,0f,1f],start_interpolation:0}