execute if entity @s[tag=aj.tultaria.bone.head] run data modify entity @s {} merge value {transformation:[-0.9996888614727486f,-0.0059633889493059715f,-0.024220203127945143f,0f,-0.010869924404091567f,0.978104196300194f,0.20783172501666108f,1.15625f,0.02245050090240667f,0.2080303323368758f,-0.9778646919881299f,0f,0f,0f,0f,1f],start_interpolation:0}
execute if entity @s[tag=aj.tultaria.bone.left_wing] run data modify entity @s {} merge value {transformation:[-0.8234081992716271f,0f,-0.5674495020460026f,0.0625f,0f,1f,0f,1.0625f,0.5674495020460026f,0f,-0.8234081992716271f,-0.18750000000000006f,0f,0f,0f,1f],start_interpolation:0}
execute if entity @s[tag=aj.tultaria.bone.right_wing] run data modify entity @s {} merge value {transformation:[-0.8234081992716273f,0f,0.5674495020460024f,-0.0625f,0f,1f,0f,1.0625f,-0.5674495020460024f,0f,-0.8234081992716273f,-0.18749999999999994f,0f,0f,0f,1f],start_interpolation:0}
execute if entity @s[tag=aj.tultaria.bone.left_hand] run data modify entity @s {} merge value {transformation:[-0.2578198011781442f,-0.9254397190411165f,0.27765135789612405f,0.568117935638437f,-0.9661627947356674f,0.24466445797614286f,-0.08166245815431564f,1.0028797529036841f,0.007642263344541558f,-0.2893106106321363f,-0.9572047672189232f,-0.11694417501932577f,0f,0f,0f,1f],start_interpolation:0}
execute if entity @s[tag=aj.tultaria.bone.left_arm] run data modify entity @s {} merge value {transformation:[-0.2578198011781442f,-0.9639546908213811f,-0.06572902071321345f,0.21875f,-0.9661627947356674f,0.2577525628758256f,0.009647300114991236f,1f,0.007642263344541558f,0.0659921993450698f,-0.9977908725963438f,-2.678914873134835e-17f,0f,0f,0f,1f],start_interpolation:0}
execute if entity @s[tag=aj.tultaria.bone.rod] run data modify entity @s {} merge value {transformation:[-0.000002578198011781442f,0.000008507138588873494f,0.000004580555429393443f,-0.8804514105418403f,0.000009661627947356674f,0.00000230747975279541f,0.0000011525981942098247f,0.9213383884319201f,-7.642263344541496e-8f,0.000004722724872373867f,-0.000008814194765317959f,0.11119789987009099f,0f,0f,0f,1f],start_interpolation:0}
execute if entity @s[tag=aj.tultaria.bone.sword] run data modify entity @s {} merge value {transformation:[-0.000002578198011781442f,0.000009254397190411166f,-0.0000027765135789612434f,-0.9015231867300382f,0.000009661627947356674f,0.000002446644579761429f,-8.166245815431564e-7f,0.9477030480414261f,-7.642263344541496e-8f,-0.0000028931061063213654f,-0.000009572047672189232f,0.06609010567718702f,0f,0f,0f,1f],start_interpolation:0}
execute if entity @s[tag=aj.tultaria.bone.right_hand] run data modify entity @s {} merge value {transformation:[-0.2578198011781442f,0.9254397190411165f,-0.27765135789612433f,-0.5681179356384372f,0.9661627947356674f,0.24466445797614286f,-0.08166245815431564f,1.0028797529036841f,-0.007642263344541496f,-0.28931061063213653f,-0.9572047672189231f,-0.11694417501932562f,0f,0f,0f,1f],start_interpolation:0}
execute if entity @s[tag=aj.tultaria.bone.right_arm] run data modify entity @s {} merge value {transformation:[-0.2578198011781442f,0.9639546908213811f,0.0657290207132132f,-0.21875f,0.9661627947356674f,0.2577525628758256f,0.009647300114991236f,1f,-0.007642263344541496f,0.06599219934506954f,-0.9977908725963438f,2.678914873134835e-17f,0f,0f,0f,1f],start_interpolation:0}
execute if entity @s[tag=aj.tultaria.bone.skirt] run data modify entity @s {} merge value {transformation:[-1f,-5.775414849831056e-17f,-1.0799100035583369e-16f,7.39635905884864e-18f,0f,0.8818134374010631f,-0.4715984113829494f,0.45044340290301693f,1.2246467991473532e-16f,-0.4715984113829494f,-0.8818134374010631f,0.060395855066115986f,0f,0f,0f,1f],start_interpolation:0}
execute if entity @s[tag=aj.tultaria.bone.left_foot] run data modify entity @s {} merge value {transformation:[-1f,-1.013598631078485e-17f,-1.2204449847545837e-16f,0.12500000000000003f,0f,0.9965689581716988f,-0.08276660926106949f,0.1146769555123538f,1.2246467991473532e-16f,-0.08276660926106949f,-0.9965689581716988f,0.317864058585409f,0f,0f,0f,1f],start_interpolation:0}
execute if entity @s[tag=aj.tultaria.bone.left_leg] run data modify entity @s {} merge value {transformation:[-1f,-5.909237202093593e-17f,-1.0726457661109696e-16f,0.125f,0f,0.875881737377493f,-0.48252583571098484f,0.4375594861511339f,1.2246467991473532e-16f,-0.48252583571098484f,-0.875881737377493f,-0.002726211710333515f,0f,0f,0f,1f],start_interpolation:0}
execute if entity @s[tag=aj.tultaria.bone.right_foot] run data modify entity @s {} merge value {transformation:[-1f,-4.110359172887452e-17f,-1.1536070636748277e-16f,-0.12499999999999994f,0f,0.9419916538205251f,-0.3356362974001355f,0.2521286734956771f,1.2246467991473532e-16f,-0.3356362974001355f,-0.9419916538205251f,0.412781506290111f,0f,0f,0f,1f],start_interpolation:0}
execute if entity @s[tag=aj.tultaria.bone.right_leg] run data modify entity @s {} merge value {transformation:[-1f,-9.381967926726832e-17f,-7.871128006077326e-17f,-0.125f,0f,0.6427263772344411f,-0.76609581907689f,0.4375594861511339f,1.2246467991473532e-16f,-0.76609581907689f,-0.6427263772344411f,-0.002726211710333485f,0f,0f,0f,1f],start_interpolation:0}