execute if entity @s[tag=aj.tultaria.bone.head] run data modify entity @s {} merge value {transformation:[-0.9997893243086273f,-0.004056181924958807f,-0.02012099368048597f,0f,-0.008945179967347679f,0.9683959762062027f,0.249257330931284f,1.59375f,0.018474056237066095f,0.24938480438035415f,-0.9682282419916919f,0f,0f,0f,0f,1f],start_interpolation:0}
execute if entity @s[tag=aj.tultaria.bone.left_wing] run data modify entity @s {} merge value {transformation:[-0.8484685727175734f,0f,-0.5292457662661119f,0.0625f,0f,1f,0f,1.5f,0.5292457662661119f,0f,-0.8484685727175734f,-0.172f,0f,0f,0f,1f],start_interpolation:0}
execute if entity @s[tag=aj.tultaria.bone.right_wing] run data modify entity @s {} merge value {transformation:[-0.8484685727175738f,0f,0.5292457662661112f,-0.0625f,0f,1f,0f,1.5f,-0.5292457662661112f,0f,-0.8484685727175738f,-0.17199999999999988f,0f,0f,0f,1f],start_interpolation:0}
execute if entity @s[tag=aj.tultaria.bone.left_hand] run data modify entity @s {} merge value {transformation:[-0.2583584403324988f,-0.9088486594245135f,0.3274828706531429f,0.5720319376255745f,-0.9660426511261284f,0.24181796158976337f,-0.09102565384424878f,1.4396808852895786f,0.0035373032326781683f,-0.33987966652160323f,-0.9404622798236003f,-0.10454331057926847f,0f,0f,0f,1f],start_interpolation:0}
execute if entity @s[tag=aj.tultaria.bone.left_arm] run data modify entity @s {} merge value {transformation:[-0.2583584403324988f,-0.9655694571468729f,-0.030439115198238265f,0.21875f,-0.9660426511261284f,0.25834380055970296f,0.00448072734828772f,1.4375f,0.0035373032326781683f,0.03056311727329851f,-0.9995265796107569f,-8.036744619404505e-17f,0f,0f,0f,1f],start_interpolation:0}
execute if entity @s[tag=aj.tultaria.bone.sword] run data modify entity @s {} merge value {transformation:[-0.000002583584403324988f,0.000009088486594245134f,-0.0000032748287065314362f,-0.8953392869003808f,0.000009660426511261285f,0.000002418179615897634f,-9.102565384424879e-7f,1.3862993617476909f,-3.5373032326779784e-8f,-0.000003398796665216039f,-0.000009404622798236002f,0.09627463925153099f,0f,0f,0f,1f],start_interpolation:0}
execute if entity @s[tag=aj.tultaria.bone.right_hand] run data modify entity @s {} merge value {transformation:[-0.2583584403324988f,0.9088486594245132f,-0.3274828706531436f,-0.5720319376255746f,0.9660426511261284f,0.24181796158976337f,-0.09102565384424878f,1.4396808852895786f,-0.0035373032326779783f,-0.3398796665216039f,-0.9404622798236001f,-0.10454331057926805f,0f,0f,0f,1f],start_interpolation:0}
execute if entity @s[tag=aj.tultaria.bone.right_arm] run data modify entity @s {} merge value {transformation:[-0.2583584403324988f,0.9655694571468729f,0.03043911519823753f,-0.21875f,0.9660426511261284f,0.25834380055970296f,0.00448072734828772f,1.4375f,-0.0035373032326779783f,0.030563117273297802f,-0.9995265796107569f,8.036744619404505e-17f,0f,0f,0f,1f],start_interpolation:0}
execute if entity @s[tag=aj.tultaria.bone.skirt] run data modify entity @s {} merge value {transformation:[-1f,-1.31570249561982e-16f,-3.4302718532175397e-16f,2.2189077176545917e-17f,0f,0.9336765113570784f,-0.35811753955939607f,0.8879434029030169f,3.6739403974420594e-16f,-0.35811753955939607f,-0.9336765113570784f,0.060395855066115986f,0f,0f,0f,1f],start_interpolation:0}
execute if entity @s[tag=aj.tultaria.bone.left_foot] run data modify entity @s {} merge value {transformation:[-1f,1.4411758910226155e-17f,-3.6711126602799963e-16f,0.1250000000000001f,0f,0.9992303257929737f,0.039226980710574844f,0.514156736468986f,3.6739403974420594e-16f,0.039226980710574844f,-0.9992303257929737f,0.27436665227548773f,0f,0f,0f,1f],start_interpolation:0}
execute if entity @s[tag=aj.tultaria.bone.left_leg] run data modify entity @s {} merge value {transformation:[-1f,-1.3507285387691054e-16f,-3.416631449031545e-16f,0.125f,0f,0.9299637662631481f,-0.3676511844638349f,0.8750594861511339f,3.6739403974420594e-16f,-0.3676511844638349f,-0.9299637662631481f,-0.002726211710333546f,0f,0f,0f,1f],start_interpolation:0}
execute if entity @s[tag=aj.tultaria.bone.right_foot] run data modify entity @s {} merge value {transformation:[-1f,-5.883653623891785e-17f,-3.6265223347302534e-16f,-0.12499999999999986f,0f,0.9870934044698112f,-0.1601455926717869f,0.6407451185607509f,3.6739403974420594e-16f,-0.1601455926717869f,-0.9870934044698112f,0.38730971886622106f,0f,0f,0f,1f],start_interpolation:0}
execute if entity @s[tag=aj.tultaria.bone.right_leg] run data modify entity @s {} merge value {transformation:[-1f,-2.50839767275803e-16f,-2.6843582397397732e-16f,-0.125f,0f,0.7306482820485406f,-0.6827540464468272f,0.8750594861511339f,3.6739403974420594e-16f,-0.6827540464468272f,-0.7306482820485406f,-0.002726211710333454f,0f,0f,0f,1f],start_interpolation:0}