execute if entity @s[tag=aj.tultaria.bone.head] run data modify entity @s {} merge value {transformation:[-0.7308631748046654f,-0.17748027265872546f,0.6590445907003786f,0f,0.15505317969302893f,0.8971774092697281f,0.41355919499285726f,1.59375f,-0.6646785171656493f,0.40444214556972585f,-0.6281950490933771f,0f,0f,0f,0f,1f],start_interpolation:0}
execute if entity @s[tag=aj.tultaria.bone.bust] run data modify entity @s {} merge value {transformation:[-0.9209185603079146f,0f,0.3897550580562078f,0.2655817511258534f,0f,1f,0f,0.4375f,-0.3897550580562078f,0f,-0.9209185603079146f,0.6553368091820613f,0f,0f,0f,1f],start_interpolation:0}
execute if entity @s[tag=aj.tultaria.bone.left_wing] run data modify entity @s {} merge value {transformation:[-0.5701507795749977f,0f,0.8215400711773119f,0.15811421499774625f,0f,1f,0f,1.5f,-0.8215400711773119f,0f,-0.5701507795749977f,-0.2132372974309289f,0f,0f,0f,1f],start_interpolation:0}
execute if entity @s[tag=aj.tultaria.bone.right_wing] run data modify entity @s {} merge value {transformation:[-0.9866838414928033f,0f,-0.1626499214171494f,0.042999394959256976f,0f,1f,0f,1.5f,0.1626499214171494f,0f,-0.9866838414928033f,-0.2619566796879549f,0f,0f,0f,1f],start_interpolation:0}
execute if entity @s[tag=aj.tultaria.bone.body] run data modify entity @s {} merge value {transformation:[-0.9209185603079146f,0f,0.3897550580562078f,0.2655817511258534f,0f,1f,0f,0.4375f,-0.3897550580562078f,0f,-0.9209185603079146f,0.6553368091820613f,0f,0f,0f,1f],start_interpolation:0}
execute if entity @s[tag=aj.tultaria.bone.left_hand] run data modify entity @s {} merge value {transformation:[-0.17822586665421647f,0.9661161740310593f,0.18669514918963903f,0.2110148753173993f,-0.9524445970897045f,-0.12172257620130578f,-0.2793437021261589f,1.4385680604219766f,-0.24715345421414664f,-0.22760305955435986f,0.9418662417517208f,0.45356528299178256f,0f,0f,0f,1f],start_interpolation:0}
execute if entity @s[tag=aj.tultaria.bone.left_arm] run data modify entity @s {} merge value {transformation:[-0.17822586665421647f,0.27819676979335833f,0.9438443185885557f,0.20145093506735634f,-0.9524445970897045f,0.19215407899967085f,-0.23648699625649428f,1.4375f,-0.24715345421414664f,-0.9411075215937497f,0.23072018305663344f,0.08525891894979545f,0f,0f,0f,1f],start_interpolation:0}
execute if entity @s[tag=aj.tultaria.bone.rod] run data modify entity @s {} merge value {transformation:[-0.000003015005353448299f,0.0000020994183527445257f,-0.00000930065510052048f,-0.18078855830062007f,0.000009524445970897046f,0.000001114549669997224f,-0.0000028359668511060152f,1.5191319892632362f,4.4121612180560604e-7f,-0.000009713404223714187f,-0.000002335616989275057f,0.4185705975747143f,0f,0f,0f,1f],start_interpolation:0}
execute if entity @s[tag=aj.tultaria.bone.sword] run data modify entity @s {} merge value {transformation:[-0.000003015005353448299f,-0.000005092043337282138f,-0.000008061069244828427f,-0.22799671211527925f,0.000009524445970897046f,-0.0000012172257620130579f,-0.000002793437021261589f,1.5358016468851257f,4.4121612180560604e-7f,-0.000008519944606365254f,0.000005216883383623453f,0.4444035388160918f,0f,0f,0f,1f],start_interpolation:0}
execute if entity @s[tag=aj.tultaria.bone.right_hand] run data modify entity @s {} merge value {transformation:[-0.3015005353448299f,-0.5092043337282137f,-0.8061069244828427f,-0.47250354900905556f,0.9524445970897045f,-0.12172257620130578f,-0.2793437021261589f,1.4385680604219766f,0.0441216121805606f,-0.8519944606365253f,0.5216883383623453f,0.1642837171313105f,0f,0f,0f,1f],start_interpolation:0}
execute if entity @s[tag=aj.tultaria.bone.right_arm] run data modify entity @s {} merge value {transformation:[-0.3015005353448299f,0.4819128845515302f,-0.8227134366776838f,-0.20145093506735634f,0.9524445970897045f,0.19215407899967085f,-0.23648699625649428f,1.4375f,0.0441216121805606f,-0.8548899236901861f,-0.5169298808461127f,-0.08525891894979545f,0f,0f,0f,1f],start_interpolation:0}
execute if entity @s[tag=aj.tultaria.bone.skirt] run data modify entity @s {} merge value {transformation:[-0.9209185603079146f,-0.036543742503886326f,0.38803809112535276f,-0.02353958999764835f,0f,0.9955947539477283f,0.09376079090836643f,0.8879434029030169f,-0.3897550580562078f,0.08634605257666422f,-0.9168616874556544f,0.05561966389605301f,0f,0f,0f,1f],start_interpolation:0}
execute if entity @s[tag=aj.tultaria.bone.left_foot] run data modify entity @s {} merge value {transformation:[-0.9209185603079146f,-0.09679635959322638f,0.3775439975021411f,0.11690351668321403f,0f,0.968669911264357f,0.24835177271584527f,0.42005643235730317f,-0.3897550580562078f,0.22871175697939464f,-0.8920661000951671f,0.04449302545975275f,0f,0f,0f,1f],start_interpolation:0}
execute if entity @s[tag=aj.tultaria.bone.left_leg] run data modify entity @s {} merge value {transformation:[-0.9209185603079146f,-0.10860753997988341f,0.3743172551992707f,0.11617737484192388f,0f,0.9603910134382123f,0.27865588331690305f,0.8750594861511339f,-0.3897550580562078f,0.2566193748855326f,-0.8844419094281776f,0.04620876329365107f,0f,0f,0f,1f],start_interpolation:0}
execute if entity @s[tag=aj.tultaria.bone.right_foot] run data modify entity @s {} merge value {transformation:[-0.9209185603079146f,-0.22109594220038303f,0.32097599539984734f,-0.16597698779786652f,0f,0.8235325976284273f,0.5672689491267565f,0.43999326194895605f,-0.3897550580562078f,0.5224085039371963f,-0.7584064541746083f,0.07145844055483433f,0f,0f,0f,1f],start_interpolation:0}
execute if entity @s[tag=aj.tultaria.bone.right_leg] run data modify entity @s {} merge value {transformation:[-0.9209185603079146f,0.00734627471554785f,0.3896858189980765f,-0.11405226523505478f,0f,0.999822352380809f,-0.01884843971540818f,0.8750594861511339f,-0.3897550580562078f,-0.01735787796676421f,-0.920754961318207f,-0.05123000122040088f,0f,0f,0f,1f],start_interpolation:0}
execute if entity @s[tag=aj.tultaria.bone.lower] run data modify entity @s {} merge value {transformation:[-0.9209185603079146f,-0.01700087685495275f,0.38938409760358816f,0f,0f,0.9990482215818578f,0.043619387365336f,0.9375f,-0.3897550580562078f,0.040169903413998474f,-0.920042049897347f,0f,0f,0f,0f,1f],start_interpolation:0}