execute if entity @s[tag=aj.tultaria.bone.head] run data modify entity @s {} merge value {transformation:[-0.9149296595763539f,-0.035816292882489185f,0.4020210332702171f,0f,0.1045702150194745f,0.941008959891417f,0.3218185941409451f,1.15625f,-0.3898317433948628f,0.33648080267413366f,-0.8572116898838307f,0f,0f,0f,0f,1f],start_interpolation:0}
execute if entity @s[tag=aj.tultaria.bone.bust] run data modify entity @s {} merge value {transformation:[-0.9838873494715865f,0f,0.17878949507668604f,0.4025489271974502f,0f,1f,0f,0f,-0.17878949507668604f,0f,-0.9838873494715865f,0.5813384222741362f,0f,0f,0f,1f],start_interpolation:0}
execute if entity @s[tag=aj.tultaria.bone.left_wing] run data modify entity @s {} merge value {transformation:[-0.9465492217048563f,0f,0.3225594067608799f,0.10555060194907445f,0f,1f,0f,1.0625f,-0.3225594067608799f,0f,-0.9465492217048563f,-0.23127702200327582f,0f,0f,0f,1f],start_interpolation:0}
execute if entity @s[tag=aj.tultaria.bone.right_wing] run data modify entity @s {} merge value {transformation:[-0.9995170622327816f,0f,0.0310747856879183f,-0.017435316734873918f,0f,1f,0f,1.0625f,-0.0310747856879183f,0f,-0.9995170622327816f,-0.2536257088878616f,0f,0f,0f,1f],start_interpolation:0}
execute if entity @s[tag=aj.tultaria.bone.body] run data modify entity @s {} merge value {transformation:[-0.9838873494715865f,0f,0.17878949507668604f,0.4025489271974502f,0f,1f,0f,0f,-0.17878949507668604f,0f,-0.9838873494715865f,0.5813384222741362f,0f,0f,0f,1f],start_interpolation:0}
execute if entity @s[tag=aj.tultaria.bone.left_hand] run data modify entity @s {} merge value {transformation:[-0.24771643119961725f,0.3904092295018467f,0.8866888987877877f,0.46208829986211863f,-0.9567140150829985f,0.045729996103953965f,-0.2874144408343124f,0.9904305508260431f,-0.15275753028081282f,-0.9195049760474964f,0.3621819100485278f,0.3124402240508115f,0f,0f,0f,1f],start_interpolation:0}
execute if entity @s[tag=aj.tultaria.bone.left_arm] run data modify entity @s {} merge value {transformation:[-0.24771643119961725f,-0.41136083433791504f,0.8771652259902576f,0.21522535769690954f,-0.9567140150829985f,0.24661680647044326f,-0.15452651588024635f,1f,-0.15275753028081282f,-0.8774750222878908f,-0.4546457106400238f,0.039110202048025074f,0f,0f,0f,1f],start_interpolation:0}
execute if entity @s[tag=aj.tultaria.bone.rod] run data modify entity @s {} merge value {transformation:[-0.0000028562234508480117f,0.000006473362024551739f,-0.00000706665208552942f,-0.40705835854245054f,0.000009567140150829986f,0.000002355686904736223f,-0.000001708967097761418f,1.0092086073913493f,5.584057066351414e-7f,-0.000007248884280076879f,-0.00000686599299161102f,0.5007876593977155f,0f,0f,0f,1f],start_interpolation:0}
execute if entity @s[tag=aj.tultaria.bone.sword] run data modify entity @s {} merge value {transformation:[-0.0000028562234508480117f,-4.1951942532789944e-7f,-0.000009574235794599924f,-0.46086328711353786f,0.000009567140150829986f,4.5729996103953967e-7f,-0.000002874144408343124f,1.0256333684485848f,5.584057066351414e-7f,-0.000009980725434426388f,2.707450265314643e-7f,0.5038017945428166f,0f,0f,0f,1f],start_interpolation:0}
execute if entity @s[tag=aj.tultaria.bone.right_hand] run data modify entity @s {} merge value {transformation:[-0.28562234508480117f,-0.04195194253278994f,-0.9574235794599923f,-0.5424682844247459f,0.9567140150829985f,0.045729996103953965f,-0.2874144408343124f,0.9904305508260431f,0.05584057066351414f,-0.9980725434426387f,0.027074502653146426f,0.12989476843836928f,0f,0f,0f,1f],start_interpolation:0}
execute if entity @s[tag=aj.tultaria.bone.right_arm] run data modify entity @s {} merge value {transformation:[-0.28562234508480117f,0.6937729940873857f,-0.6611345616917053f,-0.21522535769690954f,0.9567140150829985f,0.24661680647044326f,-0.15452651588024635f,1f,0.05584057066351414f,-0.6766529268697093f,-0.7341816173309087f,-0.039110202048025074f,0f,0f,0f,1f],start_interpolation:0}
execute if entity @s[tag=aj.tultaria.bone.skirt] run data modify entity @s {} merge value {transformation:[-0.9838873494715865f,0.038697129290586385f,0.17455147015835754f,-0.010798144431995588f,0f,0.9762960071199333f,-0.21643961393810354f,0.45044340290301693f,-0.17878949507668604f,-0.2129521980782141f,-0.9605652907449242f,0.05942271776007095f,0f,0f,0f,1f],start_interpolation:0}
execute if entity @s[tag=aj.tultaria.bone.left_foot] run data modify entity @s {} merge value {transformation:[-0.9838873494715865f,-0.003755839413196297f,0.17875004117504034f,0.09377939712185468f,0f,0.9997793276297986f,0.021007047486684527f,0.013946920693960196f,-0.17878949507668604f,0.020668568271897808f,-0.9836702327181674f,0.18307360573223783f,0f,0f,0f,1f],start_interpolation:0}
execute if entity @s[tag=aj.tultaria.bone.left_leg] run data modify entity @s {} merge value {transformation:[-0.9838873494715865f,0.017021169409309825f,0.17797742368546612f,0.123473336699111f,0f,0.9954579468392614f,-0.09520229028002535f,0.4375594861511339f,-0.17878949507668604f,-0.09366832904723874f,-0.9794184808261085f,0.019666401670807326f,0f,0f,0f,1f],start_interpolation:0}
execute if entity @s[tag=aj.tultaria.bone.right_foot] run data modify entity @s {} merge value {transformation:[-0.9838873494715865f,-0.02133004073101156f,0.1775125711384682f,-0.17430563165298651f,0f,0.9928579476234319f,0.1193025391221263f,0.08675060746426388f,-0.17878949507668604f,0.11738025900209914f,-0.9768603744890176f,0.2600662074977285f,0f,0f,0f,1f],start_interpolation:0}
execute if entity @s[tag=aj.tultaria.bone.right_leg] run data modify entity @s {} merge value {transformation:[-0.9838873494715865f,0.07160997201863192f,0.1638221458083952f,-0.12249850066878563f,0f,0.9162850744565776f,-0.4005267311030613f,0.4375594861511339f,-0.17878949507668604f,-0.39407318385750983f,-0.9015212932674574f,-0.025030972098364183f,0f,0f,0f,1f],start_interpolation:0}
execute if entity @s[tag=aj.tultaria.bone.lower] run data modify entity @s {} merge value {transformation:[-0.9838873494715865f,-0.007798688242602802f,0.1786193270938815f,0f,0f,0.9990482215818578f,0.043619387365336f,0.5f,-0.17878949507668604f,0.04291656342045485f,-0.9829509067264763f,0f,0f,0f,0f,1f],start_interpolation:0}