execute if entity @s[tag=aj.tultaria.bone.head] run data modify entity @s {} merge value {transformation:[-0.9999735658799184f,-0.0047388204947121605f,0.005514627976520031f,0f,-0.003976222659713676f,0.991387053977069f,0.13090415906314148f,1.59375f,-0.006087462095233196f,0.1308787713381615f,-0.9913796901380684f,0f,0f,0f,0f,1f],start_interpolation:0}
execute if entity @s[tag=aj.tultaria.bone.bust] run data modify entity @s {} merge value {transformation:[-0.9998977743085031f,0f,0.014298284264268653f,0.49279974502211726f,0f,1f,0f,0.4375f,-0.014298284264268653f,0f,-0.9998977743085031f,0.5070980292863859f,0f,0f,0f,1f],start_interpolation:0}
execute if entity @s[tag=aj.tultaria.bone.left_wing] run data modify entity @s {} merge value {transformation:[-0.8153391283957667f,0f,-0.5789836834547513f,0.06579651455932756f,0f,1f,0f,1.5f,0.5789836834547513f,0f,-0.8153391283957667f,-0.23008274309874743f,0f,0f,0f,1f],start_interpolation:0}
execute if entity @s[tag=aj.tultaria.bone.right_wing] run data modify entity @s {} merge value {transformation:[-0.7984504969761801f,0f,0.6020604653010286f,-0.059190707229235306f,0f,1f,0f,1.5f,-0.6020604653010286f,0f,-0.7984504969761801f,-0.23187002863178097f,0f,0f,0f,1f],start_interpolation:0}
execute if entity @s[tag=aj.tultaria.bone.body] run data modify entity @s {} merge value {transformation:[-0.9998977743085031f,0f,0.014298284264268653f,0.49279974502211726f,0f,1f,0f,0.4375f,-0.014298284264268653f,0f,-0.9998977743085031f,0.5070980292863859f,0f,0f,0f,1f],start_interpolation:0}
execute if entity @s[tag=aj.tultaria.bone.left_hand] run data modify entity @s {} merge value {transformation:[-0.25817893660626123f,-0.9115922365332291f,0.3199112861172696f,0.5719321633312732f,-0.9660958026151075f,0.24306684063824366f,-0.08704832652965673f,1.4399770980080946f,0.0015927530666026506f,-0.33153899510387635f,-0.9434401718514963f,-0.1016702219711833f,0f,0f,0f,1f],start_interpolation:0}
execute if entity @s[tag=aj.tultaria.bone.left_arm] run data modify entity @s {} merge value {transformation:[-0.25817893660626123f,-0.9655939825809507f,-0.031175270589340984f,0.21872763812998505f,-0.9660958026151075f,0.25809732977875577f,0.006683451993338613f,1.4375f,0.0015927530666026506f,0.03184382459025169f,-0.9994915877450566f,0.003127749682808768f,0f,0f,0f,1f],start_interpolation:0}
execute if entity @s[tag=aj.tultaria.bone.rod] run data modify entity @s {} merge value {transformation:[-0.0000025802782930483372f,0.00000858076552452031f,0.000004439890420227428f,-0.877452956831674f,0.000009660958026151076f,0.000002334266732769531f,0.0000011032174931683087f,1.3597080735849605f,-8.974378736526752e-8f,0.000004574020314066084f,-0.000008892147334538501f,0.11554458821214608f,0f,0f,0f,1f],start_interpolation:0}
execute if entity @s[tag=aj.tultaria.bone.sword] run data modify entity @s {} merge value {transformation:[-0.0000025802782930483372f,0.000009206994114028057f,-0.0000029280408662920485f,-0.899241518058194f,0.000009660958026151076f,0.000002430668406382437f,-8.704832652965673e-7f,1.3858181771106048f,-8.974378736526752e-8f,-0.0000030533768982009083f,-0.000009522018460923208f,0.07062967734105212f,0f,0f,0f,1f],start_interpolation:0}
execute if entity @s[tag=aj.tultaria.bone.right_hand] run data modify entity @s {} merge value {transformation:[-0.2580278293048337f,0.9206994114028056f,-0.2928040866292048f,-0.5687911883842725f,0.9660958026151075f,0.24306684063824366f,-0.08704832652965673f,1.4399770980080946f,-0.008974378736526751f,-0.3053376898200908f,-0.9522018460923206f,-0.11798227623192802f,0f,0f,0f,1f],start_interpolation:0}
execute if entity @s[tag=aj.tultaria.bone.right_arm] run data modify entity @s {} merge value {transformation:[-0.2580278293048337f,0.964288637688818f,0.05974163145143485f,-0.21872763812998505f,0.9660958026151075f,0.25809732977875577f,0.006683451993338613f,1.4375f,-0.008974378736526751f,0.05944065599671414f,-0.9981914991327935f,-0.003127749682808768f,0f,0f,0f,1f],start_interpolation:0}
execute if entity @s[tag=aj.tultaria.bone.skirt] run data modify entity @s {} merge value {transformation:[-0.9998977743085031f,0.009590479612298928f,0.010604887255785006f,-0.0008635571041188965f,0f,0.7416894964304612f,-0.6707433867618293f,0.8879434029030169f,-0.014298284264268653f,-0.6706748195553007f,-0.7416136767088126f,0.060389681058068315f,0f,0f,0f,1f],start_interpolation:0}
execute if entity @s[tag=aj.tultaria.bone.left_foot] run data modify entity @s {} merge value {transformation:[-0.9998977743085031f,0.00472550589541913f,0.013494833342216258f,0.11948916732904556f,0f,0.943807878819404f,-0.3304946109672856f,0.6361716757573861f,-0.014298284264268653f,-0.3304608259271436f,-0.9437113974063513f,0.38627344593456675f,0f,0f,0f,1f],start_interpolation:0}
execute if entity @s[tag=aj.tultaria.bone.left_leg] run data modify entity @s {} merge value {transformation:[-0.9998977743085031f,0.009638602453149202f,0.010561168290107812f,0.12502620193856182f,0f,0.7386318592434284f,-0.6741090242020175f,0.8750594861511339f,-0.014298284264268653f,-0.6740401129408742f,-0.7385563520908557f,-0.0009386474884226625f,0f,0f,0f,1f],start_interpolation:0}
execute if entity @s[tag=aj.tultaria.bone.right_foot] run data modify entity @s {} merge value {transformation:[-0.9998977743085031f,0.009111728765758827f,0.011018953298797294f,-0.1313230343961809f,0f,0.7706486383358322f,-0.6372602892312746f,0.7842019364587063f,-0.014298284264268653f,-0.6371951448575446f,-0.7705698582458771f,0.44128440109055217f,0f,0f,0f,1f],start_interpolation:0}
execute if entity @s[tag=aj.tultaria.bone.right_leg] run data modify entity @s {} merge value {transformation:[-0.9998977743085031f,0.012686893632363465f,0.006594214347663264f,-0.12494824163856397f,0f,0.4611892046475936f,-0.8873018187271569f,0.8750594861511339f,-0.014298284264268653f,-0.887211113685171f,-0.4611420592622376f,-0.004513218554489826f,0f,0f,0f,1f],start_interpolation:0}
execute if entity @s[tag=aj.tultaria.bone.lower] run data modify entity @s {} merge value {transformation:[-0.9998977743085031f,-0.0006236823999828227f,0.01428467546588946f,0f,0f,0.9990482215818578f,0.043619387365336f,0.9375f,-0.014298284264268653f,0.04361492834329991f,-0.9989460931865679f,0f,0f,0f,0f,1f],start_interpolation:0}