execute if entity @s[tag=aj.tultaria.bone.head] run data modify entity @s {} merge value {transformation:[-0.7792822727175677f,-0.1460745263544298f,0.6094106761277419f,0f,0.15614376501617133f,0.8965244998758473f,0.41456356058985283f,1.59375f,-0.6069087773913945f,0.4182177110939838f,-0.6758370232922964f,0f,0f,0f,0f,1f],start_interpolation:0}
execute if entity @s[tag=aj.tultaria.bone.bust] run data modify entity @s {} merge value {transformation:[-0.941003328472736f,0f,0.33839730466307233f,0.3013030119048319f,0f,1f,0f,0.4375f,-0.33839730466307233f,0f,-0.941003328472736f,0.6397003165679042f,0f,0f,0f,1f],start_interpolation:0}
execute if entity @s[tag=aj.tultaria.bone.left_wing] run data modify entity @s {} merge value {transformation:[-0.6227978954699036f,0f,0.7823827588835652f,0.1440888288046403f,0f,1f,0f,1.5f,-0.7823827588835652f,0f,-0.6227978954699036f,-0.21598300723368757f,0f,0f,0f,1f],start_interpolation:0}
execute if entity @s[tag=aj.tultaria.bone.right_wing] run data modify entity @s {} merge value {transformation:[-0.9784342762693232f,0f,-0.20655838647057084f,0.026463412745548254f,0f,1f,0f,1.5f,0.20655838647057084f,0f,-0.9784342762693232f,-0.2582826703165716f,0f,0f,0f,1f],start_interpolation:0}
execute if entity @s[tag=aj.tultaria.bone.body] run data modify entity @s {} merge value {transformation:[-0.941003328472736f,0f,0.33839730466307233f,0.3013030119048319f,0f,1f,0f,0.4375f,-0.33839730466307233f,0f,-0.941003328472736f,0.6397003165679042f,0f,0f,0f,1f],start_interpolation:0}
execute if entity @s[tag=aj.tultaria.bone.left_hand] run data modify entity @s {} merge value {transformation:[-0.15082713155293895f,0.9541909768233177f,0.2584003795207651f,0.23207876078748207f,-0.9661929302870453f,-0.08700033653020915f,-0.24269767800076553f,1.4509563767991795f,-0.20909901446646112f,-0.28627001448386696f,0.9350545871533714f,0.4412748369917916f,0f,0f,0f,1f],start_interpolation:0}
execute if entity @s[tag=aj.tultaria.bone.left_arm] run data modify entity @s {} merge value {transformation:[-0.15082713155293895f,0.22720652848645434f,0.9620958215274852f,0.205844478103411f,-0.9661929302870453f,0.17197514272379588f,-0.19208272110854463f,1.4375f,-0.20909901446646112f,-0.9585414668642481f,0.193586824063237f,0.07402441039504708f,0f,0f,0f,1f],start_interpolation:0}
execute if entity @s[tag=aj.tultaria.bone.rod] run data modify entity @s {} merge value {transformation:[-0.000002494519253974768f,0.0000017068374127468697f,-0.000009532265194485349f,-0.15311618445749553f,0.000009661929302870455f,0.000001100946459665479f,-0.000002331317018185931f,1.5139187127481035f,6.515334510847903e-7f,-0.000009791558759431395f,-0.0000019237674554685442f,0.4335159824886246f,0f,0f,0f,1f],start_interpolation:0}
execute if entity @s[tag=aj.tultaria.bone.sword] run data modify entity @s {} merge value {transformation:[-0.000002494519253974768f,-0.000005533413050152882f,-0.000007947245668025308f,-0.19816427119503532f,0.000009661929302870455f,-8.700033653020916e-7f,-0.0000024269767800076553f,1.532735788163288f,6.515334510847903e-7f,-0.000008283986610368275f,0.000005563368583992682f,0.46163031476073024f,0f,0f,0f,1f],start_interpolation:0}
execute if entity @s[tag=aj.tultaria.bone.right_hand] run data modify entity @s {} merge value {transformation:[-0.24945192539747676f,-0.5533413050152881f,-0.7947245668025307f,-0.45995974468854495f,0.9661929302870453f,-0.08700033653020915f,-0.24269767800076553f,1.4509563767991795f,0.06515334510847902f,-0.8283986610368275f,0.5563368583992682f,0.19240859189972281f,0f,0f,0f,1f],start_interpolation:0}
execute if entity @s[tag=aj.tultaria.bone.right_arm] run data modify entity @s {} merge value {transformation:[-0.24945192539747676f,0.4352920045828355f,-0.8650402347068885f,-0.205844478103411f,0.9661929302870453f,0.17197514272379588f,-0.19208272110854463f,1.4375f,0.06515334510847902f,-0.883711163803755f,-0.46347558791136834f,-0.07402441039504708f,0f,0f,0f,1f],start_interpolation:0}
execute if entity @s[tag=aj.tultaria.bone.skirt] run data modify entity @s {} merge value {transformation:[-0.941003328472736f,-0.019007784440093878f,0.33786304908040937f,-0.02043779456719521f,0f,0.9984212179727765f,0.05617002315966763f,0.8879434029030169f,-0.33839730466307233f,0.052856178753637906f,-0.9395176893301859f,0.056832700643172106f,0f,0f,0f,1f],start_interpolation:0}
execute if entity @s[tag=aj.tultaria.bone.left_foot] run data modify entity @s {} merge value {transformation:[-0.941003328472736f,-0.07162719241178152f,0.33072992170415705f,0.11337474389822232f,0f,0.977342068470228f,0.21166596608414961f,0.42030950494140396f,-0.33839730466307233f,0.1991783786095821f,-0.9196821394869134f,0.05411978279573844f,0f,0f,0f,1f],start_interpolation:0}
execute if entity @s[tag=aj.tultaria.bone.left_leg] run data modify entity @s {} merge value {transformation:[-0.941003328472736f,-0.08198032660673167f,0.3283168619682605f,0.11854795875380977f,0f,0.9702112204916983f,0.24226057795689587f,0.8750594861511339f,-0.33839730466307233f,0.22796801021516777f,-0.9129719878042838f,0.039734288789338865f,0f,0f,0f,1f],start_interpolation:0}
execute if entity @s[tag=aj.tultaria.bone.right_foot] run data modify entity @s {} merge value {transformation:[-0.941003328472736f,-0.1765098600009398f,0.28871613243059496f,-0.1669977441959853f,0f,0.8531868559593203f,0.5216053956951078f,0.44501139880688895f,-0.33839730466307233f,0.49083241349843504f,-0.8028516712669093f,0.0949931713193358f,0f,0f,0f,1f],start_interpolation:0}
execute if entity @s[tag=aj.tultaria.bone.right_leg] run data modify entity @s {} merge value {transformation:[-0.941003328472736f,0.018418073526241037f,0.3378957093110449f,-0.11670287336437424f,0f,0.9985177324254197f,-0.054427364735009115f,0.8750594861511339f,-0.33839730466307233f,-0.051216331375643194f,-0.9396085097513689f,-0.04486503737642922f,0f,0f,0f,1f],start_interpolation:0}
execute if entity @s[tag=aj.tultaria.bone.lower] run data modify entity @s {} merge value {transformation:[-0.941003328472736f,-0.014760683115484174f,0.3380752254117365f,0f,0f,0.9990482215818578f,0.043619387365336f,0.9375f,-0.33839730466307233f,0.04104598869672278f,-0.9401077018132957f,0f,0f,0f,0f,1f],start_interpolation:0}