execute if entity @s[tag=aj.tultaria.bone.head] run data modify entity @s {} merge value {transformation:[-0.9734737635171504f,-0.03441129111072231f,0.2261961422921447f,0f,0.008884369425003803f,0.9821944484958767f,0.18765695650255224f,1.59375f,-0.22862611338968936f,0.18468873378734788f,-0.9558348036603141f,0f,0f,0f,0f,1f],start_interpolation:0}
execute if entity @s[tag=aj.tultaria.bone.bust] run data modify entity @s {} merge value {transformation:[-0.9804776233729444f,0f,-0.19663069461541993f,0.5885541589941822f,0f,1f,0f,0.4375f,0.19663069461541993f,0f,-0.9804776233729444f,0.39192346437876224f,0f,0f,0f,1f],start_interpolation:0}
execute if entity @s[tag=aj.tultaria.bone.left_wing] run data modify entity @s {} merge value {transformation:[-0.8603864393258535f,0f,-0.5096422029465177f,0.012122177806954126f,0f,1f,0f,1.5f,0.5096422029465177f,0f,-0.8603864393258535f,-0.25740882425669986f,0f,0f,0f,1f],start_interpolation:0}
execute if entity @s[tag=aj.tultaria.bone.right_wing] run data modify entity @s {} merge value {transformation:[-0.9903649885650428f,0f,0.13848172956950827f,-0.11043752511466398f,0f,1f,0f,1.5f,-0.13848172956950827f,0f,-0.9903649885650428f,-0.23282998742977234f,0f,0f,0f,1f],start_interpolation:0}
execute if entity @s[tag=aj.tultaria.bone.body] run data modify entity @s {} merge value {transformation:[-0.9804776233729444f,0f,-0.19663069461541993f,0.5885541589941822f,0f,1f,0f,0.4375f,0.19663069461541993f,0f,-0.9804776233729444f,0.39192346437876224f,0f,0f,0f,1f],start_interpolation:0}
execute if entity @s[tag=aj.tultaria.bone.left_hand] run data modify entity @s {} merge value {transformation:[-0.9479497685628941f,-0.22681577405513276f,0.2234856615564551f,0.41205383320910416f,-0.3113196586825209f,0.8075730335922437f,-0.5009050464233908f,1.1717104987614568f,-0.06686782783487241f,-0.5444083027052321f,-0.8361508796540575f,-0.20445181828954812f,0f,0f,0f,1f],start_interpolation:0}
execute if entity @s[tag=aj.tultaria.bone.left_arm] run data modify entity @s {} merge value {transformation:[-0.9479497685628941f,-0.31832705280740203f,-0.007689195829794021f,0.21447948011283158f,-0.3113196586825209f,0.9214707169313391f,0.23231829018792874f,1.4375f,-0.06686782783487241f,0.22261986723784888f,-0.9726094222819602f,-0.04301296444712311f,0f,0f,0f,1f],start_interpolation:0}
execute if entity @s[tag=aj.tultaria.bone.rod] run data modify entity @s {} merge value {transformation:[-0.000008488642462076793f,0.0000037333267120876677f,-0.0000037423549820720553f,-0.39270847417651533f,0.000003113196586825209f,0.000009252337234130092f,0.0000021684701329992517f,0.9314837419672892f,0.000004272113781584795f,6.756680891847725e-7f,-0.000009016236269666554f,0.2770670958500449f,0f,0f,0f,1f],start_interpolation:0}
execute if entity @s[tag=aj.tultaria.bone.sword] run data modify entity @s {} merge value {transformation:[-0.000008488642462076793f,-6.383950928343652e-9f,-0.000005286105219932478f,-0.4440141000889388f,0.000003113196586825209f,0.000008075730335922438f,-0.000005009050464233909f,0.9177325572500217f,0.000004272113781584795f,-0.000005897672319367414f,-0.000006853211294755231f,0.25829302347333216f,0f,0f,0f,1f],start_interpolation:0}
execute if entity @s[tag=aj.tultaria.bone.right_hand] run data modify entity @s {} merge value {transformation:[-0.8488642462076792f,-0.0006383950928343651f,-0.5286105219932478f,-0.45902418758548424f,0.3113196586825209f,0.8075730335922437f,-0.5009050464233908f,1.1717104987614568f,0.4272113781584794f,-0.5897672319367413f,-0.685321129475523f,-0.029760757310673493f,0f,0f,0f,1f],start_interpolation:0}
execute if entity @s[tag=aj.tultaria.bone.right_arm] run data modify entity @s {} merge value {transformation:[-0.8488642462076792f,0.37955035115841806f,-0.3679280125864163f,-0.21447948011283158f,0.3113196586825209f,0.9214707169313391f,0.23231829018792874f,1.4375f,0.4272113781584794f,0.08266346698249162f,-0.9003650313058406f,0.04301296444712311f,0f,0f,0f,1f],start_interpolation:0}
execute if entity @s[tag=aj.tultaria.bone.skirt] run data modify entity @s {} merge value {transformation:[-0.9804776233729444f,0.00857691043634509f,-0.19644354576394066f,0.011875678933542615f,0f,0.9990482215818578f,0.043619387365336f,0.8879434029030169f,0.19663069461541993f,0.04276783325694848f,-0.9795444259315467f,0.05921678443680221f,0f,0f,0f,1f],start_interpolation:0}
execute if entity @s[tag=aj.tultaria.bone.left_foot] run data modify entity @s {} merge value {transformation:[-0.9804776233729444f,0.08060345088312874f,-0.17935081201565153f,0.14185343344526447f,0f,0.912120116172273f,0.40992303384157275f,0.43136932804396116f,0.19663069461541993f,0.40192036198681225f,-0.8943133637352442f,0.07162725697150926f,0f,0f,0f,1f],start_interpolation:0}
execute if entity @s[tag=aj.tultaria.bone.left_leg] run data modify entity @s {} merge value {transformation:[-0.9804776233729444f,0.010770625202672279f,-0.19633548761669678f,0.12202364601934648f,0f,0.998498672858271f,0.05477590985343362f,0.8750594861511339f,0.19663069461541993f,0.05370655391118524f,-0.9790056057051166f,-0.027251826405486772f,0f,0f,0f,1f],start_interpolation:0}
execute if entity @s[tag=aj.tultaria.bone.right_foot] run data modify entity @s {} merge value {transformation:[-0.9804776233729444f,0.0840937219751989f,-0.17774103631210345f,-0.07179752372106012f,0f,0.9039333185479418f,0.4276734216886819f,0.5022731707044465f,0.19663069461541993f,0.41932422007709397f,-0.8862863918575047f,0.27769893548263075f,0f,0f,0f,1f],start_interpolation:0}
execute if entity @s[tag=aj.tultaria.bone.right_leg] run data modify entity @s {} merge value {transformation:[-0.9804776233729444f,-0.06414647197614978f,-0.1858732369061118f,-0.12309575982388962f,0f,0.9452910557512494f,-0.32622817155587347f,0.8750594861511339f,0.19663069461541993f,-0.319859422324404f,-0.9268367277386865f,0.02190584724836821f,0f,0f,0f,1f],start_interpolation:0}
execute if entity @s[tag=aj.tultaria.bone.lower] run data modify entity @s {} merge value {transformation:[-0.9804776233729444f,0.00857691043634509f,-0.19644354576394066f,0f,0f,0.9990482215818578f,0.043619387365336f,0.9375f,0.19663069461541993f,0.04276783325694848f,-0.9795444259315467f,0f,0f,0f,0f,1f],start_interpolation:0}