execute if entity @s[tag=aj.tultaria.bone.head] run data modify entity @s {} merge value {transformation:[-1f,4.6865204053262974e-17f,-1.1314261122877003e-16f,0f,0f,0.9238795325112867f,0.3826834323650897f,1.59375f,1.2246467991473532e-16f,0.3826834323650897f,-0.9238795325112867f,0f,0f,0f,0f,1f],start_interpolation:0}
execute if entity @s[tag=aj.tultaria.bone.left_wing] run data modify entity @s {} merge value {transformation:[-0.9238795325112867f,0f,-0.38268343236508984f,0.06250000000000006f,0f,1f,0f,1.5f,0.38268343236508984f,0f,-0.9238795325112867f,-0.12500000000000006f,0f,0f,0f,1f],start_interpolation:0}
execute if entity @s[tag=aj.tultaria.bone.right_wing] run data modify entity @s {} merge value {transformation:[-0.9238795325112867f,0f,0.3826834323650896f,-0.0625f,0f,1f,0f,1.5f,-0.3826834323650896f,0f,-0.9238795325112867f,-0.12499999999999994f,0f,0f,0f,1f],start_interpolation:0}
execute if entity @s[tag=aj.tultaria.bone.skirt] run data modify entity @s {} merge value {transformation:[-1f,5.341834311772723e-18f,-1.223481206754078e-16f,7.39635905884864e-18f,0f,0.9990482215818578f,0.043619387365336f,0.8879434029030169f,1.2246467991473532e-16f,0.043619387365336f,-0.9990482215818578f,0.060395855066115986f,0f,0f,0f,1f],start_interpolation:0}
execute if entity @s[tag=aj.tultaria.bone.left_foot] run data modify entity @s {} merge value {transformation:[-1f,5.175581015019659e-17f,-1.1099069304367546e-16f,0.125f,0f,0.90630778703665f,0.42261826174069944f,0.43252346578840417f,1.2246467991473532e-16f,0.42261826174069944f,-0.90630778703665f,0.1030713340150642f,0f,0f,0f,1f],start_interpolation:0}
execute if entity @s[tag=aj.tultaria.bone.left_leg] run data modify entity @s {} merge value {transformation:[-1f,5.341834311772723e-18f,-1.223481206754078e-16f,0.125f,0f,0.9990482215818578f,0.043619387365336f,0.8750594861511339f,1.2246467991473532e-16f,0.043619387365336f,-0.9990482215818578f,-0.002726211710333515f,0f,0f,0f,1f],start_interpolation:0}
execute if entity @s[tag=aj.tultaria.bone.right_foot] run data modify entity @s {} merge value {transformation:[-1f,5.1755810150196606e-17f,-1.1099069304367545e-16f,-0.12499999999999997f,0f,0.9063077870366499f,0.42261826174069955f,0.5066964824730076f,1.2246467991473532e-16f,0.42261826174069955f,-0.9063077870366499f,0.2643691785928851f,0f,0f,0f,1f],start_interpolation:0}
execute if entity @s[tag=aj.tultaria.bone.right_leg] run data modify entity @s {} merge value {transformation:[-1f,-4.188538737676992e-17f,-1.1507915602278505e-16f,-0.125f,0f,0.9396926207859084f,-0.3420201433256687f,0.8750594861511339f,1.2246467991473532e-16f,-0.3420201433256687f,-0.9396926207859084f,-0.002726211710333485f,0f,0f,0f,1f],start_interpolation:0}