execute if entity @s[tag=aj.tultaria.bone.head] run data modify entity @s {} merge value {transformation:[-0.999780455240058f,-0.0063112207452770295f,-0.019980235551335063f,0f,-0.009131467136037108f,0.9894810393027311f,0.144374129151765f,1.59375f,0.01885888723986447f,0.14452488143254583f,-0.989321434630314f,0f,0f,0f,0f,1f],start_interpolation:0}
execute if entity @s[tag=aj.tultaria.bone.left_wing] run data modify entity @s {} merge value {transformation:[-0.7973530823654674f,0f,-0.6035131001414037f,0.0625f,0f,1f,0f,1.5f,0.6035131001414037f,0f,-0.7973530823654674f,-0.21775000000000005f,0f,0f,0f,1f],start_interpolation:0}
execute if entity @s[tag=aj.tultaria.bone.right_wing] run data modify entity @s {} merge value {transformation:[-0.7973530823654676f,0f,0.6035131001414035f,-0.0625f,0f,1f,0f,1.5f,-0.6035131001414035f,0f,-0.7973530823654676f,-0.21774999999999994f,0f,0f,0f,1f],start_interpolation:0}
execute if entity @s[tag=aj.tultaria.bone.left_hand] run data modify entity @s {} merge value {transformation:[-0.257427409495391f,-0.9357420505884434f,0.24107663429089812f,0.5650147062998594f,-0.966239369913343f,0.24653238255044513f,-0.0748549556373326f,1.440891264305103f,0.01061173265580712f,-0.2522074525356778f,-0.9676150019586849f,-0.12582305034247557f,0f,0f,0f,1f],start_interpolation:0}
execute if entity @s[tag=aj.tultaria.bone.left_arm] run data modify entity @s {} merge value {transformation:[-0.257427409495391f,-0.9619833467904696f,-0.0912094805286137f,0.21875f,-0.966239369913343f,0.2572991859953797f,0.013364464657481104f,1.4375f,0.01061173265580712f,0.09157057051215908f,-0.9957420457860156f,-2.678914873134835e-17f,0f,0f,0f,1f],start_interpolation:0}
execute if entity @s[tag=aj.tultaria.bone.rod] run data modify entity @s {} merge value {transformation:[-0.00000257427409495391f,0.000008321364723052175f,0.000004912026265197702f,-0.8857833959841633f,0.00000966239369913343f,0.000002272551662200719f,0.0000012139427274691978f,1.3577984903033529f,-1.0611732655807057e-7f,0.000005058695295090584f,-0.000008625447294165827f,0.08970661960323933f,0f,0f,0f,1f],start_interpolation:0}
execute if entity @s[tag=aj.tultaria.bone.sword] run data modify entity @s {} merge value {transformation:[-0.00000257427409495391f,0.000009357420505884435f,-0.000002410766342908984f,-0.9051284697632802f,0.00000966239369913343f,0.0000024653238255044516f,-7.485495563733261e-7f,1.3844846445676446f,-1.0611732655807057e-7f,-0.0000025220745253567798f,-0.000009676150019586848f,0.04401804974093207f,0f,0f,0f,1f],start_interpolation:0}
execute if entity @s[tag=aj.tultaria.bone.right_hand] run data modify entity @s {} merge value {transformation:[-0.257427409495391f,0.9357420505884434f,-0.24107663429089837f,-0.5650147062998594f,0.966239369913343f,0.24653238255044513f,-0.0748549556373326f,1.440891264305103f,-0.010611732655807057f,-0.25220745253567795f,-0.9676150019586848f,-0.12582305034247546f,0f,0f,0f,1f],start_interpolation:0}
execute if entity @s[tag=aj.tultaria.bone.right_arm] run data modify entity @s {} merge value {transformation:[-0.257427409495391f,0.9619833467904696f,0.09120948052861345f,-0.21875f,0.966239369913343f,0.2572991859953797f,0.013364464657481104f,1.4375f,-0.010611732655807057f,0.09157057051215886f,-0.9957420457860156f,2.678914873134835e-17f,0f,0f,0f,1f],start_interpolation:0}
execute if entity @s[tag=aj.tultaria.bone.skirt] run data modify entity @s {} merge value {transformation:[-1f,-7.767836875738699e-17f,-9.467665421744679e-17f,7.39635905884864e-18f,0f,0.7730935505924186f,-0.6342920163713299f,0.8879434029030169f,1.2246467991473532e-16f,-0.6342920163713299f,-0.7730935505924186f,0.060395855066115986f,0f,0f,0f,1f],start_interpolation:0}
execute if entity @s[tag=aj.tultaria.bone.left_foot] run data modify entity @s {} merge value {transformation:[-1f,-3.4001249852270426e-17f,-1.1764995892520345e-16f,0.12500000000000006f,0f,0.9606848195505506f,-0.2776412748226136f,0.6200392237199188f,1.2246467991473532e-16f,-0.2776412748226136f,-0.9606848195505506f,0.37409724264132205f,0f,0f,0f,1f],start_interpolation:0}
execute if entity @s[tag=aj.tultaria.bone.left_leg] run data modify entity @s {} merge value {transformation:[-1f,-7.866294231847893e-17f,-9.386021165764668e-17f,0.125f,0f,0.7664267911613031f,-0.6423316696148403f,0.8750594861511339f,1.2246467991473532e-16f,-0.6423316696148403f,-0.7664267911613031f,-0.002726211710333515f,0f,0f,0f,1f],start_interpolation:0}
execute if entity @s[tag=aj.tultaria.bone.right_foot] run data modify entity @s {} merge value {transformation:[-1f,-7.15923992860572e-17f,-9.935857381768489e-17f,-0.12499999999999994f,0f,0.8113243254043712f,-0.5845963043050665f,0.7679488590097701f,1.2246467991473532e-16f,-0.5845963043050665f,-0.8113243254043712f,0.4394938280361525f,0f,0f,0f,1f],start_interpolation:0}
execute if entity @s[tag=aj.tultaria.bone.right_leg] run data modify entity @s {} merge value {transformation:[-1f,-1.0652371683000069e-16f,-6.04176760504772e-17f,-0.125f,0f,0.4933477643720813f,-0.8698321581713734f,0.8750594861511339f,1.2246467991473532e-16f,-0.8698321581713734f,-0.4933477643720813f,-0.002726211710333485f,0f,0f,0f,1f],start_interpolation:0}