execute if entity @s[tag=aj.tultaria.bone.head] run data modify entity @s {} merge value {transformation:[-0.9998714109202781f,-0.004965119880659054f,-0.01524825264950498f,0f,-0.006988922962918297f,0.9907275189883231f,0.13568396395691082f,1.15625f,0.01443317636942211f,0.1357730853439391f,-0.9906348230887487f,0f,0f,0f,0f,1f],start_interpolation:0}
execute if entity @s[tag=aj.tultaria.bone.bust] run data modify entity @s {} merge value {transformation:[-1f,0f,-1.2246467991473532e-16f,0.5000000000000001f,0f,1f,0f,0f,1.2246467991473532e-16f,0f,-1f,0.49999999999999994f,0f,0f,0f,1f],start_interpolation:0}
execute if entity @s[tag=aj.tultaria.bone.left_wing] run data modify entity @s {} merge value {transformation:[-0.7998119791535079f,0f,-0.6002506126632013f,0.0625f,0f,1f,0f,1.0625f,0.6002506126632013f,0f,-0.7998119791535079f,-0.22460937500000006f,0f,0f,0f,1f],start_interpolation:0}
execute if entity @s[tag=aj.tultaria.bone.right_wing] run data modify entity @s {} merge value {transformation:[-0.7998119791535081f,0f,0.6002506126632011f,-0.0625f,0f,1f,0f,1.0625f,-0.6002506126632011f,0f,-0.7998119791535081f,-0.22460937499999994f,0f,0f,0f,1f],start_interpolation:0}
execute if entity @s[tag=aj.tultaria.bone.body] run data modify entity @s {} merge value {transformation:[-1f,0f,-1.2246467991473532e-16f,0.5000000000000001f,0f,1f,0f,0f,1.2246467991473532e-16f,0f,-1f,0.49999999999999994f,0f,0f,0f,1f],start_interpolation:0}
execute if entity @s[tag=aj.tultaria.bone.left_hand] run data modify entity @s {} merge value {transformation:[-0.2576758060025792f,-0.9293943655914179f,0.2642523267784923f,0.5670034275938283f,-0.9661919563074125f,0.24536980759573537f,-0.07916287695180758f,1.0030672331598425f,0.008733989224652652f,-0.27571683069293706f,-0.9611992232127875f,-0.12021784289319724f,0f,0f,0f,1f],start_interpolation:0}
execute if entity @s[tag=aj.tultaria.bone.left_arm] run data modify entity @s {} merge value {transformation:[-0.2576758060025792f,-0.9633082337161732f,-0.07510276862771369f,0.21875f,-0.9661919563074125f,0.2575883455561305f,0.011015797770053695f,1f,0.008733989224652652f,0.07540219551367365f,-0.9971149514193143f,-2.678914873134835e-17f,0f,0f,0f,1f],start_interpolation:0}
execute if entity @s[tag=aj.tultaria.bone.rod] run data modify entity @s {} merge value {transformation:[-0.0000025767580600257925f,0.000008440356705156564f,0.000004703264460968654f,-0.8824947738432983f,0.000009661919563074125f,0.0000022947926196024234f,0.0000011752604773852353f,0.9209489149304176f,-8.73398922465259e-8f,0.000004847092481347648f,-0.000008746317294752432f,0.1033258715182529f,0f,0f,0f,1f],start_interpolation:0}
execute if entity @s[tag=aj.tultaria.bone.sword] run data modify entity @s {} merge value {transformation:[-0.0000025767580600257925f,0.00000929394365591418f,-0.0000026425232677849254f,-0.9029339705986208f,0.000009661919563074125f,0.000002453698075957354f,-7.916287695180759e-7f,0.9474316537079083f,-8.73398922465259e-8f,-0.000002757168306929373f,-0.000009611992232127875f,0.057996720766883f,0f,0f,0f,1f],start_interpolation:0}
execute if entity @s[tag=aj.tultaria.bone.right_hand] run data modify entity @s {} merge value {transformation:[-0.2576758060025792f,0.9293943655914179f,-0.26425232677849253f,-0.5670034275938283f,0.9661919563074125f,0.24536980759573537f,-0.07916287695180758f,1.0030672331598425f,-0.00873398922465259f,-0.2757168306929373f,-0.9611992232127874f,-0.12021784289319709f,0f,0f,0f,1f],start_interpolation:0}
execute if entity @s[tag=aj.tultaria.bone.right_arm] run data modify entity @s {} merge value {transformation:[-0.2576758060025792f,0.9633082337161732f,0.07510276862771344f,-0.21875f,0.9661919563074125f,0.2575883455561305f,0.011015797770053695f,1f,-0.00873398922465259f,0.0754021955136734f,-0.9971149514193143f,2.678914873134835e-17f,0f,0f,0f,1f],start_interpolation:0}
execute if entity @s[tag=aj.tultaria.bone.skirt] run data modify entity @s {} merge value {transformation:[-1f,-8.0429228583013e-17f,-9.235116142290808e-17f,7.39635905884864e-18f,0f,0.7541044608715473f,-0.6567544914910237f,0.45044340290301693f,1.2246467991473532e-16f,-0.6567544914910237f,-0.7541044608715473f,0.060395855066115986f,0f,0f,0f,1f],start_interpolation:0}
execute if entity @s[tag=aj.tultaria.bone.left_foot] run data modify entity @s {} merge value {transformation:[-1f,-3.7803737307831516e-17f,-1.1648379832482734e-16f,0.12500000000000006f,0f,0.9511623956060464f,-0.308690941209759f,0.19279107739471962f,1.2246467991473532e-16f,-0.308690941209759f,-0.9511623956060464f,0.38083561651929226f,0f,0f,0f,1f],start_interpolation:0}
execute if entity @s[tag=aj.tultaria.bone.left_leg] run data modify entity @s {} merge value {transformation:[-1f,-8.116481992101916e-17f,-9.170534244964746e-17f,0.125f,0f,0.7488309487559701f,-0.6627610505945817f,0.4375594861511339f,1.2246467991473532e-16f,-0.6627610505945817f,-0.7488309487559701f,-0.002726211710333515f,0f,0f,0f,1f],start_interpolation:0}
execute if entity @s[tag=aj.tultaria.bone.right_foot] run data modify entity @s {} merge value {transformation:[-1f,-7.563002907120152e-17f,-9.63208000865223e-17f,-0.12499999999999994f,0f,0.7865190204521383f,-0.6175660535254579f,0.341137999175244f,1.2246467991473532e-16f,-0.6175660535254579f,-0.7865190204521383f,0.4419468669096323f,0f,0f,0f,1f],start_interpolation:0}
execute if entity @s[tag=aj.tultaria.bone.right_leg] run data modify entity @s {} merge value {transformation:[-1f,-1.0794891187938054e-16f,-5.783277834132055e-17f,-0.125f,0f,0.4722404727761994f,-0.8814697589095792f,0.4375594861511339f,1.2246467991473532e-16f,-0.8814697589095792f,-0.4722404727761994f,-0.002726211710333485f,0f,0f,0f,1f],start_interpolation:0}
execute if entity @s[tag=aj.tultaria.bone.lower] run data modify entity @s {} merge value {transformation:[-1f,5.341834311772723e-18f,-1.223481206754078e-16f,0f,0f,0.9990482215818578f,0.043619387365336f,0.5f,1.2246467991473532e-16f,0.043619387365336f,-0.9990482215818578f,0f,0f,0f,0f,1f],start_interpolation:0}