execute if entity @s[tag=aj.tultaria.bone.head] run data modify entity @s {} merge value {transformation:[-0.998590010146178f,-0.006928951454937027f,0.05263061151071084f,0f,0f,0.9914448613738104f,0.13052619222005157f,1.59375f,-0.0530847589827461f,0.13034215161336327f,-0.9900469341786493f,0f,0f,0f,0f,1f],start_interpolation:0}
execute if entity @s[tag=aj.tultaria.bone.bust] run data modify entity @s {} merge value {transformation:[-0.998590010146178f,0f,0.0530847589827461f,0.47275262558171594f,0f,1f,0f,0.4375f,-0.0530847589827461f,0f,-0.998590010146178f,0.525837384564462f,0f,0f,0f,1f],start_interpolation:0}
execute if entity @s[tag=aj.tultaria.bone.left_wing] run data modify entity @s {} merge value {transformation:[-0.8484452150996844f,0f,-0.5292832105540949f,0.0749838395700968f,0f,1f,0f,1.5f,0.5292832105540949f,0f,-0.8484452150996844f,-0.23317640231022863f,0f,0f,0f,1f],start_interpolation:0}
execute if entity @s[tag=aj.tultaria.bone.right_wing] run data modify entity @s {} merge value {transformation:[-0.787548881335929f,0f,0.6162521882367046f,-0.049839911698175476f,0f,1f,0f,1.5f,-0.6162521882367046f,0f,-0.787548881335929f,-0.2398119971830719f,0f,0f,0f,1f],start_interpolation:0}
execute if entity @s[tag=aj.tultaria.bone.body] run data modify entity @s {} merge value {transformation:[-0.998590010146178f,0f,0.0530847589827461f,0.47275262558171594f,0f,1f,0f,0.4375f,-0.0530847589827461f,0f,-0.998590010146178f,0.525837384564462f,0f,0f,0f,1f],start_interpolation:0}
execute if entity @s[tag=aj.tultaria.bone.left_hand] run data modify entity @s {} merge value {transformation:[-0.2584541128749503f,-0.8708261693809982f,0.4181665389043455f,0.5792171679379797f,-0.9659258262890683f,0.23911761839433449f,-0.09904576054128761f,1.4390864994606087f,-0.013739346629411807f,-0.42951664379234294f,-0.9029544191483635f,-0.06309135441092686f,0f,0f,0f,1f],start_interpolation:0}
execute if entity @s[tag=aj.tultaria.bone.left_arm] run data modify entity @s {} merge value {transformation:[-0.2584541128749503f,-0.9645638806744561f,0.0530847589827461f,0.21844156471947643f,-0.9659258262890683f,0.25881904510252074f,0f,1.4375f,-0.013739346629411807f,-0.05127593968376507f,-0.998590010146178f,0.01161229102747571f,0f,0f,0f,1f],start_interpolation:0}
execute if entity @s[tag=aj.tultaria.bone.rod] run data modify entity @s {} merge value {transformation:[-0.000002584541128749503f,0.000008708261693809982f,0.000004181665389043456f,-0.8710497456920026f,0.000009659258262890684f,0.000002391176183943345f,9.904576054128764e-7f,1.3617981126303944f,-1.3739346629411807e-7f,0.000004295166437923432f,-0.000009029544191483635f,0.1191697910850893f,0f,0f,0f,1f],start_interpolation:0}
execute if entity @s[tag=aj.tultaria.bone.sword] run data modify entity @s {} merge value {transformation:[-0.000002584541128749503f,0.000009114554849285799f,-0.0000032007869427943795f,-0.8941301255136934f,0.000009659258262890684f,0.000002391176183943345f,-9.904576054128762e-7f,1.3873405246765547f,-1.3739346629411807e-7f,-0.0000033477106142411536f,-0.000009421993243402207f,0.07457484317447238f,0f,0f,0f,1f],start_interpolation:0}
execute if entity @s[tag=aj.tultaria.bone.right_hand] run data modify entity @s {} merge value {transformation:[-0.2584541128749503f,0.9114554849285799f,-0.3200786942794379f,-0.5692637756287149f,0.9659258262890683f,0.23911761839433449f,-0.09904576054128761f,1.4390864994606087f,-0.013739346629411807f,-0.33477106142411533f,-0.9421993243402206f,-0.1241442724914815f,0f,0f,0f,1f],start_interpolation:0}
execute if entity @s[tag=aj.tultaria.bone.right_arm] run data modify entity @s {} merge value {transformation:[-0.2584541128749503f,0.9645638806744561f,0.0530847589827461f,-0.21844156471947643f,0.9659258262890683f,0.25881904510252074f,0f,1.4375f,-0.013739346629411807f,0.05127593968376507f,-0.998590010146178f,-0.01161229102747571f,0f,0f,0f,1f],start_interpolation:0}
execute if entity @s[tag=aj.tultaria.bone.skirt] run data modify entity @s {} merge value {transformation:[-0.998590010146178f,0.035863543342380726f,0.03913818972800635f,-0.003206099409741632f,0f,0.737277336810124f,-0.6755902076156602f,0.8879434029030169f,-0.0530847589827461f,-0.6746376322775807f,-0.7362377832457688f,0.06031069752325986f,0f,0f,0f,1f],start_interpolation:0}
execute if entity @s[tag=aj.tultaria.bone.left_foot] run data modify entity @s {} merge value {transformation:[-0.998590010146178f,0.01815605687568741f,0.04988335629228498f,0.1043858976315589f,0f,0.9396926207859083f,-0.3420201433256688f,0.6369494272486622f,-0.0530847589827461f,-0.34153789839377685f,-0.9383676637248888f,0.3910969141205234f,0f,0f,0f,1f],start_interpolation:0}
execute if entity @s[tag=aj.tultaria.bone.left_leg] run data modify entity @s {} merge value {transformation:[-0.998590010146178f,0.035863543342380726f,0.03913818972800635f,0.12496847155985125f,0f,0.737277336810124f,-0.6755902076156602f,0.8750594861511339f,-0.0530847589827461f,-0.6746376322775807f,-0.7362377832457688f,0.003913227093360704f,0f,0f,0f,1f],start_interpolation:0}
execute if entity @s[tag=aj.tultaria.bone.right_foot] run data modify entity @s {} merge value {transformation:[-0.998590010146178f,0.034122225337305426f,0.040665284633042906f,-0.14834346358599657f,0f,0.7660444431189779f,-0.6427876096865395f,0.7839208220080844f,-0.0530847589827461f,-0.6418812856787189f,-0.7649643282266034f,0.43579930003974826f,0f,0f,0f,1f],start_interpolation:0}
execute if entity @s[tag=aj.tultaria.bone.right_leg] run data modify entity @s {} merge value {transformation:[-0.998590010146178f,0.04708675629435072f,0.024511813844199017f,-0.12467903097669325f,0f,0.4617486132350338f,-0.8870108331782218f,0.8750594861511339f,-0.0530847589827461f,-0.8857601569032103f,-0.46109755237535605f,-0.009357962652325823f,0f,0f,0f,1f],start_interpolation:0}
execute if entity @s[tag=aj.tultaria.bone.lower] run data modify entity @s {} merge value {transformation:[-0.998590010146178f,-0.002315524665263902f,0.05303423405481404f,0f,0f,0.9990482215818578f,0.043619387365336f,0.9375f,-0.0530847589827461f,0.043557884471720945f,-0.9976395737259485f,0f,0f,0f,0f,1f],start_interpolation:0}