execute if entity @s[tag=aj.tultaria.bone.head] run data modify entity @s {} merge value {transformation:[-0.9998475356071502f,-0.0030737515602935806f,-0.017188879883635343f,0f,-0.007610001853298586f,0.9626867985797286f,0.27051102696952256f,1.15625f,0.015716024055124216f,0.2706005910778071f,-0.9625634143765491f,0f,0f,0f,0f,1f],start_interpolation:0}
execute if entity @s[tag=aj.tultaria.bone.left_wing] run data modify entity @s {} merge value {transformation:[-0.8616589087182787f,0f,-0.5074878570236189f,0.06250000000000006f,0f,1f,0f,1.0625f,0.5074878570236189f,0f,-0.8616589087182787f,-0.16448437500000007f,0f,0f,0f,1f],start_interpolation:0}
execute if entity @s[tag=aj.tultaria.bone.right_wing] run data modify entity @s {} merge value {transformation:[-0.8616589087182789f,0f,0.5074878570236186f,-0.0625f,0f,1f,0f,1.0625f,-0.5074878570236186f,0f,-0.8616589087182789f,-0.16448437499999996f,0f,0f,0f,1f],start_interpolation:0}
execute if entity @s[tag=aj.tultaria.bone.left_hand] run data modify entity @s {} merge value {transformation:[-0.25859199692999735f,-0.9007690510014164f,0.3489201855464423f,0.5736013487943818f,-0.9659850556538431f,0.24047985427093385f,-0.09509107183785351f,1.001879103312525f,0.0017468191656951882f,-0.3616414750105937f,-0.9323156076002184f,-0.09909175914044924f,0f,0f,0f,1f],start_interpolation:0}
execute if entity @s[tag=aj.tultaria.bone.left_arm] run data modify entity @s {} merge value {transformation:[-0.25859199692999735f,-0.9658696536486081f,-0.015033006501487681f,0.21875f,-0.9659850556538431f,0.2585884003496407f,0.0022161809617729285f,1f,0.0017468191656951882f,0.015094746282447268f,-0.9998845419634563f,-2.678914873134835e-17f,0f,0f,0f,1f],start_interpolation:0}
execute if entity @s[tag=aj.tultaria.bone.rod] run data modify entity @s {} merge value {transformation:[-0.0000025859199692999738f,0.000008836637335388303f,0.000003902160749533147f,-0.8677747197266076f,0.000009659850556538431f,0.0000023728447742057345f,0.0000010280539396688672f,0.9235855419406565f,-1.746819165695125e-8f,0.000004035275490018744f,-0.00000914965827678467f,0.15306324493855084f,0f,0f,0f,1f],start_interpolation:0}
execute if entity @s[tag=aj.tultaria.bone.sword] run data modify entity @s {} merge value {transformation:[-0.0000025859199692999738f,0.000009007690510014163f,-0.0000034892018554644252f,-0.8922113533281595f,0.000009659850556538431f,0.0000024047985427093387f,-9.509107183785352e-7f,0.9493151809374396f,-1.746819165695125e-8f,-0.0000036164147501059394f,-0.000009323156076002183f,0.1093063627333627f,0f,0f,0f,1f],start_interpolation:0}
execute if entity @s[tag=aj.tultaria.bone.right_hand] run data modify entity @s {} merge value {transformation:[-0.25859199692999735f,0.9007690510014162f,-0.3489201855464425f,-0.5736013487943818f,0.9659850556538431f,0.24047985427093385f,-0.09509107183785351f,1.001879103312525f,-0.0017468191656951249f,-0.3616414750105939f,-0.9323156076002183f,-0.0990917591404491f,0f,0f,0f,1f],start_interpolation:0}
execute if entity @s[tag=aj.tultaria.bone.right_arm] run data modify entity @s {} merge value {transformation:[-0.25859199692999735f,0.9658696536486081f,0.015033006501487435f,-0.21875f,0.9659850556538431f,0.2585884003496407f,0.0022161809617729285f,1f,-0.0017468191656951249f,0.015094746282447032f,-0.9998845419634563f,2.678914873134835e-17f,0f,0f,0f,1f],start_interpolation:0}
execute if entity @s[tag=aj.tultaria.bone.skirt] run data modify entity @s {} merge value {transformation:[-1f,-3.644184336806819e-17f,-1.1691702133802315e-16f,7.39635905884864e-18f,0f,0.9546999299669533f,-0.2975702332577884f,0.45044340290301693f,1.2246467991473532e-16f,-0.2975702332577884f,-0.9546999299669533f,0.060395855066115986f,0f,0f,0f,1f],start_interpolation:0}
execute if entity @s[tag=aj.tultaria.bone.left_foot] run data modify entity @s {} merge value {transformation:[-1f,1.2400541147839342e-17f,-1.2183523466493312e-16f,0.12500000000000003f,0f,0.9948601894828741f,0.10125810279725611f,0.059260679643726555f,1.2246467991473532e-16f,0.10125810279725611f,-0.9948601894828741f,0.2501003355410799f,0f,0f,0f,1f],start_interpolation:0}
execute if entity @s[tag=aj.tultaria.bone.left_leg] run data modify entity @s {} merge value {transformation:[-1f,-3.7458044008915406e-17f,-1.165954234335325e-16f,0.125f,0f,0.9520738837900915f,-0.30586814120606165f,0.4375594861511339f,1.2246467991473532e-16f,-0.30586814120606165f,-0.9520738837900915f,-0.002726211710333515f,0f,0f,0f,1f],start_interpolation:0}
execute if entity @s[tag=aj.tultaria.bone.right_foot] run data modify entity @s {} merge value {transformation:[-1f,-8.257548133959717e-18f,-1.2218596779268034e-16f,-0.12499999999999996f,0f,0.9977241428120416f,-0.06742799752311412f,0.17921599431235985f,1.2246467991473532e-16f,-0.06742799752311412f,-0.9977241428120416f,0.37182670874891127f,0f,0f,0f,1f],start_interpolation:0}
execute if entity @s[tag=aj.tultaria.bone.right_leg] run data modify entity @s {} merge value {transformation:[-1f,-7.782962068951368e-17f,-9.455235570806791e-17f,-0.125f,0f,0.7720785762384627f,-0.6355270821244272f,0.4375594861511339f,1.2246467991473532e-16f,-0.6355270821244272f,-0.7720785762384627f,-0.002726211710333485f,0f,0f,0f,1f],start_interpolation:0}