execute if entity @s[tag=aj.tultaria.bone.head] run data modify entity @s {} merge value {transformation:[-0.663928812983238f,-0.21864388165569365f,0.715117741567918f,0f,0.1608161964393938f,0.8921788086723775f,0.4220842621073469f,1.59375f,-0.7302990361854755f,0.39523641832511863f,-0.5571817399880374f,0f,0f,0f,0f,1f],start_interpolation:0}
execute if entity @s[tag=aj.tultaria.bone.bust] run data modify entity @s {} merge value {transformation:[-0.8793163101905566f,0f,0.4762382036679384f,0.20153905326130908f,0f,1f,0f,0.4375f,-0.4762382036679384f,0f,-0.8793163101905566f,0.6777772569292475f,0f,0f,0f,1f],start_interpolation:0}
execute if entity @s[tag=aj.tultaria.bone.left_wing] run data modify entity @s {} merge value {transformation:[-0.4564768859517423f,0f,0.8897352710732557f,0.17830296413690586f,0f,1f,0f,1.5f,-0.8897352710732557f,0f,-0.4564768859517423f,-0.19797803661010804f,0f,0f,0f,1f],start_interpolation:0}
execute if entity @s[tag=aj.tultaria.bone.right_wing] run data modify entity @s {} merge value {transformation:[-0.994594627637243f,0f,-0.10383413058880797f,0.06838842536308623f,0f,1f,0f,1.5f,0.10383413058880797f,0f,-0.994594627637243f,-0.2575078120686003f,0f,0f,0f,1f],start_interpolation:0}
execute if entity @s[tag=aj.tultaria.bone.body] run data modify entity @s {} merge value {transformation:[-0.8793163101905566f,0f,0.4762382036679384f,0.20153905326130908f,0f,1f,0f,0.4375f,-0.4762382036679384f,0f,-0.8793163101905566f,0.6777772569292475f,0f,0f,0f,1f],start_interpolation:0}
execute if entity @s[tag=aj.tultaria.bone.left_hand] run data modify entity @s {} merge value {transformation:[-0.1273858768954996f,0.9913935628726193f,0.030193407596666888f,0.14547535927187322f,-0.960808243282091f,-0.11578491011589723f,-0.25187571187122404f,1.4476798865842142f,-0.24621201840841733f,-0.061095483337047674f,0.9672884698511949f,0.46947326628249064f,0f,0f,0f,1f],start_interpolation:0}
execute if entity @s[tag=aj.tultaria.bone.left_arm] run data modify entity @s {} merge value {transformation:[-0.1273858768954996f,0.4165937370504583f,0.9001236007448633f,0.19235044285418423f,-0.960808243282091f,0.1734474847809091f,-0.21624867552047244f,1.4375f,-0.24621201840841733f,-0.8923932027270882f,0.37817193671363736f,0.10417710705236152f,0f,0f,0f,1f],start_interpolation:0}
execute if entity @s[tag=aj.tultaria.bone.rod] run data modify entity @s {} merge value {transformation:[-0.0000027581239220191002f,0.0000023766287832628175f,-0.00000931366673536007f,-0.18540935136801767f,0.000009608082432820911f,9.623072877830573e-7f,-0.0000025997531898235735f,1.5225836918615787f,2.783961115105614e-7f,-0.000009665691920935942f,-0.0000025489008012571775f,0.3956620057251118f,0f,0f,0f,1f],start_interpolation:0}
execute if entity @s[tag=aj.tultaria.bone.sword] run data modify entity @s {} merge value {transformation:[-0.0000027581239220191002f,-0.000004905226577276408f,-0.000008266287235292951f,-0.2327767100397632f,0.000009608082432820911f,-0.0000011578491011589723f,-0.000002518757118712241f,1.5408022754701804f,2.783961115105614e-7f,-0.000008637021343294604f,0.000005032331261013057f,0.42012104635958103f,0f,0f,0f,1f],start_interpolation:0}
execute if entity @s[tag=aj.tultaria.bone.right_hand] run data modify entity @s {} merge value {transformation:[-0.27581239220191f,-0.4905226577276408f,-0.8266287235292951f,-0.472683938457045f,0.960808243282091f,-0.11578491011589723f,-0.25187571187122404f,1.4476798865842142f,0.02783961115105614f,-0.8637021343294604f,0.5032331261013057f,0.13467784611422737f,0f,0f,0f,1f],start_interpolation:0}
execute if entity @s[tag=aj.tultaria.bone.right_arm] run data modify entity @s {} merge value {transformation:[-0.27581239220191f,0.5197798672176734f,-0.8085520477638021f,-0.19235044285418423f,0.960808243282091f,0.1734474847809091f,-0.21624867552047244f,1.4375f,0.02783961115105614f,-0.836507537119872f,-0.5472477468136382f,-0.10417710705236152f,0f,0f,0f,1f],start_interpolation:0}
execute if entity @s[tag=aj.tultaria.bone.skirt] run data modify entity @s {} merge value {transformation:[-0.8793163101905566f,-0.047630680731006715f,0.47385034017711297f,-0.028762813525676233f,0f,0.9949859892120491f,0.10001440532103481f,0.8879434029030169f,-0.4762382036679384f,0.08794429785279509f,-0.8749074087252399f,0.05310706042754074f,0f,0f,0f,1f],start_interpolation:0}
execute if entity @s[tag=aj.tultaria.bone.left_foot] run data modify entity @s {} merge value {transformation:[-0.8793163101905566f,-0.11714703857083718f,0.4616052404240528f,0.11497425163702042f,0f,0.9692738567985854f,0.24598412657485802f,0.4201211719882602f,-0.4762382036679384f,0.21629785454525094f,-0.8522983113243019f,0.05018762690504354f,0f,0f,0f,1f],start_interpolation:0}
execute if entity @s[tag=aj.tultaria.bone.left_leg] run data modify entity @s {} merge value {transformation:[-0.8793163101905566f,-0.138761575215537f,0.45557441969075446f,0.11121286494156729f,0f,0.9566104024875922f,0.2913701045964171f,0.8750594861511339f,-0.4762382036679384f,0.256206485273558f,-0.8411631294052928f,0.057132573036563564f,0f,0f,0f,1f],start_interpolation:0}
execute if entity @s[tag=aj.tultaria.bone.right_foot] run data modify entity @s {} merge value {transformation:[-0.8793163101905566f,-0.27506218676545574f,0.38877193834518253f,-0.1686549152332602f,0f,0.816339250717184f,0.5775727034222677f,0.4378662245128396f,-0.4762382036679384f,0.5078690984400531f,-0.7178204178043579f,0.048927233428459505f,0f,0f,0f,1f],start_interpolation:0}
execute if entity @s[tag=aj.tultaria.bone.right_leg] run data modify entity @s {} merge value {transformation:[-0.8793163101905566f,0.0011636682969424286f,0.4762367819782083f,-0.10861621260607185f,0f,0.9999970147507714f,-0.002443458521344928f,0.8750594861511339f,-0.4762382036679384f,-0.0021485729310926974f,-0.8793136852122199f,-0.061926977880421036f,0f,0f,0f,1f],start_interpolation:0}
execute if entity @s[tag=aj.tultaria.bone.lower] run data modify entity @s {} merge value {transformation:[-0.8793163101905566f,-0.020773218683963583f,0.47578493042379244f,0f,0f,0.9990482215818578f,0.043619387365336f,0.9375f,-0.4762382036679384f,0.03835523875085983f,-0.8784793959037968f,0f,0f,0f,0f,1f],start_interpolation:0}