execute if entity @s[tag=aj.tultaria.bone.head] run data modify entity @s {} merge value {transformation:[-0.9999428481985623f,-0.0014300876649668726f,-0.010595054781239809f,0f,-0.00465957270655553f,0.9502338256254289f,0.3115027528280518f,1.15625f,0.009622303193065875f,0.31153431831265804f,-0.950186181647959f,0f,0f,0f,0f,1f],start_interpolation:0}
execute if entity @s[tag=aj.tultaria.bone.left_wing] run data modify entity @s {} merge value {transformation:[-0.8866045040493696f,0f,-0.4625283271318323f,0.06250000000000006f,0f,1f,0f,1.0625f,0.4625283271318323f,0f,-0.8866045040493696f,-0.15039062500000006f,0f,0f,0f,1f],start_interpolation:0}
execute if entity @s[tag=aj.tultaria.bone.right_wing] run data modify entity @s {} merge value {transformation:[-0.8866045040493699f,0f,0.46252832713183206f,-0.0625f,0f,1f,0f,1.0625f,-0.46252832713183206f,0f,-0.8866045040493699f,-0.15039062499999994f,0f,0f,0f,1f],start_interpolation:0}
execute if entity @s[tag=aj.tultaria.bone.left_hand] run data modify entity @s {} merge value {transformation:[-0.25881904510252074f,-0.8923991008325228f,0.36964381061438595f,0.5750512882652286f,-0.9659258262890683f,0.23911761839433449f,-0.09904576054128761f,1.0015864994606087f,3.169619151431765e-17f,-0.3826834323650896f,-0.9238795325112867f,-0.09375000000000007f,0f,0f,0f,1f],start_interpolation:0}
execute if entity @s[tag=aj.tultaria.bone.left_arm] run data modify entity @s {} merge value {transformation:[-0.25881904510252074f,-0.9659258262890683f,-1.2246467991473532e-16f,0.21875f,-0.9659258262890683f,0.25881904510252074f,0f,1f,3.169619151431765e-17f,1.1829179713786698e-16f,-1f,-2.678914873134835e-17f,0f,0f,0f,1f],start_interpolation:0}
execute if entity @s[tag=aj.tultaria.bone.rod] run data modify entity @s {} merge value {transformation:[-0.0000025881904510252075f,0.00000892399100832523f,0.0000036964381061438616f,-0.8634954747506264f,0.000009659258262890684f,0.000002391176183943345f,9.904576054128764e-7f,0.9242981126303942f,3.1696191514317654e-22f,0.000003826834323650898f,-0.000009238795325112868f,0.1652412287008197f,0f,0f,0f,1f],start_interpolation:0}
execute if entity @s[tag=aj.tultaria.bone.sword] run data modify entity @s {} merge value {transformation:[-0.0000025881904510252075f,0.00000892399100832523f,-0.000003696438106143862f,-0.8889106235326295f,0.000009659258262890684f,0.000002391176183943345f,-9.904576054128762e-7f,0.9498405246765548f,3.1696191514317654e-22f,-0.000003826834323650899f,-0.000009238795325112868f,0.12193437561435304f,0f,0f,0f,1f],start_interpolation:0}
execute if entity @s[tag=aj.tultaria.bone.right_hand] run data modify entity @s {} merge value {transformation:[-0.25881904510252074f,0.8923991008325228f,-0.36964381061438617f,-0.5750512882652286f,0.9659258262890683f,0.23911761839433449f,-0.09904576054128761f,1.0015864994606087f,3.169619151431765e-17f,-0.38268343236508984f,-0.9238795325112867f,-0.09374999999999993f,0f,0f,0f,1f],start_interpolation:0}
execute if entity @s[tag=aj.tultaria.bone.right_arm] run data modify entity @s {} merge value {transformation:[-0.25881904510252074f,0.9659258262890683f,-1.2246467991473532e-16f,-0.21875f,0.9659258262890683f,0.25881904510252074f,0f,1f,3.169619151431765e-17f,-1.1829179713786698e-16f,-1f,2.678914873134835e-17f,0f,0f,0f,1f],start_interpolation:0}
execute if entity @s[tag=aj.tultaria.bone.skirt] run data modify entity @s {} merge value {transformation:[-1f,-2.1656610192778846e-17f,-1.2053459694866286e-16f,7.39635905884864e-18f,0f,0.9842396765547726f,-0.17683964231856092f,0.45044340290301693f,1.2246467991473532e-16f,-0.17683964231856092f,-0.9842396765547726f,0.060395855066115986f,0f,0f,0f,1f],start_interpolation:0}
execute if entity @s[tag=aj.tultaria.bone.left_foot] run data modify entity @s {} merge value {transformation:[-1f,2.6914864366385983e-17f,-1.1947044782186776e-16f,0.12500000000000003f,0f,0.9755502395061804f,0.21977654606311925f,0.030133236147267317f,1.2246467991473532e-16f,0.21977654606311925f,-0.9755502395061804f,0.1998450123265145f,0f,0f,0f,1f],start_interpolation:0}
execute if entity @s[tag=aj.tultaria.bone.left_leg] run data modify entity @s {} merge value {transformation:[-1f,-2.2298593264933504e-17f,-1.204174844656026e-16f,0.125f,0f,0.9832833805587206f,-0.1820818319245896f,0.4375594861511339f,1.2246467991473532e-16f,-0.1820818319245896f,-0.9832833805587206f,-0.002726211710333515f,0f,0f,0f,1f],start_interpolation:0}
execute if entity @s[tag=aj.tultaria.bone.right_foot] run data modify entity @s {} merge value {transformation:[-1f,1.3913319705212135e-17f,-1.2167176073929043e-16f,-0.12499999999999996f,0f,0.9935253235790356f,0.11361087715167456f,0.13537547414357698f,1.2246467991473532e-16f,0.11361087715167456f,-0.9935253235790356f,0.33744444088482606f,0f,0f,0f,1f],start_interpolation:0}
execute if entity @s[tag=aj.tultaria.bone.right_leg] run data modify entity @s {} merge value {transformation:[-1f,-6.569011139425147e-17f,-1.0335573081174268e-16f,-0.125f,0f,0.8439635892054995f,-0.5364004661587934f,0.4375594861511339f,1.2246467991473532e-16f,-0.5364004661587934f,-0.8439635892054995f,-0.002726211710333485f,0f,0f,0f,1f],start_interpolation:0}