execute if entity @s[tag=aj.tultaria.bone.head] run data modify entity @s {} merge value {transformation:[-0.9996708297361413f,-0.007052768410177704f,-0.024667602891387082f,0f,-0.011180317543230671f,0.9851331868921867f,0.17142813241494712f,1.59375f,0.023091831332471172f,0.1716474950047233f,-0.984887762531506f,0f,0f,0f,0f,1f],start_interpolation:0}
execute if entity @s[tag=aj.tultaria.bone.left_wing] run data modify entity @s {} merge value {transformation:[-0.8045051013616861f,0f,-0.5939457398475245f,0.062499999999999944f,0f,1f,0f,1.5f,0.5939457398475245f,0f,-0.8045051013616861f,-0.20300000000000012f,0f,0f,0f,1f],start_interpolation:0}
execute if entity @s[tag=aj.tultaria.bone.right_wing] run data modify entity @s {} merge value {transformation:[-0.8045051013616865f,0f,0.5939457398475239f,-0.0625f,0f,1f,0f,1.5f,-0.5939457398475239f,0f,-0.8045051013616865f,-0.203f,0f,0f,0f,1f],start_interpolation:0}
execute if entity @s[tag=aj.tultaria.bone.left_hand] run data modify entity @s {} merge value {transformation:[-0.2574158338946263f,-0.9360232557357764f,0.23999490240863788f,0.5649200059083024f,-0.9662414907202468f,0.24658489985694307f,-0.07465432856343021f,1.4409063835121518f,0.010699068700099517f,-0.2511102385095812f,-0.9678993635934533f,-0.12608295309364437f,0f,0f,0f,1f],start_interpolation:0}
execute if entity @s[tag=aj.tultaria.bone.left_arm] run data modify entity @s {} merge value {transformation:[-0.2574158338946263f,-0.9619151735504461f,-0.09195807389103736f,0.21875f,-0.9662414907202468f,0.2572855321052794f,0.013473551128729493f,1.4375f,0.010699068700099517f,0.09232201179956233f,-0.995671721033711f,-8.036744619404505e-17f,0f,0f,0f,1f],start_interpolation:0}
execute if entity @s[tag=aj.tultaria.bone.rod] run data modify entity @s {} merge value {transformation:[-0.0000025741583389462634f,0.000008315704144224295f,0.000004921663685357253f,-0.8859293640081386f,0.000009662414907202469f,0.0000022715043679918024f,0.0000012157327285492011f,1.3577688371362269f,-1.0699068700099328e-7f,0.000005068464510275779f,-0.000008619699559785712f,0.08907080679663093f,0f,0f,0f,1f],start_interpolation:0}
execute if entity @s[tag=aj.tultaria.bone.sword] run data modify entity @s {} merge value {transformation:[-0.0000025741583389462634f,0.000009360232557357762f,-0.000002399949024086386f,-0.9052233698677506f,0.000009662414907202469f,0.000002465848998569431f,-7.465432856343022e-7f,1.3844644620698239f,-1.0699068700099328e-7f,-0.000002511102385095819f,-0.000009678993635934531f,0.04336617823130967f,0f,0f,0f,1f],start_interpolation:0}
execute if entity @s[tag=aj.tultaria.bone.right_hand] run data modify entity @s {} merge value {transformation:[-0.2574158338946263f,0.9360232557357762f,-0.23999490240863858f,-0.5649200059083024f,0.9662414907202468f,0.24658489985694307f,-0.07465432856343021f,1.4409063835121518f,-0.010699068700099327f,-0.25111023850958186f,-0.9678993635934531f,-0.12608295309364395f,0f,0f,0f,1f],start_interpolation:0}
execute if entity @s[tag=aj.tultaria.bone.right_arm] run data modify entity @s {} merge value {transformation:[-0.2574158338946263f,0.9619151735504461f,0.09195807389103663f,-0.21875f,0.9662414907202468f,0.2572855321052794f,0.013473551128729493f,1.4375f,-0.010699068700099327f,0.09232201179956163f,-0.995671721033711f,8.036744619404505e-17f,0f,0f,0f,1f],start_interpolation:0}
execute if entity @s[tag=aj.tultaria.bone.skirt] run data modify entity @s {} merge value {transformation:[-1f,-2.0801790031143823e-16f,-3.028315267431509e-16f,2.2189077176545917e-17f,0f,0.8242690244893304f,-0.5661983532892053f,0.8879434029030169f,3.6739403974420594e-16f,-0.5661983532892053f,-0.8242690244893304f,0.060395855066115986f,0f,0f,0f,1f],start_interpolation:0}
execute if entity @s[tag=aj.tultaria.bone.left_foot] run data modify entity @s {} merge value {transformation:[-1f,-7.054019847279534e-17f,-3.605585400999203e-16f,0.12500000000000014f,0f,0.9813946365350814f,-0.19200147754685448f,0.5897258093006549f,3.6739403974420594e-16f,-0.19200147754685448f,-0.9813946365350814f,0.3516971831932568f,0f,0f,0f,1f],start_interpolation:0}
execute if entity @s[tag=aj.tultaria.bone.left_leg] run data modify entity @s {} merge value {transformation:[-1f,-2.118736650288519e-16f,-3.00146515066907e-16f,0.125f,0f,0.8169607630975197f,-0.5766932560374867f,0.8750594861511339f,3.6739403974420594e-16f,-0.5766932560374867f,-0.8169607630975197f,-0.002726211710333546f,0f,0f,0f,1f],start_interpolation:0}
execute if entity @s[tag=aj.tultaria.bone.right_foot] run data modify entity @s {} merge value {transformation:[-1f,-1.7693692611158191e-16f,-3.2198090722549336e-16f,-0.12499999999999985f,0f,0.8763912105097541f,-0.48159988179114815f,0.7342682177418449f,3.6739403974420594e-16f,-0.48159988179114815f,-0.8763912105097541f,0.42995042128445116f,0f,0f,0f,1f],start_interpolation:0}
execute if entity @s[tag=aj.tultaria.bone.right_leg] run data modify entity @s {} merge value {transformation:[-1f,-3.0469070700948727e-16f,-2.0528505425779527e-16f,-0.125f,0f,0.5587598927862921f,-0.8293294774777099f,0.8750594861511339f,3.6739403974420594e-16f,-0.8293294774777099f,-0.5587598927862921f,-0.002726211710333454f,0f,0f,0f,1f],start_interpolation:0}