execute if entity @s[tag=aj.tultaria.bone.head] run data modify entity @s {} merge value {transformation:[-0.9999977138941702f,-0.00017237822283929034f,-0.002131312314377975f,0f,-0.0009319591986805319f,0.9322274897109112f,0.3618715778827413f,1.15625f,0.001924489149131055f,0.3618727369021341f,-0.9322255191896828f,0f,0f,0f,0f,1f],start_interpolation:0}
execute if entity @s[tag=aj.tultaria.bone.left_wing] run data modify entity @s {} merge value {transformation:[-0.9145641338697933f,0f,-0.4044409042604308f,0.06250000000000006f,0f,1f,0f,1.0625f,0.4044409042604308f,0f,-0.9145641338697933f,-0.13300000000000006f,0f,0f,0f,1f],start_interpolation:0}
execute if entity @s[tag=aj.tultaria.bone.right_wing] run data modify entity @s {} merge value {transformation:[-0.9145641338697933f,0f,0.40444090426043056f,-0.0625f,0f,1f,0f,1.0625f,-0.40444090426043056f,0f,-0.9145641338697933f,-0.13299999999999995f,0f,0f,0f,1f],start_interpolation:0}
execute if entity @s[tag=aj.tultaria.bone.skirt] run data modify entity @s {} merge value {transformation:[-1f,-2.741687957799581e-18f,-1.2243398618749877e-16f,7.39635905884864e-18f,0f,0.9997493666969289f,-0.02238758113529917f,0.45044340290301693f,1.2246467991473532e-16f,-0.02238758113529917f,-0.9997493666969289f,0.060395855066115986f,0f,0f,0f,1f],start_interpolation:0}
execute if entity @s[tag=aj.tultaria.bone.left_foot] run data modify entity @s {} merge value {transformation:[-1f,4.447251521557315e-17f,-1.1410430849454895e-16f,0.12500000000000003f,0f,0.9317323866276611f,0.36314564531207405f,0.0031114554102834036f,1.2246467991473532e-16f,0.36314564531207405f,-0.9317323866276611f,0.13250011185648167f,0f,0f,0f,1f],start_interpolation:0}
execute if entity @s[tag=aj.tultaria.bone.left_leg] run data modify entity @s {} merge value {transformation:[-1f,-2.8721693503590854e-18f,-1.2243099472699483e-16f,0.125f,0f,0.9997249395681763f,-0.023453042561812923f,0.4375594861511339f,1.2246467991473532e-16f,-0.023453042561812923f,-0.9997249395681763f,-0.002726211710333515f,0f,0f,0f,1f],start_interpolation:0}
execute if entity @s[tag=aj.tultaria.bone.right_foot] run data modify entity @s {} merge value {transformation:[-1f,4.089041759414151e-17f,-1.1543643954833023e-16f,-0.12499999999999996f,0f,0.9426100621722244f,0.3338955984910181f,0.08701954240209547f,1.2246467991473532e-16f,0.3338955984910181f,-0.9426100621722244f,0.287365149478553f,0f,0f,0f,1f],start_interpolation:0}
execute if entity @s[tag=aj.tultaria.bone.right_leg] run data modify entity @s {} merge value {transformation:[-1f,-4.9154444027495064e-17f,-1.1216701145598216e-16f,-0.125f,0f,0.9159131558101258f,-0.40137649534313324f,0.4375594861511339f,1.2246467991473532e-16f,-0.40137649534313324f,-0.9159131558101258f,-0.002726211710333485f,0f,0f,0f,1f],start_interpolation:0}