execute if entity @s[tag=aj.tultaria.bone.head] run data modify entity @s {} merge value {transformation:[0.7176369091350978f,-0.2157469254246175f,0.6621559716689474f,0f,0.05303143485709939f,0.9649720185821051f,0.25693709399495923f,1.59375f,-0.6943953726545278f,-0.14927246069989555f,0.7039409058383933f,0f,0f,0f,0f,1f],start_interpolation:0}
execute if entity @s[tag=aj.tultaria.bone.bust] run data modify entity @s {} merge value {transformation:[0.3990691589802954f,0f,0.9169208288346163f,-0.6579949939074559f,0f,1f,0f,0.4375f,-0.9169208288346163f,0f,0.3990691589802954f,0.2589258349271605f,0f,0f,0f,1f],start_interpolation:0}
execute if entity @s[tag=aj.tultaria.bone.left_wing] run data modify entity @s {} merge value {transformation:[0.3390663289472668f,0f,0.9407624697947001f,0.20428838477238564f,0f,1f,0f,1.5f,-0.9407624697947001f,0f,0.3390663289472668f,0.15707484154723733f,0f,0f,0f,1f],start_interpolation:0}
execute if entity @s[tag=aj.tultaria.bone.right_wing] run data modify entity @s {} merge value {transformation:[0.4574083640870931f,0f,0.8892567618315699f,0.2541720296449226f,0f,1f,0f,1.5f,-0.8892567618315699f,0f,0.4574083640870931f,0.04245973794291025f,0f,0f,0f,1f],start_interpolation:0}
execute if entity @s[tag=aj.tultaria.bone.body] run data modify entity @s {} merge value {transformation:[0.3990691589802954f,0f,0.9169208288346163f,-0.6579949939074559f,0f,1f,0f,0.4375f,-0.9169208288346163f,0f,0.3990691589802954f,0.2589258349271605f,0f,0f,0f,1f],start_interpolation:0}
execute if entity @s[tag=aj.tultaria.bone.left_hand] run data modify entity @s {} merge value {transformation:[0.5107148158460149f,0.8572690336207767f,0.06527006105612959f,-0.23869571691037406f,-0.5889703994647468f,0.40416034415091595f,-0.6998344695498714f,1.206292904000024f,-0.6263259897447236f,0.318973698305539f,0.7113167609156833f,0.44422311525035896f,0f,0f,0f,1f],start_interpolation:0}
execute if entity @s[tag=aj.tultaria.bone.left_arm] run data modify entity @s {} merge value {transformation:[0.5107148158460149f,0.49320693228339024f,0.7042139581284784f,-0.08729637852693961f,-0.5889703994647468f,0.797410381054191f,-0.13134135959912374f,1.4375f,-0.6263259897447236f,-0.3476831979469487f,0.6977335798395224f,0.20057643130757233f,0f,0f,0f,1f],start_interpolation:0}
execute if entity @s[tag=aj.tultaria.bone.rod] run data modify entity @s {} merge value {transformation:[0.0000011031810800415648f,0.0000017862168089705879f,0.000009777137669890368f,-0.2148226960052802f,0.000005889703994647469f,0.00000780642219162606f,-0.00000209073179091003f,1.1422120836371645f,-0.000008005896474478795f,0.000005989090254574492f,-1.9083910104820443e-7f,-0.5765431299917305f,0f,0f,0f,1f],start_interpolation:0}
execute if entity @s[tag=aj.tultaria.bone.sword] run data modify entity @s {} merge value {transformation:[0.0000011031810800415648f,0.00000817652636526642f,0.000005650434328681421f,-0.18488884421445623f,0.000005889703994647469f,0.00000404160344150916f,-0.000006998344695498715f,1.1278126678602876f,-0.000008005896474478795f,0.000004099982709681159f,-0.000004369869954614619f,-0.6220453218867328f,0f,0f,0f,1f],start_interpolation:0}
execute if entity @s[tag=aj.tultaria.bone.right_hand] run data modify entity @s {} merge value {transformation:[0.11031810800415648f,0.8176526365266419f,0.5650434328681421f,0.1624274718007282f,0.5889703994647468f,0.40416034415091595f,-0.6998344695498714f,1.206292904000024f,-0.8005896474478794f,0.40999827096811586f,-0.4369869954614619f,-0.47741715281136976f,0f,0f,0f,1f],start_interpolation:0}
execute if entity @s[tag=aj.tultaria.bone.right_arm] run data modify entity @s {} merge value {transformation:[0.11031810800415648f,0.08166954247050323f,0.9905352093081002f,0.08729637852693961f,0.5889703994647468f,0.797410381054191f,-0.13134135959912374f,1.4375f,-0.8005896474478794f,0.5978852482037573f,0.039867861487816514f,-0.20057643130757233f,0f,0f,0f,1f],start_interpolation:0}
execute if entity @s[tag=aj.tultaria.bone.skirt] run data modify entity @s {} merge value {transformation:[0.3990691589802954f,-0.039995524816282074f,0.9160481233785865f,-0.05537821748539844f,0f,0.9990482215818578f,0.043619387365336f,0.8879434029030169f,-0.9169208288346163f,-0.01740715223112036f,0.3986893335674318f,-0.024102123087130722f,0f,0f,0f,1f],start_interpolation:0}
execute if entity @s[tag=aj.tultaria.bone.left_foot] run data modify entity @s {} merge value {transformation:[0.3990691589802954f,-0.3181125251928274f,0.8599698992791565f,-0.11757375917917803f,0f,0.9378889346118976f,0.3469356515732559f,0.42653811158222343f,-0.9169208288346163f,-0.13845131869362f,0.37428254835249525f,0.08515450445754548f,0f,0f,0f,1f],start_interpolation:0}
execute if entity @s[tag=aj.tultaria.bone.left_leg] run data modify entity @s {} merge value {transformation:[0.3990691589802954f,-0.09998138529386338f,0.9114535253897919f,-0.04738392457151929f,0f,0.994037322227947f,0.10904036875346942f,0.8750594861511339f,-0.9169208288346163f,-0.04351464825334832f,0.39668963817653174f,0.11570305061877206f,0f,0f,0f,1f],start_interpolation:0}
execute if entity @s[tag=aj.tultaria.bone.right_foot] run data modify entity @s {} merge value {transformation:[0.3990691589802954f,-0.4145613495434429f,0.817852489031781f,-0.15814214325438034f,0f,0.891955404777151f,0.45212338569115085f,0.4822302019272404f,-0.9169208288346163f,-0.18042849928309124f,0.35595189323234655f,-0.2051536470678168f,0f,0f,0f,1f],start_interpolation:0}
execute if entity @s[tag=aj.tultaria.bone.right_leg] run data modify entity @s {} merge value {transformation:[0.3990691589802954f,0.22740886135347352f,0.8882730526863216f,0.052383365173554554f,0f,0.9687565433705925f,-0.24801362800592558f,0.8750594861511339f,-0.9169208288346163f,0.09897458994397657f,0.38660085901956037f,-0.11352715658988202f,0f,0f,0f,1f],start_interpolation:0}
execute if entity @s[tag=aj.tultaria.bone.lower] run data modify entity @s {} merge value {transformation:[0.3990691589802954f,-0.039995524816282074f,0.9160481233785865f,0f,0f,0.9990482215818578f,0.043619387365336f,0.9375f,-0.9169208288346163f,-0.01740715223112036f,0.3986893335674318f,0f,0f,0f,0f,1f],start_interpolation:0}