execute if entity @s[tag=aj.tultaria.bone.head] run data modify entity @s {} merge value {transformation:[-0.7144257569336165f,-0.18892269057237324f,0.6737240197712447f,0f,0.15953048699584788f,0.893521414874723f,0.4197255113513363f,1.59375f,-0.6812825122874482f,0.4073422371264345f,-0.6082157843266934f,0f,0f,0f,0f,1f],start_interpolation:0}
execute if entity @s[tag=aj.tultaria.bone.bust] run data modify entity @s {} merge value {transformation:[-0.9042316706138988f,0f,0.42704225301344345f,0.23859470880022765f,0f,1f,0f,0.4375f,-0.42704225301344345f,0f,-0.9042316706138988f,0.665636961813671f,0f,0f,0f,1f],start_interpolation:0}
execute if entity @s[tag=aj.tultaria.bone.left_wing] run data modify entity @s {} merge value {transformation:[-0.5236328067796493f,0f,0.8519440613467921f,0.16495652153796997f,0f,1f,0f,1.5f,-0.8519440613467921f,0f,-0.5236328067796493f,-0.20292818904317678f,0f,0f,0f,1f],start_interpolation:0}
execute if entity @s[tag=aj.tultaria.bone.right_wing] run data modify entity @s {} merge value {transformation:[-0.9905962236590041f,0f,-0.13681784120691404f,0.05192756271123261f,0f,1f,0f,1.5f,0.13681784120691404f,0f,-0.9905962236590041f,-0.2563084706698572f,0f,0f,0f,1f],start_interpolation:0}
execute if entity @s[tag=aj.tultaria.bone.body] run data modify entity @s {} merge value {transformation:[-0.9042316706138988f,0f,0.42704225301344345f,0.23859470880022765f,0f,1f,0f,0.4375f,-0.42704225301344345f,0f,-0.9042316706138988f,0.665636961813671f,0f,0f,0f,1f],start_interpolation:0}
execute if entity @s[tag=aj.tultaria.bone.left_hand] run data modify entity @s {} merge value {transformation:[-0.12125315088505455f,0.9850151269454938f,0.1226493909034983f,0.17610885585803657f,-0.9679737382452427f,-0.08997207545633491f,-0.23437548443813325f,1.4536229557142144f,-0.21982837730369623f,-0.14714015538469627f,0.9643781722982906f,0.4608548792133504f,0f,0f,0f,1f],start_interpolation:0}
execute if entity @s[tag=aj.tultaria.bone.left_arm] run data modify entity @s {} merge value {transformation:[-0.12125315088505455f,0.3495469623261882f,0.9290396086975952f,0.19780067794679035f,-0.9679737382452427f,0.1656382573510814f,-0.1886552670063229f,1.4375f,-0.21982837730369623f,-0.9221609885644868f,0.3182681192042211f,0.09341549284669076f,0f,0f,0f,1f],start_interpolation:0}
execute if entity @s[tag=aj.tultaria.bone.rod] run data modify entity @s {} merge value {transformation:[-0.0000024679978294537547f,0.0000021961311444921553f,-0.000009438537742150694f,-0.17291015550366368f,0.000009679737382452428f,0.0000010210862971748403f,-0.0000022934835906268833f,1.5166594195651069f,4.6007708111202283e-7f,-0.00000970228791419392f,-0.0000023778011501221223f,0.412341851256589f,0f,0f,0f,1f],start_interpolation:0}
execute if entity @s[tag=aj.tultaria.bone.sword] run data modify entity @s {} merge value {transformation:[-0.0000024679978294537547f,-0.000005121154817314545f,-0.000008226953266605298f,-0.2191864921579191f,0.000009679737382452428f,-8.997207545633492e-7f,-0.0000023437548443813325f,1.535922248052233f,4.6007708111202283e-7f,-0.00000854191289471533f,0.0000051791942595862806f,0.43805706522687476f,0f,0f,0f,1f],start_interpolation:0}
execute if entity @s[tag=aj.tultaria.bone.right_hand] run data modify entity @s {} merge value {transformation:[-0.24679978294537547f,-0.5121154817314545f,-0.8226953266605297f,-0.46779037698552545f,0.9679737382452427f,-0.08997207545633491f,-0.23437548443813325f,1.4536229557142144f,0.04600770811120228f,-0.8541912894715329f,0.517919425958628f,0.1567600459495927f,0f,0f,0f,1f],start_interpolation:0}
execute if entity @s[tag=aj.tultaria.bone.right_arm] run data modify entity @s {} merge value {transformation:[-0.24679978294537547f,0.49011931063787495f,-0.8359862011289239f,-0.19780067794679035f,0.9679737382452427f,0.1656382573510814f,-0.1886552670063229f,1.4375f,0.04600770811120228f,-0.8557727671768665f,-0.5153021072660224f,-0.09341549284669076f,0f,0f,0f,1f],start_interpolation:0}
execute if entity @s[tag=aj.tultaria.bone.skirt] run data modify entity @s {} merge value {transformation:[-0.9042316706138988f,-0.029175532196412203f,0.42604445094362386f,-0.025791582020107562f,0f,0.9976634582110354f,0.06832001281028682f,0.8879434029030169f,-0.42704225301344345f,0.061777119319808615f,-0.902118895528604f,0.05461184492458896f,0f,0f,0f,1f],start_interpolation:0}
execute if entity @s[tag=aj.tultaria.bone.left_foot] run data modify entity @s {} merge value {transformation:[-0.9042316706138988f,-0.09319274990048505f,0.4167495617571583f,0.11087698937855466f,0f,0.9758977216337393f,0.21822840536941274f,0.4201188881367058f,-0.42704225301344345f,0.1973290355625912f,-0.8824376271811737f,0.0579369242434452f,0f,0f,0f,1f],start_interpolation:0}
execute if entity @s[tag=aj.tultaria.bone.left_leg] run data modify entity @s {} merge value {transformation:[-0.9042316706138988f,-0.1102926721970244f,0.41255376900282653f,0.1141931664177098f,0f,0.9660724813332212f,0.25827109944915067f,0.8750594861511339f,-0.42704225301344345f,0.2335369077261939f,-0.8735533337300531f,0.0509151546573984f,0f,0f,0f,1f],start_interpolation:0}
execute if entity @s[tag=aj.tultaria.bone.right_foot] run data modify entity @s {} merge value {transformation:[-0.9042316706138988f,-0.22990518965904957f,0.3598731576911986f,-0.17201102413057162f,0f,0.8427108913737154f,0.5383663748416297f,0.4423999649064456f,-0.42704225301344345f,0.4868079265253954f,-0.7620058771513825f,0.07151005667027774f,0f,0f,0f,1f],start_interpolation:0}
execute if entity @s[tag=aj.tultaria.bone.right_leg] run data modify entity @s {} merge value {transformation:[-0.9042316706138988f,0.015545997519561698f,0.4267591918399879f,-0.11186475123576489f,0f,0.9993371588608432f,-0.03640388605544451f,0.8750594861511339f,-0.42704225301344345f,-0.0329175467047526f,-0.9036323086632875f,-0.055845408595962466f,0f,0f,0f,1f],start_interpolation:0}
execute if entity @s[tag=aj.tultaria.bone.lower] run data modify entity @s {} merge value {transformation:[-0.9042316706138988f,-0.018627321455559214f,0.4266358034133904f,0f,0f,0.9990482215818578f,0.043619387365336f,0.9375f,-0.42704225301344345f,0.03944203150851256f,-0.9033710424248078f,0f,0f,0f,0f,1f],start_interpolation:0}