execute if entity @s[tag=aj.tultaria.bone.head] run data modify entity @s {} merge value {transformation:[-0.7515980453857727f,0.32489429031914474f,-0.5740592985836087f,0f,0.1219495566227217f,0.9237249316757115f,0.36312608862518236f,1.15625f,0.6482504792221964f,0.2029185815018463f,-0.7338905677752448f,0f,0f,0f,0f,1f],start_interpolation:0}
execute if entity @s[tag=aj.tultaria.bone.bust] run data modify entity @s {} merge value {transformation:[-0.4993952784140715f,0f,-0.8663742585613516f,0.6828847684877115f,0f,1f,0f,0f,0.8663742585613516f,0f,-0.4993952784140715f,-0.18348949007364007f,0f,0f,0f,1f],start_interpolation:0}
execute if entity @s[tag=aj.tultaria.bone.left_wing] run data modify entity @s {} merge value {transformation:[-0.7644715314230917f,0f,-0.644657488627591f,-0.18538135973945857f,0f,1f,0f,1.0625f,0.644657488627591f,0f,-0.7644715314230917f,-0.1789972107636023f,0f,0f,0f,1f],start_interpolation:0}
execute if entity @s[tag=aj.tultaria.bone.right_wing] run data modify entity @s {} merge value {transformation:[-0.17467937053253618f,0f,-0.9846253691177963f,-0.24780576954121747f,0f,1f,0f,1.0625f,0.9846253691177963f,0f,-0.17467937053253618f,-0.07070042844343338f,0f,0f,0f,1f],start_interpolation:0}
execute if entity @s[tag=aj.tultaria.bone.body] run data modify entity @s {} merge value {transformation:[-0.4993952784140715f,0f,-0.8663742585613516f,0.6828847684877115f,0f,1f,0f,0f,0.8663742585613516f,0f,-0.4993952784140715f,-0.18348949007364007f,0f,0f,0f,1f],start_interpolation:0}
execute if entity @s[tag=aj.tultaria.bone.left_hand] run data modify entity @s {} merge value {transformation:[-0.3535851118457395f,-0.4995640780635803f,0.7908307660868539f,0.4639352544877209f,-0.892816493081221f,-0.07195354861007444f,-0.4446362519234879f,0.9397243951307906f,0.27902737923577614f,-0.8632835100654375f,-0.4205773447130881f,-0.26890603618245124f,0f,0f,0f,1f],start_interpolation:0}
execute if entity @s[tag=aj.tultaria.bone.left_arm] run data modify entity @s {} merge value {transformation:[-0.3535851118457395f,-0.9354023565484059f,-0.000006687620371814695f,0.10924271715307814f,-0.892816493081221f,0.33748965055771984f,-0.29829422630781494f,1f,0.27902737923577614f,-0.10546642655421967f,-0.9544739674326888f,-0.18951936906029568f,0f,0f,0f,1f],start_interpolation:0}
execute if entity @s[tag=aj.tultaria.bone.rod] run data modify entity @s {} merge value {transformation:[-6.422982700632833e-7f,-0.000007282086028022135f,-0.000006823391826119799f,0.3698105333029825f,0.00000892816493081221f,0.0000026352646674384893f,-0.0000036528415104908793f,1.0222865073500045f,0.0000044581749517587f,-0.00000632665813941571f,0.00000633230391614902f,0.42419330447209436f,0f,0f,0f,1f],start_interpolation:0}
execute if entity @s[tag=aj.tultaria.bone.sword] run data modify entity @s {} merge value {transformation:[-6.422982700632833e-7f,-0.000009974079042540432f,3.243457806560946e-7f,0.36932372205586017f,0.00000892816493081221f,-7.195354861007444e-7f,-0.000004446362519234879f,1.0293446984498793f,0.0000044581749517587f,3.992167013188719e-9f,0.000008951237912273017f,0.48008402891012014f,0f,0f,0f,1f],start_interpolation:0}
execute if entity @s[tag=aj.tultaria.bone.right_hand] run data modify entity @s {} merge value {transformation:[-0.06422982700632832f,-0.9974079042540431f,0.032434578065609454f,-0.00016310853408252335f,0.892816493081221f,-0.07195354861007444f,-0.4446362519234879f,0.9397243951307906f,0.44581749517587f,0.0003992167013188719f,0.8951237912273017f,0.5362334846385017f,0f,0f,0f,1f],start_interpolation:0}
execute if entity @s[tag=aj.tultaria.bone.right_arm] run data modify entity @s {} merge value {transformation:[-0.06422982700632832f,-0.5600946963138721f,-0.8259349008752493f,-0.10924271715307814f,0.892816493081221f,0.33748965055771984f,-0.29829422630781494f,1f,0.44581749517587f,-0.7565676882655635f,0.4783848806845945f,0.18951936906029568f,0f,0f,0f,1f],start_interpolation:0}
execute if entity @s[tag=aj.tultaria.bone.skirt] run data modify entity @s {} merge value {transformation:[-0.4993952784140715f,0.03779071438754337f,-0.865549662240019f,0.05232541415308509f,0f,0.9990482215818578f,0.043619387365336f,0.45044340290301693f,0.8663742585613516f,0.021783316097563205f,-0.49891996476595485f,0.030161404855798903f,0f,0f,0f,1f],start_interpolation:0}
execute if entity @s[tag=aj.tultaria.bone.left_foot] run data modify entity @s {} merge value {transformation:[-0.4993952784140715f,0.21545851660415727f,-0.8391555180778281f,0.09418264433367307f,0f,0.9685831611286313f,0.2486898871648548f,-0.015739811491814415f,0.8663742585613516f,0.12419455543945668f,-0.48370585741901423f,-0.08999070706541629f,0f,0f,0f,1f],start_interpolation:0}
execute if entity @s[tag=aj.tultaria.bone.left_leg] run data modify entity @s {} merge value {transformation:[-0.4993952784140715f,0.16501512650132297f,-0.8505141762037152f,0.06006249015253748f,0f,0.981693728546399f,0.1904663312311899f,0.4375594861511339f,0.8663742585613516f,0.09511798651370684f,-0.4902532128847768f,-0.10965823957626665f,0f,0f,0f,1f],start_interpolation:0}
execute if entity @s[tag=aj.tultaria.bone.right_foot] run data modify entity @s {} merge value {transformation:[-0.4993952784140715f,0.42319692852365587f,-0.7559819545371935f,0.09066861285980213f,0f,0.8725812742780831f,0.48846895477526187f,0.019426084667025056f,0.8663742585613516f,0.24393908966662237f,-0.4357629684070086f,0.19654263210139028f,0f,0f,0f,1f],start_interpolation:0}
execute if entity @s[tag=aj.tultaria.bone.right_leg] run data modify entity @s {} merge value {transformation:[-0.4993952784140715f,-0.10978552899454075f,-0.8593901870053675f,-0.0647863294509804f,0f,0.9919387360751215f,-0.1267183643900546f,0.4375594861511339f,0.8663742585613516f,-0.06328255286474707f,-0.49536952127193745f,0.10693532506407126f,0f,0f,0f,1f],start_interpolation:0}
execute if entity @s[tag=aj.tultaria.bone.lower] run data modify entity @s {} merge value {transformation:[-0.4993952784140715f,0.03779071438754337f,-0.865549662240019f,0f,0f,0.9990482215818578f,0.043619387365336f,0.5f,0.8663742585613516f,0.021783316097563205f,-0.49891996476595485f,0f,0f,0f,0f,1f],start_interpolation:0}