execute if entity @s[tag=aj.tultaria.bone.head] run data modify entity @s {} merge value {transformation:[0.9867026696968689f,-0.12824836751060634f,-0.09985087803287576f,0f,0.15857482497221126f,0.8943781643051114f,0.41826035444355913f,1.59375f,0.03566323734750304f,-0.4285324438652034f,0.9028222848694045f,0f,0f,0f,0f,1f],start_interpolation:0}
execute if entity @s[tag=aj.tultaria.bone.bust] run data modify entity @s {} merge value {transformation:[0.9602936856769426f,0f,0.2789911060392314f,-0.619642395858087f,0f,1f,0f,0.4375f,-0.2789911060392314f,0f,0.9602936856769426f,-0.3406512898188556f,0f,0f,0f,1f],start_interpolation:0}
execute if entity @s[tag=aj.tultaria.bone.left_wing] run data modify entity @s {} merge value {transformation:[0.9587462657372137f,0f,-0.2842632546337082f,0.010638725500608293f,0f,1f,0f,1.5f,0.2842632546337082f,0f,0.9587462657372137f,0.2606402116333385f,0f,0f,0f,1f],start_interpolation:0}
execute if entity @s[tag=aj.tultaria.bone.right_wing] run data modify entity @s {} merge value {transformation:[0.6571803769720237f,0f,0.7537333428493853f,0.13067543621022615f,0f,1f,0f,1.5f,-0.7537333428493853f,0f,0.6571803769720237f,0.2257663233784346f,0f,0f,0f,1f],start_interpolation:0}
execute if entity @s[tag=aj.tultaria.bone.body] run data modify entity @s {} merge value {transformation:[0.9602936856769426f,0f,0.2789911060392314f,-0.619642395858087f,0f,1f,0f,0.4375f,-0.2789911060392314f,0f,0.9602936856769426f,-0.3406512898188556f,0f,0f,0f,1f],start_interpolation:0}
execute if entity @s[tag=aj.tultaria.bone.left_hand] run data modify entity @s {} merge value {transformation:[0.23790570837874683f,-0.6300451383475679f,-0.739218504615111f,-0.4399991183623514f,-0.967708181588648f,-0.08846873774562612f,-0.23603846662797934f,1.4531012771402f,0.08331716034046471f,0.7715026935055314f,-0.6307470528718397f,-0.2264228499811208f,0f,0f,0f,1f],start_interpolation:0}
execute if entity @s[tag=aj.tultaria.bone.left_arm] run data modify entity @s {} merge value {transformation:[0.23790570837874683f,0.3577436348119865f,-0.9030062932628515f,-0.2100642437418312f,-0.967708181588648f,0.16705182791358997f,-0.1887711897433515f,1.4375f,0.08331716034046471f,0.9187563216338903f,0.385934025774568f,0.061029304446081865f,0f,0f,0f,1f],start_interpolation:0}
execute if entity @s[tag=aj.tultaria.bone.rod] run data modify entity @s {} merge value {transformation:[0.0000015622686622853147f,0.000004661140884511274f,0.000008708219237110349f,-0.14010003910438423f,0.00000967708181588648f,0.0000010434755599057228f,-0.000002294612447564653f,1.5157818621233072f,-0.000001978232583767758f,0.000008785495114711347f,-0.0000043476052527687735f,-0.42853447408108697f,0f,0f,0f,1f],start_interpolation:0}
execute if entity @s[tag=aj.tultaria.bone.sword] run data modify entity @s {} merge value {transformation:[0.0000015622686622853147f,0.000009453565202123655f,0.0000028617165471160868f,-0.12180365322013609f,0.00000967708181588648f,-8.846873774562613e-7f,-0.0000023603846662797936f,1.534958439674766f,-0.000001978232583767758f,0.0000031380620155386236f,-0.000009286504327848731f,-0.4782469399421521f,0f,0f,0f,1f],start_interpolation:0}
execute if entity @s[tag=aj.tultaria.bone.right_hand] run data modify entity @s {} merge value {transformation:[0.15622686622853146f,0.9453565202123654f,0.28617165471160866f,0.25018011281420377f,0.967708181588648f,-0.08846873774562612f,-0.23603846662797934f,1.4531012771402f,-0.19782325837677578f,0.31380620155386235f,-0.9286504327848731f,-0.4269384525964977f,0f,0f,0f,1f],start_interpolation:0}
execute if entity @s[tag=aj.tultaria.bone.right_arm] run data modify entity @s {} merge value {transformation:[0.15622686622853146f,0.19024131414542883f,0.9692272224100151f,0.2100642437418312f,0.967708181588648f,0.16705182791358997f,-0.1887711897433515f,1.4375f,-0.19782325837677578f,0.9674202443524473f,-0.15800009260201958f,-0.061029304446081865f,0f,0f,0f,1f],start_interpolation:0}
execute if entity @s[tag=aj.tultaria.bone.skirt] run data modify entity @s {} merge value {transformation:[0.9602936856769426f,-0.017874360406088752f,0.2784179313353702f,-0.016849906405080814f,0f,0.997945544888515f,0.06406785026177601f,0.8879434029030169f,-0.2789911060392314f,-0.06152395206127936f,0.9583208054058767f,-0.05799775826105097f,0f,0f,0f,1f],start_interpolation:0}
execute if entity @s[tag=aj.tultaria.bone.left_foot] run data modify entity @s {} merge value {transformation:[0.9602936856769426f,-0.06015229286987756f,0.272429328288072f,-0.12214345790234199f,0f,0.9764803335693553f,0.21560648912377522f,0.4201687051594697f,-0.2789911060392314f,-0.20704555009653577f,0.9377078985143665f,0.02762241685421285f,0f,0f,0f,1f],start_interpolation:0}
execute if entity @s[tag=aj.tultaria.bone.left_leg] run data modify entity @s {} merge value {transformation:[0.9602936856769426f,-0.07056592064610348f,0.26991941036605993f,-0.11927612188925478f,0f,0.9674839251976163f,0.2529325097416567f,0.8750594861511339f,-0.2789911060392314f,-0.24288949200733473f,0.9290687043612145f,0.03749185214615572f,0f,0f,0f,1f],start_interpolation:0}
execute if entity @s[tag=aj.tultaria.bone.right_foot] run data modify entity @s {} merge value {transformation:[0.9602936856769426f,-0.1486005887019582f,0.23612264246874998f,0.08078975778926874f,0f,0.8463446947141988f,0.5326355768526261f,0.4432406968573374f,-0.2789911060392314f,-0.5114865812184727f,0.8127394662402248f,-0.1699627862722183f,0f,0f,0f,1f],start_interpolation:0}
execute if entity @s[tag=aj.tultaria.bone.right_leg] run data modify entity @s {} merge value {transformation:[0.9602936856769426f,0.01180546080537018f,0.27874122110690147f,0.12079729952998088f,0f,0.9991043265289797f,-0.04231482850105663f,0.8750594861511339f,-0.2789911060392314f,0.04063466262006741f,0.9594335760982935f,-0.03225592436365213f,0f,0f,0f,1f],start_interpolation:0}
execute if entity @s[tag=aj.tultaria.bone.lower] run data modify entity @s {} merge value {transformation:[0.9602936856769426f,-0.012169421125808766f,0.2787255683256496f,0f,0f,0.9990482215818578f,0.043619387365336f,0.9375f,-0.2789911060392314f,-0.04188742226002877f,0.959379698871837f,0f,0f,0f,0f,1f],start_interpolation:0}