execute if entity @s[tag=aj.tultaria.bone.head] run data modify entity @s {} merge value {transformation:[-0.9997098293010622f,-0.0069730402915120305f,-0.023057187771582402f,0f,-0.01049743357352465f,0.9876278847366116f,0.1564639421050604f,1.59375f,0.021680892214355405f,0.15666058215064568f,-0.9874145030902728f,0f,0f,0f,0f,1f],start_interpolation:0}
execute if entity @s[tag=aj.tultaria.bone.left_wing] run data modify entity @s {} merge value {transformation:[-0.7991184249458063f,0f,-0.6011736379051676f,0.062499999999999944f,0f,1f,0f,1.5f,0.6011736379051676f,0f,-0.7991184249458063f,-0.21051562500000004f,0f,0f,0f,1f],start_interpolation:0}
execute if entity @s[tag=aj.tultaria.bone.right_wing] run data modify entity @s {} merge value {transformation:[-0.7991184249458068f,0f,0.601173637905167f,-0.0625f,0f,1f,0f,1.5f,-0.601173637905167f,0f,-0.7991184249458068f,-0.21051562499999993f,0f,0f,0f,1f],start_interpolation:0}
execute if entity @s[tag=aj.tultaria.bone.left_hand] run data modify entity @s {} merge value {transformation:[-0.2573521327420152f,-0.9375475183896413f,0.23403959180993644f,0.5643956648803159f,-0.9662530209230676f,0.2468712756760584f,-0.07355047792585488f,1.440989615210878f,0.01117941546693437f,-0.24506983496036594f,-0.9694409712108916f,-0.127511114947382f,0f,0f,0f,1f],start_interpolation:0}
execute if entity @s[tag=aj.tultaria.bone.left_arm] run data modify entity @s {} merge value {transformation:[-0.2573521327420152f,-0.9615298193910188f,-0.09607437845238148f,0.21875f,-0.9662530209230676f,0.2572101127806009f,0.014073288188502772f,1.4375f,0.01117941546693437f,0.09645394914292386f,-0.9952746637810851f,-8.036744619404505e-17f,0f,0f,0f,1f],start_interpolation:0}
execute if entity @s[tag=aj.tultaria.bone.sword] run data modify entity @s {} merge value {transformation:[-0.000002573521327420152f,0.000009375475183896411f,-0.0000023403959180993717f,-0.905733895314468f,0.000009662530209230677f,0.000002468712756760584f,-7.355047792585488e-7f,1.3843544248241595f,-1.117941546693418e-7f,-0.000002450698349603666f,-0.000009694409712108914f,0.03977829230526511f,0f,0f,0f,1f],start_interpolation:0}
execute if entity @s[tag=aj.tultaria.bone.right_hand] run data modify entity @s {} merge value {transformation:[-0.2573521327420152f,0.9375475183896411f,-0.23403959180993714f,-0.5643956648803159f,0.9662530209230676f,0.2468712756760584f,-0.07355047792585488f,1.440989615210878f,-0.011179415466934179f,-0.24506983496036658f,-0.9694409712108913f,-0.12751111494738157f,0f,0f,0f,1f],start_interpolation:0}
execute if entity @s[tag=aj.tultaria.bone.right_arm] run data modify entity @s {} merge value {transformation:[-0.2573521327420152f,0.9615298193910188f,0.09607437845238076f,-0.21875f,0.9662530209230676f,0.2572101127806009f,0.014073288188502772f,1.4375f,-0.011179415466934179f,0.09645394914292317f,-0.9952746637810851f,8.036744619404505e-17f,0f,0f,0f,1f],start_interpolation:0}
execute if entity @s[tag=aj.tultaria.bone.skirt] run data modify entity @s {} merge value {transformation:[-1f,-2.2187538307789143e-16f,-2.9283048820709585e-16f,2.2189077176545917e-17f,0f,0.7970474654705227f,-0.6039166646044931f,0.8879434029030169f,3.6739403974420594e-16f,-0.6039166646044931f,-0.7970474654705227f,0.060395855066115986f,0f,0f,0f,1f],start_interpolation:0}
execute if entity @s[tag=aj.tultaria.bone.left_foot] run data modify entity @s {} merge value {transformation:[-1f,-8.75794932781231e-17f,-3.5680276455867654e-16f,0.12500000000000014f,0f,0.9711718916482601f,-0.23838027785943233f,0.6062292030197654f,3.6739403974420594e-16f,-0.23838027785943233f,-0.9711718916482601f,0.36437258816717655f,0f,0f,0f,1f],start_interpolation:0}
execute if entity @s[tag=aj.tultaria.bone.left_leg] run data modify entity @s {} merge value {transformation:[-1f,-2.253754234129248e-16f,-2.901453066327492e-16f,0.125f,0f,0.7897387416376151f,-0.6134433306807044f,0.8750594861511339f,3.6739403974420594e-16f,-0.6134433306807044f,-0.7897387416376151f,-0.002726211710333546f,0f,0f,0f,1f],start_interpolation:0}
execute if entity @s[tag=aj.tultaria.bone.right_foot] run data modify entity @s {} merge value {transformation:[-1f,-1.9803594562118287e-16f,-3.094513607685238e-16f,-0.12499999999999983f,0f,0.8422873734804623f,-0.53902873807932f,0.7528937865411289f,3.6739403974420594e-16f,-0.53902873807932f,-0.8422873734804623f,0.43557367631018395f,0f,0f,0f,1f],start_interpolation:0}
execute if entity @s[tag=aj.tultaria.bone.right_leg] run data modify entity @s {} merge value {transformation:[-1f,-3.131880650744884e-16f,-1.920719040736182e-16f,-0.125f,0f,0.52279537307504f,-0.8524582088825997f,0.8750594861511339f,3.6739403974420594e-16f,-0.8524582088825997f,-0.52279537307504f,-0.002726211710333454f,0f,0f,0f,1f],start_interpolation:0}