execute if entity @s[tag=aj.tultaria.bone.head] run data modify entity @s {} merge value {transformation:[-0.9998714109202781f,-0.00496511988065902f,-0.015248252649505223f,0f,-0.006988922962918297f,0.9907275189883231f,0.13568396395691082f,1.59375f,0.014433176369422355f,0.1357730853439391f,-0.9906348230887487f,0f,0f,0f,0f,1f],start_interpolation:0}
execute if entity @s[tag=aj.tultaria.bone.bust] run data modify entity @s {} merge value {transformation:[-1f,0f,-3.6739403974420594e-16f,0.5000000000000002f,0f,1f,0f,0.4375f,3.6739403974420594e-16f,0f,-1f,0.49999999999999983f,0f,0f,0f,1f],start_interpolation:0}
execute if entity @s[tag=aj.tultaria.bone.left_wing] run data modify entity @s {} merge value {transformation:[-0.7998119791535078f,0f,-0.6002506126632016f,0.062499999999999944f,0f,1f,0f,1.5f,0.6002506126632016f,0f,-0.7998119791535078f,-0.22460937500000006f,0f,0f,0f,1f],start_interpolation:0}
execute if entity @s[tag=aj.tultaria.bone.right_wing] run data modify entity @s {} merge value {transformation:[-0.7998119791535082f,0f,0.6002506126632009f,-0.0625f,0f,1f,0f,1.5f,-0.6002506126632009f,0f,-0.7998119791535082f,-0.22460937499999994f,0f,0f,0f,1f],start_interpolation:0}
execute if entity @s[tag=aj.tultaria.bone.body] run data modify entity @s {} merge value {transformation:[-1f,0f,-3.6739403974420594e-16f,0.5000000000000002f,0f,1f,0f,0.4375f,3.6739403974420594e-16f,0f,-1f,0.49999999999999983f,0f,0f,0f,1f],start_interpolation:0}
execute if entity @s[tag=aj.tultaria.bone.left_hand] run data modify entity @s {} merge value {transformation:[-0.2576758060025792f,-0.929394365591418f,0.2642523267784921f,0.5670034275938283f,-0.9661919563074125f,0.24536980759573537f,-0.07916287695180758f,1.4405672331598425f,0.008733989224652716f,-0.27571683069293684f,-0.9611992232127875f,-0.12021784289319738f,0f,0f,0f,1f],start_interpolation:0}
execute if entity @s[tag=aj.tultaria.bone.left_arm] run data modify entity @s {} merge value {transformation:[-0.2576758060025792f,-0.9633082337161732f,-0.07510276862771392f,0.21875f,-0.9661919563074125f,0.2575883455561305f,0.011015797770053695f,1.4375f,0.008733989224652716f,0.07540219551367389f,-0.9971149514193143f,-8.036744619404505e-17f,0f,0f,0f,1f],start_interpolation:0}
execute if entity @s[tag=aj.tultaria.bone.sword] run data modify entity @s {} merge value {transformation:[-0.0000025767580600257925f,0.000009293943655914178f,-0.0000026425232677849276f,-0.9029339705986208f,0.000009661919563074125f,0.000002453698075957354f,-7.916287695180759e-7f,1.3849316537079084f,-8.733989224652525e-8f,-0.000002757168306929375f,-0.000009611992232127873f,0.057996720766883225f,0f,0f,0f,1f],start_interpolation:0}
execute if entity @s[tag=aj.tultaria.bone.right_hand] run data modify entity @s {} merge value {transformation:[-0.2576758060025792f,0.9293943655914177f,-0.26425232677849275f,-0.5670034275938283f,0.9661919563074125f,0.24536980759573537f,-0.07916287695180758f,1.4405672331598425f,-0.008733989224652525f,-0.2757168306929375f,-0.9611992232127873f,-0.12021784289319695f,0f,0f,0f,1f],start_interpolation:0}
execute if entity @s[tag=aj.tultaria.bone.right_arm] run data modify entity @s {} merge value {transformation:[-0.2576758060025792f,0.9633082337161732f,0.0751027686277132f,-0.21875f,0.9661919563074125f,0.2575883455561305f,0.011015797770053695f,1.4375f,-0.008733989224652525f,0.07540219551367316f,-0.9971149514193143f,8.036744619404505e-17f,0f,0f,0f,1f],start_interpolation:0}
execute if entity @s[tag=aj.tultaria.bone.skirt] run data modify entity @s {} merge value {transformation:[-1f,-2.4128768574903896e-16f,-2.7705348426872417e-16f,2.2189077176545917e-17f,0f,0.7541044608715473f,-0.6567544914910237f,0.8879434029030169f,3.6739403974420594e-16f,-0.6567544914910237f,-0.7541044608715473f,0.060395855066115986f,0f,0f,0f,1f],start_interpolation:0}
execute if entity @s[tag=aj.tultaria.bone.left_foot] run data modify entity @s {} merge value {transformation:[-1f,-1.1341121192349452e-16f,-3.4945139497448196e-16f,0.12500000000000014f,0f,0.9511623956060464f,-0.308690941209759f,0.6302910773947197f,3.6739403974420594e-16f,-0.308690941209759f,-0.9511623956060464f,0.3808356165192922f,0f,0f,0f,1f],start_interpolation:0}
execute if entity @s[tag=aj.tultaria.bone.left_leg] run data modify entity @s {} merge value {transformation:[-1f,-2.434944597630574e-16f,-2.7511602734894235e-16f,0.125f,0f,0.7488309487559701f,-0.6627610505945817f,0.8750594861511339f,3.6739403974420594e-16f,-0.6627610505945817f,-0.7488309487559701f,-0.002726211710333546f,0f,0f,0f,1f],start_interpolation:0}
execute if entity @s[tag=aj.tultaria.bone.right_foot] run data modify entity @s {} merge value {transformation:[-1f,-2.268900872136045e-16f,-2.889624002595668e-16f,-0.12499999999999983f,0f,0.7865190204521383f,-0.6175660535254579f,0.7786379991752441f,3.6739403974420594e-16f,-0.6175660535254579f,-0.7865190204521383f,0.44194686690963236f,0f,0f,0f,1f],start_interpolation:0}
execute if entity @s[tag=aj.tultaria.bone.right_leg] run data modify entity @s {} merge value {transformation:[-1f,-3.2384673563814156e-16f,-1.7349833502396161e-16f,-0.125f,0f,0.4722404727761994f,-0.8814697589095792f,0.8750594861511339f,3.6739403974420594e-16f,-0.8814697589095792f,-0.4722404727761994f,-0.002726211710333454f,0f,0f,0f,1f],start_interpolation:0}
execute if entity @s[tag=aj.tultaria.bone.lower] run data modify entity @s {} merge value {transformation:[-1f,1.6025502935318168e-17f,-3.670443620262233e-16f,0f,0f,0.9990482215818578f,0.043619387365336f,0.9375f,3.6739403974420594e-16f,0.043619387365336f,-0.9990482215818578f,0f,0f,0f,0f,1f],start_interpolation:0}