execute if entity @s[tag=aj.tultaria.bone.head] run data modify entity @s {} merge value {transformation:[-0.9997893243086273f,-0.004056181924958869f,-0.02012099368048573f,0f,-0.008945179967347679f,0.9683959762062027f,0.249257330931284f,1.59375f,0.01847405623706585f,0.24938480438035415f,-0.9682282419916919f,0f,0f,0f,0f,1f],start_interpolation:0}
execute if entity @s[tag=aj.tultaria.bone.left_wing] run data modify entity @s {} merge value {transformation:[-0.8484685727175735f,0f,-0.5292457662661116f,0.06250000000000006f,0f,1f,0f,1.5f,0.5292457662661116f,0f,-0.8484685727175735f,-0.172f,0f,0f,0f,1f],start_interpolation:0}
execute if entity @s[tag=aj.tultaria.bone.right_wing] run data modify entity @s {} merge value {transformation:[-0.8484685727175737f,0f,0.5292457662661114f,-0.0625f,0f,1f,0f,1.5f,-0.5292457662661114f,0f,-0.8484685727175737f,-0.17199999999999988f,0f,0f,0f,1f],start_interpolation:0}
execute if entity @s[tag=aj.tultaria.bone.left_hand] run data modify entity @s {} merge value {transformation:[-0.2583584403324988f,-0.9088486594245134f,0.32748287065314313f,0.5720319376255745f,-0.9660426511261284f,0.24181796158976337f,-0.09102565384424878f,1.4396808852895786f,0.003537303232678105f,-0.33987966652160345f,-0.9404622798236002f,-0.10454331057926833f,0f,0f,0f,1f],start_interpolation:0}
execute if entity @s[tag=aj.tultaria.bone.left_arm] run data modify entity @s {} merge value {transformation:[-0.2583584403324988f,-0.9655694571468729f,-0.03043911519823802f,0.21875f,-0.9660426511261284f,0.25834380055970296f,0.00448072734828772f,1.4375f,0.003537303232678105f,0.030563117273298274f,-0.9995265796107569f,-2.678914873134835e-17f,0f,0f,0f,1f],start_interpolation:0}
execute if entity @s[tag=aj.tultaria.bone.rod] run data modify entity @s {} merge value {transformation:[-0.000002583584403324988f,0.000008742184087126512f,0.000004110876915901018f,-0.8719148260781241f,0.000009660426511261285f,0.0000023535597754803745f,0.0000010662626335762214f,1.3603773564239485f,-3.537303232678042e-8f,0.000004246760385285798f,-0.000009053384724982764f,0.14046934934428312f,0f,0f,0f,1f],start_interpolation:0}
execute if entity @s[tag=aj.tultaria.bone.sword] run data modify entity @s {} merge value {transformation:[-0.000002583584403324988f,0.000009088486594245134f,-0.0000032748287065314337f,-0.8953392869003808f,0.000009660426511261285f,0.000002418179615897634f,-9.102565384424879e-7f,1.3862993617476909f,-3.537303232678042e-8f,-0.000003398796665216037f,-0.000009404622798236002f,0.09627463925153076f,0f,0f,0f,1f],start_interpolation:0}
execute if entity @s[tag=aj.tultaria.bone.right_hand] run data modify entity @s {} merge value {transformation:[-0.2583584403324988f,0.9088486594245133f,-0.32748287065314335f,-0.5720319376255745f,0.9660426511261284f,0.24181796158976337f,-0.09102565384424878f,1.4396808852895786f,-0.0035373032326780417f,-0.3398796665216037f,-0.9404622798236001f,-0.10454331057926819f,0f,0f,0f,1f],start_interpolation:0}
execute if entity @s[tag=aj.tultaria.bone.right_arm] run data modify entity @s {} merge value {transformation:[-0.2583584403324988f,0.9655694571468729f,0.030439115198237776f,-0.21875f,0.9660426511261284f,0.25834380055970296f,0.00448072734828772f,1.4375f,-0.0035373032326780417f,0.030563117273298038f,-0.9995265796107569f,2.678914873134835e-17f,0f,0f,0f,1f],start_interpolation:0}
execute if entity @s[tag=aj.tultaria.bone.skirt] run data modify entity @s {} merge value {transformation:[-1f,-4.3856749853994005e-17f,-1.1434239510725135e-16f,7.39635905884864e-18f,0f,0.9336765113570784f,-0.35811753955939607f,0.8879434029030169f,1.2246467991473532e-16f,-0.35811753955939607f,-0.9336765113570784f,0.060395855066115986f,0f,0f,0f,1f],start_interpolation:0}
execute if entity @s[tag=aj.tultaria.bone.left_foot] run data modify entity @s {} merge value {transformation:[-1f,4.8039196367420414e-18f,-1.223704220093332e-16f,0.12500000000000003f,0f,0.9992303257929737f,0.039226980710574844f,0.514156736468986f,1.2246467991473532e-16f,0.039226980710574844f,-0.9992303257929737f,0.2743666522754878f,0f,0f,0f,1f],start_interpolation:0}
execute if entity @s[tag=aj.tultaria.bone.left_leg] run data modify entity @s {} merge value {transformation:[-1f,-4.502428462563685e-17f,-1.1388771496771816e-16f,0.125f,0f,0.9299637662631481f,-0.3676511844638349f,0.8750594861511339f,1.2246467991473532e-16f,-0.3676511844638349f,-0.9299637662631481f,-0.002726211710333515f,0f,0f,0f,1f],start_interpolation:0}
execute if entity @s[tag=aj.tultaria.bone.right_foot] run data modify entity @s {} merge value {transformation:[-1f,-1.9612178746305963e-17f,-1.208840778243418e-16f,-0.12499999999999996f,0f,0.9870934044698112f,-0.1601455926717869f,0.6407451185607509f,1.2246467991473532e-16f,-0.1601455926717869f,-0.9870934044698112f,0.387309718866221f,0f,0f,0f,1f],start_interpolation:0}
execute if entity @s[tag=aj.tultaria.bone.right_leg] run data modify entity @s {} merge value {transformation:[-1f,-8.361325575860102e-17f,-8.947860799132579e-17f,-0.125f,0f,0.7306482820485406f,-0.6827540464468272f,0.8750594861511339f,1.2246467991473532e-16f,-0.6827540464468272f,-0.7306482820485406f,-0.002726211710333485f,0f,0f,0f,1f],start_interpolation:0}