execute if entity @s[tag=aj.tultaria.bone.head] run data modify entity @s {} merge value {transformation:[-0.9999725262744857f,-0.000846119020112285f,-0.0073641549974748375f,0f,-0.003230720818094472f,0.9438890439004076f,0.3302469307166532f,1.15625f,0.006671517010287869f,0.3302616491319847f,-0.9438658453262324f,0f,0f,0f,0f,1f],start_interpolation:0}
execute if entity @s[tag=aj.tultaria.bone.left_wing] run data modify entity @s {} merge value {transformation:[-0.8974983646528785f,0f,-0.44101778359314364f,0.06250000000000006f,0f,1f,0f,1.0625f,0.44101778359314364f,0f,-0.8974983646528785f,-0.14400000000000007f,0f,0f,0f,1f],start_interpolation:0}
execute if entity @s[tag=aj.tultaria.bone.right_wing] run data modify entity @s {} merge value {transformation:[-0.8974983646528785f,0f,0.4410177835931434f,-0.0625f,0f,1f,0f,1.0625f,-0.4410177835931434f,0f,-0.8974983646528785f,-0.14399999999999996f,0f,0f,0f,1f],start_interpolation:0}
execute if entity @s[tag=aj.tultaria.bone.skirt] run data modify entity @s {} merge value {transformation:[-1f,-1.4707250303552328e-17f,-1.2157834764104685e-16f,7.39635905884864e-18f,0f,0.9927625477459656f,-0.12009381246733414f,0.45044340290301693f,1.2246467991473532e-16f,-0.12009381246733414f,-0.9927625477459656f,0.060395855066115986f,0f,0f,0f,1f],start_interpolation:0}
execute if entity @s[tag=aj.tultaria.bone.left_foot] run data modify entity @s {} merge value {transformation:[-1f,3.348266596114259e-17f,-1.1779859467223337e-16f,0.12500000000000003f,0f,0.9618985225311437f,0.2734067159972534f,0.01889305389020135f,1.2246467991473532e-16f,0.2734067159972534f,-0.9618985225311437f,0.17545815488197455f,0f,0f,0f,1f],start_interpolation:0}
execute if entity @s[tag=aj.tultaria.bone.left_leg] run data modify entity @s {} merge value {transformation:[-1f,-1.515632866656587e-17f,-1.2152318103131442e-16f,0.125f,0f,0.9923120781920434f,-0.12376081558469179f,0.4375594861511339f,1.2246467991473532e-16f,-0.12376081558469179f,-0.9923120781920434f,-0.002726211710333515f,0f,0f,0f,1f],start_interpolation:0}
execute if entity @s[tag=aj.tultaria.bone.right_foot] run data modify entity @s {} merge value {transformation:[-1f,2.4038331666618543e-17f,-1.2008229027339636e-16f,-0.12499999999999996f,0f,0.9805463122673601f,0.19628787404952164f,0.11659889028868681f,1.2246467991473532e-16f,0.19628787404952164f,-0.9805463122673601f,0.31978820022132404f,0f,0f,0f,1f],start_interpolation:0}
execute if entity @s[tag=aj.tultaria.bone.right_leg] run data modify entity @s {} merge value {transformation:[-1f,-5.973243661905575e-17f,-1.069094656341012e-16f,-0.125f,0f,0.8729820361963607f,-0.4877523597876856f,0.4375594861511339f,1.2246467991473532e-16f,-0.4877523597876856f,-0.8729820361963607f,-0.002726211710333485f,0f,0f,0f,1f],start_interpolation:0}