execute if entity @s[tag=aj.tultaria.bone.head] run data modify entity @s {} merge value {transformation:[-0.9996708297361413f,-0.007052768410177747f,-0.024667602891386843f,0f,-0.011180317543230671f,0.9851331868921867f,0.17142813241494712f,1.15625f,0.023091831332470926f,0.1716474950047233f,-0.984887762531506f,0f,0f,0f,0f,1f],start_interpolation:0}
execute if entity @s[tag=aj.tultaria.bone.left_wing] run data modify entity @s {} merge value {transformation:[-0.8045051013616862f,0f,-0.5939457398475243f,0.0625f,0f,1f,0f,1.0625f,0.5939457398475243f,0f,-0.8045051013616862f,-0.20300000000000012f,0f,0f,0f,1f],start_interpolation:0}
execute if entity @s[tag=aj.tultaria.bone.right_wing] run data modify entity @s {} merge value {transformation:[-0.8045051013616864f,0f,0.5939457398475241f,-0.0625f,0f,1f,0f,1.0625f,-0.5939457398475241f,0f,-0.8045051013616864f,-0.203f,0f,0f,0f,1f],start_interpolation:0}
execute if entity @s[tag=aj.tultaria.bone.left_hand] run data modify entity @s {} merge value {transformation:[-0.2574158338946263f,-0.9360232557357764f,0.2399949024086381f,0.5649200059083024f,-0.9662414907202468f,0.24658489985694307f,-0.07465432856343021f,1.0034063835121518f,0.010699068700099453f,-0.2511102385095814f,-0.9678993635934532f,-0.12608295309364423f,0f,0f,0f,1f],start_interpolation:0}
execute if entity @s[tag=aj.tultaria.bone.left_arm] run data modify entity @s {} merge value {transformation:[-0.2574158338946263f,-0.9619151735504461f,-0.09195807389103712f,0.21875f,-0.9662414907202468f,0.2572855321052794f,0.013473551128729493f,1f,0.010699068700099453f,0.09232201179956209f,-0.995671721033711f,-2.678914873134835e-17f,0f,0f,0f,1f],start_interpolation:0}
execute if entity @s[tag=aj.tultaria.bone.rod] run data modify entity @s {} merge value {transformation:[-0.0000025741583389462634f,0.000008315704144224293f,0.000004921663685357256f,-0.8859293640081387f,0.000009662414907202469f,0.0000022715043679918024f,0.0000012157327285492011f,0.920268837136227f,-1.0699068700099391e-7f,0.0000050684645102757804f,-0.00000861969955978571f,0.08907080679663071f,0f,0f,0f,1f],start_interpolation:0}
execute if entity @s[tag=aj.tultaria.bone.sword] run data modify entity @s {} merge value {transformation:[-0.0000025741583389462634f,0.000009360232557357764f,-0.000002399949024086384f,-0.9052233698677508f,0.000009662414907202469f,0.000002465848998569431f,-7.465432856343022e-7f,0.9469644620698239f,-1.0699068700099391e-7f,-0.0000025111023850958164f,-0.000009678993635934531f,0.04336617823130945f,0f,0f,0f,1f],start_interpolation:0}
execute if entity @s[tag=aj.tultaria.bone.right_hand] run data modify entity @s {} merge value {transformation:[-0.2574158338946263f,0.9360232557357763f,-0.23999490240863836f,-0.5649200059083024f,0.9662414907202468f,0.24658489985694307f,-0.07465432856343021f,1.0034063835121518f,-0.01069906870009939f,-0.25111023850958164f,-0.9678993635934531f,-0.1260829530936441f,0f,0f,0f,1f],start_interpolation:0}
execute if entity @s[tag=aj.tultaria.bone.right_arm] run data modify entity @s {} merge value {transformation:[-0.2574158338946263f,0.9619151735504461f,0.09195807389103687f,-0.21875f,0.9662414907202468f,0.2572855321052794f,0.013473551128729493f,1f,-0.01069906870009939f,0.09232201179956187f,-0.995671721033711f,2.678914873134835e-17f,0f,0f,0f,1f],start_interpolation:0}
execute if entity @s[tag=aj.tultaria.bone.skirt] run data modify entity @s {} merge value {transformation:[-1f,-6.933930010381276e-17f,-1.0094384224771699e-16f,7.39635905884864e-18f,0f,0.8242690244893304f,-0.5661983532892053f,0.45044340290301693f,1.2246467991473532e-16f,-0.5661983532892053f,-0.8242690244893304f,0.060395855066115986f,0f,0f,0f,1f],start_interpolation:0}
execute if entity @s[tag=aj.tultaria.bone.left_foot] run data modify entity @s {} merge value {transformation:[-1f,-2.3513399490931778e-17f,-1.2018618003330678e-16f,0.12500000000000006f,0f,0.9813946365350814f,-0.19200147754685448f,0.15222580930065482f,1.2246467991473532e-16f,-0.19200147754685448f,-0.9813946365350814f,0.3516971831932569f,0f,0f,0f,1f],start_interpolation:0}
execute if entity @s[tag=aj.tultaria.bone.left_leg] run data modify entity @s {} merge value {transformation:[-1f,-7.062455500961731e-17f,-1.0004883835563568e-16f,0.125f,0f,0.8169607630975197f,-0.5766932560374867f,0.4375594861511339f,1.2246467991473532e-16f,-0.5766932560374867f,-0.8169607630975197f,-0.002726211710333515f,0f,0f,0f,1f],start_interpolation:0}
execute if entity @s[tag=aj.tultaria.bone.right_foot] run data modify entity @s {} merge value {transformation:[-1f,-5.897897537052734e-17f,-1.0732696907516447e-16f,-0.12499999999999994f,0f,0.8763912105097541f,-0.48159988179114815f,0.2967682177418448f,1.2246467991473532e-16f,-0.48159988179114815f,-0.8763912105097541f,0.4299504212844511f,0f,0f,0f,1f],start_interpolation:0}
execute if entity @s[tag=aj.tultaria.bone.right_leg] run data modify entity @s {} merge value {transformation:[-1f,-1.0156356900316245e-16f,-6.842835141926509e-17f,-0.125f,0f,0.5587598927862921f,-0.8293294774777099f,0.4375594861511339f,1.2246467991473532e-16f,-0.8293294774777099f,-0.5587598927862921f,-0.002726211710333485f,0f,0f,0f,1f],start_interpolation:0}