execute if entity @s[tag=aj.tultaria.bone.head] run data modify entity @s {} merge value {transformation:[-0.19419273859171732f,-0.21948471424844207f,0.956093949614539f,0f,0.03618105956061081f,0.9723822170586465f,0.23057266723786446f,1.59375f,-0.9802959304247469f,0.07936802983186086f,-0.18088837616963765f,0f,0f,0f,0f,1f],start_interpolation:0}
execute if entity @s[tag=aj.tultaria.bone.bust] run data modify entity @s {} merge value {transformation:[-0.5653989543781716f,0f,0.8248175691557923f,-0.12970930738881037f,0f,1f,0f,0.4375f,-0.8248175691557923f,0f,-0.5653989543781716f,0.6951082617669819f,0f,0f,0f,1f],start_interpolation:0}
execute if entity @s[tag=aj.tultaria.bone.left_wing] run data modify entity @s {} merge value {transformation:[-0.6950349206582179f,0f,0.718975979477496f,0.24154182693758386f,0f,1f,0f,1.5f,-0.718975979477496f,0f,-0.6950349206582179f,-0.0897986405223059f,0f,0f,0f,1f],start_interpolation:0}
execute if entity @s[tag=aj.tultaria.bone.right_wing] run data modify entity @s {} merge value {transformation:[-0.4199273361031509f,0f,0.9075577295099807f,0.1708669576403124f,0f,1f,0f,1.5f,-0.9075577295099807f,0f,-0.4199273361031509f,-0.19290083666677993f,0f,0f,0f,1f],start_interpolation:0}
execute if entity @s[tag=aj.tultaria.bone.body] run data modify entity @s {} merge value {transformation:[-0.5653989543781716f,0f,0.8248175691557923f,-0.12970930738881037f,0f,1f,0f,0.4375f,-0.8248175691557923f,0f,-0.5653989543781716f,0.6951082617669819f,0f,0f,0f,1f],start_interpolation:0}
execute if entity @s[tag=aj.tultaria.bone.left_hand] run data modify entity @s {} merge value {transformation:[-0.28492479882709054f,0.6131955451641788f,0.7367557820636005f,0.2912372936138125f,-0.48911596548780434f,0.5680152474406941f,-0.6619095489414095f,1.18283337461082f,-0.8243685045647213f,-0.5489534607466215f,0.13808210099803808f,0.3873394350822683f,0f,0f,0f,1f],start_interpolation:0}
execute if entity @s[tag=aj.tultaria.bone.left_arm] run data modify entity @s {} merge value {transformation:[-0.28492479882709054f,-0.15159705597741086f,0.9464862342540031f,0.12368102127022503f,-0.48911596548780434f,0.8721861374573918f,-0.007544132295287637f,1.4375f,-0.8243685045647213f,-0.46509103866462265f,-0.3226560001543244f,0.18042884325282957f,0f,0f,0f,1f],start_interpolation:0}
execute if entity @s[tag=aj.tultaria.bone.rod] run data modify entity @s {} merge value {transformation:[-0.0000066613256675363244f,0.00000421603701426956f,0.0000061523793970569455f,-0.5482872670867905f,0.000004891159654878044f,0.000008696881638712693f,-6.639329730593005e-7f,1.0525663504382359f,-0.000005630568140207084f,0.000002566959613342421f,-0.000007855407103514997f,-0.17897809314924212f,0f,0f,0f,1f],start_interpolation:0}
execute if entity @s[tag=aj.tultaria.bone.sword] run data modify entity @s {} merge value {transformation:[-0.0000066613256675363244f,0.0000073315775546148594f,0.0000013692008295678766f,-0.562685780909242f,0.000004891159654878044f,0.000005680152474406941f,-0.000006619095489414096f,1.0368242142531012f,-0.000005630568140207084f,-0.000003739497082250007f,-0.000007369726181502855f,-0.2311192100631838f,0f,0f,0f,1f],start_interpolation:0}
execute if entity @s[tag=aj.tultaria.bone.right_hand] run data modify entity @s {} merge value {transformation:[-0.6661325667536324f,0.7331577554614859f,0.13692008295678765f,-0.25623809841913486f,0.48911596548780434f,0.5680152474406941f,-0.6619095489414095f,1.18283337461082f,-0.5630568140207084f,-0.3739497082250007f,-0.7369726181502854f,-0.411330811002403f,0f,0f,0f,1f],start_interpolation:0}
execute if entity @s[tag=aj.tultaria.bone.right_arm] run data modify entity @s {} merge value {transformation:[-0.6661325667536324f,0.37911815188357784f,0.6422903007383794f,-0.12368102127022503f,0.48911596548780434f,0.8721861374573918f,-0.007544132295287637f,1.4375f,-0.5630568140207084f,0.30912904835931576f,-0.766424331323917f,-0.18042884325282957f,0f,0f,0f,1f],start_interpolation:0}
execute if entity @s[tag=aj.tultaria.bone.skirt] run data modify entity @s {} merge value {transformation:[-0.5653989543781716f,-0.03597803705474132f,0.8240325255945653f,-0.049815562362719334f,0f,0.9990482215818578f,0.043619387365336f,0.8879434029030169f,-0.8248175691557923f,0.0246623560069774f,-0.5648608198557542f,0.03414775330315757f,0f,0f,0f,1f],start_interpolation:0}
execute if entity @s[tag=aj.tultaria.bone.left_foot] run data modify entity @s {} merge value {transformation:[-0.5653989543781716f,-0.3059765292371337f,0.7659650030804722f,0.0021790062618831513f,0f,0.9286477782771332f,0.3709626718430637f,0.4282096450317151f,-0.8248175691557923f,0.209741906773401f,-0.5250564828235031f,0.15005499005631676f,0f,0f,0f,1f],start_interpolation:0}
execute if entity @s[tag=aj.tultaria.bone.left_leg] run data modify entity @s {} merge value {transformation:[-0.5653989543781716f,-0.07303479758501877f,0.8215777143580427f,0.07292349661319278f,0f,0.9960720346911796f,0.0885466075362222f,0.8750594861511339f,-0.8248175691557923f,0.05006415931471436f,-0.5631780868997307f,0.10156079889403795f,0f,0f,0f,1f],start_interpolation:0}
execute if entity @s[tag=aj.tultaria.bone.right_foot] run data modify entity @s {} merge value {transformation:[-0.5653989543781716f,-0.36532384077809404f,0.7395015305915277f,-0.2677223431747173f,0f,0.8965637472397849f,0.44291471767751756f,0.489509399286161f,-0.8248175691557923f,0.2504235182535714f,-0.5069162052227497f,0.031970624633576875f,0f,0f,0f,1f],start_interpolation:0}
execute if entity @s[tag=aj.tultaria.bone.right_leg] run data modify entity @s {} merge value {transformation:[-0.5653989543781716f,0.2291489018813667f,0.792347652962154f,-0.06842624198135011f,0f,0.9606338208497771f,-0.2778176780544363f,0.8750594861511339f,-0.8248175691557923f,-0.1570778246797498f,-0.5431413578487717f,-0.10464359339491013f,0f,0f,0f,1f],start_interpolation:0}
execute if entity @s[tag=aj.tultaria.bone.lower] run data modify entity @s {} merge value {transformation:[-0.5653989543781716f,-0.03597803705474132f,0.8240325255945653f,0f,0f,0.9990482215818578f,0.043619387365336f,0.9375f,-0.8248175691557923f,0.0246623560069774f,-0.5648608198557542f,0f,0f,0f,0f,1f],start_interpolation:0}