execute if entity @s[tag=aj.tultaria.bone.head] run data modify entity @s {} merge value {transformation:[-0.9863968318687778f,0.16003610097678528f,0.03754645740128054f,0f,0.1608161964393938f,0.8921788086723775f,0.4220842621073469f,1.59375f,0.03405056595718059f,0.4223806573934054f,-0.9057787473869711f,0f,0f,0f,0f,1f],start_interpolation:0}
execute if entity @s[tag=aj.tultaria.bone.bust] run data modify entity @s {} merge value {transformation:[-0.9319287753895009f,0f,-0.36264136223137183f,0.6472850688104363f,0f,1f,0f,0.4375f,0.36264136223137183f,0f,-0.9319287753895009f,0.28464370657906457f,0f,0f,0f,1f],start_interpolation:0}
execute if entity @s[tag=aj.tultaria.bone.left_wing] run data modify entity @s {} merge value {transformation:[-0.9738274157456343f,0f,0.22728872462614463f,-0.03567856435608152f,0f,1f,0f,1.5f,-0.22728872462614463f,0f,-0.9738274157456343f,-0.26403463796534155f,0f,0f,0f,1f],start_interpolation:0}
execute if entity @s[tag=aj.tultaria.bone.right_wing] run data modify entity @s {} merge value {transformation:[-0.5640666082700431f,0f,-0.8257292906484119f,-0.15216966127976916f,0f,1f,0f,1.5f,0.8257292906484119f,0f,-0.5640666082700431f,-0.21870446768642005f,0f,0f,0f,1f],start_interpolation:0}
execute if entity @s[tag=aj.tultaria.bone.body] run data modify entity @s {} merge value {transformation:[-0.9319287753895009f,0f,-0.36264136223137183f,0.6472850688104363f,0f,1f,0f,0.4375f,0.36264136223137183f,0f,-0.9319287753895009f,0.28464370657906457f,0f,0f,0f,1f],start_interpolation:0}
execute if entity @s[tag=aj.tultaria.bone.left_hand] run data modify entity @s {} merge value {transformation:[-0.27017270117582814f,0.5945929176545814f,0.7572753619485907f,0.4521527751196653f,-0.960808243282091f,-0.11578491011589723f,-0.25187571187122404f,1.4476798865842142f,-0.062082454691634786f,-0.7956463516314682f,0.6025716986010838f,0.1926813324139534f,0f,0f,0f,1f],start_interpolation:0}
execute if entity @s[tag=aj.tultaria.bone.left_arm] run data modify entity @s {} merge value {transformation:[-0.27017270117582814f,-0.41119050960633985f,0.8705912223018535f,0.20385941961645332f,-0.960808243282091f,0.1734474847809091f,-0.21624867552047244f,1.4375f,-0.062082454691634786f,-0.8948957117077134f,-0.4419360066645467f,-0.07932779798811258f,0f,0f,0f,1f],start_interpolation:0}
execute if entity @s[tag=aj.tultaria.bone.rod] run data modify entity @s {} merge value {transformation:[-0.0000015715028237907278f,-0.000005834889769730825f,-0.00000796771235988777f,0.18185534354694816f,0.000009608082432820911f,9.623072877830573e-7f,-0.0000025997531898235735f,1.5225836918615787f,0.0000022836660962005788f,-0.000008063995663377442f,0.000005454983327389172f,0.39730804720336216f,0f,0f,0f,1f],start_interpolation:0}
execute if entity @s[tag=aj.tultaria.bone.sword] run data modify entity @s {} merge value {transformation:[-0.0000015715028237907278f,-0.00000975991356387319f,-0.0000015081333165678314f,0.16987502230119042f,0.000009608082432820911f,-0.0000011578491011589723f,-0.000002518757118712241f,1.5408022754701804f,0.0000022836660962005788f,-0.0000018448503149766594f,0.00000955936171908954f,0.4492540118122212f,0f,0f,0f,1f],start_interpolation:0}
execute if entity @s[tag=aj.tultaria.bone.right_hand] run data modify entity @s {} merge value {transformation:[-0.15715028237907278f,-0.975991356387319f,-0.15081333165678312f,-0.20299308155539433f,0.960808243282091f,-0.11578491011589723f,-0.25187571187122404f,1.4476798865842142f,0.22836660962005786f,-0.18448503149766593f,0.9559361719089541f,0.4476181818803567f,0f,0f,0f,1f],start_interpolation:0}
execute if entity @s[tag=aj.tultaria.bone.right_arm] run data modify entity @s {} merge value {transformation:[-0.15715028237907278f,-0.3018304047049817f,-0.940320262221231f,-0.20385941961645332f,0.960808243282091f,0.1734474847809091f,-0.21624867552047244f,1.4375f,0.22836660962005786f,-0.9374509996894789f,0.2627438197024563f,0.07932779798811258f,0f,0f,0f,1f],start_interpolation:0}
execute if entity @s[tag=aj.tultaria.bone.skirt] run data modify entity @s {} merge value {transformation:[-0.9319287753895009f,0.036269360188380624f,-0.3608230745289865f,0.021902035154304802f,0f,0.9949859892120491f,0.10001440532103481f,0.8879434029030169f,0.36264136223137183f,0.09320630227214116f,-0.9272560744560961f,0.05628463525036726f,0f,0f,0f,1f],start_interpolation:0}
execute if entity @s[tag=aj.tultaria.bone.left_foot] run data modify entity @s {} merge value {transformation:[-0.9319287753895009f,0.0892040187484007f,-0.3514987918046946f,0.11263827463627171f,0f,0.9692738567985854f,0.24598412657485802f,0.4201211719882602f,0.36264136223137183f,0.22923968584416343f,-0.9032941983833641f,-0.05523129113841693f,0f,0f,0f,1f],start_interpolation:0}
execute if entity @s[tag=aj.tultaria.bone.left_leg] run data modify entity @s {} merge value {transformation:[-0.9319287753895009f,0.10566285164434198f,-0.34690649948280133f,0.11550245979532116f,0f,0.9566104024875922f,0.2913701045964171f,0.8750594861511339f,0.36264136223137183f,0.27153618476164976f,-0.8914927609151194f,-0.04787080541958509f,0f,0f,0f,1f],start_interpolation:0}
execute if entity @s[tag=aj.tultaria.bone.right_foot] run data modify entity @s {} merge value {transformation:[-0.9319287753895009f,0.2094517519567073f,-0.29603837792301696f,-0.07176203072704129f,0f,0.816339250717184f,0.5775727034222677f,0.4378662245128396f,0.36264136223137183f,0.5382566221987174f,-0.7607700382232481f,0.16027652837902479f,0f,0f,0f,1f],start_interpolation:0}
execute if entity @s[tag=aj.tultaria.bone.right_leg] run data modify entity @s {} merge value {transformation:[-0.9319287753895009f,-0.0008860991267363796f,-0.36264027965652496f,-0.11747973405205407f,0f,0.9999970147507714f,-0.002443458521344928f,0.8750594861511339f,0.36264136223137183f,-0.0022771293075120255f,-0.9319259933498432f,0.04278953513825787f,0f,0f,0f,1f],start_interpolation:0}
execute if entity @s[tag=aj.tultaria.bone.lower] run data modify entity @s {} merge value {transformation:[-0.9319287753895009f,0.015818194053863335f,-0.3622962080092743f,0f,0f,0.9990482215818578f,0.043619387365336f,0.9375f,0.36264136223137183f,0.04065016225061785f,-0.9310417856938396f,0f,0f,0f,0f,1f],start_interpolation:0}