execute if entity @s[tag=aj.tultaria.bone.head] run data modify entity @s {} merge value {transformation:[-0.9666212836971854f,-0.039618792361173f,0.25312772506275893f,0f,0.008884369425003803f,0.9821944484958767f,0.18765695650255224f,1.15625f,-0.25605538831183666f,0.1836420884103723f,-0.9490580706578242f,0f,0f,0f,0f,1f],start_interpolation:0}
execute if entity @s[tag=aj.tultaria.bone.bust] run data modify entity @s {} merge value {transformation:[-0.985644595148998f,0f,-0.16883344471273376f,0.5772390199308659f,0f,1f,0f,0f,0.16883344471273376f,0f,-0.985644595148998f,0.40840557521813214f,0f,0f,0f,1f],start_interpolation:0}
execute if entity @s[tag=aj.tultaria.bone.left_wing] run data modify entity @s {} merge value {transformation:[-0.8744504233755805f,0f,-0.48511489057569435f,0.019394426018628952f,0f,1f,0f,1.0625f,0.48511489057569435f,0f,-0.8744504233755805f,-0.2569632390817953f,0f,0f,0f,1f],start_interpolation:0}
execute if entity @s[tag=aj.tultaria.bone.right_wing] run data modify entity @s {} merge value {transformation:[-0.9860541902734019f,0f,0.16642455901778905f,-0.10381114837499572f,0f,1f,0f,1.0625f,-0.16642455901778905f,0f,-0.9860541902734019f,-0.2358590584927036f,0f,0f,0f,1f],start_interpolation:0}
execute if entity @s[tag=aj.tultaria.bone.body] run data modify entity @s {} merge value {transformation:[-0.985644595148998f,0f,-0.16883344471273376f,0.5772390199308659f,0f,1f,0f,0f,0.16883344471273376f,0f,-0.985644595148998f,0.40840557521813214f,0f,0f,0f,1f],start_interpolation:0}
execute if entity @s[tag=aj.tultaria.bone.left_hand] run data modify entity @s {} merge value {transformation:[-0.9456804889008695f,-0.21133438625352235f,0.2470347953205364f,0.4176691072245465f,-0.3113196586825209f,0.8075730335922437f,-0.5009050464233908f,0.7342104987614568f,-0.0936401785026652f,-0.5506029173564808f,-0.8294986102269981f,-0.19272110505720166f,0f,0f,0f,1f],start_interpolation:0}
execute if entity @s[tag=aj.tultaria.bone.left_arm] run data modify entity @s {} merge value {transformation:[-0.9456804889008695f,-0.3244934097408155f,0.019810097096973872f,0.21560975518884332f,-0.3113196586825209f,0.9214707169313391f,0.23231829018792874f,1f,-0.0936401785026652f,0.21353160157883705f,-0.9724380556607016f,-0.03693231603091051f,0f,0f,0f,1f],start_interpolation:0}
execute if entity @s[tag=aj.tultaria.bone.rod] run data modify entity @s {} merge value {transformation:[-0.00000860602469453749f,0.0000037127330101319137f,-0.0000034859650819375312f,-0.40038435543678197f,0.000003113196586825209f,0.000009252337234130092f,0.0000021684701329992517f,0.4939837419672892f,0.000004030427516875943f,7.809412919078783e-7f,-0.000009118431045404824f,0.2658542631110087f,0f,0f,0f,1f],start_interpolation:0}
execute if entity @s[tag=aj.tultaria.bone.sword] run data modify entity @s {} merge value {transformation:[-0.00000860602469453749f,1.6034913978187184e-7f,-0.000005090248236616966f,-0.4511387212163537f,0.000003113196586825209f,0.000008075730335922438f,-0.000005009050464233909f,0.4802325572500216f,0.000004030427516875943f,-0.0000058954955427710455f,-0.0000069999133092043336f,0.24563725546435067f,0f,0f,0f,1f],start_interpolation:0}
execute if entity @s[tag=aj.tultaria.bone.right_hand] run data modify entity @s {} merge value {transformation:[-0.860602469453749f,0.016034913978187182f,-0.5090248236616965f,-0.45799936565267385f,0.3113196586825209f,0.8075730335922437f,-0.5009050464233908f,0.7342104987614568f,0.4030427516875943f,-0.5895495542771045f,-0.6999913309204333f,-0.04272573610795972f,0f,0f,0f,1f],start_interpolation:0}
execute if entity @s[tag=aj.tultaria.bone.right_arm] run data modify entity @s {} merge value {transformation:[-0.860602469453749f,0.3770617047239268f,-0.3423271248393783f,-0.21560975518884332f,0.3113196586825209f,0.9214707169313391f,0.23231829018792874f,1f,0.4030427516875943f,0.0933605305722402f,-0.9104066957373292f,0.03693231603091051f,0f,0f,0f,1f],start_interpolation:0}
execute if entity @s[tag=aj.tultaria.bone.skirt] run data modify entity @s {} merge value {transformation:[-0.985644595148998f,0.007364411425148773f,-0.16867275268379558f,0.010196840257183376f,0f,0.9990482215818578f,0.043619387365336f,0.45044340290301693f,0.16883344471273376f,0.04299321340035392f,-0.9847064798953767f,0.05952884811531946f,0f,0f,0f,1f],start_interpolation:0}
execute if entity @s[tag=aj.tultaria.bone.left_foot] run data modify entity @s {} merge value {transformation:[-0.985644595148998f,0.06920871787056727f,-0.15399638120514375f,0.13977179256234698f,0f,0.912120116172273f,0.40992303384157275f,-0.006130671956038891f,0.16883344471273376f,0.404038422733026f,-0.899026262631877f,0.07560890506667152f,0f,0f,0f,1f],start_interpolation:0}
execute if entity @s[tag=aj.tultaria.bone.left_leg] run data modify entity @s {} merge value {transformation:[-0.985644595148998f,0.009248005547829374f,-0.16857997047975495f,0.12274529867955296f,0f,0.998498672858271f,0.05477590985343362f,0.4375594861511339f,0.16883344471273376f,0.05398957949140559f,-0.9841648201662024f,-0.023791256426613838f,0f,0f,0f,1f],start_interpolation:0}
execute if entity @s[tag=aj.tultaria.bone.right_foot] run data modify entity @s {} merge value {transformation:[-0.985644595148998f,0.07220557699578177f,-0.1526141759610619f,-0.0796195330976938f,0f,0.9039333185479418f,0.4276734216886819f,0.06477317070444644f,0.16883344471273376f,0.4215339965763277f,-0.8909569898018763f,0.27555818465428994f,0f,0f,0f,1f],start_interpolation:0}
execute if entity @s[tag=aj.tultaria.bone.right_leg] run data modify entity @s {} merge value {transformation:[-0.985644595148998f,-0.05507822596611478f,-0.1595967451986203f,-0.12366585010769655f,0f,0.9452910557512494f,-0.32622817155587347f,0.4375594861511339f,0.16883344471273376f,-0.3215450340793867f,-0.9317210199439091f,0.018417104751569602f,0f,0f,0f,1f],start_interpolation:0}
execute if entity @s[tag=aj.tultaria.bone.lower] run data modify entity @s {} merge value {transformation:[-0.985644595148998f,0.007364411425148773f,-0.16867275268379558f,0f,0f,0.9990482215818578f,0.043619387365336f,0.5f,0.16883344471273376f,0.04299321340035392f,-0.9847064798953767f,0f,0f,0f,0f,1f],start_interpolation:0}