execute if entity @s[tag=aj.tultaria.bone.head] run data modify entity @s {} merge value {transformation:[-0.9949510169813003f,-0.013099832484203511f,0.09950310646789935f,0f,0f,0.9914448613738104f,0.13052619222005157f,1.59375f,-0.1003617148512136f,0.129867167692037f,-0.9864390731047569f,0f,0f,0f,0f,1f],start_interpolation:0}
execute if entity @s[tag=aj.tultaria.bone.bust] run data modify entity @s {} merge value {transformation:[-0.9949510169813003f,0f,0.1003617148512136f,0.44729465106504335f,0f,1f,0f,0.4375f,-0.1003617148512136f,0f,-0.9949510169813003f,0.547656365916257f,0f,0f,0f,1f],start_interpolation:0}
execute if entity @s[tag=aj.tultaria.bone.left_wing] run data modify entity @s {} merge value {transformation:[-0.8725812742780824f,0f,-0.4884689547752628f,0.08595291531132887f,0f,1f,0f,1.5f,0.4884689547752628f,0f,-0.8725812742780824f,-0.2293597766403237f,0f,0f,0f,1f],start_interpolation:0}
execute if entity @s[tag=aj.tultaria.bone.right_wing] run data modify entity @s {} merge value {transformation:[-0.7574510447772046f,0f,0.6528919625527038f,-0.038415961811333665f,0f,1f,0f,1.5f,-0.6528919625527038f,0f,-0.7574510447772046f,-0.24190499099672536f,0f,0f,0f,1f],start_interpolation:0}
execute if entity @s[tag=aj.tultaria.bone.body] run data modify entity @s {} merge value {transformation:[-0.9949510169813003f,0f,0.1003617148512136f,0.44729465106504335f,0f,1f,0f,0.4375f,-0.1003617148512136f,0f,-0.9949510169813003f,0.547656365916257f,0f,0f,0f,1f],start_interpolation:0}
execute if entity @s[tag=aj.tultaria.bone.left_hand] run data modify entity @s {} merge value {transformation:[-0.25751227213888206f,-0.8494866274092077f,0.46049961949039686f,0.5815567748431973f,-0.9659258262890683f,0.23911761839433449f,-0.09904576054128761f,1.4390864994606087f,-0.02597552320264258f,-0.47031397430477373f,-0.882116793722916f,-0.035563524424299005f,0f,0f,0f,1f],start_interpolation:0}
execute if entity @s[tag=aj.tultaria.bone.left_arm] run data modify entity @s {} merge value {transformation:[-0.25751227213888206f,-0.9610488831948113f,0.1003617148512136f,0.21764553496465944f,-0.9659258262890683f,0.25881904510252074f,0f,1.4375f,-0.02597552320264258f,-0.09694197234544635f,-0.9949510169813003f,0.021954125123702976f,0f,0f,0f,1f],start_interpolation:0}
execute if entity @s[tag=aj.tultaria.bone.rod] run data modify entity @s {} merge value {transformation:[-0.0000025751227213888206f,0.000008494866274092077f,0.000004604996194903971f,-0.8757195938384221f,0.000009659258262890684f,0.000002391176183943345f,9.904576054128764e-7f,1.3617981126303944f,-2.5975523202642585e-7f,0.000004703139743047739f,-0.00000882116793722916f,0.07774504193088416f,0f,0f,0f,1f],start_interpolation:0}
execute if entity @s[tag=aj.tultaria.bone.sword] run data modify entity @s {} merge value {transformation:[-0.0000025751227213888206f,0.000009263001584438253f,-0.000002750553510928563f,-0.8966600719252398f,0.000009659258262890684f,0.000002391176183943345f,-9.904576054128762e-7f,1.3873405246765547f,-2.5975523202642585e-7f,-0.0000029118856612230763f,-0.0000095631296715771f,0.03210613649528404f,0f,0f,0f,1f],start_interpolation:0}
execute if entity @s[tag=aj.tultaria.bone.right_hand] run data modify entity @s {} merge value {transformation:[-0.25751227213888206f,0.9263001584438253f,-0.2750553510928563f,-0.5627389533085947f,0.9659258262890683f,0.23911761839433449f,-0.09904576054128761f,1.4390864994606087f,-0.02597552320264258f,-0.2911885661223076f,-0.95631296715771f,-0.1509897912596948f,0f,0f,0f,1f],start_interpolation:0}
execute if entity @s[tag=aj.tultaria.bone.right_arm] run data modify entity @s {} merge value {transformation:[-0.25751227213888206f,0.9610488831948113f,0.1003617148512136f,-0.21764553496465944f,0.9659258262890683f,0.25881904510252074f,0f,1.4375f,-0.02597552320264258f,0.09694197234544635f,-0.9949510169813003f,-0.021954125123702976f,0f,0f,0f,1f],start_interpolation:0}
execute if entity @s[tag=aj.tultaria.bone.skirt] run data modify entity @s {} merge value {transformation:[-0.9949510169813003f,0.06780339177299509f,0.07399441784319984f,-0.006061431584340757f,0f,0.737277336810124f,-0.6755902076156602f,0.8879434029030169f,-0.1003617148512136f,-0.672179164129809f,-0.7335548360564976f,0.06009091741948732f,0f,0f,0f,1f],start_interpolation:0}
execute if entity @s[tag=aj.tultaria.bone.left_foot] run data modify entity @s {} merge value {transformation:[-0.9949510169813003f,0.03432572809782198f,0.09430916285510492f,0.08572919827387374f,0f,0.9396926207859083f,-0.3420201433256688f,0.6369494272486622f,-0.1003617148512136f,-0.34029328942996423f,-0.9349481287007629f,0.3956055060565527f,0f,0f,0f,1f],start_interpolation:0}
execute if entity @s[tag=aj.tultaria.bone.left_leg] run data modify entity @s {} merge value {transformation:[-0.9949510169813003f,0.06780339177299509f,0.07399441784319984f,0.12464248440495906f,0f,0.737277336810124f,-0.6755902076156602f,0.8750594861511339f,-0.1003617148512136f,-0.672179164129809f,-0.7335548360564976f,0.009832767242699054f,0f,0f,0f,1f],start_interpolation:0}
execute if entity @s[tag=aj.tultaria.bone.right_foot] run data modify entity @s {} merge value {transformation:[-0.9949510169813003f,0.06451126679325364f,0.07688153396366357f,-0.16883509880752015f,0f,0.7660444431189779f,-0.6427876096865395f,0.7839208220080844f,-0.1003617148512136f,-0.6395421859606016f,-0.7621766977341009f,0.42827738968392814f,0f,0f,0f,1f],start_interpolation:0}
execute if entity @s[tag=aj.tultaria.bone.right_leg] run data modify entity @s {} merge value {transformation:[-0.9949510169813003f,0.08902192830937009f,0.046341882654437776f,-0.12409526984036601f,0f,0.4617486132350338f,-0.8870108331782218f,0.8750594861511339f,-0.1003617148512136f,-0.8825323305441023f,-0.459417252327902f,-0.015257661470104347f,0f,0f,0f,1f],start_interpolation:0}
execute if entity @s[tag=aj.tultaria.bone.lower] run data modify entity @s {} merge value {transformation:[-0.9949510169813003f,-0.004377716516744481f,0.10026619273701047f,0f,0f,0.9990482215818578f,0.043619387365336f,0.9375f,-0.1003617148512136f,0.043399153819242337f,-0.9940040440762289f,0f,0f,0f,0f,1f],start_interpolation:0}