execute if entity @s[tag=aj.tultaria.bone.head] run data modify entity @s {} merge value {transformation:[-0.9996653212025146f,-0.006672788705718308f,-0.02499438888955086f,0f,-0.011273432601604594f,0.9819640760262992f,0.1887311927350475f,1.59375f,0.023284228620470634f,0.18894980096497957f,-0.9817106587038995f,0f,0f,0f,0f,1f],start_interpolation:0}
execute if entity @s[tag=aj.tultaria.bone.left_wing] run data modify entity @s {} merge value {transformation:[-0.812837631588469f,0f,-0.5824903301117095f,0.0625f,0f,1f,0f,1.5f,0.5824903301117095f,0f,-0.812837631588469f,-0.1952968750000001f,0f,0f,0f,1f],start_interpolation:0}
execute if entity @s[tag=aj.tultaria.bone.right_wing] run data modify entity @s {} merge value {transformation:[-0.8128376315884692f,0f,0.5824903301117093f,-0.0625f,0f,1f,0f,1.5f,-0.5824903301117093f,0f,-0.8128376315884692f,-0.19529687499999998f,0f,0f,0f,1f],start_interpolation:0}
execute if entity @s[tag=aj.tultaria.bone.left_hand] run data modify entity @s {} merge value {transformation:[-0.2575834863831098f,-0.9318235654830266f,0.2556473945754616f,0.5662740211541486f,-0.9662100040530259f,0.2458098667168743f,-0.07756118547626682f,1.4406875721999657f,0.009432688406474894f,-0.2669875507118861f,-0.9636538134383604f,-0.12230732440995024f,0f,0f,0f,1f],start_interpolation:0}
execute if entity @s[tag=aj.tultaria.bone.left_arm] run data modify entity @s {} merge value {transformation:[-0.2575834863831098f,-0.9628467055947336f,-0.08109851458621398f,0.21875f,-0.9662100040530259f,0.25748173690073595f,0.011890468049305394f,1.4375f,0.009432688406474894f,0.08142098432190725f,-0.9966351627860007f,-2.678914873134835e-17f,0f,0f,0f,1f],start_interpolation:0}
execute if entity @s[tag=aj.tultaria.bone.rod] run data modify entity @s {} merge value {transformation:[-0.000002575834863831098f,0.000008396687683194571f,0.00000478128755725493f,-0.8837519338883508f,0.00000966210004053026f,0.0000022865786384519912f,0.0000011896978343092744f,1.3582040203656711f,-9.432688406474832e-8f,0.000004926174385977789f,-0.00000870194853799303f,0.09826973378680248f,0f,0f,0f,1f],start_interpolation:0}
execute if entity @s[tag=aj.tultaria.bone.sword] run data modify entity @s {} merge value {transformation:[-0.000002575834863831098f,0.000009318235654830266f,-0.0000025564739457546185f,-0.9037848894585478f,0.00000966210004053026f,0.000002458098667168743f,-7.756118547626683e-7f,1.3847624024231282f,-9.432688406474832e-8f,-0.0000026698755071188635f,-0.000009636538134383606f,0.05280368976917685f,0f,0f,0f,1f],start_interpolation:0}
execute if entity @s[tag=aj.tultaria.bone.right_hand] run data modify entity @s {} merge value {transformation:[-0.2575834863831098f,0.9318235654830265f,-0.2556473945754618f,-0.5662740211541486f,0.9662100040530259f,0.2458098667168743f,-0.07756118547626682f,1.4406875721999657f,-0.009432688406474831f,-0.26698755071188635f,-0.9636538134383604f,-0.1223073244099501f,0f,0f,0f,1f],start_interpolation:0}
execute if entity @s[tag=aj.tultaria.bone.right_arm] run data modify entity @s {} merge value {transformation:[-0.2575834863831098f,0.9628467055947336f,0.08109851458621373f,-0.21875f,0.9662100040530259f,0.25748173690073595f,0.011890468049305394f,1.4375f,-0.009432688406474831f,0.08142098432190703f,-0.9966351627860007f,2.678914873134835e-17f,0f,0f,0f,1f],start_interpolation:0}
execute if entity @s[tag=aj.tultaria.bone.skirt] run data modify entity @s {} merge value {transformation:[-1f,-6.390339461446006e-17f,-1.0446987117522054e-16f,7.39635905884864e-18f,0f,0.853061235680006f,-0.5218108164652216f,0.8879434029030169f,1.2246467991473532e-16f,-0.5218108164652216f,-0.853061235680006f,0.060395855066115986f,0f,0f,0f,1f],start_interpolation:0}
execute if entity @s[tag=aj.tultaria.bone.left_foot] run data modify entity @s {} merge value {transformation:[-1f,-1.7107763417701956e-17f,-1.2126385387848483e-16f,0.12500000000000003f,0f,0.990194511290222f,-0.13969548958616512f,0.5714160500452736f,1.2246467991473532e-16f,-0.13969548958616512f,-0.990194511290222f,0.3361423671072168f,0f,0f,0f,1f],start_interpolation:0}
execute if entity @s[tag=aj.tultaria.bone.left_leg] run data modify entity @s {} merge value {transformation:[-1f,-6.52452322549551e-17f,-1.0363714341207764e-16f,0.125f,0f,0.8462614974720372f,-0.5327677523052472f,0.8750594861511339f,1.2246467991473532e-16f,-0.5327677523052472f,-0.8462614974720372f,-0.002726211710333515f,0f,0f,0f,1f],start_interpolation:0}
execute if entity @s[tag=aj.tultaria.bone.right_foot] run data modify entity @s {} merge value {transformation:[-1f,-5.0617562323702196e-17f,-1.1151439463596037e-16f,-0.12499999999999994f,0f,0.9105841350632772f,-0.41332376289183215f,0.7128981967045771f,1.2246467991473532e-16f,-0.41332376289183215f,-0.9105841350632772f,0.42240314061085127f,0f,0f,0f,1f],start_interpolation:0}
execute if entity @s[tag=aj.tultaria.bone.right_leg] run data modify entity @s {} merge value {transformation:[-1f,-9.803026402032958e-17f,-7.340071636382751e-17f,-0.125f,0f,0.5993623338168356f,-0.8004778527864692f,0.8750594861511339f,1.2246467991473532e-16f,-0.8004778527864692f,-0.5993623338168356f,-0.002726211710333485f,0f,0f,0f,1f],start_interpolation:0}