execute if entity @s[tag=aj.tultaria.bone.head] run data modify entity @s {} merge value {transformation:[-0.8607688656990129f,-0.07644522029095695f,0.5032227023276094f,0f,0.1045702150194745f,0.941008959891417f,0.3218185941409451f,1.59375f,-0.49813856503388243f,0.32963353242463145f,-0.8019973218953065f,0f,0f,0f,0f,1f],start_interpolation:0}
execute if entity @s[tag=aj.tultaria.bone.bust] run data modify entity @s {} merge value {transformation:[-0.9548645447466428f,0f,0.2970415815770353f,0.32891148158480377f,0f,1f,0f,0.4375f,-0.2970415815770353f,0f,-0.9548645447466428f,0.6259530631618391f,0f,0f,0f,1f],start_interpolation:0}
execute if entity @s[tag=aj.tultaria.bone.left_wing] run data modify entity @s {} merge value {transformation:[-0.9003300247541048f,0f,0.4352078199277592f,0.1328765775318437f,0f,1f,0f,1.5f,-0.4352078199277592f,0f,-0.9003300247541048f,-0.21673441263892446f,0f,0f,0f,1f],start_interpolation:0}
execute if entity @s[tag=aj.tultaria.bone.right_wing] run data modify entity @s {} merge value {transformation:[-0.9883310066707809f,0f,0.15232144055621616f,0.013518509438513293f,0f,1f,0f,1.5f,-0.15232144055621616f,0f,-0.9883310066707809f,-0.2538646103360539f,0f,0f,0f,1f],start_interpolation:0}
execute if entity @s[tag=aj.tultaria.bone.body] run data modify entity @s {} merge value {transformation:[-0.9548645447466428f,0f,0.2970415815770353f,0.32891148158480377f,0f,1f,0f,0.4375f,-0.2970415815770353f,0f,-0.9548645447466428f,0.6259530631618391f,0f,0f,0f,1f],start_interpolation:0}
execute if entity @s[tag=aj.tultaria.bone.left_hand] run data modify entity @s {} merge value {transformation:[-0.22731463019334278f,0.4992678345821481f,0.8360978939404862f,0.42069022445306564f,-0.9567140150829985f,0.045729996103953965f,-0.2874144408343124f,1.4279305508260431f,-0.18173153893540864f,-0.8652400804447198f,0.46726143747176785f,0.3662843506403376f,0f,0f,0f,1f],start_interpolation:0}
execute if entity @s[tag=aj.tultaria.bone.left_arm] run data modify entity @s {} merge value {transformation:[-0.22731463019334278f,-0.30166689626175247f,0.9259185399374315f,0.20887661916332811f,-0.9567140150829985f,0.24661680647044326f,-0.15452651588024635f,1.4375f,-0.18173153893540864f,-0.9209653817957116f,-0.34466855570249955f,0.06497784596997647f,0f,0f,0f,1f],start_interpolation:0}
execute if entity @s[tag=aj.tultaria.bone.sword] run data modify entity @s {} merge value {transformation:[-0.0000029029166699714646f,7.96604944504708e-7f,-0.000009536167750705335f,-0.518676841470242f,0.000009567140150829986f,4.5729996103953967e-7f,-0.000002874144408343124f,1.4631333684485848f,2.071331493957368e-7f,-0.000009957725508770761f,-8.948734828999661e-7f,0.4440557979760099f,0f,0f,0f,1f],start_interpolation:0}
execute if entity @s[tag=aj.tultaria.bone.right_hand] run data modify entity @s {} merge value {transformation:[-0.2902916669971464f,0.0796604944504708f,-0.9536167750705334f,-0.55423385201004f,0.9567140150829985f,0.045729996103953965f,-0.2874144408343124f,1.4279305508260431f,0.02071331493957368f,-0.9957725508770761f,-0.0894873482899966f,0.06300260122008869f,0f,0f,0f,1f],start_interpolation:0}
execute if entity @s[tag=aj.tultaria.bone.right_arm] run data modify entity @s {} merge value {transformation:[-0.2902916669971464f,0.7708675870103222f,-0.5670043309965993f,-0.20887661916332811f,0.9567140150829985f,0.24661680647044326f,-0.15452651588024635f,1.4375f,0.02071331493957368f,-0.5873187499673437f,-0.8090906281258057f,-0.06497784596997647f,0f,0f,0f,1f],start_interpolation:0}
execute if entity @s[tag=aj.tultaria.bone.skirt] run data modify entity @s {} merge value {transformation:[-0.9548645447466428f,0.06429156524009721f,0.29000051004224947f,-0.017940080309536494f,0f,0.9762960071199333f,-0.21643961393810354f,0.8879434029030169f,-0.2970415815770353f,-0.20667051342814638f,-0.9322304423765403f,0.057669860652291065f,0f,0f,0f,1f],start_interpolation:0}
execute if entity @s[tag=aj.tultaria.bone.left_foot] run data modify entity @s {} merge value {transformation:[-0.9548645447466428f,-0.006239966609708658f,0.2969760327071803f,0.07083423645855239f,0f,0.9997793276297986f,0.021007047486684527f,0.45144692069396025f,-0.2970415815770353f,0.020058884834844137f,-0.9546538325243323f,0.19311403725694115f,0f,0f,0f,1f],start_interpolation:0}
execute if entity @s[tag=aj.tultaria.bone.left_leg] run data modify entity @s {} merge value {transformation:[-0.9548645447466428f,0.028279038874534743f,0.29569240292256255f,0.12016786633148165f,0f,0.9954579468392614f,-0.09520229028002535f,0.8750594861511339f,-0.2970415815770353f,-0.09090529156707414f,-0.9505274992230991f,0.03452703479345885f,0f,0f,0f,1f],start_interpolation:0}
execute if entity @s[tag=aj.tultaria.bone.right_foot] run data modify entity @s {} merge value {transformation:[-0.9548645447466428f,-0.03543781490699255f,0.2949200950433935f,-0.20462084429762653f,0f,0.9928579476234319f,0.1193025391221263f,0.5242506074642639f,-0.2970415815770353f,0.11391776470596765f,-0.9480448521555346f,0.23695399466378425f,0f,0f,0f,1f],start_interpolation:0}
execute if entity @s[tag=aj.tultaria.bone.right_leg] run data modify entity @s {} merge value {transformation:[-0.9548645447466428f,0.11897309367073325f,0.2721747676920134f,-0.11854826985517906f,0f,0.9162850744565776f,-0.4005267311030613f,0.8750594861511339f,-0.2970415815770353f,-0.3824487747535857f,-0.8749281304791238f,-0.039733360600799975f,0f,0f,0f,1f],start_interpolation:0}
execute if entity @s[tag=aj.tultaria.bone.lower] run data modify entity @s {} merge value {transformation:[-0.9548645447466428f,-0.012956771810420757f,0.29675886381039945f,0f,0f,0.9990482215818578f,0.043619387365336f,0.9375f,-0.2970415815770353f,0.04165060645872903f,-0.9539557252807038f,0f,0f,0f,0f,1f],start_interpolation:0}