execute if entity @s[tag=aj.tultaria.bone.head] run data modify entity @s {} merge value {transformation:[-0.9999004198388257f,-0.002181299082822256f,-0.013942465364898345f,0f,-0.0061504080455496764f,0.956573017279458f,0.2914279243547999f,1.59375f,0.012701294698311232f,0.291484655766277f,-0.9564911774636511f,0f,0f,0f,0f,1f],start_interpolation:0}
execute if entity @s[tag=aj.tultaria.bone.left_wing] run data modify entity @s {} merge value {transformation:[-0.8745284112021876f,0f,-0.484974285916457f,0.0625f,0f,1f,0f,1.5f,0.484974285916457f,0f,-0.8745284112021876f,-0.15725000000000006f,0f,0f,0f,1f],start_interpolation:0}
execute if entity @s[tag=aj.tultaria.bone.right_wing] run data modify entity @s {} merge value {transformation:[-0.874528411202188f,0f,0.48497428591645636f,-0.0625f,0f,1f,0f,1.5f,-0.48497428591645636f,0f,-0.874528411202188f,-0.15724999999999995f,0f,0f,0f,1f],start_interpolation:0}
execute if entity @s[tag=aj.tultaria.bone.left_hand] run data modify entity @s {} merge value {transformation:[-0.25875668691587217f,-0.8947485695845665f,0.3639642485226996f,0.5746605695968541f,-0.965942413509058f,0.23949783234433308f,-0.09795938998718781f,1.4391667849159013f,0.0004803754963923322f,-0.3769161518544116f,-0.926247258409246f,-0.09522119395012363f,0f,0f,0f,1f],start_interpolation:0}
execute if entity @s[tag=aj.tultaria.bone.left_arm] run data modify entity @s {} merge value {transformation:[-0.25875668691587217f,-0.9659336861143868f,-0.004134126968847489f,0.21875f,-0.965942413509058f,0.25875641346924305f,0.0006101416477811133f,1.4375f,0.0004803754963923322f,0.004151206813370661f,-0.9999912683225665f,-8.036744619404505e-17f,0f,0f,0f,1f],start_interpolation:0}
execute if entity @s[tag=aj.tultaria.bone.rod] run data modify entity @s {} merge value {transformation:[-0.000002587566869158722f,0.000008900443692500776f,0.0000037532119277034317f,-0.8646957521257288f,0.000009659424135090581f,0.000002386182902709949f,0.0000010008279238931873f,1.361600021535175f,-4.803754963921421e-9f,0.000003884357505616328f,-0.000009214756843916196f,0.16190327029643714f,0f,0f,0f,1f],start_interpolation:0}
execute if entity @s[tag=aj.tultaria.bone.sword] run data modify entity @s {} merge value {transformation:[-0.000002587566869158722f,0.000008947485695845663f,-0.000003639642485227003f,-0.8898427227413515f,0.000009659424135090581f,0.000002394978323443331f,-9.795938998718782e-7f,1.3871938755516835f,-4.803754963921421e-9f,-0.0000037691615185441223f,-0.000009262472584092458f,0.11847041832424146f,0f,0f,0f,1f],start_interpolation:0}
execute if entity @s[tag=aj.tultaria.bone.right_hand] run data modify entity @s {} merge value {transformation:[-0.25875668691587217f,0.8947485695845663f,-0.36396424852270026f,-0.5746605695968541f,0.965942413509058f,0.23949783234433308f,-0.09795938998718781f,1.4391667849159013f,-0.000480375496392142f,-0.3769161518544122f,-0.9262472584092458f,-0.09522119395012321f,0f,0f,0f,1f],start_interpolation:0}
execute if entity @s[tag=aj.tultaria.bone.right_arm] run data modify entity @s {} merge value {transformation:[-0.25875668691587217f,0.9659336861143868f,0.004134126968846754f,-0.21875f,0.965942413509058f,0.25875641346924305f,0.0006101416477811133f,1.4375f,-0.000480375496392142f,0.004151206813369951f,-0.9999912683225665f,8.036744619404505e-17f,0f,0f,0f,1f],start_interpolation:0}
execute if entity @s[tag=aj.tultaria.bone.skirt] run data modify entity @s {} merge value {transformation:[-1f,-8.691705749749033e-17f,-3.5696471191918274e-16f,2.2189077176545917e-17f,0f,0.9716126918327677f,-0.2365772116444931f,0.8879434029030169f,3.6739403974420594e-16f,-0.2365772116444931f,-0.9716126918327677f,0.060395855066115986f,0f,0f,0f,1f],start_interpolation:0}
execute if entity @s[tag=aj.tultaria.bone.left_foot] run data modify entity @s {} merge value {transformation:[-1f,5.949347829540583e-17f,-3.6254504062237733e-16f,0.12500000000000008f,0f,0.986801639119664f,0.1619337056660677f,0.48114315917913986f,3.6739403974420594e-16f,0.1619337056660677f,-0.986801639119664f,0.22500428107641013f,0f,0f,0f,1f],start_interpolation:0}
execute if entity @s[tag=aj.tultaria.bone.left_leg] run data modify entity @s {} merge value {transformation:[-1f,-8.942573846042045e-17f,-3.5634452113141243e-16f,0.125f,0f,0.9699246111328138f,-0.2434055231888959f,0.8750594861511339f,3.6739403974420594e-16f,-0.2434055231888959f,-0.9699246111328138f,-0.002726211710333546f,0f,0f,0f,1f],start_interpolation:0}
execute if entity @s[tag=aj.tultaria.bone.right_foot] run data modify entity @s {} merge value {transformation:[-1f,9.109061348024236e-18f,-3.672810986709296e-16f,-0.12499999999999988f,0f,0.9996925887165862f,0.024793710192920704f,0.5939002816901565f,3.6739403974420594e-16f,0.024793710192920704f,-0.9996925887165862f,0.35501776342673336f,0f,0f,0f,1f],start_interpolation:0}
execute if entity @s[tag=aj.tultaria.bone.right_leg] run data modify entity @s {} merge value {transformation:[-1f,-2.1537768986020616e-16f,-2.976421192473404e-16f,-0.125f,0f,0.8101441151701059f,-0.5862307674075511f,0.8750594861511339f,3.6739403974420594e-16f,-0.5862307674075511f,-0.8101441151701059f,-0.002726211710333454f,0f,0f,0f,1f],start_interpolation:0}