execute if entity @s[tag=aj.tultaria.bone.head] run data modify entity @s {} merge value {transformation:[-0.931178402644376f,-0.0052288693548352295f,0.364526324665227f,0f,0.15944283178046353f,0.8933565942313161f,0.42010948446476487f,1.59375f,-0.3278486935195796f,0.4493179881428005f,-0.8310406606711918f,0f,0f,0f,0f,1f],start_interpolation:0}
execute if entity @s[tag=aj.tultaria.bone.bust] run data modify entity @s {} merge value {transformation:[-1f,0f,-3.6739403974420594e-16f,0.5000000000000002f,0f,1f,0f,0.4375f,3.6739403974420594e-16f,0f,-1f,0.49999999999999983f,0f,0f,0f,1f],start_interpolation:0}
execute if entity @s[tag=aj.tultaria.bone.left_wing] run data modify entity @s {} merge value {transformation:[-0.8292182654962035f,0f,0.5589249217627246f,0.062499999999999944f,0f,1f,0f,1.5f,-0.5589249217627246f,0f,-0.8292182654962035f,-0.25925925925925936f,0f,0f,0f,1f],start_interpolation:0}
execute if entity @s[tag=aj.tultaria.bone.right_wing] run data modify entity @s {} merge value {transformation:[-0.829218265496203f,0f,-0.5589249217627252f,-0.06250000000000011f,0f,1f,0f,1.5f,0.5589249217627252f,0f,-0.829218265496203f,-0.25925925925925924f,0f,0f,0f,1f],start_interpolation:0}
execute if entity @s[tag=aj.tultaria.bone.body] run data modify entity @s {} merge value {transformation:[-1f,0f,-3.6739403974420594e-16f,0.5000000000000002f,0f,1f,0f,0.4375f,3.6739403974420594e-16f,0f,-1f,0.49999999999999983f,0f,0f,0f,1f],start_interpolation:0}
execute if entity @s[tag=aj.tultaria.bone.left_hand] run data modify entity @s {} merge value {transformation:[-0.2400523075943864f,0.8336459768557314f,0.49740252803022955f,0.3562090239748724f,-0.9579240128351783f,-0.12037267839081925f,-0.26056094091549753f,1.4447874356523147f,-0.157341905582585f,-0.5390220807808097f,0.8274652386525775f,0.34175151427534123f,0f,0f,0f,1f],start_interpolation:0}
execute if entity @s[tag=aj.tultaria.bone.left_arm] run data modify entity @s {} merge value {transformation:[-0.2400523075943864f,-0.07035550343692845f,0.9682071022021819f,0.21875f,-0.9579240128351783f,0.17882260221513513f,-0.2245084910883251f,1.4375f,-0.157341905582585f,-0.9813626139573199f,-0.11032200448911803f,-8.036744619404505e-17f,0f,0f,0f,1f],start_interpolation:0}
execute if entity @s[tag=aj.tultaria.bone.rod] run data modify entity @s {} merge value {transformation:[-0.000002400523075943863f,-0.0000023776002279406483f,-0.000009411934238930783f,0.01858353334980578f,0.000009579240128351783f,9.912807107396e-7f,-0.0000026936074539343135f,1.522497307663309f,0.0000015734190558258519f,-0.000009662524499767759f,0.000002039601129179895f,0.44045163973657264f,0f,0f,0f,1f],start_interpolation:0}
execute if entity @s[tag=aj.tultaria.bone.sword] run data modify entity @s {} merge value {transformation:[-0.000002400523075943863f,-0.000008336459768557318f,-0.0000049740252803022895f,-0.012233844763935742f,0.000009579240128351783f,-0.0000012037267839081926f,-0.0000026056094091549755f,1.5402186389589945f,0.0000015734190558258519f,-0.000005390220807808091f,0.000008274652386525778f,0.48415600734786796f,0f,0f,0f,1f],start_interpolation:0}
execute if entity @s[tag=aj.tultaria.bone.right_hand] run data modify entity @s {} merge value {transformation:[-0.24005230759438628f,-0.8336459768557317f,-0.49740252803022894f,-0.3562090239748722f,0.9579240128351783f,-0.12037267839081925f,-0.26056094091549753f,1.4447874356523147f,0.15734190558258518f,-0.539022080780809f,0.8274652386525778f,0.3417515142753414f,0f,0f,0f,1f],start_interpolation:0}
execute if entity @s[tag=aj.tultaria.bone.right_arm] run data modify entity @s {} merge value {transformation:[-0.24005230759438628f,0.07035550343692773f,-0.9682071022021819f,-0.21875f,0.9579240128351783f,0.17882260221513513f,-0.2245084910883251f,1.4375f,0.15734190558258518f,-0.9813626139573199f,-0.1103220044891173f,8.036744619404505e-17f,0f,0f,0f,1f],start_interpolation:0}
execute if entity @s[tag=aj.tultaria.bone.skirt] run data modify entity @s {} merge value {transformation:[-1f,3.734012195329779e-17f,-3.654915809318732e-16f,2.2189077176545917e-17f,0f,0.9948217482960331f,0.10163507818280187f,0.8879434029030169f,3.6739403974420594e-16f,0.10163507818280187f,-0.9948217482960331f,0.060395855066115986f,0f,0f,0f,1f],start_interpolation:0}
execute if entity @s[tag=aj.tultaria.bone.left_foot] run data modify entity @s {} merge value {transformation:[-1f,9.164318959387817e-17f,-3.5578069964604275e-16f,0.125f,0f,0.9683899605278059f,0.24944114405798126f,0.4201217860156679f,3.6739403974420594e-16f,0.24944114405798126f,-0.9683899605278059f,-0.01065962178752229f,0f,0f,0f,1f],start_interpolation:0}
execute if entity @s[tag=aj.tultaria.bone.left_leg] run data modify entity @s {} merge value {transformation:[-1f,1.07074901738824e-16f,-3.5144465546823776e-16f,0.125f,0f,0.9565877979755123f,0.29144430816943495f,0.8750594861511339f,3.6739403974420594e-16f,0.29144430816943495f,-0.9565877979755123f,-0.002726211710333546f,0f,0f,0f,1f],start_interpolation:0}
execute if entity @s[tag=aj.tultaria.bone.right_foot] run data modify entity @s {} merge value {transformation:[-1f,2.1266955370748959e-16f,-2.995831126172241e-16f,-0.12499999999999996f,0f,0.8154272530545283f,0.5788595641223752f,0.437965781999627f,3.6739403974420594e-16f,0.5788595641223752f,-0.8154272530545283f,0.1236871728306831f,0f,0f,0f,1f],start_interpolation:0}
execute if entity @s[tag=aj.tultaria.bone.right_leg] run data modify entity @s {} merge value {transformation:[-1f,-1.1874489780742362e-18f,-3.6739212077083475e-16f,-0.125f,0f,0.9999947767977605f,-0.0032320855801062642f,0.8750594861511339f,3.6739403974420594e-16f,-0.0032320855801062642f,-0.9999947767977605f,-0.002726211710333454f,0f,0f,0f,1f],start_interpolation:0}
execute if entity @s[tag=aj.tultaria.bone.lower] run data modify entity @s {} merge value {transformation:[-1f,1.6025502935318168e-17f,-3.670443620262233e-16f,0f,0f,0.9990482215818578f,0.043619387365336f,0.9375f,3.6739403974420594e-16f,0.043619387365336f,-0.9990482215818578f,0f,0f,0f,0f,1f],start_interpolation:0}