execute if entity @s[tag=aj.tultaria.bone.head] run data modify entity @s {} merge value {transformation:[-0.7028649549929806f,-0.19063337069505107f,0.6853026871537559f,0f,0.14856590898079403f,0.9028300875219175f,0.4035170427056052f,1.59375f,-0.6956356990058992f,0.3854306047041543f,-0.6062460088330184f,0f,0f,0f,0f,1f],start_interpolation:0}
execute if entity @s[tag=aj.tultaria.bone.bust] run data modify entity @s {} merge value {transformation:[-0.899405251566372f,0f,0.43711576665093116f,0.2311447424577204f,0f,1f,0f,0.4375f,-0.43711576665093116f,0f,-0.899405251566372f,0.6682605091086515f,0f,0f,0f,1f],start_interpolation:0}
execute if entity @s[tag=aj.tultaria.bone.left_wing] run data modify entity @s {} merge value {transformation:[-0.5687266879670523f,0f,0.8225265675916049f,0.16707833822384552f,0f,1f,0f,1.5f,-0.8225265675916049f,0f,-0.5687266879670523f,-0.20079608542603955f,0f,0f,0f,1f],start_interpolation:0}
execute if entity @s[tag=aj.tultaria.bone.right_wing] run data modify entity @s {} merge value {transformation:[-0.9981363766037878f,0f,-0.06102273101280803f,0.05465268177804908f,0f,1f,0f,1.5f,0.06102273101280803f,0f,-0.9981363766037878f,-0.255435556257406f,0f,0f,0f,1f],start_interpolation:0}
execute if entity @s[tag=aj.tultaria.bone.body] run data modify entity @s {} merge value {transformation:[-0.899405251566372f,0f,0.43711576665093116f,0.2311447424577204f,0f,1f,0f,0.4375f,-0.43711576665093116f,0f,-0.899405251566372f,0.6682605091086515f,0f,0f,0f,1f],start_interpolation:0}
execute if entity @s[tag=aj.tultaria.bone.left_hand] run data modify entity @s {} merge value {transformation:[-0.17851099935349055f,0.9577793356047337f,0.2253720643699513f,0.21113272790646337f,-0.9493771531205928f,-0.10748785317089751f,-0.29517686656198255f,1.4333126013493103f,-0.2584895437778034f,-0.26665540630046675f,0.928481583042053f,0.46374628507296667f,0f,0f,0f,1f],start_interpolation:0}
execute if entity @s[tag=aj.tultaria.bone.left_arm] run data modify entity @s {} merge value {transformation:[-0.17851099935349055f,0.265241904006591f,0.9475128260180845f,0.19674489878014387f,-0.9493771531205928f,0.20655252072269348f,-0.23668349607807504f,1.4375f,-0.2584895437778034f,-0.9417976367256716f,0.21494270682087233f,0.09561907395489119f,0f,0f,0f,1f],start_interpolation:0}
execute if entity @s[tag=aj.tultaria.bone.rod] run data modify entity @s {} merge value {transformation:[-0.000003135420750936755f,0.000003445006675592905f,-0.000008848788940850357f,-0.24313648124462417f,0.000009493771531205928f,0.00000132716174123049f,-0.0000028472695386770013f,1.5105176546086447f,1.9349115705654814e-7f,-0.000009293576852737295f,-0.000003686731676486171f,0.4151533074631174f,0f,0f,0f,1f],start_interpolation:0}
execute if entity @s[tag=aj.tultaria.bone.sword] run data modify entity @s {} merge value {transformation:[-0.000003135420750936755f,-0.000003821051083819148f,-0.000008693026246908482f,-0.29368323162368515f,0.000009493771531205928f,-0.0000010748785317089753f,-0.0000029517686656198257f,1.5263492750235703f,1.9349115705654814e-7f,-0.000009178464182907493f,0.000003964638245190254f,0.4343422091032485f,0f,0f,0f,1f],start_interpolation:0}
execute if entity @s[tag=aj.tultaria.bone.right_hand] run data modify entity @s {} merge value {transformation:[-0.3135420750936755f,-0.38210510838191475f,-0.8693026246908482f,-0.4950887249741983f,0.9493771531205928f,-0.10748785317089751f,-0.29517686656198255f,1.4333126013493103f,0.019349115705654812f,-0.9178464182907493f,0.39646382451902534f,0.12051887866896463f,0f,0f,0f,1f],start_interpolation:0}
execute if entity @s[tag=aj.tultaria.bone.right_arm] run data modify entity @s {} merge value {transformation:[-0.3135420750936755f,0.5766423269861423f,-0.75443687202705f,-0.19674489878014387f,0.9493771531205928f,0.20655252072269348f,-0.23668349607807504f,1.4375f,0.019349115705654812f,-0.7904553642749911f,-0.6122139567261602f,-0.09561907395489119f,0f,0f,0f,1f],start_interpolation:0}
execute if entity @s[tag=aj.tultaria.bone.skirt] run data modify entity @s {} merge value {transformation:[-0.899405251566372f,-0.029020115496088402f,0.4361513800865761f,-0.026399980489763813f,0f,0.9977937502192065f,0.06638999942379814f,0.8879434029030169f,-0.43711576665093116f,0.059711514133252465f,-0.897420938927259f,0.05432034921930619f,0f,0f,0f,1f],start_interpolation:0}
execute if entity @s[tag=aj.tultaria.bone.left_foot] run data modify entity @s {} merge value {transformation:[-0.899405251566372f,-0.10143259386784641f,0.425184221668763f,0.10727419678557748f,0f,0.9727039244692898f,0.23204972596847034f,0.4202840785138404f,-0.43711576665093116f,0.20870674216057977f,-0.8748550178868988f,0.06523906532124736f,0f,0f,0f,1f],start_interpolation:0}
execute if entity @s[tag=aj.tultaria.bone.left_leg] run data modify entity @s {} merge value {transformation:[-0.899405251566372f,-0.10661949991018604f,0.4239132879419247f,0.11361732656761167f,0f,0.9697963795491513f,0.24391593267631886f,0.8750594861511339f,-0.43711576665093116f,0.21937927078979083f,-0.8722399567165612f,0.052187501702210704f,0f,0f,0f,1f],start_interpolation:0}
execute if entity @s[tag=aj.tultaria.bone.right_foot] run data modify entity @s {} merge value {transformation:[-0.899405251566372f,-0.23191396429848365f,0.37052139832699665f,-0.17678886515540781f,0f,0.847650500383083f,0.5305550199558093f,0.44547850583111476f,-0.43711576665093116f,0.47718397119315614f,-0.7623813115374077f,0.0777936563573748f,0f,0f,0f,1f],start_interpolation:0}
execute if entity @s[tag=aj.tultaria.bone.right_leg] run data modify entity @s {} merge value {transformation:[-0.899405251566372f,0.02515650195245224f,0.43639127381782916f,-0.11123398632398132f,0f,0.9983425607393372f,-0.057551120027527033f,0.8750594861511339f,-0.43711576665093116f,-0.05176177958628442f,-0.8979145419911796f,-0.057091439960522086f,0f,0f,0f,1f],start_interpolation:0}
execute if entity @s[tag=aj.tultaria.bone.lower] run data modify entity @s {} merge value {transformation:[-0.899405251566372f,-0.019066721949042787f,0.4366997292980031f,0f,0f,0.9990482215818578f,0.043619387365336f,0.9375f,-0.43711576665093116f,0.039231506066491055f,-0.8985492170587673f,0f,0f,0f,0f,1f],start_interpolation:0}