execute if entity @s[tag=aj.tultaria.bone.head] run data modify entity @s {} merge value {transformation:[-1f,-3.1489685209271717e-17f,1.1834693723134346e-16f,0f,0f,0.9663760793213293f,0.2571327931546962f,1.2073264931162302f,-1.2246467991473532e-16f,0.2571327931546962f,-0.9663760793213293f,0f,0f,0f,0f,1f],start_interpolation:0}
execute if entity @s[tag=aj.tultaria.bone.bust] run data modify entity @s {} merge value {transformation:[-1f,0f,1.2246467991473532e-16f,0.49999999999999994f,0f,1f,0f,0.05107649311623008f,-1.2246467991473532e-16f,0f,-1f,0.5000000000000001f,0f,0f,0f,1f],start_interpolation:0}
execute if entity @s[tag=aj.tultaria.bone.left_wing] run data modify entity @s {} merge value {transformation:[-0.8071664232464004f,0f,-0.5903239493562944f,0.0625f,0f,1f,0f,1.1135764931162302f,0.5903239493562944f,0f,-0.8071664232464004f,-0.12499999999999989f,0f,0f,0f,1f],start_interpolation:0}
execute if entity @s[tag=aj.tultaria.bone.right_wing] run data modify entity @s {} merge value {transformation:[-0.8071664232464002f,0f,0.5903239493562946f,-0.062499999999999944f,0f,1f,0f,1.1135764931162302f,-0.5903239493562946f,0f,-0.8071664232464002f,-0.125f,0f,0f,0f,1f],start_interpolation:0}
execute if entity @s[tag=aj.tultaria.bone.body] run data modify entity @s {} merge value {transformation:[-1f,0f,1.2246467991473532e-16f,0.49999999999999994f,0f,1f,0f,0.05107649311623008f,-1.2246467991473532e-16f,0f,-1f,0.5000000000000001f,0f,0f,0f,1f],start_interpolation:0}
execute if entity @s[tag=aj.tultaria.bone.left_hand] run data modify entity @s {} merge value {transformation:[-0.4073555471526832f,-0.9068804742940048f,0.10783906318314986f,0.5676314873085204f,-0.9098025762282103f,0.39269081802076083f,-0.13436217373463955f,0.9890947021406039f,0.07950302190765972f,-0.15284543430036443f,-0.9850469748804284f,-0.10090665439329785f,0f,0f,0f,1f],start_interpolation:0}
execute if entity @s[tag=aj.tultaria.bone.left_arm] run data modify entity @s {} merge value {transformation:[-0.4073555471526832f,-0.9126915874035029f,-0.03248883634130875f,0.21875f,-0.9098025762282103f,0.40864907473634915f,-0.07256173926827746f,1.0510764931162302f,0.07950302190765972f,-1.1177248311224167e-16f,-0.9968346249541847f,2.678914873134835e-17f,0f,0f,0f,1f],start_interpolation:0}
execute if entity @s[tag=aj.tultaria.bone.rod] run data modify entity @s {} merge value {transformation:[-0.40864907473634926f,0.7366940041315646f,0.5387837024203017f,-0.8915177202088068f,0.9126915874035028f,0.32984781201788993f,0.2412353356991573f,0.8525692329679959f,-5.0045078135039765e-17f,0.5903239493562947f,-0.8071664232464002f,0.0872709087901451f,0f,0f,0f,1f],start_interpolation:0}
execute if entity @s[tag=aj.tultaria.bone.sword] run data modify entity @s {} merge value {transformation:[-0.000004086490747363493f,0.0000090189893555509f,-0.0000013994371640670965f,-0.9108478655008823f,0.000009126915874035028f,0.000004038167663720829f,-6.265848290270822e-7f,0.8781537286882909f,-5.004507813503977e-22f,-0.000001533307837369605f,-0.000009881749191102806f,0.04095020945685078f,0f,0f,0f,1f],start_interpolation:0}
execute if entity @s[tag=aj.tultaria.bone.right_hand] run data modify entity @s {} merge value {transformation:[-0.40864907473634926f,0.9018989355550899f,-0.13994371640670963f,-0.5707985839264869f,0.9126915874035028f,0.4038167663720829f,-0.06265848290270822f,0.9961682099946885f,-5.0045078135039765e-17f,-0.1533307837369605f,-0.9881749191102805f,-0.09375000000000007f,0f,0f,0f,1f],start_interpolation:0}
execute if entity @s[tag=aj.tultaria.bone.right_arm] run data modify entity @s {} merge value {transformation:[-0.40864907473634926f,0.9126915874035028f,1.2246467991473532e-16f,-0.21875f,0.9126915874035028f,0.40864907473634926f,0f,1.0510764931162302f,-5.0045078135039765e-17f,1.1177248311224164e-16f,-1f,-2.678914873134835e-17f,0f,0f,0f,1f],start_interpolation:0}
execute if entity @s[tag=aj.tultaria.bone.skirt] run data modify entity @s {} merge value {transformation:[-1f,2.054971874365119e-17f,1.2072823566248042e-16f,-7.39635905884864e-18f,0f,0.9858208566464723f,-0.1678011877217064f,0.501519896019247f,-1.2246467991473532e-16f,-0.1678011877217064f,-0.9858208566464723f,0.060395855066115986f,0f,0f,0f,1f],start_interpolation:0}
execute if entity @s[tag=aj.tultaria.bone.left_foot] run data modify entity @s {} merge value {transformation:[-1f,-4.701150752531091e-18f,1.2237441320889166e-16f,0.12499999999999997f,0f,0.9992629164106211f,0.03838780908751986f,0.06846346057074909f,-1.2246467991473532e-16f,0.03838780908751986f,-0.9992629164106211f,0.17187706584235962f,0f,0f,0f,1f],start_interpolation:0}
execute if entity @s[tag=aj.tultaria.bone.left_leg] run data modify entity @s {} merge value {transformation:[-1f,1.4118205422062375e-17f,1.2164815700321573e-16f,0.125f,0f,0.9933325844473028f,-0.11528389599264065f,0.48863597926736396f,-1.2246467991473532e-16f,-0.11528389599264065f,-0.9933325844473028f,-0.002726211710333485f,0f,0f,0f,1f],start_interpolation:0}
execute if entity @s[tag=aj.tultaria.bone.right_foot] run data modify entity @s {} merge value {transformation:[-1f,-6.041607910086887e-17f,1.0652462256537752e-16f,-0.12500000000000006f,0f,0.8698395540619882f,0.4933347242889369f,0.19389058757830308f,-1.2246467991473532e-16f,0.4933347242889369f,-0.8698395540619882f,0.3439096261340275f,0f,0f,0f,1f],start_interpolation:0}
execute if entity @s[tag=aj.tultaria.bone.right_leg] run data modify entity @s {} merge value {transformation:[-1f,6.791327649841875e-17f,1.019087076842205e-16f,-0.125f,0f,0.8321477486829125f,-0.5545539868777072f,0.48863597926736396f,-1.2246467991473532e-16f,-0.5545539868777072f,-0.8321477486829125f,-0.002726211710333515f,0f,0f,0f,1f],start_interpolation:0}
execute if entity @s[tag=aj.tultaria.bone.lower] run data modify entity @s {} merge value {transformation:[-1f,-5.341834311772723e-18f,1.223481206754078e-16f,0f,0f,0.9990482215818578f,0.043619387365336f,0.5510764931162301f,-1.2246467991473532e-16f,0.043619387365336f,-0.9990482215818578f,0f,0f,0f,0f,1f],start_interpolation:0}