execute if entity @s[tag=aj.tultaria.bone.head] run data modify entity @s {} merge value {transformation:[-1f,-4.358933640146912e-17f,1.1444460484749002e-16f,0f,0f,0.9345111172231113f,0.35593394300967196f,1.1186436805671403f,-1.2246467991473532e-16f,0.35593394300967196f,-0.9345111172231113f,0f,0f,0f,0f,1f],start_interpolation:0}
execute if entity @s[tag=aj.tultaria.bone.bust] run data modify entity @s {} merge value {transformation:[-1f,0f,1.2246467991473532e-16f,0.49999999999999994f,0f,1f,0f,-0.0376063194328598f,-1.2246467991473532e-16f,0f,-1f,0.5000000000000001f,0f,0f,0f,1f],start_interpolation:0}
execute if entity @s[tag=aj.tultaria.bone.left_wing] run data modify entity @s {} merge value {transformation:[-0.9028199574669151f,0f,-0.43001874889292613f,0.0625f,0f,1f,0f,1.0248936805671403f,0.43001874889292613f,0f,-0.9028199574669151f,-0.12499999999999989f,0f,0f,0f,1f],start_interpolation:0}
execute if entity @s[tag=aj.tultaria.bone.right_wing] run data modify entity @s {} merge value {transformation:[-0.9028199574669151f,0f,0.43001874889292635f,-0.062499999999999944f,0f,1f,0f,1.0248936805671403f,-0.43001874889292635f,0f,-0.9028199574669151f,-0.125f,0f,0f,0f,1f],start_interpolation:0}
execute if entity @s[tag=aj.tultaria.bone.body] run data modify entity @s {} merge value {transformation:[-1f,0f,1.2246467991473532e-16f,0.49999999999999994f,0f,1f,0f,-0.0376063194328598f,-1.2246467991473532e-16f,0f,-1f,0.5000000000000001f,0f,0f,0f,1f],start_interpolation:0}
execute if entity @s[tag=aj.tultaria.bone.left_hand] run data modify entity @s {} merge value {transformation:[-0.29198040826524685f,-0.9030645583368713f,0.3149949914920739f,0.5744166229847469f,-0.9562683548948211f,0.2696984433802461f,-0.11319709830655979f,0.9501120559346693f,0.017270628709242605f,-0.33427107729222416f,-0.9423187211712837f,-0.09535513877611955f,0f,0f,0f,1f],start_interpolation:0}
execute if entity @s[tag=aj.tultaria.bone.left_arm] run data modify entity @s {} merge value {transformation:[-0.29198040826524685f,-0.9564110020948241f,-0.005043437442301555f,0.21875f,-0.9562683548948211f,0.2920239631810627f,-0.01651781931061439f,0.9623936805671403f,0.017270628709242605f,-1.171265672384739e-16f,-0.9998508515693666f,2.678914873134835e-17f,0f,0f,0f,1f],start_interpolation:0}
execute if entity @s[tag=aj.tultaria.bone.rod] run data modify entity @s {} merge value {transformation:[-0.2920239631810627f,0.8634669402321384f,0.4112746625482463f,-0.8729419121194935f,0.956411002094824f,0.263645062018447f,0.1255757792938746f,0.8606699293293998f,-3.57626211784013e-17f,0.43001874889292646f,-0.9028199574669149f,0.14942776371281707f,0f,0f,0f,1f],start_interpolation:0}
execute if entity @s[tag=aj.tultaria.bone.sword] run data modify entity @s {} merge value {transformation:[-0.0000029202396318106274f,0.000009013784315866185f,-0.0000031974822595047063f,-0.8970558590603299f,0.00000956411002094824f,0.0000027522069627107574f,-9.762972608810783e-7f,0.885981379734483f,-3.5762621178401303e-22f,-0.0000033432094073586265f,-0.000009424592874949496f,0.10524998461149136f,0f,0f,0f,1f],start_interpolation:0}
execute if entity @s[tag=aj.tultaria.bone.right_hand] run data modify entity @s {} merge value {transformation:[-0.2920239631810627f,0.9013784315866185f,-0.3197482259504706f,-0.5748935285183203f,0.956411002094824f,0.2752206962710757f,-0.09762972608810783f,0.9516739746700397f,-3.57626211784013e-17f,-0.3343209407358626f,-0.9424592874949494f,-0.09375000000000007f,0f,0f,0f,1f],start_interpolation:0}
execute if entity @s[tag=aj.tultaria.bone.right_arm] run data modify entity @s {} merge value {transformation:[-0.2920239631810627f,0.956411002094824f,1.2246467991473532e-16f,-0.21875f,0.956411002094824f,0.2920239631810627f,0f,0.9623936805671403f,-3.57626211784013e-17f,1.1712656723847387e-16f,-1f,-2.678914873134835e-17f,0f,0f,0f,1f],start_interpolation:0}
execute if entity @s[tag=aj.tultaria.bone.skirt] run data modify entity @s {} merge value {transformation:[-1f,2.968624706439829e-19f,1.224643201070912e-16f,-7.39635905884864e-18f,0f,0.9999970619476214f,-0.002424066031533903f,0.41283708347015713f,-1.2246467991473532e-16f,-0.002424066031533903f,-0.9999970619476214f,0.060395855066115986f,0f,0f,0f,1f],start_interpolation:0}
execute if entity @s[tag=aj.tultaria.bone.left_foot] run data modify entity @s {} merge value {transformation:[-1f,-4.198997996168202e-17f,1.1504103358991572e-16f,0.12499999999999999f,0f,0.9393813274979511f,0.3428742065950532f,-0.03866502390530091f,-1.2246467991473532e-16f,0.3428742065950532f,-0.9393813274979511f,0.11829169132100023f,0f,0f,0f,1f],start_interpolation:0}
execute if entity @s[tag=aj.tultaria.bone.left_leg] run data modify entity @s {} merge value {transformation:[-1f,-1.1132200236074305e-18f,1.2245962015210408e-16f,0.125f,0f,0.9999586839026995f,0.009090131329151374f,0.3999531667182741f,-1.2246467991473532e-16f,0.009090131329151374f,-0.9999586839026995f,-0.002726211710333485f,0f,0f,0f,1f],start_interpolation:0}
execute if entity @s[tag=aj.tultaria.bone.right_foot] run data modify entity @s {} merge value {transformation:[-1f,-5.366496990207537e-17f,1.1008028357534297e-16f,-0.12500000000000003f,0f,0.8988737295682735f,0.4382077341764091f,0.04591774388559411f,-1.2246467991473532e-16f,0.4382077341764091f,-0.8988737295682735f,0.2830887098380097f,0f,0f,0f,1f],start_interpolation:0}
execute if entity @s[tag=aj.tultaria.bone.right_leg] run data modify entity @s {} merge value {transformation:[-1f,4.7789271156089663e-17f,1.1275541401187048e-16f,-0.125f,0f,0.9207178272982478f,-0.39022901288242795f,0.3999531667182741f,-1.2246467991473532e-16f,-0.39022901288242795f,-0.9207178272982478f,-0.002726211710333515f,0f,0f,0f,1f],start_interpolation:0}
execute if entity @s[tag=aj.tultaria.bone.lower] run data modify entity @s {} merge value {transformation:[-1f,-5.341834311772723e-18f,1.223481206754078e-16f,0f,0f,0.9990482215818578f,0.043619387365336f,0.4623936805671402f,-1.2246467991473532e-16f,0.043619387365336f,-0.9990482215818578f,0f,0f,0f,0f,1f],start_interpolation:0}