execute if entity @s[tag=aj.tultaria.bone.head] run data modify entity @s {} merge value {transformation:[-1f,-3.0336384486201366e-17f,1.1864780488034298e-16f,0f,0f,0.9688328501160514f,0.24771537807735863f,1.5446594075080382f,-1.2246467991473532e-16f,0.24771537807735863f,-0.9688328501160514f,0f,0f,0f,0f,1f],start_interpolation:0}
execute if entity @s[tag=aj.tultaria.bone.bust] run data modify entity @s {} merge value {transformation:[-1f,0f,1.2246467991473532e-16f,0.49999999999999994f,0f,1f,0f,0.3884094075080381f,-1.2246467991473532e-16f,0f,-1f,0.5000000000000001f,0f,0f,0f,1f],start_interpolation:0}
execute if entity @s[tag=aj.tultaria.bone.left_wing] run data modify entity @s {} merge value {transformation:[-0.7967013599708922f,0f,-0.6043731819170429f,0.0625f,0f,1f,0f,1.4509094075080382f,0.6043731819170429f,0f,-0.7967013599708922f,-0.12499999999999989f,0f,0f,0f,1f],start_interpolation:0}
execute if entity @s[tag=aj.tultaria.bone.right_wing] run data modify entity @s {} merge value {transformation:[-0.796701359970892f,0f,0.6043731819170431f,-0.062499999999999944f,0f,1f,0f,1.4509094075080382f,-0.6043731819170431f,0f,-0.796701359970892f,-0.125f,0f,0f,0f,1f],start_interpolation:0}
execute if entity @s[tag=aj.tultaria.bone.body] run data modify entity @s {} merge value {transformation:[-1f,0f,1.2246467991473532e-16f,0.49999999999999994f,0f,1f,0f,0.3884094075080381f,-1.2246467991473532e-16f,0f,-1f,0.5000000000000001f,0f,0f,0f,1f],start_interpolation:0}
execute if entity @s[tag=aj.tultaria.bone.left_hand] run data modify entity @s {} merge value {transformation:[-0.4177514729077322f,-0.9042873163803015f,0.08802361227041525f,0.5666361390092752f,-0.9045461506729372f,0.4048506253851471f,-0.13376184967331642f,1.3218210080012955f,0.08532272959881132f,-0.13550062936742185f,-0.9870965561964243f,-0.10140713405056684f,0f,0f,0f,1f],start_interpolation:0}
execute if entity @s[tag=aj.tultaria.bone.left_arm] run data modify entity @s {} merge value {transformation:[-0.4177514729077322f,-0.9078567711879796f,-0.03577415116472183f,0.21875f,-0.9045461506729372f,0.41928043480245547f,-0.07746081780252197f,1.3884094075080382f,0.08532272959881132f,-1.1118038889196104e-16f,-0.996353366940569f,2.678914873134835e-17f,0f,0f,0f,1f],start_interpolation:0}
execute if entity @s[tag=aj.tultaria.bone.sword] run data modify entity @s {} merge value {transformation:[-0.000004192804348024554f,0.0000089942215492379f,-0.0000012346539686936616f,-0.910873393412177f,0.0000090785677118798f,0.000004153850300570419f,-5.702069635357366e-7f,1.2064492100744237f,-5.134704424259375e-22f,-0.0000013599655891513041f,-0.000009907093095167944f,0.0346478743991734f,0f,0f,0f,1f],start_interpolation:0}
execute if entity @s[tag=aj.tultaria.bone.right_hand] run data modify entity @s {} merge value {transformation:[-0.41928043480245536f,0.89942215492379f,-0.12346539686936615f,-0.5701333058585982f,0.9078567711879799f,0.41538503005704186f,-0.05702069635357366f,1.3293933303435672f,-5.134704424259375e-17f,-0.1359965589151304f,-0.9907093095167944f,-0.09375000000000007f,0f,0f,0f,1f],start_interpolation:0}
execute if entity @s[tag=aj.tultaria.bone.right_arm] run data modify entity @s {} merge value {transformation:[-0.41928043480245536f,0.9078567711879799f,1.2246467991473532e-16f,-0.21875f,0.9078567711879799f,0.41928043480245536f,0f,1.3884094075080382f,-5.134704424259375e-17f,1.1118038889196106e-16f,-1f,-2.678914873134835e-17f,0f,0f,0f,1f],start_interpolation:0}
execute if entity @s[tag=aj.tultaria.bone.skirt] run data modify entity @s {} merge value {transformation:[-1f,2.242715731769363e-17f,1.2039360631389858e-16f,-7.39635905884864e-18f,0f,0.9830884006533255f,-0.18313163708351085f,0.838852810411055f,-1.2246467991473532e-16f,-0.18313163708351085f,-0.9830884006533255f,0.060395855066115986f,0f,0f,0f,1f],start_interpolation:0}
execute if entity @s[tag=aj.tultaria.bone.left_foot] run data modify entity @s {} merge value {transformation:[-1f,-1.1265782892852408e-18f,1.2245949799005668e-16f,0.12499999999999997f,0f,0.9999576863738812f,0.009199209846215278f,0.4078642045256946f,-1.2246467991473532e-16f,0.009199209846215278f,-0.9999576863738812f,0.17677230896490267f,0f,0f,0f,1f],start_interpolation:0}
execute if entity @s[tag=aj.tultaria.bone.left_leg] run data modify entity @s {} merge value {transformation:[-1f,1.553795873402766e-17f,1.214749754681936e-16f,0.125f,0f,0.9919184498973025f,-0.1268770615727391f,0.825968893659172f,-1.2246467991473532e-16f,-0.1268770615727391f,-0.9919184498973025f,-0.002726211710333485f,0f,0f,0f,1f],start_interpolation:0}
execute if entity @s[tag=aj.tultaria.bone.right_foot] run data modify entity @s {} merge value {transformation:[-1f,-6.103710459243541e-17f,1.0617000371852061e-16f,-0.12500000000000006f,0f,0.8669438714284012f,0.4984057822625415f,0.5373410437491513f,-1.2246467991473532e-16f,0.4984057822625415f,-0.8669438714284012f,0.3490197395902018f,0f,0f,0f,1f],start_interpolation:0}
execute if entity @s[tag=aj.tultaria.bone.right_leg] run data modify entity @s {} merge value {transformation:[-1f,6.968807633323806e-17f,1.0070337553225992e-16f,-0.125f,0f,0.8223054647460274f,-0.5690463273309301f,0.825968893659172f,-1.2246467991473532e-16f,-0.5690463273309301f,-0.8223054647460274f,-0.002726211710333515f,0f,0f,0f,1f],start_interpolation:0}
execute if entity @s[tag=aj.tultaria.bone.lower] run data modify entity @s {} merge value {transformation:[-1f,-5.341834311772723e-18f,1.223481206754078e-16f,0f,0f,0.9990482215818578f,0.043619387365336f,0.8884094075080381f,-1.2246467991473532e-16f,0.043619387365336f,-0.9990482215818578f,0f,0f,0f,0f,1f],start_interpolation:0}