execute if entity @s[tag=aj.tultaria.bone.head] run data modify entity @s {} merge value {transformation:[-1f,-3.266289247333986e-17f,1.1802852740712143e-16f,0f,0f,0.9637760657954398f,0.26671275747489837f,1.2089045462700336f,-1.2246467991473532e-16f,0.26671275747489837f,-0.9637760657954398f,0f,0f,0f,0f,1f],start_interpolation:0}
execute if entity @s[tag=aj.tultaria.bone.bust] run data modify entity @s {} merge value {transformation:[-1f,0f,1.2246467991473532e-16f,0.49999999999999994f,0f,1f,0f,0.05265454627003363f,-1.2246467991473532e-16f,0f,-1f,0.5000000000000001f,0f,0f,0f,1f],start_interpolation:0}
execute if entity @s[tag=aj.tultaria.bone.left_wing] run data modify entity @s {} merge value {transformation:[-0.8175848131515838f,0f,-0.5758081914178452f,0.0625f,0f,1f,0f,1.1151545462700336f,0.5758081914178452f,0f,-0.8175848131515838f,-0.12499999999999989f,0f,0f,0f,1f],start_interpolation:0}
execute if entity @s[tag=aj.tultaria.bone.right_wing] run data modify entity @s {} merge value {transformation:[-0.8175848131515836f,0f,0.5758081914178454f,-0.062499999999999944f,0f,1f,0f,1.1151545462700336f,-0.5758081914178454f,0f,-0.8175848131515836f,-0.125f,0f,0f,0f,1f],start_interpolation:0}
execute if entity @s[tag=aj.tultaria.bone.body] run data modify entity @s {} merge value {transformation:[-1f,0f,1.2246467991473532e-16f,0.49999999999999994f,0f,1f,0f,0.05265454627003363f,-1.2246467991473532e-16f,0f,-1f,0.5000000000000001f,0f,0f,0f,1f],start_interpolation:0}
execute if entity @s[tag=aj.tultaria.bone.left_hand] run data modify entity @s {} merge value {transformation:[-0.39667075780429517f,-0.9089891922170091f,0.12802717811322514f,0.5685834736088203f,-0.9150085053623036f,0.380353592504629f,-0.13450122595525268f,0.9953828915694406f,0.07356456359966737f,-0.17049866011641238f,-0.9826079899333704f,-0.10039265815109596f,0f,0f,0f,1f],start_interpolation:0}
execute if entity @s[tag=aj.tultaria.bone.left_arm] run data modify entity @s {} merge value {transformation:[-0.39667075780429517f,-0.9174944964474914f,-0.029260192951012877f,0.21875f,-0.9150085053623036f,0.397748474527011f,-0.0674950822362563f,1.0526545462700336f,0.07356456359966737f,-1.0542177592706605e-16f,-0.9972904566786902f,2.678914873134835e-17f,0f,0f,0f,1f],start_interpolation:0}
execute if entity @s[tag=aj.tultaria.bone.rod] run data modify entity @s {} merge value {transformation:[-0.397748474527011f,0.7501295664456284f,0.5283008466352568f,-0.8908156340224818f,0.9174944964474913f,0.32519311222749375f,0.2290268297566051f,0.8634838412832451f,-4.8710139619524657e-17f,0.5758081914178454f,-0.8175848131515836f,0.09352041358373042f,0f,0f,0f,1f],start_interpolation:0}
execute if entity @s[tag=aj.tultaria.bone.sword] run data modify entity @s {} merge value {transformation:[-0.000003977484745270111f,0.000009039868143646131f,-0.000001568565920398445f,-0.9105979266033185f,0.000009174944964474914f,0.0000039189267924577125f,-6.799983045666637e-7f,0.888968052244573f,-4.871013961952466e-22f,-0.0000017096188876030116f,-0.000009852776423889413f,0.04733552409674889f,0f,0f,0f,1f],start_interpolation:0}
execute if entity @s[tag=aj.tultaria.bone.right_hand] run data modify entity @s {} merge value {transformation:[-0.397748474527011f,0.903986814364613f,-0.1568565920398445f,-0.5714276526407324f,0.9174944964474913f,0.39189267924577126f,-0.06799983045666637f,1.001943617193326f,-4.8710139619524657e-17f,-0.17096188876030113f,-0.9852776423889412f,-0.09375000000000007f,0f,0f,0f,1f],start_interpolation:0}
execute if entity @s[tag=aj.tultaria.bone.right_arm] run data modify entity @s {} merge value {transformation:[-0.397748474527011f,0.9174944964474913f,1.2246467991473532e-16f,-0.21875f,0.9174944964474913f,0.397748474527011f,0f,1.0526545462700336f,-4.8710139619524657e-17f,1.1236066983097328e-16f,-1f,-2.678914873134835e-17f,0f,0f,0f,1f],start_interpolation:0}
execute if entity @s[tag=aj.tultaria.bone.skirt] run data modify entity @s {} merge value {transformation:[-1f,1.862974179729382e-17f,1.2103937601947865e-16f,-7.39635905884864e-18f,0f,0.9883615104677607f,-0.15212338618991672f,0.5030979491730505f,-1.2246467991473532e-16f,-0.15212338618991672f,-0.9883615104677607f,0.060395855066115986f,0f,0f,0f,1f],start_interpolation:0}
execute if entity @s[tag=aj.tultaria.bone.left_foot] run data modify entity @s {} merge value {transformation:[-1f,-8.342798639994077e-18f,1.2218017653232904e-16f,0.12499999999999999f,0f,0.9976768535825649f,0.06812412073262805f,0.06799152034555961f,-1.2246467991473532e-16f,0.06812412073262805f,-0.9976768535825649f,0.16685975556456573f,0f,0f,0f,1f],start_interpolation:0}
execute if entity @s[tag=aj.tultaria.bone.left_leg] run data modify entity @s {} merge value {transformation:[-1f,1.2668180774094978e-17f,1.2180769689347808e-16f,0.125f,0f,0.9946353265144313f,-0.10344354619564644f,0.4902140324211675f,-1.2246467991473532e-16f,-0.10344354619564644f,-0.9946353265144313f,-0.002726211710333485f,0f,0f,0f,1f],start_interpolation:0}
execute if entity @s[tag=aj.tultaria.bone.right_foot] run data modify entity @s {} merge value {transformation:[-1f,-5.978055743784776e-17f,1.06882565365165e-16f,-0.12500000000000006f,0f,0.8727623788310294f,0.4881452960924677f,0.18932239636064768f,-1.2246467991473532e-16f,0.4881452960924677f,-0.8727623788310294f,0.3385881204657762f,0f,0f,0f,1f],start_interpolation:0}
execute if entity @s[tag=aj.tultaria.bone.right_leg] run data modify entity @s {} merge value {transformation:[-1f,6.608164748180144e-17f,1.0310583733576634e-16f,-0.125f,0f,0.8419230541210138f,-0.5395976009393896f,0.4902140324211675f,-1.2246467991473532e-16f,-0.5395976009393896f,-0.8419230541210138f,-0.002726211710333515f,0f,0f,0f,1f],start_interpolation:0}
execute if entity @s[tag=aj.tultaria.bone.lower] run data modify entity @s {} merge value {transformation:[-1f,-5.341834311772723e-18f,1.223481206754078e-16f,0f,0f,0.9990482215818578f,0.043619387365336f,0.5526545462700336f,-1.2246467991473532e-16f,0.043619387365336f,-0.9990482215818578f,0f,0f,0f,0f,1f],start_interpolation:0}