execute if entity @s[tag=aj.tultaria.bone.head] run data modify entity @s {} merge value {transformation:[-1f,-2.61017500921601e-17f,1.1965072698795021e-16f,0f,0f,0.9770223306120238f,0.21313696414617794f,1.5560695448088124f,-1.2246467991473532e-16f,0.21313696414617794f,-0.9770223306120238f,0f,0f,0f,0f,1f],start_interpolation:0}
execute if entity @s[tag=aj.tultaria.bone.bust] run data modify entity @s {} merge value {transformation:[-1f,0f,1.2246467991473532e-16f,0.49999999999999994f,0f,1f,0f,0.39981954480881243f,-1.2246467991473532e-16f,0f,-1f,0.5000000000000001f,0f,0f,0f,1f],start_interpolation:0}
execute if entity @s[tag=aj.tultaria.bone.left_wing] run data modify entity @s {} merge value {transformation:[-0.7564388200876443f,0f,-0.6540644551299303f,0.0625f,0f,1f,0f,1.4623195448088124f,0.6540644551299303f,0f,-0.7564388200876443f,-0.12499999999999989f,0f,0f,0f,1f],start_interpolation:0}
execute if entity @s[tag=aj.tultaria.bone.right_wing] run data modify entity @s {} merge value {transformation:[-0.7564388200876441f,0f,0.6540644551299305f,-0.062499999999999944f,0f,1f,0f,1.4623195448088124f,-0.6540644551299305f,0f,-0.7564388200876441f,-0.125f,0f,0f,0f,1f],start_interpolation:0}
execute if entity @s[tag=aj.tultaria.bone.body] run data modify entity @s {} merge value {transformation:[-1f,0f,1.2246467991473532e-16f,0.49999999999999994f,0f,1f,0f,0.39981954480881243f,-1.2246467991473532e-16f,0f,-1f,0.5000000000000001f,0f,0f,0f,1f],start_interpolation:0}
execute if entity @s[tag=aj.tultaria.bone.left_hand] run data modify entity @s {} merge value {transformation:[-0.45499757920154915f,-0.8903535934714589f,0.015737900533111818f,0.5624828742155282f,-0.8840956601812824f,0.4495438922054456f,-0.12761329330991023f,1.316521184723887f,0.10654607721240862f,-0.07197754909163526f,-0.9916991307132464f,-0.10320504779657792f,0f,0f,0f,1f],start_interpolation:0}
execute if entity @s[tag=aj.tultaria.bone.left_arm] run data modify entity @s {} merge value {transformation:[-0.45499757920154915f,-0.8891569496448759f,-0.04875573626712659f,0.21875f,-0.8840956601812824f,0.4576023589299115f,-0.09473618501081271f,1.3998195448088124f,0.10654607721240862f,-1.0195142732831493e-16f,-0.9943077659510899f,2.678914873134835e-17f,0f,0f,0f,1f],start_interpolation:0}
execute if entity @s[tag=aj.tultaria.bone.rod] run data modify entity @s {} merge value {transformation:[-0.45760235892991163f,0.6725928338620986f,0.581565955794467f,-0.8918112765651988f,0.8891569496448759f,0.3461481884582649f,0.29930143755966354f,1.1588672270586327f,-5.604012641457946e-17f,0.6540644551299306f,-0.7564388200876438f,0.05806815672949717f,0f,0f,0f,1f],start_interpolation:0}
execute if entity @s[tag=aj.tultaria.bone.sword] run data modify entity @s {} merge value {transformation:[-0.000004576023589299117f,0.000008868241848508704f,-6.436572275186336e-7f,-0.9091284935357522f,0.00000889156949644876f,0.0000045640180747159825f,-3.3125655236958044e-7f,1.1851006166458027f,-5.604012641457946e-22f,-7.23896076812656e-7f,-0.000009973764307921822f,0.011316136536113755f,0f,0f,0f,1f],start_interpolation:0}
execute if entity @s[tag=aj.tultaria.bone.right_hand] run data modify entity @s {} merge value {transformation:[-0.45760235892991163f,0.8868241848508703f,-0.06436572275186336f,-0.5672979225901054f,0.8891569496448759f,0.45640180747159825f,-0.03312565523695804f,1.3258771979558623f,-5.604012641457946e-17f,-0.0723896076812656f,-0.9973764307921821f,-0.09375000000000007f,0f,0f,0f,1f],start_interpolation:0}
execute if entity @s[tag=aj.tultaria.bone.right_arm] run data modify entity @s {} merge value {transformation:[-0.45760235892991163f,0.8891569496448759f,1.2246467991473532e-16f,-0.21875f,0.8891569496448759f,0.45760235892991163f,0f,1.3998195448088124f,-5.604012641457946e-17f,1.0889032123222215e-16f,-1f,-2.678914873134835e-17f,0f,0f,0f,1f],start_interpolation:0}
execute if entity @s[tag=aj.tultaria.bone.skirt] run data modify entity @s {} merge value {transformation:[-1f,2.92326802257757e-17f,1.1892454848951972e-16f,-7.39635905884864e-18f,0f,0.9710926331765175f,-0.23870294885128213f,0.8502629477118293f,-1.2246467991473532e-16f,-0.23870294885128213f,-0.9710926331765175f,0.060395855066115986f,0f,0f,0f,1f],start_interpolation:0}
execute if entity @s[tag=aj.tultaria.bone.left_foot] run data modify entity @s {} merge value {transformation:[-1f,1.1910572741157098e-17f,1.2188410923330482e-16f,0.12499999999999997f,0f,0.9952592806200553f,-0.09725720713474044f,0.42730670498053464f,-1.2246467991473532e-16f,-0.09725720713474044f,-0.9952592806200553f,0.19443346333970074f,0f,0f,0f,1f],start_interpolation:0}
execute if entity @s[tag=aj.tultaria.bone.left_leg] run data modify entity @s {} merge value {transformation:[-1f,2.0702467379245396e-17f,1.2070213614940648e-16f,0.125f,0f,0.9856077379489662f,-0.1690484749860879f,0.8373790309599464f,-1.2246467991473532e-16f,-0.1690484749860879f,-0.9856077379489662f,-0.002726211710333485f,0f,0f,0f,1f],start_interpolation:0}
execute if entity @s[tag=aj.tultaria.bone.right_foot] run data modify entity @s {} merge value {transformation:[-1f,-6.328682691632092e-17f,1.048445294971665e-16f,-0.12500000000000006f,0f,0.856120553045689f,0.5167761591373421f,0.5718260199694476f,-1.2246467991473532e-16f,0.5167761591373421f,-0.856120553045689f,0.36675023998027156f,0f,0f,0f,1f],start_interpolation:0}
execute if entity @s[tag=aj.tultaria.bone.right_leg] run data modify entity @s {} merge value {transformation:[-1f,7.598278604183052e-17f,9.604277199217016e-17f,-0.125f,0f,0.7842487487742497f,-0.6204465327858831f,0.8373790309599464f,-1.2246467991473532e-16f,-0.6204465327858831f,-0.7842487487742497f,-0.002726211710333515f,0f,0f,0f,1f],start_interpolation:0}
execute if entity @s[tag=aj.tultaria.bone.lower] run data modify entity @s {} merge value {transformation:[-1f,-5.341834311772723e-18f,1.223481206754078e-16f,0f,0f,0.9990482215818578f,0.043619387365336f,0.8998195448088124f,-1.2246467991473532e-16f,0.043619387365336f,-0.9990482215818578f,0f,0f,0f,0f,1f],start_interpolation:0}