execute if entity @s[tag=aj.tultaria.bone.head] run data modify entity @s {} merge value {transformation:[-1f,-3.503367256697292e-17f,1.173466642605946e-16f,0f,0f,0.9582082306694134f,0.2860716460563546f,1.5393076334260112f,-1.2246467991473532e-16f,0.2860716460563546f,-0.9582082306694134f,0f,0f,0f,0f,1f],start_interpolation:0}
execute if entity @s[tag=aj.tultaria.bone.bust] run data modify entity @s {} merge value {transformation:[-1f,0f,1.2246467991473532e-16f,0.49999999999999994f,0f,1f,0f,0.3830576334260112f,-1.2246467991473532e-16f,0f,-1f,0.5000000000000001f,0f,0f,0f,1f],start_interpolation:0}
execute if entity @s[tag=aj.tultaria.bone.left_wing] run data modify entity @s {} merge value {transformation:[-0.8379211986421135f,0f,-0.5457912282788757f,0.0625f,0f,1f,0f,1.4455576334260112f,0.5457912282788757f,0f,-0.8379211986421135f,-0.12499999999999989f,0f,0f,0f,1f],start_interpolation:0}
execute if entity @s[tag=aj.tultaria.bone.right_wing] run data modify entity @s {} merge value {transformation:[-0.8379211986421132f,0f,0.5457912282788759f,-0.062499999999999944f,0f,1f,0f,1.4455576334260112f,-0.5457912282788759f,0f,-0.8379211986421132f,-0.125f,0f,0f,0f,1f],start_interpolation:0}
execute if entity @s[tag=aj.tultaria.bone.body] run data modify entity @s {} merge value {transformation:[-1f,0f,1.2246467991473532e-16f,0.49999999999999994f,0f,1f,0f,0.3830576334260112f,-1.2246467991473532e-16f,0f,-1f,0.5000000000000001f,0f,0f,0f,1f],start_interpolation:0}
execute if entity @s[tag=aj.tultaria.bone.left_hand] run data modify entity @s {} merge value {transformation:[-0.3747451708880598f,-0.9116207309434095f,0.16886000062265472f,0.5703187396944831f,-0.9250854501501885f,0.3555827641547696f,-0.13333344575340772f,1.335377070572108f,0.061505827500345285f,-0.20617599460232425f,-0.9765799979690554f,-0.09933867673553824f,0f,0f,0f,1f],start_interpolation:0}
execute if entity @s[tag=aj.tultaria.bone.left_arm] run data modify entity @s {} merge value {transformation:[-0.3747451708880598f,-0.9268402141633713f,-0.02309273274593447f,0.21875f,-0.9250854501501885f,0.3754560126161204f,-0.05700607433271543f,1.3830576334260112f,0.061505827500345285f,-1.1003574320766837e-16f,-0.9981067243453967f,2.678914873134835e-17f,0f,0f,0f,1f],start_interpolation:0}
execute if entity @s[tag=aj.tultaria.bone.rod] run data modify entity @s {} merge value {transformation:[-0.3754560126161205f,0.7766190632014849f,0.5058612589064828f,-0.8886874395547174f,0.9268402141633711f,0.3146025521286881f,0.20492059829044154f,1.2128211273418508f,-4.5980100407096025e-17f,0.5457912282788759f,-0.8379211986421132f,0.10601671117286704f,0f,0f,0f,1f],start_interpolation:0}
execute if entity @s[tag=aj.tultaria.bone.sword] run data modify entity @s {} merge value {transformation:[-0.000003754560126161205f,0.000009068505325008517f,-0.0000019145467947617615f,-0.909394878049417f,0.000009268402141633712f,0.000003673583426447653f,-7.755685333281406e-7f,1.2381494065344802f,-4.598010040709603e-22f,-0.000002065670830316703f,-0.000009784324402879266f,0.06015269053437054f,0f,0f,0f,1f],start_interpolation:0}
execute if entity @s[tag=aj.tultaria.bone.right_hand] run data modify entity @s {} merge value {transformation:[-0.3754560126161205f,0.9068505325008517f,-0.19145467947617614f,-0.5725503248014201f,0.9268402141633711f,0.3673583426447653f,-0.07755685333281405f,1.3408858991670358f,-4.5980100407096025e-17f,-0.2065670830316703f,-0.9784324402879265f,-0.09375000000000007f,0f,0f,0f,1f],start_interpolation:0}
execute if entity @s[tag=aj.tultaria.bone.right_arm] run data modify entity @s {} merge value {transformation:[-0.3754560126161205f,0.9268402141633711f,1.2246467991473532e-16f,-0.21875f,0.9268402141633711f,0.3754560126161205f,0f,1.3830576334260112f,-4.5980100407096025e-17f,1.1350519015962198e-16f,-1f,-2.678914873134835e-17f,0f,0f,0f,1f],start_interpolation:0}
execute if entity @s[tag=aj.tultaria.bone.skirt] run data modify entity @s {} merge value {transformation:[-1f,1.4719592593412577e-17f,1.2157685396695597e-16f,-7.39635905884864e-18f,0f,0.9927503509714187f,-0.12019459491227125f,0.833501036329028f,-1.2246467991473532e-16f,-0.12019459491227125f,-0.9927503509714187f,0.060395855066115986f,0f,0f,0f,1f],start_interpolation:0}
execute if entity @s[tag=aj.tultaria.bone.left_foot] run data modify entity @s {} merge value {transformation:[-1f,-1.570667136261643e-17f,1.214532762066357e-16f,0.12499999999999999f,0f,0.9917412619801578f,0.12825470473243406f,0.3944189888529742f,-1.2246467991473532e-16f,0.12825470473243406f,-0.9917412619801578f,0.15660490065389546f,0f,0f,0f,1f],start_interpolation:0}
execute if entity @s[tag=aj.tultaria.bone.left_leg] run data modify entity @s {} merge value {transformation:[-1f,9.720332200519237e-18f,1.220783067073349e-16f,0.125f,0f,0.9968450233351408f,-0.07937253587962592f,0.8206171195771451f,-1.2246467991473532e-16f,-0.07937253587962592f,-0.9968450233351408f,-0.002726211710333485f,0f,0f,0f,1f],start_interpolation:0}
execute if entity @s[tag=aj.tultaria.bone.right_foot] run data modify entity @s {} merge value {transformation:[-1f,-5.848439655534302e-17f,1.0759727313540971e-16f,-0.12500000000000003f,0f,0.8785984106627567f,0.4775613392862509f,0.5075501793828513f,-1.2246467991473532e-16f,0.4775613392862509f,-0.8785984106627567f,0.3274560727287054f,0f,0f,0f,1f],start_interpolation:0}
execute if entity @s[tag=aj.tultaria.bone.right_leg] run data modify entity @s {} merge value {transformation:[-1f,6.230049485157478e-17f,1.054336102382323e-16f,-0.125f,0f,0.8609307623360407f,-0.5087221466217916f,0.8206171195771451f,-1.2246467991473532e-16f,-0.5087221466217916f,-0.8609307623360407f,-0.002726211710333515f,0f,0f,0f,1f],start_interpolation:0}
execute if entity @s[tag=aj.tultaria.bone.lower] run data modify entity @s {} merge value {transformation:[-1f,-5.341834311772723e-18f,1.223481206754078e-16f,0f,0f,0.9990482215818578f,0.043619387365336f,0.8830576334260112f,-1.2246467991473532e-16f,0.043619387365336f,-0.9990482215818578f,0f,0f,0f,0f,1f],start_interpolation:0}