execute if entity @s[tag=aj.tultaria.bone.head] run data modify entity @s {} merge value {transformation:[-1f,-3.737892944278658e-17f,1.1662081057997223e-16f,0f,0f,0.9522811855725926f,0.30522212174817465f,1.6479101096472766f,-1.2246467991473532e-16f,0.30522212174817465f,-0.9522811855725926f,0f,0f,0f,0f,1f],start_interpolation:0}
execute if entity @s[tag=aj.tultaria.bone.bust] run data modify entity @s {} merge value {transformation:[-1f,0f,1.2246467991473532e-16f,0.49999999999999994f,0f,1f,0f,0.4916601096472766f,-1.2246467991473532e-16f,0f,-1f,0.5000000000000001f,0f,0f,0f,1f],start_interpolation:0}
execute if entity @s[tag=aj.tultaria.bone.left_wing] run data modify entity @s {} merge value {transformation:[-0.8570661566899874f,0f,-0.5152063693867285f,0.0625f,0f,1f,0f,1.5541601096472766f,0.5152063693867285f,0f,-0.8570661566899874f,-0.12499999999999989f,0f,0f,0f,1f],start_interpolation:0}
execute if entity @s[tag=aj.tultaria.bone.right_wing] run data modify entity @s {} merge value {transformation:[-0.8570661566899872f,0f,0.5152063693867287f,-0.062499999999999944f,0f,1f,0f,1.5541601096472766f,-0.5152063693867287f,0f,-0.8570661566899872f,-0.125f,0f,0f,0f,1f],start_interpolation:0}
execute if entity @s[tag=aj.tultaria.bone.body] run data modify entity @s {} merge value {transformation:[-1f,0f,1.2246467991473532e-16f,0.49999999999999994f,0f,1f,0f,0.4916601096472766f,-1.2246467991473532e-16f,0f,-1f,0.5000000000000001f,0f,0f,0f,1f],start_interpolation:0}
execute if entity @s[tag=aj.tultaria.bone.left_hand] run data modify entity @s {} merge value {transformation:[-0.35262030480200446f,-0.9120805219593072f,0.20920813106516517f,0.5717835297421514f,-0.9344565509063001f,0.33138832284336367f,-0.13027944562118912f,1.4535619775617448f,0.04949621308386366f,-0.2414350864010872f,-0.9691538701077638f,-0.09827536165993433f,0f,0f,0f,1f],start_interpolation:0}
execute if entity @s[tag=aj.tultaria.bone.left_arm] run data modify entity @s {} merge value {transformation:[-0.35262030480200446f,-0.9356033093207239f,-0.01747478839504381f,0.21875f,-0.9344565509063001f,0.3530530379250547f,-0.04630882076010659f,1.4916601096472766f,0.04949621308386366f,-1.1110891285117595e-16f,-0.9987743112887699f,2.678914873134835e-17f,0f,0f,0f,1f],start_interpolation:0}
execute if entity @s[tag=aj.tultaria.bone.rod] run data modify entity @s {} merge value {transformation:[-0.35305303792505494f,0.8018739325059457f,0.48202878418133865f,-0.8856378947282577f,0.9356033093207237f,0.3025898103221511f,0.18189517387032259f,1.3402104559557653f,-4.3236527282416765e-17f,0.5152063693867288f,-0.8570661566899871f,0.11819216628452656f,0f,0f,0f,1f],start_interpolation:0}
execute if entity @s[tag=aj.tultaria.bone.sword] run data modify entity @s {} merge value {transformation:[-0.0000035305303792505495f,0.000009078563173534097f,-0.000002261646733099469f,-0.9072722712248196f,0.000009356033093207238f,0.0000034258261770555546f,-8.534399588793303e-7f,1.365447559564791f,-4.323652728241677e-22f,-0.0000024173137381712482f,-0.000009703432088248392f,0.07270732837086229f,0f,0f,0f,1f],start_interpolation:0}
execute if entity @s[tag=aj.tultaria.bone.right_hand] run data modify entity @s {} merge value {transformation:[-0.35305303792505494f,0.9078563173534095f,-0.22616467330994688f,-0.5734623598844726f,0.9356033093207237f,0.3425826177055554f,-0.08534399588793302f,1.458010938109357f,-4.3236527282416765e-17f,-0.24173137381712478f,-0.9703432088248392f,-0.09375000000000007f,0f,0f,0f,1f],start_interpolation:0}
execute if entity @s[tag=aj.tultaria.bone.right_arm] run data modify entity @s {} merge value {transformation:[-0.35305303792505494f,0.9356033093207237f,1.2246467991473532e-16f,-0.21875f,0.9356033093207237f,0.35305303792505494f,0f,1.4916601096472766f,-4.3236527282416765e-17f,1.1457835980312954e-16f,-1f,-2.678914873134835e-17f,0f,0f,0f,1f],start_interpolation:0}
execute if entity @s[tag=aj.tultaria.bone.skirt] run data modify entity @s {} merge value {transformation:[-1f,1.0813079148935855e-17f,1.2198637278785458e-16f,-7.39635905884864e-18f,0f,0.9960943259132856f,-0.08829549186315876f,0.9421035125502935f,-1.2246467991473532e-16f,-0.08829549186315876f,-0.9960943259132856f,0.060395855066115986f,0f,0f,0f,1f],start_interpolation:0}
execute if entity @s[tag=aj.tultaria.bone.left_foot] run data modify entity @s {} merge value {transformation:[-1f,-2.2978210442193325e-17f,1.2028964906214025e-16f,0.12499999999999999f,0f,0.9822395252728425f,0.18763132731977614f,0.49931221030368933f,-1.2246467991473532e-16f,0.18763132731977614f,-0.9822395252728425f,0.14630697216860403f,0f,0f,0f,1f],start_interpolation:0}
execute if entity @s[tag=aj.tultaria.bone.left_leg] run data modify entity @s {} merge value {transformation:[-1f,6.781031670240698e-18f,1.2227679843742138e-16f,0.125f,0f,0.9984658313119769f,-0.055371325634149496f,0.9292195957984105f,-1.2246467991473532e-16f,-0.055371325634149496f,-0.9984658313119769f,-0.002726211710333485f,0f,0f,0f,1f],start_interpolation:0}
execute if entity @s[tag=aj.tultaria.bone.right_foot] run data modify entity @s {} merge value {transformation:[-1f,-5.718599263117043e-17f,1.082929363966381e-16f,-0.12500000000000003f,0f,0.8842789322769296f,0.4669590666548554f,0.6044445190524523f,-1.2246467991473532e-16f,0.4669590666548554f,-0.8842789322769296f,0.31594666056569976f,0f,0f,0f,1f],start_interpolation:0}
execute if entity @s[tag=aj.tultaria.bone.right_leg] run data modify entity @s {} merge value {transformation:[-1f,5.845622565120044e-17f,1.0761258062714842e-16f,-0.125f,0f,0.8787234058184978f,-0.47733130639707655f,0.9292195957984105f,-1.2246467991473532e-16f,-0.47733130639707655f,-0.8787234058184978f,-0.002726211710333515f,0f,0f,0f,1f],start_interpolation:0}
execute if entity @s[tag=aj.tultaria.bone.lower] run data modify entity @s {} merge value {transformation:[-1f,-5.341834311772723e-18f,1.223481206754078e-16f,0f,0f,0.9990482215818578f,0.043619387365336f,0.9916601096472766f,-1.2246467991473532e-16f,0.043619387365336f,-0.9990482215818578f,0f,0f,0f,0f,1f],start_interpolation:0}