execute if entity @s[tag=aj.tultaria.bone.head] run data modify entity @s {} merge value {transformation:[-1f,-3.621379169685471e-17f,1.1698785884678544e-16f,0f,0f,0.9552783621223436f,0.2957080500440467f,1.5391738416597498f,-1.2246467991473532e-16f,0.2957080500440467f,-0.9552783621223436f,0f,0f,0f,0f,1f],start_interpolation:0}
execute if entity @s[tag=aj.tultaria.bone.bust] run data modify entity @s {} merge value {transformation:[-1f,0f,1.2246467991473532e-16f,0.49999999999999994f,0f,1f,0f,0.3829238416597497f,-1.2246467991473532e-16f,0f,-1f,0.5000000000000001f,0f,0f,0f,1f],start_interpolation:0}
execute if entity @s[tag=aj.tultaria.bone.left_wing] run data modify entity @s {} merge value {transformation:[-0.8476779360850835f,0f,-0.5305111843067337f,0.0625f,0f,1f,0f,1.4454238416597498f,0.5305111843067337f,0f,-0.8476779360850835f,-0.12499999999999989f,0f,0f,0f,1f],start_interpolation:0}
execute if entity @s[tag=aj.tultaria.bone.right_wing] run data modify entity @s {} merge value {transformation:[-0.8476779360850832f,0f,0.5305111843067339f,-0.062499999999999944f,0f,1f,0f,1.4454238416597498f,-0.5305111843067339f,0f,-0.8476779360850832f,-0.125f,0f,0f,0f,1f],start_interpolation:0}
execute if entity @s[tag=aj.tultaria.bone.body] run data modify entity @s {} merge value {transformation:[-1f,0f,1.2246467991473532e-16f,0.49999999999999994f,0f,1f,0f,0.3829238416597497f,-1.2246467991473532e-16f,0f,-1f,0.5000000000000001f,0f,0f,0f,1f],start_interpolation:0}
execute if entity @s[tag=aj.tultaria.bone.left_hand] run data modify entity @s {} merge value {transformation:[-0.3636658555222615f,-0.9121182671824526f,0.18917561206281774f,0.5710874024025274f,-0.9298762788749964f,0.34336230155066044f,-0.13203195014625585f,1.3400534512007676f,0.05547298002497887f,-0.22392542630508355f,-0.9730262853290423f,-0.09880623457117362f,0f,0f,0f,1f],start_interpolation:0}
execute if entity @s[tag=aj.tultaria.bone.left_arm] run data modify entity @s {} merge value {transformation:[-0.3636658555222615f,-0.9313103209992202f,-0.02020474022577523f,0.21875f,-0.9298762788749964f,0.3642266958918984f,-0.05166255883384645f,1.3829238416597498f,0.05547298002497887f,-1.1752206731441252e-16f,-0.998460188734207f,2.678914873134835e-17f,0f,0f,0f,1f],start_interpolation:0}
execute if entity @s[tag=aj.tultaria.bone.rod] run data modify entity @s {} merge value {transformation:[-0.36422669589189827f,0.7894512107593554f,0.4940705413503812f,-0.8872710668059965f,0.9313103209992203f,0.30874693384073354f,0.1932263357937396f,1.2221361687214614f,-4.460490572880296e-17f,0.530511184306734f,-0.8476779360850831f,0.11216739445433999f,0f,0f,0f,1f],start_interpolation:0}
execute if entity @s[tag=aj.tultaria.bone.sword] run data modify entity @s {} merge value {transformation:[-0.000003642266958918983f,0.000009075869347172336f,-0.0000020886567437050756f,-0.908443729538736f,0.000009313103209992204f,0.000003549487029329193f,-8.16853982457549e-7f,1.2474106132099172f,-4.460490572880296e-22f,-0.0000022427076094938114f,-0.000009745268727865771f,0.0664864472924692f,0f,0f,0f,1f],start_interpolation:0}
execute if entity @s[tag=aj.tultaria.bone.right_hand] run data modify entity @s {} merge value {transformation:[-0.36422669589189827f,0.9075869347172335f,-0.20886567437050754f,-0.5730341755833475f,0.9313103209992203f,0.35494870293291925f,-0.0816853982457549f,1.3450312575405867f,-4.460490572880296e-17f,-0.22427076094938114f,-0.9745268727865771f,-0.09375000000000007f,0f,0f,0f,1f],start_interpolation:0}
execute if entity @s[tag=aj.tultaria.bone.right_arm] run data modify entity @s {} merge value {transformation:[-0.36422669589189827f,0.9313103209992203f,1.2246467991473532e-16f,-0.21875f,0.9313103209992203f,0.36422669589189827f,0f,1.3829238416597498f,-4.460490572880296e-17f,1.1405262036245893e-16f,-1f,-2.678914873134835e-17f,0f,0f,0f,1f],start_interpolation:0}
execute if entity @s[tag=aj.tultaria.bone.skirt] run data modify entity @s {} merge value {transformation:[-1f,1.2758529958711822e-17f,1.217982665718656e-16f,-7.39635905884864e-18f,0f,0.9945583220947157f,-0.10418130327531828f,0.8333672445627666f,-1.2246467991473532e-16f,-0.10418130327531828f,-0.9945583220947157f,0.060395855066115986f,0f,0f,0f,1f],start_interpolation:0}
execute if entity @s[tag=aj.tultaria.bone.left_foot] run data modify entity @s {} merge value {transformation:[-1f,-1.936877708225352e-17f,1.2092331578714072e-16f,0.12499999999999999f,0f,0.9874138067509114f,0.15815806725448361f,0.3923906329933855f,-1.2246467991473532e-16f,0.15815806725448361f,-0.9874138067509114f,0.15144218532321035f,0f,0f,0f,1f],start_interpolation:0}
execute if entity @s[tag=aj.tultaria.bone.left_leg] run data modify entity @s {} merge value {transformation:[-1f,8.244170288435526e-18f,1.221868711559219e-16f,0.125f,0f,0.9977315193327018f,-0.06731875912447112f,0.8204833278108836f,-1.2246467991473532e-16f,-0.06731875912447112f,-0.9977315193327018f,-0.002726211710333485f,0f,0f,0f,1f],start_interpolation:0}
execute if entity @s[tag=aj.tultaria.bone.right_foot] run data modify entity @s {} merge value {transformation:[-1f,-5.783310046882746e-17f,1.0794873930149017e-16f,-0.12500000000000003f,0f,0.8814683497041618f,0.4722431031469082f,0.5014820887060251f,-1.2246467991473532e-16f,0.4722431031469082f,-0.8814683497041618f,0.3217263417540595f,0f,0f,0f,1f],start_interpolation:0}
execute if entity @s[tag=aj.tultaria.bone.right_leg] run data modify entity @s {} merge value {transformation:[-1f,6.037889131290179e-17f,1.0654570526512729e-16f,-0.125f,0f,0.8700117073699007f,-0.4930310629557838f,0.8204833278108836f,-1.2246467991473532e-16f,-0.4930310629557838f,-0.8700117073699007f,-0.002726211710333515f,0f,0f,0f,1f],start_interpolation:0}
execute if entity @s[tag=aj.tultaria.bone.lower] run data modify entity @s {} merge value {transformation:[-1f,-5.341834311772723e-18f,1.223481206754078e-16f,0f,0f,0.9990482215818578f,0.043619387365336f,0.8829238416597497f,-1.2246467991473532e-16f,0.043619387365336f,-0.9990482215818578f,0f,0f,0f,0f,1f],start_interpolation:0}