execute if entity @s[tag=aj.tultaria.bone.head] run data modify entity @s {} merge value {transformation:[-1f,-2.154636929995231e-17f,1.2055435204341918e-16f,0f,0f,0.984400989145228f,0.17593945711493086f,1.5846722871910206f,-1.2246467991473532e-16f,0.17593945711493086f,-0.984400989145228f,0f,0f,0f,0f,1f],start_interpolation:0}
execute if entity @s[tag=aj.tultaria.bone.bust] run data modify entity @s {} merge value {transformation:[-1f,0f,1.2246467991473532e-16f,0.49999999999999994f,0f,1f,0f,0.4284222871910206f,-1.2246467991473532e-16f,0f,-1f,0.5000000000000001f,0f,0f,0f,1f],start_interpolation:0}
execute if entity @s[tag=aj.tultaria.bone.left_wing] run data modify entity @s {} merge value {transformation:[-0.7100624910579247f,0f,-0.7041386644636229f,0.0625f,0f,1f,0f,1.4909222871910206f,0.7041386644636229f,0f,-0.7100624910579247f,-0.12499999999999989f,0f,0f,0f,1f],start_interpolation:0}
execute if entity @s[tag=aj.tultaria.bone.right_wing] run data modify entity @s {} merge value {transformation:[-0.7100624910579245f,0f,0.7041386644636232f,-0.062499999999999944f,0f,1f,0f,1.4909222871910206f,-0.7041386644636232f,0f,-0.7100624910579245f,-0.125f,0f,0f,0f,1f],start_interpolation:0}
execute if entity @s[tag=aj.tultaria.bone.body] run data modify entity @s {} merge value {transformation:[-1f,0f,1.2246467991473532e-16f,0.49999999999999994f,0f,1f,0f,0.4284222871910206f,-1.2246467991473532e-16f,0f,-1f,0.5000000000000001f,0f,0f,0f,1f],start_interpolation:0}
execute if entity @s[tag=aj.tultaria.bone.left_hand] run data modify entity @s {} merge value {transformation:[-0.4934129939780214f,-0.8676798425931652f,-0.06062431963449138f,0.5571582887240449f,-0.8601546526572416f,0.4971060626460191f,-0.11410318134334635f,1.3275169127821298f,0.12914174726146993f,-0.004153701731250124f,-0.991617444318212f,-0.10507198978921538f,0f,0f,0f,1f],start_interpolation:0}
execute if entity @s[tag=aj.tultaria.bone.left_arm] run data modify entity @s {} merge value {transformation:[-0.4934129939780214f,-0.8674182886512775f,-0.06425830597622549f,0.21875f,-0.8601546526572416f,0.49757965444066266f,-0.11201991340298006f,1.4284222871910206f,0.12914174726146993f,-1.131669969757734e-16f,-0.9916261438234949f,2.678914873134835e-17f,0f,0f,0f,1f],start_interpolation:0}
execute if entity @s[tag=aj.tultaria.bone.rod] run data modify entity @s {} merge value {transformation:[-0.49757965444066254f,0.6159211908289278f,0.610782755302232f,-0.888397956058602f,0.8674182886512775f,0.35331264893187814f,0.3503650733421192f,1.1523695434278547f,-6.093593311316035e-17f,0.7041386644636232f,-0.7100624910579244f,0.032819695112168534f,0f,0f,0f,1f],start_interpolation:0}
execute if entity @s[tag=aj.tultaria.bone.sword] run data modify entity @s {} merge value {transformation:[-0.000004975796544406626f,0.000008674106788176406f,-3.633422605616508e-8f,-0.904117636944511f,0.000008674182886512775f,0.000004975752891898477f,-2.084250687578527e-8f,1.179378665697227f,-6.093593311316035e-22f,-4.188777955403773e-8f,-0.000009999912270311377f,-0.014054893654916023f,0f,0f,0f,1f],start_interpolation:0}
execute if entity @s[tag=aj.tultaria.bone.right_hand] run data modify entity @s {} merge value {transformation:[-0.49757965444066254f,0.8674106788176404f,-0.0036334226056165073f,-0.5635731293276888f,0.8674182886512775f,0.4975752891898476f,-0.002084250687578527f,1.3386997455381002f,-6.093593311316035e-17f,-0.004188777955403773f,-0.9999912270311376f,-0.09375000000000007f,0f,0f,0f,1f],start_interpolation:0}
execute if entity @s[tag=aj.tultaria.bone.right_arm] run data modify entity @s {} merge value {transformation:[-0.49757965444066254f,0.8674182886512775f,1.2246467991473532e-16f,-0.21875f,0.8674182886512775f,0.49757965444066254f,0f,1.4284222871910206f,-6.093593311316035e-17f,1.0622810307186619e-16f,-1f,-2.678914873134835e-17f,0f,0f,0f,1f],start_interpolation:0}
execute if entity @s[tag=aj.tultaria.bone.skirt] run data modify entity @s {} merge value {transformation:[-1f,3.63907082217447e-17f,1.1693294737471737e-16f,-7.39635905884864e-18f,0f,0.9548299759255536f,-0.2971526831008036f,0.8788656900940375f,-1.2246467991473532e-16f,-0.2971526831008036f,-0.9548299759255536f,0.060395855066115986f,0f,0f,0f,1f],start_interpolation:0}
execute if entity @s[tag=aj.tultaria.bone.left_foot] run data modify entity @s {} merge value {transformation:[-1f,2.567087021020335e-17f,1.1974391111563656e-16f,0.12499999999999997f,0f,0.9777832367586062f,-0.2096185629038218f,0.4653035602182996f,-1.2246467991473532e-16f,-0.2096185629038218f,-0.9777832367586062f,0.2128850577722117f,0f,0f,0f,1f],start_interpolation:0}
execute if entity @s[tag=aj.tultaria.bone.left_leg] run data modify entity @s {} merge value {transformation:[-1f,2.6172225655633347e-17f,1.1963533103080036e-16f,0.125f,0f,0.9768966130813811f,-0.2137124407939944f,0.8659817733421545f,-1.2246467991473532e-16f,-0.2137124407939944f,-0.9768966130813811f,-0.002726211710333485f,0f,0f,0f,1f],start_interpolation:0}
execute if entity @s[tag=aj.tultaria.bone.right_foot] run data modify entity @s {} merge value {transformation:[-1f,-6.565594646912208e-17f,1.0337743718946781e-16f,-0.12500000000000006f,0f,0.8441408352305595f,0.5361214883739074f,0.6262496868911449f,-1.2246467991473532e-16f,0.5361214883739074f,-0.8441408352305595f,0.3840033795105164f,0f,0f,0f,1f],start_interpolation:0}
execute if entity @s[tag=aj.tultaria.bone.right_leg] run data modify entity @s {} merge value {transformation:[-1f,8.23570061137798e-17f,9.063620342111324e-17f,-0.125f,0f,0.7401007660675525f,-0.6724959896283561f,0.8659817733421545f,-1.2246467991473532e-16f,-0.6724959896283561f,-0.7401007660675525f,-0.002726211710333515f,0f,0f,0f,1f],start_interpolation:0}
execute if entity @s[tag=aj.tultaria.bone.lower] run data modify entity @s {} merge value {transformation:[-1f,-5.341834311772723e-18f,1.223481206754078e-16f,0f,0f,0.9990482215818578f,0.043619387365336f,0.9284222871910206f,-1.2246467991473532e-16f,0.043619387365336f,-0.9990482215818578f,0f,0f,0f,0f,1f],start_interpolation:0}