execute if entity @s[tag=aj.tultaria.bone.head] run data modify entity @s {} merge value {transformation:[-1f,-2.188381236470251e-17f,1.2049355411392373e-16f,0f,0f,0.9839045363758436f,0.17869488884418652f,1.580201462159825f,-1.2246467991473532e-16f,0.17869488884418652f,-0.9839045363758436f,0f,0f,0f,0f,1f],start_interpolation:0}
execute if entity @s[tag=aj.tultaria.bone.bust] run data modify entity @s {} merge value {transformation:[-1f,0f,1.2246467991473532e-16f,0.49999999999999994f,0f,1f,0f,0.42395146215982504f,-1.2246467991473532e-16f,0f,-1f,0.5000000000000001f,0f,0f,0f,1f],start_interpolation:0}
execute if entity @s[tag=aj.tultaria.bone.left_wing] run data modify entity @s {} merge value {transformation:[-0.7136020631109908f,0f,-0.7005512797245733f,0.0625f,0f,1f,0f,1.486451462159825f,0.7005512797245733f,0f,-0.7136020631109908f,-0.12499999999999989f,0f,0f,0f,1f],start_interpolation:0}
execute if entity @s[tag=aj.tultaria.bone.right_wing] run data modify entity @s {} merge value {transformation:[-0.7136020631109906f,0f,0.7005512797245735f,-0.062499999999999944f,0f,1f,0f,1.486451462159825f,-0.7005512797245735f,0f,-0.7136020631109906f,-0.125f,0f,0f,0f,1f],start_interpolation:0}
execute if entity @s[tag=aj.tultaria.bone.body] run data modify entity @s {} merge value {transformation:[-1f,0f,1.2246467991473532e-16f,0.49999999999999994f,0f,1f,0f,0.42395146215982504f,-1.2246467991473532e-16f,0f,-1f,0.5000000000000001f,0f,0f,0f,1f],start_interpolation:0}
execute if entity @s[tag=aj.tultaria.bone.left_hand] run data modify entity @s {} merge value {transformation:[-0.4906269236117302f,-0.8696300435407129f,-0.055034618184075706f,0.5575826513877562f,-0.8619948689519522f,0.49361909381383345f,-0.11534745824211498f,1.3243369268389686f,0.12747575348981482f,-0.009153010094358312f,-0.9917994528524487f,-0.10493601005542881f,0f,0f,0f,1f],start_interpolation:0}
execute if entity @s[tag=aj.tultaria.bone.left_arm] run data modify entity @s {} merge value {transformation:[-0.4906269236117302f,-0.8690851374386767f,-0.06305747941747816f,0.21875f,-0.8619948689519522f,0.4946625353543527f,-0.11078728274179464f,1.423951462159825f,0.12747575348981482f,-1.1337112707898853e-16f,-0.9918416871014265f,2.678914873134835e-17f,0f,0f,0f,1f],start_interpolation:0}
execute if entity @s[tag=aj.tultaria.bone.rod] run data modify entity @s {} merge value {transformation:[-0.4946625353543527f,0.6201809470953384f,0.6088387052222721f,-0.888763155553221f,0.8690851374386768f,0.3529922057725794f,0.3465364721742939f,1.150468006963242f,-6.057868905798225e-17f,0.7005512797245738f,-0.7136020631109905f,0.03470528883170598f,0f,0f,0f,1f],start_interpolation:0}
execute if entity @s[tag=aj.tultaria.bone.sword] run data modify entity @s {} merge value {transformation:[-0.000004946625353543527f,0.000008690481303653154f,-8.020176142303356e-8f,-0.904597305539715f,0.000008690851374386768f,0.000004946414718106946f,-4.5648930048815433e-8f,1.177412938148597f,-6.057868905798225e-22f,-9.228297432332164e-8f,-0.000009999574183566521f,-0.012167715153762068f,0f,0f,0f,1f],start_interpolation:0}
execute if entity @s[tag=aj.tultaria.bone.right_hand] run data modify entity @s {} merge value {transformation:[-0.4946625353543527f,0.8690481303653154f,-0.008020176142303355f,-0.5638726286840157f,0.8690851374386768f,0.4946414718106946f,-0.004564893004881543f,1.3353879472666423f,-6.057868905798225e-17f,-0.009228297432332163f,-0.9999574183566521f,-0.09375000000000007f,0f,0f,0f,1f],start_interpolation:0}
execute if entity @s[tag=aj.tultaria.bone.right_arm] run data modify entity @s {} merge value {transformation:[-0.4946625353543527f,0.8690851374386768f,1.2246467991473532e-16f,-0.21875f,0.8690851374386768f,0.4946625353543527f,0f,1.423951462159825f,-6.057868905798225e-17f,1.064322331750813e-16f,-1f,-2.678914873134835e-17f,0f,0f,0f,1f],start_interpolation:0}
execute if entity @s[tag=aj.tultaria.bone.skirt] run data modify entity @s {} merge value {transformation:[-1f,3.5866522838537015e-17f,1.170947922244678e-16f,-7.39635905884864e-18f,0f,0.9561515394152318f,-0.29287238462149806f,0.8743948650628419f,-1.2246467991473532e-16f,-0.29287238462149806f,-0.9561515394152318f,0.060395855066115986f,0f,0f,0f,1f],start_interpolation:0}
execute if entity @s[tag=aj.tultaria.bone.left_foot] run data modify entity @s {} merge value {transformation:[-1f,2.4664199852624585e-17f,1.199553044773276e-16f,0.12499999999999997f,0f,0.9795093945523327f,-0.201398475624129f,0.4601105961092967f,-1.2246467991473532e-16f,-0.201398475624129f,-0.9795093945523327f,0.21153766124164475f,0f,0f,0f,1f],start_interpolation:0}
execute if entity @s[tag=aj.tultaria.bone.left_leg] run data modify entity @s {} merge value {transformation:[-1f,2.5770132838765754e-17f,1.1972258801116415e-16f,0.125f,0f,0.97760912039716f,-0.21042910377676174f,0.861510948310959f,-1.2246467991473532e-16f,-0.21042910377676174f,-0.97760912039716f,-0.002726211710333485f,0f,0f,0f,1f],start_interpolation:0}
execute if entity @s[tag=aj.tultaria.bone.right_foot] run data modify entity @s {} merge value {transformation:[-1f,-6.54821922827714e-17f,1.034875853446235e-16f,-0.12500000000000006f,0f,0.8450402631736398f,0.5347026777709512f,0.619832937228834f,-1.2246467991473532e-16f,0.5347026777709512f,-0.8450402631736398f,0.38279031058071994f,0f,0f,0f,1f],start_interpolation:0}
execute if entity @s[tag=aj.tultaria.bone.right_leg] run data modify entity @s {} merge value {transformation:[-1f,8.189918852537538e-17f,9.105010019491248e-17f,-0.125f,0f,0.7434804897077679f,-0.6687576253201885f,0.861510948310959f,-1.2246467991473532e-16f,-0.6687576253201885f,-0.7434804897077679f,-0.002726211710333515f,0f,0f,0f,1f],start_interpolation:0}
execute if entity @s[tag=aj.tultaria.bone.lower] run data modify entity @s {} merge value {transformation:[-1f,-5.341834311772723e-18f,1.223481206754078e-16f,0f,0f,0.9990482215818578f,0.043619387365336f,0.923951462159825f,-1.2246467991473532e-16f,0.043619387365336f,-0.9990482215818578f,0f,0f,0f,0f,1f],start_interpolation:0}