execute if entity @s[tag=aj.tultaria.bone.head] run data modify entity @s {} merge value {transformation:[-1f,-3.0336384486201366e-17f,1.1864780488034298e-16f,0f,0f,0.9688328501160514f,0.24771537807735863f,1.6428405924919618f,-1.2246467991473532e-16f,0.24771537807735863f,-0.9688328501160514f,0f,0f,0f,0f,1f],start_interpolation:0}
execute if entity @s[tag=aj.tultaria.bone.bust] run data modify entity @s {} merge value {transformation:[-1f,0f,1.2246467991473532e-16f,0.49999999999999994f,0f,1f,0f,0.4865905924919618f,-1.2246467991473532e-16f,0f,-1f,0.5000000000000001f,0f,0f,0f,1f],start_interpolation:0}
execute if entity @s[tag=aj.tultaria.bone.left_wing] run data modify entity @s {} merge value {transformation:[-0.7967013599708922f,0f,-0.6043731819170428f,0.0625f,0f,1f,0f,1.5490905924919618f,0.6043731819170428f,0f,-0.7967013599708922f,-0.12499999999999989f,0f,0f,0f,1f],start_interpolation:0}
execute if entity @s[tag=aj.tultaria.bone.right_wing] run data modify entity @s {} merge value {transformation:[-0.796701359970892f,0f,0.604373181917043f,-0.062499999999999944f,0f,1f,0f,1.5490905924919618f,-0.604373181917043f,0f,-0.796701359970892f,-0.125f,0f,0f,0f,1f],start_interpolation:0}
execute if entity @s[tag=aj.tultaria.bone.body] run data modify entity @s {} merge value {transformation:[-1f,0f,1.2246467991473532e-16f,0.49999999999999994f,0f,1f,0f,0.4865905924919618f,-1.2246467991473532e-16f,0f,-1f,0.5000000000000001f,0f,0f,0f,1f],start_interpolation:0}
execute if entity @s[tag=aj.tultaria.bone.left_hand] run data modify entity @s {} merge value {transformation:[-0.4177514729077322f,-0.9042873163803015f,0.08802361227041526f,0.5666361390092752f,-0.9045461506729372f,0.4048506253851471f,-0.13376184967331645f,1.4200021929852191f,0.08532272959881132f,-0.13550062936742188f,-0.9870965561964243f,-0.10140713405056684f,0f,0f,0f,1f],start_interpolation:0}
execute if entity @s[tag=aj.tultaria.bone.left_arm] run data modify entity @s {} merge value {transformation:[-0.4177514729077322f,-0.9078567711879796f,-0.03577415116472183f,0.21875f,-0.9045461506729372f,0.41928043480245547f,-0.07746081780252197f,1.4865905924919618f,0.08532272959881132f,-1.1118038889196104e-16f,-0.996353366940569f,2.678914873134835e-17f,0f,0f,0f,1f],start_interpolation:0}
execute if entity @s[tag=aj.tultaria.bone.rod] run data modify entity @s {} merge value {transformation:[-0.41928043480245536f,0.7232907242642465f,0.5486842855278122f,-0.8919834393463487f,0.9078567711879799f,0.3340412926163031f,0.2534018504971212f,1.2789327161002968f,-5.134704424259375e-17f,0.604373181917043f,-0.796701359970892f,0.08108737328277305f,0f,0f,0f,1f],start_interpolation:0}
execute if entity @s[tag=aj.tultaria.bone.sword] run data modify entity @s {} merge value {transformation:[-0.000004192804348024554f,0.0000089942215492379f,-0.0000012346539686936619f,-0.910873393412177f,0.0000090785677118798f,0.000004153850300570419f,-5.702069635357368e-7f,1.3046303950583473f,-5.134704424259375e-22f,-0.0000013599655891513043f,-0.000009907093095167944f,0.034647874399173426f,0f,0f,0f,1f],start_interpolation:0}
execute if entity @s[tag=aj.tultaria.bone.right_hand] run data modify entity @s {} merge value {transformation:[-0.41928043480245536f,0.89942215492379f,-0.12346539686936618f,-0.5701333058585982f,0.9078567711879799f,0.41538503005704186f,-0.05702069635357367f,1.4275745153274908f,-5.134704424259375e-17f,-0.13599655891513043f,-0.9907093095167944f,-0.09375000000000007f,0f,0f,0f,1f],start_interpolation:0}
execute if entity @s[tag=aj.tultaria.bone.right_arm] run data modify entity @s {} merge value {transformation:[-0.41928043480245536f,0.9078567711879799f,1.2246467991473532e-16f,-0.21875f,0.9078567711879799f,0.41928043480245536f,0f,1.4865905924919618f,-5.134704424259375e-17f,1.1118038889196106e-16f,-1f,-2.678914873134835e-17f,0f,0f,0f,1f],start_interpolation:0}
execute if entity @s[tag=aj.tultaria.bone.skirt] run data modify entity @s {} merge value {transformation:[-1f,2.242715731769363e-17f,1.2039360631389858e-16f,-7.39635905884864e-18f,0f,0.9830884006533255f,-0.18313163708351082f,0.9370339953949787f,-1.2246467991473532e-16f,-0.18313163708351082f,-0.9830884006533255f,0.060395855066115986f,0f,0f,0f,1f],start_interpolation:0}
execute if entity @s[tag=aj.tultaria.bone.left_foot] run data modify entity @s {} merge value {transformation:[-1f,-1.1265782892852439e-18f,1.2245949799005668e-16f,0.12499999999999997f,0f,0.9999576863738812f,0.009199209846215306f,0.5060453895096183f,-1.2246467991473532e-16f,0.009199209846215306f,-0.9999576863738812f,0.17677230896490267f,0f,0f,0f,1f],start_interpolation:0}
execute if entity @s[tag=aj.tultaria.bone.left_leg] run data modify entity @s {} merge value {transformation:[-1f,1.553795873402766e-17f,1.214749754681936e-16f,0.125f,0f,0.9919184498973025f,-0.1268770615727391f,0.9241500786430957f,-1.2246467991473532e-16f,-0.1268770615727391f,-0.9919184498973025f,-0.002726211710333485f,0f,0f,0f,1f],start_interpolation:0}
execute if entity @s[tag=aj.tultaria.bone.right_foot] run data modify entity @s {} merge value {transformation:[-1f,-6.103710459243541e-17f,1.061700037185206e-16f,-0.12500000000000006f,0f,0.866943871428401f,0.4984057822625416f,0.6355222287330751f,-1.2246467991473532e-16f,0.4984057822625416f,-0.866943871428401f,0.34901973959020177f,0f,0f,0f,1f],start_interpolation:0}
execute if entity @s[tag=aj.tultaria.bone.right_leg] run data modify entity @s {} merge value {transformation:[-1f,6.968807633323804e-17f,1.0070337553225992e-16f,-0.125f,0f,0.8223054647460274f,-0.56904632733093f,0.9241500786430957f,-1.2246467991473532e-16f,-0.56904632733093f,-0.8223054647460274f,-0.002726211710333515f,0f,0f,0f,1f],start_interpolation:0}
execute if entity @s[tag=aj.tultaria.bone.lower] run data modify entity @s {} merge value {transformation:[-1f,-5.341834311772723e-18f,1.223481206754078e-16f,0f,0f,0.9990482215818578f,0.043619387365336f,0.9865905924919618f,-1.2246467991473532e-16f,0.043619387365336f,-0.9990482215818578f,0f,0f,0f,0f,1f],start_interpolation:0}