execute if entity @s[tag=aj.tultaria.bone.head] run data modify entity @s {} merge value {transformation:[-1f,-2.9211923531316e-17f,1.1892964874336056e-16f,0f,0f,0.9711342799096361f,0.23853345757858088f,1.6404715722913101f,-1.2246467991473532e-16f,0.23853345757858088f,-0.9711342799096361f,0f,0f,0f,0f,1f],start_interpolation:0}
execute if entity @s[tag=aj.tultaria.bone.bust] run data modify entity @s {} merge value {transformation:[-1f,0f,1.2246467991473532e-16f,0.49999999999999994f,0f,1f,0f,0.48422157229131013f,-1.2246467991473532e-16f,0f,-1f,0.5000000000000001f,0f,0f,0f,1f],start_interpolation:0}
execute if entity @s[tag=aj.tultaria.bone.left_wing] run data modify entity @s {} merge value {transformation:[-0.786288432136619f,0f,-0.6178596130903342f,0.0625f,0f,1f,0f,1.5467215722913101f,0.6178596130903342f,0f,-0.786288432136619f,-0.12499999999999989f,0f,0f,0f,1f],start_interpolation:0}
execute if entity @s[tag=aj.tultaria.bone.right_wing] run data modify entity @s {} merge value {transformation:[-0.7862884321366188f,0f,0.6178596130903344f,-0.062499999999999944f,0f,1f,0f,1.5467215722913101f,-0.6178596130903344f,0f,-0.7862884321366188f,-0.125f,0f,0f,0f,1f],start_interpolation:0}
execute if entity @s[tag=aj.tultaria.bone.body] run data modify entity @s {} merge value {transformation:[-1f,0f,1.2246467991473532e-16f,0.49999999999999994f,0f,1f,0f,0.48422157229131013f,-1.2246467991473532e-16f,0f,-1f,0.5000000000000001f,0f,0f,0f,1f],start_interpolation:0}
execute if entity @s[tag=aj.tultaria.bone.left_hand] run data modify entity @s {} merge value {transformation:[-0.42778413861777553f,-0.901262909912922f,0.0687451668289491f,0.5656093222631258f,-0.8992904609995108f,0.41672345912389913f,-0.13273366329269803f,1.4131645052445627f,0.09098020390356981f,-0.11860322858634258f,-0.9887648237404891f,-0.10189058485394575f,0f,0f,0f,1f],start_interpolation:0}
execute if entity @s[tag=aj.tultaria.bone.left_arm] run data modify entity @s {} merge value {transformation:[-0.42778413861777553f,-0.9030356195360872f,-0.039081972776754084f,0.21875f,-0.8992904609995108f,0.4295656758274282f,-0.08215836479757976f,1.4842215722913101f,0.09098020390356981f,-1.1058996809809163e-16f,-0.9958527012051857f,2.678914873134835e-17f,0f,0f,0f,1f],start_interpolation:0}
execute if entity @s[tag=aj.tultaria.bone.sword] run data modify entity @s {} merge value {transformation:[-0.000004295656758274284f,0.000008966083579443056f,-0.0000010754897775125913f,-0.9106900740362559f,0.000009030356195360872f,0.000004265082870493293f,-5.116005206528015e-7f,1.293494095091744f,-5.260662299256297e-22f,-0.0000011909716009486964f,-0.000009928826045698137f,0.028480388517592742f,0f,0f,0f,1f],start_interpolation:0}
execute if entity @s[tag=aj.tultaria.bone.right_hand] run data modify entity @s {} merge value {transformation:[-0.42956567582742833f,0.8966083579443055f,-0.10754897775125911f,-0.5694402763243513f,0.9030356195360871f,0.4265082870493293f,-0.05116005206528015f,1.4212179605571398f,-5.2606622992562966e-17f,-0.11909716009486962f,-0.9928826045698137f,-0.09375000000000007f,0f,0f,0f,1f],start_interpolation:0}
execute if entity @s[tag=aj.tultaria.bone.right_arm] run data modify entity @s {} merge value {transformation:[-0.42956567582742833f,0.9030356195360871f,1.2246467991473532e-16f,-0.21875f,0.9030356195360871f,0.42956567582742833f,0f,1.4842215722913101f,-5.2606622992562966e-17f,1.1058996809809162e-16f,-1f,-2.678914873134835e-17f,0f,0f,0f,1f],start_interpolation:0}
execute if entity @s[tag=aj.tultaria.bone.skirt] run data modify entity @s {} merge value {transformation:[-1f,2.4247946311882788e-17f,1.2004013881312628e-16f,-7.39635905884864e-18f,0f,0.9802021194739814f,-0.19799950752139436f,0.934664975194327f,-1.2246467991473532e-16f,-0.19799950752139436f,-0.9802021194739814f,0.060395855066115986f,0f,0f,0f,1f],start_interpolation:0}
execute if entity @s[tag=aj.tultaria.bone.left_foot] run data modify entity @s {} merge value {transformation:[-1f,2.3510086386595563e-18f,1.2244211115870033e-16f,0.12499999999999997f,0f,0.9998157121216443f,-0.019197442399689568f,0.5057422562420495f,-1.2246467991473532e-16f,-0.019197442399689568f,-0.9998157121216443f,0.18150995483592586f,0f,0f,0f,1f],start_interpolation:0}
execute if entity @s[tag=aj.tultaria.bone.left_leg] run data modify entity @s {} merge value {transformation:[-1f,1.691678329554e-17f,1.2129064378405417e-16f,0.125f,0f,0.9904132674702734f,-0.13813601854280042f,0.9217810584424441f,-1.2246467991473532e-16f,-0.13813601854280042f,-0.9904132674702734f,-0.002726211710333485f,0f,0f,0f,1f],start_interpolation:0}
execute if entity @s[tag=aj.tultaria.bone.right_foot] run data modify entity @s {} merge value {transformation:[-1f,-6.163911922564816e-17f,1.0582162731552049e-16f,-0.12500000000000006f,0f,0.8640991622172011f,0.5033216047971032f,0.6391881354952555f,-1.2246467991473532e-16f,0.5033216047971032f,-0.8640991622172011f,0.35388630896184425f,0f,0f,0f,1f],start_interpolation:0}
execute if entity @s[tag=aj.tultaria.bone.right_leg] run data modify entity @s {} merge value {transformation:[-1f,7.139373997709962e-17f,9.950141566179281e-17f,-0.125f,0f,0.8124907175772603f,-0.5829741279429034f,0.9217810584424441f,-1.2246467991473532e-16f,-0.5829741279429034f,-0.8124907175772603f,-0.002726211710333515f,0f,0f,0f,1f],start_interpolation:0}
execute if entity @s[tag=aj.tultaria.bone.lower] run data modify entity @s {} merge value {transformation:[-1f,-5.341834311772723e-18f,1.223481206754078e-16f,0f,0f,0.9990482215818578f,0.043619387365336f,0.9842215722913101f,-1.2246467991473532e-16f,0.043619387365336f,-0.9990482215818578f,0f,0f,0f,0f,1f],start_interpolation:0}