execute if entity @s[tag=aj.tultaria.bone.head] run data modify entity @s {} merge value {transformation:[-1f,-4.2687764202490084e-17f,1.147839388329708e-16f,0f,0f,0.9372819894918915f,0.3485720473218153f,1.5514826871053744f,-1.2246467991473532e-16f,0.3485720473218153f,-0.9372819894918915f,0f,0f,0f,0f,1f],start_interpolation:0}
execute if entity @s[tag=aj.tultaria.bone.bust] run data modify entity @s {} merge value {transformation:[-1f,0f,1.2246467991473532e-16f,0.49999999999999994f,0f,1f,0f,0.3952326871053743f,-1.2246467991473532e-16f,0f,-1f,0.5000000000000001f,0f,0f,0f,1f],start_interpolation:0}
execute if entity @s[tag=aj.tultaria.bone.left_wing] run data modify entity @s {} merge value {transformation:[-0.896641036785236f,0f,-0.4427582310389012f,0.0625f,0f,1f,0f,1.4577326871053744f,0.4427582310389012f,0f,-0.896641036785236f,-0.12499999999999989f,0f,0f,0f,1f],start_interpolation:0}
execute if entity @s[tag=aj.tultaria.bone.right_wing] run data modify entity @s {} merge value {transformation:[-0.896641036785236f,0f,0.44275823103890144f,-0.062499999999999944f,0f,1f,0f,1.4577326871053744f,-0.44275823103890144f,0f,-0.896641036785236f,-0.125f,0f,0f,0f,1f],start_interpolation:0}
execute if entity @s[tag=aj.tultaria.bone.body] run data modify entity @s {} merge value {transformation:[-1f,0f,1.2246467991473532e-16f,0.49999999999999994f,0f,1f,0f,0.3952326871053743f,-1.2246467991473532e-16f,0f,-1f,0.5000000000000001f,0f,0f,0f,1f],start_interpolation:0}
execute if entity @s[tag=aj.tultaria.bone.left_hand] run data modify entity @s {} merge value {transformation:[-0.30096590137609336f,-0.9052887745599918f,0.2997861919177462f,0.5741490605269284f,-0.9533813473883039f,0.27838326128728696f,-0.11647646237380366f,1.3791642635151895f,0.02198937609250502f,-0.3208660070663801f,-0.9468693008268566f,-0.09578883567463953f,0f,0f,0f,1f],start_interpolation:0}
execute if entity @s[tag=aj.tultaria.bone.left_arm] run data modify entity @s {} merge value {transformation:[-0.30096590137609336f,-0.9536119265209757f,-0.006619652999102467f,0.21875f,-0.9533813473883039f,0.30103869119592064f,-0.02096933129856804f,1.3952326871053744f,0.02198937609250502f,-1.1504905586828859e-16f,-0.999758204436984f,2.678914873134835e-17f,0f,0f,0f,1f],start_interpolation:0}
execute if entity @s[tag=aj.tultaria.bone.sword] run data modify entity @s {} merge value {transformation:[-0.0000030103869119592064f,0.000009031642392307889f,-0.0000030605565405284946f,-0.8989599278797424f,0.000009536119265209758f,0.000002851132341694927f,-9.661644424405663e-7f,1.311582824714906f,-3.6866606959259275e-22f,-0.0000032094360980720956f,-0.000009470983049947444f,0.10059590875541789f,0f,0f,0f,1f],start_interpolation:0}
execute if entity @s[tag=aj.tultaria.bone.right_hand] run data modify entity @s {} merge value {transformation:[-0.30103869119592064f,0.9031642392307888f,-0.30605565405284946f,-0.5747764770412029f,0.9536119265209758f,0.2851132341694927f,-0.09661644424405663f,1.3811517551181183f,-3.686660695925927e-17f,-0.32094360980720954f,-0.9470983049947442f,-0.09375000000000007f,0f,0f,0f,1f],start_interpolation:0}
execute if entity @s[tag=aj.tultaria.bone.right_arm] run data modify entity @s {} merge value {transformation:[-0.30103869119592064f,0.9536119265209758f,1.2246467991473532e-16f,-0.21875f,0.9536119265209758f,0.30103869119592064f,0f,1.3952326871053744f,-3.686660695925927e-17f,1.167837793442654e-16f,-1f,-2.678914873134835e-17f,0f,0f,0f,1f],start_interpolation:0}
execute if entity @s[tag=aj.tultaria.bone.skirt] run data modify entity @s {} merge value {transformation:[-1f,1.838105197299297e-18f,1.224508848310303e-16f,-7.39635905884864e-18f,0f,0.9998873545930577f,-0.015009267966723604f,0.8456760900083912f,-1.2246467991473532e-16f,-0.015009267966723604f,-0.9998873545930577f,0.060395855066115986f,0f,0f,0f,1f],start_interpolation:0}
execute if entity @s[tag=aj.tultaria.bone.left_foot] run data modify entity @s {} merge value {transformation:[-1f,-3.926376726858093e-17f,1.1599980347611494e-16f,0.12499999999999999f,0f,0.9472102777460287f,0.32061299058567655f,0.39533583314094595f,-1.2246467991473532e-16f,0.32061299058567655f,-0.9472102777460287f,0.12242649698067921f,0f,0f,0f,1f],start_interpolation:0}
execute if entity @s[tag=aj.tultaria.bone.left_leg] run data modify entity @s {} merge value {transformation:[-1f,4.2748236770125184e-20f,1.2246467245376044e-16f,0.125f,0f,0.9999999390765166f,-0.00034906584330999385f,0.8327921732565082f,-1.2246467991473532e-16f,-0.00034906584330999385f,-0.9999999390765166f,-0.002726211710333485f,0f,0f,0f,1f],start_interpolation:0}
execute if entity @s[tag=aj.tultaria.bone.right_foot] run data modify entity @s {} merge value {transformation:[-1f,-5.4183911917047153e-17f,1.0982577801219646e-16f,-0.12500000000000003f,0f,0.8967955339340408f,0.44244521730487596f,0.48283895133729227f,-1.2246467991473532e-16f,0.44244521730487596f,-0.8967955339340408f,0.288072674925018f,0f,0f,0f,1f],start_interpolation:0}
execute if entity @s[tag=aj.tultaria.bone.right_leg] run data modify entity @s {} merge value {transformation:[-1f,4.938092962553474e-17f,1.120674868815062e-16f,-0.125f,0f,0.9151004759864799f,-0.403225890598952f,0.8327921732565082f,-1.2246467991473532e-16f,-0.403225890598952f,-0.9151004759864799f,-0.002726211710333515f,0f,0f,0f,1f],start_interpolation:0}
execute if entity @s[tag=aj.tultaria.bone.lower] run data modify entity @s {} merge value {transformation:[-1f,-5.341834311772723e-18f,1.223481206754078e-16f,0f,0f,0.9990482215818578f,0.043619387365336f,0.8952326871053743f,-1.2246467991473532e-16f,0.043619387365336f,-0.9990482215818578f,0f,0f,0f,0f,1f],start_interpolation:0}