execute if entity @s[tag=aj.tultaria.bone.head] run data modify entity @s {} merge value {transformation:[-1f,-2.812529658333214e-17f,1.1919129799913323e-16f,0f,0f,0.9732708082209406f,0.22966047519100255f,1.1122407934714018f,-1.2246467991473532e-16f,0.22966047519100255f,-0.9732708082209406f,0f,0f,0f,0f,1f],start_interpolation:0}
execute if entity @s[tag=aj.tultaria.bone.bust] run data modify entity @s {} merge value {transformation:[-1f,0f,1.2246467991473532e-16f,0.49999999999999994f,0f,1f,0f,-0.0440092065285983f,-1.2246467991473532e-16f,0f,-1f,0.5000000000000001f,0f,0f,0f,1f],start_interpolation:0}
execute if entity @s[tag=aj.tultaria.bone.left_wing] run data modify entity @s {} merge value {transformation:[-0.7760326476701713f,0f,-0.6306927379873846f,0.0625f,0f,1f,0f,1.0184907934714018f,0.6306927379873846f,0f,-0.7760326476701713f,-0.12499999999999989f,0f,0f,0f,1f],start_interpolation:0}
execute if entity @s[tag=aj.tultaria.bone.right_wing] run data modify entity @s {} merge value {transformation:[-0.7760326476701711f,0f,0.6306927379873848f,-0.062499999999999944f,0f,1f,0f,1.0184907934714018f,-0.6306927379873848f,0f,-0.7760326476701711f,-0.125f,0f,0f,0f,1f],start_interpolation:0}
execute if entity @s[tag=aj.tultaria.bone.body] run data modify entity @s {} merge value {transformation:[-1f,0f,1.2246467991473532e-16f,0.49999999999999994f,0f,1f,0f,-0.0440092065285983f,-1.2246467991473532e-16f,0f,-1f,0.5000000000000001f,0f,0f,0f,1f],start_interpolation:0}
execute if entity @s[tag=aj.tultaria.bone.left_hand] run data modify entity @s {} merge value {transformation:[-0.4373817767888901f,-0.8978755819193015f,0.050165931926651336f,0.5645645857782029f,-0.8940906199617891f,0.4282006665582683f,-0.1313246071968175f,0.8806369474388998f,0.09643207261765738f,-0.1022918792091077f,-0.9900693040482228f,-0.10235359129586026f,0f,0f,0f,1f],start_interpolation:0}
execute if entity @s[tag=aj.tultaria.bone.left_arm] run data modify entity @s {} merge value {transformation:[-0.4373817767888901f,-0.8982769788543163f,-0.04237511762055314f,0.21875f,-0.8940906199617891f,0.4394297091234982f,-0.08662271085564935f,0.9559907934714017f,0.09643207261765738f,-1.1694609659407654e-16f,-0.9953395678715193f,2.678914873134835e-17f,0f,0f,0f,1f],start_interpolation:0}
execute if entity @s[tag=aj.tultaria.bone.rod] run data modify entity @s {} merge value {transformation:[-0.4394297091234981f,0.6970922622414775f,0.5665367672646651f,-0.892259908109579f,0.8982769788543163f,0.3410118006360414f,0.2771451264000991f,0.73088175942904f,-5.381461867283444e-17f,0.6306927379873849f,-0.7760326476701711f,0.0691271958258668f,0f,0f,0f,1f],start_interpolation:0}
execute if entity @s[tag=aj.tultaria.bone.sword] run data modify entity @s {} merge value {transformation:[-0.0000043942970912349815f,0.000008935206556679692f,-9.231667581927037e-7f,-0.9103194306987166f,0.000008982769788543164f,0.000004371029549446928f,-4.516055844406702e-7f,0.7568360138411717f,-5.381461867283444e-22f,-0.000001027708357137386f,-0.000009947050594657192f,0.022500396163411207f,0f,0f,0f,1f],start_interpolation:0}
execute if entity @s[tag=aj.tultaria.bone.right_hand] run data modify entity @s {} merge value {transformation:[-0.4394297091234981f,0.8935206556679692f,-0.09231667581927036f,-0.5687292467114993f,0.8982769788543163f,0.4371029549446928f,-0.045160558444067016f,0.8891502977277914f,-5.381461867283444e-17f,-0.1027708357137386f,-0.9947050594657191f,-0.09375000000000007f,0f,0f,0f,1f],start_interpolation:0}
execute if entity @s[tag=aj.tultaria.bone.right_arm] run data modify entity @s {} merge value {transformation:[-0.4394297091234981f,0.8982769788543163f,1.2246467991473532e-16f,-0.21875f,0.8982769788543163f,0.4394297091234981f,0f,0.9559907934714017f,-5.381461867283444e-17f,1.1000720269016932e-16f,-1f,-2.678914873134835e-17f,0f,0f,0f,1f],start_interpolation:0}
execute if entity @s[tag=aj.tultaria.bone.skirt] run data modify entity @s {} merge value {transformation:[-1f,2.599819549895559e-17f,1.1967327043837595e-16f,-7.39635905884864e-18f,0f,0.9772064118543986f,-0.2122913767223051f,0.40643419637441863f,-1.2246467991473532e-16f,-0.2122913767223051f,-0.9772064118543986f,0.060395855066115986f,0f,0f,0f,1f],start_interpolation:0}
execute if entity @s[tag=aj.tultaria.bone.left_foot] run data modify entity @s {} merge value {transformation:[-1f,5.702155581843545e-18f,1.2233185704606562e-16f,0.12499999999999997f,0f,0.9989154189700883f,-0.04656163381812298f,-0.020445868637196496f,-1.2246467991473532e-16f,-0.04656163381812298f,-0.9989154189700883f,0.18605524719415195f,0f,0f,0f,1f],start_interpolation:0}
execute if entity @s[tag=aj.tultaria.bone.left_leg] run data modify entity @s {} merge value {transformation:[-1f,1.8244110190158244e-17f,1.210981018430427e-16f,0.125f,0f,0.9888410432081798f,-0.14897446515077248f,0.3935502796225356f,-1.2246467991473532e-16f,-0.14897446515077248f,-0.9888410432081798f,-0.002726211710333485f,0f,0f,0f,1f],start_interpolation:0}
execute if entity @s[tag=aj.tultaria.bone.right_foot] run data modify entity @s {} merge value {transformation:[-1f,-6.221766828120888e-17f,1.054825084090629e-16f,-0.12500000000000006f,0f,0.8613300462019249f,0.5080458163490671f,0.11685362383692222f,-1.2246467991473532e-16f,0.5080458163490671f,-0.8613300462019249f,0.35848039215656397f,0f,0f,0f,1f],start_interpolation:0}
execute if entity @s[tag=aj.tultaria.bone.right_leg] run data modify entity @s {} merge value {transformation:[-1f,7.301863339200353e-17f,9.831519213317321e-17f,-0.125f,0f,0.8028044673911211f,-0.5962423895840168f,0.3935502796225356f,-1.2246467991473532e-16f,-0.5962423895840168f,-0.8028044673911211f,-0.002726211710333515f,0f,0f,0f,1f],start_interpolation:0}
execute if entity @s[tag=aj.tultaria.bone.lower] run data modify entity @s {} merge value {transformation:[-1f,-5.341834311772723e-18f,1.223481206754078e-16f,0f,0f,0.9990482215818578f,0.043619387365336f,0.4559907934714017f,-1.2246467991473532e-16f,0.043619387365336f,-0.9990482215818578f,0f,0f,0f,0f,1f],start_interpolation:0}