execute if entity @s[tag=aj.tultaria.bone.head] run data modify entity @s {} merge value {transformation:[-1f,-2.5183009400998576e-17f,1.198474608163552e-16f,0f,0f,0.9786287842323f,0.20563487708073844f,1.6278686269510771f,-1.2246467991473532e-16f,0.20563487708073844f,-0.9786287842323f,0f,0f,0f,0f,1f],start_interpolation:0}
execute if entity @s[tag=aj.tultaria.bone.bust] run data modify entity @s {} merge value {transformation:[-1f,0f,1.2246467991473532e-16f,0.49999999999999994f,0f,1f,0f,0.47161862695107715f,-1.2246467991473532e-16f,0f,-1f,0.5000000000000001f,0f,0f,0f,1f],start_interpolation:0}
execute if entity @s[tag=aj.tultaria.bone.left_wing] run data modify entity @s {} merge value {transformation:[-0.7473344003662877f,0f,-0.6644481123678214f,0.0625f,0f,1f,0f,1.5341186269510771f,0.6644481123678214f,0f,-0.7473344003662877f,-0.12499999999999989f,0f,0f,0f,1f],start_interpolation:0}
execute if entity @s[tag=aj.tultaria.bone.right_wing] run data modify entity @s {} merge value {transformation:[-0.7473344003662875f,0f,0.6644481123678216f,-0.062499999999999944f,0f,1f,0f,1.5341186269510771f,-0.6644481123678216f,0f,-0.7473344003662875f,-0.125f,0f,0f,0f,1f],start_interpolation:0}
execute if entity @s[tag=aj.tultaria.bone.body] run data modify entity @s {} merge value {transformation:[-1f,0f,1.2246467991473532e-16f,0.49999999999999994f,0f,1f,0f,0.47161862695107715f,-1.2246467991473532e-16f,0f,-1f,0.5000000000000001f,0f,0f,0f,1f],start_interpolation:0}
execute if entity @s[tag=aj.tultaria.bone.left_hand] run data modify entity @s {} merge value {transformation:[-0.4628843576931301f,-0.8864186556711526f,0.0001956557295911751f,0.5614797322802132f,-0.8794259290840001f,0.4592050904548663f,-0.12546202674547072f,1.3847380426165454f,0.11112203497849345f,-0.05824647438673184f,-0.9920984031656105f,-0.10358707533676026f,0f,0f,0f,1f],start_interpolation:0}
execute if entity @s[tag=aj.tultaria.bone.left_arm] run data modify entity @s {} merge value {transformation:[-0.4628843576931301f,-0.8849063589200741f,-0.051757196077793555f,0.21875f,-0.8794259290840001f,0.4657689727137444f,-0.09833259536860782f,1.4716186269510771f,0.11112203497849345f,-1.0836977399966076e-16f,-0.9938067686136166f,2.678914873134835e-17f,0f,0f,0f,1f],start_interpolation:0}
execute if entity @s[tag=aj.tultaria.bone.rod] run data modify entity @s {} merge value {transformation:[-0.4657689727137444f,0.6613209631238484f,0.5879743598067254f,-0.8913888649536892f,0.8849063589200742f,0.3480851759322479f,0.3094793147191469f,1.223519705608996f,-5.70402481576038e-17f,0.6644481123678216f,-0.7473344003662875f,0.05301366965602017f,0f,0f,0f,1f],start_interpolation:0}
execute if entity @s[tag=aj.tultaria.bone.sword] run data modify entity @s {} merge value {transformation:[-0.000004657689727137445f,0.000008833851945488465f,-5.186388058253743e-7f,-0.9083752647533002f,0.000008849063589200743f,0.0000046496831040707944f,-2.729846625733049e-7f,1.2498934137194357f,-5.70402481576038e-22f,-5.860945631109637e-7f,-0.000009982809883148721f,0.006219248328760432f,0f,0f,0f,1f],start_interpolation:0}
execute if entity @s[tag=aj.tultaria.bone.right_hand] run data modify entity @s {} merge value {transformation:[-0.4657689727137444f,0.8833851945488465f,-0.05186388058253742f,-0.566602402070689f,0.8849063589200742f,0.4649683104070794f,-0.02729846625733049f,1.3944705137294844f,-5.70402481576038e-17f,-0.05860945631109637f,-0.998280988314872f,-0.09375000000000007f,0f,0f,0f,1f],start_interpolation:0}
execute if entity @s[tag=aj.tultaria.bone.right_arm] run data modify entity @s {} merge value {transformation:[-0.4657689727137444f,0.8849063589200742f,1.2246467991473532e-16f,-0.21875f,0.8849063589200742f,0.4657689727137444f,0f,1.4716186269510771f,-5.70402481576038e-17f,1.0836977399966077e-16f,-1f,-2.678914873134835e-17f,0f,0f,0f,1f],start_interpolation:0}
execute if entity @s[tag=aj.tultaria.bone.skirt] run data modify entity @s {} merge value {transformation:[-1f,3.0690297293337506e-17f,1.1855675214286676e-16f,-7.39635905884864e-18f,0f,0.9680893480913074f,-0.25060529545910937f,0.922062029854094f,-1.2246467991473532e-16f,-0.25060529545910937f,-0.9680893480913074f,0.060395855066115986f,0f,0f,0f,1f],start_interpolation:0}
execute if entity @s[tag=aj.tultaria.bone.left_foot] run data modify entity @s {} merge value {transformation:[-1f,1.4712519513853203e-17f,1.21577710112393e-16f,0.12499999999999997f,0f,0.9927573419294456f,-0.12013683883464712f,0.5009383131628637f,-1.2246467991473532e-16f,-0.12013683883464712f,-0.9927573419294456f,0.1982004309866509f,0f,0f,0f,1f],start_interpolation:0}
execute if entity @s[tag=aj.tultaria.bone.left_leg] run data modify entity @s {} merge value {transformation:[-1f,2.1812832010126667e-17f,1.2050642383838537e-16f,0.125f,0f,0.9840096256511398f,-0.17811529026421014f,0.9091781131022111f,-1.2246467991473532e-16f,-0.17811529026421014f,-0.9840096256511398f,-0.002726211710333485f,0f,0f,0f,1f],start_interpolation:0}
execute if entity @s[tag=aj.tultaria.bone.right_foot] run data modify entity @s {} merge value {transformation:[-1f,-6.376878611703323e-17f,1.045520910540705e-16f,-0.12500000000000006f,0f,0.8537326119405508f,0.5207116546699957f,0.6487527012343359f,-1.2246467991473532e-16f,0.5207116546699957f,-0.8537326119405508f,0.3703821570693651f,0f,0f,0f,1f],start_interpolation:0}
execute if entity @s[tag=aj.tultaria.bone.right_leg] run data modify entity @s {} merge value {transformation:[-1f,7.730184129228041e-17f,9.498433112593713e-17f,-0.125f,0f,0.7756059232104221f,-0.6312174362934763f,0.9091781131022111f,-1.2246467991473532e-16f,-0.6312174362934763f,-0.7756059232104221f,-0.002726211710333515f,0f,0f,0f,1f],start_interpolation:0}
execute if entity @s[tag=aj.tultaria.bone.lower] run data modify entity @s {} merge value {transformation:[-1f,-5.341834311772723e-18f,1.223481206754078e-16f,0f,0f,0.9990482215818578f,0.043619387365336f,0.9716186269510771f,-1.2246467991473532e-16f,0.043619387365336f,-0.9990482215818578f,0f,0f,0f,0f,1f],start_interpolation:0}