execute if entity @s[tag=aj.tultaria.bone.head] run data modify entity @s {} merge value {transformation:[-1f,-4.6865204053262974e-17f,1.1314261122877003e-16f,0f,0f,0.9238795325112867f,0.3826834323650897f,1.59375f,-1.2246467991473532e-16f,0.3826834323650897f,-0.9238795325112867f,0f,0f,0f,0f,1f],start_interpolation:0}
execute if entity @s[tag=aj.tultaria.bone.bust] run data modify entity @s {} merge value {transformation:[-1f,0f,1.2246467991473532e-16f,0.49999999999999994f,0f,1f,0f,0.4375f,-1.2246467991473532e-16f,0f,-1f,0.5000000000000001f,0f,0f,0f,1f],start_interpolation:0}
execute if entity @s[tag=aj.tultaria.bone.left_wing] run data modify entity @s {} merge value {transformation:[-0.9238795325112867f,0f,-0.3826834323650896f,0.0625f,0f,1f,0f,1.5f,0.3826834323650896f,0f,-0.9238795325112867f,-0.12499999999999989f,0f,0f,0f,1f],start_interpolation:0}
execute if entity @s[tag=aj.tultaria.bone.right_wing] run data modify entity @s {} merge value {transformation:[-0.9238795325112867f,0f,0.38268343236508984f,-0.062499999999999944f,0f,1f,0f,1.5f,-0.38268343236508984f,0f,-0.9238795325112867f,-0.125f,0f,0f,0f,1f],start_interpolation:0}
execute if entity @s[tag=aj.tultaria.bone.body] run data modify entity @s {} merge value {transformation:[-1f,0f,1.2246467991473532e-16f,0.49999999999999994f,0f,1f,0f,0.4375f,-1.2246467991473532e-16f,0f,-1f,0.5000000000000001f,0f,0f,0f,1f],start_interpolation:0}
execute if entity @s[tag=aj.tultaria.bone.left_hand] run data modify entity @s {} merge value {transformation:[-0.25881904510252074f,-0.8923991008325228f,0.36964381061438617f,0.5750512882652286f,-0.9659258262890683f,0.23911761839433449f,-0.09904576054128761f,1.4390864994606087f,-3.169619151431765e-17f,-0.38268343236508984f,-0.9238795325112867f,-0.09374999999999993f,0f,0f,0f,1f],start_interpolation:0}
execute if entity @s[tag=aj.tultaria.bone.left_arm] run data modify entity @s {} merge value {transformation:[-0.25881904510252074f,-0.9659258262890683f,1.2246467991473532e-16f,0.21875f,-0.9659258262890683f,0.25881904510252074f,0f,1.4375f,-3.169619151431765e-17f,-1.1829179713786698e-16f,-1f,2.678914873134835e-17f,0f,0f,0f,1f],start_interpolation:0}
execute if entity @s[tag=aj.tultaria.bone.sword] run data modify entity @s {} merge value {transformation:[-0.0000025881904510252075f,0.00000892399100832523f,-0.00000369643810614386f,-0.8889106235326295f,0.000009659258262890684f,0.000002391176183943345f,-9.904576054128762e-7f,1.3873405246765547f,-3.1696191514317654e-22f,-0.000003826834323650896f,-0.000009238795325112868f,0.12193437561435282f,0f,0f,0f,1f],start_interpolation:0}
execute if entity @s[tag=aj.tultaria.bone.right_hand] run data modify entity @s {} merge value {transformation:[-0.25881904510252074f,0.8923991008325228f,-0.36964381061438595f,-0.5750512882652286f,0.9659258262890683f,0.23911761839433449f,-0.09904576054128761f,1.4390864994606087f,-3.169619151431765e-17f,-0.3826834323650896f,-0.9238795325112867f,-0.09375000000000007f,0f,0f,0f,1f],start_interpolation:0}
execute if entity @s[tag=aj.tultaria.bone.right_arm] run data modify entity @s {} merge value {transformation:[-0.25881904510252074f,0.9659258262890683f,1.2246467991473532e-16f,-0.21875f,0.9659258262890683f,0.25881904510252074f,0f,1.4375f,-3.169619151431765e-17f,1.1829179713786698e-16f,-1f,-2.678914873134835e-17f,0f,0f,0f,1f],start_interpolation:0}
execute if entity @s[tag=aj.tultaria.bone.skirt] run data modify entity @s {} merge value {transformation:[-1f,-5.341834311772723e-18f,1.223481206754078e-16f,-7.39635905884864e-18f,0f,0.9990482215818578f,0.043619387365336f,0.8879434029030169f,-1.2246467991473532e-16f,0.043619387365336f,-0.9990482215818578f,0.060395855066115986f,0f,0f,0f,1f],start_interpolation:0}
execute if entity @s[tag=aj.tultaria.bone.left_foot] run data modify entity @s {} merge value {transformation:[-1f,-5.175581015019659e-17f,1.1099069304367546e-16f,0.12499999999999999f,0f,0.90630778703665f,0.42261826174069944f,0.43252346578840417f,-1.2246467991473532e-16f,0.42261826174069944f,-0.90630778703665f,0.10307133401506424f,0f,0f,0f,1f],start_interpolation:0}
execute if entity @s[tag=aj.tultaria.bone.left_leg] run data modify entity @s {} merge value {transformation:[-1f,-5.341834311772723e-18f,1.223481206754078e-16f,0.125f,0f,0.9990482215818578f,0.043619387365336f,0.8750594861511339f,-1.2246467991473532e-16f,0.043619387365336f,-0.9990482215818578f,-0.002726211710333485f,0f,0f,0f,1f],start_interpolation:0}
execute if entity @s[tag=aj.tultaria.bone.right_foot] run data modify entity @s {} merge value {transformation:[-1f,-5.1755810150196606e-17f,1.1099069304367545e-16f,-0.12500000000000003f,0f,0.9063077870366499f,0.42261826174069955f,0.5066964824730076f,-1.2246467991473532e-16f,0.42261826174069955f,-0.9063077870366499f,0.2643691785928851f,0f,0f,0f,1f],start_interpolation:0}
execute if entity @s[tag=aj.tultaria.bone.right_leg] run data modify entity @s {} merge value {transformation:[-1f,4.188538737676992e-17f,1.1507915602278505e-16f,-0.125f,0f,0.9396926207859084f,-0.3420201433256687f,0.8750594861511339f,-1.2246467991473532e-16f,-0.3420201433256687f,-0.9396926207859084f,-0.002726211710333515f,0f,0f,0f,1f],start_interpolation:0}
execute if entity @s[tag=aj.tultaria.bone.lower] run data modify entity @s {} merge value {transformation:[-1f,-5.341834311772723e-18f,1.223481206754078e-16f,0f,0f,0.9990482215818578f,0.043619387365336f,0.9375f,-1.2246467991473532e-16f,0.043619387365336f,-0.9990482215818578f,0f,0f,0f,0f,1f],start_interpolation:0}