execute if entity @s[tag=aj.tultaria.bone.head] run data modify entity @s {} merge value {transformation:[-1f,-3.3847146484312316e-17f,1.176943860236676e-16f,0f,0f,0.9610475943399436f,0.2763829253289848f,1.6475414412160756f,-1.2246467991473532e-16f,0.2763829253289848f,-0.9610475943399436f,0f,0f,0f,0f,1f],start_interpolation:0}
execute if entity @s[tag=aj.tultaria.bone.bust] run data modify entity @s {} merge value {transformation:[-1f,0f,1.2246467991473532e-16f,0.49999999999999994f,0f,1f,0f,0.4912914412160757f,-1.2246467991473532e-16f,0f,-1f,0.5000000000000001f,0f,0f,0f,1f],start_interpolation:0}
execute if entity @s[tag=aj.tultaria.bone.left_wing] run data modify entity @s {} merge value {transformation:[-0.8278645842507448f,0f,-0.5609280079861777f,0.0625f,0f,1f,0f,1.5537914412160756f,0.5609280079861777f,0f,-0.8278645842507448f,-0.12499999999999989f,0f,0f,0f,1f],start_interpolation:0}
execute if entity @s[tag=aj.tultaria.bone.right_wing] run data modify entity @s {} merge value {transformation:[-0.8278645842507446f,0f,0.5609280079861779f,-0.062499999999999944f,0f,1f,0f,1.5537914412160756f,-0.5609280079861779f,0f,-0.8278645842507446f,-0.125f,0f,0f,0f,1f],start_interpolation:0}
execute if entity @s[tag=aj.tultaria.bone.body] run data modify entity @s {} merge value {transformation:[-1f,0f,1.2246467991473532e-16f,0.49999999999999994f,0f,1f,0f,0.4912914412160757f,-1.2246467991473532e-16f,0f,-1f,0.5000000000000001f,0f,0f,0f,1f],start_interpolation:0}
execute if entity @s[tag=aj.tultaria.bone.left_hand] run data modify entity @s {} merge value {transformation:[-0.3857741171365421f,-0.9105762303319416f,0.14842257005587983f,0.5694819783050076f,-0.9201169496629678f,0.3679482763734389f,-0.13415984815409973f,1.4387986055304416f,0.06755093996708884f,-0.18832151939777464f,-0.9797815449585057f,-0.09986875935915471f,0f,0f,0f,1f],start_interpolation:0}
execute if entity @s[tag=aj.tultaria.bone.left_arm] run data modify entity @s {} merge value {transformation:[-0.3857741171365421f,-0.9222234680415613f,-0.026119064702186414f,0.21875f,-0.9201169496629678f,0.3866573095046768f,-0.06229706212591603f,1.4912914412160756f,0.06755093996708884f,-1.1640924877552055e-16f,-0.9977158265305621f,2.678914873134835e-17f,0f,0f,0f,1f],start_interpolation:0}
execute if entity @s[tag=aj.tultaria.bone.rod] run data modify entity @s {} merge value {transformation:[-0.3866573095046769f,0.7634761479565069f,0.5173009728466577f,-0.8898717431860425f,0.9222234680415613f,0.32009989278060086f,0.21688691439375346f,1.3115691360329522f,-4.7351863645183e-17f,0.560928007986178f,-0.8278645842507445f,0.09978533116281951f,0f,0f,0f,1f],start_interpolation:0}
execute if entity @s[tag=aj.tultaria.bone.sword] run data modify entity @s {} merge value {transformation:[-0.00000386657309504677f,0.000009056461873084998f,-0.0000017407213567996024f,-0.9101144154680618f,0.000009222234680415615f,0.00000379707012760699f,-7.298259692380036e-7f,1.3369675601784479f,-4.7351863645183e-22f,-0.0000018875266322339505f,-0.000009820246596323718f,0.05375292524255211f,0f,0f,0f,1f],start_interpolation:0}
execute if entity @s[tag=aj.tultaria.bone.right_hand] run data modify entity @s {} merge value {transformation:[-0.3866573095046769f,0.9056461873084997f,-0.17407213567996022f,-0.5720134399053501f,0.9222234680415613f,0.37970701276069896f,-0.07298259692380035f,1.4448364412027392f,-4.7351863645183e-17f,-0.18875266322339504f,-0.9820246596323717f,-0.09375000000000007f,0f,0f,0f,1f],start_interpolation:0}
execute if entity @s[tag=aj.tultaria.bone.right_arm] run data modify entity @s {} merge value {transformation:[-0.3866573095046769f,0.9222234680415613f,1.2246467991473532e-16f,-0.21875f,0.9222234680415613f,0.3866573095046769f,0f,1.4912914412160756f,-4.7351863645183e-17f,1.1293980182356694e-16f,-1f,-2.678914873134835e-17f,0f,0f,0f,1f],start_interpolation:0}
execute if entity @s[tag=aj.tultaria.bone.skirt] run data modify entity @s {} merge value {transformation:[-1f,1.668153817944116e-17f,1.2132322164609061e-16f,-7.39635905884864e-18f,0f,0.9906792859015395f,-0.13621509639396023f,0.9417348441190926f,-1.2246467991473532e-16f,-0.13621509639396023f,-0.9906792859015395f,0.060395855066115986f,0f,0f,0f,1f],start_interpolation:0}
execute if entity @s[tag=aj.tultaria.bone.left_foot] run data modify entity @s {} merge value {transformation:[-1f,-1.2021363586754836e-17f,1.2187323186054277e-16f,0.12499999999999999f,0f,0.9951704601310001f,0.09816188304354022f,0.504614403941444f,-1.2246467991473532e-16f,0.09816188304354022f,-0.9951704601310001f,0.16175668159963924f,0f,0f,0f,1f],start_interpolation:0}
execute if entity @s[tag=aj.tultaria.bone.left_leg] run data modify entity @s {} merge value {transformation:[-1f,1.1198621604719881e-17f,1.2195158342872338e-16f,0.125f,0f,0.9958102492378278f,-0.09144368492627258f,0.9288509273672096f,-1.2246467991473532e-16f,-0.09144368492627258f,-0.9958102492378278f,-0.002726211710333485f,0f,0f,0f,1f],start_interpolation:0}
execute if entity @s[tag=aj.tultaria.bone.right_foot] run data modify entity @s {} merge value {transformation:[-1f,-5.913511654446119e-17f,1.0724101742286657e-16f,-0.12500000000000003f,0f,0.8756893620065144f,0.4828748712333495f,0.6218358354272131f,-1.2246467991473532e-16f,0.4828748712333495f,-0.8756893620065144f,0.3330906778605687f,0f,0f,0f,1f],start_interpolation:0}
execute if entity @s[tag=aj.tultaria.bone.right_leg] run data modify entity @s {} merge value {transformation:[-1f,6.420617216965689e-17f,1.042840605363013e-16f,-0.125f,0f,0.851543976670726f,-0.5242831828275689f,0.9288509273672096f,-1.2246467991473532e-16f,-0.5242831828275689f,-0.851543976670726f,-0.002726211710333515f,0f,0f,0f,1f],start_interpolation:0}
execute if entity @s[tag=aj.tultaria.bone.lower] run data modify entity @s {} merge value {transformation:[-1f,-5.341834311772723e-18f,1.223481206754078e-16f,0f,0f,0.9990482215818578f,0.043619387365336f,0.9912914412160757f,-1.2246467991473532e-16f,0.043619387365336f,-0.9990482215818578f,0f,0f,0f,0f,1f],start_interpolation:0}