execute if entity @s[tag=aj.tultaria.bone.head] run data modify entity @s {} merge value {transformation:[-1f,-2.708554612220702e-17f,1.1943186768145416e-16f,0f,0f,0.9752352087524931f,0.22117026836688777f,1.5527645365218756f,-1.2246467991473532e-16f,0.22117026836688777f,-0.9752352087524931f,0f,0f,0f,0f,1f],start_interpolation:0}
execute if entity @s[tag=aj.tultaria.bone.bust] run data modify entity @s {} merge value {transformation:[-1f,0f,1.2246467991473532e-16f,0.49999999999999994f,0f,1f,0f,0.3965145365218756f,-1.2246467991473532e-16f,0f,-1f,0.5000000000000001f,0f,0f,0f,1f],start_interpolation:0}
execute if entity @s[tag=aj.tultaria.bone.left_wing] run data modify entity @s {} merge value {transformation:[-0.7660444431189782f,0f,-0.6427876096865393f,0.0625f,0f,1f,0f,1.4590145365218756f,0.6427876096865393f,0f,-0.7660444431189782f,-0.12499999999999989f,0f,0f,0f,1f],start_interpolation:0}
execute if entity @s[tag=aj.tultaria.bone.right_wing] run data modify entity @s {} merge value {transformation:[-0.766044443118978f,0f,0.6427876096865395f,-0.062499999999999944f,0f,1f,0f,1.4590145365218756f,-0.6427876096865395f,0f,-0.766044443118978f,-0.125f,0f,0f,0f,1f],start_interpolation:0}
execute if entity @s[tag=aj.tultaria.bone.body] run data modify entity @s {} merge value {transformation:[-1f,0f,1.2246467991473532e-16f,0.49999999999999994f,0f,1f,0f,0.3965145365218756f,-1.2246467991473532e-16f,0f,-1f,0.5000000000000001f,0f,0f,0f,1f],start_interpolation:0}
execute if entity @s[tag=aj.tultaria.bone.left_hand] run data modify entity @s {} merge value {transformation:[-0.44647518508085005f,-0.8942075977008941f,0.0324450507938686f,0.5635169806092479f,-0.8890051855809372f,0.4391754937542486f,-0.1295942348097149f,1.3170692647949946f,0.10163507818280185f,-0.0867044283742647f,-0.9910361511988691f,-0.10279282748239071f,0f,0f,0f,1f],start_interpolation:0}
execute if entity @s[tag=aj.tultaria.bone.left_arm] run data modify entity @s {} merge value {transformation:[-0.44647518508085005f,-0.8936326403234124f,-0.04561373976805124f,0.21875f,-0.8890051855809372f,0.44879918020046206f,-0.09082442326597369f,1.3965145365218756f,0.10163507818280185f,-1.094384352585665e-16f,-0.9948217482960331f,2.678914873134835e-17f,0f,0f,0f,1f],start_interpolation:0}
execute if entity @s[tag=aj.tultaria.bone.rod] run data modify entity @s {} merge value {transformation:[-0.44879918020046217f,0.6845623183094902f,0.5744159888113572f,-0.8921125280655657f,0.8936326403234123f,0.34380011806891686f,0.28848255227033354f,1.1632480451612923f,-5.4962047949245215e-17f,0.6427876096865395f,-0.7660444431189778f,0.06345774079183986f,0f,0f,0f,1f],start_interpolation:0}
execute if entity @s[tag=aj.tultaria.bone.sword] run data modify entity @s {} merge value {transformation:[-0.000004487991802004622f,0.000008902320983319111f,-7.788521651093772e-7f,-0.9097883719707803f,0.000008936326403234123f,0.0000044709136382362235f,-3.911542589491136e-7f,1.189340529582575f,-5.496204794924522e-22f,-8.715574274765804e-7f,-0.000009961946980917456f,0.016761114318789308f,0f,0f,0f,1f],start_interpolation:0}
execute if entity @s[tag=aj.tultaria.bone.right_hand] run data modify entity @s {} merge value {transformation:[-0.44879918020046217f,0.8902320983319111f,-0.07788521651093772f,-0.5680111432549663f,0.8936326403234123f,0.4470913638236223f,-0.039115425894911356f,1.3260178783582868f,-5.4962047949245215e-17f,-0.08715574274765804f,-0.9961946980917455f,-0.09375000000000007f,0f,0f,0f,1f],start_interpolation:0}
execute if entity @s[tag=aj.tultaria.bone.right_arm] run data modify entity @s {} merge value {transformation:[-0.44879918020046217f,0.8936326403234123f,1.2246467991473532e-16f,-0.21875f,0.8936326403234123f,0.44879918020046217f,0f,1.3965145365218756f,-5.4962047949245215e-17f,1.0943843525856647e-16f,-1f,-2.678914873134835e-17f,0f,0f,0f,1f],start_interpolation:0}
execute if entity @s[tag=aj.tultaria.bone.skirt] run data modify entity @s {} merge value {transformation:[-1f,2.7664247573524926e-17f,1.1929915017639185e-16f,-7.39635905884864e-18f,0f,0.9741514880817275f,-0.22589572432464486f,0.8469579394248925f,-1.2246467991473532e-16f,-0.22589572432464486f,-0.9741514880817275f,0.060395855066115986f,0f,0f,0f,1f],start_interpolation:0}
execute if entity @s[tag=aj.tultaria.bone.left_foot] run data modify entity @s {} merge value {transformation:[-1f,8.898035127798728e-18f,1.2214099556448292e-16f,0.12499999999999997f,0f,0.9973569167005722f,-0.07265797072261065f,0.42207464419259877f,-1.2246467991473532e-16f,-0.07265797072261065f,-0.9973569167005722f,0.19037418220887942f,0f,0f,0f,1f],start_interpolation:0}
execute if entity @s[tag=aj.tultaria.bone.left_leg] run data modify entity @s {} merge value {transformation:[-1f,1.950946460610813e-17f,1.2090069734042724e-16f,0.125f,0f,0.987229113117374f,-0.15930686806752262f,0.8340740226730096f,-1.2246467991473532e-16f,-0.15930686806752262f,-0.987229113117374f,-0.002726211710333485f,0f,0f,0f,1f],start_interpolation:0}
execute if entity @s[tag=aj.tultaria.bone.right_foot] run data modify entity @s {} merge value {transformation:[-1f,-6.276835330315346e-17f,1.0515574948726811e-16f,-0.12500000000000006f,0f,0.8586618571206133f,0.5125425007998652f,0.5630771149216842f,-1.2246467991473532e-16f,0.5125425007998652f,-0.8586618571206133f,0.36277608101738623f,0f,0f,0f,1f],start_interpolation:0}
execute if entity @s[tag=aj.tultaria.bone.right_leg] run data modify entity @s {} merge value {transformation:[-1f,7.455177354798985e-17f,9.715776287805221e-17f,-0.125f,0f,0.7933533402912353f,-0.6087614290087207f,0.8340740226730096f,-1.2246467991473532e-16f,-0.6087614290087207f,-0.7933533402912353f,-0.002726211710333515f,0f,0f,0f,1f],start_interpolation:0}
execute if entity @s[tag=aj.tultaria.bone.lower] run data modify entity @s {} merge value {transformation:[-1f,-5.341834311772723e-18f,1.223481206754078e-16f,0f,0f,0.9990482215818578f,0.043619387365336f,0.8965145365218756f,-1.2246467991473532e-16f,0.043619387365336f,-0.9990482215818578f,0f,0f,0f,0f,1f],start_interpolation:0}