execute if entity @s[tag=aj.tultaria.bone.head] run data modify entity @s {} merge value {transformation:[-1f,-2.1337391164688083e-17f,1.2059151531058753e-16f,0f,0f,0.9847044502508645f,0.1742330211416386f,1.5983025561150068f,-1.2246467991473532e-16f,0.1742330211416386f,-0.9847044502508645f,0f,0f,0f,0f,1f],start_interpolation:0}
execute if entity @s[tag=aj.tultaria.bone.bust] run data modify entity @s {} merge value {transformation:[-1f,0f,1.2246467991473532e-16f,0.49999999999999994f,0f,1f,0f,0.4420525561150068f,-1.2246467991473532e-16f,0f,-1f,0.5000000000000001f,0f,0f,0f,1f],start_interpolation:0}
execute if entity @s[tag=aj.tultaria.bone.left_wing] run data modify entity @s {} merge value {transformation:[-0.7078622841714389f,0f,-0.7063504701262633f,0.0625f,0f,1f,0f,1.5045525561150068f,0.7063504701262633f,0f,-0.7078622841714389f,-0.12499999999999989f,0f,0f,0f,1f],start_interpolation:0}
execute if entity @s[tag=aj.tultaria.bone.right_wing] run data modify entity @s {} merge value {transformation:[-0.7078622841714387f,0f,0.7063504701262635f,-0.062499999999999944f,0f,1f,0f,1.5045525561150068f,-0.7063504701262635f,0f,-0.7078622841714387f,-0.125f,0f,0f,0f,1f],start_interpolation:0}
execute if entity @s[tag=aj.tultaria.bone.body] run data modify entity @s {} merge value {transformation:[-1f,0f,1.2246467991473532e-16f,0.49999999999999994f,0f,1f,0f,0.4420525561150068f,-1.2246467991473532e-16f,0f,-1f,0.5000000000000001f,0f,0f,0f,1f],start_interpolation:0}
execute if entity @s[tag=aj.tultaria.bone.left_hand] run data modify entity @s {} merge value {transformation:[-0.4951335850032157f,-0.8664505192493779f,-0.06407987745264987f,0.5568931009394289f,-0.8590097499817471f,0.4992618293703221f,-0.11331317297691254f,1.3403488569528903f,0.1301728944064765f,-0.0010599180546864361f,-0.9914907433433545f,-0.10515601915158677f,0f,0f,0f,1f],start_interpolation:0}
execute if entity @s[tag=aj.tultaria.bone.left_arm] run data modify entity @s {} merge value {transformation:[-0.4951335850032157f,-0.8663815218796129f,-0.06500608854122163f,0.21875f,-0.8590097499817471f,0.49938267745844545f,-0.11277939036335732f,1.4420525561150068f,0.1301728944064765f,-1.0610113576102805e-16f,-0.9914913098771165f,2.678914873134835e-17f,0f,0f,0f,1f],start_interpolation:0}
execute if entity @s[tag=aj.tultaria.bone.rod] run data modify entity @s {} merge value {transformation:[-0.49938267745844533f,0.61327880304163f,0.6119689952883722f,-0.8881628874771857f,0.8663815218796129f,0.35349416274138395f,0.352739188995685f,1.1644113622542605f,-6.115673974991201e-17f,0.7063504701262635f,-0.7078622841714385f,0.03165080881176474f,0f,0f,0f,1f],start_interpolation:0}
execute if entity @s[tag=aj.tultaria.bone.sword] run data modify entity @s {} merge value {transformation:[-0.000004993826774584454f,0.000008663810268330321f,-9.261739443793124e-9f,-0.9038120105514049f,0.00000866381521879613f,0.000004993823921133858f,-5.3384705520153005e-9f,1.1914607607322858f,-6.115673974991202e-22f,-1.0690139632364394e-8f,-0.0000099999942860441f,-0.015224164404066876f,0f,0f,0f,1f],start_interpolation:0}
execute if entity @s[tag=aj.tultaria.bone.right_hand] run data modify entity @s {} merge value {transformation:[-0.49938267745844533f,0.866381026833032f,-0.0009261739443793122f,-0.5633857741578462f,0.8663815218796129f,0.4993823921133857f,-0.00053384705520153f,1.35161302841488f,-6.115673974991201e-17f,-0.0010690139632364393f,-0.9999994286044099f,-0.09375000000000007f,0f,0f,0f,1f],start_interpolation:0}
execute if entity @s[tag=aj.tultaria.bone.right_arm] run data modify entity @s {} merge value {transformation:[-0.49938267745844533f,0.8663815218796129f,1.2246467991473532e-16f,-0.21875f,0.8663815218796129f,0.49938267745844533f,0f,1.4420525561150068f,-6.115673974991201e-17f,1.0610113576102805e-16f,-1f,-2.678914873134835e-17f,0f,0f,0f,1f],start_interpolation:0}
execute if entity @s[tag=aj.tultaria.bone.skirt] run data modify entity @s {} merge value {transformation:[-1f,3.671483864097496e-17f,1.168315815616041e-16f,-7.39635905884864e-18f,0f,0.9540022612474617f,-0.29979940882985406f,0.8924959590180237f,-1.2246467991473532e-16f,-0.29979940882985406f,-0.9540022612474617f,0.060395855066115986f,0f,0f,0f,1f],start_interpolation:0}
execute if entity @s[tag=aj.tultaria.bone.left_foot] run data modify entity @s {} merge value {transformation:[-1f,2.6293144026074442e-17f,1.1960881407255357e-16f,0.12499999999999997f,0f,0.9766800856853574f,-0.21469981421893033f,0.4793831346893731f,-1.2246467991473532e-16f,-0.21469981421893033f,-0.9766800856853574f,0.21371794168704342f,0f,0f,0f,1f],start_interpolation:0}
execute if entity @s[tag=aj.tultaria.bone.left_leg] run data modify entity @s {} merge value {transformation:[-1f,2.642099249465762e-17f,1.1958063799050343e-16f,0.125f,0f,0.9764500105153592f,-0.21574377618961602f,0.8796120422661408f,-1.2246467991473532e-16f,-0.21574377618961602f,-0.9764500105153592f,-0.002726211710333485f,0f,0f,0f,1f],start_interpolation:0}
execute if entity @s[tag=aj.tultaria.bone.right_foot] run data modify entity @s {} merge value {transformation:[-1f,-6.576341576524581e-17f,1.0330910402043957e-16f,-0.12500000000000006f,0f,0.8435828525609782f,0.5369990417729655f,0.6410876302253801f,-1.2246467991473532e-16f,0.5369990417729655f,-0.8435828525609782f,0.38474940669759866f,0f,0f,0f,1f],start_interpolation:0}
execute if entity @s[tag=aj.tultaria.bone.right_leg] run data modify entity @s {} merge value {transformation:[-1f,8.26393695205423e-17f,9.037882734283427e-17f,-0.125f,0f,0.7379991308984722f,-0.674801661818567f,0.8796120422661408f,-1.2246467991473532e-16f,-0.674801661818567f,-0.7379991308984722f,-0.002726211710333515f,0f,0f,0f,1f],start_interpolation:0}
execute if entity @s[tag=aj.tultaria.bone.lower] run data modify entity @s {} merge value {transformation:[-1f,-5.341834311772723e-18f,1.223481206754078e-16f,0f,0f,0.9990482215818578f,0.043619387365336f,0.9420525561150068f,-1.2246467991473532e-16f,0.043619387365336f,-0.9990482215818578f,0f,0f,0f,0f,1f],start_interpolation:0}