execute if entity @s[tag=aj.tultaria.bone.head] run data modify entity @s {} merge value {transformation:[-1f,-2.1265768495757713e-17f,1.2060416625018976e-16f,0f,0f,0.984807753012208f,0.17364817766693033f,1.15625f,-1.2246467991473532e-16f,0.17364817766693033f,-0.984807753012208f,0f,0f,0f,0f,1f],start_interpolation:0}
execute if entity @s[tag=aj.tultaria.bone.bust] run data modify entity @s {} merge value {transformation:[-1f,0f,1.2246467991473532e-16f,0.49999999999999994f,0f,1f,0f,0f,-1.2246467991473532e-16f,0f,-1f,0.5000000000000001f,0f,0f,0f,1f],start_interpolation:0}
execute if entity @s[tag=aj.tultaria.bone.left_wing] run data modify entity @s {} merge value {transformation:[-0.7071067811865476f,0f,-0.7071067811865475f,0.0625f,0f,1f,0f,1.0625f,0.7071067811865475f,0f,-0.7071067811865476f,-0.12499999999999989f,0f,0f,0f,1f],start_interpolation:0}
execute if entity @s[tag=aj.tultaria.bone.right_wing] run data modify entity @s {} merge value {transformation:[-0.7071067811865474f,0f,0.7071067811865477f,-0.062499999999999944f,0f,1f,0f,1.0625f,-0.7071067811865477f,0f,-0.7071067811865474f,-0.125f,0f,0f,0f,1f],start_interpolation:0}
execute if entity @s[tag=aj.tultaria.bone.body] run data modify entity @s {} merge value {transformation:[-1f,0f,1.2246467991473532e-16f,0.49999999999999994f,0f,1f,0f,0f,-1.2246467991473532e-16f,0f,-1f,0.5000000000000001f,0f,0f,0f,1f],start_interpolation:0}
execute if entity @s[tag=aj.tultaria.bone.left_hand] run data modify entity @s {} merge value {transformation:[-0.49572243068690536f,-0.8660254037844385f,-0.06526309611002569f,0.5568017951674832f,-0.8586164364012608f,0.5000000000000002f,-0.11303899832181541f,0.898022884819948f,0.13052619222005152f,-9.911862996858344e-17f,-0.9914448613738104f,-0.10518478627442449f,0f,0f,0f,1f],start_interpolation:0}
execute if entity @s[tag=aj.tultaria.bone.left_arm] run data modify entity @s {} merge value {transformation:[-0.49572243068690536f,-0.8660254037844385f,-0.06526309611002569f,0.21875f,-0.8586164364012608f,0.5000000000000002f,-0.11303899832181541f,1f,0.13052619222005152f,-9.911862996858344e-17f,-0.9914448613738104f,2.678914873134835e-17f,0f,0f,0f,1f],start_interpolation:0}
execute if entity @s[tag=aj.tultaria.bone.rod] run data modify entity @s {} merge value {transformation:[-0.5000000000000001f,0.6123724356957944f,0.6123724356957947f,-0.8880807589700652f,0.8660254037844386f,0.3535533905932738f,0.35355339059327384f,0.7218148816047911f,-6.123233995736767e-17f,0.7071067811865477f,-0.7071067811865474f,0.03124999999999989f,0f,0f,0f,1f],start_interpolation:0}
execute if entity @s[tag=aj.tultaria.bone.sword] run data modify entity @s {} merge value {transformation:[-0.000005000000000000001f,0.000008660254037844387f,1.2246467991473532e-21f,-0.9037057589700652f,0.000008660254037844387f,0.000005000000000000001f,0f,0.7488781754730548f,-6.123233995736768e-22f,1.060575238724907e-21f,-0.00001f,-0.01562500000000011f,0f,0f,0f,1f],start_interpolation:0}
execute if entity @s[tag=aj.tultaria.bone.right_hand] run data modify entity @s {} merge value {transformation:[-0.5000000000000001f,0.8660254037844386f,1.2246467991473532e-16f,-0.5633212325509007f,0.8660254037844386f,0.5000000000000001f,0f,0.9093148816047911f,-6.123233995736767e-17f,1.0605752387249068e-16f,-1f,-0.09375000000000007f,0f,0f,0f,1f],start_interpolation:0}
execute if entity @s[tag=aj.tultaria.bone.right_arm] run data modify entity @s {} merge value {transformation:[-0.5000000000000001f,0.8660254037844386f,1.2246467991473532e-16f,-0.21875f,0.8660254037844386f,0.5000000000000001f,0f,1f,-6.123233995736767e-17f,1.0605752387249068e-16f,-1f,-2.678914873134835e-17f,0f,0f,0f,1f],start_interpolation:0}
execute if entity @s[tag=aj.tultaria.bone.skirt] run data modify entity @s {} merge value {transformation:[-1f,3.6825839484795376e-17f,1.1679664110263902e-16f,-7.39635905884864e-18f,0f,0.9537169507482269f,-0.30070579950427306f,0.45044340290301693f,-1.2246467991473532e-16f,-0.30070579950427306f,-0.9537169507482269f,0.060395855066115986f,0f,0f,0f,1f],start_interpolation:0}
execute if entity @s[tag=aj.tultaria.bone.left_foot] run data modify entity @s {} merge value {transformation:[-1f,2.6506208041798655e-17f,1.195617780139768e-16f,0.12499999999999997f,0f,0.9762960071199335f,-0.21643961393810285f,0.03748493477842585f,-1.2246467991473532e-16f,-0.21643961393810285f,-0.9762960071199335f,0.21400312027757817f,0f,0f,0f,1f],start_interpolation:0}
execute if entity @s[tag=aj.tultaria.bone.left_leg] run data modify entity @s {} merge value {transformation:[-1f,2.6506208041798655e-17f,1.195617780139768e-16f,0.125f,0f,0.9762960071199335f,-0.21643961393810285f,0.4375594861511339f,-1.2246467991473532e-16f,-0.21643961393810285f,-0.9762960071199335f,-0.002726211710333485f,0f,0f,0f,1f],start_interpolation:0}
execute if entity @s[tag=aj.tultaria.bone.right_foot] run data modify entity @s {} merge value {transformation:[-1f,-6.580022455450642e-17f,1.032856634543009e-16f,-0.12500000000000006f,0f,0.8433914458128857f,0.5372996083468238f,0.19944942724866216f,-1.2246467991473532e-16f,0.5372996083468238f,-0.8433914458128857f,0.38500417122278335f,0f,0f,0f,1f],start_interpolation:0}
execute if entity @s[tag=aj.tultaria.bone.right_leg] run data modify entity @s {} merge value {transformation:[-1f,8.273593852918143e-17f,9.029043306084034e-17f,-0.125f,0f,0.737277336810124f,-0.6755902076156602f,0.4375594861511339f,-1.2246467991473532e-16f,-0.6755902076156602f,-0.737277336810124f,-0.002726211710333515f,0f,0f,0f,1f],start_interpolation:0}
execute if entity @s[tag=aj.tultaria.bone.lower] run data modify entity @s {} merge value {transformation:[-1f,-5.341834311772723e-18f,1.223481206754078e-16f,0f,0f,0.9990482215818578f,0.043619387365336f,0.5f,-1.2246467991473532e-16f,0.043619387365336f,-0.9990482215818578f,0f,0f,0f,0f,1f],start_interpolation:0}