execute if entity @s[tag=aj.tultaria.bone.head] run data modify entity @s {} merge value {transformation:[-1f,-2.4338435905690764e-17f,1.2002182453322047e-16f,0f,0f,0.9800525720296197f,0.1987384111291201f,1.1865852983540606f,-1.2246467991473532e-16f,0.1987384111291201f,-0.9800525720296197f,0f,0f,0f,0f,1f],start_interpolation:0}
execute if entity @s[tag=aj.tultaria.bone.bust] run data modify entity @s {} merge value {transformation:[-1f,0f,1.2246467991473532e-16f,0.49999999999999994f,0f,1f,0f,0.03033529835406068f,-1.2246467991473532e-16f,0f,-1f,0.5000000000000001f,0f,0f,0f,1f],start_interpolation:0}
execute if entity @s[tag=aj.tultaria.bone.left_wing] run data modify entity @s {} merge value {transformation:[-0.7388524093815231f,0f,-0.6738672845235315f,0.0625f,0f,1f,0f,1.0928352983540606f,0.6738672845235315f,0f,-0.7388524093815231f,-0.12499999999999989f,0f,0f,0f,1f],start_interpolation:0}
execute if entity @s[tag=aj.tultaria.bone.right_wing] run data modify entity @s {} merge value {transformation:[-0.7388524093815229f,0f,0.6738672845235317f,-0.062499999999999944f,0f,1f,0f,1.0928352983540606f,-0.6738672845235317f,0f,-0.7388524093815229f,-0.125f,0f,0f,0f,1f],start_interpolation:0}
execute if entity @s[tag=aj.tultaria.bone.body] run data modify entity @s {} merge value {transformation:[-1f,0f,1.2246467991473532e-16f,0.49999999999999994f,0f,1f,0f,0.03033529835406068f,-1.2246467991473532e-16f,0f,-1f,0.5000000000000001f,0f,0f,0f,1f],start_interpolation:0}
execute if entity @s[tag=aj.tultaria.bone.left_hand] run data modify entity @s {} merge value {transformation:[-0.47007277552951077f,-0.882516067181629f,-0.014034844931554588f,0.560525869123687f,-0.8750616435199046f,0.46806189611943155f,-0.1232281682137893f,0.940175469518578f,0.1153200145084352f,-0.045644852583320204f,-0.9922791148091455f,-0.10393578810546887f,0f,0f,0f,1f],start_interpolation:0}
execute if entity @s[tag=aj.tultaria.bone.left_arm] run data modify entity @s {} merge value {transformation:[-0.47007277552951077f,-0.8809389227284259f,-0.054572888214411946f,0.21875f,-0.8750616435199046f,0.4732299804768084f,-0.10158988935008739f,1.0303352983540606f,0.1153200145084352f,-1.0788390319636843e-16f,-0.9933283919499001f,2.678914873134835e-17f,0f,0f,0f,1f],start_interpolation:0}
execute if entity @s[tag=aj.tultaria.bone.rod] run data modify entity @s {} merge value {transformation:[-0.4732299804768084f,0.6508838455758605f,0.5936359196900899f,-0.890881152784852f,0.8809389227284259f,0.34964711126686093f,0.31889420189903084f,0.7756949293992381f,-5.795395808514879e-17f,0.6738672845235318f,-0.7388524093815229f,0.04834974285825833f,0f,0f,0f,1f],start_interpolation:0}
execute if entity @s[tag=aj.tultaria.bone.sword] run data modify entity @s {} merge value {transformation:[-0.0000047322998047680845f,0.00000880008365340244f,-4.0480396602693455e-7f,-0.9075671082655035f,0.00000880938922728426f,0.000004727300960429614f,-2.174559075520799e-7f,0.802204946167851f,-5.79539580851488e-22f,-4.5951422463339947e-7f,-0.00000998943675476048f,0.0015242580703186542f,0f,0f,0f,1f],start_interpolation:0}
execute if entity @s[tag=aj.tultaria.bone.right_hand] run data modify entity @s {} merge value {transformation:[-0.4732299804768084f,0.880008365340244f,-0.04048039660269345f,-0.5659380653575972f,0.8809389227284259f,0.4727300960429614f,-0.02174559075520799f,0.9502505165709476f,-5.795395808514879e-17f,-0.04595142246333994f,-0.9989436754760479f,-0.09375000000000007f,0f,0f,0f,1f],start_interpolation:0}
execute if entity @s[tag=aj.tultaria.bone.right_arm] run data modify entity @s {} merge value {transformation:[-0.4732299804768084f,0.8809389227284259f,1.2246467991473532e-16f,-0.21875f,0.8809389227284259f,0.4732299804768084f,0f,1.0303352983540606f,-5.795395808514879e-17f,1.0788390319636843e-16f,-1f,-2.678914873134835e-17f,0f,0f,0f,1f],start_interpolation:0}
execute if entity @s[tag=aj.tultaria.bone.skirt] run data modify entity @s {} merge value {transformation:[-1f,3.202410825259233e-17f,1.1820344460820434e-16f,-7.39635905884864e-18f,0f,0.9652043731343778f,-0.2614966884728622f,0.4807787012570776f,-1.2246467991473532e-16f,-0.2614966884728622f,-0.9652043731343778f,0.060395855066115986f,0f,0f,0f,1f],start_interpolation:0}
execute if entity @s[tag=aj.tultaria.bone.left_foot] run data modify entity @s {} merge value {transformation:[-1f,1.7277466570298205e-17f,1.2123979122190374e-16f,0.12499999999999997f,0f,0.9899980247881726f,-0.1410812209881857f,0.06136743089009655f,-1.2246467991473532e-16f,-0.1410812209881857f,-0.9899980247881726f,0.20164296591365444f,0f,0f,0f,1f],start_interpolation:0}
execute if entity @s[tag=aj.tultaria.bone.left_leg] run data modify entity @s {} merge value {transformation:[-1f,2.283035682445308e-17f,1.203177984916892e-16f,0.125f,0f,0.9824693828086526f,-0.18642401090950028f,0.46789478450519456f,-1.2246467991473532e-16f,-0.18642401090950028f,-0.9824693828086526f,-0.002726211710333485f,0f,0f,0f,1f],start_interpolation:0}
execute if entity @s[tag=aj.tultaria.bone.right_foot] run data modify entity @s {} merge value {transformation:[-1f,-6.420996400265705e-17f,1.0428172586506258e-16f,-0.12500000000000006f,0f,0.8515249126333206f,0.5243141454937255f,0.21221948446930888f,-1.2246467991473532e-16f,0.5243141454937255f,-0.8515249126333206f,0.37365310620121145f,0f,0f,0f,1f],start_interpolation:0}
execute if entity @s[tag=aj.tultaria.bone.right_leg] run data modify entity @s {} merge value {transformation:[-1f,7.849956869432423e-17f,9.399689112637528e-17f,-0.125f,0f,0.7675428637205403f,-0.6409976227348055f,0.46789478450519456f,-1.2246467991473532e-16f,-0.6409976227348055f,-0.7675428637205403f,-0.002726211710333515f,0f,0f,0f,1f],start_interpolation:0}
execute if entity @s[tag=aj.tultaria.bone.lower] run data modify entity @s {} merge value {transformation:[-1f,-5.341834311772723e-18f,1.223481206754078e-16f,0f,0f,0.9990482215818578f,0.043619387365336f,0.5303352983540607f,-1.2246467991473532e-16f,0.043619387365336f,-0.9990482215818578f,0f,0f,0f,0f,1f],start_interpolation:0}