execute if entity @s[tag=aj.tultaria.bone.head] run data modify entity @s {} merge value {transformation:[-1f,-4.35893364014691e-17f,1.1444460484749002e-16f,0f,0f,0.9345111172231113f,0.3559339430096718f,1.6313563194328597f,-1.2246467991473532e-16f,0.3559339430096718f,-0.9345111172231113f,0f,0f,0f,0f,1f],start_interpolation:0}
execute if entity @s[tag=aj.tultaria.bone.bust] run data modify entity @s {} merge value {transformation:[-1f,0f,1.2246467991473532e-16f,0.49999999999999994f,0f,1f,0f,0.47510631943285975f,-1.2246467991473532e-16f,0f,-1f,0.5000000000000001f,0f,0f,0f,1f],start_interpolation:0}
execute if entity @s[tag=aj.tultaria.bone.left_wing] run data modify entity @s {} merge value {transformation:[-0.9028199574669151f,0f,-0.43001874889292624f,0.0625f,0f,1f,0f,1.5376063194328597f,0.43001874889292624f,0f,-0.9028199574669151f,-0.12499999999999989f,0f,0f,0f,1f],start_interpolation:0}
execute if entity @s[tag=aj.tultaria.bone.right_wing] run data modify entity @s {} merge value {transformation:[-0.9028199574669151f,0f,0.43001874889292646f,-0.062499999999999944f,0f,1f,0f,1.5376063194328597f,-0.43001874889292646f,0f,-0.9028199574669151f,-0.125f,0f,0f,0f,1f],start_interpolation:0}
execute if entity @s[tag=aj.tultaria.bone.body] run data modify entity @s {} merge value {transformation:[-1f,0f,1.2246467991473532e-16f,0.49999999999999994f,0f,1f,0f,0.47510631943285975f,-1.2246467991473532e-16f,0f,-1f,0.5000000000000001f,0f,0f,0f,1f],start_interpolation:0}
execute if entity @s[tag=aj.tultaria.bone.left_hand] run data modify entity @s {} merge value {transformation:[-0.29198040826524707f,-0.9030645583368712f,0.3149949914920738f,0.5744166229847469f,-0.956268354894821f,0.26969844338024634f,-0.11319709830655984f,1.4628246948003887f,0.01727062870924263f,-0.33427107729222405f,-0.9423187211712837f,-0.09535513877611955f,0f,0f,0f,1f],start_interpolation:0}
execute if entity @s[tag=aj.tultaria.bone.left_arm] run data modify entity @s {} merge value {transformation:[-0.29198040826524707f,-0.956411002094824f,-0.005043437442301567f,0.21875f,-0.956268354894821f,0.29202396318106294f,-0.01651781931061441f,1.4751063194328597f,0.01727062870924263f,-1.1712656723847387e-16f,-0.9998508515693666f,2.678914873134835e-17f,0f,0f,0f,1f],start_interpolation:0}
execute if entity @s[tag=aj.tultaria.bone.sword] run data modify entity @s {} merge value {transformation:[-0.0000029202396318106295f,0.000009013784315866185f,-0.0000031974822595047054f,-0.8970558590603299f,0.00000956411002094824f,0.0000027522069627107595f,-9.762972608810787e-7f,1.3986940186002021f,-3.5762621178401326e-22f,-0.0000033432094073586252f,-0.000009424592874949496f,0.1052499846114913f,0f,0f,0f,1f],start_interpolation:0}
execute if entity @s[tag=aj.tultaria.bone.right_hand] run data modify entity @s {} merge value {transformation:[-0.29202396318106294f,0.9013784315866185f,-0.31974822595047053f,-0.5748935285183203f,0.956411002094824f,0.2752206962710759f,-0.09762972608810787f,1.464386613535759f,-3.5762621178401324e-17f,-0.3343209407358625f,-0.9424592874949494f,-0.09375000000000007f,0f,0f,0f,1f],start_interpolation:0}
execute if entity @s[tag=aj.tultaria.bone.right_arm] run data modify entity @s {} merge value {transformation:[-0.29202396318106294f,0.956411002094824f,1.2246467991473532e-16f,-0.21875f,0.956411002094824f,0.29202396318106294f,0f,1.4751063194328597f,-3.5762621178401324e-17f,1.1712656723847387e-16f,-1f,-2.678914873134835e-17f,0f,0f,0f,1f],start_interpolation:0}
execute if entity @s[tag=aj.tultaria.bone.skirt] run data modify entity @s {} merge value {transformation:[-1f,2.968624706439814e-19f,1.224643201070912e-16f,-7.39635905884864e-18f,0f,0.9999970619476214f,-0.002424066031533889f,0.9255497223358766f,-1.2246467991473532e-16f,-0.002424066031533889f,-0.9999970619476214f,0.060395855066115986f,0f,0f,0f,1f],start_interpolation:0}
execute if entity @s[tag=aj.tultaria.bone.left_foot] run data modify entity @s {} merge value {transformation:[-1f,-4.1989979961682e-17f,1.1504103358991572e-16f,0.12499999999999999f,0f,0.9393813274979511f,0.3428742065950531f,0.47404761496041875f,-1.2246467991473532e-16f,0.3428742065950531f,-0.9393813274979511f,0.11829169132100024f,0f,0f,0f,1f],start_interpolation:0}
execute if entity @s[tag=aj.tultaria.bone.left_leg] run data modify entity @s {} merge value {transformation:[-1f,-1.1132200236074251e-18f,1.2245962015210408e-16f,0.125f,0f,0.9999586839026995f,0.009090131329151332f,0.9126658055839937f,-1.2246467991473532e-16f,0.009090131329151332f,-0.9999586839026995f,-0.002726211710333485f,0f,0f,0f,1f],start_interpolation:0}
execute if entity @s[tag=aj.tultaria.bone.right_foot] run data modify entity @s {} merge value {transformation:[-1f,-5.3664969902075385e-17f,1.10080283575343e-16f,-0.12500000000000003f,0f,0.8988737295682736f,0.4382077341764092f,0.5586303827513137f,-1.2246467991473532e-16f,0.4382077341764092f,-0.8988737295682736f,0.28308870983800977f,0f,0f,0f,1f],start_interpolation:0}
execute if entity @s[tag=aj.tultaria.bone.right_leg] run data modify entity @s {} merge value {transformation:[-1f,4.7789271156089675e-17f,1.1275541401187048e-16f,-0.125f,0f,0.9207178272982478f,-0.39022901288242806f,0.9126658055839937f,-1.2246467991473532e-16f,-0.39022901288242806f,-0.9207178272982478f,-0.002726211710333515f,0f,0f,0f,1f],start_interpolation:0}
execute if entity @s[tag=aj.tultaria.bone.lower] run data modify entity @s {} merge value {transformation:[-1f,-5.341834311772723e-18f,1.223481206754078e-16f,0f,0f,0.9990482215818578f,0.043619387365336f,0.9751063194328597f,-1.2246467991473532e-16f,0.043619387365336f,-0.9990482215818578f,0f,0f,0f,0f,1f],start_interpolation:0}