execute if entity @s[tag=aj.tultaria.bone.head] run data modify entity @s {} merge value {transformation:[-1f,-2.2908224876421498e-17f,1.203029968854886e-16f,0f,0f,0.9823485185218157f,0.18705985180683196f,1.5715321722444222f,-1.2246467991473532e-16f,0.18705985180683196f,-0.9823485185218157f,0f,0f,0f,0f,1f],start_interpolation:0}
execute if entity @s[tag=aj.tultaria.bone.bust] run data modify entity @s {} merge value {transformation:[-1f,0f,1.2246467991473532e-16f,0.49999999999999994f,0f,1f,0f,0.4152821722444222f,-1.2246467991473532e-16f,0f,-1f,0.5000000000000001f,0f,0f,0f,1f],start_interpolation:0}
execute if entity @s[tag=aj.tultaria.bone.left_wing] run data modify entity @s {} merge value {transformation:[-0.724247082951467f,0f,-0.6895405447370668f,0.0625f,0f,1f,0f,1.4777821722444222f,0.6895405447370668f,0f,-0.724247082951467f,-0.12499999999999989f,0f,0f,0f,1f],start_interpolation:0}
execute if entity @s[tag=aj.tultaria.bone.right_wing] run data modify entity @s {} merge value {transformation:[-0.7242470829514668f,0f,0.689540544737067f,-0.062499999999999944f,0f,1f,0f,1.4777821722444222f,-0.689540544737067f,0f,-0.7242470829514668f,-0.125f,0f,0f,0f,1f],start_interpolation:0}
execute if entity @s[tag=aj.tultaria.bone.body] run data modify entity @s {} merge value {transformation:[-1f,0f,1.2246467991473532e-16f,0.49999999999999994f,0f,1f,0f,0.4152821722444222f,-1.2246467991473532e-16f,0f,-1f,0.5000000000000001f,0f,0f,0f,1f],start_interpolation:0}
execute if entity @s[tag=aj.tultaria.bone.left_hand] run data modify entity @s {} merge value {transformation:[-0.48211022692068317f,-0.8752863678270212f,-0.03799346515741879f,0.5588417676131486f,-0.867516775454953f,0.482991228766908f,-0.1188869935631017f,1.3195996418936153f,0.12241067519921614f,-0.024356667062900697f,-0.9921806183184889f,-0.1045209571685555f,0f,0f,0f,1f],start_interpolation:0}
execute if entity @s[tag=aj.tultaria.bone.left_arm] run data modify entity @s {} merge value {transformation:[-0.48211022692068317f,-0.8740903416267588f,-0.05946262501187976f,0.21875f,-0.867516775454953f,0.48576339371634014f,-0.10699798890364509f,1.4152821722444222f,0.12241067519921614f,-1.0010629999997544e-16f,-0.99247953459871f,2.678914873134835e-17f,0f,0f,0f,1f],start_interpolation:0}
execute if entity @s[tag=aj.tultaria.bone.rod] run data modify entity @s {} merge value {transformation:[-0.48576339371634003f,0.6330573801592312f,0.6027207303147243f,-0.8897626224764258f,0.8740903416267588f,0.3518127209036642f,0.3349535551164914f,1.1496307199145646f,-5.948885852576713e-17f,0.689540544737067f,-0.7242470829514668f,0.04041531303311752f,0f,0f,0f,1f],start_interpolation:0}
execute if entity @s[tag=aj.tultaria.bone.sword] run data modify entity @s {} merge value {transformation:[-0.000004857633937163401f,0.000008738270819580325f,-2.1451250823532658e-7f,-0.9059482559124146f,0.000008740903416267589f,0.000004856170908640843f,-1.1921230453258127e-7f,1.1763872354129044f,-5.948885852576713e-22f,-2.4541228522912204e-7f,-0.000009996988186962043f,-0.006445569093267045f,0f,0f,0f,1f],start_interpolation:0}
execute if entity @s[tag=aj.tultaria.bone.right_hand] run data modify entity @s {} merge value {transformation:[-0.48576339371634003f,0.8738270819580324f,-0.021451250823532657f,-0.5647588730951052f,0.8740903416267588f,0.4856170908640843f,-0.011921230453258125f,1.330246975181939f,-5.948885852576713e-17f,-0.0245412285229122f,-0.9996988186962042f,-0.09375000000000007f,0f,0f,0f,1f],start_interpolation:0}
execute if entity @s[tag=aj.tultaria.bone.right_arm] run data modify entity @s {} merge value {transformation:[-0.48576339371634003f,0.8740903416267588f,1.2246467991473532e-16f,-0.21875f,0.8740903416267588f,0.48576339371634003f,0f,1.4152821722444222f,-5.948885852576713e-17f,1.0704519390388266e-16f,-1f,-2.678914873134835e-17f,0f,0f,0f,1f],start_interpolation:0}
execute if entity @s[tag=aj.tultaria.bone.skirt] run data modify entity @s {} merge value {transformation:[-1f,3.4269170634161425e-17f,1.17572198119561e-16f,-7.39635905884864e-18f,0f,0.9600498543859287f,-0.2798290140309921f,0.8657255751474391f,-1.2246467991473532e-16f,-0.2798290140309921f,-0.9600498543859287f,0.060395855066115986f,0f,0f,0f,1f],start_interpolation:0}
execute if entity @s[tag=aj.tultaria.bone.left_foot] run data modify entity @s {} merge value {transformation:[-1f,2.1594585854534664e-17f,1.2054572447162825e-16f,0.12499999999999997f,0f,0.9843305396752506f,-0.17633317516176622f,0.449274594673052f,-1.2246467991473532e-16f,-0.17633317516176622f,-0.9843305396752506f,0.20742819599599166f,0f,0f,0f,1f],start_interpolation:0}
execute if entity @s[tag=aj.tultaria.bone.left_leg] run data modify entity @s {} merge value {transformation:[-1f,2.4546422140730316e-17f,1.1997946068685109e-16f,0.125f,0f,0.9797066449721296f,-0.20043674762242047f,0.8528416583955561f,-1.2246467991473532e-16f,-0.20043674762242047f,-0.9797066449721296f,-0.002726211710333485f,0f,0f,0f,1f],start_interpolation:0}
execute if entity @s[tag=aj.tultaria.bone.right_foot] run data modify entity @s {} merge value {transformation:[-1f,-6.495302804695152e-17f,1.0382052771080731e-16f,-0.12500000000000006f,0f,0.8477589439101232f,0.5303817238747888f,0.6052879338582335f,-1.2246467991473532e-16f,0.5303817238747888f,-0.8477589439101232f,0.3790438807114007f,0f,0f,0f,1f],start_interpolation:0}
execute if entity @s[tag=aj.tultaria.bone.right_leg] run data modify entity @s {} merge value {transformation:[-1f,8.049518186016565e-17f,9.229368084499306e-17f,-0.125f,0f,0.7536350963335022f,-0.6572930408686776f,0.8528416583955561f,-1.2246467991473532e-16f,-0.6572930408686776f,-0.7536350963335022f,-0.002726211710333515f,0f,0f,0f,1f],start_interpolation:0}
execute if entity @s[tag=aj.tultaria.bone.lower] run data modify entity @s {} merge value {transformation:[-1f,-5.341834311772723e-18f,1.223481206754078e-16f,0f,0f,0.9990482215818578f,0.043619387365336f,0.9152821722444222f,-1.2246467991473532e-16f,0.043619387365336f,-0.9990482215818578f,0f,0f,0f,0f,1f],start_interpolation:0}