execute if entity @s[tag=aj.tultaria.bone.head] run data modify entity @s {} merge value {transformation:[-1f,-4.516918740682366e-17f,1.1383032256664224e-16f,0f,0f,0.9294951217436352f,0.3688344054650876f,1.1818554224502265f,-1.2246467991473532e-16f,0.3688344054650876f,-0.9294951217436352f,0f,0f,0f,0f,1f],start_interpolation:0}
execute if entity @s[tag=aj.tultaria.bone.bust] run data modify entity @s {} merge value {transformation:[-1f,0f,1.2246467991473532e-16f,0.49999999999999994f,0f,1f,0f,0.025605422450226345f,-1.2246467991473532e-16f,0f,-1f,0.5000000000000001f,0f,0f,0f,1f],start_interpolation:0}
execute if entity @s[tag=aj.tultaria.bone.left_wing] run data modify entity @s {} merge value {transformation:[-0.9132523915494991f,0f,-0.40739424312221234f,0.0625f,0f,1f,0f,1.0881054224502265f,0.40739424312221234f,0f,-0.9132523915494991f,-0.12499999999999989f,0f,0f,0f,1f],start_interpolation:0}
execute if entity @s[tag=aj.tultaria.bone.right_wing] run data modify entity @s {} merge value {transformation:[-0.9132523915494991f,0f,0.40739424312221256f,-0.062499999999999944f,0f,1f,0f,1.0881054224502265f,-0.40739424312221256f,0f,-0.9132523915494991f,-0.125f,0f,0f,0f,1f],start_interpolation:0}
execute if entity @s[tag=aj.tultaria.bone.body] run data modify entity @s {} merge value {transformation:[-1f,0f,1.2246467991473532e-16f,0.49999999999999994f,0f,1f,0f,0.025605422450226345f,-1.2246467991473532e-16f,0f,-1f,0.5000000000000001f,0f,0f,0f,1f],start_interpolation:0}
execute if entity @s[tag=aj.tultaria.bone.left_hand] run data modify entity @s {} merge value {transformation:[-0.2760875973900724f,-0.8984247626452608f,0.34147999126330053f,0.5747893138937752f,-0.9610906514402779f,0.2547488947138601f,-0.1068071175351564f,1.019990808995112f,0.008966508879122948f,-0.35768134772150645f,-0.9338006506801372f,-0.09458684146222168f,0f,0f,0f,1f],start_interpolation:0}
execute if entity @s[tag=aj.tultaria.bone.left_arm] run data modify entity @s {} merge value {transformation:[-0.2760875973900724f,-0.9611292887884366f,-0.0024756414140716804f,0.21875f,-0.9610906514402779f,0.2760986965435255f,-0.008617974301906674f,1.0256054224502265f,0.008966508879122948f,-1.185717524461415e-16f,-0.9999598000512424f,2.678914873134835e-17f,0f,0f,0f,1f],start_interpolation:0}
execute if entity @s[tag=aj.tultaria.bone.rod] run data modify entity @s {} merge value {transformation:[-0.27609869654352537f,0.8777536215743089f,0.39155853914855576f,-0.8686256794602627f,0.9611292887884367f,0.25214779492207395f,0.11248101950537898f,0.9364604666011324f,-3.381233849707847e-17f,0.40739424312221273f,-0.913252391549499f,0.157115671517722f,0f,0f,0f,1f],start_interpolation:0}
execute if entity @s[tag=aj.tultaria.bone.sword] run data modify entity @s {} merge value {transformation:[-0.0000027609869654352538f,0.000008975392362896865f,-0.0000034379183976280257f,-0.8933690062161292f,0.000009611292887884368f,0.000002578315072976632f,-9.875932400360363e-7f,0.9618664135631021f,-3.3812338497078474e-22f,-0.000003576957270714053f,-0.000009338381909275605f,0.11334200631799256f,0f,0f,0f,1f],start_interpolation:0}
execute if entity @s[tag=aj.tultaria.bone.right_hand] run data modify entity @s {} merge value {transformation:[-0.27609869654352537f,0.8975392362896865f,-0.34379183976280253f,-0.5750224458219806f,0.9611292887884367f,0.2578315072976632f,-0.09875932400360363f,1.0208023663373056f,-3.381233849707847e-17f,-0.3576957270714053f,-0.9338381909275604f,-0.09375000000000007f,0f,0f,0f,1f],start_interpolation:0}
execute if entity @s[tag=aj.tultaria.bone.right_arm] run data modify entity @s {} merge value {transformation:[-0.27609869654352537f,0.9611292887884367f,1.2246467991473532e-16f,-0.21875f,0.9611292887884367f,0.27609869654352537f,0f,1.0256054224502265f,-3.381233849707847e-17f,1.177043907081531e-16f,-1f,-2.678914873134835e-17f,0f,0f,0f,1f],start_interpolation:0}
execute if entity @s[tag=aj.tultaria.bone.skirt] run data modify entity @s {} merge value {transformation:[-1f,-2.4151188529433753e-18f,1.2244086338941236e-16f,-7.39635905884864e-18f,0f,0.9998055233121945f,0.019720942026916457f,0.4760488253532433f,-1.2246467991473532e-16f,0.019720942026916457f,-0.9998055233121945f,0.060395855066115986f,0f,0f,0f,1f],start_interpolation:0}
execute if entity @s[tag=aj.tultaria.bone.left_foot] run data modify entity @s {} merge value {transformation:[-1f,-4.67294089602879e-17f,1.1319876397223047e-16f,0.12499999999999999f,0f,0.9243380544581822f,0.381574581281907f,0.02259723950583531f,-1.2246467991473532e-16f,0.381574581281907f,-0.9243380544581822f,0.11099000941812338f,0f,0f,0f,1f],start_interpolation:0}
execute if entity @s[tag=aj.tultaria.bone.left_leg] run data modify entity @s {} merge value {transformation:[-1f,-3.1469925439579917e-18f,1.2242423887673083e-16f,0.125f,0f,0.9996697738643284f,0.025697144239049587f,0.4631649086013602f,-1.2246467991473532e-16f,0.025697144239049587f,-0.9996697738643284f,-0.002726211710333485f,0f,0f,0f,1f],start_interpolation:0}
execute if entity @s[tag=aj.tultaria.bone.right_foot] run data modify entity @s {} merge value {transformation:[-1f,-5.274892860395677e-17f,1.1052216229224458e-16f,-0.12500000000000003f,0f,0.902481943113675f,0.4307276893279158f,0.10211914072328548f,-1.2246467991473532e-16f,0.4307276893279158f,-0.902481943113675f,0.2741802770134438f,0f,0f,0f,1f],start_interpolation:0}
execute if entity @s[tag=aj.tultaria.bone.right_leg] run data modify entity @s {} merge value {transformation:[-1f,4.496547705949526e-17f,1.139109463547318e-16f,-0.125f,0f,0.9301534649340613f,-0.36717098424461625f,0.4631649086013602f,-1.2246467991473532e-16f,-0.36717098424461625f,-0.9301534649340613f,-0.002726211710333515f,0f,0f,0f,1f],start_interpolation:0}
execute if entity @s[tag=aj.tultaria.bone.lower] run data modify entity @s {} merge value {transformation:[-1f,-5.341834311772723e-18f,1.223481206754078e-16f,0f,0f,0.9990482215818578f,0.043619387365336f,0.5256054224502263f,-1.2246467991473532e-16f,0.043619387365336f,-0.9990482215818578f,0f,0f,0f,0f,1f],start_interpolation:0}