execute if entity @s[tag=aj.tultaria.bone.head] run data modify entity @s {} merge value {transformation:[-1f,-2.154636929995231e-17f,1.2055435204341918e-16f,0f,0f,0.984400989145228f,0.17593945711493086f,1.6028277128089794f,-1.2246467991473532e-16f,0.17593945711493086f,-0.984400989145228f,0f,0f,0f,0f,1f],start_interpolation:0}
execute if entity @s[tag=aj.tultaria.bone.bust] run data modify entity @s {} merge value {transformation:[-1f,0f,1.2246467991473532e-16f,0.49999999999999994f,0f,1f,0f,0.4465777128089793f,-1.2246467991473532e-16f,0f,-1f,0.5000000000000001f,0f,0f,0f,1f],start_interpolation:0}
execute if entity @s[tag=aj.tultaria.bone.left_wing] run data modify entity @s {} merge value {transformation:[-0.7100624910579246f,0f,-0.704138664463623f,0.0625f,0f,1f,0f,1.5090777128089794f,0.704138664463623f,0f,-0.7100624910579246f,-0.12499999999999989f,0f,0f,0f,1f],start_interpolation:0}
execute if entity @s[tag=aj.tultaria.bone.right_wing] run data modify entity @s {} merge value {transformation:[-0.7100624910579244f,0f,0.7041386644636233f,-0.062499999999999944f,0f,1f,0f,1.5090777128089794f,-0.7041386644636233f,0f,-0.7100624910579244f,-0.125f,0f,0f,0f,1f],start_interpolation:0}
execute if entity @s[tag=aj.tultaria.bone.body] run data modify entity @s {} merge value {transformation:[-1f,0f,1.2246467991473532e-16f,0.49999999999999994f,0f,1f,0f,0.4465777128089793f,-1.2246467991473532e-16f,0f,-1f,0.5000000000000001f,0f,0f,0f,1f],start_interpolation:0}
execute if entity @s[tag=aj.tultaria.bone.left_hand] run data modify entity @s {} merge value {transformation:[-0.4934129939780214f,-0.8676798425931652f,-0.06062431963449147f,0.5571582887240449f,-0.8601546526572416f,0.4971060626460191f,-0.11410318134334634f,1.3456723384000886f,0.12914174726146993f,-0.004153701731250037f,-0.991617444318212f,-0.10507198978921538f,0f,0f,0f,1f],start_interpolation:0}
execute if entity @s[tag=aj.tultaria.bone.left_arm] run data modify entity @s {} merge value {transformation:[-0.4934129939780214f,-0.8674182886512775f,-0.0642583059762255f,0.21875f,-0.8601546526572416f,0.49757965444066266f,-0.11201991340298009f,1.4465777128089794f,0.12914174726146993f,-1.131669969757734e-16f,-0.9916261438234949f,2.678914873134835e-17f,0f,0f,0f,1f],start_interpolation:0}
execute if entity @s[tag=aj.tultaria.bone.sword] run data modify entity @s {} merge value {transformation:[-0.000004975796544406626f,0.000008674106788176406f,-3.633422605616431e-8f,-0.904117636944511f,0.000008674182886512775f,0.000004975752891898477f,-2.0842506875784837e-8f,1.1975340913151857f,-6.093593311316035e-22f,-4.1887779554036856e-8f,-0.000009999912270311377f,-0.01405489365491605f,0f,0f,0f,1f],start_interpolation:0}
execute if entity @s[tag=aj.tultaria.bone.right_hand] run data modify entity @s {} merge value {transformation:[-0.49757965444066254f,0.8674106788176404f,-0.003633422605616431f,-0.5635731293276888f,0.8674182886512775f,0.4975752891898476f,-0.0020842506875784835f,1.356855171156059f,-6.093593311316035e-17f,-0.004188777955403685f,-0.9999912270311376f,-0.09375000000000007f,0f,0f,0f,1f],start_interpolation:0}
execute if entity @s[tag=aj.tultaria.bone.right_arm] run data modify entity @s {} merge value {transformation:[-0.49757965444066254f,0.8674182886512775f,1.2246467991473532e-16f,-0.21875f,0.8674182886512775f,0.49757965444066254f,0f,1.4465777128089794f,-6.093593311316035e-17f,1.0622810307186619e-16f,-1f,-2.678914873134835e-17f,0f,0f,0f,1f],start_interpolation:0}
execute if entity @s[tag=aj.tultaria.bone.skirt] run data modify entity @s {} merge value {transformation:[-1f,3.639070822174469e-17f,1.1693294737471737e-16f,-7.39635905884864e-18f,0f,0.9548299759255536f,-0.29715268310080356f,0.8970211157119962f,-1.2246467991473532e-16f,-0.29715268310080356f,-0.9548299759255536f,0.060395855066115986f,0f,0f,0f,1f],start_interpolation:0}
execute if entity @s[tag=aj.tultaria.bone.left_foot] run data modify entity @s {} merge value {transformation:[-1f,2.5670870210203368e-17f,1.1974391111563656e-16f,0.12499999999999997f,0f,0.9777832367586062f,-0.20961856290382194f,0.4834589858362583f,-1.2246467991473532e-16f,-0.20961856290382194f,-0.9777832367586062f,0.21288505777221173f,0f,0f,0f,1f],start_interpolation:0}
execute if entity @s[tag=aj.tultaria.bone.left_leg] run data modify entity @s {} merge value {transformation:[-1f,2.6172225655633353e-17f,1.1963533103080036e-16f,0.125f,0f,0.9768966130813811f,-0.21371244079399446f,0.8841371989601132f,-1.2246467991473532e-16f,-0.21371244079399446f,-0.9768966130813811f,-0.002726211710333485f,0f,0f,0f,1f],start_interpolation:0}
execute if entity @s[tag=aj.tultaria.bone.right_foot] run data modify entity @s {} merge value {transformation:[-1f,-6.565594646912207e-17f,1.0337743718946782e-16f,-0.12500000000000006f,0f,0.8441408352305595f,0.5361214883739073f,0.6444051125091036f,-1.2246467991473532e-16f,0.5361214883739073f,-0.8441408352305595f,0.38400337951051644f,0f,0f,0f,1f],start_interpolation:0}
execute if entity @s[tag=aj.tultaria.bone.right_leg] run data modify entity @s {} merge value {transformation:[-1f,8.235700611377981e-17f,9.063620342111322e-17f,-0.125f,0f,0.7401007660675524f,-0.6724959896283562f,0.8841371989601132f,-1.2246467991473532e-16f,-0.6724959896283562f,-0.7401007660675524f,-0.002726211710333515f,0f,0f,0f,1f],start_interpolation:0}
execute if entity @s[tag=aj.tultaria.bone.lower] run data modify entity @s {} merge value {transformation:[-1f,-5.341834311772723e-18f,1.223481206754078e-16f,0f,0f,0.9990482215818578f,0.043619387365336f,0.9465777128089793f,-1.2246467991473532e-16f,0.043619387365336f,-0.9990482215818578f,0f,0f,0f,0f,1f],start_interpolation:0}