execute if entity @s[tag=aj.tultaria.bone.head] run data modify entity @s {} merge value {transformation:[-1f,-2.357714100715064e-17f,1.2017369199848823e-16f,0f,0f,0.9812926639922451f,0.19252196652590742f,1.5673909932120198f,-1.2246467991473532e-16f,0.19252196652590742f,-0.9812926639922451f,0f,0f,0f,0f,1f],start_interpolation:0}
execute if entity @s[tag=aj.tultaria.bone.bust] run data modify entity @s {} merge value {transformation:[-1f,0f,1.2246467991473532e-16f,0.49999999999999994f,0f,1f,0f,0.4111409932120198f,-1.2246467991473532e-16f,0f,-1f,0.5000000000000001f,0f,0f,0f,1f],start_interpolation:0}
execute if entity @s[tag=aj.tultaria.bone.left_wing] run data modify entity @s {} merge value {transformation:[-0.7311155947298642f,0f,-0.6822536091093964f,0.0625f,0f,1f,0f,1.4736409932120198f,0.6822536091093964f,0f,-0.7311155947298642f,-0.12499999999999989f,0f,0f,0f,1f],start_interpolation:0}
execute if entity @s[tag=aj.tultaria.bone.right_wing] run data modify entity @s {} merge value {transformation:[-0.731115594729864f,0f,0.6822536091093966f,-0.062499999999999944f,0f,1f,0f,1.4736409932120198f,-0.6822536091093966f,0f,-0.731115594729864f,-0.125f,0f,0f,0f,1f],start_interpolation:0}
execute if entity @s[tag=aj.tultaria.bone.body] run data modify entity @s {} merge value {transformation:[-1f,0f,1.2246467991473532e-16f,0.49999999999999994f,0f,1f,0f,0.4111409932120198f,-1.2246467991473532e-16f,0f,-1f,0.5000000000000001f,0f,0f,0f,1f],start_interpolation:0}
execute if entity @s[tag=aj.tultaria.bone.left_hand] run data modify entity @s {} merge value {transformation:[-0.47650152531972045f,-0.8787647418868095f,-0.026810907940401106f,0.5596401674073612f,-0.8710695510837908f,0.4760207073873192f,-0.12100464170088447f,1.3180366737689757f,0.11909716009486968f,-0.03430473079744367f,-0.9922898023774365f,-0.10424810293731401f,0f,0f,0f,1f],start_interpolation:0}
execute if entity @s[tag=aj.tultaria.bone.left_arm] run data modify entity @s {} merge value {transformation:[-0.47650152531972045f,-0.8773137398869014f,-0.057156785893172454f,0.21875f,-0.8710695510837908f,0.47991728642096043f,-0.10448557493273919f,1.4111409932120198f,0.11909716009486968f,-1.0050105243614151e-16f,-0.9928826045698137f,2.678914873134835e-17f,0f,0f,0f,1f],start_interpolation:0}
execute if entity @s[tag=aj.tultaria.bone.sword] run data modify entity @s {} merge value {transformation:[-0.000004799172864209605f,0.00000876789938275297f,-3.0311752399729245e-7f,-0.90674438008575f,0.000008773137398869015f,0.000004796307510156259f,-1.658145005254049e-7f,1.1772675376451722f,-5.8772916867091275e-22f,-3.455064137447215e-7f,-0.00000999402948354973f,-0.002715154144340759f,0f,0f,0f,1f],start_interpolation:0}
execute if entity @s[tag=aj.tultaria.bone.right_hand] run data modify entity @s {} merge value {transformation:[-0.47991728642096043f,0.876789938275297f,-0.030311752399729244f,-0.5653188436880874f,0.8773137398869014f,0.47963075101562586f,-0.016581450052540487f,1.3284175891192116f,-5.877291686709127e-17f,-0.03455064137447215f,-0.9994029483549729f,-0.09375000000000007f,0f,0f,0f,1f],start_interpolation:0}
execute if entity @s[tag=aj.tultaria.bone.right_arm] run data modify entity @s {} merge value {transformation:[-0.47991728642096043f,0.8773137398869014f,1.2246467991473532e-16f,-0.21875f,0.8773137398869014f,0.47991728642096043f,0f,1.4111409932120198f,-5.877291686709127e-17f,1.0743994634004874e-16f,-1f,-2.678914873134835e-17f,0f,0f,0f,1f],start_interpolation:0}
execute if entity @s[tag=aj.tultaria.bone.skirt] run data modify entity @s {} merge value {transformation:[-1f,3.3221295669857874e-17f,1.178725724697415e-16f,-7.39635905884864e-18f,0f,0.9625025970901078f,-0.2712724656038609f,0.8615843961150367f,-1.2246467991473532e-16f,-0.2712724656038609f,-0.9625025970901078f,0.060395855066115986f,0f,0f,0f,1f],start_interpolation:0}
execute if entity @s[tag=aj.tultaria.bone.left_foot] run data modify entity @s {} merge value {transformation:[-1f,1.9579798475068276e-17f,1.208893267343908e-16f,0.12499999999999997f,0f,0.987136265072988f,-0.15988118769183485f,0.4437394524725794f,-1.2246467991473532e-16f,-0.15988118769183485f,-0.987136265072988f,0.20472936594361035f,0f,0f,0f,1f],start_interpolation:0}
execute if entity @s[tag=aj.tultaria.bone.left_leg] run data modify entity @s {} merge value {transformation:[-1f,2.3744912098180776e-17f,1.201406549677013e-16f,0.125f,0f,0.981022896163595f,-0.19389192144798734f,0.8487004793631537f,-1.2246467991473532e-16f,-0.19389192144798734f,-0.981022896163595f,-0.002726211710333485f,0f,0f,0f,1f],start_interpolation:0}
execute if entity @s[tag=aj.tultaria.bone.right_foot] run data modify entity @s {} merge value {transformation:[-1f,-6.460611992201115e-17f,1.0403675838491555e-16f,-0.12500000000000006f,0f,0.8495246013573055f,0.5275490040638038f,0.5973362510523383f,-1.2246467991473532e-16f,0.5275490040638038f,-0.8495246013573055f,0.37654582090703237f,0f,0f,0f,1f],start_interpolation:0}
execute if entity @s[tag=aj.tultaria.bone.right_leg] run data modify entity @s {} merge value {transformation:[-1f,7.956694852874882e-17f,9.30951047501533e-17f,-0.125f,0f,0.7601792191427743f,-0.6497134405131866f,0.8487004793631537f,-1.2246467991473532e-16f,-0.6497134405131866f,-0.7601792191427743f,-0.002726211710333515f,0f,0f,0f,1f],start_interpolation:0}
execute if entity @s[tag=aj.tultaria.bone.lower] run data modify entity @s {} merge value {transformation:[-1f,-5.341834311772723e-18f,1.223481206754078e-16f,0f,0f,0.9990482215818578f,0.043619387365336f,0.9111409932120198f,-1.2246467991473532e-16f,0.043619387365336f,-0.9990482215818578f,0f,0f,0f,0f,1f],start_interpolation:0}