execute if entity @s[tag=aj.tultaria.bone.head] run data modify entity @s {} merge value {transformation:[-1f,-3.852062288096585e-17f,1.1624869650658877e-16f,0f,0f,0.9492426435730339f,0.3145447561516137f,1.646891749809365f,-1.2246467991473532e-16f,0.3145447561516137f,-0.9492426435730339f,0f,0f,0f,0f,1f],start_interpolation:0}
execute if entity @s[tag=aj.tultaria.bone.bust] run data modify entity @s {} merge value {transformation:[-1f,0f,1.2246467991473532e-16f,0.49999999999999994f,0f,1f,0f,0.4906417498093649f,-1.2246467991473532e-16f,0f,-1f,0.5000000000000001f,0f,0f,0f,1f],start_interpolation:0}
execute if entity @s[tag=aj.tultaria.bone.left_wing] run data modify entity @s {} merge value {transformation:[-0.8660254037844388f,0f,-0.49999999999999983f,0.0625f,0f,1f,0f,1.553141749809365f,0.49999999999999983f,0f,-0.8660254037844388f,-0.12499999999999989f,0f,0f,0f,1f],start_interpolation:0}
execute if entity @s[tag=aj.tultaria.bone.right_wing] run data modify entity @s {} merge value {transformation:[-0.8660254037844386f,0f,0.5f,-0.062499999999999944f,0f,1f,0f,1.553141749809365f,-0.5f,0f,-0.8660254037844386f,-0.125f,0f,0f,0f,1f],start_interpolation:0}
execute if entity @s[tag=aj.tultaria.bone.body] run data modify entity @s {} merge value {transformation:[-1f,0f,1.2246467991473532e-16f,0.49999999999999994f,0f,1f,0f,0.4906417498093649f,-1.2246467991473532e-16f,0f,-1f,0.5000000000000001f,0f,0f,0f,1f],start_interpolation:0}
execute if entity @s[tag=aj.tultaria.bone.left_hand] run data modify entity @s {} merge value {transformation:[-0.3416946159346814f,-0.9115346172385734f,0.2287999803692696f,0.5724045796591759f,-0.9387982416297569f,0.3197574032209514f,-0.12811348328052996f,1.4572419591536052f,0.04361938736533596f,-0.2585727067211881f,-0.9650064789340802f,-0.09775008833879935f,0f,0f,0f,1f],start_interpolation:0}
execute if entity @s[tag=aj.tultaria.bone.left_arm] run data modify entity @s {} merge value {transformation:[-0.3416946159346814f,-0.9396926207859084f,-0.014918709118469962f,0.21875f,-0.9387982416297569f,0.34202014332566877f,-0.04098881643040832f,1.490641749809365f,0.04361938736533596f,-1.1160970907083141e-16f,-0.9990482215818578f,2.678914873134835e-17f,0f,0f,0f,1f],start_interpolation:0}
execute if entity @s[tag=aj.tultaria.bone.sword] run data modify entity @s {} merge value {transformation:[-0.000003420201433256689f,0.000009076733711903687f,-0.0000024321034680169384f,-0.9058985621633705f,0.000009396926207859084f,0.000003303660895493523f,-8.852132690137691e-7f,1.3735623482225678f,-4.1885387376769937e-22f,-0.0000025881904510252067f,-0.000009659258262890684f,0.07877009709227863f,0f,0f,0f,1f],start_interpolation:0}
execute if entity @s[tag=aj.tultaria.bone.right_hand] run data modify entity @s {} merge value {transformation:[-0.3420201433256689f,0.9076733711903686f,-0.24321034680169382f,-0.5738337268319375f,0.9396926207859083f,0.33036608954935226f,-0.0885213269013769f,1.4611685087398452f,-4.1885387376769936e-17f,-0.25881904510252063f,-0.9659258262890683f,-0.09375000000000007f,0f,0f,0f,1f],start_interpolation:0}
execute if entity @s[tag=aj.tultaria.bone.right_arm] run data modify entity @s {} merge value {transformation:[-0.3420201433256689f,0.9396926207859083f,1.2246467991473532e-16f,-0.21875f,0.9396926207859083f,0.3420201433256689f,0f,1.490641749809365f,-4.1885387376769936e-17f,1.1507915602278503e-16f,-1f,-2.678914873134835e-17f,0f,0f,0f,1f],start_interpolation:0}
execute if entity @s[tag=aj.tultaria.bone.skirt] run data modify entity @s {} merge value {transformation:[-1f,8.898035127798717e-18f,1.2214099556448295e-16f,-7.39635905884864e-18f,0f,0.9973569167005724f,-0.0726579707226106f,0.9410851527123818f,-1.2246467991473532e-16f,-0.0726579707226106f,-0.9973569167005724f,0.060395855066115986f,0f,0f,0f,1f],start_interpolation:0}
execute if entity @s[tag=aj.tultaria.bone.left_foot] run data modify entity @s {} merge value {transformation:[-1f,-2.6506208041798655e-17f,1.195617780139768e-16f,0.12499999999999999f,0f,0.9762960071199335f,0.21643961393810285f,0.49657006243910307f,-1.2246467991473532e-16f,0.21643961393810285f,-0.9762960071199335f,0.14123829795973325f,0f,0f,0f,1f],start_interpolation:0}
execute if entity @s[tag=aj.tultaria.bone.left_leg] run data modify entity @s {} merge value {transformation:[-1f,5.341834311772725e-18f,1.223481206754078e-16f,0.125f,0f,0.9990482215818578f,-0.043619387365336014f,0.9282012359604989f,-1.2246467991473532e-16f,-0.043619387365336014f,-0.9990482215818578f,-0.002726211710333485f,0f,0f,0f,1f],start_interpolation:0}
execute if entity @s[tag=aj.tultaria.bone.right_foot] run data modify entity @s {} merge value {transformation:[-1f,-5.654789612090135e-17f,1.0862749776607363e-16f,-0.12500000000000003f,0f,0.8870108331782219f,0.4617486132350339f,0.597852573099406f,-1.2246467991473532e-16f,0.4617486132350339f,-0.8870108331782219f,0.31016516072727157f,0f,0f,0f,1f],start_interpolation:0}
execute if entity @s[tag=aj.tultaria.bone.right_leg] run data modify entity @s {} merge value {transformation:[-1f,5.654789612090135e-17f,1.0862749776607362e-16f,-0.125f,0f,0.8870108331782218f,-0.4617486132350339f,0.9282012359604989f,-1.2246467991473532e-16f,-0.4617486132350339f,-0.8870108331782218f,-0.002726211710333515f,0f,0f,0f,1f],start_interpolation:0}
execute if entity @s[tag=aj.tultaria.bone.lower] run data modify entity @s {} merge value {transformation:[-1f,-5.341834311772723e-18f,1.223481206754078e-16f,0f,0f,0.9990482215818578f,0.043619387365336f,0.9906417498093649f,-1.2246467991473532e-16f,0.043619387365336f,-0.9990482215818578f,0f,0f,0f,0f,1f],start_interpolation:0}