execute if entity @s[tag=aj.tultaria.bone.head] run data modify entity @s {} merge value {transformation:[-1f,-2.1883812364702514e-17f,1.2049355411392373e-16f,0f,0f,0.9839045363758436f,0.17869488884418655f,1.607298537840175f,-1.2246467991473532e-16f,0.17869488884418655f,-0.9839045363758436f,0f,0f,0f,0f,1f],start_interpolation:0}
execute if entity @s[tag=aj.tultaria.bone.bust] run data modify entity @s {} merge value {transformation:[-1f,0f,1.2246467991473532e-16f,0.49999999999999994f,0f,1f,0f,0.45104853784017496f,-1.2246467991473532e-16f,0f,-1f,0.5000000000000001f,0f,0f,0f,1f],start_interpolation:0}
execute if entity @s[tag=aj.tultaria.bone.left_wing] run data modify entity @s {} merge value {transformation:[-0.7136020631109908f,0f,-0.7005512797245733f,0.0625f,0f,1f,0f,1.513548537840175f,0.7005512797245733f,0f,-0.7136020631109908f,-0.12499999999999989f,0f,0f,0f,1f],start_interpolation:0}
execute if entity @s[tag=aj.tultaria.bone.right_wing] run data modify entity @s {} merge value {transformation:[-0.7136020631109906f,0f,0.7005512797245735f,-0.062499999999999944f,0f,1f,0f,1.513548537840175f,-0.7005512797245735f,0f,-0.7136020631109906f,-0.125f,0f,0f,0f,1f],start_interpolation:0}
execute if entity @s[tag=aj.tultaria.bone.body] run data modify entity @s {} merge value {transformation:[-1f,0f,1.2246467991473532e-16f,0.49999999999999994f,0f,1f,0f,0.45104853784017496f,-1.2246467991473532e-16f,0f,-1f,0.5000000000000001f,0f,0f,0f,1f],start_interpolation:0}
execute if entity @s[tag=aj.tultaria.bone.left_hand] run data modify entity @s {} merge value {transformation:[-0.49062692361173f,-0.8696300435407132f,-0.05503461818407568f,0.5575826513877563f,-0.8619948689519524f,0.49361909381383323f,-0.11534745824211497f,1.3514340025193186f,0.12747575348981477f,-0.009153010094358306f,-0.9917994528524487f,-0.10493601005542881f,0f,0f,0f,1f],start_interpolation:0}
execute if entity @s[tag=aj.tultaria.bone.left_arm] run data modify entity @s {} merge value {transformation:[-0.49062692361173f,-0.8690851374386769f,-0.06305747941747814f,0.21875f,-0.8619948689519524f,0.49466253535435245f,-0.11078728274179463f,1.451048537840175f,0.12747575348981477f,-1.0643223317508132e-16f,-0.9918416871014265f,2.678914873134835e-17f,0f,0f,0f,1f],start_interpolation:0}
execute if entity @s[tag=aj.tultaria.bone.sword] run data modify entity @s {} merge value {transformation:[-0.000004946625353543525f,0.000008690481303653155f,-8.020176142303356e-8f,-0.9045973055397152f,0.00000869085137438677f,0.000004946414718106945f,-4.5648930048815414e-8f,1.2045100138289468f,-6.057868905798222e-22f,-9.228297432332164e-8f,-0.000009999574183566521f,-0.012167715153762068f,0f,0f,0f,1f],start_interpolation:0}
execute if entity @s[tag=aj.tultaria.bone.right_hand] run data modify entity @s {} merge value {transformation:[-0.49466253535435245f,0.8690481303653155f,-0.008020176142303355f,-0.5638726286840158f,0.8690851374386769f,0.4946414718106944f,-0.004564893004881541f,1.3624850229469923f,-6.057868905798222e-17f,-0.009228297432332163f,-0.9999574183566521f,-0.09375000000000007f,0f,0f,0f,1f],start_interpolation:0}
execute if entity @s[tag=aj.tultaria.bone.right_arm] run data modify entity @s {} merge value {transformation:[-0.49466253535435245f,0.8690851374386769f,1.2246467991473532e-16f,-0.21875f,0.8690851374386769f,0.49466253535435245f,0f,1.451048537840175f,-6.057868905798222e-17f,1.0643223317508132e-16f,-1f,-2.678914873134835e-17f,0f,0f,0f,1f],start_interpolation:0}
execute if entity @s[tag=aj.tultaria.bone.skirt] run data modify entity @s {} merge value {transformation:[-1f,3.5866522838537015e-17f,1.170947922244678e-16f,-7.39635905884864e-18f,0f,0.9561515394152318f,-0.29287238462149806f,0.9014919407431918f,-1.2246467991473532e-16f,-0.29287238462149806f,-0.9561515394152318f,0.060395855066115986f,0f,0f,0f,1f],start_interpolation:0}
execute if entity @s[tag=aj.tultaria.bone.left_foot] run data modify entity @s {} merge value {transformation:[-1f,2.4664199852624573e-17f,1.199553044773276e-16f,0.12499999999999997f,0f,0.9795093945523328f,-0.20139847562412888f,0.4872076717896466f,-1.2246467991473532e-16f,-0.20139847562412888f,-0.9795093945523328f,0.21153766124164475f,0f,0f,0f,1f],start_interpolation:0}
execute if entity @s[tag=aj.tultaria.bone.left_leg] run data modify entity @s {} merge value {transformation:[-1f,2.5770132838765742e-17f,1.1972258801116415e-16f,0.125f,0f,0.9776091203971601f,-0.21042910377676163f,0.8886080239913089f,-1.2246467991473532e-16f,-0.21042910377676163f,-0.9776091203971601f,-0.002726211710333485f,0f,0f,0f,1f],start_interpolation:0}
execute if entity @s[tag=aj.tultaria.bone.right_foot] run data modify entity @s {} merge value {transformation:[-1f,-6.54821922827714e-17f,1.034875853446235e-16f,-0.12500000000000006f,0f,0.8450402631736398f,0.5347026777709512f,0.646930012909184f,-1.2246467991473532e-16f,0.5347026777709512f,-0.8450402631736398f,0.38279031058071994f,0f,0f,0f,1f],start_interpolation:0}
execute if entity @s[tag=aj.tultaria.bone.right_leg] run data modify entity @s {} merge value {transformation:[-1f,8.189918852537538e-17f,9.105010019491248e-17f,-0.125f,0f,0.7434804897077679f,-0.6687576253201885f,0.8886080239913089f,-1.2246467991473532e-16f,-0.6687576253201885f,-0.7434804897077679f,-0.002726211710333515f,0f,0f,0f,1f],start_interpolation:0}
execute if entity @s[tag=aj.tultaria.bone.lower] run data modify entity @s {} merge value {transformation:[-1f,-5.341834311772723e-18f,1.223481206754078e-16f,0f,0f,0.9990482215818578f,0.043619387365336f,0.951048537840175f,-1.2246467991473532e-16f,0.043619387365336f,-0.9990482215818578f,0f,0f,0f,0f,1f],start_interpolation:0}