execute if entity @s[tag=aj.tultaria.bone.head] run data modify entity @s {} merge value {transformation:[-1f,-2.1337391164688086e-17f,1.2059151531058753e-16f,0f,0f,0.9847044502508645f,0.17423302114163863f,1.5891974438849932f,-1.2246467991473532e-16f,0.17423302114163863f,-0.9847044502508645f,0f,0f,0f,0f,1f],start_interpolation:0}
execute if entity @s[tag=aj.tultaria.bone.bust] run data modify entity @s {} merge value {transformation:[-1f,0f,1.2246467991473532e-16f,0.49999999999999994f,0f,1f,0f,0.43294744388499307f,-1.2246467991473532e-16f,0f,-1f,0.5000000000000001f,0f,0f,0f,1f],start_interpolation:0}
execute if entity @s[tag=aj.tultaria.bone.left_wing] run data modify entity @s {} merge value {transformation:[-0.7078622841714389f,0f,-0.7063504701262633f,0.0625f,0f,1f,0f,1.4954474438849932f,0.7063504701262633f,0f,-0.7078622841714389f,-0.12499999999999989f,0f,0f,0f,1f],start_interpolation:0}
execute if entity @s[tag=aj.tultaria.bone.right_wing] run data modify entity @s {} merge value {transformation:[-0.7078622841714387f,0f,0.7063504701262635f,-0.062499999999999944f,0f,1f,0f,1.4954474438849932f,-0.7063504701262635f,0f,-0.7078622841714387f,-0.125f,0f,0f,0f,1f],start_interpolation:0}
execute if entity @s[tag=aj.tultaria.bone.body] run data modify entity @s {} merge value {transformation:[-1f,0f,1.2246467991473532e-16f,0.49999999999999994f,0f,1f,0f,0.43294744388499307f,-1.2246467991473532e-16f,0f,-1f,0.5000000000000001f,0f,0f,0f,1f],start_interpolation:0}
execute if entity @s[tag=aj.tultaria.bone.left_hand] run data modify entity @s {} merge value {transformation:[-0.4951335850032159f,-0.8664505192493778f,-0.06407987745264994f,0.5568931009394289f,-0.859009749981747f,0.4992618293703223f,-0.11331317297691255f,1.3312437447228764f,0.13017289440647656f,-0.001059918054686423f,-0.9914907433433545f,-0.10515601915158679f,0f,0f,0f,1f],start_interpolation:0}
execute if entity @s[tag=aj.tultaria.bone.left_arm] run data modify entity @s {} merge value {transformation:[-0.4951335850032159f,-0.8663815218796128f,-0.06500608854122168f,0.21875f,-0.859009749981747f,0.49938267745844567f,-0.11277939036335734f,1.4329474438849932f,0.13017289440647656f,-1.0610113576102804e-16f,-0.9914913098771165f,2.678914873134835e-17f,0f,0f,0f,1f],start_interpolation:0}
execute if entity @s[tag=aj.tultaria.bone.rod] run data modify entity @s {} merge value {transformation:[-0.49938267745844556f,0.6132788030416298f,0.6119689952883721f,-0.8881628874771857f,0.8663815218796128f,0.35349416274138407f,0.35273918899568524f,1.1553062500242468f,-6.115673974991205e-17f,0.7063504701262635f,-0.7078622841714385f,0.03165080881176474f,0f,0f,0f,1f],start_interpolation:0}
execute if entity @s[tag=aj.tultaria.bone.sword] run data modify entity @s {} merge value {transformation:[-0.0000049938267745844556f,0.00000866381026833032f,-9.261739443793006e-9f,-0.9038120105514049f,0.00000866381521879613f,0.000004993823921133859f,-5.338470552015238e-9f,1.1823556485022721f,-6.115673974991206e-22f,-1.0690139632364262e-8f,-0.0000099999942860441f,-0.01522416440406689f,0f,0f,0f,1f],start_interpolation:0}
execute if entity @s[tag=aj.tultaria.bone.right_hand] run data modify entity @s {} merge value {transformation:[-0.49938267745844556f,0.8663810268330319f,-0.0009261739443793006f,-0.5633857741578462f,0.8663815218796128f,0.4993823921133859f,-0.0005338470552015237f,1.3425079161848663f,-6.115673974991205e-17f,-0.0010690139632364261f,-0.9999994286044099f,-0.09375000000000007f,0f,0f,0f,1f],start_interpolation:0}
execute if entity @s[tag=aj.tultaria.bone.right_arm] run data modify entity @s {} merge value {transformation:[-0.49938267745844556f,0.8663815218796128f,1.2246467991473532e-16f,-0.21875f,0.8663815218796128f,0.49938267745844556f,0f,1.4329474438849932f,-6.115673974991205e-17f,1.0610113576102804e-16f,-1f,-2.678914873134835e-17f,0f,0f,0f,1f],start_interpolation:0}
execute if entity @s[tag=aj.tultaria.bone.skirt] run data modify entity @s {} merge value {transformation:[-1f,3.671483864097496e-17f,1.168315815616041e-16f,-7.39635905884864e-18f,0f,0.9540022612474617f,-0.29979940882985406f,0.8833908467880099f,-1.2246467991473532e-16f,-0.29979940882985406f,-0.9540022612474617f,0.060395855066115986f,0f,0f,0f,1f],start_interpolation:0}
execute if entity @s[tag=aj.tultaria.bone.left_foot] run data modify entity @s {} merge value {transformation:[-1f,2.629314402607445e-17f,1.1960881407255354e-16f,0.12499999999999997f,0f,0.9766800856853572f,-0.21469981421893042f,0.4702780224593594f,-1.2246467991473532e-16f,-0.21469981421893042f,-0.9766800856853572f,0.21371794168704342f,0f,0f,0f,1f],start_interpolation:0}
execute if entity @s[tag=aj.tultaria.bone.left_leg] run data modify entity @s {} merge value {transformation:[-1f,2.6420992494657627e-17f,1.195806379905034e-16f,0.125f,0f,0.9764500105153591f,-0.21574377618961607f,0.870506930036127f,-1.2246467991473532e-16f,-0.21574377618961607f,-0.9764500105153591f,-0.002726211710333485f,0f,0f,0f,1f],start_interpolation:0}
execute if entity @s[tag=aj.tultaria.bone.right_foot] run data modify entity @s {} merge value {transformation:[-1f,-6.576341576524583e-17f,1.0330910402043955e-16f,-0.12500000000000006f,0f,0.8435828525609781f,0.5369990417729656f,0.6319825179953662f,-1.2246467991473532e-16f,0.5369990417729656f,-0.8435828525609781f,0.38474940669759866f,0f,0f,0f,1f],start_interpolation:0}
execute if entity @s[tag=aj.tultaria.bone.right_leg] run data modify entity @s {} merge value {transformation:[-1f,8.26393695205423e-17f,9.037882734283427e-17f,-0.125f,0f,0.7379991308984722f,-0.674801661818567f,0.870506930036127f,-1.2246467991473532e-16f,-0.674801661818567f,-0.7379991308984722f,-0.002726211710333515f,0f,0f,0f,1f],start_interpolation:0}
execute if entity @s[tag=aj.tultaria.bone.lower] run data modify entity @s {} merge value {transformation:[-1f,-5.341834311772723e-18f,1.223481206754078e-16f,0f,0f,0.9990482215818578f,0.043619387365336f,0.9329474438849931f,-1.2246467991473532e-16f,0.043619387365336f,-0.9990482215818578f,0f,0f,0f,0f,1f],start_interpolation:0}