execute if entity @s[tag=aj.tultaria.bone.head] run data modify entity @s {} merge value {transformation:[-1f,-4.6399929865385034e-17f,1.1333421520046771e-16f,0f,0f,0.9254440976726955f,0.3788841803015406f,1.1658784296900098f,-1.2246467991473532e-16f,0.3788841803015406f,-0.9254440976726955f,0f,0f,0f,0f,1f],start_interpolation:0}
execute if entity @s[tag=aj.tultaria.bone.bust] run data modify entity @s {} merge value {transformation:[-1f,0f,1.2246467991473532e-16f,0.49999999999999994f,0f,1f,0f,0.009628429690009765f,-1.2246467991473532e-16f,0f,-1f,0.5000000000000001f,0f,0f,0f,1f],start_interpolation:0}
execute if entity @s[tag=aj.tultaria.bone.left_wing] run data modify entity @s {} merge value {transformation:[-0.9210240284442528f,0f,-0.3895057625097736f,0.0625f,0f,1f,0f,1.0721284296900098f,0.3895057625097736f,0f,-0.9210240284442528f,-0.12499999999999989f,0f,0f,0f,1f],start_interpolation:0}
execute if entity @s[tag=aj.tultaria.bone.right_wing] run data modify entity @s {} merge value {transformation:[-0.9210240284442528f,0f,0.3895057625097738f,-0.062499999999999944f,0f,1f,0f,1.0721284296900098f,-0.3895057625097738f,0f,-0.9210240284442528f,-0.125f,0f,0f,0f,1f],start_interpolation:0}
execute if entity @s[tag=aj.tultaria.bone.body] run data modify entity @s {} merge value {transformation:[-1f,0f,1.2246467991473532e-16f,0.49999999999999994f,0f,1f,0f,0.009628429690009765f,-1.2246467991473532e-16f,0f,-1f,0.5000000000000001f,0f,0f,0f,1f],start_interpolation:0}
execute if entity @s[tag=aj.tultaria.bone.left_hand] run data modify entity @s {} merge value {transformation:[-0.2635776294022545f,-0.8941592743852852f,0.3619475449695272f,0.5749937864414778f,-0.9646350375647312f,0.24336026177989123f,-0.10126710862324506f,1.009234932342734f,0.002465275071283567f,-0.37583902806547775f,-0.9266816861261584f,-0.09398083465088224f,0f,0f,0f,1f],start_interpolation:0}
execute if entity @s[tag=aj.tultaria.bone.left_arm] run data modify entity @s {} merge value {transformation:[-0.2635776294022545f,-0.9646379689019664f,-0.0006497933337021495f,0.21875f,-0.9646350375647312f,0.263578430363125f,-0.002378097937547662f,1.0096284296900098f,0.002465275071283567f,-1.1791723966068263e-16f,-0.9999969612047943f,2.678914873134835e-17f,0f,0f,0f,1f],start_interpolation:0}
execute if entity @s[tag=aj.tultaria.bone.rod] run data modify entity @s {} merge value {transformation:[-0.263578430363125f,0.8884547481083709f,0.37573204762304f,-0.8649542133394769f,0.9646379689019665f,0.2427620677440583f,0.1026653174997183f,0.9302458066597116f,-3.2279048106848455e-17f,0.38950576250977387f,-0.9210240284442528f,0.16302562657886677f,0f,0f,0f,1f],start_interpolation:0}
execute if entity @s[tag=aj.tultaria.bone.sword] run data modify entity @s {} merge value {transformation:[-0.00000263578430363125f,0.000008939150559481735f,-0.000003625496983814567f,-0.8901855563999553f,0.000009646379689019666f,0.0000024425404651341243f,-9.906336211997096e-7f,0.9557471480885245f,-3.2279048106848456e-22f,-0.0000037584017016678474f,-0.000009266845021305808f,0.11958729054149579f,0f,0f,0f,1f],start_interpolation:0}
execute if entity @s[tag=aj.tultaria.bone.right_hand] run data modify entity @s {} merge value {transformation:[-0.263578430363125f,0.8939150559481734f,-0.3625496983814567f,-0.5750547796565939f,0.9646379689019665f,0.24425404651341243f,-0.09906336211997095f,1.009458153837245f,-3.2279048106848455e-17f,-0.3758401701667847f,-0.9266845021305807f,-0.09375000000000007f,0f,0f,0f,1f],start_interpolation:0}
execute if entity @s[tag=aj.tultaria.bone.right_arm] run data modify entity @s {} merge value {transformation:[-0.263578430363125f,0.9646379689019665f,1.2246467991473532e-16f,-0.21875f,0.9646379689019665f,0.263578430363125f,0f,1.0096284296900098f,-3.2279048106848455e-17f,1.1813408009517973e-16f,-1f,-2.678914873134835e-17f,0f,0f,0f,1f],start_interpolation:0}
execute if entity @s[tag=aj.tultaria.bone.skirt] run data modify entity @s {} merge value {transformation:[-1f,-4.537399133066721e-18f,1.2238059419583576e-16f,-7.39635905884864e-18f,0f,0.9993133879992326f,0.03705067564154689f,0.4600718325930267f,-1.2246467991473532e-16f,0.03705067564154689f,-0.9993133879992326f,0.060395855066115986f,0f,0f,0f,1f],start_interpolation:0}
execute if entity @s[tag=aj.tultaria.bone.left_foot] run data modify entity @s {} merge value {transformation:[-1f,-5.0383798630878236e-17f,1.1162020723032947e-16f,0.12499999999999999f,0f,0.9114481604658893f,0.4114149374820348f,0.0051789130945911754f,-1.2246467991473532e-16f,0.4114149374820348f,-0.9114481604658893f,0.1052519874365227f,0f,0f,0f,1f],start_interpolation:0}
execute if entity @s[tag=aj.tultaria.bone.left_leg] run data modify entity @s {} merge value {transformation:[-1f,-4.738527670204023e-18f,1.223729716160284e-16f,0.125f,0f,0.9992511449115713f,0.03869301478192055f,0.44718791584114365f,-1.2246467991473532e-16f,0.03869301478192055f,-0.9992511449115713f,-0.002726211710333485f,0f,0f,0f,1f],start_interpolation:0}
execute if entity @s[tag=aj.tultaria.bone.right_foot] run data modify entity @s {} merge value {transformation:[-1f,-5.2029275463593906e-17f,1.108627634571322e-16f,-0.12500000000000003f,0f,0.9052631626875534f,0.4248512754846436f,0.08081036135440806f,-1.2246467991473532e-16f,0.4248512754846436f,-0.9052631626875534f,0.26708620010261314f,0f,0f,0f,1f],start_interpolation:0}
execute if entity @s[tag=aj.tultaria.bone.right_leg] run data modify entity @s {} merge value {transformation:[-1f,4.2735340278201875e-17f,1.1476623422385556e-16f,-0.125f,0f,0.9371374203873336f,-0.34896053546178274f,0.44718791584114365f,-1.2246467991473532e-16f,-0.34896053546178274f,-0.9371374203873336f,-0.002726211710333515f,0f,0f,0f,1f],start_interpolation:0}
execute if entity @s[tag=aj.tultaria.bone.lower] run data modify entity @s {} merge value {transformation:[-1f,-5.341834311772723e-18f,1.223481206754078e-16f,0f,0f,0.9990482215818578f,0.043619387365336f,0.5096284296900098f,-1.2246467991473532e-16f,0.043619387365336f,-0.9990482215818578f,0f,0f,0f,0f,1f],start_interpolation:0}