execute if entity @s[tag=aj.blazing_inferno.bone.helm] run data modify entity @s {} merge value {transformation:[-1.155038846382679f,0f,0.4203997595044678f,0.29883623873011983f,0f,1.2291666666666665f,0f,0f,-0.4203997595044678f,0f,-1.155038846382679f,0.6408563820557887f,0f,0f,0f,1f],start_interpolation:0}
execute if entity @s[tag=aj.blazing_inferno.bone.head] run data modify entity @s {} merge value {transformation:[-0.9396926207859084f,0f,0.34202014332566877f,0f,0f,1f,0f,1.1875f,-0.34202014332566877f,0f,-0.9396926207859084f,0f,0f,0f,0f,1f],start_interpolation:0}
execute if entity @s[tag=aj.blazing_inferno.bone.body] run data modify entity @s {} merge value {transformation:[-0.9238795325112867f,0f,0.38268343236508984f,0f,0f,1f,0f,0.4375f,-0.38268343236508984f,0f,-0.9238795325112867f,0f,0f,0f,0f,1f],start_interpolation:0}
execute if entity @s[tag=aj.blazing_inferno.bone.left_hand] run data modify entity @s {} merge value {transformation:[-0.7357138765251254f,0.5474252909938876f,0.3988115377827352f,0.3373144681126524f,-0.623167742761177f,-0.3164703060684766f,-0.7151982310932152f,1.032755205631723f,-0.26530559034877504f,-0.7747077488686829f,0.5739693786017734f,0.43381122511480397f,0f,0f,0f,1f],start_interpolation:0}
execute if entity @s[tag=aj.blazing_inferno.bone.left_arm] run data modify entity @s {} merge value {transformation:[-0.7357138765251254f,0.04637083190972052f,0.6757032172754345f,0.2598411185187994f,-0.623167742761177f,0.3444504390829567f,-0.7021508807923678f,1.0625f,-0.26530559034877504f,-0.9376585950992818f,-0.22452016115736514f,0.10762971535268151f,0f,0f,0f,1f],start_interpolation:0}
execute if entity @s[tag=aj.blazing_inferno.bone.right_hand] run data modify entity @s {} merge value {transformation:[-0.6532814824381882f,0.38268343236509f,-0.6532814824381882f,-0.5864818597378936f,0.7071067811865476f,1.570092458683775e-16f,-0.7071067811865475f,0.8857233047033631f,-0.2705980500730985f,-0.9238795325112866f,-0.2705980500730988f,-0.2429287403892308f,0f,0f,0f,1f],start_interpolation:0}
execute if entity @s[tag=aj.blazing_inferno.bone.right_arm] run data modify entity @s {} merge value {transformation:[-0.6532814824381882f,0.6532814824381883f,0.38268343236508984f,-0.2598411185187994f,0.7071067811865476f,0.7071067811865475f,0f,1.0625f,-0.2705980500730985f,0.27059805007309856f,-0.9238795325112867f,-0.10762971535268151f,0f,0f,0f,1f],start_interpolation:0}