execute if entity @s[tag=aj.blazing_inferno.bone.body] run data modify entity @s {} merge value {transformation:[-0.9529793415172189f,0f,0.3030352696327741f,0f,0f,1f,0f,0.71875f,-0.3030352696327741f,0f,-0.9529793415172189f,0f,0f,0f,0f,1f],start_interpolation:0}
execute if entity @s[tag=aj.blazing_inferno.bone.left_hand] run data modify entity @s {} merge value {transformation:[-0.8265239198893616f,0.2770398724568132f,0.4900072641500706f,0.6115950707749649f,-0.5127620815030133f,-0.011409818983932951f,-0.8584549282306271f,1.2763902662351554f,-0.23223534964217113f,-0.9607906770467055f,0.15148602997211308f,0.6141211617592357f,0f,0f,0f,1f],start_interpolation:0}
execute if entity @s[tag=aj.blazing_inferno.bone.left_arm] run data modify entity @s {} merge value {transformation:[-0.8265239198893616f,-0.10274574323413235f,0.5534451391944735f,0.4020381597025767f,-0.5127620815030133f,0.5430637629113592f,-0.6649487177108113f,1.46875f,-0.23223534964217113f,-0.8333817022588274f,-0.5015393112376714f,0.12784300437632656f,0f,0f,0f,1f],start_interpolation:0}
execute if entity @s[tag=aj.blazing_inferno.bone.right_hand] run data modify entity @s {} merge value {transformation:[-0.7558467917259734f,0.4675574223001554f,-0.4583510491856512f,-0.852097433278248f,0.6090383244736256f,0.24509398432000212f,-0.7543217206023602f,1.1615886389541639f,-0.24034963440769305f,-0.8493050074632675f,-0.4700138907925037f,-0.27095611016684673f,0f,0f,0f,1f],start_interpolation:0}
execute if entity @s[tag=aj.blazing_inferno.bone.right_arm] run data modify entity @s {} merge value {transformation:[-0.7558467917259734f,0.580400941415626f,0.3030352696327741f,-0.4020381597025767f,0.6090383244736256f,0.7931407941357944f,0f,1.46875f,-0.24034963440769305f,0.1845600928735581f,-0.9529793415172189f,-0.12784300437632656f,0f,0f,0f,1f],start_interpolation:0}
execute if entity @s[tag=aj.blazing_inferno.bone.head] run data modify entity @s {} merge value {transformation:[-0.9772092071756103f,0f,0.21227850906583898f,0f,0f,1f,0f,1.59375f,-0.21227850906583898f,0f,-0.9772092071756103f,0f,0f,0f,0f,1f],start_interpolation:0}