execute if entity @s[tag=aj.blazing_inferno.bone.right_hand] run data modify entity @s {} merge value {transformation:[-0.41539289468989554f,0.7071067811865478f,-0.5722313719477017f,-0.6801947574146466f,0.8092573670238031f,1.3044105026868574e-16f,-0.5874542653838692f,1.3084006778317825f,-0.41539289468989576f,-0.7071067811865472f,-0.5722313719477021f,-0.680194757414647f,0f,0f,0f,1f],start_interpolation:0}
execute if entity @s[tag=aj.blazing_inferno.bone.right_arm] run data modify entity @s {} merge value {transformation:[-0.41539289468989554f,0.5722313719477018f,0.7071067811865477f,-0.29831067331307465f,0.8092573670238031f,0.5874542653838692f,0f,1.46875f,-0.41539289468989576f,0.572231371947702f,-0.7071067811865474f,-0.2983106733130748f,0f,0f,0f,1f],start_interpolation:0}
execute if entity @s[tag=aj.blazing_inferno.bone.head] run data modify entity @s {} merge value {transformation:[-0.8347635060165043f,0f,0.5506086532402427f,0f,0f,1f,0f,1.59375f,-0.5506086532402427f,0f,-0.8347635060165043f,0f,0f,0f,0f,1f],start_interpolation:0}