execute if entity @s[tag=aj.blazing_inferno.bone.body] run data modify entity @s {} merge value {transformation:[-0.8664086442135938f,-0.03898227340998748f,0.4978116547367601f,0.004872784176248435f,-3.469446951953614e-18f,0.9969480144542682f,0.07806828085523856f,0.6555195665480942f,-0.49933561983095326f,0.0676390333718733f,-0.8637643775547567f,-0.008454879171484162f,0f,0f,0f,1f],start_interpolation:0}
execute if entity @s[tag=aj.blazing_inferno.bone.left_hand] run data modify entity @s {} merge value {transformation:[-0.8018049827403015f,0.5735350924444637f,0.16782808879190977f,0.443514709847177f,-0.3434880036449817f,-0.21250932697690605f,-0.9147982167121924f,1.0749060266309887f,-0.48900384559306864f,-0.7911367035364638f,0.36739346117296023f,0.699146495645653f,0f,0f,0f,1f],start_interpolation:0}
execute if entity @s[tag=aj.blazing_inferno.bone.left_arm] run data modify entity @s {} merge value {transformation:[-0.8018049827403015f,0.09030767117740651f,0.590722688051964f,0.3411522258963677f,-0.3434880036449817f,0.7392537438893945f,-0.5792407906022319f,1.4032305773887954f,-0.48900384559306864f,-0.6673443089380676f,-0.5617177336733843f,0.25293161047360424f,0f,0f,0f,1f],start_interpolation:0}
execute if entity @s[tag=aj.blazing_inferno.bone.right_hand] run data modify entity @s {} merge value {transformation:[-0.5288839915265983f,-0.023498385528034627f,-0.848368757902169f,-0.851074034693843f,0.816652004090065f,-0.2861698141624184f,-0.5011849376008096f,1.4254494260285402f,-0.23100049290547758f,-0.9578907366395306f,0.17054063720299506f,0.15440079302419601f,0f,0f,0f,1f],start_interpolation:0}
execute if entity @s[tag=aj.blazing_inferno.bone.right_arm] run data modify entity @s {} merge value {transformation:[-0.5288839915265983f,0.6814648821153013f,-0.5058530794118701f,-0.389880067658852f,0.816652004090065f,0.24640640400403285f,-0.5218844587468398f,1.4032305773887954f,-0.23100049290547758f,-0.6891222667345612f,-0.686840064183829f,-0.1683828187587626f,0f,0f,0f,1f],start_interpolation:0}
execute if entity @s[tag=aj.blazing_inferno.bone.head] run data modify entity @s {} merge value {transformation:[-0.9445241447654751f,-0.0803126377759818f,0.3184713804543692f,-0.02923670505749061f,-0.015383664784217951f,0.9793963250720993f,0.20136082363030197f,1.5278490791955788f,-0.3280815185481415f,0.18529090276840549f,-0.9262989790226559f,0.05072927502890497f,0f,0f,0f,1f],start_interpolation:0}
execute if entity @s[tag=aj.blazing_inferno.bone.bottom] run data modify entity @s {} merge value {transformation:[-0.9485364419471455f,0.0507971184923515f,0.3125672264507645f,0f,0f,0.9870502626379128f,-0.16041128085776024f,0.7801380683548778f,-0.3166679938014726f,-0.15215594559300416f,-0.9362531441455614f,0f,0f,0f,0f,1f],start_interpolation:0}