execute if entity @s[tag=aj.blazing_inferno.bone.body] run data modify entity @s {} merge value {transformation:[-0.9200179821116066f,0.004308014973214947f,-0.39185246407069857f,-0.0005385018716518683f,0f,0.9999395717688896f,0.010993307539118364f,0.59143412281261f,0.39187614445292224f,0.010114040618871988f,-0.9199623870523578f,-0.0012642550773589985f,0f,0f,0f,1f],start_interpolation:0}
execute if entity @s[tag=aj.blazing_inferno.bone.left_hand] run data modify entity @s {} merge value {transformation:[-0.8421297023986084f,-0.5351195537616197f,0.0668178682688706f,0.7651483104468573f,-0.36606059795467144f,0.4762490762283109f,-0.7994913733222822f,0.9250037102825721f,0.3960015188898896f,-0.6977348210987072f,-0.5969496766589751f,-0.221358501477939f,0f,0f,0f,1f],start_interpolation:0}
execute if entity @s[tag=aj.blazing_inferno.bone.left_arm] run data modify entity @s {} merge value {transformation:[-0.8421297023986084f,-0.4073861565845173f,-0.35334697361280215f,0.39082509556159334f,-0.36606059795467144f,0.9129815594789761f,-0.18017855220975976f,1.3413888016392772f,0.3960015188898896f,-0.02238730610484116f,-0.9179769090572313f,-0.15900147305428156f,0f,0f,0f,1f],start_interpolation:0}
execute if entity @s[tag=aj.blazing_inferno.bone.right_hand] run data modify entity @s {} merge value {transformation:[-0.5241717162863192f,-0.77116537871612f,-0.3613142268373576f,-0.40597330372109564f,0.8191025443799448f,-0.3404285339831461f,-0.4617135855055451f,1.3977773626009462f,0.2330558594752658f,-0.5379706050703039f,0.810106532774879f,0.7318060800997418f,0f,0f,0f,1f],start_interpolation:0}
execute if entity @s[tag=aj.blazing_inferno.bone.right_arm] run data modify entity @s {} merge value {transformation:[-0.5241717162863192f,-0.14635100221677919f,-0.8389430230925093f,-0.3854400768450747f,0.8191025443799448f,0.1829518420886034f,-0.5436907625357332f,1.3413888016392772f,0.2330558594752658f,-0.9721676849322501f,0.023978297222991996f,0.17164402382787156f,0f,0f,0f,1f],start_interpolation:0}
execute if entity @s[tag=aj.blazing_inferno.bone.head] run data modify entity @s {} merge value {transformation:[-0.9542238628256666f,0.10796823804268196f,-0.2789259385357017f,0.00323101122991121f,0.04208990519716366f,0.9717655178604793f,0.23216420520366224f,1.4663812481103884f,0.29611696927828546f,0.20979665838929173f,-0.9318262191171323f,0.007585530464153991f,0f,0f,0f,1f],start_interpolation:0}
execute if entity @s[tag=aj.blazing_inferno.bone.bottom] run data modify entity @s {} merge value {transformation:[-0.977016965001817f,0.022850598450141216f,0.21193324479446024f,0f,-1.734723475976807e-18f,0.9942376388474279f,-0.1071984957874478f,0.7164265692837212f,-0.21316155867941622f,-0.10473474900701232f,-0.9713870403972867f,0f,0f,0f,0f,1f],start_interpolation:0}