execute if entity @s[tag=aj.blazing_inferno.bone.helm] run data modify entity @s {} merge value {transformation:[-1.102406078133929f,0f,0.5436465150608558f,0.22729202565684342f,0f,1.2291666666666665f,0f,0f,-0.5436465150608558f,0f,-1.102406078133929f,0.6695807158758449f,0f,0f,0f,1f],start_interpolation:0}
execute if entity @s[tag=aj.blazing_inferno.bone.head] run data modify entity @s {} merge value {transformation:[-0.8968727415326883f,0f,0.4422886902190014f,0f,0f,1f,0f,1.1875f,-0.4422886902190014f,0f,-0.8968727415326883f,0f,0f,0f,0f,1f],start_interpolation:0}
execute if entity @s[tag=aj.blazing_inferno.bone.body] run data modify entity @s {} merge value {transformation:[-0.7071067811865474f,0f,0.7071067811865477f,0f,0f,1f,0f,0.4375f,-0.7071067811865477f,0f,-0.7071067811865474f,0f,0f,0f,0f,1f],start_interpolation:0}
execute if entity @s[tag=aj.blazing_inferno.bone.left_hand] run data modify entity @s {} merge value {transformation:[-0.5781829383657836f,0.8022228423451876f,0.14880524521103633f,0.14562556448377273f,-0.623167742761177f,-0.3164703060684766f,-0.7151982310932152f,1.032755205631723f,-0.5266559162913181f,-0.506246043536671f,0.6828971293238969f,0.5298739703009681f,0f,0f,0f,1f],start_interpolation:0}
execute if entity @s[tag=aj.blazing_inferno.bone.left_arm] run data modify entity @s {} merge value {transformation:[-0.5781829383657836f,0.4016674720661333f,0.7101885183996643f,0.19887378220871643f,-0.623167742761177f,0.3444504390829567f,-0.7021508807923678f,1.0625f,-0.5266559162913181f,-0.8485382353786778f,0.051150844917672134f,0.19887378220871654f,0f,0f,0f,1f],start_interpolation:0}
execute if entity @s[tag=aj.blazing_inferno.bone.right_hand] run data modify entity @s {} merge value {transformation:[-0.4273932457487992f,0.7071067811865478f,-0.5633249626000131f,-0.46354479890232125f,0.7966618021322555f,1.3420938240851425e-16f,-0.6044253246046092f,0.9354232285398034f,-0.42739324574879944f,-0.7071067811865472f,-0.5633249626000136f,-0.46354479890232153f,0f,0f,0f,1f],start_interpolation:0}
execute if entity @s[tag=aj.blazing_inferno.bone.right_arm] run data modify entity @s {} merge value {transformation:[-0.4273932457487992f,0.5633249626000132f,0.7071067811865477f,-0.19887378220871643f,0.7966618021322555f,0.6044253246046092f,0f,1.0625f,-0.42739324574879944f,0.5633249626000135f,-0.7071067811865474f,-0.19887378220871654f,0f,0f,0f,1f],start_interpolation:0}