execute if entity @s[tag=aj.blazing_inferno.bone.body] run data modify entity @s {} merge value {transformation:[-0.8660254037844386f,-0.1094122533049323f,0.48788211570699885f,0.013676531663116538f,0f,0.9757642314139975f,0.2188245066098646f,0.7481669165625495f,-0.5f,0.18950758169473855f,-0.8450366125087195f,-0.02368844771184232f,0f,0f,0f,1f],start_interpolation:0}
execute if entity @s[tag=aj.blazing_inferno.bone.left_hand] run data modify entity @s {} merge value {transformation:[-0.5661339972566788f,0.005879402009304258f,0.8242922599310196f,0.651105933753364f,0.04726937239079089f,0.998560639029016f,0.025342782320486423f,1.0437515384216456f,-0.8229568054180945f,0.053311188450228836f,-0.5655970417196934f,0.28854151959659496f,0f,0f,0f,1f],start_interpolation:0}
execute if entity @s[tag=aj.blazing_inferno.bone.left_arm] run data modify entity @s {} merge value {transformation:[-0.5661339972566788f,-0.46679341244566486f,0.6794087188486075f,0.2969718089059773f,0.04726937239079089f,0.8044716129470659f,0.5921072794655768f,1.4799900901230476f,-0.8229568054180945f,0.36732728466542935f,-0.433373698274788f,0.3293797385592116f,0f,0f,0f,1f],start_interpolation:0}
execute if entity @s[tag=aj.blazing_inferno.bone.right_hand] run data modify entity @s {} merge value {transformation:[-0.5863570358571545f,0.6375603209289021f,0.4997021749781033f,-0.8872119829707186f,0.7992992649068528f,0.5555527077871152f,0.2290892271359981f,1.3325311616760391f,-0.13155269522201496f,0.5337396613026236f,-0.8353537348527174f,-0.3924939790994777f,0f,0f,0f,1f],start_interpolation:0}
execute if entity @s[tag=aj.blazing_inferno.bone.right_arm] run data modify entity @s {} merge value {transformation:[-0.5863570358571545f,0.6466501895724414f,0.48788211570699885f,-0.4337371255371427f,0.7992992649068528f,0.5596753705732583f,0.2188245066098646f,1.4799900901230476f,-0.13155269522201496f,0.5182731055144687f,-0.8450366125087195f,-0.0924952614407884f,0f,0f,0f,1f],start_interpolation:0}
execute if entity @s[tag=aj.blazing_inferno.bone.head] run data modify entity @s {} merge value {transformation:[-0.9377185619536482f,-0.2341786936040785f,0.25660132117639056f,-0.08205918997869922f,-0.09532865574776415f,0.8837459873061623f,0.45815442518170724f,1.6019606190497973f,-0.3340603926850746f,0.4051584497232453f,-0.8510289564150859f,0.1421306862710539f,0f,0f,0f,1f],start_interpolation:0}
execute if entity @s[tag=aj.blazing_inferno.bone.bottom] run data modify entity @s {} merge value {transformation:[-0.9996395276708854f,0.00036043984257568364f,0.026845573211406428f,0f,0f,0.999909877856721f,-0.013425206313397471f,0.8701374454892992f,-0.02684799281006121f,-0.013420366898008839f,-0.9995494380141453f,0f,0f,0f,0f,1f],start_interpolation:0}