execute if entity @s[tag=aj.blazing_inferno.bone.helm] run data modify entity @s {} merge value {transformation:[-1.1796401766251026f,0f,0.3453979561843712f,0.33935276763690775f,0f,1.2291666666666665f,0f,0f,-0.3453979561843712f,0f,-1.1796401766251026f,0.6203544947021589f,0f,0f,0f,1f],start_interpolation:0}
execute if entity @s[tag=aj.blazing_inferno.bone.head] run data modify entity @s {} merge value {transformation:[-0.9597072623390667f,0f,0.2810017270652512f,0f,0f,1f,0f,1.1875f,-0.2810017270652512f,0f,-0.9597072623390667f,0f,0f,0f,0f,1f],start_interpolation:0}
execute if entity @s[tag=aj.blazing_inferno.bone.body] run data modify entity @s {} merge value {transformation:[-0.9529793415172189f,0f,0.3030352696327741f,0f,0f,1f,0f,0.4375f,-0.3030352696327741f,0f,-0.9529793415172189f,0f,0f,0f,0f,1f],start_interpolation:0}
execute if entity @s[tag=aj.blazing_inferno.bone.left_hand] run data modify entity @s {} merge value {transformation:[-0.8265239198893616f,0.2770398724568132f,0.4900072641500706f,0.40344897454855433f,-0.5127620815030133f,-0.011409818983932951f,-0.8584549282306271f,0.9568878342780769f,-0.23223534964217113f,-0.9607906770467055f,0.15148602997211308f,0.37468987024537265f,0f,0f,0f,1f],start_interpolation:0}
execute if entity @s[tag=aj.blazing_inferno.bone.left_arm] run data modify entity @s {} merge value {transformation:[-0.8265239198893616f,-0.10274574323413235f,0.5534451391944735f,0.2680254398017178f,-0.5127620815030133f,0.5430637629113592f,-0.6649487177108113f,1.0625f,-0.23223534964217113f,-0.8333817022588274f,-0.5015393112376714f,0.08522866958421772f,0f,0f,0f,1f],start_interpolation:0}
execute if entity @s[tag=aj.blazing_inferno.bone.right_hand] run data modify entity @s {} merge value {transformation:[-0.7558467917259734f,0.4675574223001554f,-0.4583510491856512f,-0.5801566417983242f,0.6090383244736256f,0.24509398432000212f,-0.7543217206023602f,0.8412019927582803f,-0.24034963440769305f,-0.8493050074632675f,-0.4700138907925037f,-0.18448240871276364f,0f,0f,0f,1f],start_interpolation:0}
execute if entity @s[tag=aj.blazing_inferno.bone.right_arm] run data modify entity @s {} merge value {transformation:[-0.7558467917259734f,0.580400941415626f,0.3030352696327741f,-0.2680254398017178f,0.6090383244736256f,0.7931407941357944f,0f,1.0625f,-0.24034963440769305f,0.1845600928735581f,-0.9529793415172189f,-0.08522866958421772f,0f,0f,0f,1f],start_interpolation:0}