execute if entity @s[tag=aj.blazing_inferno.bone.body] run data modify entity @s {} merge value {transformation:[-0.9917160601105629f,0f,0.12844943020030297f,0f,0f,1f,0f,0.71875f,-0.12844943020030297f,0f,-0.9917160601105629f,0f,0f,0f,0f,1f],start_interpolation:0}
execute if entity @s[tag=aj.blazing_inferno.bone.left_hand] run data modify entity @s {} merge value {transformation:[-0.9577358398523844f,-0.1061775838424713f,0.26733570983245536f,0.699535193049729f,-0.2660539429625792f,0.6802843610221625f,-0.6829556995755528f,1.0549373766235326f,-0.10934971648940123f,-0.7252168702105897f,-0.6797816786775329f,0.31321431714480064f,0f,0f,0f,1f],start_interpolation:0}
execute if entity @s[tag=aj.blazing_inferno.bone.left_arm] run data modify entity @s {} merge value {transformation:[-0.9577358398523844f,-0.19120848982261313f,0.21489852135834586f,0.41838021285914373f,-0.2660539429625792f,0.8728428003424958f,-0.40909747655581385f,1.46875f,-0.10934971648940123f,-0.44898191423488953f,-0.8868246050903539f,0.05418960336575282f,0f,0f,0f,1f],start_interpolation:0}
execute if entity @s[tag=aj.blazing_inferno.bone.right_hand] run data modify entity @s {} merge value {transformation:[-0.951171364751896f,0.3025647852366432f,-0.06105395655254092f,-0.7458290113437547f,0.28301111548022023f,0.7759416526554036f,-0.5637546099049144f,1.012283874860499f,-0.12319798452351821f,-0.5535061900368459f,-0.8236826780989377f,-0.09660155299217403f,0f,0f,0f,1f],start_interpolation:0}
execute if entity @s[tag=aj.blazing_inferno.bone.right_arm] run data modify entity @s {} merge value {transformation:[-0.951171364751896f,0.28066666841153953f,0.12844943020030297f,-0.41838021285914373f,0.28301111548022023f,0.959116629255609f,0f,1.46875f,-0.12319798452351821f,0.036352616523786435f,-0.9917160601105629f,-0.05418960336575282f,0f,0f,0f,1f],start_interpolation:0}
execute if entity @s[tag=aj.blazing_inferno.bone.head] run data modify entity @s {} merge value {transformation:[-0.9958806655911756f,0f,0.09067358987972718f,0f,0f,1f,0f,1.59375f,-0.09067358987972718f,0f,-0.9958806655911756f,0f,0f,0f,0f,1f],start_interpolation:0}