execute if entity @s[tag=aj.blazing_inferno.bone.right_hand] run data modify entity @s {} merge value {transformation:[-0.40557978767263886f,0.7071067811865478f,-0.5792279653395689f,-0.6820717400883405f,0.8191520442889917f,1.2735955320387544e-16f,-0.5735764363510463f,1.3176285264926926f,-0.4055797876726391f,-0.7071067811865472f,-0.5792279653395693f,-0.6820717400883408f,0f,0f,0f,1f],start_interpolation:0}
execute if entity @s[tag=aj.blazing_inferno.bone.right_arm] run data modify entity @s {} merge value {transformation:[-0.40557978767263886f,0.579227965339569f,0.7071067811865477f,-0.29831067331307465f,0.8191520442889917f,0.5735764363510463f,0f,1.46875f,-0.4055797876726391f,0.5792279653395692f,-0.7071067811865474f,-0.2983106733130748f,0f,0f,0f,1f],start_interpolation:0}
execute if entity @s[tag=aj.blazing_inferno.bone.head] run data modify entity @s {} merge value {transformation:[-0.8433914458128856f,0f,0.5372996083468241f,0f,0f,1f,0f,1.59375f,-0.5372996083468241f,0f,-0.8433914458128856f,0f,0f,0f,0f,1f],start_interpolation:0}