execute if entity @s[tag=aj.blazing_inferno.bone.body] run data modify entity @s {} merge value {transformation:[-0.8175848131515836f,0f,0.5758081914178454f,0f,0f,1f,0f,0.71875f,-0.5758081914178454f,0f,-0.8175848131515836f,0f,0f,0f,0f,1f],start_interpolation:0}
execute if entity @s[tag=aj.blazing_inferno.bone.left_hand] run data modify entity @s {} merge value {transformation:[-0.6597088125585007f,0.7038634509959627f,0.26336386423483926f,0.33543690888955713f,-0.623167742761177f,-0.3164703060684766f,-0.7151982310932152f,1.4026046560049f,-0.42005505236170226f,-0.6359424405785311f,0.6474032477957065f,0.8023095558550111f,0f,0f,0f,1f],start_interpolation:0}
execute if entity @s[tag=aj.blazing_inferno.bone.left_arm] run data modify entity @s {} merge value {transformation:[-0.6597088125585007f,0.25068628049597386f,0.708477714119327f,0.34491859304832434f,-0.623167742761177f,0.3444504390829567f,-0.7021508807923678f,1.46875f,-0.42005505236170226f,-0.9047155817087779f,-0.07101738659480022f,0.24291908075440355f,0f,0f,0f,1f],start_interpolation:0}
execute if entity @s[tag=aj.blazing_inferno.bone.right_hand] run data modify entity @s {} merge value {transformation:[-0.5233953566317512f,0.5758081914178456f,-0.6280941230042131f,-0.7767302252627659f,0.7682311521700954f,1.4214686147961254e-16f,-0.6401725523914685f,1.2727016725739253f,-0.3686165995878774f,-0.8175848131515835f,-0.4423537903219104f,-0.5470351442856454f,0f,0f,0f,1f],start_interpolation:0}
execute if entity @s[tag=aj.blazing_inferno.bone.right_arm] run data modify entity @s {} merge value {transformation:[-0.5233953566317512f,0.6280941230042132f,0.5758081914178454f,-0.34491859304832434f,0.7682311521700954f,0.6401725523914685f,0f,1.46875f,-0.3686165995878774f,0.44235379032191025f,-0.8175848131515836f,-0.24291908075440355f,0f,0f,0f,1f],start_interpolation:0}
execute if entity @s[tag=aj.blazing_inferno.bone.head] run data modify entity @s {} merge value {transformation:[-0.8960223146182676f,0f,0.44400902209991455f,0f,0f,1f,0f,1.59375f,-0.44400902209991455f,0f,-0.8960223146182676f,0f,0f,0f,0f,1f],start_interpolation:0}