execute if entity @s[tag=aj.blazing_inferno.bone.body] run data modify entity @s {} merge value {transformation:[-0.738715026857431f,-0.0035038597544412658f,-0.6740087774367974f,0.0004379824693051582f,2.168404344971009e-19f,0.9999864878789616f,-0.005198467033602865f,0.606885984030822f,0.6740178848480395f,-0.0038401857143454104f,-0.7387050452505751f,0.0004800232142931763f,0f,0f,0f,1f],start_interpolation:0}
execute if entity @s[tag=aj.blazing_inferno.bone.left_hand] run data modify entity @s {} merge value {transformation:[-0.6714933538328973f,-0.6203777968268148f,-0.4052506199409875f,0.5485293451101224f,-0.35742039057989805f,0.7502273959229984f,-0.5562459157641608f,0.9287053158033004f,0.6491127330101918f,-0.228670600670274f,-0.7255083846745918f,-0.5640535890421643f,0f,0f,0f,1f],start_interpolation:0}
execute if entity @s[tag=aj.blazing_inferno.bone.left_arm] run data modify entity @s {} merge value {transformation:[-0.6714933538328973f,-0.2130237207670611f,-0.7097306321054522f,0.3094554896089529f,-0.35742039057989805f,0.9321164374032447f,0.058391878890786966f,1.3568758499400433f,0.6491127330101918f,0.29288195832662745f,-0.7020490141940227f,-0.28675141124173253f,0f,0f,0f,1f],start_interpolation:0}
execute if entity @s[tag=aj.blazing_inferno.bone.right_hand] run data modify entity @s {} merge value {transformation:[-0.4265797264646051f,-0.824172328771559f,-0.37251806594667025f,-0.2241548735166201f,0.8191409758074204f,-0.1774332964572248f,-0.5454589691824582f,1.3722157632104717f,0.383455080449653f,-0.537826549916967f,0.750802772691845f,0.837923227048511f,0f,0f,0f,1f],start_interpolation:0}
execute if entity @s[tag=aj.blazing_inferno.bone.right_arm] run data modify entity @s {} merge value {transformation:[-0.4265797264646051f,-0.31936779199529f,-0.8461878930860662f,-0.31383531430200445f,0.8191409758074204f,0.2602334488347536f,-0.5111620231011269f,1.3568758499400433f,0.383455080449653f,-0.9111985324525181f,0.15059693135561297f,0.28195117909880074f,0f,0f,0f,1f],start_interpolation:0}
execute if entity @s[tag=aj.blazing_inferno.bone.head] run data modify entity @s {} merge value {transformation:[-0.8406854726050711f,0.17097378076054545f,-0.5138247779576547f,-0.002627894815830949f,0.043992082564915415f,0.967276499474887f,0.24988171248654972f,1.4818741609249133f,0.5397338536930864f,0.1874677035013071f,-0.8206967937804777f,-0.002880139285759058f,0f,0f,0f,1f],start_interpolation:0}
execute if entity @s[tag=aj.blazing_inferno.bone.bottom] run data modify entity @s {} merge value {transformation:[-0.9870502626379128f,0.012907745354078987f,0.15989111650214194f,0f,-8.673617379884035e-19f,0.99675730813421f,-0.08046656871672589f,0.7318842950156922f,-0.16041128085776035f,-0.07942454778541594f,-0.983849562780131f,0f,0f,0f,0f,1f],start_interpolation:0}