execute if entity @s[tag=aj.blazing_inferno.bone.helm] run data modify entity @s {} merge value {transformation:[-1.0808518387655544f,0f,0.585328964840767f,0.20156862668126946f,0f,1.2291666666666665f,0f,0f,-0.585328964840767f,0f,-1.0808518387655544f,0.6777684624839275f,0f,0f,0f,1f],start_interpolation:0}
execute if entity @s[tag=aj.blazing_inferno.bone.head] run data modify entity @s {} merge value {transformation:[-0.8793370891651969f,0f,0.476199835802658f,0f,0f,1f,0f,1.1875f,-0.476199835802658f,0f,-0.8793370891651969f,0f,0f,0f,0f,1f],start_interpolation:0}
execute if entity @s[tag=aj.blazing_inferno.bone.right_hand] run data modify entity @s {} merge value {transformation:[-0.41539289468989554f,0.7071067811865478f,-0.5722313719477017f,-0.46538465852534155f,0.8092573670238031f,1.3044105026868574e-16f,-0.5874542653838692f,0.9433618213590245f,-0.41539289468989576f,-0.7071067811865472f,-0.5722313719477021f,-0.4653846585253418f,0f,0f,0f,1f],start_interpolation:0}
execute if entity @s[tag=aj.blazing_inferno.bone.right_arm] run data modify entity @s {} merge value {transformation:[-0.41539289468989554f,0.5722313719477018f,0.7071067811865477f,-0.19887378220871643f,0.8092573670238031f,0.5874542653838692f,0f,1.0625f,-0.41539289468989576f,0.572231371947702f,-0.7071067811865474f,-0.19887378220871654f,0f,0f,0f,1f],start_interpolation:0}