execute if entity @s[tag=aj.blazing_inferno.bone.body] run data modify entity @s {} merge value {transformation:[-0.7071067811865476f,0f,-0.7071067811865475f,0f,0f,1f,0f,0.6237744817110737f,0.7071067811865475f,0f,-0.7071067811865476f,0f,0f,0f,0f,1f],start_interpolation:0}
execute if entity @s[tag=aj.blazing_inferno.bone.left_hand] run data modify entity @s {} merge value {transformation:[-0.6644630243886748f,-0.5410245000381467f,-0.5155398913553915f,0.4841945993330312f,-0.34202014332566866f,0.8335175344947353f,-0.4339017645150879f,0.9462757013105274f,0.6644630243886747f,-0.1119866512058072f,-0.7388828588971086f,-0.6146566410500648f,0f,0f,0f,1f],start_interpolation:0}
execute if entity @s[tag=aj.blazing_inferno.bone.left_arm] run data modify entity @s {} merge value {transformation:[-0.6644630243886748f,-0.11538279331215048f,-0.7383601426321311f,0.29831067331307476f,-0.34202014332566866f,0.9254165783983234f,0.16317591116653482f,1.3737744817110737f,0.6644630243886747f,0.36095840125009615f,-0.6543683380079068f,-0.2983106733130747f,0f,0f,0f,1f],start_interpolation:0}
execute if entity @s[tag=aj.blazing_inferno.bone.right_hand] run data modify entity @s {} merge value {transformation:[-0.4055797876726389f,-0.20837388289500103f,-0.8899917756691224f,-0.4477889051931058f,0.8191520442889918f,0.34917121103879234f,-0.45504878169144547f,1.26515435579296f,0.40557978767263886f,-0.9135971706988609f,0.029073106515363545f,0.8305143363402591f,0f,0f,0f,1f],start_interpolation:0}
execute if entity @s[tag=aj.blazing_inferno.bone.right_arm] run data modify entity @s {} merge value {transformation:[-0.4055797876726389f,0.13822498200736238f,-0.9035479457009912f,-0.29831067331307476f,0.8191520442889918f,0.49357389971256405f,-0.292189551250036f,1.3737744817110737f,0.40557978767263886f,-0.8586493229902392f,-0.3134108740293181f,0.2983106733130747f,0f,0f,0f,1f],start_interpolation:0}
execute if entity @s[tag=aj.blazing_inferno.bone.head] run data modify entity @s {} merge value {transformation:[-0.7990424804780176f,0.18685638208903008f,-0.5715031118586626f,0f,0.03439388290868935f,0.9631338826496023f,0.2668148888476156f,1.4987744817110737f,0.6002900758883158f,0.19354021950204692f,-0.7760116031510736f,0f,0f,0f,0f,1f],start_interpolation:0}
execute if entity @s[tag=aj.blazing_inferno.bone.bottom] run data modify entity @s {} merge value {transformation:[-0.9910011792459085f,0.008978553236678727f,0.13355166908352348f,0f,0f,0.9977477585156251f,-0.06707764439100235f,0.7487744817110737f,-0.1338531386752617f,-0.06647402469252102f,-0.9887692052789464f,0f,0f,0f,0f,1f],start_interpolation:0}