execute if entity @s[tag=aj.tultaria.bone.left_hand] run data modify entity @s {} merge value {transformation:[-0.9723699203976766f,-0.23344536385590542f,1.2246467991473532e-16f,0.3901565238627497f,-0.23344536385590542f,0.9723699203976766f,0f,0.6876333427247898f,-1.1908097106021811e-16f,-2.8588811762192377e-17f,-1f,-0.09374999999999994f,0f,0f,0f,1f],start_interpolation:0}
execute if entity @s[tag=aj.tultaria.bone.left_arm] run data modify entity @s {} merge value {transformation:[-0.9723699203976766f,-0.23344536385590542f,1.2246467991473532e-16f,0.21875f,-0.23344536385590542f,0.9723699203976766f,0f,1f,-1.1908097106021811e-16f,-2.8588811762192377e-17f,-1f,2.678914873134835e-17f,0f,0f,0f,1f],start_interpolation:0}
execute if entity @s[tag=aj.tultaria.bone.rod] run data modify entity @s {} merge value {transformation:[-0.9723699203976766f,0.16507079981907158f,0.16507079981907177f,-0.47769853530871426f,0.23344536385590542f,0.6875693645350205f,0.6875693645350206f,0.32299462257566114f,-1.1908097106021811e-16f,0.7071067811865476f,-0.7071067811865475f,0.031249999999999944f,0f,0f,0f,1f],start_interpolation:0}
execute if entity @s[tag=aj.tultaria.bone.right_hand] run data modify entity @s {} merge value {transformation:[-0.9723699203976766f,0.23344536385590542f,1.2246467991473532e-16f,-0.3901565238627497f,0.23344536385590542f,0.9723699203976766f,0f,0.6876333427247898f,-1.1908097106021811e-16f,2.8588811762192377e-17f,-1f,-0.09375000000000006f,0f,0f,0f,1f],start_interpolation:0}
execute if entity @s[tag=aj.tultaria.bone.right_arm] run data modify entity @s {} merge value {transformation:[-0.9723699203976766f,0.23344536385590542f,1.2246467991473532e-16f,-0.21875f,0.23344536385590542f,0.9723699203976766f,0f,1f,-1.1908097106021811e-16f,2.8588811762192377e-17f,-1f,-2.678914873134835e-17f,0f,0f,0f,1f],start_interpolation:0}