execute if entity @s[tag=aj.tultaria.bone.left_hand] run data modify entity @s {} merge value {transformation:[-0.9510565162951536f,-0.3090169943749474f,1.2246467991473532e-16f,0.4141361402190588f,-0.3090169943749474f,0.9510565162951536f,0f,0.7020446657461923f,-1.1647083184890926e-16f,-3.78436673043415e-17f,-1f,-0.09374999999999994f,0f,0f,0f,1f],start_interpolation:0}
execute if entity @s[tag=aj.tultaria.bone.left_arm] run data modify entity @s {} merge value {transformation:[-0.9510565162951536f,-0.3090169943749474f,1.2246467991473532e-16f,0.21875f,-0.3090169943749474f,0.9510565162951536f,0f,1f,-1.1647083184890926e-16f,-3.78436673043415e-17f,-1f,2.678914873134835e-17f,0f,0f,0f,1f],start_interpolation:0}
execute if entity @s[tag=aj.tultaria.bone.rod] run data modify entity @s {} merge value {transformation:[-0.9510565162951536f,0.2185080122244104f,0.2185080122244106f,-0.5300175131096642f,0.3090169943749474f,0.6724985119639573f,0.6724985119639574f,0.34539847213550967f,-1.1647083184890926e-16f,0.7071067811865476f,-0.7071067811865475f,0.031249999999999944f,0f,0f,0f,1f],start_interpolation:0}
execute if entity @s[tag=aj.tultaria.bone.right_hand] run data modify entity @s {} merge value {transformation:[-0.9510565162951536f,0.3090169943749474f,1.2246467991473532e-16f,-0.4141361402190588f,0.3090169943749474f,0.9510565162951536f,0f,0.7020446657461923f,-1.1647083184890926e-16f,3.78436673043415e-17f,-1f,-0.09375000000000006f,0f,0f,0f,1f],start_interpolation:0}
execute if entity @s[tag=aj.tultaria.bone.right_arm] run data modify entity @s {} merge value {transformation:[-0.9510565162951536f,0.3090169943749474f,1.2246467991473532e-16f,-0.21875f,0.3090169943749474f,0.9510565162951536f,0f,1f,-1.1647083184890926e-16f,3.78436673043415e-17f,-1f,-2.678914873134835e-17f,0f,0f,0f,1f],start_interpolation:0}