execute if entity @s[tag=aj.tultaria.bone.left_hand] run data modify entity @s {} merge value {transformation:[-0.7604059656000309f,-0.6494480483301837f,1.2246467991473532e-16f,0.5132858258885036f,-0.6494480483301837f,0.7604059656000309f,0f,0.7994962038559441f,-9.312287318246303e-17f,-7.95344473600055e-17f,-1f,-0.09374999999999993f,0f,0f,0f,1f],start_interpolation:0}
execute if entity @s[tag=aj.tultaria.bone.left_arm] run data modify entity @s {} merge value {transformation:[-0.7604059656000309f,-0.6494480483301837f,1.2246467991473532e-16f,0.21875f,-0.6494480483301837f,0.7604059656000309f,0f,1f,-9.312287318246303e-17f,-7.95344473600055e-17f,-1f,2.678914873134835e-17f,0f,0f,0f,1f],start_interpolation:0}
execute if entity @s[tag=aj.tultaria.bone.rod] run data modify entity @s {} merge value {transformation:[-0.7604059656000309f,0.45922911900264135f,0.4592291190026417f,-0.7568288440123225f,0.6494480483301837f,0.5376882147304864f,0.5376882147304864f,0.5143439667559325f,-9.312287318246303e-17f,0.7071067811865477f,-0.7071067811865474f,0.031249999999999944f,0f,0f,0f,1f],start_interpolation:0}
execute if entity @s[tag=aj.tultaria.bone.right_hand] run data modify entity @s {} merge value {transformation:[-0.7604059656000309f,0.6494480483301837f,1.2246467991473532e-16f,-0.5132858258885036f,0.6494480483301837f,0.7604059656000309f,0f,0.7994962038559441f,-9.312287318246303e-17f,7.95344473600055e-17f,-1f,-0.09375000000000007f,0f,0f,0f,1f],start_interpolation:0}
execute if entity @s[tag=aj.tultaria.bone.right_arm] run data modify entity @s {} merge value {transformation:[-0.7604059656000309f,0.6494480483301837f,1.2246467991473532e-16f,-0.21875f,0.6494480483301837f,0.7604059656000309f,0f,1f,-9.312287318246303e-17f,7.95344473600055e-17f,-1f,-2.678914873134835e-17f,0f,0f,0f,1f],start_interpolation:0}