execute if entity @s[tag=aj.tultaria.bone.left_hand] run data modify entity @s {} merge value {transformation:[-0.8526401643540923f,-0.5224985647159488f,1.2246467991473532e-16f,0.4782938970293035f,-0.5224985647159488f,0.8526401643540923f,0f,0.7558891839454009f,-1.0441830481007122e-16f,-6.398761948384729e-17f,-1f,-0.09374999999999994f,0f,0f,0f,1f],start_interpolation:0}
execute if entity @s[tag=aj.tultaria.bone.left_arm] run data modify entity @s {} merge value {transformation:[-0.8526401643540923f,-0.5224985647159488f,1.2246467991473532e-16f,0.21875f,-0.5224985647159488f,0.8526401643540923f,0f,1f,-1.0441830481007122e-16f,-6.398761948384729e-17f,-1f,2.678914873134835e-17f,0f,0f,0f,1f],start_interpolation:0}
execute if entity @s[tag=aj.tultaria.bone.rod] run data modify entity @s {} merge value {transformation:[-0.8526401643540923f,0.3694622782708854f,0.3694622782708857f,-0.6742308587977843f,0.5224985647159488f,0.602907642126791f,0.602907642126791f,0.4361491223126163f,-1.0441830481007122e-16f,0.7071067811865476f,-0.7071067811865475f,0.031249999999999944f,0f,0f,0f,1f],start_interpolation:0}
execute if entity @s[tag=aj.tultaria.bone.right_hand] run data modify entity @s {} merge value {transformation:[-0.8526401643540923f,0.5224985647159488f,1.2246467991473532e-16f,-0.4782938970293035f,0.5224985647159488f,0.8526401643540923f,0f,0.7558891839454009f,-1.0441830481007122e-16f,6.398761948384729e-17f,-1f,-0.09375000000000006f,0f,0f,0f,1f],start_interpolation:0}
execute if entity @s[tag=aj.tultaria.bone.right_arm] run data modify entity @s {} merge value {transformation:[-0.8526401643540923f,0.5224985647159488f,1.2246467991473532e-16f,-0.21875f,0.5224985647159488f,0.8526401643540923f,0f,1f,-1.0441830481007122e-16f,6.398761948384729e-17f,-1f,-2.678914873134835e-17f,0f,0f,0f,1f],start_interpolation:0}