execute if entity @s[tag=aj.tultaria.bone.left_hand] run data modify entity @s {} merge value {transformation:[-0.9876883405951378f,-0.15643446504023087f,1.2246467991473532e-16f,0.36512012928837356f,-0.15643446504023087f,0.9876883405951378f,0f,0.675147864017943f,-1.2095693648649962e-16f,-1.9157696688784726e-17f,-1f,-0.09374999999999996f,0f,0f,0f,1f],start_interpolation:0}
execute if entity @s[tag=aj.tultaria.bone.left_arm] run data modify entity @s {} merge value {transformation:[-0.9876883405951378f,-0.15643446504023087f,1.2246467991473532e-16f,0.21875f,-0.15643446504023087f,0.9876883405951378f,0f,1f,-1.2095693648649962e-16f,-1.9157696688784726e-17f,-1f,2.678914873134835e-17f,0f,0f,0f,1f],start_interpolation:0}
execute if entity @s[tag=aj.tultaria.bone.rod] run data modify entity @s {} merge value {transformation:[-0.9876883405951378f,0.11061587104123706f,0.11061587104123724f,-0.42378305367846014f,0.15643446504023087f,0.6984011233337103f,0.6984011233337104f,0.30476473629476636f,-1.2095693648649962e-16f,0.7071067811865476f,-0.7071067811865475f,0.031249999999999944f,0f,0f,0f,1f],start_interpolation:0}
execute if entity @s[tag=aj.tultaria.bone.right_hand] run data modify entity @s {} merge value {transformation:[-0.9876883405951378f,0.15643446504023087f,1.2246467991473532e-16f,-0.36512012928837356f,0.15643446504023087f,0.9876883405951378f,0f,0.675147864017943f,-1.2095693648649962e-16f,1.9157696688784726e-17f,-1f,-0.09375000000000004f,0f,0f,0f,1f],start_interpolation:0}
execute if entity @s[tag=aj.tultaria.bone.right_arm] run data modify entity @s {} merge value {transformation:[-0.9876883405951378f,0.15643446504023087f,1.2246467991473532e-16f,-0.21875f,0.15643446504023087f,0.9876883405951378f,0f,1f,-1.2095693648649962e-16f,1.9157696688784726e-17f,-1f,-2.678914873134835e-17f,0f,0f,0f,1f],start_interpolation:0}