execute if entity @s[tag=aj.tultaria.bone.left_hand] run data modify entity @s {} merge value {transformation:[-0.9238795325112867f,-0.3826834323650897f,1.2246467991473532e-16f,0.4369111360484327f,-0.3826834323650897f,0.9238795325112867f,0f,0.7182929824834723f,-1.1314261122877003e-16f,-4.6865204053262974e-17f,-1f,-0.09374999999999994f,0f,0f,0f,1f],start_interpolation:0}
execute if entity @s[tag=aj.tultaria.bone.left_arm] run data modify entity @s {} merge value {transformation:[-0.9238795325112867f,-0.3826834323650897f,1.2246467991473532e-16f,0.21875f,-0.3826834323650897f,0.9238795325112867f,0f,1f,-1.1314261122877003e-16f,-4.6865204053262974e-17f,-1f,2.678914873134835e-17f,0f,0f,0f,1f],start_interpolation:0}
execute if entity @s[tag=aj.tultaria.bone.rod] run data modify entity @s {} merge value {transformation:[-0.9238795325112867f,0.27059805007309834f,0.2705980500730986f,-0.5804174231853414f,0.3826834323650897f,0.6532814824381882f,0.6532814824381883f,0.3718381577917398f,-1.1314261122877003e-16f,0.7071067811865476f,-0.7071067811865475f,0.031249999999999944f,0f,0f,0f,1f],start_interpolation:0}
execute if entity @s[tag=aj.tultaria.bone.right_hand] run data modify entity @s {} merge value {transformation:[-0.9238795325112867f,0.3826834323650897f,1.2246467991473532e-16f,-0.4369111360484327f,0.3826834323650897f,0.9238795325112867f,0f,0.7182929824834723f,-1.1314261122877003e-16f,4.6865204053262974e-17f,-1f,-0.09375000000000006f,0f,0f,0f,1f],start_interpolation:0}
execute if entity @s[tag=aj.tultaria.bone.right_arm] run data modify entity @s {} merge value {transformation:[-0.9238795325112867f,0.3826834323650897f,1.2246467991473532e-16f,-0.21875f,0.3826834323650897f,0.9238795325112867f,0f,1f,-1.1314261122877003e-16f,4.6865204053262974e-17f,-1f,-2.678914873134835e-17f,0f,0f,0f,1f],start_interpolation:0}