execute if entity @s[tag=aj.tultaria.bone.head] run data modify entity @s {} merge value {transformation:[-0.9819870298609019f,0.038320804503592404f,-0.1850215909756524f,0f,0f,0.97921789716671f,0.20281102008620353f,1.15625f,0.18894833469751499f,0.1991577912375107f,-0.9615792744253755f,0f,0f,0f,0f,1f],start_interpolation:0}
execute if entity @s[tag=aj.tultaria.bone.bust] run data modify entity @s {} merge value {transformation:[-0.7519548735810455f,0f,-0.6592145842574433f,0.7055847289192444f,0f,1f,0f,0f,0.6592145842574433f,0f,-0.7519548735810455f,0.046370144661801116f,0f,0f,0f,1f],start_interpolation:0}
execute if entity @s[tag=aj.tultaria.bone.left_wing] run data modify entity @s {} merge value {transformation:[-0.44244521730487596f,0f,-0.8967955339340405f,-0.035404643433365135f,0f,1f,0f,1.0625f,0.8967955339340405f,0f,-0.44244521730487596f,-0.13519527071372084f,0f,0f,0f,1f],start_interpolation:0}
execute if entity @s[tag=aj.tultaria.bone.right_wing] run data modify entity @s {} merge value {transformation:[-0.946986216842404f,0f,-0.3212741899227373f,-0.1293990026309958f,0f,1f,0f,1.0625f,0.3212741899227373f,0f,-0.946986216842404f,-0.052793447681540484f,0f,0f,0f,1f],start_interpolation:0}
execute if entity @s[tag=aj.tultaria.bone.body] run data modify entity @s {} merge value {transformation:[-0.7519548735810455f,0f,-0.6592145842574433f,0.7055847289192444f,0f,1f,0f,0f,0.6592145842574433f,0f,-0.7519548735810455f,0.046370144661801116f,0f,0f,0f,1f],start_interpolation:0}
execute if entity @s[tag=aj.tultaria.bone.left_hand] run data modify entity @s {} merge value {transformation:[-0.7213339080869348f,-0.5859848300354196f,-0.3691871774755861f,0.2816207959449446f,-0.6619132999274869f,0.7401587130840424f,0.11847304682871479f,0.9100461661356282f,0.20383369795775702f,0.3298285288057032f,-0.9217727296697007f,-0.48173970987043274f,0f,0f,0f,1f],start_interpolation:0}
execute if entity @s[tag=aj.tultaria.bone.left_arm] run data modify entity @s {} merge value {transformation:[-0.7213339080869348f,-0.31257313242182816f,-0.6180416085766683f,0.1644901285958537f,-0.6619132999274869f,0.5737586073073171f,0.4823606989793764f,1f,0.20383369795775702f,0.7570330887278138f,-0.6207678520575076f,-0.14420319030631573f,0f,0f,0f,1f],start_interpolation:0}
execute if entity @s[tag=aj.tultaria.bone.rod] run data modify entity @s {} merge value {transformation:[-0.5357434898167914f,0.2961629110867167f,0.1210059635537292f,-0.2309305050044342f,0.14601066863770285f,0.01634023862176287f,0.6064568255414018f,0.42840276582163844f,0.2846678727269656f,0.5489959259397328f,-0.08332871977102951f,0.5178466724915625f,0f,0f,0f,1f],start_interpolation:0}
execute if entity @s[tag=aj.tultaria.bone.right_hand] run data modify entity @s {} merge value {transformation:[-0.8585632849628073f,-0.0693705402186139f,-0.5079929269819127f,-0.3204435734591535f,0.23399145615016498f,0.828584772285962f,-0.5086209527580889f,0.675544436334113f,0.45619851398552214f,-0.5555492806993798f,-0.695160350244318f,0.22262064844875518f,0f,0f,0f,1f],start_interpolation:0}
execute if entity @s[tag=aj.tultaria.bone.right_arm] run data modify entity @s {} merge value {transformation:[-0.8585632849628073f,0.0814766823943957f,-0.5061922914662726f,-0.1644901285958537f,0.23399145615016498f,0.9407441298433667f,-0.24545565916061518f,1f,0.45619851398552214f,-0.32918388841383084f,-0.8267532179835478f,0.14420319030631573f,0f,0f,0f,1f],start_interpolation:0}
execute if entity @s[tag=aj.tultaria.bone.skirt] run data modify entity @s {} merge value {transformation:[-0.9737380845862743f,0f,-0.227671128222824f,0.0142294455139265f,0f,1f,0f,0.453125f,0.227671128222824f,0f,-0.9737380845862743f,0.060858630286642144f,0f,0f,0f,1f],start_interpolation:0}
execute if entity @s[tag=aj.tultaria.bone.left_foot] run data modify entity @s {} merge value {transformation:[-0.9737380845862743f,0.08712596879874274f,-0.21034069550881987f,0.1501761516011373f,0f,0.9238795325112867f,0.3826834323650897f,0f,0.227671128222824f,0.37263343243408353f,-0.8996166863760029f,0.09325836954543129f,0f,0f,0f,1f],start_interpolation:0}
execute if entity @s[tag=aj.tultaria.bone.left_leg] run data modify entity @s {} merge value {transformation:[-0.9737380845862743f,0f,-0.227671128222824f,0.12171726057328429f,0f,1f,0f,0.4375f,0.227671128222824f,0f,-0.9737380845862743f,-0.028458891027853f,0f,0f,0f,1f],start_interpolation:0}
execute if entity @s[tag=aj.tultaria.bone.right_foot] run data modify entity @s {} merge value {transformation:[-0.9737380845862743f,0.08712596879874278f,-0.21034069550881984f,-0.05730706228523186f,0f,0.9238795325112867f,0.38268343236508984f,0.08113813357194827f,0.227671128222824f,0.37263343243408364f,-0.8996166863760029f,0.30393810351476486f,0f,0f,0f,1f],start_interpolation:0}
execute if entity @s[tag=aj.tultaria.bone.right_leg] run data modify entity @s {} merge value {transformation:[-0.9737380845862743f,-0.08712596879874274f,-0.21034069550881987f,-0.12171726057328429f,0f,0.9238795325112867f,-0.3826834323650897f,0.4375f,0.227671128222824f,-0.37263343243408353f,-0.8996166863760029f,0.028458891027853f,0f,0f,0f,1f],start_interpolation:0}
execute if entity @s[tag=aj.tultaria.bone.lower] run data modify entity @s {} merge value {transformation:[-0.9737380845862743f,0f,-0.227671128222824f,0f,0f,1f,0f,0.5f,0.227671128222824f,0f,-0.9737380845862743f,0f,0f,0f,0f,1f],start_interpolation:0}