execute if entity @s[tag=aj.tultaria.bone.head] run data modify entity @s {} merge value {transformation:[-0.9934602723856079f,-0.007305660996392137f,0.11394434829740094f,0f,0.0014377125998073538f,0.9970713499835834f,0.07646342932667148f,1.577751736111111f,-0.1141692610731714f,0.07612719855163674f,-0.9905402715017121f,0f,0f,0f,0f,1f],start_interpolation:0}
execute if entity @s[tag=aj.tultaria.bone.bust] run data modify entity @s {} merge value {transformation:[-0.9961946980917454f,0f,-0.08715574274765803f,0.5416752204197017f,0f,1f,0f,0.4215017361111111f,0.08715574274765803f,0f,-0.9961946980917454f,0.4545194776720437f,0f,0f,0f,1f],start_interpolation:0}
execute if entity @s[tag=aj.tultaria.bone.left_wing] run data modify entity @s {} merge value {transformation:[-0.865431185928585f,-0.03458970760480734f,-0.4998323864557565f,0.051367700787276815f,-0.0651512356002645f,0.996912943608531f,0.043816656256869604f,1.484001736111111f,0.4967737703643397f,0.07048499835842927f,-0.8650131132441926f,-0.1299715711831968f,0f,0f,0f,1f],start_interpolation:0}
execute if entity @s[tag=aj.tultaria.bone.right_wing] run data modify entity @s {} merge value {transformation:[-0.9385472015375178f,0.0463038037414374f,0.34203085861537136f,-0.07315663647419135f,0.0651512356002645f,0.996912943608531f,0.043816656256869604f,1.484001736111111f,-0.33894611221527904f,0.06340773316282715f,-0.9386666034270629f,-0.11907710333973964f,0f,0f,0f,1f],start_interpolation:0}
execute if entity @s[tag=aj.tultaria.bone.body] run data modify entity @s {} merge value {transformation:[-0.9961946980917454f,0f,-0.08715574274765803f,0.5416752204197017f,0f,1f,0f,0.4215017361111111f,0.08715574274765803f,0f,-0.9961946980917454f,0.4545194776720437f,0f,0f,0f,1f],start_interpolation:0}
execute if entity @s[tag=aj.tultaria.bone.left_hand] run data modify entity @s {} merge value {transformation:[-0.7433465477938214f,-0.46105501105660146f,0.484627884734881f,0.5231550386546582f,-0.6223415556657156f,0.7422867331721511f,-0.24839765266240565f,1.2562187476902096f,-0.2452078668692853f,-0.4862496092915789f,-0.838709973405111f,-0.14257168011754645f,0f,0f,0f,1f],start_interpolation:0}
execute if entity @s[tag=aj.tultaria.bone.left_arm] run data modify entity @s {} merge value {transformation:[-0.7433465477938214f,-0.6646250244167821f,0.07556114611359278f,0.21791759020756932f,-0.6223415556657156f,0.7285825365883132f,0.28610920200181705f,1.421501736111111f,-0.2452078668692853f,0.16565344637987803f,-0.9552130849856925f,-0.019065318726050193f,0f,0f,0f,1f],start_interpolation:0}
execute if entity @s[tag=aj.tultaria.bone.rod] run data modify entity @s {} merge value {transformation:[-0.2938712007678918f,0.29207349296378493f,0.27987996010284716f,-0.3117906509263368f,0.17649818140610363f,-0.2186965774651469f,0.4135458849576057f,2.497173846707495f,0.36398916099188383f,0.34185505951055467f,0.025436370956949034f,0.35224234434904944f,0f,0f,0f,1f],start_interpolation:0}
execute if entity @s[tag=aj.tultaria.bone.sword] run data modify entity @s {} merge value {transformation:[-0.000009741813253080173f,-0.0000014298804987437867f,0.0000017471451861318532f,-0.22039280737476336f,-6.484359639299262e-7f,-0.000005640558401503897f,-0.000008231866842940677f,1.534280225805434f,0.0000021625460325259564f,-0.000008132622128104566f,0.000005402208065103585f,0.6197538154026108f,0f,0f,0f,1f],start_interpolation:0}
execute if entity @s[tag=aj.tultaria.bone.right_hand] run data modify entity @s {} merge value {transformation:[-0.9741813253080173f,-0.14298804987437866f,0.1747145186131853f,-0.2299205878951247f,-0.06484359639299261f,-0.5640558401503897f,-0.8231866842940677f,1.2604741884258448f,0.21625460325259563f,-0.8132622128104565f,0.5402208065103584f,0.3502272797556677f,0f,0f,0f,1f],start_interpolation:0}
execute if entity @s[tag=aj.tultaria.bone.right_arm] run data modify entity @s {} merge value {transformation:[-0.9741813253080173f,-0.22464964057794f,0.022434001188313183f,-0.21791759020756932f,-0.06484359639299261f,0.1832331771085891f,-0.9809285961850207f,1.421501736111111f,0.21625460325259563f,-0.9570570211825913f,-0.19306942993951076f,0.019065318726050193f,0f,0f,0f,1f],start_interpolation:0}
execute if entity @s[tag=aj.tultaria.bone.skirt] run data modify entity @s {} merge value {transformation:[-0.9659258262890683f,-0.0021174347401414235f,-0.2588103834429791f,0.01563159753636237f,0f,0.9999665339174011f,-0.008181139603937133f,0.871945139014128f,0.25881904510252063f,-0.0079023740319192f,-0.9658935005355813f,0.0583379162091729f,0f,0f,0f,1f],start_interpolation:0}
execute if entity @s[tag=aj.tultaria.bone.left_foot] run data modify entity @s {} merge value {transformation:[-0.9659258262890683f,0.08453013482835534f,-0.2446261523502356f,0.15331280840370198f,0f,0.9451628733632677f,0.3265993613216221f,0.42259850612387423f,0.25881904510252063f,0.3154707579500698f,-0.9129572294311644f,0.08920827726915442f,0f,0f,0f,1f],start_interpolation:0}
execute if entity @s[tag=aj.tultaria.bone.left_leg] run data modify entity @s {} merge value {transformation:[-0.9659258262890683f,-0.0021174347401414235f,-0.2588103834429791f,0.12003513277451772f,0f,0.9999665339174011f,-0.008181139603937133f,0.859061222262245f,0.25881904510252063f,-0.0079023740319192f,-0.9658935005355813f,-0.034985698936757896f,0f,0f,0f,1f],start_interpolation:0}
execute if entity @s[tag=aj.tultaria.bone.right_foot] run data modify entity @s {} merge value {transformation:[-0.9659258262890683f,0.08453013482835539f,-0.2446261523502356f,-0.04747197872655533f,0f,0.945162873363268f,0.3265993613216223f,0.505025799429565f,0.25881904510252063f,0.31547075795007f,-0.9129572294311645f,0.3057950766012009f,0f,0f,0f,1f],start_interpolation:0}
execute if entity @s[tag=aj.tultaria.bone.right_leg] run data modify entity @s {} merge value {transformation:[-0.9659258262890683f,-0.10099870048552922f,-0.23829930887019998f,-0.12144632379774936f,0f,0.9207178272982478f,-0.39022901288242806f,0.859061222262245f,0.25881904510252063f,-0.37693228171042675f,-0.8893451281121356f,0.029719062338872258f,0f,0f,0f,1f],start_interpolation:0}
execute if entity @s[tag=aj.tultaria.bone.lower] run data modify entity @s {} merge value {transformation:[-0.9659258262890683f,0.011289528185853217f,-0.2585727067211879f,0f,0f,0.9990482215818578f,0.043619387365336f,0.9215017361111111f,0.25881904510252063f,0.04213309278308512f,-0.9650064789340802f,0f,0f,0f,0f,1f],start_interpolation:0}