execute if entity @s[tag=aj.tultaria.bone.head] run data modify entity @s {} merge value {transformation:[-0.9796659905035373f,-0.01616319568308705f,0.1999832446882325f,0f,-0.008343063975355329f,0.9991694404399888f,0.03988511720357452f,1.5146209027777777f,-0.20046181764671886f,0.03740561984715645f,-0.9789871701251368f,0f,0f,0f,0f,1f],start_interpolation:0}
execute if entity @s[tag=aj.tultaria.bone.bust] run data modify entity @s {} merge value {transformation:[-0.9875951700015189f,0f,0.15702159147604827f,0.4152867892627353f,0f,1f,0f,0.3583709027777777f,-0.15702159147604827f,0f,-0.9875951700015189f,0.5723083807387835f,0f,0f,0f,1f],start_interpolation:0}
execute if entity @s[tag=aj.tultaria.bone.left_wing] run data modify entity @s {} merge value {transformation:[-0.8562526907193329f,-0.18249773519165086f,-0.4832451823720754f,0.08135239705960101f,-0.28880557804634005f,0.9447676089412862f,0.15493709428243546f,1.4208709027777777f,0.42827872667834166f,0.2722292081046466f,-0.8616661711646194f,-0.11363554678293697f,0f,0f,0f,1f],start_interpolation:0}
execute if entity @s[tag=aj.tultaria.bone.right_wing] run data modify entity @s {} merge value {transformation:[-0.6811999449494284f,0.08906727043772511f,0.7266592436195034f,-0.0420969991905889f,0.28880557804634005f,0.9447676089412862f,0.15493709428243546f,1.4208709027777777f,-0.6727242920321927f,0.3154063829920664f,-0.6692987677245841f,-0.13326324571744297f,0f,0f,0f,1f],start_interpolation:0}
execute if entity @s[tag=aj.tultaria.bone.body] run data modify entity @s {} merge value {transformation:[-0.9875951700015189f,0f,0.15702159147604827f,0.4152867892627353f,0f,1f,0f,0.3583709027777777f,-0.15702159147604827f,0f,-0.9875951700015189f,0.5723083807387835f,0f,0f,0f,1f],start_interpolation:0}
execute if entity @s[tag=aj.tultaria.bone.left_hand] run data modify entity @s {} merge value {transformation:[-0.20689258651777714f,-0.7389853223303499f,0.6411678025480485f,0.5824985971345926f,-0.8932714867994916f,0.4099971036110205f,0.1843052519642345f,1.3615044408886385f,-0.3990758180033086f,-0.534605525982367f,-0.7449398788319141f,0.07226757579934379f,0f,0f,0f,1f],start_interpolation:0}
execute if entity @s[tag=aj.tultaria.bone.left_arm] run data modify entity @s {} merge value {transformation:[-0.20689258651777714f,-0.9156581191454044f,0.34462394938118357f,0.21603644343783224f,-0.8932714867994916f,0.32047269147523316f,0.31521945512554556f,1.3583709027777777f,-0.3990758180033086f,-0.2426261792587941f,-0.8842347135366659f,0.03434847313538556f,0f,0f,0f,1f],start_interpolation:0}
execute if entity @s[tag=aj.tultaria.bone.rod] run data modify entity @s {} merge value {transformation:[-0.9940297713044062f,0.42986041715993656f,0.11838088127083449f,-0.5062578678395402f,-0.41691233937107836f,-0.793591510809232f,-0.6191008098706703f,1.8800674228635146f,-0.15804465372643542f,-0.6101817215071839f,0.8885884039857177f,-0.2314345272173472f,0f,0f,0f,1f],start_interpolation:0}
execute if entity @s[tag=aj.tultaria.bone.sword] run data modify entity @s {} merge value {transformation:[-0.000009124189639714081f,0.0000026181718559673907f,-0.000003145526911529213f,-0.5495156178614399f,-0.000003826834323650898f,-0.000008182494587406336f,0.000004289769386155093f,1.8882168595997075f,-0.0000014506903452706975f,0.0000051178079740926526f,0.000008467794226506221f,-0.19627514910957017f,0f,0f,0f,1f],start_interpolation:0}
execute if entity @s[tag=aj.tultaria.bone.right_hand] run data modify entity @s {} merge value {transformation:[-0.912418963971408f,0.26181718559673905f,-0.3145526911529213f,-0.44739550963487823f,-0.3826834323650898f,-0.8182494587406335f,0.4289769386155093f,1.6268459931627157f,-0.14506903452706973f,0.5117807974092652f,0.8467794226506221f,0.06633069964245503f,0f,0f,0f,1f],start_interpolation:0}
execute if entity @s[tag=aj.tultaria.bone.right_arm] run data modify entity @s {} merge value {transformation:[-0.912418963971408f,0.3945255776789576f,-0.10881729064090498f,-0.21603644343783224f,-0.3826834323650898f,-0.9167119144630287f,-0.1148592898933429f,1.3583709027777777f,-0.14506903452706973f,-0.0631572200038445f,0.987403737476606f,-0.03434847313538556f,0f,0f,0f,1f],start_interpolation:0}
execute if entity @s[tag=aj.tultaria.bone.skirt] run data modify entity @s {} merge value {transformation:[-0.9783708215845212f,-0.04365703444351918f,-0.20219940359859206f,0.012493410065262384f,0f,0.9774757900687849f,-0.21104757717018413f,0.8088143056807946f,0.2068587331297109f,-0.20648279146941567f,-0.956333791808576f,0.059089542341335566f,0f,0f,0f,1f],start_interpolation:0}
execute if entity @s[tag=aj.tultaria.bone.left_foot] run data modify entity @s {} merge value {transformation:[-0.9783708215845212f,-0.01575300734498961f,-0.2062580379806267f,0.16610729001628582f,0f,0.9970961093109495f,-0.07615345558126221f,0.3946656779200913f,0.2068587331297109f,-0.07450631890353984f,-0.9755297396652831f,0.18135335761187518f,0f,0f,0f,1f],start_interpolation:0}
execute if entity @s[tag=aj.tultaria.bone.left_leg] run data modify entity @s {} merge value {transformation:[-0.9783708215845212f,-0.04365703444351918f,-0.20219940359859206f,0.12173241199742217f,0f,0.9774757900687849f,-0.21104757717018413f,0.7959303889289117f,0.2068587331297109f,-0.20648279146941567f,-0.956333791808576f,-0.02852458763206619f,0f,0f,0f,1f],start_interpolation:0}
execute if entity @s[tag=aj.tultaria.bone.right_foot] run data modify entity @s {} merge value {transformation:[-0.9783708215845212f,-0.015753007344989606f,-0.20625803798062672f,-0.05009857152917441f,0f,0.9970961093109494f,-0.07615345558126213f,0.507302539018891f,0.2068587331297109f,-0.07450631890353976f,-0.9755297396652831f,0.3673280710132952f,0f,0f,0f,1f],start_interpolation:0}
execute if entity @s[tag=aj.tultaria.bone.right_leg] run data modify entity @s {} merge value {transformation:[-0.9783708215845212f,-0.11771220236379096f,-0.17010106668300137f,-0.12286029339870812f,0f,0.8223054647460274f,-0.56904632733093f,0.7959303889289117f,0.2068587331297109f,-0.5567383227904164f,-0.8045196731370123f,0.023190095650361533f,0f,0f,0f,1f],start_interpolation:0}
execute if entity @s[tag=aj.tultaria.bone.lower] run data modify entity @s {} merge value {transformation:[-0.9783708215845212f,0.009023051210287522f,-0.2066618494519138f,0f,0f,0.9990482215818578f,0.043619387365336f,0.8583709027777777f,0.2068587331297109f,0.04267593585363726f,-0.977439629351597f,0f,0f,0f,0f,1f],start_interpolation:0}