execute if entity @s[tag=aj.tultaria.bone.head] run data modify entity @s {} merge value {transformation:[-0.9968793383295321f,0.012477404913749324f,-0.07794805435861107f,0f,-0.00027720361075766684f,0.9868699363048672f,0.16151672351736715f,1.15625f,0.0789399009996391f,0.1610342919512667f,-0.9837867903392085f,0f,0f,0f,0f,1f],start_interpolation:0}
execute if entity @s[tag=aj.tultaria.bone.bust] run data modify entity @s {} merge value {transformation:[-0.8961459118218192f,0f,-0.44375951226429f,0.6699527120430546f,0f,1f,0f,0f,0.44375951226429f,0f,-0.8961459118218192f,0.22619319977876462f,0f,0f,0f,1f],start_interpolation:0}
execute if entity @s[tag=aj.tultaria.bone.left_wing] run data modify entity @s {} merge value {transformation:[-0.6581114527778864f,0f,-0.7529205241740857f,0.0005391804558274593f,0f,1f,0f,1.0625f,0.7529205241740857f,0f,-0.6581114527778864f,-0.13975320849424555f,0f,0f,0f,1f],start_interpolation:0}
execute if entity @s[tag=aj.tultaria.bone.right_wing] run data modify entity @s {} merge value {transformation:[-0.9977502793737998f,0f,-0.06704013730225206f,-0.11147905852189999f,0f,1f,0f,1.0625f,0.06704013730225206f,0f,-0.9977502793737998f,-0.08428326946120923f,0f,0f,0f,1f],start_interpolation:0}
execute if entity @s[tag=aj.tultaria.bone.body] run data modify entity @s {} merge value {transformation:[-0.8961459118218192f,0f,-0.44375951226429f,0.6699527120430546f,0f,1f,0f,0f,0.44375951226429f,0f,-0.8961459118218192f,0.22619319977876462f,0f,0f,0f,1f],start_interpolation:0}
execute if entity @s[tag=aj.tultaria.bone.left_hand] run data modify entity @s {} merge value {transformation:[-0.9511612228068002f,-0.3025105088556229f,-0.06147942957270289f,0.31961214960053935f,-0.24909833457757674f,0.8697851479669387f,-0.42593874687190425f,0.737917544171608f,0.18232484180536251f,-0.38982199579813687f,-0.9026607688675781f,-0.3246309577624887f,0f,0f,0f,1f],start_interpolation:0}
execute if entity @s[tag=aj.tultaria.bone.left_arm] run data modify entity @s {} merge value {transformation:[-0.9511612228068002f,-0.17031466816870316f,-0.25745920460386995f,0.19603191821102295f,-0.24909833457757674f,0.9160686967411577f,0.31427402463715404f,1f,0.18232484180536251f,0.3630579246587815f,-0.913754121962308f,-0.09707239330781343f,0f,0f,0f,1f],start_interpolation:0}
execute if entity @s[tag=aj.tultaria.bone.rod] run data modify entity @s {} merge value {transformation:[0.02344129626711261f,-0.047069210690882025f,-0.06548564940806068f,0.003967318626553695f,-0.05055682521298877f,0.04455498506179052f,-0.05012221039287425f,-0.16148559701966447f,0.0628322234036118f,0.05341084117687726f,-0.01589871035894545f,0.6367994678536192f,0f,0f,0f,1f],start_interpolation:0}
execute if entity @s[tag=aj.tultaria.bone.right_hand] run data modify entity @s {} merge value {transformation:[-0.7797441870668631f,-0.3591849519885449f,-0.5128208000855894f,-0.3518602140555681f,0.2063738753689436f,0.625850888612296f,-0.7521439282400698f,0.672980568878252f,0.5911081341858196f,-0.6923126717662957f,-0.4138772018499848f,0.1642886218764647f,0f,0f,0f,1f],start_interpolation:0}
execute if entity @s[tag=aj.tultaria.bone.right_arm] run data modify entity @s {} merge value {transformation:[-0.7797441870668631f,0.07100886235727968f,-0.6220584732982601f,-0.19603191821102295f,0.2063738753689436f,0.9671720690300645f,-0.14828355422402026f,1f,0.5911081341858196f,-0.24399985728444423f,-0.7688011728298354f,0.09707239330781343f,0f,0f,0f,1f],start_interpolation:0}
execute if entity @s[tag=aj.tultaria.bone.skirt] run data modify entity @s {} merge value {transformation:[-0.8856855198366935f,0f,-0.4642856447830432f,0.0290178527989402f,0f,1f,0f,0.453125f,0.4642856447830432f,0f,-0.8856855198366935f,0.055355344989793345f,0f,0f,0f,1f],start_interpolation:0}
execute if entity @s[tag=aj.tultaria.bone.left_foot] run data modify entity @s {} merge value {transformation:[-0.8856855198366935f,0.17767442414341378f,-0.4289440044538593f,0.1687463955774671f,0f,0.9238795325112867f,0.3826834323650897f,0f,0.4642856447830432f,0.3389371747271646f,-0.8182667240187403f,0.05267498438170629f,0f,0f,0f,1f],start_interpolation:0}
execute if entity @s[tag=aj.tultaria.bone.left_leg] run data modify entity @s {} merge value {transformation:[-0.8856855198366935f,0f,-0.4642856447830432f,0.11071068997958669f,0f,1f,0f,0.4375f,0.4642856447830432f,0f,-0.8856855198366935f,-0.0580357055978804f,0f,0f,0f,1f],start_interpolation:0}
execute if entity @s[tag=aj.tultaria.bone.right_foot] run data modify entity @s {} merge value {transformation:[-0.8856855198366935f,0.17767442414341383f,-0.4289440044538592f,0.020639871139889243f,0f,0.9238795325112867f,0.38268343236508984f,0.08113813357194827f,0.4642856447830432f,0.3389371747271647f,-0.8182667240187402f,0.30860406004335744f,0f,0f,0f,1f],start_interpolation:0}
execute if entity @s[tag=aj.tultaria.bone.right_leg] run data modify entity @s {} merge value {transformation:[-0.8856855198366935f,-0.17767442414341378f,-0.4289440044538593f,-0.11071068997958669f,0f,0.9238795325112867f,-0.3826834323650897f,0.4375f,0.4642856447830432f,-0.3389371747271646f,-0.8182667240187403f,0.0580357055978804f,0f,0f,0f,1f],start_interpolation:0}
execute if entity @s[tag=aj.tultaria.bone.lower] run data modify entity @s {} merge value {transformation:[-0.8856855198366935f,0f,-0.4642856447830432f,0f,0f,1f,0f,0.5f,0.4642856447830432f,0f,-0.8856855198366935f,0f,0f,0f,0f,1f],start_interpolation:0}