execute if entity @s[tag=aj.tultaria.bone.head] run data modify entity @s {} merge value {transformation:[-0.9681415969947421f,0.025649107978795258f,-0.24908627306289335f,0f,-0.02102881064479065f,0.9828980461457774f,0.1829459483171982f,1.480078125f,0.24951881149792238f,0.18235557063798605f,-0.9510451138436907f,0f,0f,0f,0f,1f],start_interpolation:0}
execute if entity @s[tag=aj.tultaria.bone.bust] run data modify entity @s {} merge value {transformation:[-0.8514534921803766f,0f,-0.524430119895722f,0.6879418060380493f,0f,1f,0f,0.323828125f,0.524430119895722f,0f,-0.8514534921803766f,0.1635116861423273f,0f,0f,0f,1f],start_interpolation:0}
execute if entity @s[tag=aj.tultaria.bone.left_wing] run data modify entity @s {} merge value {transformation:[-0.24972243805114558f,0.0797756970253114f,-0.9650256691393847f,-0.012337921725691592f,-0.38048217538977797f,0.9083577782154495f,0.1735495922385143f,1.386328125f,0.890433612429615f,0.4105142931977132f,-0.19648408825125757f,-0.13920856901602968f,0f,0f,0f,1f],start_interpolation:0}
execute if entity @s[tag=aj.tultaria.bone.right_wing] run data modify entity @s {} merge value {transformation:[-0.9075684622567863f,0.33071737156350406f,0.25873829724835706f,-0.11876960824823879f,0.38048217538977797f,0.9083577782154495f,0.1735495922385143f,1.386328125f,-0.17763107984672688f,0.2559534467469026f,-0.950228936925658f,-0.07365480402906438f,0f,0f,0f,1f],start_interpolation:0}
execute if entity @s[tag=aj.tultaria.bone.body] run data modify entity @s {} merge value {transformation:[-0.8514534921803766f,0f,-0.524430119895722f,0.6879418060380493f,0f,1f,0f,0.323828125f,0.524430119895722f,0f,-0.8514534921803766f,0.1635116861423273f,0f,0f,0f,1f],start_interpolation:0}
execute if entity @s[tag=aj.tultaria.bone.left_hand] run data modify entity @s {} merge value {transformation:[-0.5420995138692554f,-0.7014023037975917f,-0.46277740360798514f,0.37621323209202395f,-0.8380011562336052f,0.41040529402007614f,0.3596130653792154f,1.336272307151464f,-0.062307136139112984f,0.5827540672253826f,-0.8102564519449482f,-0.4301606386070912f,0f,0f,0f,1f],start_interpolation:0}
execute if entity @s[tag=aj.tultaria.bone.left_arm] run data modify entity @s {} merge value {transformation:[-0.5420995138692554f,-0.5725151257600865f,-0.6151053144288622f,0.18625545141445737f,-0.8380011562336052f,0.31404603006426146f,0.44623889695096947f,1.323828125f,-0.062307136139112984f,0.7573648538034949f,-0.650012537578586f,-0.11471908872718918f,0f,0f,0f,1f],start_interpolation:0}
execute if entity @s[tag=aj.tultaria.bone.rod] run data modify entity @s {} merge value {transformation:[-0.9748781803645171f,0.27595815197595974f,0.0756017976451706f,-0.21009370050437273f,0.1221979773460578f,0.15881202333051708f,0.996043370329927f,0.8292455330662736f,0.2587202886936015f,0.9648221803025054f,-0.18557470898433082f,0.6266526681840171f,0f,0f,0f,1f],start_interpolation:0}
execute if entity @s[tag=aj.tultaria.bone.sword] run data modify entity @s {} merge value {transformation:[-0.000009595257680753122f,-9.624209583392349e-7f,-0.000002646653724781094f,-0.2524850700916376f,0.0000012027359975005691f,0.000007097323710634025f,-0.000006941283906222854f,0.8004668147480432f,0.0000025464595343858418f,-0.000006978663342318605f,-0.000006694311151590876f,0.6032307707058905f,0f,0f,0f,1f],start_interpolation:0}
execute if entity @s[tag=aj.tultaria.bone.right_hand] run data modify entity @s {} merge value {transformation:[-0.9595257680753121f,-0.09624209583392347f,-0.26466537247810934f,-0.2792676580018577f,0.1202735997500569f,0.7097323710634025f,-0.6941283906222854f,1.0086291233872637f,0.25464595343858415f,-0.6978663342318604f,-0.6694311151590875f,0.28127390345218334f,0f,0f,0f,1f],start_interpolation:0}
execute if entity @s[tag=aj.tultaria.bone.right_arm] run data modify entity @s {} merge value {transformation:[-0.9595257680753121f,-0.06578844753230612f,-0.27382874314208044f,-0.18625545141445737f,0.1202735997500569f,0.7834672748280727f,-0.6096829425829761f,1.323828125f,0.25464595343858415f,-0.6179408624170781f,-0.7438444252345996f,0.11471908872718918f,0f,0f,0f,1f],start_interpolation:0}
execute if entity @s[tag=aj.tultaria.bone.skirt] run data modify entity @s {} merge value {transformation:[-0.7034459627036843f,-0.2266264461137272f,-0.6736499324409888f,0.042926278150520386f,0f,0.9478031974340072f,-0.3188559219049762f,0.7742715279030169f,0.710748744322413f,-0.22429791094821677f,-0.6667283326725955f,0.04248522041029615f,0f,0f,0f,1f],start_interpolation:0}
execute if entity @s[tag=aj.tultaria.bone.left_foot] run data modify entity @s {} merge value {transformation:[-0.7034459627036843f,-0.21002599352873333f,-0.6790087330794468f,0.2693484055179632f,0f,0.9553428528766161f,-0.2954996335997189f,0.3865807025118778f,0.710748744322413f,-0.20786802423614026f,-0.6720320728538756f,0.09071004196250804f,0f,0f,0f,1f],start_interpolation:0}
execute if entity @s[tag=aj.tultaria.bone.left_leg] run data modify entity @s {} merge value {transformation:[-0.7034459627036843f,-0.2266264461137272f,-0.6736499324409888f,0.08599309378808395f,0f,0.9478031974340072f,-0.3188559219049762f,0.761387611151134f,0.710748744322413f,-0.22429791094821677f,-0.6667283326725955f,-0.09076133566141123f,0f,0f,0f,1f],start_interpolation:0}
execute if entity @s[tag=aj.tultaria.bone.right_foot] run data modify entity @s {} merge value {transformation:[-0.7034459627036843f,-0.21002599352873336f,-0.6790087330794468f,0.18147421692076202f,0f,0.9553428528766164f,-0.295499633599719f,0.5138338866138115f,0.710748744322413f,-0.2078680242361403f,-0.6720320728538755f,0.3554804806142733f,0f,0f,0f,1f],start_interpolation:0}
execute if entity @s[tag=aj.tultaria.bone.right_leg] run data modify entity @s {} merge value {transformation:[-0.7034459627036843f,-0.467170203449273f,-0.5356451983963374f,-0.08986839688783713f,0f,0.7536350963335022f,-0.6572930408686776f,0.761387611151134f,0.710748744322413f,-0.462370135912299f,-0.5301415658676042f,0.08692585041919201f,0f,0f,0f,1f],start_interpolation:0}
execute if entity @s[tag=aj.tultaria.bone.lower] run data modify entity @s {} merge value {transformation:[-0.7034459627036843f,0.031002424798025487f,-0.7100722690068453f,0f,0f,0.9990482215818578f,0.043619387365336f,0.823828125f,0.710748744322413f,0.030683881937753708f,-0.7027764380180537f,0f,0f,0f,0f,1f],start_interpolation:0}