execute if entity @s[tag=aj.tultaria.bone.head] run data modify entity @s {} merge value {transformation:[-0.9836939129531864f,-0.0034279623927380804f,0.17981805997363765f,0f,-0.002316630400492888f,0.9999769006296719f,0.006389947625987055f,1.52889192f,-0.17983581078983207f,0.005869180599480547f,-0.9836791315650925f,0f,0f,0f,0f,1f],start_interpolation:0}
execute if entity @s[tag=aj.tultaria.bone.bust] run data modify entity @s {} merge value {transformation:[-0.983841494686865f,0f,0.17904165250665932f,0.4023999210901028f,0f,1f,0f,0.37264191999999996f,-0.17904165250665932f,0f,-0.983841494686865f,0.5814415735967622f,0f,0f,0f,1f],start_interpolation:0}
execute if entity @s[tag=aj.tultaria.bone.left_wing] run data modify entity @s {} merge value {transformation:[-0.8951489061703467f,-0.167786207418716f,-0.4129845328605846f,0.08387029998126144f,-0.24394833059227428f,0.9598018140902111f,0.13881530776676676f,1.43514192f,0.37309200980893986f,0.22500725825889115f,-0.9000967092193719f,-0.11179008355419184f,0f,0f,0f,1f],start_interpolation:0}
execute if entity @s[tag=aj.tultaria.bone.right_wing] run data modify entity @s {} merge value {transformation:[-0.706319999027602f,0.07775969695157436f,0.7036089030872532f,-0.03910988685459671f,0.24394833059227428f,0.9598018140902111f,0.13881530776676676f,1.43514192f,-0.6645308653289859f,0.26969224534483566f,-0.6968965646535863f,-0.13417029011752424f,0f,0f,0f,1f],start_interpolation:0}
execute if entity @s[tag=aj.tultaria.bone.body] run data modify entity @s {} merge value {transformation:[-0.983841494686865f,0f,0.17904165250665932f,0.4023999210901028f,0f,1f,0f,0.37264191999999996f,-0.17904165250665932f,0f,-0.983841494686865f,0.5814415735967622f,0f,0f,0f,1f],start_interpolation:0}
execute if entity @s[tag=aj.tultaria.bone.left_hand] run data modify entity @s {} merge value {transformation:[-0.22014950293598895f,-0.6883450192362441f,0.6911695384272163f,0.5817640480806798f,-0.8852859003176002f,0.4385384136772944f,0.15476735582240167f,1.3702093306244887f,-0.40963773148465293f,-0.5778106906436197f,-0.705926153873088f,0.07629089253579086f,0f,0f,0f,1f],start_interpolation:0}
execute if entity @s[tag=aj.tultaria.bone.left_arm] run data modify entity @s {} merge value {transformation:[-0.22014950293598895f,-0.9116103849041771f,0.3471321110065945f,0.21521532696275172f,-0.8852859003176002f,0.3361591694780425f,0.321350101096434f,1.37264192f,-0.40963773148465293f,-0.23656609839681259f,-0.8810410944067348f,0.039165361485831725f,0f,0f,0f,1f],start_interpolation:0}
execute if entity @s[tag=aj.tultaria.bone.rod] run data modify entity @s {} merge value {transformation:[-0.9424004177190018f,0.4225900905176809f,0.09084771917505113f,-0.4933415310450053f,-0.39676618267612507f,-0.7592661319805263f,-0.583991247461763f,1.8813156822260453f,-0.1715001136083194f,-0.5655853571509686f,0.8518539515719494f,-0.25443225072259745f,0f,0f,0f,1f],start_interpolation:0}
execute if entity @s[tag=aj.tultaria.bone.sword] run data modify entity @s {} merge value {transformation:[-0.000009089510201765065f,0.0000023390419973699096f,-0.000003451041411885491f,-0.5379230070437344f,-0.000003826834323650898f,-0.000007965456239495494f,0.000004680474971197873f,1.8912965513921265f,-0.0000016541291821790068f,0.000005574978872715316f,0.000008135322195060361f,-0.22146708162756146f,0f,0f,0f,1f],start_interpolation:0}
execute if entity @s[tag=aj.tultaria.bone.right_hand] run data modify entity @s {} merge value {transformation:[-0.9089510201765064f,0.23390419973699095f,-0.34510414118854904f,-0.44876547379220233f,-0.3826834323650898f,-0.7965456239495493f,0.46804749711978727f,1.641117010384938f,-0.16541291821790066f,0.5574978872715316f,0.813532219506036f,0.05632098444248134f,0f,0f,0f,1f],start_interpolation:0}
execute if entity @s[tag=aj.tultaria.bone.right_arm] run data modify entity @s {} merge value {transformation:[-0.9089510201765064f,0.395837848337308f,-0.13084510210083705f,-0.21521532696275172f,-0.3826834323650898f,-0.9167119144630287f,-0.1148592898933429f,1.37264192f,-0.16541291821790066f,-0.054329215945194215f,0.9847268163208611f,-0.039165361485831725f,0f,0f,0f,1f],start_interpolation:0}
execute if entity @s[tag=aj.tultaria.bone.skirt] run data modify entity @s {} merge value {transformation:[-0.9785988655009383f,-0.03408884960851298f,-0.20293400595426234f,0.012428090592877826f,0f,0.9861830922461826f,-0.1656590129384981f,0.8230853229030168f,0.20577721069223479f,-0.16211372212161956f,-0.9650776552483215f,0.05910331524866021f,0f,0f,0f,1f],start_interpolation:0}
execute if entity @s[tag=aj.tultaria.bone.left_foot] run data modify entity @s {} merge value {transformation:[-0.9785988655009383f,0.003336204241297422f,-0.2057501644751147f,0.16204448839411556f,0f,0.9998685655373153f,0.01621270027946453f,0.39945367991074127f,0.20577721069223479f,0.015865730100190684f,-0.9784702438848673f,0.16316944131087166f,0f,0f,0f,1f],start_interpolation:0}
execute if entity @s[tag=aj.tultaria.bone.left_leg] run data modify entity @s {} merge value {transformation:[-0.9785988655009383f,-0.03408884960851298f,-0.20293400595426234f,0.12176386594610836f,0f,0.9861830922461826f,-0.1656590129384981f,0.8102014061511339f,0.20577721069223479f,-0.16211372212161956f,-0.9650776552483215f,-0.028390019023377084f,0f,0f,0f,1f],start_interpolation:0}
execute if entity @s[tag=aj.tultaria.bone.right_foot] run data modify entity @s {} merge value {transformation:[-0.9785988655009383f,0.003336204241297422f,-0.20575016447511468f,-0.05332603918959164f,0f,0.9998685655373152f,0.016212700279464476f,0.5056297750443983f,0.20577721069223479f,0.015865730100190822f,-0.9784702438848674f,0.3538545318135892f,0f,0f,0f,1f],start_interpolation:0}
execute if entity @s[tag=aj.tultaria.bone.right_leg] run data modify entity @s {} merge value {transformation:[-0.9785988655009383f,-0.10915347238233522f,-0.17444133657810346f,-0.12288585042912623f,0f,0.847719414561421f,-0.5304449021110881f,0.8102014061511339f,0.20577721069223479f,-0.519092779416667f,-0.8295772573529263f,0.023054283649681612f,0f,0f,0f,1f],start_interpolation:0}
execute if entity @s[tag=aj.tultaria.bone.lower] run data modify entity @s {} merge value {transformation:[-0.9785988655009383f,0.00897587586414295f,-0.20558135638415242f,0f,0f,0.9990482215818578f,0.043619387365336f,0.87264192f,0.20577721069223479f,0.04268588298956377f,-0.9776674562207361f,0f,0f,0f,0f,1f],start_interpolation:0}