execute if entity @s[tag=aj.tultaria.bone.head] run data modify entity @s {} merge value {transformation:[-0.974482286582133f,0.05295858630239665f,-0.2181276261148719f,0f,0f,0.9717692985699923f,0.23593310568206666f,1.15625f,0.22446441396724282f,0.2299126323054843f,-0.9469719681008014f,0f,0f,0f,0f,1f],start_interpolation:0}
execute if entity @s[tag=aj.tultaria.bone.bust] run data modify entity @s {} merge value {transformation:[-0.6390283943140809f,0f,-0.7691831454604082f,0.7041057698872446f,0f,1f,0f,0f,0.7691831454604082f,0f,-0.6390283943140809f,-0.06507737557316368f,0f,0f,0f,1f],start_interpolation:0}
execute if entity @s[tag=aj.tultaria.bone.left_wing] run data modify entity @s {} merge value {transformation:[-0.2960316079781662f,0f,-0.9551781441583874f,-0.05620861853792092f,0f,1f,0f,1.0625f,0.9551781441583874f,0f,-0.2960316079781662f,-0.1279524958805356f,0f,0f,0f,1f],start_interpolation:0}
execute if entity @s[tag=aj.tultaria.bone.right_wing] run data modify entity @s {} merge value {transformation:[-0.8847389004224964f,0f,-0.46608698552865857f,-0.136087167827181f,0f,1f,0f,1.0625f,0.46608698552865857f,0f,-0.8847389004224964f,-0.031804602697984574f,0f,0f,0f,1f],start_interpolation:0}
execute if entity @s[tag=aj.tultaria.bone.body] run data modify entity @s {} merge value {transformation:[-0.6390283943140809f,0f,-0.7691831454604082f,0.7041057698872446f,0f,1f,0f,0f,0.7691831454604082f,0f,-0.6390283943140809f,-0.06507737557316368f,0f,0f,0f,1f],start_interpolation:0}
execute if entity @s[tag=aj.tultaria.bone.left_hand] run data modify entity @s {} merge value {transformation:[-0.50923596904497f,-0.4880718633333243f,-0.7088473630148928f,0.18535524919302476f,-0.8600800936936255f,0.31796711301613023f,0.3989475497758467f,1.0692181631097786f,0.030675075595580636f,0.8128239485045481f,-0.5817011848661486f,-0.5272499133745459f,0f,0f,0f,1f],start_interpolation:0}
execute if entity @s[tag=aj.tultaria.bone.left_arm] run data modify entity @s {} merge value {transformation:[-0.50923596904497f,-0.22055619806182586f,-0.8318856239455896f,0.1397874612562052f,-0.8600800936936255f,0.16487334373466256f,0.48278257317110773f,1f,0.030675075595580636f,0.9613385168723161f,-0.27365543246013035f,-0.1682588130694643f,0f,0f,0f,1f],start_interpolation:0}
execute if entity @s[tag=aj.tultaria.bone.rod] run data modify entity @s {} merge value {transformation:[-1.0218658075122014f,0.2715743416104664f,0.24543360589223162f,-0.24340565669369832f,0.21909199267997287f,-0.12926094964614154f,1.0552205040298837f,0.41215025906285496f,0.293238770741422f,1.0429472615431736f,0.06687330901518485f,0.5934077254292851f,0f,0f,0f,1f],start_interpolation:0}
execute if entity @s[tag=aj.tultaria.bone.right_hand] run data modify entity @s {} merge value {transformation:[-0.9414220304925724f,0.047168409445700187f,-0.33391571040249746f,-0.26745696695187293f,0.20184453486665965f,0.8720345616616146f,-0.44588620410604485f,0.6834274441727048f,0.27015429711130556f,-0.48716615688900067f,-0.8304732333641452f,0.3069112624253917f,0f,0f,0f,1f],start_interpolation:0}
execute if entity @s[tag=aj.tultaria.bone.right_arm] run data modify entity @s {} merge value {transformation:[-0.9414220304925724f,0.022890847347449006f,-0.3364529233205703f,-0.1397874612562052f,0.20184453486665965f,0.8374966833689832f,-0.5077972913382022f,1f,0.27015429711130556f,-0.545962740902407f,-0.7930582206235728f,0.1682588130694643f,0f,0f,0f,1f],start_interpolation:0}
execute if entity @s[tag=aj.tultaria.bone.skirt] run data modify entity @s {} merge value {transformation:[-0.999597304997124f,0f,0.02837653683039388f,-0.0017735335518996175f,0f,1f,0f,0.453125f,-0.02837653683039388f,0f,-0.999597304997124f,0.06247483156232025f,0f,0f,0f,1f],start_interpolation:0}
execute if entity @s[tag=aj.tultaria.bone.left_foot] run data modify entity @s {} merge value {transformation:[-0.999597304997124f,-0.010859230512889513f,0.026216501581153608f,0.12140259602084126f,0f,0.9238795325112867f,0.3826834323650897f,0f,-0.02837653683039388f,0.38252932765919284f,-0.9235074908402849f,0.12849673022843974f,0f,0f,0f,1f],start_interpolation:0}
execute if entity @s[tag=aj.tultaria.bone.left_leg] run data modify entity @s {} merge value {transformation:[-0.999597304997124f,0f,0.02837653683039388f,0.1249496631246405f,0f,1f,0f,0.4375f,-0.02837653683039388f,0f,-0.999597304997124f,0.003547067103799235f,0f,0f,0f,1f],start_interpolation:0}
execute if entity @s[tag=aj.tultaria.bone.right_foot] run data modify entity @s {} merge value {transformation:[-0.999597304997124f,-0.01085923051288952f,0.026216501581153608f,-0.13297763917167385f,0f,0.9238795325112867f,0.38268343236508984f,0.08113813357194827f,-0.02837653683039388f,0.382529327659193f,-0.9235074908402849f,0.2792479501021332f,0f,0f,0f,1f],start_interpolation:0}
execute if entity @s[tag=aj.tultaria.bone.right_leg] run data modify entity @s {} merge value {transformation:[-0.999597304997124f,0.010859230512889513f,0.026216501581153608f,-0.1249496631246405f,0f,0.9238795325112867f,-0.3826834323650897f,0.4375f,-0.02837653683039388f,-0.38252932765919284f,-0.9235074908402849f,-0.003547067103799235f,0f,0f,0f,1f],start_interpolation:0}
execute if entity @s[tag=aj.tultaria.bone.lower] run data modify entity @s {} merge value {transformation:[-0.999597304997124f,0f,0.02837653683039388f,0f,0f,1f,0f,0.5f,-0.02837653683039388f,0f,-0.999597304997124f,0f,0f,0f,0f,1f],start_interpolation:0}