execute if entity @s[tag=aj.tultaria.bone.head] run data modify entity @s {} merge value {transformation:[-0.9606294009213343f,0.03084087630039265f,-0.2761159076086389f,0f,-0.021028752998788196f,0.9828980546910027f,0.18294590903313082f,1.480078125f,0.27703600060792555f,0.18154959221564368f,-0.9435522242745756f,0f,0f,0f,0f,1f],start_interpolation:0}
execute if entity @s[tag=aj.tultaria.bone.bust] run data modify entity @s {} merge value {transformation:[-0.8361462421235533f,0f,-0.5485065740560093f,0.6923264080897813f,0f,1f,0f,0.323828125f,0.5485065740560093f,0f,-0.8361462421235533f,0.14381983403377196f,0f,0f,0f,1f],start_interpolation:0}
execute if entity @s[tag=aj.tultaria.bone.left_wing] run data modify entity @s {} merge value {transformation:[-0.2242189007457211f,0.09145420156758173f,-0.9702381220937553f,-0.016304181624279046f,-0.38048217538977797f,0.9083577782154495f,0.1735495922385143f,1.386328125f,0.8971951843155662f,0.40807141013691284f,-0.16887428895432488f,-0.13879994114394478f,0f,0f,0f,1f],start_interpolation:0}
execute if entity @s[tag=aj.tultaria.bone.right_wing] run data modify entity @s {} merge value {transformation:[-0.9122664695336291f,0.3378844999741226f,0.23152527560049574f,-0.12082246188972334f,0.38048217538977797f,0.9083577782154495f,0.1735495922385143f,1.386328125f,-0.15166806775096264f,0.24641471431862486f,-0.9572233729866608f,-0.07023661938694359f,0f,0f,0f,1f],start_interpolation:0}
execute if entity @s[tag=aj.tultaria.bone.body] run data modify entity @s {} merge value {transformation:[-0.8361462421235533f,0f,-0.5485065740560093f,0.6923264080897813f,0f,1f,0f,0.323828125f,0.5485065740560093f,0f,-0.8361462421235533f,0.14381983403377196f,0f,0f,0f,1f],start_interpolation:0}
execute if entity @s[tag=aj.tultaria.bone.left_hand] run data modify entity @s {} merge value {transformation:[-0.5436563535530532f,-0.6844922835026617f,-0.48570369883984804f,0.3637886805191276f,-0.8380011562336052f,0.41040529402007614f,0.3596130653792154f,1.336272307151464f,-0.04681699896980471f,0.6025261890288314f,-0.7967247706340344f,-0.4407180129449439f,0f,0f,0f,1f],start_interpolation:0}
execute if entity @s[tag=aj.tultaria.bone.left_arm] run data modify entity @s {} merge value {transformation:[-0.5436563535530532f,-0.5506763413626139f,-0.6333982446335669f,0.18290699046452727f,-0.8380011562336052f,0.31404603006426146f,0.44623889695096947f,1.323828125f,-0.04681699896980471f,0.7733890728891657f,-0.6322005303249107f,-0.11998581307475203f,0f,0f,0f,1f],start_interpolation:0}
execute if entity @s[tag=aj.tultaria.bone.rod] run data modify entity @s {} merge value {transformation:[-1.0179729585004615f,0.31893989859850913f,0.0756294691034978f,-0.19213131960594293f,0.12862593306603307f,0.1617244716949095f,1.0492911818704003f,0.8292455330662736f,0.3014926945347043f,1.0078858844581868f,-0.19230085492589027f,0.632391085927251f,0f,0f,0f,1f],start_interpolation:0}
execute if entity @s[tag=aj.tultaria.bone.sword] run data modify entity @s {} merge value {transformation:[-0.00000951870818338094f,-0.0000011611135238307003f,-0.0000028365489427144055f,-0.2351736058479822f,0.0000012027359975005691f,0.000007097323710634025f,-0.000006941283906222854f,0.8004668147480432f,0.000002819152468376456f,-0.000006948367544340868f,-0.0000066160840252219735f,0.6101880435226994f,0f,0f,0f,1f],start_interpolation:0}
execute if entity @s[tag=aj.tultaria.bone.right_hand] run data modify entity @s {} merge value {transformation:[-0.951870818338094f,-0.11611135238307002f,-0.2836548942714405f,-0.2711299385335243f,0.1202735997500569f,0.7097323710634025f,-0.6941283906222854f,1.0086291233872637f,0.28191524683764557f,-0.6948367544340868f,-0.6616084025221973f,0.2891262526991938f,0f,0f,0f,1f],start_interpolation:0}
execute if entity @s[tag=aj.tultaria.bone.right_arm] run data modify entity @s {} merge value {transformation:[-0.951870818338094f,-0.08339001951776248f,-0.2949373659630037f,-0.18290699046452727f,0.1202735997500569f,0.7834672748280727f,-0.6096829425829761f,1.323828125f,0.28191524683764557f,-0.6158125801884049f,-0.735730018201085f,0.11998581307475203f,0f,0f,0f,1f],start_interpolation:0}
execute if entity @s[tag=aj.tultaria.bone.skirt] run data modify entity @s {} merge value {transformation:[-0.7034459627036843f,-0.2266264461137272f,-0.6736499324409888f,0.042926278150520386f,0f,0.9478031974340072f,-0.3188559219049762f,0.7742715279030169f,0.710748744322413f,-0.22429791094821677f,-0.6667283326725955f,0.04248522041029615f,0f,0f,0f,1f],start_interpolation:0}
execute if entity @s[tag=aj.tultaria.bone.left_foot] run data modify entity @s {} merge value {transformation:[-0.7034459627036843f,-0.21002599352873333f,-0.6790087330794468f,0.2693484055179632f,0f,0.9553428528766161f,-0.2954996335997189f,0.3865807025118778f,0.710748744322413f,-0.20786802423614026f,-0.6720320728538756f,0.09071004196250804f,0f,0f,0f,1f],start_interpolation:0}
execute if entity @s[tag=aj.tultaria.bone.left_leg] run data modify entity @s {} merge value {transformation:[-0.7034459627036843f,-0.2266264461137272f,-0.6736499324409888f,0.08599309378808395f,0f,0.9478031974340072f,-0.3188559219049762f,0.761387611151134f,0.710748744322413f,-0.22429791094821677f,-0.6667283326725955f,-0.09076133566141123f,0f,0f,0f,1f],start_interpolation:0}
execute if entity @s[tag=aj.tultaria.bone.right_foot] run data modify entity @s {} merge value {transformation:[-0.7034459627036843f,-0.21002599352873336f,-0.6790087330794468f,0.18147421692076202f,0f,0.9553428528766164f,-0.295499633599719f,0.5138338866138115f,0.710748744322413f,-0.2078680242361403f,-0.6720320728538755f,0.3554804806142733f,0f,0f,0f,1f],start_interpolation:0}
execute if entity @s[tag=aj.tultaria.bone.right_leg] run data modify entity @s {} merge value {transformation:[-0.7034459627036843f,-0.467170203449273f,-0.5356451983963374f,-0.08986839688783713f,0f,0.7536350963335022f,-0.6572930408686776f,0.761387611151134f,0.710748744322413f,-0.462370135912299f,-0.5301415658676042f,0.08692585041919201f,0f,0f,0f,1f],start_interpolation:0}
execute if entity @s[tag=aj.tultaria.bone.lower] run data modify entity @s {} merge value {transformation:[-0.7034459627036843f,0.031002424798025487f,-0.7100722690068453f,0f,0f,0.9990482215818578f,0.043619387365336f,0.823828125f,0.710748744322413f,0.030683881937753708f,-0.7027764380180537f,0f,0f,0f,0f,1f],start_interpolation:0}