execute if entity @s[tag=aj.tultaria.bone.head] run data modify entity @s {} merge value {transformation:[-0.9792790435192741f,0.030304562083326124f,-0.2002353326486454f,0f,-0.006260403252798322f,0.9837378843707467f,0.1795009253593968f,1.558648125f,0.2024187794526195f,0.17703504842461343f,-0.963164175701218f,0f,0f,0f,0f,1f],start_interpolation:0}
execute if entity @s[tag=aj.tultaria.bone.bust] run data modify entity @s {} merge value {transformation:[-0.8231055051295629f,0f,-0.5678884815044298f,0.6954969933169963f,0f,1f,0f,0.40239812499999994f,0.5678884815044298f,0f,-0.8231055051295629f,0.12760851181256655f,0f,0f,0f,1f],start_interpolation:0}
execute if entity @s[tag=aj.tultaria.bone.left_wing] run data modify entity @s {} merge value {transformation:[-0.45811143642707736f,0.014863303758822013f,-0.888770495693963f,-0.019541966117456067f,-0.13916145827198437f,0.9863318265335815f,0.08822480659397132f,1.464898125f,0.8779339384864528f,0.1640993911271516f,-0.44978149082122487f,-0.1383812182352222f,0f,0f,0f,1f],start_interpolation:0}
execute if entity @s[tag=aj.tultaria.bone.right_wing] run data modify entity @s {} merge value {transformation:[-0.9833810798648832f,0.14813410535237215f,-0.10496636887702931f,-0.12243015425865145f,0.13916145827198437f,0.9863318265335815f,0.08822480659397132f,1.464898125f,0.11660077313376199f,0.07215133261680756f,-0.990554614802348f,-0.06739515804716845f,0f,0f,0f,1f],start_interpolation:0}
execute if entity @s[tag=aj.tultaria.bone.body] run data modify entity @s {} merge value {transformation:[-0.8231055051295629f,0f,-0.5678884815044298f,0.6954969933169963f,0f,1f,0f,0.40239812499999994f,0.5678884815044298f,0f,-0.8231055051295629f,0.12760851181256655f,0f,0f,0f,1f],start_interpolation:0}
execute if entity @s[tag=aj.tultaria.bone.left_hand] run data modify entity @s {} merge value {transformation:[-0.8527059544042753f,-0.48357574432981726f,-0.1976032763376083f,0.31382272699563063f,-0.46065326345123236f,0.8744471051719369f,-0.15212110678058166f,1.2072544975033304f,0.24635569040560723f,-0.03868797942879565f,-0.9684069981430813f,-0.4066564250199163f,0f,0f,0f,1f],start_interpolation:0}
execute if entity @s[tag=aj.tultaria.bone.left_arm] run data modify entity @s {} merge value {transformation:[-0.8527059544042753f,-0.2773247077820207f,-0.44270030695393786f,0.1800543292470919f,-0.46065326345123236f,0.7988322676738471f,0.3868663580550636f,1.402398125f,0.24635569040560723f,0.5338145882014429f,-0.8089195628912066f,-0.12422560532909402f,0f,0f,0f,1f],start_interpolation:0}
execute if entity @s[tag=aj.tultaria.bone.rod] run data modify entity @s {} merge value {transformation:[-0.9912009240014131f,0.40106768737398435f,-0.0994773387489882f,-0.09859187390895952f,0.11100525900522241f,0.5074609323561012f,0.9398891089521211f,1.041978000628478f,0.39803123401723184f,0.8572388318304955f,-0.5098460791944558f,0.6805411585708812f,0f,0f,0f,1f],start_interpolation:0}
execute if entity @s[tag=aj.tultaria.bone.sword] run data modify entity @s {} merge value {transformation:[-0.000009230041962886548f,-0.0000029347350975599936f,-0.0000024887055411404174f,-0.13910156226707568f,0.0000010336786154144384f,0.000004338877389802145f,-0.00000895017606063136f,1.0032542960174387f,0.000003706458401680554f,-0.000008518302231279033f,-0.000003701444746743946f,0.6747733188257705f,0f,0f,0f,1f],start_interpolation:0}
execute if entity @s[tag=aj.tultaria.bone.right_hand] run data modify entity @s {} merge value {transformation:[-0.9230041962886547f,-0.29347350975599934f,-0.24887055411404171f,-0.23975325933171449f,0.10336786154144384f,0.4338877389802145f,-0.8950176060631359f,1.0928087019881665f,0.37064584016805535f,-0.8518302231279031f,-0.37014447467439454f,0.3148367655636181f,0f,0f,0f,1f],start_interpolation:0}
execute if entity @s[tag=aj.tultaria.bone.right_arm] run data modify entity @s {} merge value {transformation:[-0.9230041962886547f,-0.1719416974641351f,-0.3442372819824817f,-0.1800543292470919f,0.10336786154144384f,0.7509313325223592f,-0.652240154419017f,1.402398125f,0.37064584016805535f,-0.6376034712180809f,-0.675339525466095f,0.12422560532909402f,0f,0f,0f,1f],start_interpolation:0}
execute if entity @s[tag=aj.tultaria.bone.skirt] run data modify entity @s {} merge value {transformation:[-0.7856073536155667f,-0.0433082206536426f,-0.617207812627936f,0.037368447892484676f,0f,0.9975472811823204f,-0.06999586991930726f,0.8528415279030168f,0.6187253719907937f,-0.05498927013132643f,-0.7836804796760463f,0.047447427867840695f,0f,0f,0f,1f],start_interpolation:0}
execute if entity @s[tag=aj.tultaria.bone.left_foot] run data modify entity @s {} merge value {transformation:[-0.7856073536155667f,0.12834974601483123f,-0.6052664112959468f,0.1926124659618047f,0f,0.9782472785113989f,0.20744218974220613f,0.4122801593737821f,0.6187253719907937f,0.16296810971159276f,-0.7685182556529704f,0.04253546217596102f,0f,0f,0f,1f],start_interpolation:0}
execute if entity @s[tag=aj.tultaria.bone.left_leg] run data modify entity @s {} merge value {transformation:[-0.7856073536155667f,-0.0433082206536426f,-0.617207812627936f,0.09651414284734408f,0f,0.9975472811823204f,-0.06999586991930726f,0.8399576111511339f,0.6187253719907937f,-0.05498927013132643f,-0.7836804796760463f,-0.07948240346600008f,0f,0f,0f,1f],start_interpolation:0}
execute if entity @s[tag=aj.tultaria.bone.right_foot] run data modify entity @s {} merge value {transformation:[-0.7856073536155667f,0.12834974601483132f,-0.6052664112959469f,0.09015931280720474f,0f,0.9782472785113989f,0.20744218974220618f,0.504272257767664f,0.6187253719907937f,0.1629681097115928f,-0.7685182556529703f,0.3165052347993578f,0f,0f,0f,1f],start_interpolation:0}
execute if entity @s[tag=aj.tultaria.bone.right_leg] run data modify entity @s {} merge value {transformation:[-0.7856073536155667f,-0.27620678287039074f,-0.5536523268636508f,-0.09988769555654758f,0f,0.8948272560445265f,-0.44641256908808413f,0.8399576111511339f,0.6187253719907937f,-0.3507049970220161f,-0.7029828725642195f,0.07519893953169834f,0f,0f,0f,1f],start_interpolation:0}
execute if entity @s[tag=aj.tultaria.bone.lower] run data modify entity @s {} merge value {transformation:[-0.7856073536155667f,0.026988421673628044f,-0.6181364825349759f,0f,0f,0.9990482215818578f,0.043619387365336f,0.9023981249999999f,0.6187253719907937f,0.034267711474413896f,-0.7848596294912615f,0f,0f,0f,0f,1f],start_interpolation:0}