execute if entity @s[tag=aj.tultaria.bone.head] run data modify entity @s {} merge value {transformation:[-0.9898952179927761f,-0.002921313509139842f,0.14177067158765783f,0f,0.0017182460000422129f,0.9994672509589001f,0.03259235940128225f,1.56175552f,-0.1417903558981271f,0.03250661760380999f,-0.9893628327293491f,0f,0f,0f,0f,1f],start_interpolation:0}
execute if entity @s[tag=aj.tultaria.bone.bust] run data modify entity @s {} merge value {transformation:[-0.9987959243042874f,0f,0.049058145023473304f,0.4748688896404071f,0f,1f,0f,0.40550551999999995f,-0.049058145023473304f,0f,-0.9987959243042874f,0.5239270346638804f,0f,0f,0f,1f],start_interpolation:0}
execute if entity @s[tag=aj.tultaria.bone.left_wing] run data modify entity @s {} merge value {transformation:[-0.9023289104833819f,-0.0813839601227481f,-0.4232956275944884f,0.06855701339695214f,-0.12744363104668338f,0.9884817903409872f,0.08162028589703353f,1.46800552f,0.41177743771546016f,0.1275946754336387f,-0.9023075642980473f,-0.1217833564740689f,0f,0f,0f,1f],start_interpolation:0}
execute if entity @s[tag=aj.tultaria.bone.right_wing] run data modify entity @s {} merge value {transformation:[-0.857632210272881f,0.0684881840900157f,0.5096826076515708f,-0.05629247714108376f,0.12744363104668338f,0.9884817903409872f,0.08162028589703353f,1.46800552f,-0.49822195135109193f,0.13495598839743564f,-0.8564822055288607f,-0.127915624602003f,0f,0f,0f,1f],start_interpolation:0}
execute if entity @s[tag=aj.tultaria.bone.body] run data modify entity @s {} merge value {transformation:[-0.9987959243042874f,0f,0.049058145023473304f,0.4748688896404071f,0f,1f,0f,0.40550551999999995f,-0.049058145023473304f,0f,-0.9987959243042874f,0.5239270346638804f,0f,0f,0f,1f],start_interpolation:0}
execute if entity @s[tag=aj.tultaria.bone.left_hand] run data modify entity @s {} merge value {transformation:[-0.5438951409683508f,-0.5474031187532239f,0.6360250790733504f,0.5684523066923098f,-0.757957576025825f,0.6457242994686685f,-0.0924145119597195f,1.30324827147584f,-0.3601088565643361f,-0.5323438312359233f,-0.7661146498853715f,-0.042274687702790255f,0f,0f,0f,1f],start_interpolation:0}
execute if entity @s[tag=aj.tultaria.bone.left_arm] run data modify entity @s {} merge value {transformation:[-0.5438951409683508f,-0.8120095627731729f,0.2117039102046494f,0.21848660844156287f,-0.757957576025825f,0.5836406399816154f,0.29131411964905884f,1.40550552f,-0.3601088565643361f,-0.0020182484413091284f,-0.9329081080670033f,0.010731469223884786f,0f,0f,0f,1f],start_interpolation:0}
execute if entity @s[tag=aj.tultaria.bone.rod] run data modify entity @s {} merge value {transformation:[-0.7272069776734259f,0.10620998154349831f,-0.10224212167013655f,-0.5883191492171149f,0.1287799277615075f,0.7081358965029683f,-0.18034212566585225f,1.5883999434884188f,0.0717617016856635f,-0.19449162425273459f,-0.7124515887179357f,-0.2559431384148593f,0f,0f,0f,1f],start_interpolation:0}
execute if entity @s[tag=aj.tultaria.bone.sword] run data modify entity @s {} merge value {transformation:[-0.000009749689499146046f,0.00000213230961725181f,6.299288582187504e-7f,-0.44548624871623804f,-0.000002214678106188288f,-0.000009564340103235033f,-0.0000019022616212341387f,1.8702749841125534f,1.968643091360077e-7f,-0.0000019941549803928273f,0.00000979717256957143f,0.3252296188436964f,0f,0f,0f,1f],start_interpolation:0}
execute if entity @s[tag=aj.tultaria.bone.right_hand] run data modify entity @s {} merge value {transformation:[-0.9749689499146045f,0.213230961725181f,0.06299288582187502f,-0.3301355391796298f,-0.22146781061882878f,-0.9564340103235032f,-0.19022616212341387f,1.5036716804071866f,0.01968643091360077f,-0.1994154980392827f,0.979717256957143f,0.3263740168126921f,0f,0f,0f,1f],start_interpolation:0}
execute if entity @s[tag=aj.tultaria.bone.right_arm] run data modify entity @s {} merge value {transformation:[-0.9749689499146045f,0.11137801214630882f,0.19243306657835618f,-0.21848660844156287f,-0.22146781061882878f,-0.5631076141513023f,-0.7961543969259544f,1.40550552f,0.01968643091360077f,-0.8188435462865689f,0.5736790837591338f,-0.010731469223884786f,0f,0f,0f,1f],start_interpolation:0}
execute if entity @s[tag=aj.tultaria.bone.skirt] run data modify entity @s {} merge value {transformation:[-0.9715985092982454f,-0.014187025776002024f,-0.23620979029044975f,0.01429180040968811f,0f,0.9982011958345689f,-0.05995308694668292f,0.8559489229030168f,0.23663545112562318f,-0.058250329905225225f,-0.9698507938525932f,0.05868052275003118f,0f,0f,0f,1f],start_interpolation:0}
execute if entity @s[tag=aj.tultaria.bone.left_foot] run data modify entity @s {} merge value {transformation:[-0.9715985092982454f,0.0537373507935391f,-0.2304531055532108f,0.15653774288764907f,0f,0.9738739671380416f,0.22708918100784248f,0.41384611884184536f,0.23663545112562318f,0.2206395097449792f,-0.9462144947156897f,0.11448765394061583f,0f,0f,0f,1f],start_interpolation:0}
execute if entity @s[tag=aj.tultaria.bone.left_leg] run data modify entity @s {} merge value {transformation:[-0.9715985092982454f,-0.014187025776002024f,-0.23620979029044975f,0.12080469532434196f,0f,0.9982011958345689f,-0.05995308694668292f,0.8430650061511339f,0.23663545112562318f,-0.058250329905225225f,-0.9698507938525932f,-0.03222821462449434f,0f,0f,0f,1f],start_interpolation:0}
execute if entity @s[tag=aj.tultaria.bone.right_foot] run data modify entity @s {} merge value {transformation:[-0.9715985092982454f,0.053737350793539126f,-0.2304531055532108f,-0.05021335486547224f,0f,0.9738739671380416f,0.22708918100784264f,0.5043054294038947f,0.23663545112562318f,0.2206395097449793f,-0.9462144947156896f,0.3220683076154304f,0f,0f,0f,1f],start_interpolation:0}
execute if entity @s[tag=aj.tultaria.bone.right_leg] run data modify entity @s {} merge value {transformation:[-0.9715985092982454f,-0.10350067604824569f,-0.21280025090911736f,-0.1220949320002194f,0f,0.8992746010662098f,-0.4373844897538199f,0.8430650061511339f,0.23663545112562318f,-0.42496211823498514f,-0.8737338618457038f,0.026930648156911447f,0f,0f,0f,1f],start_interpolation:0}
execute if entity @s[tag=aj.tultaria.bone.lower] run data modify entity @s {} merge value {transformation:[-0.9715985092982454f,0.010321893407019592f,-0.23641022661027447f,0f,0f,0.9990482215818578f,0.043619387365336f,0.90550552f,0.23663545112562318f,0.042380531740663176f,-0.9706737628059963f,0f,0f,0f,0f,1f],start_interpolation:0}