execute if entity @s[tag=aj.tultaria.bone.head] run data modify entity @s {} merge value {transformation:[-0.9743554641214869f,0.10527758439954965f,-0.1988669398356544f,0f,0.0560226315512172f,0.9694666116684468f,0.23873825335328558f,1.15625f,0.21792864495214637f,0.2214748723514627f,-0.9505030176839127f,0f,0f,0f,0f,1f],start_interpolation:0}
execute if entity @s[tag=aj.tultaria.bone.bust] run data modify entity @s {} merge value {transformation:[-0.7071067811865476f,0f,-0.7071067811865475f,0.7071067811865475f,0f,1f,0f,0f,0.7071067811865475f,0f,-0.7071067811865476f,5.551115123125783e-17f,0f,0f,0f,1f],start_interpolation:0}
execute if entity @s[tag=aj.tultaria.bone.left_wing] run data modify entity @s {} merge value {transformation:[-0.38268343236508984f,0f,-0.9238795325112867f,-0.044194173824159244f,0f,1f,0f,1.0625f,0.9238795325112867f,0f,-0.38268343236508984f,-0.13258252147247768f,0f,0f,0f,1f],start_interpolation:0}
execute if entity @s[tag=aj.tultaria.bone.right_wing] run data modify entity @s {} merge value {transformation:[-0.9238795325112867f,0f,-0.38268343236508967f,-0.13258252147247773f,0f,1f,0f,1.0625f,0.38268343236508967f,0f,-0.9238795325112867f,-0.04419417382415919f,0f,0f,0f,1f],start_interpolation:0}
execute if entity @s[tag=aj.tultaria.bone.body] run data modify entity @s {} merge value {transformation:[-0.7071067811865476f,0f,-0.7071067811865475f,0.7071067811865475f,0f,1f,0f,0f,0.7071067811865475f,0f,-0.7071067811865476f,5.551115123125783e-17f,0f,0f,0f,1f],start_interpolation:0}
execute if entity @s[tag=aj.tultaria.bone.left_hand] run data modify entity @s {} merge value {transformation:[-0.563563487256044f,-0.5791311535177087f,-0.5890698624586516f,0.24214684491731803f,-0.8242567773141051f,0.4414839011826728f,0.35453170527936395f,1.0302499993783993f,0.054744505510347596f,0.6853459506131017f,-0.7261569851586165f,-0.5112979023221074f,0f,0f,0f,1f],start_interpolation:0}
execute if entity @s[tag=aj.tultaria.bone.left_arm] run data modify entity @s {} merge value {transformation:[-0.563563487256044f,-0.30962014250615494f,-0.7658534867624975f,0.15467960838455727f,-0.8242567773141051f,0.2722045303773515f,0.4964931607724434f,1f,0.054744505510347596f,0.9110653439773208f,-0.4086110352400111f,-0.15467960838455724f,0f,0f,0f,1f],start_interpolation:0}
execute if entity @s[tag=aj.tultaria.bone.rod] run data modify entity @s {} merge value {transformation:[-1.0662593992950582f,0.3394054504494125f,0.11145151065038231f,-0.18708012468996635f,0.22339986441265908f,0.35974613817175827f,1.0417302060788056f,0.5800928504575744f,0.27876513340341985f,1.0099075511559543f,-0.40853805712911984f,0.7454379175146939f,0f,0f,0f,1f],start_interpolation:0}
execute if entity @s[tag=aj.tultaria.bone.right_hand] run data modify entity @s {} merge value {transformation:[-0.9481976768372902f,-0.06507970036334787f,-0.31094340038177826f,-0.2503529373739441f,0.19866388289931644f,0.6423158969573565f,-0.7402451959636303f,0.7284306623211293f,0.24789882466791308f,-0.7636719983844397f,-0.5961134553185188f,0.3845467362057141f,0f,0f,0f,1f],start_interpolation:0}
execute if entity @s[tag=aj.tultaria.bone.right_arm] run data modify entity @s {} merge value {transformation:[-0.9481976768372902f,-0.06507970036334787f,-0.31094340038177826f,-0.15467960838455727f,0.19866388289931644f,0.6423158969573565f,-0.7402451959636303f,1f,0.24789882466791308f,-0.7636719983844397f,-0.5961134553185188f,0.15467960838455724f,0f,0f,0f,1f],start_interpolation:0}
execute if entity @s[tag=aj.tultaria.bone.skirt] run data modify entity @s {} merge value {transformation:[-1f,0f,1.2246467991473532e-16f,-7.654042494670958e-18f,0f,1f,0f,0.453125f,-1.2246467991473532e-16f,0f,-1f,0.0625f,0f,0f,0f,1f],start_interpolation:0}
execute if entity @s[tag=aj.tultaria.bone.left_foot] run data modify entity @s {} merge value {transformation:[-1f,-4.6865204053262974e-17f,1.1314261122877003e-16f,0.12499999999999999f,0f,0.9238795325112867f,0.3826834323650897f,0f,-1.2246467991473532e-16f,0.3826834323650897f,-0.9238795325112867f,0.12500000000000003f,0f,0f,0f,1f],start_interpolation:0}
execute if entity @s[tag=aj.tultaria.bone.left_leg] run data modify entity @s {} merge value {transformation:[-1f,0f,1.2246467991473532e-16f,0.125f,0f,1f,0f,0.4375f,-1.2246467991473532e-16f,0f,-1f,1.5308084989341915e-17f,0f,0f,0f,1f],start_interpolation:0}
execute if entity @s[tag=aj.tultaria.bone.right_foot] run data modify entity @s {} merge value {transformation:[-1f,-4.686520405326299e-17f,1.1314261122877003e-16f,-0.12500000000000003f,0f,0.9238795325112867f,0.38268343236508984f,0.08113813357194827f,-1.2246467991473532e-16f,0.38268343236508984f,-0.9238795325112867f,0.2829089432236376f,0f,0f,0f,1f],start_interpolation:0}
execute if entity @s[tag=aj.tultaria.bone.right_leg] run data modify entity @s {} merge value {transformation:[-1f,4.6865204053262974e-17f,1.1314261122877003e-16f,-0.125f,0f,0.9238795325112867f,-0.3826834323650897f,0.4375f,-1.2246467991473532e-16f,-0.3826834323650897f,-0.9238795325112867f,-1.5308084989341915e-17f,0f,0f,0f,1f],start_interpolation:0}
execute if entity @s[tag=aj.tultaria.bone.lower] run data modify entity @s {} merge value {transformation:[-1f,0f,1.2246467991473532e-16f,0f,0f,1f,0f,0.5f,-1.2246467991473532e-16f,0f,-1f,0f,0f,0f,0f,1f],start_interpolation:0}