execute if entity @s[tag=aj.tultaria.bone.head] run data modify entity @s {} merge value {transformation:[-0.974514554926536f,-0.04146259153450049f,0.22045914755250828f,0f,-0.017597299111746182f,0.9938712397579867f,0.10913429271266731f,1.4866929861111111f,-0.22363299689515226f,0.10247347112870521f,-0.9692716184922199f,0f,0f,0f,0f,1f],start_interpolation:0}
execute if entity @s[tag=aj.tultaria.bone.bust] run data modify entity @s {} merge value {transformation:[-0.997167293695643f,0f,0.0752156126326661f,0.4609758405314885f,0f,1f,0f,0.3304429861111111f,-0.0752156126326661f,0f,-0.997167293695643f,0.5361914531641546f,0f,0f,0f,1f],start_interpolation:0}
execute if entity @s[tag=aj.tultaria.bone.left_wing] run data modify entity @s {} merge value {transformation:[-0.7439466403858452f,-0.1754231651034184f,-0.6448023801163524f,0.07172490743506094f,-0.36489710808848475f,0.9150096039518018f,0.17206837357465693f,1.3929429861111111f,0.5598155917507792f,0.3632962122305514f,-0.7447297264186917f,-0.11994493592241373f,0f,0f,0f,1f],start_interpolation:0}
execute if entity @s[tag=aj.tultaria.bone.right_wing] run data modify entity @s {} merge value {transformation:[-0.6515538576407836f,0.1189420073098211f,0.7492198405611828f,-0.052921004276894446f,0.36489710808848475f,0.9150096039518018f,0.17206837357465693f,1.3929429861111111f,-0.6650771918372143f,0.3854999657238344f,-0.639579631730755f,-0.12934688750149692f,0f,0f,0f,1f],start_interpolation:0}
execute if entity @s[tag=aj.tultaria.bone.body] run data modify entity @s {} merge value {transformation:[-0.997167293695643f,0f,0.0752156126326661f,0.4609758405314885f,0f,1f,0f,0.3304429861111111f,-0.0752156126326661f,0f,-0.997167293695643f,0.5361914531641546f,0f,0f,0f,1f],start_interpolation:0}
execute if entity @s[tag=aj.tultaria.bone.left_hand] run data modify entity @s {} merge value {transformation:[-0.2515678901417134f,-0.8555339617355898f,0.45252097958730414f,0.5865598880837584f,-0.8928036405874585f,0.38564464247305064f,0.23276569568046993f,1.3311470303205613f,-0.37365124916615355f,-0.34545600305804414f,-0.8608396447351467f,0.017621306640565704f,0f,0f,0f,1f],start_interpolation:0}
execute if entity @s[tag=aj.tultaria.bone.left_arm] run data modify entity @s {} merge value {transformation:[-0.2515678901417134f,-0.933158569780308f,0.2567658082674116f,0.21813034549592192f,-0.8928036405874585f,0.3261711587928213f,0.31066707988702036f,1.3304429861111111f,-0.37365124916615355f,-0.15108758657586158f,-0.9151815585878327f,0.01645341526339571f,0f,0f,0f,1f],start_interpolation:0}
execute if entity @s[tag=aj.tultaria.bone.rod] run data modify entity @s {} merge value {transformation:[-1.0343730098811046f,0.3928812134596805f,0.19064828037923331f,-0.5207811228236304f,-0.4296684537832481f,-0.8280444308427457f,-0.6247858662337298f,1.846411051544357f,-0.07802201307722453f,-0.6485496981206362f,0.9131953749415374f,-0.19463161789225636f,0f,0f,0f,1f],start_interpolation:0}
execute if entity @s[tag=aj.tultaria.bone.sword] run data modify entity @s {} merge value {transformation:[-0.000009212624531350757f,0.0000029772254225964003f,-0.000002502734110408045f,-0.5613021406266393f,-0.000003826834323650898f,-0.000008088169468886149f,0.000004465070402793824f,1.855382211796044f,-6.94901650366176e-7f,0.000005071256592366798f,0.00000859066168992207f,-0.15653445887814094f,0f,0f,0f,1f],start_interpolation:0}
execute if entity @s[tag=aj.tultaria.bone.right_hand] run data modify entity @s {} merge value {transformation:[-0.9212624531350757f,0.29772254225964f,-0.25027341104080447f,-0.440419345856366f,-0.3826834323650898f,-0.8088169468886148f,0.4465070402793823f,1.5989180764960491f,-0.06949016503661759f,0.5071256592366797f,0.859066168992207f,0.10292377544552446f,0f,0f,0f,1f],start_interpolation:0}
execute if entity @s[tag=aj.tultaria.bone.right_arm] run data modify entity @s {} merge value {transformation:[-0.9212624531350757f,0.38798990360908353f,-0.02719057080968809f,-0.21813034549592192f,-0.3826834323650898f,-0.9167119144630287f,-0.1148592898933429f,1.3304429861111111f,-0.06949016503661759f,-0.09541017020707643f,0.9930095751724859f,-0.01645341526339571f,0f,0f,0f,1f],start_interpolation:0}
execute if entity @s[tag=aj.tultaria.bone.skirt] run data modify entity @s {} merge value {transformation:[-0.9691655778460361f,-0.07354824114490047f,-0.2351781004746202f,0.014882166497604158f,0f,0.9544163125225253f,-0.29847864645717176f,0.780886389014128f,0.24641039490727454f,-0.28927522986836757f,-0.9249874370315762f,0.05853358377465775f,0f,0f,0f,1f],start_interpolation:0}
execute if entity @s[tag=aj.tultaria.bone.left_foot] run data modify entity @s {} merge value {transformation:[-0.9691655778460361f,-0.06266378208505045f,-0.23830932237987731f,0.18204854838683188f,0f,0.9671236575451874f,-0.25430656896041726f,0.38775516634078666f,0.24641039490727454f,-0.24646517285656563f,-0.9373029584133533f,0.20873789278537253f,0f,0f,0f,1f],start_interpolation:0}
execute if entity @s[tag=aj.tultaria.bone.left_leg] run data modify entity @s {} merge value {transformation:[-0.9691655778460361f,-0.07354824114490047f,-0.2351781004746202f,0.1204739303266104f,0f,0.9544163125225253f,-0.29847864645717176f,0.768002472262245f,0.24641039490727454f,-0.28927522986836757f,-0.9249874370315762f,-0.033443449910985315f,0f,0f,0f,1f],start_interpolation:0}
execute if entity @s[tag=aj.tultaria.bone.right_foot] run data modify entity @s {} merge value {transformation:[-0.9691655778460361f,-0.06266378208505044f,-0.23830932237987734f,-0.02907368777338419f,0f,0.9671236575451873f,-0.2543065689604171f,0.5123271722263594f,0.24641039490727454f,-0.24646517285656538f,-0.9373029584133533f,0.3929330279488727f,0f,0f,0f,1f],start_interpolation:0}
execute if entity @s[tag=aj.tultaria.bone.right_leg] run data modify entity @s {} merge value {transformation:[-0.9691655778460361f,-0.15794847735270762f,-0.18913054015763875f,-0.12181746413489862f,0f,0.7675428637205403f,-0.6409976227348055f,0.768002472262245f,0.24641039490727454f,-0.6212328314357132f,-0.7438761230393188f,0.02815914881583332f,0f,0f,0f,1f],start_interpolation:0}
execute if entity @s[tag=aj.tultaria.bone.lower] run data modify entity @s {} merge value {transformation:[-0.9691655778460361f,0.010748270466305825f,-0.2461758668113959f,0f,0f,0.9990482215818578f,0.043619387365336f,0.8304429861111111f,0.24641039490727454f,0.04227440876121595f,-0.9682431469654359f,0f,0f,0f,0f,1f],start_interpolation:0}