execute if entity @s[tag=aj.tultaria.bone.head] run data modify entity @s {} merge value {transformation:[-0.9696686074438363f,0.02190453878640824f,-0.2434398959055109f,0f,-0.022333763373843196f,0.9838695853141008f,0.17748758296686684f,1.4737933333333333f,0.2434008930786665f,0.17754106644496082f,-0.9535382399118f,0f,0f,0f,0f,1f],start_interpolation:0}
execute if entity @s[tag=aj.tultaria.bone.bust] run data modify entity @s {} merge value {transformation:[-0.8657184605342616f,0f,-0.5005312648478495f,0.6831248626910555f,0f,1f,0f,0.3175433333333333f,0.5005312648478495f,0f,-0.8657184605342616f,0.18259359784320606f,0f,0f,0f,1f],start_interpolation:0}
execute if entity @s[tag=aj.tultaria.bone.left_wing] run data modify entity @s {} merge value {transformation:[-0.25134637595912046f,0.0763436321149176f,-0.9648816762317121f,-0.008459004322589836f,-0.3943820669444116f,0.902298633176705f,0.17412628130211621f,1.3800433333333333f,0.8839048504023893f,0.42429803959357637f,-0.19668093205030762f,-0.13949801161977327f,0f,0f,0f,1f],start_interpolation:0}
execute if entity @s[tag=aj.tultaria.bone.right_wing] run data modify entity @s {} merge value {transformation:[-0.891431790725666f,0.3296222812771077f,0.3109638470454525f,-0.11667381188937254f,0.3943820669444116f,0.902298633176705f,0.17412628130211621f,1.3800433333333333f,-0.2231863520833789f,0.27786026749631787f,-0.934334802943029f,-0.07693160351379214f,0f,0f,0f,1f],start_interpolation:0}
execute if entity @s[tag=aj.tultaria.bone.body] run data modify entity @s {} merge value {transformation:[-0.8657184605342616f,0f,-0.5005312648478495f,0.6831248626910555f,0f,1f,0f,0.3175433333333333f,0.5005312648478495f,0f,-0.8657184605342616f,0.18259359784320606f,0f,0f,0f,1f],start_interpolation:0}
execute if entity @s[tag=aj.tultaria.bone.left_hand] run data modify entity @s {} merge value {transformation:[-0.4785085153994909f,-0.7258611007250929f,-0.4941206969398583f,0.3870403093940068f,-0.8695167508015409f,0.31328602641256004f,0.38182782210069394f,1.3599262995254884f,-0.12235285352498179f,0.6123540871985623f,-0.7810584172297931f,-0.41750851592445315f,0f,0f,0f,1f],start_interpolation:0}
execute if entity @s[tag=aj.tultaria.bone.left_arm] run data modify entity @s {} merge value {transformation:[-0.4785085153994909f,-0.615355591859051f,-0.6263921265932163f,0.18937591324186973f,-0.8695167508015409f,0.23266403327909901f,0.4356696772714768f,1.3175433333333333f,-0.12235285352498179f,0.7531300971187506f,-0.646393715972081f,-0.10949121418546708f,0f,0f,0f,1f],start_interpolation:0}
execute if entity @s[tag=aj.tultaria.bone.rod] run data modify entity @s {} merge value {transformation:[-0.9966717120310195f,0.2715277672828027f,0.06133778515378935f,-0.21644548226643734f,0.12210498151047276f,0.22152709863849873f,1.003424273134319f,0.8319244128877218f,0.25016000036673197f,0.9736747763084065f,-0.24540081102818628f,0.6264844001819951f,0f,0f,0f,1f],start_interpolation:0}
execute if entity @s[tag=aj.tultaria.bone.sword] run data modify entity @s {} merge value {transformation:[-0.000009631390624333405f,-9.454310753565657e-7f,-0.0000025184270335375453f,-0.25834870468718646f,0.0000011799680475608493f,0.000006928492894867479f,-0.0000071136250683112565f,0.8022666955286404f,0.000002417434600612399f,-0.0000071485765217643866f,-0.00000656154430482954f,0.6032816443800205f,0f,0f,0f,1f],start_interpolation:0}
execute if entity @s[tag=aj.tultaria.bone.right_hand] run data modify entity @s {} merge value {transformation:[-0.9631390624333404f,-0.09454310753565656f,-0.2518427033537545f,-0.28337948551152786f,0.11799680475608491f,0.6928492894867478f,-0.7113625068311256f,1.0028225830913615f,0.24174346006123987f,-0.7148576521764386f,-0.656154430482954f,0.2763934768054615f,0f,0f,0f,1f],start_interpolation:0}
execute if entity @s[tag=aj.tultaria.bone.right_arm] run data modify entity @s {} merge value {transformation:[-0.9631390624333404f,-0.06068300642584479f,-0.26207006533777716f,-0.18937591324186973f,0.11799680475608491f,0.7801935846913675f,-0.6143083301354364f,1.3175433333333333f,0.24174346006123987f,-0.6225877794637114f,-0.744274516814908f,0.10949121418546708f,0f,0f,0f,1f],start_interpolation:0}
execute if entity @s[tag=aj.tultaria.bone.skirt] run data modify entity @s {} merge value {transformation:[-0.6997169201502582f,-0.24153188292021513f,-0.6723530182786811f,0.04314801925652971f,0f,0.9411170233284727f,-0.3380809790587974f,0.7679867362363502f,0.7144202066399278f,-0.23656098142840568f,-0.6585155050643776f,0.04226000169670405f,0f,0f,0f,1f],start_interpolation:0}
execute if entity @s[tag=aj.tultaria.bone.left_foot] run data modify entity @s {} merge value {transformation:[-0.6997169201502582f,-0.238713426467312f,-0.6733588431732906f,0.2752312803477709f,0f,0.942524913090354f,-0.33413588284412155f,0.3856242441606101f,0.7144202066399278f,-0.23380053085537622f,-0.6595006293524723f,0.09459976521635158f,0f,0f,0f,1f],start_interpolation:0}
execute if entity @s[tag=aj.tultaria.bone.left_leg] run data modify entity @s {} merge value {transformation:[-0.6997169201502582f,-0.24153188292021513f,-0.6723530182786811f,0.08551695428534163f,0f,0.9411170233284727f,-0.3380809790587974f,0.7551028194844672f,0.7144202066399278f,-0.23656098142840568f,-0.6585155050643776f,-0.0912101022916231f,0f,0f,0f,1f],start_interpolation:0}
execute if entity @s[tag=aj.tultaria.bone.right_foot] run data modify entity @s {} merge value {transformation:[-0.6997169201502582f,-0.23871342646731208f,-0.6733588431732908f,0.18687515872155142f,0f,0.942524913090354f,-0.33413588284412166f,0.5153707330334576f,0.7144202066399278f,-0.23380053085537625f,-0.6595006293524723f,0.3579961878683802f,0f,0f,0f,1f],start_interpolation:0}
execute if entity @s[tag=aj.tultaria.bone.right_leg] run data modify entity @s {} merge value {transformation:[-0.6997169201502582f,-0.4804447238748129f,-0.5287429422283497f,-0.08941227575222292f,0f,0.7401007660675525f,-0.6724959896283561f,0.7551028194844672f,0.7144202066399278f,-0.4705568226761533f,-0.5178610286336346f,0.08739494936835884f,0f,0f,0f,1f],start_interpolation:0}
execute if entity @s[tag=aj.tultaria.bone.lower] run data modify entity @s {} merge value {transformation:[-0.6997169201502582f,0.0311625717350504f,-0.7137402369057632f,0f,0f,0.9990482215818578f,0.043619387365336f,0.8175433333333333f,0.7144202066399278f,0.03052122338611399f,-0.6990509446868503f,0f,0f,0f,0f,1f],start_interpolation:0}