execute if entity @s[tag=aj.tultaria.bone.head] run data modify entity @s {} merge value {transformation:[-0.9995155874180888f,0.003421841635643649f,-0.030933501387551132f,0f,0f,0.9939372716095449f,0.10994862484530532f,1.15625f,0.03112218675275008f,0.10989536434806642f,-0.9934557958895467f,0f,0f,0f,0f,1f],start_interpolation:0}
execute if entity @s[tag=aj.tultaria.bone.bust] run data modify entity @s {} merge value {transformation:[-0.9910476586228727f,0f,-0.13350857027967153f,0.5622781144512721f,0f,1f,0f,0f,0.13350857027967153f,0f,-0.9910476586228727f,0.42876954417160057f,0f,0f,0f,1f],start_interpolation:0}
execute if entity @s[tag=aj.tultaria.bone.left_wing] run data modify entity @s {} merge value {transformation:[-0.8645171296201244f,0f,-0.5026033551354199f,0.04525190737897056f,0f,1f,0f,1.0625f,0.5026033551354199f,0f,-0.8645171296201244f,-0.1322252429703386f,0f,0f,0f,1f],start_interpolation:0}
execute if entity @s[tag=aj.tultaria.bone.right_wing] run data modify entity @s {} merge value {transformation:[-0.9667001654696854f,0f,0.2559116841429534f,-0.07862904994888842f,0f,1f,0f,1.0625f,-0.2559116841429534f,0f,-0.9667001654696854f,-0.11553667168537968f,0f,0f,0f,1f],start_interpolation:0}
execute if entity @s[tag=aj.tultaria.bone.body] run data modify entity @s {} merge value {transformation:[-0.9910476586228727f,0f,-0.13350857027967153f,0.5622781144512721f,0f,1f,0f,0f,0.13350857027967153f,0f,-0.9910476586228727f,0.42876954417160057f,0f,0f,0f,1f],start_interpolation:0}
execute if entity @s[tag=aj.tultaria.bone.left_hand] run data modify entity @s {} merge value {transformation:[-0.9674540107617747f,-0.1308274402695753f,0.21660313463444286f,0.39757980161909157f,-0.21908310380936488f,0.8614007768260902f,-0.45824807180026794f,0.7294871042417747f,-0.12663068619497764f,-0.4907880220175704f,-0.8620277180914022f,-0.20206509959569433f,0f,0f,0f,1f],start_interpolation:0}
execute if entity @s[tag=aj.tultaria.bone.left_arm] run data modify entity @s {} merge value {transformation:[-0.9674540107617747f,-0.24660404219202933f,0.056737848351058176f,0.2167916753237534f,-0.21908310380936488f,0.9284809521976528f,0.29987616616095897f,1f,-0.12663068619497764f,0.2776860957640693f,-0.9522894000948962f,-0.029204999748678146f,0f,0f,0f,1f],start_interpolation:0}
execute if entity @s[tag=aj.tultaria.bone.rod] run data modify entity @s {} merge value {transformation:[-1.0960120061935832f,0.15699867428793268f,0.022188009822066986f,-0.36706520847384055f,-0.06691487943266074f,-0.31749553132284203f,-1.0588211349085617f,1.646259296839916f,-0.14374731447420155f,-1.049252692677209f,0.32371083658042277f,0.15189552025409686f,0f,0f,0f,1f],start_interpolation:0}
execute if entity @s[tag=aj.tultaria.bone.right_hand] run data modify entity @s {} merge value {transformation:[-0.989696908591031f,0.07075786318134028f,-0.12447230183204233f,-0.35609004750984324f,-0.060424018112032275f,-0.9945533736679787f,-0.08492658571283151f,1.2626859585003198f,-0.12980357144760352f,-0.07653046271683489f,0.988581873754417f,0.24676933095458586f,0f,0f,0f,1f],start_interpolation:0}
execute if entity @s[tag=aj.tultaria.bone.right_arm] run data modify entity @s {} merge value {transformation:[-0.989696908591031f,0.11047452642043229f,-0.0910791311856757f,-0.2167916753237534f,-0.060424018112032275f,-0.8989711578692461f,-0.4338200034051265f,1f,-0.12980357144760352f,-0.4238469491826128f,0.896384290641039f,0.029204999748678146f,0f,0f,0f,1f],start_interpolation:0}
execute if entity @s[tag=aj.tultaria.bone.skirt] run data modify entity @s {} merge value {transformation:[-0.9951217605534313f,0f,0.09865435455690443f,-0.0061658971598065266f,0f,1f,0f,0.453125f,-0.09865435455690443f,0f,-0.9951217605534313f,0.062195110034589454f,0f,0f,0f,1f],start_interpolation:0}
execute if entity @s[tag=aj.tultaria.bone.left_foot] run data modify entity @s {} merge value {transformation:[-0.9951217605534313f,-0.03775338701959872f,0.09114473896823559f,0.11205842574956586f,0f,0.9238795325112867f,0.3826834323650897f,0f,-0.09865435455690443f,0.38081661094977803f,-0.9193726269319127f,0.13672201438879197f,0f,0f,0f,1f],start_interpolation:0}
execute if entity @s[tag=aj.tultaria.bone.left_leg] run data modify entity @s {} merge value {transformation:[-0.9951217605534313f,0f,0.09865435455690443f,0.12439022006917891f,0f,1f,0f,0.4375f,-0.09865435455690443f,0f,-0.9951217605534313f,0.012331794319613053f,0f,0f,0f,1f],start_interpolation:0}
execute if entity @s[tag=aj.tultaria.bone.right_foot] run data modify entity @s {} merge value {transformation:[-0.9951217605534313f,-0.037753387019598725f,0.09114473896823558f,-0.1523004192612828f,0f,0.9238795325112867f,0.38268343236508984f,0.08113813357194827f,-0.09865435455690443f,0.38081661094977814f,-0.9193726269319127f,0.2691970513374039f,0f,0f,0f,1f],start_interpolation:0}
execute if entity @s[tag=aj.tultaria.bone.right_leg] run data modify entity @s {} merge value {transformation:[-0.9951217605534313f,0.03775338701959872f,0.09114473896823559f,-0.12439022006917891f,0f,0.9238795325112867f,-0.3826834323650897f,0.4375f,-0.09865435455690443f,-0.38081661094977803f,-0.9193726269319127f,-0.012331794319613053f,0f,0f,0f,1f],start_interpolation:0}
execute if entity @s[tag=aj.tultaria.bone.lower] run data modify entity @s {} merge value {transformation:[-0.9951217605534313f,0f,0.09865435455690443f,0f,0f,1f,0f,0.5f,-0.09865435455690443f,0f,-0.9951217605534313f,0f,0f,0f,0f,1f],start_interpolation:0}