execute if entity @s[tag=aj.tultaria.bone.head] run data modify entity @s {} merge value {transformation:[-0.9755801635866401f,0.05084550154608189f,-0.21367751259501327f,0f,0f,0.9728370807909691f,0.23149085130541427f,1.15625f,0.21964367602156148f,0.22583788258534665f,-0.949080558421203f,0f,0f,0f,0f,1f],start_interpolation:0}
execute if entity @s[tag=aj.tultaria.bone.bust] run data modify entity @s {} merge value {transformation:[-0.6552956838618497f,0f,-0.755372468860251f,0.7053340763610503f,0f,1f,0f,0f,0.755372468860251f,0f,-0.6552956838618497f,-0.05003839249920067f,0f,0f,0f,1f],start_interpolation:0}
execute if entity @s[tag=aj.tultaria.bone.left_wing] run data modify entity @s {} merge value {transformation:[-0.31634574096541684f,0f,-0.9486439649167866f,-0.053465578366165833f,0f,1f,0f,1.0625f,0.9486439649167866f,0f,-0.31634574096541684f,-0.1291227397864969f,0f,0f,0f,1f],start_interpolation:0}
execute if entity @s[tag=aj.tultaria.bone.right_wing] run data modify entity @s {} merge value {transformation:[-0.8944827991604822f,0f,-0.4471023618882238f,-0.13537753884889703f,0f,1f,0f,1.0625f,0.4471023618882238f,0f,-0.8944827991604822f,-0.03470118117896548f,0f,0f,0f,1f],start_interpolation:0}
execute if entity @s[tag=aj.tultaria.bone.body] run data modify entity @s {} merge value {transformation:[-0.6552956838618497f,0f,-0.755372468860251f,0.7053340763610503f,0f,1f,0f,0f,0.755372468860251f,0f,-0.6552956838618497f,-0.05003839249920067f,0f,0f,0f,1f],start_interpolation:0}
execute if entity @s[tag=aj.tultaria.bone.left_hand] run data modify entity @s {} merge value {transformation:[-0.5360323373571552f,-0.5196036326355921f,-0.6653430680929362f,0.2016467408020985f,-0.8420542323559891f,0.3852147746639849f,0.3775635670346669f,1.0484816104577273f,0.060116579067599984f,0.7626412277948734f,-0.6440220140559927f,-0.5257827823146572f,0f,0f,0f,1f],start_interpolation:0}
execute if entity @s[tag=aj.tultaria.bone.left_arm] run data modify entity @s {} merge value {transformation:[-0.5360323373571552f,-0.24383443294799545f,-0.8082166186217371f,0.14334593084477962f,-0.8420542323559891f,0.22260864039153072f,0.4913146272953821f,1f,0.060116579067599984f,0.9439227524177833f,-0.3246472460829529f,-0.1652377275631799f,0f,0f,0f,1f],start_interpolation:0}
execute if entity @s[tag=aj.tultaria.bone.rod] run data modify entity @s {} merge value {transformation:[-1.0450855282295843f,0.3141768428637057f,0.254648319620791f,-0.24166482592718203f,0.23274200427046868f,-0.10980571770031111f,1.0906559862765584f,0.41339686132740316f,0.33073254258639745f,1.0700430983660991f,0.03715332429033469f,0.585009841348782f,0f,0f,0f,1f],start_interpolation:0}
execute if entity @s[tag=aj.tultaria.bone.right_hand] run data modify entity @s {} merge value {transformation:[-0.9326079136445267f,0.034718173085210594f,-0.3592173824653097f,-0.2735476838283918f,0.20769308267796072f,0.8656411488290293f,-0.45555349286520025f,0.6810681055301391f,0.2951373626217612f,-0.49945975805021936f,-0.8145145101673066f,0.29589811830903645f,0f,0f,0f,1f],start_interpolation:0}
execute if entity @s[tag=aj.tultaria.bone.right_arm] run data modify entity @s {} merge value {transformation:[-0.9326079136445267f,0.026257092748476235f,-0.359934778102924f,-0.14334593084477962f,0.20769308267796072f,0.8546835183765271f,-0.47579372297587785f,1f,0.2951373626217612f,-0.5184849549368994f,-0.8025380294345885f,0.1652377275631799f,0f,0f,0f,1f],start_interpolation:0}
execute if entity @s[tag=aj.tultaria.bone.skirt] run data modify entity @s {} merge value {transformation:[-0.9999832868010659f,0f,-0.005781532542274957f,0.00036134578389218484f,0f,1f,0f,0.453125f,0.005781532542274957f,0f,-0.9999832868010659f,0.062498955425066616f,0f,0f,0f,1f],start_interpolation:0}
execute if entity @s[tag=aj.tultaria.bone.left_foot] run data modify entity @s {} merge value {transformation:[-0.9999832868010659f,0.002212496717608244f,-0.005341439582355779f,0.1257206024179176f,0f,0.9238795325112867f,0.3826834323650897f,0f,0.005781532542274957f,0.3826770365007558f,-0.9238640915288687f,0.12427521928234886f,0f,0f,0f,1f],start_interpolation:0}
execute if entity @s[tag=aj.tultaria.bone.left_leg] run data modify entity @s {} merge value {transformation:[-0.9999832868010659f,0f,-0.005781532542274957f,0.12499791085013323f,0f,1f,0f,0.4375f,0.005781532542274957f,0f,-0.9999832868010659f,-0.0007226915677843697f,0f,0f,0f,1f],start_interpolation:0}
execute if entity @s[tag=aj.tultaria.bone.right_foot] run data modify entity @s {} merge value {transformation:[-0.9999832868010659f,0.002212496717608245f,-0.005341439582355778f,-0.12336226358838515f,0f,0.9238795325112867f,0.38268343236508984f,0.08113813357194827f,0.005781532542274957f,0.38267703650075596f,-0.9238640915288686f,0.2836269064779736f,0f,0f,0f,1f],start_interpolation:0}
execute if entity @s[tag=aj.tultaria.bone.right_leg] run data modify entity @s {} merge value {transformation:[-0.9999832868010659f,-0.002212496717608244f,-0.005341439582355779f,-0.12499791085013323f,0f,0.9238795325112867f,-0.3826834323650897f,0.4375f,0.005781532542274957f,-0.3826770365007558f,-0.9238640915288687f,0.0007226915677843697f,0f,0f,0f,1f],start_interpolation:0}
execute if entity @s[tag=aj.tultaria.bone.lower] run data modify entity @s {} merge value {transformation:[-0.9999832868010659f,0f,-0.005781532542274957f,0f,0f,1f,0f,0.5f,0.005781532542274957f,0f,-0.9999832868010659f,0f,0f,0f,0f,1f],start_interpolation:0}