execute if entity @s[tag=aj.tultaria.bone.head] run data modify entity @s {} merge value {transformation:[-0.972927077895228f,0.10639405744840527f,-0.20516628777145263f,0f,0.0554873649394085f,0.9693027883498216f,0.23952715259306548f,1.15625f,0.22435252044569054f,0.22165831596609728f,-0.9489644553579127f,0f,0f,0f,0f,1f],start_interpolation:0}
execute if entity @s[tag=aj.tultaria.bone.bust] run data modify entity @s {} merge value {transformation:[-0.7036942172111167f,0f,-0.7105029547184402f,0.7070985859647785f,0f,1f,0f,0f,0.7105029547184402f,0f,-0.7036942172111167f,-0.003404368753661735f,0f,0f,0f,1f],start_interpolation:0}
execute if entity @s[tag=aj.tultaria.bone.left_wing] run data modify entity @s {} merge value {transformation:[-0.3782309750107118f,0f,-0.9257112560309755f,-0.04483198076411021f,0f,1f,0f,1.0625f,0.9257112560309755f,0f,-0.3782309750107118f,-0.1323682118212921f,0f,0f,0f,1f],start_interpolation:0}
execute if entity @s[tag=aj.tultaria.bone.right_wing] run data modify entity @s {} merge value {transformation:[-0.922026393845093f,0f,-0.38712701927534526f,-0.13279375791549985f,0f,1f,0f,1.0625f,0.38712701927534526f,0f,-0.922026393845093f,-0.04355534248148707f,0f,0f,0f,1f],start_interpolation:0}
execute if entity @s[tag=aj.tultaria.bone.body] run data modify entity @s {} merge value {transformation:[-0.7036942172111167f,0f,-0.7105029547184402f,0.7070985859647785f,0f,1f,0f,0f,0.7105029547184402f,0f,-0.7036942172111167f,-0.003404368753661735f,0f,0f,0f,1f],start_interpolation:0}
execute if entity @s[tag=aj.tultaria.bone.left_hand] run data modify entity @s {} merge value {transformation:[-0.5501890335430979f,-0.5723760056936913f,-0.6080112955160024f,0.2377271801885136f,-0.8340889067993696f,0.411440347243638f,0.36744052064826405f,1.0400929205948093f,0.03984624101649464f,0.709297221738652f,-0.7037824438778544f,-0.5119520418922892f,0f,0f,0f,1f],start_interpolation:0}
execute if entity @s[tag=aj.tultaria.bone.left_arm] run data modify entity @s {} merge value {transformation:[-0.5501890335430979f,-0.30564717012742937f,-0.777091908825466f,0.15393311001493176f,-0.8340889067993696f,0.2455609401760822f,0.49395902685756365f,1f,0.03984624101649464f,0.9199345803115204f,-0.39004185034932165f,-0.15542252134465878f,0f,0f,0f,1f],start_interpolation:0}
execute if entity @s[tag=aj.tultaria.bone.rod] run data modify entity @s {} merge value {transformation:[-1.0570107955353862f,0.35263912776078893f,0.1400289510816445f,-0.19167870745942078f,0.23192095230871415f,0.2724557017747162f,1.064525643607486f,0.5496729456034439f,0.3002917472211561f,1.0308481069439004f,-0.3292587590456908f,0.720967267166281f,0f,0f,0f,1f],start_interpolation:0}
execute if entity @s[tag=aj.tultaria.bone.right_hand] run data modify entity @s {} merge value {transformation:[-0.9411991779375961f,-0.05821392620136124f,-0.33279910794023443f,-0.25510881827746057f,0.20651048275141157f,0.6804760421496188f,-0.7030688277645151f,0.7169678579389867f,0.2673902166560555f,-0.7304543071654878f,-0.6284417054747522f,0.36849168879487904f,0f,0f,0f,1f],start_interpolation:0}
execute if entity @s[tag=aj.tultaria.bone.right_arm] run data modify entity @s {} merge value {transformation:[-0.9411991779375961f,-0.05334695104198239f,-0.3336138640166468f,-0.15393311001493176f,0.20651048275141157f,0.6906722722270761f,-0.693054999902942f,1f,0.2673902166560555f,-0.7211975562848312f,-0.63904347023142f,0.15542252134465878f,0f,0f,0f,1f],start_interpolation:0}
execute if entity @s[tag=aj.tultaria.bone.skirt] run data modify entity @s {} merge value {transformation:[-0.9999884102062274f,0f,-0.004814504462747468f,0.00030090652892171674f,0f,1f,0f,0.453125f,0.004814504462747468f,0f,-0.9999884102062274f,0.062499275637889214f,0f,0f,0f,1f],start_interpolation:0}
execute if entity @s[tag=aj.tultaria.bone.left_foot] run data modify entity @s {} merge value {transformation:[-0.9999884102062274f,0.0018424310929412433f,-0.0044480221323166345f,0.12560036433362187f,0f,0.9238795325112867f,0.3826834323650897f,0f,0.004814504462747468f,0.38267899714302844f,-0.9238688249380342f,0.124396738217935f,0f,0f,0f,1f],start_interpolation:0}
execute if entity @s[tag=aj.tultaria.bone.left_leg] run data modify entity @s {} merge value {transformation:[-0.9999884102062274f,0f,-0.004814504462747468f,0.12499855127577843f,0f,1f,0f,0.4375f,0.004814504462747468f,0f,-0.9999884102062274f,-0.0006018130578434335f,0f,0f,0f,1f],start_interpolation:0}
execute if entity @s[tag=aj.tultaria.bone.right_foot] run data modify entity @s {} merge value {transformation:[-0.9999884102062274f,0.0018424310929412437f,-0.0044480221323166345f,-0.12363648490607705f,0f,0.9238795325112867f,0.38268343236508984f,0.08113813357194827f,0.004814504462747468f,0.3826789971430286f,-0.9238688249380342f,0.2835074774251727f,0f,0f,0f,1f],start_interpolation:0}
execute if entity @s[tag=aj.tultaria.bone.right_leg] run data modify entity @s {} merge value {transformation:[-0.9999884102062274f,-0.0018424310929412433f,-0.0044480221323166345f,-0.12499855127577843f,0f,0.9238795325112867f,-0.3826834323650897f,0.4375f,0.004814504462747468f,-0.38267899714302844f,-0.9238688249380342f,0.0006018130578434335f,0f,0f,0f,1f],start_interpolation:0}
execute if entity @s[tag=aj.tultaria.bone.lower] run data modify entity @s {} merge value {transformation:[-0.9999884102062274f,0f,-0.004814504462747468f,0f,0f,1f,0f,0.5f,0.004814504462747468f,0f,-0.9999884102062274f,0f,0f,0f,0f,1f],start_interpolation:0}