execute if entity @s[tag=aj.tultaria.bone.head] run data modify entity @s {} merge value {transformation:[-0.9681756146323341f,0.03364327836614414f,-0.24800021986296722f,0f,-0.013358219516392808f,0.982564312276525f,0.18544252536004635f,1.52003f,0.24991505997569213f,0.18285377234647832f,-0.9508453926564552f,0f,0f,0f,0f,1f],start_interpolation:0}
execute if entity @s[tag=aj.tultaria.bone.bust] run data modify entity @s {} merge value {transformation:[-0.8179381087657678f,0f,-0.575306223005348f,0.6966221658855578f,0f,1f,0f,0.36378f,0.575306223005348f,0f,-0.8179381087657678f,0.12131594288020991f,0f,0f,0f,1f],start_interpolation:0}
execute if entity @s[tag=aj.tultaria.bone.left_wing] run data modify entity @s {} merge value {transformation:[-0.33383840148573346f,0.05234692280324167f,-0.9411757122697556f,-0.020792146077807994f,-0.27225193512724677f,0.9505511214203548f,0.149437108463645f,1.42628f,0.9024582015323035f,0.3061247543723592f,-0.30307891587430336f,-0.1381989025335552f,0f,0f,0f,1f],start_interpolation:0}
execute if entity @s[tag=aj.tultaria.bone.right_wing] run data modify entity @s {} merge value {transformation:[-0.9621828470456946f,0.27040747739675186f,0.03292362402541582f,-0.12303440967352897f,0.27225193512724677f,0.9505511214203548f,0.149437108463645f,1.42628f,0.00911332379053792f,0.1527493428281475f,-0.9882229432648576f,-0.06628562465788673f,0f,0f,0f,1f],start_interpolation:0}
execute if entity @s[tag=aj.tultaria.bone.body] run data modify entity @s {} merge value {transformation:[-0.8179381087657678f,0f,-0.575306223005348f,0.6966221658855578f,0f,1f,0f,0.36378f,0.575306223005348f,0f,-0.8179381087657678f,0.12131594288020991f,0f,0f,0f,1f],start_interpolation:0}
execute if entity @s[tag=aj.tultaria.bone.left_hand] run data modify entity @s {} merge value {transformation:[-0.7375128640250151f,-0.601391111374f,-0.3072515362987867f,0.33964348086101986f,-0.6597738357967051f,0.738729461207136f,0.1377580079077686f,1.2576084747135252f,0.1441293203887462f,0.30431482761272f,-0.9416046010397987f,-0.43991674910726725f,0f,0f,0f,1f],start_interpolation:0}
execute if entity @s[tag=aj.tultaria.bone.left_arm] run data modify entity @s {} merge value {transformation:[-0.7375128640250151f,-0.41228416635287884f,-0.534879931921484f,0.1789239612925117f,-0.6597738357967051f,0.6089043855043255f,0.4403793079967564f,1.36378f,0.1441293203887462f,0.6776851890725599f,-0.7210891231435729f,-0.12584823628241987f,0f,0f,0f,1f],start_interpolation:0}
execute if entity @s[tag=aj.tultaria.bone.rod] run data modify entity @s {} merge value {transformation:[-0.8031666446411893f,0.27204346671486873f,-0.00443769687671941f,-0.13219590396118241f,0.07827254933388328f,0.24427265436641937f,0.8082748779651379f,0.9528371949921779f,0.26057772152773995f,0.7651321601831541f,-0.2564683771868799f,0.6984066158747495f,0f,0f,0f,1f],start_interpolation:0}
execute if entity @s[tag=aj.tultaria.bone.sword] run data modify entity @s {} merge value {transformation:[-0.00000947130477171214f,-0.0000020140051675456285f,-0.0000024976327004670625f,-0.1735013846562222f,9.230253459184352e-7f,0.0000057450316760945545f,-0.00000813281225969605f,0.9175990917308479f,0.0000030728504897139155f,-0.000007933372185002397f,-0.000005255396811097643f,0.6833746011030851f,0f,0f,0f,1f],start_interpolation:0}
execute if entity @s[tag=aj.tultaria.bone.right_hand] run data modify entity @s {} merge value {transformation:[-0.9471304771712139f,-0.20140051675456283f,-0.24976327004670623f,-0.23894150649998175f,0.09230253459184351f,0.5745031676094554f,-0.813281225969605f,1.066615729599523f,0.30728504897139153f,-0.7933372185002396f,-0.5255396811097642f,0.33521269879843896f,0f,0f,0f,1f],start_interpolation:0}
execute if entity @s[tag=aj.tultaria.bone.right_arm] run data modify entity @s {} merge value {transformation:[-0.9471304771712139f,-0.15961903534261696f,-0.2783264679647289f,-0.1789239612925117f,0.09230253459184351f,0.6952455523203124f,-0.7128210603557847f,1.36378f,0.30728504897139153f,-0.7008247894696049f,-0.643755010189073f,0.12584823628241987f,0f,0f,0f,1f],start_interpolation:0}
execute if entity @s[tag=aj.tultaria.bone.skirt] run data modify entity @s {} merge value {transformation:[-0.7446028722923264f,-0.12942435532924423f,-0.6548403613260464f,0.040314699798296695f,0f,0.981022896163595f,-0.19389192144798728f,0.8142234029030169f,0.6675077247298472f,-0.14437248162444946f,-0.7304724662679495f,0.04497092715678102f,0f,0f,0f,1f],start_interpolation:0}
execute if entity @s[tag=aj.tultaria.bone.left_foot] run data modify entity @s {} merge value {transformation:[-0.7446028722923264f,-0.02748671603365893f,-0.6669415589207967f,0.22973379228294438f,0f,0.9991518213376787f,-0.04117812426033471f,0.3963784592605596f,0.6675077247298472f,-0.03066134959985556f,-0.7439713160241449f,0.06900360833296813f,0f,0f,0f,1f],start_interpolation:0}
execute if entity @s[tag=aj.tultaria.bone.left_leg] run data modify entity @s {} merge value {transformation:[-0.7446028722923264f,-0.12942435532924423f,-0.6548403613260464f,0.09125559166064422f,0f,0.981022896163595f,-0.19389192144798728f,0.8013394861511339f,0.6675077247298472f,-0.14437248162444946f,-0.7304724662679495f,-0.0854684106612222f,0f,0f,0f,1f],start_interpolation:0}
execute if entity @s[tag=aj.tultaria.bone.right_foot] run data modify entity @s {} merge value {transformation:[-0.7446028722923264f,-0.02748671603365882f,-0.6669415589207967f,0.13648697301687623f,0f,0.9991518213376787f,-0.041178124260334514f,0.506594094462073f,0.6675077247298472f,-0.030661349599855392f,-0.743971316024145f,0.33951456101960786f,0f,0f,0f,1f],start_interpolation:0}
execute if entity @s[tag=aj.tultaria.bone.right_leg] run data modify entity @s {} merge value {transformation:[-0.7446028722923264f,-0.3701690700206038f,-0.5554650503623957f,-0.09489512641243737f,0f,0.8321477486829126f,-0.5545539868777071f,0.8013394861511339f,0.6675077247298472f,-0.4129224914703018f,-0.6196196038408898f,0.0814085205212396f,0f,0f,0f,1f],start_interpolation:0}
execute if entity @s[tag=aj.tultaria.bone.lower] run data modify entity @s {} merge value {transformation:[-0.7446028722923264f,0.029116278014345277f,-0.6668724052835061f,0f,0f,0.9990482215818578f,0.043619387365336f,0.86378f,0.6675077247298472f,0.032479121119860795f,-0.7438941753483919f,0f,0f,0f,0f,1f],start_interpolation:0}