execute if entity @s[tag=aj.tultaria.bone.head] run data modify entity @s {} merge value {transformation:[-0.9829828921572411f,0.03882148222793587f,-0.17954811679271804f,0f,0f,0.9774138643245184f,0.21133418518122446f,1.15625f,0.18369712498072877f,0.20773788856113398f,-0.9607811071883003f,0f,0f,0f,0f,1f],start_interpolation:0}
execute if entity @s[tag=aj.tultaria.bone.bust] run data modify entity @s {} merge value {transformation:[-0.7443726015681823f,0f,-0.6677645019276002f,0.7060685517478913f,0f,1f,0f,0f,0.6677645019276002f,0f,-0.7443726015681823f,0.038304049820291064f,0f,0f,0f,1f],start_interpolation:0}
execute if entity @s[tag=aj.tultaria.bone.left_wing] run data modify entity @s {} merge value {transformation:[-0.432168199541804f,0f,-0.9017930179951469f,-0.036947275142938496f,0f,1f,0f,1.0625f,0.9017930179951469f,0f,-0.432168199541804f,-0.13478185656649777f,0f,0f,0f,1f],start_interpolation:0}
execute if entity @s[tag=aj.tultaria.bone.right_wing] run data modify entity @s {} merge value {transformation:[-0.9432530227602411f,0f,-0.33207489374186017f,-0.12999385033896127f,0f,1f,0f,1.0625f,0.33207489374186017f,0f,-0.9432530227602411f,-0.05131129382554778f,0f,0f,0f,1f],start_interpolation:0}
execute if entity @s[tag=aj.tultaria.bone.body] run data modify entity @s {} merge value {transformation:[-0.7443726015681823f,0f,-0.6677645019276002f,0.7060685517478913f,0f,1f,0f,0f,0.6677645019276002f,0f,-0.7443726015681823f,0.038304049820291064f,0f,0f,0f,1f],start_interpolation:0}
execute if entity @s[tag=aj.tultaria.bone.left_hand] run data modify entity @s {} merge value {transformation:[-0.631907019634136f,-0.6143971560211519f,-0.4724506886546191f,0.2760221108578622f,-0.7680576182167547f,0.5780776035758992f,0.275524553067692f,0.9816021587717308f,0.10383166008645656f,0.5369752498179647f,-0.8371837118856439f,-0.4962043089814289f,0f,0f,0f,1f],start_interpolation:0}
execute if entity @s[tag=aj.tultaria.bone.left_arm] run data modify entity @s {} merge value {transformation:[-0.631907019634136f,-0.346076383696842f,-0.6934873143644515f,0.16283150659303988f,-0.7680576182167547f,0.3994899062237267f,0.5004950648353728f,1f,0.10383166008645656f,0.8489045596960085f,-0.5182470789990199f,-0.14607348479666254f,0f,0f,0f,1f],start_interpolation:0}
execute if entity @s[tag=aj.tultaria.bone.rod] run data modify entity @s {} merge value {transformation:[-1.076541979251655f,0.32478692568486245f,0.03458062771415214f,-0.17993379241453142f,0.18791085789568998f,0.5184477262303624f,0.9805745584357535f,0.6068473254681065f,0.26715515415921703f,0.9441135567667391f,-0.550365983265156f,0.7484765274546541f,0f,0f,0f,1f],start_interpolation:0}
execute if entity @s[tag=aj.tultaria.bone.right_hand] run data modify entity @s {} merge value {transformation:[-0.9569262037792489f,-0.09674743977576757f,-0.273737416911663f,-0.25043125944440214f,0.16703187368505776f,0.5877282192892131f,-0.7916286335298827f,0.728291828510326f,0.23747124814152626f,-0.8032530567311675f,-0.546252627598386f,0.378975052730668f,0f,0f,0f,1f],start_interpolation:0}
execute if entity @s[tag=aj.tultaria.bone.right_arm] run data modify entity @s {} merge value {transformation:[-0.9569262037792489f,-0.08209414349604777f,-0.27848301945412346f,-0.16283150659303988f,0.16703187368505776f,0.6288836761333336f,-0.7593455570860234f,1f,0.23747124814152626f,-0.7731532018278617f,-0.5880829302142947f,0.14607348479666254f,0f,0f,0f,1f],start_interpolation:0}
execute if entity @s[tag=aj.tultaria.bone.skirt] run data modify entity @s {} merge value {transformation:[-0.9999757144025169f,0f,0.006969261451262415f,-0.0004355788407039009f,0f,1f,0f,0.453125f,-0.006969261451262415f,0f,-0.9999757144025169f,0.062498482150157304f,0f,0f,0f,1f],start_interpolation:0}
execute if entity @s[tag=aj.tultaria.bone.left_foot] run data modify entity @s {} merge value {transformation:[-0.9999757144025169f,-0.0026670208932188075f,0.006438758011541252f,0.1241258066189068f,0f,0.9238795325112867f,0.3826834323650897f,0f,-0.006969261451262415f,0.38267413866928784f,-0.9238570955448373f,0.1258681219817224f,0f,0f,0f,1f],start_interpolation:0}
execute if entity @s[tag=aj.tultaria.bone.left_leg] run data modify entity @s {} merge value {transformation:[-0.9999757144025169f,0f,0.006969261451262415f,0.12499696430031461f,0f,1f,0f,0.4375f,-0.006969261451262415f,0f,-0.9999757144025169f,0.0008711576814078018f,0f,0f,0f,1f],start_interpolation:0}
execute if entity @s[tag=aj.tultaria.bone.right_foot] run data modify entity @s {} merge value {transformation:[-0.9999757144025169f,-0.002667020893218809f,0.006438758011541252f,-0.1269686306925405f,0f,0.9238795325112867f,0.38268343236508984f,0.08113813357194827f,-0.006969261451262415f,0.382674138669288f,-0.9238570955448373f,0.2820309149295103f,0f,0f,0f,1f],start_interpolation:0}
execute if entity @s[tag=aj.tultaria.bone.right_leg] run data modify entity @s {} merge value {transformation:[-0.9999757144025169f,0.0026670208932188075f,0.006438758011541252f,-0.12499696430031461f,0f,0.9238795325112867f,-0.3826834323650897f,0.4375f,-0.006969261451262415f,-0.38267413866928784f,-0.9238570955448373f,-0.0008711576814078018f,0f,0f,0f,1f],start_interpolation:0}
execute if entity @s[tag=aj.tultaria.bone.lower] run data modify entity @s {} merge value {transformation:[-0.9999757144025169f,0f,0.006969261451262415f,0f,0f,1f,0f,0.5f,-0.006969261451262415f,0f,-0.9999757144025169f,0f,0f,0f,0f,1f],start_interpolation:0}