execute if entity @s[tag=aj.tultaria.bone.head] run data modify entity @s {} merge value {transformation:[-0.7771757615776786f,0.10834881731340797f,-0.6198857712538182f,0f,0.022065429737540845f,0.989152139872543f,0.14522796217005465f,1.15625f,0.6288966150542178f,0.09918960617098409f,-0.7711358308372087f,0f,0f,0f,0f,1f],start_interpolation:0}
execute if entity @s[tag=aj.tultaria.bone.bust] run data modify entity @s {} merge value {transformation:[-0.7331146795705555f,0f,-0.680105040856309f,0.7066098602134323f,0f,1f,0f,0f,0.680105040856309f,0f,-0.7331146795705555f,0.026504819357123288f,0f,0f,0f,1f],start_interpolation:0}
execute if entity @s[tag=aj.tultaria.bone.left_wing] run data modify entity @s {} merge value {transformation:[-0.4170447160351147f,0f,-0.9088859691001894f,-0.039193462633878795f,0f,1f,0f,1.0625f,0.9088859691001894f,0f,-0.4170447160351147f,-0.13414589999983872f,0f,0f,0f,1f],start_interpolation:0}
execute if entity @s[tag=aj.tultaria.bone.right_wing] run data modify entity @s {} merge value {transformation:[-0.9375745788424985f,0f,-0.34778428530960315f,-0.13083279758019828f,0f,1f,0f,1.0625f,0.34778428530960315f,0f,-0.9375745788424985f,-0.04913276989280013f,0f,0f,0f,1f],start_interpolation:0}
execute if entity @s[tag=aj.tultaria.bone.body] run data modify entity @s {} merge value {transformation:[-0.7331146795705555f,0f,-0.680105040856309f,0.7066098602134323f,0f,1f,0f,0f,0.680105040856309f,0f,-0.7331146795705555f,0.026504819357123288f,0f,0f,0f,1f],start_interpolation:0}
execute if entity @s[tag=aj.tultaria.bone.left_hand] run data modify entity @s {} merge value {transformation:[-0.5150715442027329f,-0.5913779913553796f,-0.6204622274507038f,0.25311340638745283f,-0.8566920388165876f,0.33159177484329694f,0.3951273788091016f,1.065100722772484f,-0.0279294643860383f,0.7350639198034068f,-0.6774223046389601f,-0.4993475461989173f,0f,0f,0f,1f],start_interpolation:0}
execute if entity @s[tag=aj.tultaria.bone.left_arm] run data modify entity @s {} merge value {transformation:[-0.5150715442027329f,-0.34350295461098956f,-0.7853069619748272f,0.160368836156059f,-0.8566920388165876f,0.17645282120136385f,0.4847093484949083f,1f,-0.0279294643860383f,0.9224262149698481f,-0.3851620736203255f,-0.1487729776873176f,0f,0f,0f,1f],start_interpolation:0}
execute if entity @s[tag=aj.tultaria.bone.rod] run data modify entity @s {} merge value {transformation:[-0.7978860944309373f,0.3449315597157413f,-0.4943682831916014f,-0.21689293341090726f,0.25749650991937484f,0.9365454763595032f,0.23786155235744283f,0.43192987196757193f,0.5450443355297683f,0.06248831748908962f,-0.8360752851772957f,0.5064067910328579f,0f,0f,0f,1f],start_interpolation:0}
execute if entity @s[tag=aj.tultaria.bone.right_hand] run data modify entity @s {} merge value {transformation:[-0.7978860944309373f,-0.10566772052807967f,-0.5934746103685861f,-0.33070265490501044f,0.25749650991937484f,0.830431173878897f,-0.4940441405678834f,0.6815860446011729f,0.5450443355297683f,-0.5470085906898692f,-0.6353804167728154f,0.22185601742755512f,0f,0f,0f,1f],start_interpolation:0}
execute if entity @s[tag=aj.tultaria.bone.right_arm] run data modify entity @s {} merge value {transformation:[-0.7978860944309373f,0.11661462649182873f,-0.5914210084211725f,-0.160368836156059f,0.25749650991937484f,0.953028778085865f,-0.15947318119202544f,1f,0.5450443355297683f,-0.27953027926923146f,-0.7904362689544167f,0.1487729776873176f,0f,0f,0f,1f],start_interpolation:0}
execute if entity @s[tag=aj.tultaria.bone.skirt] run data modify entity @s {} merge value {transformation:[-0.9992972476203927f,0f,0.03748347500309277f,-0.002342717187693298f,0f,1f,0f,0.453125f,-0.03748347500309277f,0f,-0.9992972476203927f,0.062456077976274546f,0f,0f,0f,1f],start_interpolation:0}
execute if entity @s[tag=aj.tultaria.bone.left_foot] run data modify entity @s {} merge value {transformation:[-0.9992972476203927f,-0.014344304871154585f,0.03463021536275585f,0.1202267215771625f,0f,0.9238795325112867f,0.3826834323650897f,0f,-0.03748347500309277f,0.3824145006723589f,-0.9232302739713439f,0.1295975903279357f,0f,0f,0f,1f],start_interpolation:0}
execute if entity @s[tag=aj.tultaria.bone.left_leg] run data modify entity @s {} merge value {transformation:[-0.9992972476203927f,0f,0.03748347500309277f,0.12491215595254909f,0f,1f,0f,0.4375f,-0.03748347500309277f,0f,-0.9992972476203927f,0.004685434375386596f,0f,0f,0f,1f],start_interpolation:0}
execute if entity @s[tag=aj.tultaria.bone.right_foot] run data modify entity @s {} merge value {transformation:[-0.9992972476203927f,-0.014344304871154588f,0.03463021536275585f,-0.1355165662540237f,0f,0.9238795325112867f,0.38268343236508984f,0.08113813357194827f,-0.03748347500309277f,0.382414500672359f,-0.9232302739713438f,0.2780246939151884f,0f,0f,0f,1f],start_interpolation:0}
execute if entity @s[tag=aj.tultaria.bone.right_leg] run data modify entity @s {} merge value {transformation:[-0.9992972476203927f,0.014344304871154585f,0.03463021536275585f,-0.12491215595254909f,0f,0.9238795325112867f,-0.3826834323650897f,0.4375f,-0.03748347500309277f,-0.3824145006723589f,-0.9232302739713439f,-0.004685434375386596f,0f,0f,0f,1f],start_interpolation:0}
execute if entity @s[tag=aj.tultaria.bone.lower] run data modify entity @s {} merge value {transformation:[-0.9992972476203927f,0f,0.03748347500309277f,0f,0f,1f,0f,0.5f,-0.03748347500309277f,0f,-0.9992972476203927f,0f,0f,0f,0f,1f],start_interpolation:0}