execute if entity @s[tag=aj.tultaria.bone.head] run data modify entity @s {} merge value {transformation:[-0.9680380072815731f,0.026628256948193624f,-0.2493859506672785f,0f,-0.02041166323765483f,0.9826846666763456f,0.1841581110976979f,1.4831699999999999f,0.24997155930664167f,0.18336243293297694f,-0.9507325795020942f,0f,0f,0f,0f,1f],start_interpolation:0}
execute if entity @s[tag=aj.tultaria.bone.bust] run data modify entity @s {} merge value {transformation:[-0.8474757589601842f,0f,-0.5308340964697538f,0.689154927714969f,0f,1f,0f,0.32692f,0.5308340964697538f,0f,-0.8474757589601842f,0.15832083124521523f,0f,0f,0f,1f],start_interpolation:0}
execute if entity @s[tag=aj.tultaria.bone.left_wing] run data modify entity @s {} merge value {transformation:[-0.2542499140581734f,0.07879370727085194f,-0.9639235098782095f,-0.013387027123707651f,-0.3733182661981264f,0.9114352738537052f,0.1729717135778168f,1.3894199999999999f,0.8921829707656587f,0.40382829676700066f,-0.2023172098612151f,-0.13911160089938268f,0f,0f,0f,1f],start_interpolation:0}
execute if entity @s[tag=aj.tultaria.bone.right_wing] run data modify entity @s {} merge value {transformation:[-0.9136933455006158f,0.32895172412974066f,0.23865295636124734f,-0.11932149699373074f,0.3733182661981264f,0.9114352738537052f,0.1729717135778168f,1.3894199999999999f,-0.1606173792300113f,0.24713661154772776f,-0.9555760318896609f,-0.07275733884066349f,0f,0f,0f,1f],start_interpolation:0}
execute if entity @s[tag=aj.tultaria.bone.body] run data modify entity @s {} merge value {transformation:[-0.8474757589601842f,0f,-0.5308340964697538f,0.689154927714969f,0f,1f,0f,0.32692f,0.5308340964697538f,0f,-0.8474757589601842f,0.15832083124521523f,0f,0f,0f,1f],start_interpolation:0}
execute if entity @s[tag=aj.tultaria.bone.left_hand] run data modify entity @s {} merge value {transformation:[-0.564412427276499f,-0.6937578782418586f,-0.44736854864105635f,0.3731116107431627f,-0.824476670862876f,0.4468741840208516f,0.3471911330356331f,1.3278618619565732f,-0.04094912866862302f,0.5648039217578544f,-0.824208528728154f,-0.4331375306915933f,0f,0f,0f,1f],start_interpolation:0}
execute if entity @s[tag=aj.tultaria.bone.left_arm] run data modify entity @s {} merge value {transformation:[-0.564412427276499f,-0.5580739298830283f,-0.6082697598276308f,0.1853853222725403f,-0.824476670862876f,0.34454861321455243f,0.44891477179393124f,1.3269199999999999f,-0.04094912866862302f,0.7548773025577347f,-0.6545864549044985f,-0.11611995860275864f,0f,0f,0f,1f],start_interpolation:0}
execute if entity @s[tag=aj.tultaria.bone.rod] run data modify entity @s {} merge value {transformation:[-0.9690454462875137f,0.2775823730724187f,0.074286975257564f,-0.20525551393052105f,0.12006661624842792f,0.15374151219034493f,0.991749545296633f,0.8351809131428385f,0.2610642376812383f,0.9596515925547721f,-0.18037153382671905f,0.6314886306507641f,0f,0f,0f,1f],start_interpolation:0}
execute if entity @s[tag=aj.tultaria.bone.sword] run data modify entity @s {} merge value {transformation:[-0.000009587371049352501f,-0.0000010133153777739282f,-0.0000026562206811943255f,-0.247667082902846f,0.0000011878939269813756f,0.000007060641343852946f,-0.00000698113542568222f,0.8061690093567699f,0.000002582871344120401f,-0.000007008604408770791f,-0.000006648927722654258f,0.6083932549011986f,0f,0f,0f,1f],start_interpolation:0}
execute if entity @s[tag=aj.tultaria.bone.right_hand] run data modify entity @s {} merge value {transformation:[-0.95873710493525f,-0.10133153777739282f,-0.2656220681194325f,-0.27645759911197243f,0.11878939269813756f,0.7060641343852945f,-0.6981135425682219f,1.0126907707162962f,0.2582871344120401f,-0.700860440877079f,-0.6648927722654258f,0.28555436878868135f,0f,0f,0f,1f],start_interpolation:0}
execute if entity @s[tag=aj.tultaria.bone.right_arm] run data modify entity @s {} merge value {transformation:[-0.95873710493525f,-0.07157359454418621f,-0.2751370280140426f,-0.1853853222725403f,0.11878939269813756f,0.7784030296305758f,-0.616423396412197f,1.3269199999999999f,0.2582871344120401f,-0.6236713429571422f,-0.7377816832717193f,0.11611995860275864f,0f,0f,0f,1f],start_interpolation:0}
execute if entity @s[tag=aj.tultaria.bone.skirt] run data modify entity @s {} merge value {transformation:[-0.7061419568415216f,-0.21904080588248198f,-0.6733384454688293f,0.04276451066295371f,0f,0.9509485910757393f,-0.30934895689345177f,0.7773634029030169f,0.7080702908525585f,-0.2184442777676256f,-0.6715046989579104f,0.04264804728150407f,0f,0f,0f,1f],start_interpolation:0}
execute if entity @s[tag=aj.tultaria.bone.left_foot] run data modify entity @s {} merge value {transformation:[-0.7061419568415216f,-0.19564575205596363f,-0.6805044279727231f,0.2663350533437182f,0f,0.961069030524294f,-0.27630837585403356f,0.3871080971671794f,0.7080702908525585f,-0.19511293721726997f,-0.678651165874209f,0.08907358006460603f,0f,0f,0f,1f],start_interpolation:0}
execute if entity @s[tag=aj.tultaria.bone.left_leg] run data modify entity @s {} merge value {transformation:[-0.7061419568415216f,-0.21904080588248198f,-0.6733384454688293f,0.08633739508652871f,0f,0.9509485910757393f,-0.30934895689345177f,0.7644794861511339f,0.7080702908525585f,-0.2184442777676256f,-0.6715046989579104f,-0.09043387882846898f,0f,0f,0f,1f],start_interpolation:0}
execute if entity @s[tag=aj.tultaria.bone.right_foot] run data modify entity @s {} merge value {transformation:[-0.7061419568415216f,-0.1956457520559636f,-0.6805044279727231f,0.1783531643237676f,0f,0.9610690305242938f,-0.27630837585403367f,0.5131152578403184f,0.7080702908525585f,-0.19511293721727002f,-0.6786511658742089f,0.3544035891723588f,0f,0f,0f,1f],start_interpolation:0}
execute if entity @s[tag=aj.tultaria.bone.right_leg] run data modify entity @s {} merge value {transformation:[-0.7061419568415216f,-0.4600427847949884f,-0.538260320798495f,-0.09019809412385169f,0f,0.7601792191427743f,-0.6497134405131866f,0.7644794861511339f,0.7080702908525585f,-0.45878992027021914f,-0.5367944413557385f,0.08658369388467063f,0f,0f,0f,1f],start_interpolation:0}
execute if entity @s[tag=aj.tultaria.bone.lower] run data modify entity @s {} merge value {transformation:[-0.7061419568415216f,0.030885592298583876f,-0.7073963648311973f,0f,0f,0.9990482215818578f,0.043619387365336f,0.82692f,0.7080702908525585f,0.030801479550386705f,-0.7054698661668551f,0f,0f,0f,0f,1f],start_interpolation:0}