execute if entity @s[tag=aj.tultaria.bone.head] run data modify entity @s {} merge value {transformation:[-0.978341016315047f,-0.02529544608516554f,0.20544828109038427f,0f,0f,0.9925054434776859f,0.12220042826096034f,1.15625f,-0.20699965167999934f,0.11955369117896192f,-0.9710087842701757f,0f,0f,0f,0f,1f],start_interpolation:0}
execute if entity @s[tag=aj.tultaria.bone.bust] run data modify entity @s {} merge value {transformation:[-0.9999568932893929f,0f,0.009285018202778564f,0.4953359375433071f,0f,1f,0f,0f,-0.009285018202778564f,0f,-0.9999568932893929f,0.5046209557460857f,0f,0f,0f,1f],start_interpolation:0}
execute if entity @s[tag=aj.tultaria.bone.left_wing] run data modify entity @s {} merge value {transformation:[-0.9273929297390546f,0f,-0.37408869786457477f,0.06365793310593437f,0f,1f,0f,1.0625f,0.37408869786457477f,0f,-0.9273929297390546f,-0.12441429802350057f,0f,0f,0f,1f],start_interpolation:0}
execute if entity @s[tag=aj.tultaria.bone.right_wing] run data modify entity @s {} merge value {transformation:[-0.9202864844682312f,0f,0.3912451744176585f,-0.061336678555239776f,0f,1f,0f,1.0625f,-0.3912451744176585f,0f,-0.9202864844682312f,-0.12557492529884784f,0f,0f,0f,1f],start_interpolation:0}
execute if entity @s[tag=aj.tultaria.bone.body] run data modify entity @s {} merge value {transformation:[-0.9999568932893929f,0f,0.009285018202778564f,0.4953359375433071f,0f,1f,0f,0f,-0.009285018202778564f,0f,-0.9999568932893929f,0.5046209557460857f,0f,0f,0f,1f],start_interpolation:0}
execute if entity @s[tag=aj.tultaria.bone.left_hand] run data modify entity @s {} merge value {transformation:[-0.9327670263847007f,-0.08627283500348376f,0.35000381773618555f,0.4298466609535232f,-0.2427306837616401f,0.8681519621668095f,-0.4328902698681562f,0.7360915643467647f,-0.2665098303065948f,-0.48874243577407944f,-0.830724588430829f,-0.14469566746539034f,0f,0f,0f,1f],start_interpolation:0}
execute if entity @s[tag=aj.tultaria.bone.left_arm] run data modify entity @s {} merge value {transformation:[-0.9327670263847007f,-0.309192292177735f,0.1853262014592688f,0.2187405704070547f,-0.2427306837616401f,0.9188135434613449f,0.3112289952954478f,1f,-0.2665098303065948f,0.24531978886727704f,-0.932089433230559f,0.002031097731857811f,0f,0f,0f,1f],start_interpolation:0}
execute if entity @s[tag=aj.tultaria.bone.rod] run data modify entity @s {} merge value {transformation:[-0.12538987319136388f,-0.26388021204016576f,0.1848114282977558f,0.10569138864357586f,-0.1145326610659135f,-0.14884725835321722f,-0.29023682375718085f,0.38442238301954246f,0.3011150940836077f,-0.1665003844113685f,-0.03343609936359579f,1.048308821888923f,0f,0f,0f,1f],start_interpolation:0}
execute if entity @s[tag=aj.tultaria.bone.right_hand] run data modify entity @s {} merge value {transformation:[-0.9766749593995946f,-0.02432741547149543f,-0.2133405740553765f,-0.36652963092486057f,0.1813773547292814f,0.4383186327719758f,-0.8803289336130639f,0.6716454090940568f,0.11492727645432461f,-0.8984903744734181f,-0.4236823906010353f,0.07596790048129222f,0f,0f,0f,1f],start_interpolation:0}
execute if entity @s[tag=aj.tultaria.bone.right_arm] run data modify entity @s {} merge value {transformation:[-0.9766749593995946f,0.11392767049364812f,-0.18200689431362505f,-0.2187405704070547f,0.1813773547292814f,0.8914121537073229f,-0.41531509413249185f,1f,0.11492727645432461f,-0.4386397817329875f,-0.8912838285350119f,-0.002031097731857811f,0f,0f,0f,1f],start_interpolation:0}
execute if entity @s[tag=aj.tultaria.bone.skirt] run data modify entity @s {} merge value {transformation:[-0.9964811659049547f,0f,-0.08381697916712409f,0.005238561197945256f,0f,1f,0f,0.453125f,0.08381697916712409f,0f,-0.9964811659049547f,0.06228007286905967f,0f,0f,0f,1f],start_interpolation:0}
execute if entity @s[tag=aj.tultaria.bone.left_foot] run data modify entity @s {} merge value {transformation:[-0.9964811659049547f,0.03207536927814827f,-0.07743679152943087f,0.13503726813400985f,0f,0.9238795325112867f,0.3826834323650897f,0f,0.08381697916712409f,0.3813368328556745f,-0.9206285537125716f,0.11408302334222883f,0f,0f,0f,1f],start_interpolation:0}
execute if entity @s[tag=aj.tultaria.bone.left_leg] run data modify entity @s {} merge value {transformation:[-0.9964811659049547f,0f,-0.08381697916712409f,0.12456014573811934f,0f,1f,0f,0.4375f,0.08381697916712409f,0f,-0.9964811659049547f,-0.010477122395890512f,0f,0f,0f,1f],start_interpolation:0}
execute if entity @s[tag=aj.tultaria.bone.right_foot] run data modify entity @s {} merge value {transformation:[-0.9964811659049547f,0.032075369278148275f,-0.07743679152943087f,-0.10084757273775061f,0f,0.9238795325112867f,0.38268343236508984f,0.08113813357194827f,0.08381697916712409f,0.3813368328556746f,-0.9206285537125716f,0.2923905559843195f,0f,0f,0f,1f],start_interpolation:0}
execute if entity @s[tag=aj.tultaria.bone.right_leg] run data modify entity @s {} merge value {transformation:[-0.9964811659049547f,-0.03207536927814827f,-0.07743679152943087f,-0.12456014573811934f,0f,0.9238795325112867f,-0.3826834323650897f,0.4375f,0.08381697916712409f,-0.3813368328556745f,-0.9206285537125716f,0.010477122395890512f,0f,0f,0f,1f],start_interpolation:0}
execute if entity @s[tag=aj.tultaria.bone.lower] run data modify entity @s {} merge value {transformation:[-0.9964811659049547f,0f,-0.08381697916712409f,0f,0f,1f,0f,0.5f,0.08381697916712409f,0f,-0.9964811659049547f,0f,0f,0f,0f,1f],start_interpolation:0}