execute if entity @s[tag=aj.tultaria.bone.head] run data modify entity @s {} merge value {transformation:[-0.9767320467567804f,-0.031199502312535796f,0.21218176145409023f,0f,-0.0141948200996095f,0.9965968837468587f,0.08119826591984443f,1.49227248f,-0.21399302773840578f,0.07629706653273191f,-0.9738509853760224f,0f,0f,0f,0f,1f],start_interpolation:0}
execute if entity @s[tag=aj.tultaria.bone.bust] run data modify entity @s {} merge value {transformation:[-0.9939951341303471f,0f,0.10942428124138232f,0.44228542644448243f,0f,1f,0f,0.33602248f,-0.10942428124138232f,0f,-0.9939951341303471f,0.5517097076858647f,0f,0f,0f,1f],start_interpolation:0}
execute if entity @s[tag=aj.tultaria.bone.left_wing] run data modify entity @s {} merge value {transformation:[-0.7779956709203378f,-0.18570226732286987f,-0.60019780401161f,0.07580273103831947f,-0.3510047557314812f,0.9207963200126295f,0.17008762008177586f,1.39852248f,0.5210742725208152f,0.34299971568843124f,-0.7815579297496498f,-0.11741037418870703f,0f,0f,0f,1f],start_interpolation:0}
execute if entity @s[tag=aj.tultaria.bone.right_wing] run data modify entity @s {} merge value {transformation:[-0.6460131564273449f,0.10664095126785848f,0.7558403993142104f,-0.04844666072797388f,0.3510047557314812f,0.9207963200126295f,0.17008762008177586f,1.39852248f,-0.6778367526009946f,0.37518241505151273f,-0.6322780181687897f,-0.13108840934387989f,0f,0f,0f,1f],start_interpolation:0}
execute if entity @s[tag=aj.tultaria.bone.body] run data modify entity @s {} merge value {transformation:[-0.9939951341303471f,0f,0.10942428124138232f,0.44228542644448243f,0f,1f,0f,0.33602248f,-0.10942428124138232f,0f,-0.9939951341303471f,0.5517097076858647f,0f,0f,0f,1f],start_interpolation:0}
execute if entity @s[tag=aj.tultaria.bone.left_hand] run data modify entity @s {} merge value {transformation:[-0.23841214629495389f,-0.830875275651582f,0.5027980954716726f,0.5855321735777191f,-0.8926675033631831f,0.3913952671813141f,0.223504973697252f,1.33599044125843f,-0.382497551545595f,-0.3955452200937022f,-0.8350087436204783f,0.03967549889170455f,0f,0f,0f,1f],start_interpolation:0}
execute if entity @s[tag=aj.tultaria.bone.left_arm] run data modify entity @s {} merge value {transformation:[-0.23841214629495389f,-0.9257858249804471f,0.2933943673016008f,0.21743643559101344f,-0.8926675033631831f,0.32788821736047846f,0.3092475470484919f,1.33602248f,-0.382497551545595f,-0.18817524593165996f,-0.9045914546800584f,0.02393656152155238f,0f,0f,0f,1f],start_interpolation:0}
execute if entity @s[tag=aj.tultaria.bone.rod] run data modify entity @s {} merge value {transformation:[-0.9768390600315732f,0.43070397269515764f,0.11713740204239367f,-0.5108280453358803f,-0.4356707153211529f,-0.8587698167632538f,-0.47554922130517835f,1.8202946008233551f,-0.0970469518541795f,-0.48005220755352773f,0.9558103365285374f,-0.28229394962943344f,0f,0f,0f,1f],start_interpolation:0}
execute if entity @s[tag=aj.tultaria.bone.sword] run data modify entity @s {} merge value {transformation:[-0.000009095471254986789f,0.0000026656278971329243f,-0.000003188546779292369f,-0.554197706035647f,-0.000004056584784514042f,-0.000007362305458263127f,0.00000541669440021108f,1.8330085283727382f,-9.036163653665186e-7f,0.000006220199856375646f,0.000007777698323475018f,-0.2486597898799146f,0f,0f,0f,1f],start_interpolation:0}
execute if entity @s[tag=aj.tultaria.bone.right_hand] run data modify entity @s {} merge value {transformation:[-0.9095471254986789f,0.2665627897132924f,-0.3188546779292369f,-0.4507238339345503f,-0.40565847845140424f,-0.7362305458263126f,0.541669440021108f,1.6119168261411263f,-0.09036163653665184f,0.6220199856375646f,0.7777698323475017f,0.048184774028091015f,0f,0f,0f,1f],start_interpolation:0}
execute if entity @s[tag=aj.tultaria.bone.right_arm] run data modify entity @s {} merge value {transformation:[-0.9095471254986789f,0.4039803097727217f,-0.09759065433240088f,-0.21743643559101344f,-0.40565847845140424f,-0.9140202011218244f,-0.0028759001566039497f,1.33602248f,-0.09036163653665184f,0.03697270962689837f,0.9952224843648088f,-0.02393656152155238f,0f,0f,0f,1f],start_interpolation:0}
execute if entity @s[tag=aj.tultaria.bone.skirt] run data modify entity @s {} merge value {transformation:[-0.9701740424331542f,-0.06816164155805769f,-0.23262914264774137f,0.014640524257297005f,0f,0.9596538851062804f,-0.2811839625590729f,0.7864658829030169f,0.24240942099867396f,-0.27279738162330847f,-0.9310312890502417f,0.05859449085570064f,0f,0f,0f,1f],start_interpolation:0}
execute if entity @s[tag=aj.tultaria.bone.left_foot] run data modify entity @s {} merge value {transformation:[-0.9701740424331542f,-0.053134950032706386f,-0.23651427964064695f,0.17951025691454045f,0f,0.9756810550772314f,-0.2191950701165077f,0.3888813867370204f,0.24240942099867396f,-0.212657367256351f,-0.9465804333297224f,0.2027816881311006f,0f,0f,0f,1f],start_interpolation:0}
execute if entity @s[tag=aj.tultaria.bone.left_leg] run data modify entity @s {} merge value {transformation:[-0.9701740424331542f,-0.06816164155805769f,-0.23262914264774137f,0.12061089590192253f,0f,0.9596538851062804f,-0.2811839625590729f,0.773581966151134f,0.24240942099867396f,-0.27279738162330847f,-0.9310312890502417f,-0.0329460774603771f,0f,0f,0f,1f],start_interpolation:0}
execute if entity @s[tag=aj.tultaria.bone.right_foot] run data modify entity @s {} merge value {transformation:[-0.9701740424331542f,-0.053134950032706366f,-0.23651427964064692f,-0.03182953999244337f,0f,0.9756810550772312f,-0.21919507011650768f,0.511147374228751f,0.24240942099867396f,-0.21265736725635098f,-0.9465804333297223f,0.38826793995460407f,0f,0f,0f,1f],start_interpolation:0}
execute if entity @s[tag=aj.tultaria.bone.right_leg] run data modify entity @s {} merge value {transformation:[-0.9701740424331542f,-0.15199646431444597f,-0.18883697261082028f,-0.12193261470636602f,0f,0.7790001388265074f,-0.6270237505137123f,0.773581966151134f,0.24240942099867396f,-0.6083221667374857f,-0.755765713741301f,0.02765627778929139f,0f,0f,0f,1f],start_interpolation:0}
execute if entity @s[tag=aj.tultaria.bone.lower] run data modify entity @s {} merge value {transformation:[-0.9701740424331542f,0.010573750435547974f,-0.24217870094341307f,0f,0f,0.9990482215818578f,0.043619387365336f,0.83602248f,0.24240942099867396f,0.04231839736868568f,-0.9692506517177245f,0f,0f,0f,0f,1f],start_interpolation:0}