execute if entity @s[tag=aj.tultaria.bone.head] run data modify entity @s {} merge value {transformation:[-0.9750857700505356f,-0.03315323030167745f,0.21933673738231302f,0f,-0.014708557105299901f,0.9962554954074853f,0.08519768904299103f,1.494870625f,-0.22134000856789074f,0.07984892729993308f,-0.9719221930876031f,0f,0f,0f,0f,1f],start_interpolation:0}
execute if entity @s[tag=aj.tultaria.bone.bust] run data modify entity @s {} merge value {transformation:[-0.9938510672394568f,0f,0.11072513782783294f,0.4415629647058119f,0f,1f,0f,0.338620625f,-0.11072513782783294f,0f,-0.9938510672394568f,0.5522881025336449f,0f,0f,0f,1f],start_interpolation:0}
execute if entity @s[tag=aj.tultaria.bone.left_wing] run data modify entity @s {} merge value {transformation:[-0.7856344528737765f,-0.1848991881623583f,-0.590415782880694f,0.07595633393094514f,-0.3443065131861158f,0.923534548321467f,0.168928869747841f,1.401120625f,0.5140345624910263f,0.33600033969263304f,-0.7892225543476913f,-0.11731106229069244f,0f,0f,0f,1f],start_interpolation:0}
execute if entity @s[tag=aj.tultaria.bone.right_wing] run data modify entity @s {} merge value {transformation:[-0.6532374643576345f,0.10641559736198955f,0.7496376029773981f,-0.048275049473986975f,0.3443065131861158f,0.923534548321467f,0.168928869747841f,1.401120625f,-0.6743395584846164f,0.36845577576522653f,-0.6399269498685126f,-0.13115170451917157f,0f,0f,0f,1f],start_interpolation:0}
execute if entity @s[tag=aj.tultaria.bone.body] run data modify entity @s {} merge value {transformation:[-0.9938510672394568f,0f,0.11072513782783294f,0.4415629647058119f,0f,1f,0f,0.338620625f,-0.11072513782783294f,0f,-0.9938510672394568f,0.5522881025336449f,0f,0f,0f,1f],start_interpolation:0}
execute if entity @s[tag=aj.tultaria.bone.left_hand] run data modify entity @s {} merge value {transformation:[-0.23508610139981972f,-0.8164627043964345f,0.5273738496155206f,0.5853026959553778f,-0.8928353008876903f,0.3958428370273571f,0.214833828488254f,1.3382220896458308f,-0.3841609694092061f,-0.4203535425136718f,-0.8220238736671738f,0.0440518027085588f,0f,0f,0f,1f],start_interpolation:0}
execute if entity @s[tag=aj.tultaria.bone.left_arm] run data modify entity @s {} merge value {transformation:[-0.23508610139981972f,-0.9232903599922884f,0.3037588452604202f,0.21740492095863118f,-0.8928353008876903f,0.32864749284609185f,0.30795446243684366f,1.338620625f,-0.3841609694092061f,-0.19881080602242987f,-0.9016066841984318f,0.024221123899838458f,0f,0f,0f,1f],start_interpolation:0}
execute if entity @s[tag=aj.tultaria.bone.rod] run data modify entity @s {} merge value {transformation:[-1.0248117259491938f,0.41837344033089485f,0.1429286644742915f,-0.5124334496060058f,-0.42711723090081405f,-0.8437043817075047f,-0.5928218954296962f,1.8525240770737048f,-0.11417447074689711f,-0.5990247015432068f,0.934792816359014f,-0.2150145672754582f,0f,0f,0f,1f],start_interpolation:0}
execute if entity @s[tag=aj.tultaria.bone.sword] run data modify entity @s {} merge value {transformation:[-0.000009181986593870328f,0.000002772908730937246f,-0.00000282879821830359f,-0.5543871493601487f,-0.000003826834323650898f,-0.000008053724402880003f,0.000004526904273538659f,1.8617850835945082f,-0.000001022966885736261f,0.000005239131646785295f,0.00000845606518058724f,-0.1785735332593813f,0f,0f,0f,1f],start_interpolation:0}
execute if entity @s[tag=aj.tultaria.bone.right_hand] run data modify entity @s {} merge value {transformation:[-0.9181986593870328f,0.2772908730937246f,-0.282879821830359f,-0.443809349924654f,-0.3826834323650898f,-0.8053724402880003f,0.4526904273538659f,1.607095715384938f,-0.10229668857362609f,0.5239131646785294f,0.8456065180587239f,0.08715368423633085f,0f,0f,0f,1f],start_interpolation:0}
execute if entity @s[tag=aj.tultaria.bone.right_arm] run data modify entity @s {} merge value {transformation:[-0.9181986593870328f,0.39114532789424705f,-0.06258238063830457f,-0.21740492095863118f,-0.3826834323650898f,-0.9167119144630287f,-0.1148592898933429f,1.338620625f,-0.10229668857362609f,-0.0815144057699691f,0.9914084875362121f,-0.024221123899838458f,0f,0f,0f,1f],start_interpolation:0}
execute if entity @s[tag=aj.tultaria.bone.skirt] run data modify entity @s {} merge value {transformation:[-0.9739343684391868f,-0.06194701030395139f,-0.21820727276459995f,0.013699591414969924f,0f,0.9619859761556362f,-0.2730988496495138f,0.7890640279030169f,0.22682999354794853f,-0.2659803556548677f,-0.9369112041344942f,0.058821598960162334f,0f,0f,0f,1f],start_interpolation:0}
execute if entity @s[tag=aj.tultaria.bone.left_foot] run data modify entity @s {} merge value {transformation:[-0.9739343684391868f,-0.04598854916657325f,-0.2221191106557832f,0.17550113557378677f,0f,0.9792316579545749f,-0.20274456850809702f,0.3894486027892324f,0.22682999354794853f,-0.19745990328440893f,-0.9537073663456468f,0.20247140564198768f,0f,0f,0f,1f],start_interpolation:0}
execute if entity @s[tag=aj.tultaria.bone.left_leg] run data modify entity @s {} merge value {transformation:[-0.9739343684391868f,-0.06194701030395139f,-0.21820727276459995f,0.12112340947023306f,0f,0.9619859761556362f,-0.2730988496495138f,0.776180111151134f,0.22682999354794853f,-0.2659803556548677f,-0.9369112041344942f,-0.03100890047382874f,0f,0f,0f,1f],start_interpolation:0}
execute if entity @s[tag=aj.tultaria.bone.right_foot] run data modify entity @s {} merge value {transformation:[-0.9739343684391868f,-0.04598854916657322f,-0.22211911065578316f,-0.038551841486464775f,0f,0.979231657954575f,-0.2027445685080969f,0.5106271001606352f,0.22682999354794853f,-0.19745990328440882f,-0.9537073663456468f,0.3855444125435996f,0f,0f,0f,1f],start_interpolation:0}
execute if entity @s[tag=aj.tultaria.bone.right_leg] run data modify entity @s {} merge value {transformation:[-0.9739343684391868f,-0.1407358830286689f,-0.17789113862444972f,-0.12236018263956364f,0f,0.7842487487742495f,-0.6204465327858832f,0.776180111151134f,0.22682999354794853f,-0.6042742020591024f,-0.7638068098366713f,0.025698597913158393f,0f,0f,0f,1f],start_interpolation:0}
execute if entity @s[tag=aj.tultaria.bone.lower] run data modify entity @s {} merge value {transformation:[-0.9739343684391868f,0.009894185354644633f,-0.22661410165550225f,0f,0f,0.9990482215818578f,0.043619387365336f,0.838620625f,0.22682999354794853f,0.042482420485362764f,-0.9730073987266195f,0f,0f,0f,0f,1f],start_interpolation:0}