execute if entity @s[tag=aj.tultaria.bone.head] run data modify entity @s {} merge value {transformation:[-0.9638354562600558f,0.02421314025636561f,-0.2653958121276506f,0f,-0.022665635416818604f,0.9848077530122068f,0.1721625934348113f,1.4725000000000001f,0.2655324504220181f,0.1719517765129917f,-0.9486438237436137f,0f,0f,0f,0f,1f],start_interpolation:0}
execute if entity @s[tag=aj.tultaria.bone.bust] run data modify entity @s {} merge value {transformation:[-0.8614934017021194f,0f,-0.5077687651123398f,0.6846310834072296f,0f,1f,0f,0.31625000000000003f,0.5077687651123398f,0f,-0.8614934017021194f,0.1768623182948898f,0f,0f,0f,1f],start_interpolation:0}
execute if entity @s[tag=aj.tultaria.bone.left_wing] run data modify entity @s {} merge value {transformation:[-0.2391497908650213f,0.08159393069105209f,-0.967548349181373f,-0.009627758032660028f,-0.3971312574337452f,0.9010877016016581f,0.1741485526535712f,1.3787500000000001f,0.8860553830874844f,0.4258912824848907f,-0.18309143509477993f,-0.13942222303228619f,0f,0f,0f,1f],start_interpolation:0}
execute if entity @s[tag=aj.tultaria.bone.right_wing] run data modify entity @s {} merge value {transformation:[-0.8910213736493593f,0.3330839406597832f,0.30844124266148104f,-0.11731443324542501f,0.3971312574337452f,0.9010877016016581f,0.1741485526535712f,1.3787500000000001f,-0.21992652425094406f,0.2776617411470137f,-0.9351664458448601f,-0.07595112739324372f,0f,0f,0f,1f],start_interpolation:0}
execute if entity @s[tag=aj.tultaria.bone.body] run data modify entity @s {} merge value {transformation:[-0.8614934017021194f,0f,-0.5077687651123398f,0.6846310834072296f,0f,1f,0f,0.31625000000000003f,0.5077687651123398f,0f,-0.8614934017021194f,0.1768623182948898f,0f,0f,0f,1f],start_interpolation:0}
execute if entity @s[tag=aj.tultaria.bone.left_hand] run data modify entity @s {} merge value {transformation:[-0.44537071181779586f,-0.726651437699636f,-0.5230894924809344f,0.38324396266336797f,-0.8837631516877616f,0.2631093422702864f,0.3869575761359524f,1.3740865943648921f,-0.14355354671279977f,0.6346267896166602f,-0.7593689598127031f,-0.41840662052820066f,0f,0f,0f,1f],start_interpolation:0}
execute if entity @s[tag=aj.tultaria.bone.left_arm] run data modify entity @s {} merge value {transformation:[-0.44537071181779586f,-0.6210858139276253f,-0.6449010317814422f,0.1884516816223386f,-0.8837631516877616f,0.18946409030618538f,0.4278621859937657f,1.3162500000000001f,-0.14355354671279977f,0.7604970547098182f,-0.6332745131488139f,-0.11107441736832434f,0f,0f,0f,1f],start_interpolation:0}
execute if entity @s[tag=aj.tultaria.bone.rod] run data modify entity @s {} merge value {transformation:[-1.0657569005463903f,0.31319463146726323f,0.025283452936743805f,-0.19252297296600132f,0.12112950010503702f,0.32702165891040536f,1.0549655823970554f,0.8556827248491754f,0.2899271880604219f,1.0146594791643841f,-0.347816428881393f,0.6478158822438119f,0f,0f,0f,1f],start_interpolation:0}
execute if entity @s[tag=aj.tultaria.bone.sword] run data modify entity @s {} merge value {transformation:[-0.000009591812104917512f,-0.0000012944903589698733f,-0.000002514246458581958f,-0.23428291606847146f,0.0000010901655009453332f,0.000006510990678856357f,-0.000007511227566809187f,0.8238806128202114f,0.000002609344692543797f,-0.00000747872282481305f,-0.000006104099047780418f,0.6273571201215405f,0f,0f,0f,1f],start_interpolation:0}
execute if entity @s[tag=aj.tultaria.bone.right_hand] run data modify entity @s {} merge value {transformation:[-0.9591812104917512f,-0.1294490358969873f,-0.2514246458581958f,-0.272494442159646f,0.10901655009453332f,0.6510990678856357f,-0.7511227566809187f,1.005954530721174f,0.2609344692543797f,-0.7478722824813049f,-0.6104099047780418f,0.29106253821606737f,0f,0f,0f,1f],start_interpolation:0}
execute if entity @s[tag=aj.tultaria.bone.right_arm] run data modify entity @s {} merge value {transformation:[-0.9591812104917512f,-0.0902032394221837f,-0.26802011312086804f,-0.1884516816223386f,0.10901655009453332f,0.7565633889998477f,-0.6447691294025725f,1.3162500000000001f,0.2609344692543797f,-0.6476690621164556f,-0.7158477413054578f,0.11107441736832434f,0f,0f,0f,1f],start_interpolation:0}
execute if entity @s[tag=aj.tultaria.bone.skirt] run data modify entity @s {} merge value {transformation:[-0.7014652249977016f,-0.2437590154141997f,-0.669722390639005f,0.04304434827394637f,0f,0.9396926207859084f,-0.3420201433256687f,0.7666934029030169f,0.7127036818474589f,-0.23991523679168636f,-0.6591616956682671f,0.04236559206288163f,0f,0f,0f,1f],start_interpolation:0}
execute if entity @s[tag=aj.tultaria.bone.left_foot] run data modify entity @s {} merge value {transformation:[-0.7014652249977016f,-0.2437590154141997f,-0.669722390639005f,0.27610004007485034f,0f,0.9396926207859084f,-0.3420201433256687f,0.38544648247300767f,0.7127036818474589f,-0.23991523679168636f,-0.6591616956682671f,0.09635782511318333f,0f,0f,0f,1f],start_interpolation:0}
execute if entity @s[tag=aj.tultaria.bone.left_leg] run data modify entity @s {} merge value {transformation:[-0.7014652249977016f,-0.2437590154141997f,-0.669722390639005f,0.08574017200126235f,0f,0.9396926207859084f,-0.3420201433256687f,0.753809486151134f,0.7127036818474589f,-0.23991523679168636f,-0.6591616956682671f,-0.09100030294171282f,0f,0f,0f,1f],start_interpolation:0}
execute if entity @s[tag=aj.tultaria.bone.right_foot] run data modify entity @s {} merge value {transformation:[-0.7014652249977016f,-0.2437590154141998f,-0.6697223906390048f,0.18671073723239454f,0f,0.9396926207859083f,-0.3420201433256688f,0.5156994272486622f,0.7127036818474589f,-0.23991523679168644f,-0.6591616956682671f,0.3591549978227757f,0f,0f,0f,1f],start_interpolation:0}
execute if entity @s[tag=aj.tultaria.bone.right_leg] run data modify entity @s {} merge value {transformation:[-0.7014652249977016f,-0.4814956283877703f,-0.5254602724872645f,-0.08962613424816304f,0f,0.737277336810124f,-0.6755902076156602f,0.753809486151134f,0.7127036818474589f,-0.4739030369913631f,-0.5171744129512199f,0.0871756175201519f,0f,0f,0f,1f],start_interpolation:0}
execute if entity @s[tag=aj.tultaria.bone.lower] run data modify entity @s {} merge value {transformation:[-0.7014652249977016f,0.031087697975205497f,-0.712025345864546f,0f,0f,0.9990482215818578f,0.043619387365336f,0.81625f,0.7127036818474589f,0.03059748337248732f,-0.7007975855354716f,0f,0f,0f,0f,1f],start_interpolation:0}