execute if entity @s[tag=aj.tultaria.bone.head] run data modify entity @s {} merge value {transformation:[-0.9775189580123893f,-0.025565985825123518f,0.20929182281007117f,0f,-0.012084874343084846f,0.9977833044884208f,0.06544030177405408f,1.49758032f,-0.21050093239338513f,0.06143987022249476f,-0.9756610578518333f,0f,0f,0f,0f,1f],start_interpolation:0}
execute if entity @s[tag=aj.tultaria.bone.bust] run data modify entity @s {} merge value {transformation:[-0.9915344428166447f,0f,0.1298439398211783f,0.43084525149773323f,0f,1f,0f,0.34133031999999996f,-0.1298439398211783f,0f,-0.9915344428166447f,0.5606891913189115f,0f,0f,0f,1f],start_interpolation:0}
execute if entity @s[tag=aj.tultaria.bone.left_wing] run data modify entity @s {} merge value {transformation:[-0.8024229565237929f,-0.18970760001865192f,-0.5657989265974073f,0.07820139515368763f,-0.3371677089750802f,0.9264139017527809f,0.16755661330930627f,1.40383032f,0.4923772282184776f,0.32522040085817483f,-0.8073390588826587f,-0.11582655911325701f,0f,0f,0f,1f],start_interpolation:0}
execute if entity @s[tag=aj.tultaria.bone.right_wing] run data modify entity @s {} merge value {transformation:[-0.6485841841640311f,0.09957003797235528f,0.754602122704715f,-0.04574041019839292f,0.3371677089750802f,0.9264139017527809f,0.16755661330930627f,1.40383032f,-0.682390278416079f,0.36310203824458553f,-0.6344292062522449f,-0.1320570515909043f,0f,0f,0f,1f],start_interpolation:0}
execute if entity @s[tag=aj.tultaria.bone.body] run data modify entity @s {} merge value {transformation:[-0.9915344428166447f,0f,0.1298439398211783f,0.43084525149773323f,0f,1f,0f,0.34133031999999996f,-0.1298439398211783f,0f,-0.9915344428166447f,0.5606891913189115f,0f,0f,0f,1f],start_interpolation:0}
execute if entity @s[tag=aj.tultaria.bone.left_hand] run data modify entity @s {} merge value {transformation:[-0.22732731149790564f,-0.8044608309522426f,0.5487850808019124f,0.5843312391882104f,-0.8928680262557451f,0.39713486941005877f,0.2122983353416269f,1.340976098361471f,-0.388727386657159f,-0.44173144212551013f,-0.8085569564974459f,0.055514132380070594f,0f,0f,0f,1f],start_interpolation:0}
execute if entity @s[tag=aj.tultaria.bone.left_arm] run data modify entity @s {} merge value {transformation:[-0.22732731149790564f,-0.9192124259807595f,0.32151331134138283f,0.21689815936614104f,-0.8928680262557451f,0.32853450757676017f,0.30798013738139995f,1.34133032f,-0.388727386657159f,-0.21705665908666005f,-0.8954202508369089f,0.028403361835882754f,0f,0f,0f,1f],start_interpolation:0}
execute if entity @s[tag=aj.tultaria.bone.rod] run data modify entity @s {} merge value {transformation:[-1.0083970619501077f,0.4228131025968408f,0.12698458852484448f,-0.5095768646078016f,-0.4212579223474908f,-0.8268519266585452f,-0.5921303017415404f,1.8577902112810725f,-0.1320521423902924f,-0.591020821675079f,0.9192482037168465f,-0.2224666602569103f,0f,0f,0f,1f],start_interpolation:0}
execute if entity @s[tag=aj.tultaria.bone.sword] run data modify entity @s {} merge value {transformation:[-0.00000916058377498281f,0.000002699778260165672f,-0.0000029656200443513517f,-0.5521050328625199f,-0.000003826834323650898f,-0.000008096340416050534f,0.000004450237176460836f,1.8666918407843236f,-0.0000011996015842141388f,0.000005211570705014329f,0.000008449880876425858f,-0.18660659859933343f,0f,0f,0f,1f],start_interpolation:0}
execute if entity @s[tag=aj.tultaria.bone.right_hand] run data modify entity @s {} merge value {transformation:[-0.9160583774982809f,0.26997782601656717f,-0.29656200443513514f,-0.44540543040598085f,-0.3826834323650898f,-0.8096340416050533f,0.44502371764608356f,1.609805410384938f,-0.11996015842141387f,0.5211570705014329f,0.8449880876425857f,0.07859075213645011f,0f,0f,0f,1f],start_interpolation:0}
execute if entity @s[tag=aj.tultaria.bone.right_arm] run data modify entity @s {} merge value {transformation:[-0.9160583774982809f,0.3926425749789972f,-0.08166307200368762f,-0.21689815936614104f,-0.3826834323650898f,-0.9167119144630287f,-0.1148592898933429f,1.34133032f,-0.11996015842141387f,-0.07396671004845175f,0.9900194372819747f,-0.028403361835882754f,0f,0f,0f,1f],start_interpolation:0}
execute if entity @s[tag=aj.tultaria.bone.skirt] run data modify entity @s {} merge value {transformation:[-0.9733763427100656f,-0.06066024697417011f,-0.2210403354354349f,0.013843501436649103f,0f,0.9643456262721067f,-0.264646014687277f,0.7917737229030168f,0.22921277331854106f,-0.257600169889096f,-0.9386712188091909f,0.05878789651910317f,0f,0f,0f,1f],start_interpolation:0}
execute if entity @s[tag=aj.tultaria.bone.left_foot] run data modify entity @s {} merge value {transformation:[-0.9733763427100656f,-0.04252508276199295f,-0.22523346285235357f,0.17521606027260794f,0f,0.9826392290072886f,-0.18552667090195313f,0.39006934649299685f,0.22921277331854106f,-0.1805872723977171f,-0.9564777789345532f,0.19872875002875295f,0f,0f,0f,1f],start_interpolation:0}
execute if entity @s[tag=aj.tultaria.bone.left_leg] run data modify entity @s {} merge value {transformation:[-0.9733763427100656f,-0.06066024697417011f,-0.2210403354354349f,0.12104716029197918f,0f,0.9643456262721067f,-0.264646014687277f,0.7788898061511339f,0.22921277331854106f,-0.257600169889096f,-0.9386712188091909f,-0.03130522664887541f,0f,0f,0f,1f],start_interpolation:0}
execute if entity @s[tag=aj.tultaria.bone.right_foot] run data modify entity @s {} merge value {transformation:[-0.9733763427100656f,-0.04252508276199295f,-0.2252334628523536f,-0.03814563884799811f,0f,0.9826392290072885f,-0.18552667090195307f,0.5101045232346023f,0.22921277331854106f,-0.18058727239771705f,-0.9564777789345531f,0.3833553265623734f,0f,0f,0f,1f],start_interpolation:0}
execute if entity @s[tag=aj.tultaria.bone.right_leg] run data modify entity @s {} merge value {transformation:[-0.9733763427100656f,-0.1406312348720785f,-0.18100097024803816f,-0.12229692538553721f,0f,0.7896635411173089f,-0.6135401305783283f,0.7788898061511339f,0.22921277331854106f,-0.5972054484081893f,-0.7686398096242455f,0.02599796668075986f,0f,0f,0f,1f],start_interpolation:0}
execute if entity @s[tag=aj.tultaria.bone.lower] run data modify entity @s {} merge value {transformation:[-0.9733763427100656f,0.009998120748464394f,-0.22899461354773396f,0f,0f,0.9990482215818578f,0.043619387365336f,0.84133032f,0.22921277331854106f,0.042458079744924396f,-0.972449904114344f,0f,0f,0f,0f,1f],start_interpolation:0}