execute if entity @s[tag=aj.tultaria.bone.head] run data modify entity @s {} merge value {transformation:[-0.9814995664954612f,-0.010345501436823609f,0.19118465306933638f,0f,-0.005800517401184254f,0.9996874666598803f,0.02431713389832895f,1.51569216f,-0.1913764744348176f,0.022758286472653887f,-0.9812528244187266f,0f,0f,0f,0f,1f],start_interpolation:0}
execute if entity @s[tag=aj.tultaria.bone.bust] run data modify entity @s {} merge value {transformation:[-0.9855731745699686f,0f,0.16924986726161484f,0.4081616536541769f,0f,1f,0f,0.35944215999999996f,-0.16924986726161484f,0f,-0.9855731745699686f,0.5774115209157917f,0f,0f,0f,1f],start_interpolation:0}
execute if entity @s[tag=aj.tultaria.bone.left_wing] run data modify entity @s {} merge value {transformation:[-0.8638614802869875f,-0.18453700950449897f,-0.4687103956597413f,0.08275455681832489f,-0.28557176145132807f,0.9459183968874278f,0.15390632050537892f,1.42194216f,0.414960373937031f,0.2668041951564014f,-0.8698410254230279f,-0.11261853011739509f,0f,0f,0f,1f],start_interpolation:0}
execute if entity @s[tag=aj.tultaria.bone.right_wing] run data modify entity @s {} merge value {transformation:[-0.6759324347187077f,0.08495447601691053f,0.7320505998221245f,-0.040442090002921205f,0.28557176145132807f,0.9459183968874278f,0.15390632050537892f,1.42194216f,-0.6793850990099989f,0.3130832532005039f,-0.6636375244126597f,-0.13377476352509698f,0f,0f,0f,1f],start_interpolation:0}
execute if entity @s[tag=aj.tultaria.bone.body] run data modify entity @s {} merge value {transformation:[-0.9855731745699686f,0f,0.16924986726161484f,0.4081616536541769f,0f,1f,0f,0.35944215999999996f,-0.16924986726161484f,0f,-0.9855731745699686f,0.5774115209157917f,0f,0f,0f,1f],start_interpolation:0}
execute if entity @s[tag=aj.tultaria.bone.left_hand] run data modify entity @s {} merge value {transformation:[-0.20245890077564782f,-0.735094298094572f,0.6470291851265795f,0.5816855267567126f,-0.8926945212635016f,0.41017972400989344f,0.1866790982335617f,1.3627934072379877f,-0.4026249932664942f,-0.5398045636339289f,-0.7392591885645651f,0.07835193712153139f,0f,0f,0f,1f],start_interpolation:0}
execute if entity @s[tag=aj.tultaria.bone.left_arm] run data modify entity @s {} merge value {transformation:[-0.20245890077564782f,-0.91362122731448f,0.35257147714626613f,0.21559413193718063f,-0.8926945212635016f,0.32020139227302746f,0.3171238876094687f,1.35944216f,-0.4026249932664942f,-0.2505340723071383f,-0.8804122860401014f,0.03702340846347825f,0f,0f,0f,1f],start_interpolation:0}
execute if entity @s[tag=aj.tultaria.bone.rod] run data modify entity @s {} merge value {transformation:[-0.930216683142245f,0.49973265309556136f,-0.032350804285392054f,-0.4634179840964846f,-0.4731426196253977f,-0.8994041748462365f,-0.2886010541685144f,1.7749082574553017f,-0.16405901560675246f,-0.2396284256995253f,1.0157486075298907f,-0.433751596278482f,0f,0f,0f,1f],start_interpolation:0}
execute if entity @s[tag=aj.tultaria.bone.sword] run data modify entity @s {} merge value {transformation:[-0.0000088051345938678f,0.0000016316224337094339f,-0.000004450551990224208f,-0.5117959921564974f,-0.000004478617211877894f,-0.000005939433407098857f,0.000006683196740490978f,1.7922400633892346f,-0.0000015529303440089097f,0.000007877876556309719f,0.0000059604922875717434f,-0.41066469600551725f,0f,0f,0f,1f],start_interpolation:0}
execute if entity @s[tag=aj.tultaria.bone.right_hand] run data modify entity @s {} merge value {transformation:[-0.88051345938678f,0.16316224337094337f,-0.44505519902242074f,-0.45786404271018344f,-0.4478617211877894f,-0.5939433407098856f,0.6683196740490978f,1.6357194639452317f,-0.15529303440089096f,0.7877876556309719f,0.5960492287571743f,-0.06382507182222076f,0f,0f,0f,1f],start_interpolation:0}
execute if entity @s[tag=aj.tultaria.bone.right_arm] run data modify entity @s {} merge value {transformation:[-0.88051345938678f,0.39193043044074594f,-0.2666206772425146f,-0.21559413193718063f,-0.4478617211877894f,-0.8721177984424362f,0.19705436898132941f,1.35944216f,-0.15529303440089096f,0.2929182195331159f,0.9434420968623959f,-0.03702340846347825f,0f,0f,0f,1f],start_interpolation:0}
execute if entity @s[tag=aj.tultaria.bone.skirt] run data modify entity @s {} merge value {transformation:[-0.9782704154385438f,-0.043053728724210746f,-0.2028136354406208f,0.012522056933673859f,0f,0.9782021433366892f,-0.20765492233873847f,0.8098855629030168f,0.20733305158054025f,-0.20314266714417625f,-0.9569462171448568f,0.059083478226295366f,0f,0f,0f,1f],start_interpolation:0}
execute if entity @s[tag=aj.tultaria.bone.left_foot] run data modify entity @s {} merge value {transformation:[-0.9782704154385438f,-0.014354236907498097f,-0.20683556309421836f,0.16590627888357973f,0f,0.9976005345866015f,-0.06923274797757978f,0.3949950737336747f,0.20733305158054025f,-0.06772834912597903f,-0.975923089411748f,0.17990959030867532f,0f,0f,0f,1f],start_interpolation:0}
execute if entity @s[tag=aj.tultaria.bone.left_leg] run data modify entity @s {} merge value {transformation:[-0.9782704154385438f,-0.043053728724210746f,-0.2028136354406208f,0.12171856813665992f,0f,0.9782021433366892f,-0.20765492233873847f,0.7970016461511339f,0.20733305158054025f,-0.20314266714417625f,-0.9569462171448568f,-0.028583603710008905f,0f,0f,0f,1f],start_interpolation:0}
execute if entity @s[tag=aj.tultaria.bone.right_foot] run data modify entity @s {} merge value {transformation:[-0.9782704154385438f,-0.014354236907498083f,-0.20683556309421838f,-0.05012853732427913f,0f,0.9976005345866014f,-0.06923274797757983f,0.5071551392417899f,0.20733305158054025f,-0.06772834912597903f,-0.9759230894117479f,0.3663706022141064f,0f,0f,0f,1f],start_interpolation:0}
execute if entity @s[tag=aj.tultaria.bone.right_leg] run data modify entity @s {} merge value {transformation:[-0.9782704154385438f,-0.11738987690745037f,-0.17089941801349887f,-0.12284903572297602f,0f,0.8242748404593444f,-0.566189886332953f,0.7970016461511339f,0.20733305158054025f,-0.5538868153200398f,-0.8063636906117022f,0.023249659185126156f,0f,0f,0f,1f],start_interpolation:0}
execute if entity @s[tag=aj.tultaria.bone.lower] run data modify entity @s {} merge value {transformation:[-0.9782704154385438f,0.009043740690528775f,-0.20713571645667833f,0f,0f,0.9990482215818578f,0.043619387365336f,0.85944216f,0.20733305158054025f,0.042671556199062016f,-0.9773393187700223f,0f,0f,0f,0f,1f],start_interpolation:0}