execute if entity @s[tag=aj.tultaria.bone.head] run data modify entity @s {} merge value {transformation:[-0.98722524494973f,-0.0010309541648793105f,0.15932750191807918f,0f,0.0015008397453741822f,0.9998745296141222f,0.015769353474277006f,1.5637877777777778f,-0.1593237685155743f,0.015807028893751827f,-0.9870998301203114f,0f,0f,0f,0f,1f],start_interpolation:0}
execute if entity @s[tag=aj.tultaria.bone.bust] run data modify entity @s {} merge value {transformation:[-0.9938944853690049f,0f,0.11033472686820214f,0.4417798792504014f,0f,1f,0f,0.4075377777777778f,-0.11033472686820214f,0f,-0.9938944853690049f,0.5521146061186035f,0f,0f,0f,1f],start_interpolation:0}
execute if entity @s[tag=aj.tultaria.bone.left_wing] run data modify entity @s {} merge value {transformation:[-0.9288195142675081f,-0.08420120117365047f,-0.36083856173749596f,0.07591024619408804f,-0.11970915425468368f,0.9898054003662734f,0.07716856739236289f,1.4700377777777778f,0.3506622710008857f,0.11487135033016607f,-0.9294302257672845f,-0.117340890241863f,0f,0f,0f,1f],start_interpolation:0}
execute if entity @s[tag=aj.tultaria.bone.right_wing] run data modify entity @s {} merge value {transformation:[-0.8292970732085715f,0.05695728020859222f,0.5558976817715082f,-0.04832656447703754f,0.11970915425468368f,0.9898054003662734f,0.07716856739236289f,1.4700377777777778f,-0.5458352157522686f,0.1305417084191915f,-0.8276610294122063f,-0.13113273110038826f,0f,0f,0f,1f],start_interpolation:0}
execute if entity @s[tag=aj.tultaria.bone.body] run data modify entity @s {} merge value {transformation:[-0.9938944853690049f,0f,0.11033472686820214f,0.4417798792504014f,0f,1f,0f,0.4075377777777778f,-0.11033472686820214f,0f,-0.9938944853690049f,0.5521146061186035f,0f,0f,0f,1f],start_interpolation:0}
execute if entity @s[tag=aj.tultaria.bone.left_hand] run data modify entity @s {} merge value {transformation:[-0.44143748404192507f,-0.5378809533923914f,0.7182040292705321f,0.5782272242122963f,-0.8059386180923919f,0.5895460318938205f,-0.05383697749294772f,1.3353752208614547f,-0.3944564507649241f,-0.6025940227515889f,-0.6937467493213908f,0.005457599562001845f,0f,0f,0f,1f],start_interpolation:0}
execute if entity @s[tag=aj.tultaria.bone.left_arm] run data modify entity @s {} merge value {transformation:[-0.44143748404192507f,-0.8550089247053576f,0.2721997177752457f,0.21741441867446984f,-0.8059386180923919f,0.5111686920478297f,0.29861264564220463f,1.4075377777777778f,-0.3944564507649241f,-0.08755744939352285f,-0.9147337325722933f,0.02413572150241922f,0f,0f,0f,1f],start_interpolation:0}
execute if entity @s[tag=aj.tultaria.bone.rod] run data modify entity @s {} merge value {transformation:[-0.8467123549422099f,0.027063708736737375f,0.03807549944032817f,-0.46843462324301577f,-0.019288984649069436f,0.426957230564175f,-0.7324202743918118f,1.562118050528465f,-0.04254554100520239f,-0.732174213516416f,-0.4256933144908335f,-0.027735980895392365f,0f,0f,0f,1f],start_interpolation:0}
execute if entity @s[tag=aj.tultaria.bone.sword] run data modify entity @s {} merge value {transformation:[-0.00000964487139970583f,0.000002594312881999589f,-4.959801945919851e-7f,-0.4957482250309432f,-0.0000025846434259635327f,-0.000009656942135318974f,-2.511711681789286e-7f,1.915751915554725f,-5.44126863663253e-7f,-1.1405816670393588e-7f,0.000009984533874490487f,0.19813126509272477f,0f,0f,0f,1f],start_interpolation:0}
execute if entity @s[tag=aj.tultaria.bone.right_hand] run data modify entity @s {} merge value {transformation:[-0.964487139970583f,0.25943128819995886f,-0.049598019459198506f,-0.3721961141021278f,-0.25846434259635326f,-0.9656942135318973f,-0.02511711681789286f,1.5597313214350015f,-0.0544126863663253f,-0.011405816670393587f,0.9984533874490487f,0.27355865118473177f,0f,0f,0f,1f],start_interpolation:0}
execute if entity @s[tag=aj.tultaria.bone.right_arm] run data modify entity @s {} merge value {transformation:[-0.964487139970583f,0.22497419050565612f,0.13838775392963754f,-0.21741441867446984f,-0.25846434259635326f,-0.6959516995378978f,-0.6699607566988868f,1.4075377777777778f,-0.0544126863663253f,-0.6819368339638466f,0.7293842704951647f,-0.02413572150241922f,0f,0f,0f,1f],start_interpolation:0}
execute if entity @s[tag=aj.tultaria.bone.skirt] run data modify entity @s {} merge value {transformation:[-0.9721028687978842f,-0.012520938195996183f,-0.23422049137856288f,0.014166145208115651f,0f,0.9985741811195098f,-0.05338168975876048f,0.8579811806807947f,0.2345549242180249f,-0.05189249375576971f,-0.9707168261737734f,0.05871098397327258f,0f,0f,0f,1f],start_interpolation:0}
execute if entity @s[tag=aj.tultaria.bone.left_foot] run data modify entity @s {} merge value {transformation:[-0.9721028687978842f,0.056267189344401884f,-0.2277059856003013f,0.15562888410168466f,0f,0.9708002778429955f,0.2398891838744774f,0.4148937709089713f,0.2345549242180249f,0.2331969638379626f,-0.9437177351209589f,0.11207304553805222f,0f,0f,0f,1f],start_interpolation:0}
execute if entity @s[tag=aj.tultaria.bone.left_leg] run data modify entity @s {} merge value {transformation:[-0.9721028687978842f,-0.012520938195996183f,-0.23422049137856288f,0.12087341221861596f,0f,0.9985741811195098f,-0.05338168975876048f,0.8450972639289117f,0.2345549242180249f,-0.05189249375576971f,-0.9707168261737734f,-0.0319695237518187f,0f,0f,0f,1f],start_interpolation:0}
execute if entity @s[tag=aj.tultaria.bone.right_foot] run data modify entity @s {} merge value {transformation:[-0.9721028687978842f,0.05626718934440189f,-0.22770598560030136f,-0.05142724837866926f,0f,0.9708002778429956f,0.23988918387447744f,0.5043456624154428f,0.2345549242180249f,0.23319696383796268f,-0.9437177351209591f,0.3197861846933254f,0f,0f,0f,1f],start_interpolation:0}
execute if entity @s[tag=aj.tultaria.bone.right_leg] run data modify entity @s {} merge value {transformation:[-0.9721028687978842f,-0.10120014009810603f,-0.21159996247411558f,-0.1221523049808551f,0f,0.902133959368203f,-0.431456045680959f,0.8450972639289117f,0.2345549242180249f,-0.41941965976665124f,-0.876967009941824f,0.02666920730268753f,0f,0f,0f,1f],start_interpolation:0}
execute if entity @s[tag=aj.tultaria.bone.lower] run data modify entity @s {} merge value {transformation:[-0.9721028687978842f,0.010231142097913058f,-0.2343316799032852f,0f,0f,0.9990482215818578f,0.043619387365336f,0.9075377777777778f,0.2345549242180249f,0.04240253159304931f,-0.9711776422671483f,0f,0f,0f,0f,1f],start_interpolation:0}