execute if entity @s[tag=aj.tultaria.bone.head] run data modify entity @s {} merge value {transformation:[-0.9827455606064145f,-0.00648728129592319f,0.18484879845368624f,0f,-0.003944353368330866f,0.9998925110119552f,0.014121207409878938f,1.52222608f,-0.1849205374881051f,0.013148444911648221f,-0.9826655144104303f,0f,0f,0f,0f,1f],start_interpolation:0}
execute if entity @s[tag=aj.tultaria.bone.bust] run data modify entity @s {} merge value {transformation:[-0.9844470642599912f,0f,0.1756814664951446f,0.4043827988824233f,0f,1f,0f,0.36597608000000004f,-0.1756814664951446f,0f,-0.9844470642599912f,0.5800642653775678f,0f,0f,0f,1f],start_interpolation:0}
execute if entity @s[tag=aj.tultaria.bone.left_wing] run data modify entity @s {} merge value {transformation:[-0.880457683130847f,-0.17737659038157244f,-0.4396951368851703f,0.08348812482814255f,-0.26537289632105443f,0.9528748128624996f,0.14699257433772359f,1.42847608f,0.39290137962857263f,0.24610391341233104f,-0.886036889575767f,-0.11207579137655244f,0f,0f,0f,1f],start_interpolation:0}
execute if entity @s[tag=aj.tultaria.bone.right_wing] run data modify entity @s {} merge value {transformation:[-0.6902049475040022f,0.08130059353254976f,0.7190322273252101f,-0.03956775820435632f,0.26537289632105443f,0.9528748128624996f,0.14699257433772359f,1.42847608f,-0.6731971155160815f,0.29226666676771645f,-0.679253884168001f,-0.13403597468844552f,0f,0f,0f,1f],start_interpolation:0}
execute if entity @s[tag=aj.tultaria.bone.body] run data modify entity @s {} merge value {transformation:[-0.9844470642599912f,0f,0.1756814664951446f,0.4043827988824233f,0f,1f,0f,0.36597608000000004f,-0.1756814664951446f,0f,-0.9844470642599912f,0.5800642653775678f,0f,0f,0f,1f],start_interpolation:0}
execute if entity @s[tag=aj.tultaria.bone.left_hand] run data modify entity @s {} merge value {transformation:[-0.20608711698192272f,-0.7125895549129502f,0.670629723799238f,0.5815511060020634f,-0.8902285868424584f,0.4210461701136019f,0.17381940570933715f,1.3680707200884665f,-0.406227969719662f,-0.5611918111141955f,-0.7211397837838447f,0.07883991394869733f,0f,0f,0f,1f],start_interpolation:0}
execute if entity @s[tag=aj.tultaria.bone.left_arm] run data modify entity @s {} merge value {transformation:[-0.20608711698192272f,-0.9133145741313639f,0.35126142528510623f,0.21534779530687306f,-0.8902285868424584f,0.32401466628412556f,0.3201680171429777f,1.36597608f,-0.406227969719662f,-0.24672045864101277f,-0.8798339911059413f,0.03843032079581288f,0f,0f,0f,1f],start_interpolation:0}
execute if entity @s[tag=aj.tultaria.bone.rod] run data modify entity @s {} merge value {transformation:[-0.921557673480388f,0.49471997993974814f,-0.032718483978165874f,-0.4591277044354272f,-0.4638602410487092f,-0.8846952378410448f,-0.3118251372349741f,1.7857966368076779f,-0.17507722444580753f,-0.26010263529190214f,0.9983894470048047f,-0.4278974202205484f,0f,0f,0f,1f],start_interpolation:0}
execute if entity @s[tag=aj.tultaria.bone.sword] run data modify entity @s {} merge value {transformation:[-0.000008806396335472486f,0.0000015420303404842394f,-0.000004479902455590165f,-0.5076472357443577f,-0.0000044326440379096584f,-0.000006020501405367341f,0.000006641176828029336f,1.8030751405705978f,-0.0000016730362864447084f,0.000007834264819177093f,0.000005985419310895717f,-0.40506900559586445f,0f,0f,0f,1f],start_interpolation:0}
execute if entity @s[tag=aj.tultaria.bone.right_hand] run data modify entity @s {} merge value {transformation:[-0.8806396335472486f,0.15420303404842392f,-0.4479902455590165f,-0.4573003473621453f,-0.44326440379096577f,-0.6020501405367341f,0.6641176828029336f,1.6430425444567693f,-0.16730362864447082f,0.7834264819177092f,0.5985419310895717f,-0.059294748115211f,0f,0f,0f,1f],start_interpolation:0}
execute if entity @s[tag=aj.tultaria.bone.right_arm] run data modify entity @s {} merge value {transformation:[-0.8806396335472486f,0.390525637431616f,-0.2682602511263964f,-0.21534779530687306f,-0.44326440379096577f,-0.8790557588439691f,0.17543557556861908f,1.36597608f,-0.16730362864447082f,0.2734057412562562f,0.9472374551771637f,-0.03843032079581288f,0f,0f,0f,1f],start_interpolation:0}
execute if entity @s[tag=aj.tultaria.bone.skirt] run data modify entity @s {} merge value {transformation:[-0.9786838572426887f,-0.03838608836679677f,-0.20175335385680435f,0.01240365418730671f,0f,0.9823771394004167f,-0.1869094860713446f,0.8164194829030169f,0.20537260667521468f,-0.18292529678355213f,-0.9614366480554384f,0.05910844839757677f,0f,0f,0f,1f],start_interpolation:0}
execute if entity @s[tag=aj.tultaria.bone.left_foot] run data modify entity @s {} merge value {transformation:[-0.9786838572426887f,-0.0055371271039703004f,-0.205297948835362f,0.16378867584261053f,0f,0.9996364761539461f,-0.026961371302682863f,0.39710925342236975f,0.20537260667521468f,-0.026386658863061963f,-0.978328082322833f,0.17186972312300264f,0f,0f,0f,1f],start_interpolation:0}
execute if entity @s[tag=aj.tultaria.bone.left_leg] run data modify entity @s {} merge value {transformation:[-0.9786838572426887f,-0.03838608836679677f,-0.20175335385680435f,0.1217755929500364f,0f,0.9823771394004167f,-0.1869094860713446f,0.803535566151134f,0.20537260667521468f,-0.18292529678355213f,-0.9614366480554384f,-0.028339675226731212f,0f,0f,0f,1f],start_interpolation:0}
execute if entity @s[tag=aj.tultaria.bone.right_foot] run data modify entity @s {} merge value {transformation:[-0.9786838572426887f,-0.005537127103970307f,-0.20529794883536198f,-0.05213820513391883f,0f,0.999636476153946f,-0.02696137130268278f,0.5063321804010684f,0.20537260667521468f,-0.026386658863061963f,-0.9783280823228329f,0.36019010269860485f,0f,0f,0f,1f],start_interpolation:0}
execute if entity @s[tag=aj.tultaria.bone.right_leg] run data modify entity @s {} merge value {transformation:[-0.9786838572426887f,-0.11267178732034355f,-0.17170607419253314f,-0.12289537136063577f,0f,0.8360709686276551f,-0.5486213041962684f,0.803535566151134f,0.20537260667521468f,-0.5369268141563185f,-0.8182491605051444f,0.023003476442072457f,0f,0f,0f,1f],start_interpolation:0}
execute if entity @s[tag=aj.tultaria.bone.lower] run data modify entity @s {} merge value {transformation:[-0.9786838572426887f,0.008958227284794978f,-0.2051771374605036f,0f,0f,0.9990482215818578f,0.043619387365336f,0.86597608f,0.20537260667521468f,0.04268959027727004f,-0.9777523670691809f,0f,0f,0f,0f,1f],start_interpolation:0}