execute if entity @s[tag=aj.tultaria.bone.head] run data modify entity @s {} merge value {transformation:[-0.9896066468535664f,-0.0032485087314829426f,0.14376415302245027f,0f,4.336808689942018e-19f,0.999744805921869f,0.022590330503214885f,1.15625f,-0.14380085014783817f,0.02235554122060032f,-0.9893541050976102f,0f,0f,0f,0f,1f],start_interpolation:0}
execute if entity @s[tag=aj.tultaria.bone.bust] run data modify entity @s {} merge value {transformation:[-0.9141690825275384f,0f,0.40533305879333215f,0.2544180118671031f,0f,1f,0f,0f,-0.40533305879333215f,0f,-0.9141690825275384f,0.6597510706604353f,0f,0f,0f,1f],start_interpolation:0}
execute if entity @s[tag=aj.tultaria.bone.left_wing] run data modify entity @s {} merge value {transformation:[-0.9996963507918871f,0f,0.024641554605670246f,0.10780220000713764f,0f,1f,0f,1.0625f,-0.024641554605670246f,0f,-0.9996963507918871f,-0.08893781914135901f,0f,0f,0f,1f],start_interpolation:0}
execute if entity @s[tag=aj.tultaria.bone.right_wing] run data modify entity @s {} merge value {transformation:[-0.689467858411741f,0f,0.7243162791330369f,-0.006468935308804602f,0f,1f,0f,1.0625f,-0.7243162791330369f,0f,-0.689467858411741f,-0.13960445149052547f,0f,0f,0f,1f],start_interpolation:0}
execute if entity @s[tag=aj.tultaria.bone.body] run data modify entity @s {} merge value {transformation:[-0.9141690825275384f,0f,0.40533305879333215f,0.2544180118671031f,0f,1f,0f,0f,-0.40533305879333215f,0f,-0.9141690825275384f,0.6597510706604353f,0f,0f,0f,1f],start_interpolation:0}
execute if entity @s[tag=aj.tultaria.bone.left_hand] run data modify entity @s {} merge value {transformation:[-0.7651942312677851f,0.17836751646834684f,0.6185974599878483f,0.4362582640961251f,-0.19331680357832237f,0.8528549971645623f,-0.48504326329276537f,0.7226030227101218f,-0.6140898972371747f,-0.4907375906534454f,-0.6181182857923616f,0.034232416266332825f,0f,0f,0f,1f],start_interpolation:0}
execute if entity @s[tag=aj.tultaria.bone.left_arm] run data modify entity @s {} merge value {transformation:[-0.7651942312677851f,-0.3275185443558129f,0.5542647305553123f,0.19997448680289903f,-0.19331680357832237f,0.9380877121811056f,0.2874370499936977f,1f,-0.6140898972371747f,0.11279648646065431f,-0.7811341438916671f,0.08866660661104141f,0f,0f,0f,1f],start_interpolation:0}
execute if entity @s[tag=aj.tultaria.bone.rod] run data modify entity @s {} merge value {transformation:[-0.7991225029483354f,0.5583529242409384f,-0.4310758093158401f,-0.36785206541265847f,-0.07238335114562641f,-0.7128633545939851f,-0.7891562609889532f,1.6595335523457095f,-0.7016729949646364f,-0.5623601744191429f,0.572352302754828f,-0.1079267285931032f,0f,0f,0f,1f],start_interpolation:0}
execute if entity @s[tag=aj.tultaria.bone.right_hand] run data modify entity @s {} merge value {transformation:[-0.7497035666688918f,0.07250564487065136f,-0.6577898551861632f,-0.4228861804844346f,-0.06790705595338657f,-0.9971615936617628f,-0.03251750109828172f,1.2815332670852633f,-0.6582804826786878f,0.020290085949155434f,0.7524992481966275f,-0.006255540337591389f,0f,0f,0f,1f],start_interpolation:0}
execute if entity @s[tag=aj.tultaria.bone.right_arm] run data modify entity @s {} merge value {transformation:[-0.7497035666688918f,0.2805420655247853f,-0.5993669256766088f,-0.19997448680289903f,-0.06790705595338657f,-0.9335290959455058f,-0.35201144693732594f,1f,-0.6582804826786878f,-0.22320299391865983f,0.718920878560402f,-0.08866660661104141f,0f,0f,0f,1f],start_interpolation:0}
execute if entity @s[tag=aj.tultaria.bone.skirt] run data modify entity @s {} merge value {transformation:[-0.9820510049033092f,0f,0.18861554487475474f,-0.011788471554672171f,0f,1f,0f,0.453125f,-0.18861554487475474f,0f,-0.9820510049033092f,0.061378187806456826f,0f,0f,0f,1f],start_interpolation:0}
execute if entity @s[tag=aj.tultaria.bone.left_foot] run data modify entity @s {} merge value {transformation:[-0.9820510049033092f,-0.07218004411008275f,0.17425804142325002f,0.09917943250356931f,0f,0.9238795325112867f,0.3826834323650897f,0f,-0.18861554487475474f,0.37581464931398395f,-0.9072968233123087f,0.146333318722258f,0f,0f,0f,1f],start_interpolation:0}
execute if entity @s[tag=aj.tultaria.bone.left_leg] run data modify entity @s {} merge value {transformation:[-0.9820510049033092f,0f,0.18861554487475474f,0.12275637561291365f,0f,1f,0f,0.4375f,-0.18861554487475474f,0f,-0.9820510049033092f,0.023576943109344342f,0f,0f,0f,1f],start_interpolation:0}
execute if entity @s[tag=aj.tultaria.bone.right_foot] run data modify entity @s {} merge value {transformation:[-0.9820510049033092f,-0.07218004411008277f,0.17425804142325f,-0.1761174000889811f,0f,0.9238795325112867f,0.38268343236508984f,0.08113813357194827f,-0.18861554487475474f,0.375814649313984f,-0.9072968233123087f,0.25425406887956226f,0f,0f,0f,1f],start_interpolation:0}
execute if entity @s[tag=aj.tultaria.bone.right_leg] run data modify entity @s {} merge value {transformation:[-0.9820510049033092f,0.07218004411008275f,0.17425804142325002f,-0.12275637561291365f,0f,0.9238795325112867f,-0.3826834323650897f,0.4375f,-0.18861554487475474f,-0.37581464931398395f,-0.9072968233123087f,-0.023576943109344342f,0f,0f,0f,1f],start_interpolation:0}
execute if entity @s[tag=aj.tultaria.bone.lower] run data modify entity @s {} merge value {transformation:[-0.9820510049033092f,0f,0.18861554487475474f,0f,0f,1f,0f,0.5f,-0.18861554487475474f,0f,-0.9820510049033092f,0f,0f,0f,0f,1f],start_interpolation:0}