execute if entity @s[tag=aj.tultaria.bone.head] run data modify entity @s {} merge value {transformation:[-0.9810183653044888f,0.030136073450551665f,-0.1915588265058321f,0f,-0.004447044399680279f,0.9840941081368093f,0.17759225807034834f,1.568711875f,0.193863845859448f,0.17507313730952814f,-0.9652803768134849f,0f,0f,0f,0f,1f],start_interpolation:0}
execute if entity @s[tag=aj.tultaria.bone.bust] run data modify entity @s {} merge value {transformation:[-0.8225618766905392f,0f,-0.5686756184463497f,0.6956187475684444f,0f,1f,0f,0.412461875f,0.5686756184463497f,0f,-0.8225618766905392f,0.1269431291220947f,0f,0f,0f,1f],start_interpolation:0}
execute if entity @s[tag=aj.tultaria.bone.left_wing] run data modify entity @s {} merge value {transformation:[-0.4838373133611744f,0.009038164086363404f,-0.8751112876596832f,-0.019674335012635047f,-0.10074443220393459f,0.9927239020843254f,0.06595311676014712f,1.474961875f,0.8693399873348445f,0.12007316861155426f,-0.479406320984855f,-0.13836246073921427f,0f,0f,0f,1f],start_interpolation:0}
execute if entity @s[tag=aj.tultaria.bone.right_wing] run data modify entity @s {} merge value {transformation:[-0.9842029887714638f,0.10914103953039707f,-0.1394012567502254f,-0.12249456959895244f,0.10074443220393459f,0.9927239020843254f,0.06595311676014712f,1.474961875f,0.1455851512800147f,0.05086735417431376f,-0.9880371835139001f,-0.06727800843342052f,0f,0f,0f,1f],start_interpolation:0}
execute if entity @s[tag=aj.tultaria.bone.body] run data modify entity @s {} merge value {transformation:[-0.8225618766905392f,0f,-0.5686756184463497f,0.6956187475684444f,0f,1f,0f,0.412461875f,0.5686756184463497f,0f,-0.8225618766905392f,0.1269431291220947f,0f,0f,0f,1f],start_interpolation:0}
execute if entity @s[tag=aj.tultaria.bone.left_hand] run data modify entity @s {} merge value {transformation:[-0.8740149831892509f,-0.4482039866681574f,-0.18764593119879722f,0.3027480919049674f,-0.4041417667043496f,0.8849532818658661f,-0.23135929054161575f,1.1969827647919262f,0.2697540390166208f,-0.1263759282838426f,-0.9546003787892692f,-0.3968459257854191f,0f,0f,0f,1f],start_interpolation:0}
execute if entity @s[tag=aj.tultaria.bone.left_arm] run data modify entity @s {} merge value {transformation:[-0.8740149831892509f,-0.23490797183870984f,-0.42534227855612644f,0.17993541052605544f,-0.4041417667043496f,0.8374215416860324f,0.3679600439249832f,1.412461875f,0.2697540390166208f,0.4935011715151367f,-0.8268550974308659f,-0.124397791535139f,0f,0f,0f,1f],start_interpolation:0}
execute if entity @s[tag=aj.tultaria.bone.rod] run data modify entity @s {} merge value {transformation:[-0.9376594639663637f,0.5061826362534307f,-0.08307251708076824f,-0.09647500703549783f,0.14637812741899128f,0.4299347724105737f,0.9675002377208357f,0.9925837082915022f,0.4916252110621638f,0.8374141179440976f,-0.4465080308575509f,0.6124080416334651f,0f,0f,0f,1f],start_interpolation:0}
execute if entity @s[tag=aj.tultaria.bone.sword] run data modify entity @s {} merge value {transformation:[-0.000008773035510315644f,-0.0000033093995472095553f,-0.0000034758772377156704f,-0.14018391755702642f,0.000001369559588667881f,0.000005214947146028117f,-0.000008421913844086811f,0.9573858608619324f,0.00000459979939430282f,-0.000007864617021893844f,-0.00000412184966139099f,0.6074612444528911f,0f,0f,0f,1f],start_interpolation:0}
execute if entity @s[tag=aj.tultaria.bone.right_hand] run data modify entity @s {} merge value {transformation:[-0.8773035510315644f,-0.3309399547209555f,-0.347587723771567f,-0.264025955527302f,0.13695595886678807f,0.5214947146028116f,-0.842191384408681f,1.0828703032164715f,0.459979939430282f,-0.7864617021893843f,-0.41218496613909894f,0.2659617825450585f,0f,0f,0f,1f],start_interpolation:0}
execute if entity @s[tag=aj.tultaria.bone.right_arm] run data modify entity @s {} merge value {transformation:[-0.8773035510315644f,-0.12128096542869254f,-0.4643591355536052f,-0.17993541052605544f,0.13695595886678807f,0.8640490430906037f,-0.48441956655887747f,1.412461875f,0.459979939430282f,-0.48857975659957126f,-0.7414231428562355f,0.124397791535139f,0f,0f,0f,1f],start_interpolation:0}
execute if entity @s[tag=aj.tultaria.bone.skirt] run data modify entity @s {} merge value {transformation:[-0.7958159406771487f,-0.022677643980298545f,-0.6051138017163779f,0.0365720211472299f,0f,0.9992984888596173f,-0.037450369329091085f,0.8629052779030169f,0.6055385937858503f,-0.029803600896337247f,-0.7952576669290694f,0.048063984212441825f,0f,0f,0f,1f],start_interpolation:0}
execute if entity @s[tag=aj.tultaria.bone.left_foot] run data modify entity @s {} merge value {transformation:[-0.7958159406771487f,0.16393531971468545f,-0.5829255522913614f,0.18338686063513354f,0f,0.962656316663301f,0.2707264597120979f,0.41750956844118775f,0.6055385937858503f,0.21544843220197737f,-0.7660972421942039f,0.03458439679830583f,0f,0f,0f,1f],start_interpolation:0}
execute if entity @s[tag=aj.tultaria.bone.left_leg] run data modify entity @s {} merge value {transformation:[-0.7958159406771487f,-0.022677643980298545f,-0.6051138017163779f,0.09782616617920571f,0f,0.9992984888596173f,-0.037450369329091085f,0.8500213611511339f,0.6055385937858503f,-0.029803600896337247f,-0.7952576669290694f,-0.0778618869599754f,0f,0f,0f,1f],start_interpolation:0}
execute if entity @s[tag=aj.tultaria.bone.right_foot] run data modify entity @s {} merge value {transformation:[-0.7958159406771487f,0.16393531971468547f,-0.5829255522913616f,0.07814573471854684f,0f,0.9626563166633011f,0.2707264597120979f,0.504504530952617f,0.6055385937858503f,0.21544843220197746f,-0.766097242194204f,0.3091291344695813f,0f,0f,0f,1f],start_interpolation:0}
execute if entity @s[tag=aj.tultaria.bone.right_leg] run data modify entity @s {} merge value {transformation:[-0.7958159406771487f,-0.2525184377312874f,-0.5503738976095205f,-0.10112781899008146f,0f,0.9088997848486617f,-0.41701460538218144f,0.8500213611511339f,0.6055385937858503f,-0.33186687045833063f,-0.7233169372605958f,0.07352276148648718f,0f,0f,0f,1f],start_interpolation:0}
execute if entity @s[tag=aj.tultaria.bone.lower] run data modify entity @s {} merge value {transformation:[-0.7958159406771487f,0.026413222487005845f,-0.6049622552209327f,0f,0f,0.9990482215818578f,0.043619387365336f,0.912461875f,0.6055385937858503f,0.0347130037879058f,-0.7950585002399986f,0f,0f,0f,0f,1f],start_interpolation:0}