execute if entity @s[tag=aj.tultaria.bone.head] run data modify entity @s {} merge value {transformation:[-0.6325664305520661f,0.07378634453264472f,-0.7709833242678652f,0f,0.0027528552156334497f,0.9956594845624245f,0.09303017031613395f,1.15625f,0.7745012154456442f,0.05672535730515042f,-0.6300238893183521f,0f,0f,0f,0f,1f],start_interpolation:0}
execute if entity @s[tag=aj.tultaria.bone.bust] run data modify entity @s {} merge value {transformation:[-0.7192356150064056f,0f,-0.6947662413404653f,0.7070009281734355f,0f,1f,0f,0f,0.6947662413404653f,0f,-0.7192356150064056f,0.012234686832970187f,0f,0f,0f,1f],start_interpolation:0}
execute if entity @s[tag=aj.tultaria.bone.left_wing] run data modify entity @s {} merge value {transformation:[-0.3986115338300243f,0f,-0.9171198640841204f,-0.04189355422965768f,0f,1f,0f,1.0625f,0.9171198640841204f,0f,-0.3986115338300243f,-0.1333273419595798f,0f,0f,0f,1f],start_interpolation:0}
execute if entity @s[tag=aj.tultaria.bone.right_wing] run data modify entity @s {} merge value {transformation:[-0.9303625936851474f,0f,-0.3666407564243853f,-0.13179800610545844f,0f,1f,0f,1.0625f,0.3666407564243853f,0f,-0.9303625936851474f,-0.04648156179202162f,0f,0f,0f,1f],start_interpolation:0}
execute if entity @s[tag=aj.tultaria.bone.body] run data modify entity @s {} merge value {transformation:[-0.7192356150064056f,0f,-0.6947662413404653f,0.7070009281734355f,0f,1f,0f,0f,0.6947662413404653f,0f,-0.7192356150064056f,0.012234686832970187f,0f,0f,0f,1f],start_interpolation:0}
execute if entity @s[tag=aj.tultaria.bone.left_hand] run data modify entity @s {} merge value {transformation:[-0.5509357042191922f,-0.5879228565146364f,-0.5922976993068376f,0.2489913880968759f,-0.8340889067993696f,0.41144034724363787f,0.36744052064826405f,1.0400929205948093f,0.02766849057566051f,0.6964650425166398f,-0.7170571101255185f,-0.5065692391486648f,0f,0f,0f,1f],start_interpolation:0}
execute if entity @s[tag=aj.tultaria.bone.left_arm] run data modify entity @s {} merge value {transformation:[-0.5509357042191922f,-0.3259177249802168f,-0.7682756577949237f,0.15733279078265122f,-0.8340889067993696f,0.2455609401760822f,0.49395902685756365f,1f,0.02766849057566051f,0.9129498678479331f,-0.4071326484399236f,-0.15198011529322678f,0f,0f,0f,1f],start_interpolation:0}
execute if entity @s[tag=aj.tultaria.bone.rod] run data modify entity @s {} merge value {transformation:[-0.6669268813464198f,0.731135317471644f,0.2261686101953442f,-0.20095293448375456f,0.26287943801317054f,-0.0628915537312747f,0.9784894538489735f,0.43927131288901355f,0.7187527347857083f,0.7014188176613323f,-0.14801589854863773f,0.44899695125643213f,0f,0f,0f,1f],start_interpolation:0}
execute if entity @s[tag=aj.tultaria.bone.right_hand] run data modify entity @s {} merge value {transformation:[-0.6569823246741067f,-0.19533018166847696f,-0.7281623069035958f,-0.3652220409723829f,0.2589596387931569f,0.848618347631486f,-0.46128820225464673f,0.69984216796899f,0.7080354020399859f,-0.4916228434405444f,-0.5069446214977624f,0.20127030727900772f,0f,0f,0f,1f],start_interpolation:0}
execute if entity @s[tag=aj.tultaria.bone.right_arm] run data modify entity @s {} merge value {transformation:[-0.6569823246741067f,0.22976224122984534f,-0.718041459506932f,-0.15733279078265122f,0.2589596387931569f,0.9632538514749125f,0.07128760828408283f,1f,0.7080354020399859f,-0.13910905838149248f,-0.6923399015904617f,0.15198011529322678f,0f,0f,0f,1f],start_interpolation:0}
execute if entity @s[tag=aj.tultaria.bone.skirt] run data modify entity @s {} merge value {transformation:[-0.9998503012332388f,0f,0.017302460050574f,-0.001081403753160875f,0f,1f,0f,0.453125f,-0.017302460050574f,0f,-0.9998503012332388f,0.062490643827077426f,0f,0f,0f,1f],start_interpolation:0}
execute if entity @s[tag=aj.tultaria.bone.left_foot] run data modify entity @s {} merge value {transformation:[-0.9998503012332388f,-0.006621364800513502f,0.01598538870281952f,0.1228184801478331f,0f,0.9238795325112867f,0.3826834323650897f,0f,-0.017302460050574f,0.3826261451272047f,-0.923741228884634f,0.1271440951604766f,0f,0f,0f,1f],start_interpolation:0}
execute if entity @s[tag=aj.tultaria.bone.left_leg] run data modify entity @s {} merge value {transformation:[-0.9998503012332388f,0f,0.017302460050574f,0.12498128765415485f,0f,1f,0f,0.4375f,-0.017302460050574f,0f,-0.9998503012332388f,0.00216280750632175f,0f,0f,0f,1f],start_interpolation:0}
execute if entity @s[tag=aj.tultaria.bone.right_foot] run data modify entity @s {} merge value {transformation:[-0.9998503012332388f,-0.006621364800513504f,0.01598538870281952f,-0.12987630834223196f,0f,0.9238795325112867f,0.38268343236508984f,0.08113813357194827f,-0.017302460050574f,0.38262614512720494f,-0.9237412288846338f,0.2807037845974096f,0f,0f,0f,1f],start_interpolation:0}
execute if entity @s[tag=aj.tultaria.bone.right_leg] run data modify entity @s {} merge value {transformation:[-0.9998503012332388f,0.006621364800513502f,0.01598538870281952f,-0.12498128765415485f,0f,0.9238795325112867f,-0.3826834323650897f,0.4375f,-0.017302460050574f,-0.3826261451272047f,-0.923741228884634f,-0.00216280750632175f,0f,0f,0f,1f],start_interpolation:0}
execute if entity @s[tag=aj.tultaria.bone.lower] run data modify entity @s {} merge value {transformation:[-0.9998503012332388f,0f,0.017302460050574f,0f,0f,1f,0f,0.5f,-0.017302460050574f,0f,-0.9998503012332388f,0f,0f,0f,0f,1f],start_interpolation:0}