execute if entity @s[tag=aj.tultaria.bone.head] run data modify entity @s {} merge value {transformation:[-0.9607238664814647f,0.029847992793354705f,-0.275896266192772f,0f,-0.02156029860742696f,0.9831653825226427f,0.18144140688680804f,1.4774577777777778f,0.27666731989315907f,0.18026349584792117f,-0.9439069160504244f,0f,0f,0f,0f,1f],start_interpolation:0}
execute if entity @s[tag=aj.tultaria.bone.bust] run data modify entity @s {} merge value {transformation:[-0.8402426934472285f,0f,-0.5422104905924885f,0.6912265920198585f,0f,1f,0f,0.32120777777777776f,0.5422104905924885f,0f,-0.8402426934472285f,0.14901610142736998f,0f,0f,0f,1f],start_interpolation:0}
execute if entity @s[tag=aj.tultaria.bone.left_wing] run data modify entity @s {} merge value {transformation:[-0.2213655606289383f,0.0919454565185407f,-0.9708467034465498f,-0.015261142983609255f,-0.3863859995376694f,0.905797746446404f,0.17388588756391965f,1.3837077777777778f,0.8953787734410013f,0.4136139208950941f,-0.16498598883867344f,-0.13891849234293407f,0f,0f,0f,1f],start_interpolation:0}
execute if entity @s[tag=aj.tultaria.bone.right_wing] run data modify entity @s {} merge value {transformation:[-0.9070544281493941f,0.33899245191124183f,0.2496725493957636f,-0.12029147966451281f,0.3863859995376694f,0.905797746446404f,0.17388588756391965f,1.3837077777777778f,-0.16720682921415547f,0.2541939418629413f,-0.9525897942894034f,-0.07114218101887304f,0f,0f,0f,1f],start_interpolation:0}
execute if entity @s[tag=aj.tultaria.bone.body] run data modify entity @s {} merge value {transformation:[-0.8402426934472285f,0f,-0.5422104905924885f,0.6912265920198585f,0f,1f,0f,0.32120777777777776f,0.5422104905924885f,0f,-0.8402426934472285f,0.14901610142736998f,0f,0f,0f,1f],start_interpolation:0}
execute if entity @s[tag=aj.tultaria.bone.left_hand] run data modify entity @s {} merge value {transformation:[-0.5224510962251281f,-0.6912506504757074f,-0.4992167768315419f,0.3668131395383797f,-0.8499719864734957f,0.37567424123201026f,0.3693460256792448f,1.344442275851994f,-0.06776779665491597f,0.6172855114869172f,-0.7838151076911399f,-0.43752807553183365f,0f,0f,0f,1f],start_interpolation:0}
execute if entity @s[tag=aj.tultaria.bone.left_arm] run data modify entity @s {} merge value {transformation:[-0.5224510962251281f,-0.5642521881096889f,-0.6392685822614705f,0.18380308919158123f,-0.8499719864734957f,0.2850511436691876f,0.4430501864384984f,1.3212077777777778f,-0.06776779665491597f,0.7748324423424182f,-0.6285238356898022f,-0.11860854481710686f,0f,0f,0f,1f],start_interpolation:0}
execute if entity @s[tag=aj.tultaria.bone.rod] run data modify entity @s {} merge value {transformation:[-1.028922364360845f,0.31982092614412494f,0.07371121568935869f,-0.19523680490503528f,0.13041909752588055f,0.17583498317271518f,1.0575787997559265f,0.8264518494102457f,0.301180389664772f,1.0164628049726983f,-0.2061400955379885f,0.6299672559183762f,0f,0f,0f,1f],start_interpolation:0}
execute if entity @s[tag=aj.tultaria.bone.sword] run data modify entity @s {} merge value {transformation:[-0.000009527058929267082f,-0.000001137936447669835f,-0.00000281784470816561f,-0.23821751112852121f,0.0000012075842363507458f,0.000007091363673241621f,-0.000006946531621316233f,0.7976636831739221f,0.000002788707311710852f,-0.000006958280096036212f,-0.000006618568548766173f,0.6076574261951313f,0f,0f,0f,1f],start_interpolation:0}
execute if entity @s[tag=aj.tultaria.bone.right_hand] run data modify entity @s {} merge value {transformation:[-0.9527058929267082f,-0.11379364476698349f,-0.281784470816561f,-0.2731324805447242f,0.12075842363507457f,0.709136367324162f,-0.6946531621316232f,1.0055463418903536f,0.2788707311710852f,-0.6958280096036211f,-0.6618568548766173f,0.2862996454574412f,0f,0f,0f,1f],start_interpolation:0}
execute if entity @s[tag=aj.tultaria.bone.right_arm] run data modify entity @s {} merge value {transformation:[-0.9527058929267082f,-0.07992398582013263f,-0.2931955628473033f,-0.18380308919158123f,0.12075842363507457f,0.7857873422440014f,-0.6065934848729259f,1.3212077777777778f,0.2788707311710852f,-0.6133110216356233f,-0.7389727370048049f,0.11860854481710686f,0f,0f,0f,1f],start_interpolation:0}
execute if entity @s[tag=aj.tultaria.bone.skirt] run data modify entity @s {} merge value {transformation:[-0.7014348556454711f,-0.23298407270578073f,-0.673578180429744f,0.04304615345721028f,0f,0.9450630751798048f,-0.32688802965494257f,0.7716511806807946f,0.7127335710387277f,-0.22929065789324715f,-0.6629001817146115f,0.04236375787988587f,0f,0f,0f,1f],start_interpolation:0}
execute if entity @s[tag=aj.tultaria.bone.left_foot] run data modify entity @s {} merge value {transformation:[-0.7014348556454711f,-0.22213883872211918f,-0.6772322198602232f,0.27186409871046735f,0f,0.9501898709124007f,-0.311671636847942f,0.38616317224461494f,0.7127335710387277f,-0.2186173496012239f,-0.6664962949392287f,0.09217322924528434f,0f,0f,0f,1f],start_interpolation:0}
execute if entity @s[tag=aj.tultaria.bone.left_leg] run data modify entity @s {} merge value {transformation:[-0.7014348556454711f,-0.23298407270578073f,-0.673578180429744f,0.0857362943479703f,0f,0.9450630751798048f,-0.32688802965494257f,0.7587672639289117f,0.7127335710387277f,-0.22929065789324715f,-0.6629001817146115f,-0.09100395629733773f,0f,0f,0f,1f],start_interpolation:0}
execute if entity @s[tag=aj.tultaria.bone.right_foot] run data modify entity @s {} merge value {transformation:[-0.7014348556454711f,-0.2221388387221191f,-0.6772322198602232f,0.18396551063792294f,0f,0.9501898709124007f,-0.31167163684794186f,0.514462369587739f,0.7127335710387277f,-0.21861734960122384f,-0.6664962949392287f,0.3564302731353357f,0f,0f,0f,1f],start_interpolation:0}
execute if entity @s[tag=aj.tultaria.bone.right_leg] run data modify entity @s {} merge value {transformation:[-0.7014348556454711f,-0.4730164262270784f,-0.5331459498157893f,-0.08962241956339749f,0f,0.7480297989033826f,-0.6636651414324585f,0.7587672639289117f,0.7127335710387277f,-0.4655178626776077f,-0.524694174012305f,0.08717943646234419f,0f,0f,0f,1f],start_interpolation:0}
execute if entity @s[tag=aj.tultaria.bone.lower] run data modify entity @s {} merge value {transformation:[-0.7014348556454711f,0.031089001723417487f,-0.7120552066079276f,0f,0f,0.9990482215818578f,0.043619387365336f,0.8212077777777778f,0.7127335710387277f,0.030596158679948346f,-0.7007672450881351f,0f,0f,0f,0f,1f],start_interpolation:0}