execute if entity @s[tag=aj.tultaria.bone.head] run data modify entity @s {} merge value {transformation:[-0.9844514172802832f,0.03013700232790758f,-0.1730525010091723f,0f,-0.0004013258195297714f,0.9847839508960855f,0.17378264871696147f,1.5914664583333333f,0.17565661374519448f,0.17115002526492348f,-0.9694598614173708f,0f,0f,0f,0f,1f],start_interpolation:0}
execute if entity @s[tag=aj.tultaria.bone.bust] run data modify entity @s {} merge value {transformation:[-0.8197121182789939f,0f,-0.5727757354729378f,0.6962439268759659f,0f,1f,0f,0.43521645833333333f,0.5727757354729378f,0f,-0.8197121182789939f,0.12346819140302806f,0f,0f,0f,1f],start_interpolation:0}
execute if entity @s[tag=aj.tultaria.bone.left_wing] run data modify entity @s {} merge value {transformation:[-0.53324493786477f,0.0005426661969814223f,-0.8459607211655847f,-0.02036495954168005f,-0.009449792745980703f,0.9999335814242373f,0.006598041918353323f,1.4977164583333333f,0.8459081141936491f,0.011512525939036613f,-0.5332043924123726f,-0.13826249825193282f,0f,0f,0f,1f],start_interpolation:0}
execute if entity @s[tag=aj.tultaria.bone.right_wing] run data modify entity @s {} merge value {transformation:[-0.977686112234824f,0.010623921019358312f,-0.20980228369903264f,-0.12282897432655426f,0.009449792745980703f,0.9999335814242373f,0.006598041918353323f,1.4977164583333333f,0.2098584460063806f,0.0044682258529279584f,-0.977721569567489f,-0.06666553131781561f,0f,0f,0f,1f],start_interpolation:0}
execute if entity @s[tag=aj.tultaria.bone.body] run data modify entity @s {} merge value {transformation:[-0.8197121182789939f,0f,-0.5727757354729378f,0.6962439268759659f,0f,1f,0f,0.43521645833333333f,0.5727757354729378f,0f,-0.8197121182789939f,0.12346819140302806f,0f,0f,0f,1f],start_interpolation:0}
execute if entity @s[tag=aj.tultaria.bone.left_hand] run data modify entity @s {} merge value {transformation:[-0.9100003211560423f,-0.3669696621497447f,-0.1929577222025652f,0.2713838289166632f,-0.26588504807450364f,0.8736231656672567f,-0.4075385940250809f,1.177524355854913f,0.31812663627291404f,-0.3195556782021297f,-0.8925691075891311f,-0.3719923834587989f,0f,0f,0f,1f],start_interpolation:0}
execute if entity @s[tag=aj.tultaria.bone.left_arm] run data modify entity @s {} merge value {transformation:[-0.9100003211560423f,-0.12727824002503116f,-0.39458796878773517f,0.17931202587352993f,-0.26588504807450364f,0.9093958250083718f,0.31985055051971023f,1.4352164583333333f,0.31812663627291404f,0.3959791447456209f,-0.8613918737834759f,-0.12529469213470515f,0f,0f,0f,1f],start_interpolation:0}
execute if entity @s[tag=aj.tultaria.bone.rod] run data modify entity @s {} merge value {transformation:[-0.018417165926053775f,0.013934712088293558f,-0.01691219747012681f,-0.24690499767872265f,0.00692860751844282f,0.024661592373751543f,0.01277461875933257f,0.8987102572912863f,0.020789252562503923f,0.004125564883416499f,-0.019239992652938805f,0.373305709152183f,0f,0f,0f,1f],start_interpolation:0}
execute if entity @s[tag=aj.tultaria.bone.sword] run data modify entity @s {} merge value {transformation:[-0.000006433944428315751f,-0.0000022271359263411365f,-0.000007324221778383376f,-0.30134336360338143f,0.0000024204742422507754f,0.000008484809822581695f,-0.000004706304996196244f,0.8842134346286501f,0.000007262620982534147f,-0.000004800819496734053f,-0.000004920006973961822f,0.3729388670321562f,0f,0f,0f,1f],start_interpolation:0}
execute if entity @s[tag=aj.tultaria.bone.right_hand] run data modify entity @s {} merge value {transformation:[-0.6433944428315751f,-0.2227135926341136f,-0.7324221778383375f,-0.42197536714630746f,0.24204742422507752f,0.8484809822581695f,-0.47063049961962433f,1.1580618131856468f,0.7262620982534147f,-0.4800819496734053f,-0.49200069739618213f,0.13177489085013327f,0f,0f,0f,1f],start_interpolation:0}
execute if entity @s[tag=aj.tultaria.bone.right_arm] run data modify entity @s {} merge value {transformation:[-0.6433944428315751f,0.3439335252260836f,-0.6839249382490787f,-0.17931202587352993f,0.24204742422507752f,0.938957807639795f,0.24448165554551363f,1.4352164583333333f,0.7262620982534147f,-0.008244131114237913f,-0.6873684593743874f,0.12529469213470515f,0f,0f,0f,1f],start_interpolation:0}
execute if entity @s[tag=aj.tultaria.bone.skirt] run data modify entity @s {} merge value {transformation:[-0.8172979528922312f,0.020875973429411318f,-0.5758369994464952f,0.03480101491995215f,0f,0.9993434973167575f,0.03622946826427062f,0.8856598612363502f,0.5762152863280949f,0.02961027024676243f,-0.8167613945931488f,0.04936140870871248f,0f,0f,0f,1f],start_interpolation:0}
execute if entity @s[tag=aj.tultaria.bone.left_foot] run data modify entity @s {} merge value {transformation:[-0.8172979528922312f,0.23576811690422683f,-0.5257731937343357f,0.16343774580571252f,0f,0.9124596417509172f,0.4091667168475313f,0.431034480875352f,0.5762152863280949f,0.3344111200711225f,-0.7457513972998032f,0.014885643050166764f,0f,0f,0f,1f],start_interpolation:0}
execute if entity @s[tag=aj.tultaria.bone.left_leg] run data modify entity @s {} merge value {transformation:[-0.8172979528922312f,0.020875973429411318f,-0.5758369994464952f,0.10059135925026808f,0f,0.9993434973167575f,0.03622946826427062f,0.8727759444844673f,0.5762152863280949f,0.02961027024676243f,-0.8167613945931488f,-0.07425503804101827f,0f,0f,0f,1f],start_interpolation:0}
execute if entity @s[tag=aj.tultaria.bone.right_foot] run data modify entity @s {} merge value {transformation:[-0.8172979528922312f,0.2357681169042268f,-0.5257731937343358f,0.051736907154881245f,0f,0.9124596417509173f,0.40916671684753136f,0.5063983899977317f,0.5762152863280949f,0.33441112007112245f,-0.7457513972998033f,0.2903159153806424f,0f,0f,0f,1f],start_interpolation:0}
execute if entity @s[tag=aj.tultaria.bone.right_leg] run data modify entity @s {} merge value {transformation:[-0.8172979528922312f,-0.20107639485831655f,-0.5399929070172598f,-0.10373312897278972f,0f,0.9371374203873336f,-0.3489605354617828f,0.8727759444844673f,0.5762152863280949f,-0.2852047312730919f,-0.7659204952612739f,0.06979878354100547f,0f,0f,0f,1f],start_interpolation:0}
execute if entity @s[tag=aj.tultaria.bone.lower] run data modify entity @s {} merge value {transformation:[-0.8172979528922312f,0.02513415778017317f,-0.5756668570543643f,0f,0f,0.9990482215818578f,0.043619387365336f,0.9352164583333333f,0.5762152863280949f,0.035650036000102366f,-0.8165200663394765f,0f,0f,0f,0f,1f],start_interpolation:0}