execute if entity @s[tag=aj.tultaria.bone.head] run data modify entity @s {} merge value {transformation:[-0.9998780027652083f,-0.0012325578324390227f,0.015571139568057446f,0f,0.0007031041023651298f,0.9923197337622435f,0.12369741966044226f,1.585444375f,-0.015604013294004515f,0.12369327704940163f,-0.9921978068822268f,0f,0f,0f,0f,1f],start_interpolation:0}
execute if entity @s[tag=aj.tultaria.bone.bust] run data modify entity @s {} merge value {transformation:[-0.9553815255033206f,0f,-0.29537457698141206f,0.6253780512423663f,0f,1f,0f,0.429194375f,0.29537457698141206f,0f,-0.9553815255033206f,0.3300034742609542f,0f,0f,0f,1f],start_interpolation:0}
execute if entity @s[tag=aj.tultaria.bone.left_wing] run data modify entity @s {} merge value {transformation:[-0.7555400241008527f,-0.010436509009962128f,-0.655019351822042f,0.02278952322128114f,-0.034140609268704956f,0.9991416447550028f,0.023460445755129594f,1.491694375f,0.6542122673723298f,0.04008806550524408f,-0.7552478111345987f,-0.13788360174925335f,0f,0f,0f,1f],start_interpolation:0}
execute if entity @s[tag=aj.tultaria.bone.right_wing] run data modify entity @s {} merge value {transformation:[-0.9929355247721996f,0.03124075522192603f,0.1144685933281287f,-0.09663316746663408f,0.034140609268704956f,0.9991416447550028f,0.023460445755129594f,1.491694375f,-0.11363741656742476f,0.02720273753561326f,-0.9931498117738583f,-0.10096177962657682f,0f,0f,0f,1f],start_interpolation:0}
execute if entity @s[tag=aj.tultaria.bone.body] run data modify entity @s {} merge value {transformation:[-0.9553815255033206f,0f,-0.29537457698141206f,0.6253780512423663f,0f,1f,0f,0.429194375f,0.29537457698141206f,0f,-0.9553815255033206f,0.3300034742609542f,0f,0f,0f,1f],start_interpolation:0}
execute if entity @s[tag=aj.tultaria.bone.left_hand] run data modify entity @s {} merge value {transformation:[-0.8900685066319363f,-0.4086599928503143f,0.20192836290520488f,0.431141192030003f,-0.4552482169885728f,0.819268216579617f,-0.348638279928035f,1.2107066172191405f,-0.022958972771452202f,-0.40223948034228907f,-0.9152465711616978f,-0.26121940849392444f,0f,0f,0f,1f],start_interpolation:0}
execute if entity @s[tag=aj.tultaria.bone.left_arm] run data modify entity @s {} merge value {transformation:[-0.8900685066319363f,-0.4379688119847908f,-0.12633832843055187f,0.20898970870385136f,-0.4552482169885728f,0.8401526602411731f,0.2947754542332268f,1.429194375f,-0.022958972771452202f,0.31988564709644435f,-0.9471779443963889f,-0.06461318871468388f,0f,0f,0f,1f],start_interpolation:0}
execute if entity @s[tag=aj.tultaria.bone.rod] run data modify entity @s {} merge value {transformation:[0.01901553814574955f,-0.20605180943515683f,0.15409432545530488f,0.7399530338778411f,-0.011309830819674006f,-0.1550346037232442f,-0.2059134754580356f,1.3902640394281138f,0.2570496003417588f,0.008421607736918031f,-0.02045921521631712f,0.9665173486924707f,0f,0f,0f,1f],start_interpolation:0}
execute if entity @s[tag=aj.tultaria.bone.sword] run data modify entity @s {} merge value {transformation:[-0.000008835445399544899f,-0.000004592528150452947f,-9.184714361144584e-7f,-0.08726597792226537f,6.43079477855777e-7f,7.528938849928469e-7f,-0.000009950859238432686f,1.1655920242782885f,0.000004639111270148805f,-0.000008851092361129084f,-3.6987922074743e-7f,0.6024318556795849f,0f,0f,0f,1f],start_interpolation:0}
execute if entity @s[tag=aj.tultaria.bone.right_hand] run data modify entity @s {} merge value {transformation:[-0.8835445399544898f,-0.45925281504529464f,-0.09184714361144583f,-0.23905057478531727f,0.06430794778557769f,0.07528938849928468f,-0.9950859238432685f,1.1140748337969655f,0.46391112701488046f,-0.8851092361129084f,-0.036987922074742996f,0.25312898800594f,0f,0f,0f,1f],start_interpolation:0}
execute if entity @s[tag=aj.tultaria.bone.right_arm] run data modify entity @s {} merge value {transformation:[-0.8835445399544898f,-0.2597950417172711f,-0.38968651787780717f,-0.20898970870385136f,0.06430794778557769f,0.7568696417720883f,-0.6503943674536229f,1.429194375f,0.46391112701488046f,-0.5997123324252321f,-0.6520211534673329f,0.06461318871468388f,0f,0f,0f,1f],start_interpolation:0}
execute if entity @s[tag=aj.tultaria.bone.skirt] run data modify entity @s {} merge value {transformation:[-0.9237458945102881f,0.006408670534708205f,-0.3829522833426707f,0.023131969057715824f,0f,0.999860000862632f,0.01673256331162259f,0.8796377779030169f,0.38300590383881494f,0.01545663666374484f,-0.9236165708819095f,0.05579042316276303f,0f,0f,0f,1f],start_interpolation:0}
execute if entity @s[tag=aj.tultaria.bone.left_foot] run data modify entity @s {} merge value {transformation:[-0.9237458945102881f,0.14296505672229412f,-0.35532311342182454f,0.15948932369251276f,0f,0.9277222879868701f,0.3732711566306817f,0.4272235403597796f,0.38300590383881494f,0.3448076984766989f,-0.8569796547735625f,0.05829572796501201f,0f,0f,0f,1f],start_interpolation:0}
execute if entity @s[tag=aj.tultaria.bone.left_leg] run data modify entity @s {} merge value {transformation:[-0.9237458945102881f,0.006408670534708205f,-0.3829522833426707f,0.11442408163361377f,0f,0.999860000862632f,0.01673256331162259f,0.866753861151134f,0.38300590383881494f,0.01545663666374484f,-0.9236165708819095f,-0.05039406485483831f,0f,0f,0f,1f],start_interpolation:0}
execute if entity @s[tag=aj.tultaria.bone.right_foot] run data modify entity @s {} merge value {transformation:[-0.9237458945102881f,0.14296505672229415f,-0.3553231134218246f,-0.01045557200147533f,0f,0.9277222879868702f,0.37327115663068183f,0.5057080932730592f,0.38300590383881494f,0.34480769847669895f,-0.8569796547735625f,0.30114864322671403f,0f,0f,0f,1f],start_interpolation:0}
execute if entity @s[tag=aj.tultaria.bone.right_leg] run data modify entity @s {} merge value {transformation:[-0.9237458945102881f,-0.14062865468399652f,-0.35625426854587555f,-0.11651239199395826f,0f,0.9301534649340613f,-0.36717098424461625f,0.866753861151134f,0.38300590383881494f,-0.33917268927926597f,-0.8592254444973583f,0.04535741110486543f,0f,0f,0f,1f],start_interpolation:0}
execute if entity @s[tag=aj.tultaria.bone.lower] run data modify entity @s {} merge value {transformation:[-0.9237458945102881f,0.016706482882755898f,-0.3826413670855201f,0f,0f,0.9990482215818578f,0.043619387365336f,0.929194375f,0.38300590383881494f,0.04029322999978306f,-0.9228666931040458f,0f,0f,0f,0f,1f],start_interpolation:0}