execute if entity @s[tag=aj.tultaria.bone.head] run data modify entity @s {} merge value {transformation:[-0.9706119502327378f,0.020387287782093477f,-0.23978490478404083f,0f,-0.022559072793976828f,0.9843091098075083f,0.17500475589145173f,1.4728300694444445f,0.2395903384948515f,0.17527103253772613f,-0.9549222663929676f,0f,0f,0f,0f,1f],start_interpolation:0}
execute if entity @s[tag=aj.tultaria.bone.bust] run data modify entity @s {} merge value {transformation:[-0.8712567149004076f,0f,-0.49082760389056146f,0.6810421593954845f,0f,1f,0f,0.3165800694444445f,0.49082760389056146f,0f,-0.8712567149004076f,0.19021455550492306f,0f,0f,0f,1f],start_interpolation:0}
execute if entity @s[tag=aj.tultaria.bone.left_wing] run data modify entity @s {} merge value {transformation:[-0.257648830233963f,0.07282851943690216f,-0.9634900554939314f,-0.006899905805044737f,-0.3964332734061267f,0.901395504609966f,0.17414592732948997f,1.3790800694444445f,0.8811683948120096f,0.4268280110601618f,-0.2033718489832177f,-0.13958381460571112f,0f,0f,0f,1f],start_interpolation:0}
execute if entity @s[tag=aj.tultaria.bone.right_wing] run data modify entity @s {} merge value {transformation:[-0.8871477217727863f,0.3273167394201604f,0.3253193382642809f,-0.11580699516759574f,0.3964332734061267f,0.901395504609966f,0.17414592732948997f,1.3790800694444445f,-0.23624051195732287f,0.2834605728567902f,-0.9294302147799167f,-0.07823036411939088f,0f,0f,0f,1f],start_interpolation:0}
execute if entity @s[tag=aj.tultaria.bone.body] run data modify entity @s {} merge value {transformation:[-0.8712567149004076f,0f,-0.49082760389056146f,0.6810421593954845f,0f,1f,0f,0.3165800694444445f,0.49082760389056146f,0f,-0.8712567149004076f,0.19021455550492306f,0f,0f,0f,1f],start_interpolation:0}
execute if entity @s[tag=aj.tultaria.bone.left_hand] run data modify entity @s {} merge value {transformation:[-0.4589872421950184f,-0.7355355585791202f,-0.49831531540573093f,0.39142652280292084f,-0.8772556616304317f,0.2864787576947703f,0.38516545214623626f,1.3671839105923747f,-0.14054613349204984f,0.61393596038623f,-0.7767428280358127f,-0.4120734580312792f,0f,0f,0f,1f],start_interpolation:0}
execute if entity @s[tag=aj.tultaria.bone.left_arm] run data modify entity @s {} merge value {transformation:[-0.4589872421950184f,-0.6299442603021114f,-0.6264989548392218f,0.19058740638446414f,-0.8772556616304317f,0.20979105096140493f,0.4317524974726409f,1.3165800694444445f,-0.14054613349204984f,0.7477686432640345f,-0.6489135847795914f,-0.10736853835106032f,0f,0f,0f,1f],start_interpolation:0}
execute if entity @s[tag=aj.tultaria.bone.rod] run data modify entity @s {} merge value {transformation:[-1.0049146825903146f,0.2690042376611864f,0.049468450741163225f,-0.2154871651512961f,0.11912187149572806f,0.2608851974523539f,1.0012056832966945f,0.8411982059329013f,0.24621207774957393f,0.9717198982497834f,-0.28249598032479617f,0.6322990992731436f,0f,0f,0f,1f],start_interpolation:0}
execute if entity @s[tag=aj.tultaria.bone.sword] run data modify entity @s {} merge value {transformation:[-0.000009648984155025913f,-9.890112714716903e-7f,-0.0000024328915884109643f,-0.25704441995642846f,0.000001143783716659959f,0.0000067565122796335355f,-0.000007282945875445237f,0.810633721256314f,0.0000023640777452449416f,-0.0000073055731137305864f,-0.0000064062264941519504f,0.6096576555356968f,0f,0f,0f,1f],start_interpolation:0}
execute if entity @s[tag=aj.tultaria.bone.right_hand] run data modify entity @s {} merge value {transformation:[-0.9648984155025913f,-0.09890112714716903f,-0.24328915884109642f,-0.28298623268662154f,0.11437837166599589f,0.6756512279633535f,-0.7282945875445236f,1.0035305929760934f,0.23640777452449413f,-0.7305573113730586f,-0.640622649415195f,0.2782622763313473f,0f,0f,0f,1f],start_interpolation:0}
execute if entity @s[tag=aj.tultaria.bone.right_arm] run data modify entity @s {} merge value {transformation:[-0.9648984155025913f,-0.06383410073635451f,-0.2547474344203876f,-0.19058740638446414f,0.11437837166599589f,0.7710382888928602f,-0.6264323947212544f,1.3165800694444445f,0.23640777452449413f,-0.6335812218211263f,-0.7366723827455626f,0.10736853835106032f,0f,0f,0f,1f],start_interpolation:0}
execute if entity @s[tag=aj.tultaria.bone.skirt] run data modify entity @s {} merge value {transformation:[-0.7001296709760928f,-0.2434903576684365f,-0.671215978312052f,0.043123589745998885f,0f,0.9400577081586122f,-0.3410154033640967f,0.7670234723474614f,0.7140157167870383f,-0.23875500215508458f,-0.6581622939116291f,0.04228493013575957f,0f,0f,0f,1f],start_interpolation:0}
execute if entity @s[tag=aj.tultaria.bone.left_foot] run data modify entity @s {} merge value {transformation:[-0.7001296709760928f,-0.24277267928595683f,-0.6714758893744631f,0.2759986796324921f,0f,0.9404217212416583f,-0.3400102736931294f,0.3854912336966977f,0.7140157167870383f,-0.23805128104926193f,-0.6584171502716931f,0.09556493387565636f,0f,0f,0f,1f],start_interpolation:0}
execute if entity @s[tag=aj.tultaria.bone.left_leg] run data modify entity @s {} merge value {transformation:[-0.7001296709760928f,-0.2434903576684365f,-0.671215978312052f,0.08556965086354461f,0f,0.9400577081586122f,-0.3410154033640967f,0.7541395555955784f,0.7140157167870383f,-0.23875500215508458f,-0.6581622939116291f,-0.09116066630614676f,0f,0f,0f,1f],start_interpolation:0}
execute if entity @s[tag=aj.tultaria.bone.right_foot] run data modify entity @s {} merge value {transformation:[-0.7001296709760928f,-0.24277267928595678f,-0.671475889374463f,0.187200914534562f,0f,0.9404217212416583f,-0.34001027369312925f,0.5156151435548177f,0.7140157167870383f,-0.23805128104926185f,-0.6584171502716931f,0.35862644011781647f,0f,0f,0f,1f],start_interpolation:0}
execute if entity @s[tag=aj.tultaria.bone.right_leg] run data modify entity @s {} merge value {transformation:[-0.7001296709760928f,-0.48181899225246877f,-0.5269429784366839f,-0.08946276688047859f,0f,0.7379991308984722f,-0.674801661818567f,0.7541395555955784f,0.7140157167870383f,-0.472448665463154f,-0.5166950886965898f,0.08734326289061282f,0f,0f,0f,1f],start_interpolation:0}
execute if entity @s[tag=aj.tultaria.bone.lower] run data modify entity @s {} merge value {transformation:[-0.7001296709760928f,0.03114492813547187f,-0.7133361320375861f,0f,0f,0.9990482215818578f,0.043619387365336f,0.8165800694444445f,0.7140157167870383f,0.030539227324271435f,-0.6994633026653567f,0f,0f,0f,0f,1f],start_interpolation:0}