execute if entity @s[tag=aj.tultaria.bone.head] run data modify entity @s {} merge value {transformation:[-0.9781979828744857f,-0.027095222696948317f,0.20589938126980972f,0f,-0.0020484964256324324f,0.9926629602422876f,0.12089686110653411f,1.15625f,-0.20766441669838834f,0.11783928152369737f,-0.9710764098500678f,0f,0f,0f,0f,1f],start_interpolation:0}
execute if entity @s[tag=aj.tultaria.bone.bust] run data modify entity @s {} merge value {transformation:[-0.9999568932893929f,0f,0.009285018202778564f,0.4953359375433071f,0f,1f,0f,0f,-0.009285018202778564f,0f,-0.9999568932893929f,0.5046209557460857f,0f,0f,0f,1f],start_interpolation:0}
execute if entity @s[tag=aj.tultaria.bone.left_wing] run data modify entity @s {} merge value {transformation:[-0.9273929297390546f,0f,-0.37408869786457477f,0.06365793310593437f,0f,1f,0f,1.0625f,0.37408869786457477f,0f,-0.9273929297390546f,-0.12441429802350057f,0f,0f,0f,1f],start_interpolation:0}
execute if entity @s[tag=aj.tultaria.bone.right_wing] run data modify entity @s {} merge value {transformation:[-0.9202864844682312f,0f,0.3912451744176585f,-0.061336678555239776f,0f,1f,0f,1.0625f,-0.3912451744176585f,0f,-0.9202864844682312f,-0.12557492529884784f,0f,0f,0f,1f],start_interpolation:0}
execute if entity @s[tag=aj.tultaria.bone.body] run data modify entity @s {} merge value {transformation:[-0.9999568932893929f,0f,0.009285018202778564f,0.4953359375433071f,0f,1f,0f,0f,-0.009285018202778564f,0f,-0.9999568932893929f,0.5046209557460857f,0f,0f,0f,1f],start_interpolation:0}
execute if entity @s[tag=aj.tultaria.bone.left_hand] run data modify entity @s {} merge value {transformation:[-0.9327670263847007f,-0.08627283500348376f,0.35000381773618555f,0.4298466609535232f,-0.2427306837616401f,0.8681519621668095f,-0.4328902698681562f,0.7360915643467647f,-0.2665098303065948f,-0.48874243577407944f,-0.830724588430829f,-0.14469566746539034f,0f,0f,0f,1f],start_interpolation:0}
execute if entity @s[tag=aj.tultaria.bone.left_arm] run data modify entity @s {} merge value {transformation:[-0.9327670263847007f,-0.309192292177735f,0.1853262014592688f,0.2187405704070547f,-0.2427306837616401f,0.9188135434613449f,0.3112289952954478f,1f,-0.2665098303065948f,0.24531978886727704f,-0.932089433230559f,0.002031097731857811f,0f,0f,0f,1f],start_interpolation:0}
execute if entity @s[tag=aj.tultaria.bone.rod] run data modify entity @s {} merge value {transformation:[-0.14305188729123974f,-0.22915751352204816f,0.21571657834661764f,0.05970483372419694f,0.18141874490473123f,-0.25366783446733154f,-0.14916607988618646f,1.6756387667584836f,0.2571654081994158f,0.05147926172559676f,0.2252254183536598f,1.0673449038002771f,0f,0f,0f,1f],start_interpolation:0}
execute if entity @s[tag=aj.tultaria.bone.right_hand] run data modify entity @s {} merge value {transformation:[-0.9966256743628058f,0.022706753689977315f,-0.07887755408064698f,-0.33803374373123035f,0.05357751941386331f,-0.5480516960603438f,-0.8347267743752068f,0.9261511497124522f,-0.06218291255915718f,-0.8361361981054541f,0.5449858196351691f,0.33864128683938316f,0f,0f,0f,1f],start_interpolation:0}
execute if entity @s[tag=aj.tultaria.bone.right_arm] run data modify entity @s {} merge value {transformation:[-0.9966256743628058f,0.05993204819322214f,-0.05608399771991994f,-0.2187405704070547f,0.05357751941386331f,-0.042642056829264474f,-0.9976527975216762f,1f,-0.06218291255915718f,-0.9972912335866264f,0.03928715816809793f,-0.002031097731857811f,0f,0f,0f,1f],start_interpolation:0}
execute if entity @s[tag=aj.tultaria.bone.skirt] run data modify entity @s {} merge value {transformation:[-0.9964811659049547f,0f,-0.08381697916712409f,0.005238561197945256f,0f,1f,0f,0.453125f,0.08381697916712409f,0f,-0.9964811659049547f,0.06228007286905967f,0f,0f,0f,1f],start_interpolation:0}
execute if entity @s[tag=aj.tultaria.bone.left_foot] run data modify entity @s {} merge value {transformation:[-0.9964811659049547f,0.03207536927814827f,-0.07743679152943087f,0.13503726813400985f,0f,0.9238795325112867f,0.3826834323650897f,0f,0.08381697916712409f,0.3813368328556745f,-0.9206285537125716f,0.11408302334222883f,0f,0f,0f,1f],start_interpolation:0}
execute if entity @s[tag=aj.tultaria.bone.left_leg] run data modify entity @s {} merge value {transformation:[-0.9964811659049547f,0f,-0.08381697916712409f,0.12456014573811934f,0f,1f,0f,0.4375f,0.08381697916712409f,0f,-0.9964811659049547f,-0.010477122395890512f,0f,0f,0f,1f],start_interpolation:0}
execute if entity @s[tag=aj.tultaria.bone.right_foot] run data modify entity @s {} merge value {transformation:[-0.9964811659049547f,0.032075369278148275f,-0.07743679152943087f,-0.10084757273775061f,0f,0.9238795325112867f,0.38268343236508984f,0.08113813357194827f,0.08381697916712409f,0.3813368328556746f,-0.9206285537125716f,0.2923905559843195f,0f,0f,0f,1f],start_interpolation:0}
execute if entity @s[tag=aj.tultaria.bone.right_leg] run data modify entity @s {} merge value {transformation:[-0.9964811659049547f,-0.03207536927814827f,-0.07743679152943087f,-0.12456014573811934f,0f,0.9238795325112867f,-0.3826834323650897f,0.4375f,0.08381697916712409f,-0.3813368328556745f,-0.9206285537125716f,0.010477122395890512f,0f,0f,0f,1f],start_interpolation:0}
execute if entity @s[tag=aj.tultaria.bone.lower] run data modify entity @s {} merge value {transformation:[-0.9964811659049547f,0f,-0.08381697916712409f,0f,0f,1f,0f,0.5f,0.08381697916712409f,0f,-0.9964811659049547f,0f,0f,0f,0f,1f],start_interpolation:0}