execute if entity @s[tag=aj.tultaria.bone.head] run data modify entity @s {} merge value {transformation:[-0.9741844748014818f,0.0530255811840777f,-0.2194376831719002f,0f,0f,0.9720237149665212f,0.2348827314697342f,1.15625f,0.2257534253466833f,0.22881911039678055f,-0.9469304122592459f,0f,0f,0f,0f,1f],start_interpolation:0}
execute if entity @s[tag=aj.tultaria.bone.bust] run data modify entity @s {} merge value {transformation:[-0.6394658392338042f,0f,-0.7688195109731583f,0.7041426751034812f,0f,1f,0f,0f,0.7688195109731583f,0f,-0.6394658392338042f,-0.06467683586967704f,0f,0f,0f,1f],start_interpolation:0}
execute if entity @s[tag=aj.tultaria.bone.left_wing] run data modify entity @s {} merge value {transformation:[-0.29657491127980673f,0f,-0.9550095926216523f,-0.05613582391953209f,0f,1f,0f,1.0625f,0.9550095926216523f,0f,-0.29657491127980673f,-0.12798444934004793f,0f,0f,0f,1f],start_interpolation:0}
execute if entity @s[tag=aj.tultaria.bone.right_wing] run data modify entity @s {} merge value {transformation:[-0.8850038899367226f,0f,-0.4655836281452227f,-0.13606905382375756f,0f,1f,0f,1.0625f,0.4655836281452227f,0f,-0.8850038899367226f,-0.03188201046840311f,0f,0f,0f,1f],start_interpolation:0}
execute if entity @s[tag=aj.tultaria.bone.body] run data modify entity @s {} merge value {transformation:[-0.6394658392338042f,0f,-0.7688195109731583f,0.7041426751034812f,0f,1f,0f,0f,0.7688195109731583f,0f,-0.6394658392338042f,-0.06467683586967704f,0f,0f,0f,1f],start_interpolation:0}
execute if entity @s[tag=aj.tultaria.bone.left_hand] run data modify entity @s {} merge value {transformation:[-0.526260884834745f,-0.4989941048846025f,-0.688516059640852f,0.189099396165674f,-0.8483636728070311f,0.3630515509276031f,0.3853214891884784f,1.0554336677239613f,0.0576936717007665f,0.7868916409897084f,-0.6143883019607452f,-0.5290768398177259f,0f,0f,0f,1f],start_interpolation:0}
execute if entity @s[tag=aj.tultaria.bone.left_arm] run data modify entity @s {} merge value {transformation:[-0.526260884834745f,-0.2234079502125343f,-0.820450101392391f,0.13988315233239468f,-0.8483636728070311f,0.20341295300306372f,0.4887762772597889f,1f,0.0576936717007665f,0.9532638975291191f,-0.2965794698108367f,-0.16817926802537836f,0f,0f,0f,1f],start_interpolation:0}
execute if entity @s[tag=aj.tultaria.bone.rod] run data modify entity @s {} merge value {transformation:[-1.0380564878709406f,0.3116924280802454f,0.2709141347784169f,-0.24136887021320508f,0.23391101959137645f,-0.1602227092007668f,1.0806119694535774f,0.4040903266938539f,0.34034140661844253f,1.0607942420140004f,0.08361347503346855f,0.5759411706949942f,0f,0f,0f,1f],start_interpolation:0}
execute if entity @s[tag=aj.tultaria.bone.right_hand] run data modify entity @s {} merge value {transformation:[-0.9291694436886742f,0.04195009735863737f,-0.3672660265350994f,-0.2715458370206035f,0.20937489865521808f,0.8785268944765797f,-0.4293630718802607f,0.6798675281375387f,0.30464125907105344f,-0.47584733372473315f,-0.8250836431893834f,0.2943629651495462f,0f,0f,0f,1f],start_interpolation:0}
execute if entity @s[tag=aj.tultaria.bone.right_arm] run data modify entity @s {} merge value {transformation:[-0.9291694436886742f,0.029107143010777853f,-0.3685063352793675f,-0.13988315233239468f,0.20937489865521808f,0.8630071645182059f,-0.45976166195471696f,1f,0.30464125907105344f,-0.5043524642707681f,-0.8079741920727461f,0.16817926802537836f,0f,0f,0f,1f],start_interpolation:0}
execute if entity @s[tag=aj.tultaria.bone.skirt] run data modify entity @s {} merge value {transformation:[-0.999993410523212f,0f,-0.003630276870252013f,0.0002268923043907508f,0f,1f,0f,0.453125f,0.003630276870252013f,0f,-0.999993410523212f,0.06249958815770075f,0f,0f,0f,1f],start_interpolation:0}
execute if entity @s[tag=aj.tultaria.bone.left_foot] run data modify entity @s {} merge value {transformation:[-0.999993410523212f,0.0013892468131436358f,-0.0033539384977749665f,0.125452960924183f,0f,0.9238795325112867f,0.3826834323650897f,0f,0.003630276870252013f,0.382680910681495f,-0.9238734446285524f,0.12454539170662f,0f,0f,0f,1f],start_interpolation:0}
execute if entity @s[tag=aj.tultaria.bone.left_leg] run data modify entity @s {} merge value {transformation:[-0.999993410523212f,0f,-0.003630276870252013f,0.1249991763154015f,0f,1f,0f,0.4375f,0.003630276870252013f,0f,-0.999993410523212f,-0.0004537846087815016f,0f,0f,0f,1f],start_interpolation:0}
execute if entity @s[tag=aj.tultaria.bone.right_foot] run data modify entity @s {} merge value {transformation:[-0.999993410523212f,0.0013892468131436362f,-0.0033539384977749665f,-0.12397213852242929f,0f,0.9238795325112867f,0.38268343236508984f,0.08113813357194827f,0.003630276870252013f,0.3826809106814952f,-0.9238734446285524f,0.28336086361050455f,0f,0f,0f,1f],start_interpolation:0}
execute if entity @s[tag=aj.tultaria.bone.right_leg] run data modify entity @s {} merge value {transformation:[-0.999993410523212f,-0.0013892468131436358f,-0.0033539384977749665f,-0.1249991763154015f,0f,0.9238795325112867f,-0.3826834323650897f,0.4375f,0.003630276870252013f,-0.382680910681495f,-0.9238734446285524f,0.0004537846087815016f,0f,0f,0f,1f],start_interpolation:0}
execute if entity @s[tag=aj.tultaria.bone.lower] run data modify entity @s {} merge value {transformation:[-0.999993410523212f,0f,-0.003630276870252013f,0f,0f,1f,0f,0.5f,0.003630276870252013f,0f,-0.999993410523212f,0f,0f,0f,0f,1f],start_interpolation:0}