execute if entity @s[tag=aj.tultaria.bone.head] run data modify entity @s {} merge value {transformation:[-0.6993218225213479f,0.09008564080544826f,-0.7091075841267616f,0f,0.011134960461953398f,0.9932792388121513f,0.11520575680174992f,1.15625f,0.7147202258233155f,0.07267001489902816f,-0.6956249476072893f,0f,0f,0f,0f,1f],start_interpolation:0}
execute if entity @s[tag=aj.tultaria.bone.bust] run data modify entity @s {} merge value {transformation:[-0.7319247945163098f,0f,-0.6813854233635013f,0.7066551089399056f,0f,1f,0f,0f,0.6813854233635013f,0f,-0.7319247945163098f,0.025269685576404244f,0f,0f,0f,1f],start_interpolation:0}
execute if entity @s[tag=aj.tultaria.bone.left_wing] run data modify entity @s {} merge value {transformation:[-0.4154554244148634f,0f,-0.9096135389956912f,-0.03942787826316829f,0f,1f,0f,1.0625f,0.9096135389956912f,0f,-0.4154554244148634f,-0.13407718827475756f,0f,0f,0f,1f],start_interpolation:0}
execute if entity @s[tag=aj.tultaria.bone.right_wing] run data modify entity @s {} merge value {transformation:[-0.9369652495674323f,0f,-0.3494225537984623f,-0.13091847757770703f,0f,1f,0f,1.0625f,0.3494225537984623f,0f,-0.9369652495674323f,-0.048904010354319905f,0f,0f,0f,1f],start_interpolation:0}
execute if entity @s[tag=aj.tultaria.bone.body] run data modify entity @s {} merge value {transformation:[-0.7319247945163098f,0f,-0.6813854233635013f,0.7066551089399056f,0f,1f,0f,0f,0.6813854233635013f,0f,-0.7319247945163098f,0.025269685576404244f,0f,0f,0f,1f],start_interpolation:0}
execute if entity @s[tag=aj.tultaria.bone.left_hand] run data modify entity @s {} merge value {transformation:[-0.5293267427590436f,-0.594885492795034f,-0.6049168950046864f,0.25475862142395916f,-0.8483636728070311f,0.3630515509276031f,0.3853214891884784f,1.0554336677239613f,-0.009606147066642923f,0.7171504875764025f,-0.6968521364733429f,-0.5007783230850733f,0f,0f,0f,1f],start_interpolation:0}
execute if entity @s[tag=aj.tultaria.bone.left_arm] run data modify entity @s {} merge value {transformation:[-0.5293267427590436f,-0.34265917830118375f,-0.7761429552125425f,0.16010854880044276f,-0.8483636728070311f,0.20341295300306372f,0.4887762772597889f,1f,-0.009606147066642923f,0.917173842887231f,-0.3983715148727417f,-0.1490530613607659f,0f,0f,0f,1f],start_interpolation:0}
execute if entity @s[tag=aj.tultaria.bone.rod] run data modify entity @s {} merge value {transformation:[-0.7667973273992053f,0.6597831843336163f,0.2519395484818719f,-0.21194261391880115f,0.2708942705414317f,-0.06867083525749257f,1.0043237218636645f,0.4330285533908831f,0.6522297759275343f,0.804198976485827f,-0.12093739429095812f,0.4734412533755123f,0f,0f,0f,1f],start_interpolation:0}
execute if entity @s[tag=aj.tultaria.bone.right_hand] run data modify entity @s {} merge value {transformation:[-0.7355507852522587f,-0.146175725041553f,-0.6615116776923611f,-0.3494474705209286f,0.25985548762007127f,0.8408840684917279f,-0.47475162865495685f,0.6890161254934115f,0.6256517944260376f,-0.5211013728300622f,-0.5805283725763143f,0.20546219199219973f,0f,0f,0f,1f],start_interpolation:0}
execute if entity @s[tag=aj.tultaria.bone.right_arm] run data modify entity @s {} merge value {transformation:[-0.7355507852522587f,0.17144956746504858f,-0.6554159657277457f,-0.16010854880044276f,0.25985548762007127f,0.9648502051874377f,-0.039232730003076755f,1f,0.6256517944260376f,-0.19917110072951627f,-0.7542484370323033f,0.1490530613607659f,0f,0f,0f,1f],start_interpolation:0}
execute if entity @s[tag=aj.tultaria.bone.skirt] run data modify entity @s {} merge value {transformation:[-0.9993612389830513f,0f,0.03573673205905471f,-0.0022335457536909195f,0f,1f,0f,0.453125f,-0.03573673205905471f,0f,-0.9993612389830513f,0.062460077436440706f,0f,0f,0f,1f],start_interpolation:0}
execute if entity @s[tag=aj.tultaria.bone.left_foot] run data modify entity @s {} merge value {transformation:[-0.9993612389830513f,-0.013675855285870599f,0.03301643530820058f,0.12045306336549957f,0f,0.9238795325112867f,0.3826834323650897f,0f,-0.03573673205905471f,0.3824389891066628f,-0.9232893942815618f,0.12938724638026325f,0f,0f,0f,1f],start_interpolation:0}
execute if entity @s[tag=aj.tultaria.bone.left_leg] run data modify entity @s {} merge value {transformation:[-0.9993612389830513f,0f,0.03573673205905471f,0.12492015487288141f,0f,1f,0f,0.4375f,-0.03573673205905471f,0f,-0.9993612389830513f,0.004467091507381839f,0f,0f,0f,1f],start_interpolation:0}
execute if entity @s[tag=aj.tultaria.bone.right_foot] run data modify entity @s {} merge value {transformation:[-0.9993612389830513f,-0.013675855285870599f,0.03301643530820057f,-0.13503039597397487f,0f,0.9238795325112867f,0.38268343236508984f,0.08113813357194827f,-0.03573673205905471f,0.38243898910666296f,-0.9232893942815616f,0.27826114051197837f,0f,0f,0f,1f],start_interpolation:0}
execute if entity @s[tag=aj.tultaria.bone.right_leg] run data modify entity @s {} merge value {transformation:[-0.9993612389830513f,0.013675855285870599f,0.03301643530820058f,-0.12492015487288141f,0f,0.9238795325112867f,-0.3826834323650897f,0.4375f,-0.03573673205905471f,-0.3824389891066628f,-0.9232893942815618f,-0.004467091507381839f,0f,0f,0f,1f],start_interpolation:0}
execute if entity @s[tag=aj.tultaria.bone.lower] run data modify entity @s {} merge value {transformation:[-0.9993612389830513f,0f,0.03573673205905471f,0f,0f,1f,0f,0.5f,-0.03573673205905471f,0f,-0.9993612389830513f,0f,0f,0f,0f,1f],start_interpolation:0}