execute if entity @s[tag=aj.tultaria.bone.head] run data modify entity @s {} merge value {transformation:[-0.9753664541595884f,0.030553751205308136f,-0.21846452432245272f,0f,-0.01025815434296181f,0.9830073619529872f,0.18327928583368253f,1.5367422916666666f,0.22035210543497724f,0.18100550995346204f,-0.9584789799452358f,0f,0f,0f,0f,1f],start_interpolation:0}
execute if entity @s[tag=aj.tultaria.bone.bust] run data modify entity @s {} merge value {transformation:[-0.825003761610267f,0f,-0.5651272364069084f,0.6950654990085877f,0f,1f,0f,0.38049229166666665f,0.5651272364069084f,0f,-0.825003761610267f,0.1299382626016793f,0f,0f,0f,1f],start_interpolation:0}
execute if entity @s[tag=aj.tultaria.bone.left_wing] run data modify entity @s {} merge value {transformation:[-0.397800056205964f,0.03151869272035954f,-0.916930579319793f,-0.019078169450221893f,-0.2177031030365825f,0.9676237385158976f,0.1277092776142792f,1.4429922916666666f,0.8912690245996295f,0.2504213902000335f,-0.37805906035897024f,-0.13844592247671517f,0f,0f,0f,1f],start_interpolation:0}
execute if entity @s[tag=aj.tultaria.bone.right_wing] run data modify entity @s {} merge value {transformation:[-0.9747866588970198f,0.2221224601867521f,-0.021273982160603777f,-0.12220363965150527f,0.2177031030365825f,0.9676237385158976f,0.1277092776142792f,1.4429922916666666f,0.04895230908372056f,0.11985788810546691f,-0.9915834599741311f,-0.06780501792585159f,0f,0f,0f,1f],start_interpolation:0}
execute if entity @s[tag=aj.tultaria.bone.body] run data modify entity @s {} merge value {transformation:[-0.825003761610267f,0f,-0.5651272364069084f,0.6950654990085877f,0f,1f,0f,0.38049229166666665f,0.5651272364069084f,0f,-0.825003761610267f,0.1299382626016793f,0f,0f,0f,1f],start_interpolation:0}
execute if entity @s[tag=aj.tultaria.bone.left_hand] run data modify entity @s {} merge value {transformation:[-0.7951126823738425f,-0.5568362196556651f,-0.24026911330393882f,0.3343728907725072f,-0.5770412808065464f,0.8165334215931215f,0.017220094847887446f,1.2336210874928264f,0.18659898867200098f,0.15233711268439398f,-0.9705535644803788f,-0.4244285071158018f,0f,0f,0f,1f],start_interpolation:0}
execute if entity @s[tag=aj.tultaria.bone.left_arm] run data modify entity @s {} merge value {transformation:[-0.7951126823738425f,-0.36330551046906145f,-0.48559749627761445f,0.1804695728522459f,-0.5770412808065464f,0.6995762848810588f,0.4214455859030393f,1.3804922916666666f,0.18659898867200098f,0.6153065314904681f,-0.7658842534820494f,-0.12362158296401121f,0f,0f,0f,1f],start_interpolation:0}
execute if entity @s[tag=aj.tultaria.bone.rod] run data modify entity @s {} merge value {transformation:[-0.9936442963550953f,0.33608124470776635f,-0.04407485069041708f,-0.12206592336206643f,0.09159405785253248f,0.39766036902178187f,0.9673153274203213f,1.0067155660138303f,0.3263490831514791f,0.9116675989920093f,-0.40568540528474817f,0.7079445878776607f,0f,0f,0f,1f],start_interpolation:0}
execute if entity @s[tag=aj.tultaria.bone.sword] run data modify entity @s {} merge value {transformation:[-0.000009464471554851849f,-0.0000022856229086625846f,-0.000002280286408940128f,-0.16233123951288528f,8.724342889288331e-7f,0.000004989507659361251f,-0.000008622277641590802f,0.9690249967217761f,0.0000031084781805413278f,-0.000008359470152860898f,-0.000004522899751766148f,0.6964574896054484f,0f,0f,0f,1f],start_interpolation:0}
execute if entity @s[tag=aj.tultaria.bone.right_hand] run data modify entity @s {} merge value {transformation:[-0.9464471554851848f,-0.22856229086625843f,-0.22802864089401279f,-0.2362803625486649f,0.0872434288928833f,0.4989507659361251f,-0.8622277641590801f,1.0860436327199923f,0.31084781805413275f,-0.8359470152860897f,-0.45228997517661473f,0.3379282102483001f,0f,0f,0f,1f],start_interpolation:0}
execute if entity @s[tag=aj.tultaria.bone.right_arm] run data modify entity @s {} merge value {transformation:[-0.9464471554851848f,-0.17053086693350328f,-0.2741477800327965f,-0.1804695728522459f,0.0872434288928833f,0.6824520191206689f,-0.7257050542149575f,1.3804922916666666f,0.31084781805413275f,-0.7107590766364014f,-0.631027074688523f,0.12362158296401121f,0f,0f,0f,1f],start_interpolation:0}
execute if entity @s[tag=aj.tultaria.bone.skirt] run data modify entity @s {} merge value {transformation:[-0.7625978402472314f,-0.09090766030252809f,-0.6404532233883895f,0.03906844122816513f,0f,0.9900758474209708f,-0.14053403983962978f,0.8309356945696835f,0.646872888634435f,-0.10717095526292006f,-0.7550297029241797f,0.04605774863330486f,0f,0f,0f,1f],start_interpolation:0}
execute if entity @s[tag=aj.tultaria.bone.left_foot] run data modify entity @s {} merge value {transformation:[-0.7625978402472314f,0.04334955026290199f,-0.6454187404640976f,0.2133899718927162f,0f,0.9977520341385661f,0.06701401623804945f,0.4024603495510796f,0.646872888634435f,0.0511047440494294f,-0.7608835463363524f,0.058327891551388567f,0f,0f,0f,1f],start_interpolation:0}
execute if entity @s[tag=aj.tultaria.bone.left_leg] run data modify entity @s {} merge value {transformation:[-0.7625978402472314f,-0.09090766030252809f,-0.6404532233883895f,0.09356121758681148f,0f,0.9900758474209708f,-0.14053403983962978f,0.8180517778178006f,0.646872888634435f,-0.10717095526292006f,-0.7550297029241797f,-0.08293811424166142f,0f,0f,0f,1f],start_interpolation:0}
execute if entity @s[tag=aj.tultaria.bone.right_foot] run data modify entity @s {} merge value {transformation:[-0.7625978402472314f,0.04334955026290199f,-0.6454187404640979f,0.11649772563600143f,0f,0.9977520341385662f,0.06701401623804948f,0.5049848376235068f,0.646872888634435f,0.05110474404942944f,-0.7608835463363525f,0.3305764049180555f,0f,0f,0f,1f],start_interpolation:0}
execute if entity @s[tag=aj.tultaria.bone.right_leg] run data modify entity @s {} merge value {transformation:[-0.7625978402472314f,-0.329078564497549f,-0.556912769146561f,-0.09708824247499638f,0f,0.8609307623360407f,-0.5087221466217916f,0.8180517778178006f,0.646872888634435f,-0.3879504102997137f,-0.6565439399598672f,0.07878010791694734f,0f,0f,0f,1f],start_interpolation:0}
execute if entity @s[tag=aj.tultaria.bone.lower] run data modify entity @s {} merge value {transformation:[-0.7625978402472314f,0.02821619910547928f,-0.6462572089797515f,0f,0f,0.9990482215818578f,0.043619387365336f,0.8804922916666666f,0.646872888634435f,0.033264050597712605f,-0.7618720160811623f,0f,0f,0f,0f,1f],start_interpolation:0}