execute if entity @s[tag=aj.tultaria.bone.head] run data modify entity @s {} merge value {transformation:[-0.9860033268680479f,-0.0011494043233872585f,0.16672167907876453f,0f,0.0015008397453741822f,0.9998745296141222f,0.015769353474277006f,1.55547768f,-0.16671888580841665f,0.015798857510572268f,-0.9858778875784571f,0f,0f,0f,0f,1f],start_interpolation:0}
execute if entity @s[tag=aj.tultaria.bone.bust] run data modify entity @s {} merge value {transformation:[-0.9930395696624377f,0f,0.11778120853786717f,0.4376291805622853f,0f,1f,0f,0.39922768f,-0.11778120853786717f,0f,-0.9930395696624377f,0.5554103891001524f,0f,0f,0f,1f],start_interpolation:0}
execute if entity @s[tag=aj.tultaria.bone.left_wing] run data modify entity @s {} merge value {transformation:[-0.9191651242143518f,-0.10447939797552785f,-0.37976246500501654f,0.07678762417113577f,-0.15097794892864203f,0.9839897466912703f,0.09470922523044017f,1.46172768f,0.3637872089083336f,0.14438917481972519f,-0.9202231429547745f,-0.11676862067418803f,0f,0f,0f,1f],start_interpolation:0}
execute if entity @s[tag=aj.tultaria.bone.right_wing] run data modify entity @s {} merge value {transformation:[-0.808564924643932f,0.06780471499186688f,0.5844871968319102f,-0.04734232203666894f,0.15097794892864203f,0.9839897466912703f,0.09470922523044017f,1.46172768f,-0.5687076767310714f,0.16482323571426932f,-0.8058566121809918f,-0.1314912717414214f,0f,0f,0f,1f],start_interpolation:0}
execute if entity @s[tag=aj.tultaria.bone.body] run data modify entity @s {} merge value {transformation:[-0.9930395696624377f,0f,0.11778120853786717f,0.4376291805622853f,0f,1f,0f,0.39922768f,-0.11778120853786717f,0f,-0.9930395696624377f,0.5554103891001524f,0f,0f,0f,1f],start_interpolation:0}
execute if entity @s[tag=aj.tultaria.bone.left_hand] run data modify entity @s {} merge value {transformation:[-0.4384684970739941f,-0.5687387069691897f,0.6959034848804013f,0.5781700749431912f,-0.8059386180923919f,0.5914965495119922f,-0.024388025396354762f,1.327065123083677f,-0.3977540960706736f,-0.5715488737723324f,-0.7177210906393791f,0.009791458186653189f,0f,0f,0f,1f],start_interpolation:0}
execute if entity @s[tag=aj.tultaria.bone.left_arm] run data modify entity @s {} merge value {transformation:[-0.4384684970739941f,-0.8543286338906536f,0.2790483155086272f,0.21722740586365824f,-0.8059386180923919f,0.5111686920478297f,0.29861264564220463f,1.39922768f,-0.3977540960706736f,-0.09396357584000613f,-0.9126678067480855f,0.025764639367658444f,0f,0f,0f,1f],start_interpolation:0}
execute if entity @s[tag=aj.tultaria.bone.rod] run data modify entity @s {} merge value {transformation:[-0.8463696769177451f,0.03255084607141322f,0.04126514769375062f,-0.46821357397040986f,-0.019288984649069436f,0.426957230564175f,-0.7324202743918118f,1.5538079527506874f,-0.04889074621398063f,-0.7319507945818517f,-0.4253959675944696f,-0.0312462804012128f,0f,0f,0f,1f],start_interpolation:0}
execute if entity @s[tag=aj.tultaria.bone.sword] run data modify entity @s {} merge value {transformation:[-0.000009640522052589994f,0.000002595094911682983f,-5.70803777915958e-7f,-0.49721936120351f,-0.0000025846434259635327f,-0.000009656942135318974f,-2.511711681789286e-7f,1.9074418177769472f,-6.164032074458483e-7f,-9.460969536981113e-8f,0.000009980535861936092f,0.19440989602627662f,0f,0f,0f,1f],start_interpolation:0}
execute if entity @s[tag=aj.tultaria.bone.right_hand] run data modify entity @s {} merge value {transformation:[-0.9640522052589993f,0.25950949116829825f,-0.05708037779159579f,-0.37423607511602286f,-0.25846434259635326f,-0.9656942135318973f,-0.02511711681789286f,1.5514212236572238f,-0.06164032074458482f,-0.009460969536981112f,0.9980535861936091f,0.2707612288945527f,0f,0f,0f,1f],start_interpolation:0}
execute if entity @s[tag=aj.tultaria.bone.right_arm] run data modify entity @s {} merge value {transformation:[-0.9640522052589993f,0.2300792219996123f,0.13291688056568846f,-0.21722740586365824f,-0.25846434259635326f,-0.6959516995378978f,-0.6699607566988868f,1.39922768f,-0.06164032074458482f,-0.6802314190879184f,0.7304010455524692f,-0.025764639367658444f,0f,0f,0f,1f],start_interpolation:0}
execute if entity @s[tag=aj.tultaria.bone.skirt] run data modify entity @s {} merge value {transformation:[-0.9738336317907946f,-0.018234398840243117f,-0.2265293894665458f,0.013725688255241179f,0f,0.996775966350027f,-0.0802351101885583f,0.8496710829030168f,0.2272620900923668f,-0.07813564875205833f,-0.9706939593924255f,0.05881551488414619f,0f,0f,0f,1f],start_interpolation:0}
execute if entity @s[tag=aj.tultaria.bone.left_foot] run data modify entity @s {} merge value {transformation:[-0.9738336317907946f,0.042568460831967234f,-0.22323974497286164f,0.15740336257844925f,0f,0.9823008530904986f,0.1873099944415103f,0.4107270696465669f,0.2272620900923668f,0.18240877215768947f,-0.956597607276316f,0.1244584533406282f,0f,0f,0f,1f],start_interpolation:0}
execute if entity @s[tag=aj.tultaria.bone.left_leg] run data modify entity @s {} merge value {transformation:[-0.9738336317907946f,-0.018234398840243117f,-0.2265293894665458f,0.12110963940252466f,0f,0.996775966350027f,-0.0802351101885583f,0.8367871661511339f,0.2272620900923668f,-0.07813564875205833f,-0.9706939593924255f,-0.03106263791245052f,0f,0f,0f,1f],start_interpolation:0}
execute if entity @s[tag=aj.tultaria.bone.right_foot] run data modify entity @s {} merge value {transformation:[-0.9738336317907946f,0.04256846083196725f,-0.22323974497286167f,-0.05176353395819516f,0f,0.9823008530904989f,0.18730999444151042f,0.5042734526048905f,0.2272620900923668f,0.18240877215768958f,-0.9565976072763162f,0.3282154524797711f,0f,0f,0f,1f],start_interpolation:0}
execute if entity @s[tag=aj.tultaria.bone.right_leg] run data modify entity @s {} merge value {transformation:[-0.9738336317907946f,-0.10353543216877412f,-0.20230786410512128f,-0.122348768545174f,0f,0.8901962664468004f,-0.4555772241938544f,0.8367871661511339f,0.2272620900923668f,-0.44365642279787026f,-0.8669030631604934f,0.025752884610641184f,0f,0f,0f,1f],start_interpolation:0}
execute if entity @s[tag=aj.tultaria.bone.lower] run data modify entity @s {} merge value {transformation:[-0.9738336317907946f,0.009913033141194837f,-0.227045786939755f,0f,0f,0.9990482215818578f,0.043619387365336f,0.89922768f,0.2272620900923668f,0.04247802641447466f,-0.9729067579571951f,0f,0f,0f,0f,1f],start_interpolation:0}