execute if entity @s[tag=aj.tultaria.bone.head] run data modify entity @s {} merge value {transformation:[-0.9683633674574548f,0.02820451091759553f,-0.24794534504676163f,0f,-0.018953144714224084f,0.9824096025072551f,0.18577446328001815f,1.4906066666666666f,0.24882356574870496f,0.18459652885532918f,-0.9507949067294501f,0f,0f,0f,0f,1f],start_interpolation:0}
execute if entity @s[tag=aj.tultaria.bone.bust] run data modify entity @s {} merge value {transformation:[-0.840638775421784f,0f,-0.5415962049879629f,0.6911174902048735f,0f,1f,0f,0.33435666666666664f,0.5415962049879629f,0f,-0.840638775421784f,0.14952128521691055f,0f,0f,0f,1f],start_interpolation:0}
execute if entity @s[tag=aj.tultaria.bone.left_wing] run data modify entity @s {} merge value {transformation:[-0.26960202588346627f,0.07417501730581867f,-0.9601108344598619f,-0.015159602159633856f,-0.3552231348061344f,0.9190542269720389f,0.17075084885098213f,1.3968566666666666f,0.8950593679404926f,0.38708835514971207f,-0.22143019931675245f,-0.13892960973947072f,0f,0f,0f,1f],start_interpolation:0}
execute if entity @s[tag=aj.tultaria.bone.right_wing] run data modify entity @s {} merge value {transformation:[-0.9264565940854467f,0.32181238584900973f,0.19523054983726856f,-0.12023944908735684f,0.3552231348061344f,0.9190542269720389f,0.17075084885098213f,1.3968566666666666f,-0.12447772400753881f,0.22754365778679964f,-0.9657790534210746f,-0.07123008411597537f,0f,0f,0f,1f],start_interpolation:0}
execute if entity @s[tag=aj.tultaria.bone.body] run data modify entity @s {} merge value {transformation:[-0.840638775421784f,0f,-0.5415962049879629f,0.6911174902048735f,0f,1f,0f,0.33435666666666664f,0.5415962049879629f,0f,-0.840638775421784f,0.14952128521691055f,0f,0f,0f,1f],start_interpolation:0}
execute if entity @s[tag=aj.tultaria.bone.left_hand] run data modify entity @s {} merge value {transformation:[-0.6097232267266914f,-0.6774673948646245f,-0.4114310582410263f,0.3672020113301887f,-0.7926093410197116f,0.522996963029382f,0.31343996106167116f,1.3104832940773523f,0.002831840089101756f,0.5172157243910731f,-0.8558503812725258f,-0.43717286433682134f,0f,0f,0f,1f],start_interpolation:0}
execute if entity @s[tag=aj.tultaria.bone.left_arm] run data modify entity @s {} merge value {transformation:[-0.6097232267266914f,-0.5281652915978922f,-0.590998317714446f,0.18388973212351525f,-0.7926093410197116f,0.4089556030302286f,0.4522452291384407f,1.3343566666666666f,0.002831840089101756f,0.7441752075294472f,-0.66797847359044f,-0.11847416984111689f,0f,0f,0f,1f],start_interpolation:0}
execute if entity @s[tag=aj.tultaria.bone.rod] run data modify entity @s {} merge value {transformation:[-0.9602992776543309f,0.28204455029412745f,0.06459749315533907f,-0.19255293940573476f,0.11387811064264017f,0.1625657069262983f,0.9831077428156163f,0.8550788173613155f,0.2659957525770539f,0.9486410963672912f,-0.18767790767703701f,0.6458735094822193f,0f,0f,0f,1f],start_interpolation:0}
execute if entity @s[tag=aj.tultaria.bone.sword] run data modify entity @s {} merge value {transformation:[-0.00000957480455194239f,-0.0000011691357911758496f,-0.0000026374683493636342f,-0.23483733651819677f,0.0000011354383758479055f,0.0000068771379129005765f,-0.000007170477935367866f,0.8250154469638034f,0.000002652149597355923f,-0.000007165060755411439f,-0.000006451976974889764f,0.6239178349041608f,0f,0f,0f,1f],start_interpolation:0}
execute if entity @s[tag=aj.tultaria.bone.right_hand] run data modify entity @s {} merge value {transformation:[-0.957480455194239f,-0.11691357911758495f,-0.2637468349363634f,-0.26936388594187455f,0.11354383758479054f,0.6877137912900576f,-0.7170477935367865f,1.0233405149029888f,0.2652149597355923f,-0.7165060755411439f,-0.6451976974889764f,0.2965340189681682f,0f,0f,0f,1f],start_interpolation:0}
execute if entity @s[tag=aj.tultaria.bone.right_arm] run data modify entity @s {} merge value {transformation:[-0.957480455194239f,-0.08745778010767691f,-0.27492237926307556f,-0.18388973212351525f,0.11354383758479054f,0.7617994704044118f,-0.637784731581179f,1.3343566666666666f,0.2652149597355923f,-0.6418821570897535f,-0.7194778117094739f,0.11847416984111689f,0f,0f,0f,1f],start_interpolation:0}
execute if entity @s[tag=aj.tultaria.bone.skirt] run data modify entity @s {} merge value {transformation:[-0.713331083034563f,-0.2006870083059527f,-0.6714785854172447f,0.042327058071571236f,0f,0.9581228928381097f,-0.28635733309893135f,0.7848000695696835f,0.7008272012249078f,-0.20426758655434984f,-0.6834588408284175f,0.04308224070511102f,0f,0f,0f,1f],start_interpolation:0}
execute if entity @s[tag=aj.tultaria.bone.left_foot] run data modify entity @s {} merge value {transformation:[-0.713331083034563f,-0.16098703017777252f,-0.6820864623281117f,0.25899117136743066f,0f,0.9732591159931563f,-0.22971001966875565f,0.388532053838494f,0.7008272012249078f,-0.16385929711420427f,-0.6942559792846597f,0.08525133251605306f,0f,0f,0f,1f],start_interpolation:0}
execute if entity @s[tag=aj.tultaria.bone.left_leg] run data modify entity @s {} merge value {transformation:[-0.713331083034563f,-0.2006870083059527f,-0.6714785854172447f,0.08725578205642079f,0f,0.9581228928381097f,-0.28635733309893135f,0.7719161528178006f,0.7008272012249078f,-0.20426758655434984f,-0.6834588408284175f,-0.08954809170502719f,0f,0f,0f,1f],start_interpolation:0}
execute if entity @s[tag=aj.tultaria.bone.right_foot] run data modify entity @s {} merge value {transformation:[-0.713331083034563f,-0.16098703017777247f,-0.6820864623281117f,0.17040750514324698f,0f,0.9732591159931563f,-0.22971001966875548f,0.5114907409499254f,0.7008272012249078f,-0.16385929711420422f,-0.6942559792846597f,0.3518085053920814f,0f,0f,0f,1f],start_interpolation:0}
execute if entity @s[tag=aj.tultaria.bone.right_leg] run data modify entity @s {} merge value {transformation:[-0.713331083034563f,-0.44237434924191854f,-0.5435657284170209f,-0.09107698870221997f,0f,0.7756059232104221f,-0.6312174362934763f,0.7719161528178006f,0.7008272012249078f,-0.4502670174615258f,-0.5532638132117126f,0.08565870860119977f,0f,0f,0f,1f],start_interpolation:0}
execute if entity @s[tag=aj.tultaria.bone.lower] run data modify entity @s {} merge value {transformation:[-0.713331083034563f,0.030569653166393537f,-0.7001601690199349f,0f,0f,0.9990482215818578f,0.043619387365336f,0.8343566666666666f,0.7008272012249078f,0.031115064830619266f,-0.7126521499047408f,0f,0f,0f,0f,1f],start_interpolation:0}