execute if entity @s[tag=aj.tultaria.bone.head] run data modify entity @s {} merge value {transformation:[-0.9906730019237318f,-0.0027394075717618325f,0.13623325183514412f,0f,0.0017182412779397263f,0.9994672508967726f,0.032592361555411314f,1.568711875f,-0.1362499574544257f,0.03252245425861406f,-0.9901405148071982f,0f,0f,0f,0f,1f],start_interpolation:0}
execute if entity @s[tag=aj.tultaria.bone.bust] run data modify entity @s {} merge value {transformation:[-0.9990547589180819f,0f,0.043469399387768004f,0.47779267976515694f,0f,1f,0f,0.412461875f,-0.043469399387768004f,0f,-0.9990547589180819f,0.521262079152925f,0f,0f,0f,1f],start_interpolation:0}
execute if entity @s[tag=aj.tultaria.bone.left_wing] run data modify entity @s {} merge value {transformation:[-0.9106389930104075f,-0.06530750998486826f,-0.4080092566947071f,0.06787459735585111f,-0.10074443220393461f,0.9927239020843254f,0.06595311676014703f,1.474961875f,0.4007333075611484f,0.10116414073201582f,-0.9105924625435107f,-0.12216500740302472f,0f,0f,0f,1f],start_interpolation:0}
execute if entity @s[tag=aj.tultaria.bone.right_wing] run data modify entity @s {} merge value {transformation:[-0.872391185861995f,0.056273925926208695f,0.48555830143367296f,-0.057007247508909176f,0.10074443220393461f,0.9927239020843254f,0.06595311676014703f,1.474961875f,-0.47831389088150983f,0.10645421312152162f,-0.8717128668882137f,-0.12759868232649574f,0f,0f,0f,1f],start_interpolation:0}
execute if entity @s[tag=aj.tultaria.bone.body] run data modify entity @s {} merge value {transformation:[-0.9990547589180819f,0f,0.043469399387768004f,0.47779267976515694f,0f,1f,0f,0.412461875f,-0.043469399387768004f,0f,-0.9990547589180819f,0.521262079152925f,0f,0f,0f,1f],start_interpolation:0}
execute if entity @s[tag=aj.tultaria.bone.left_hand] run data modify entity @s {} merge value {transformation:[-0.5459013348901526f,-0.5234325657153456f,0.6542247944810711f,0.5682068953084995f,-0.757957576025825f,0.641287339191773f,-0.11937697239162784f,1.31020462647584f,-0.35706028273977103f,-0.5610426879846008f,-0.7468192932355248f,-0.04545435433544382f,0f,0f,0f,1f],start_interpolation:0}
execute if entity @s[tag=aj.tultaria.bone.left_arm] run data modify entity @s {} merge value {transformation:[-0.5459013348901526f,-0.81200814591125f,0.2064812425837357f,0.2185432285133304f,-0.757957576025825f,0.5836406399816154f,0.29131411964905884f,1.412461875f,-0.35706028273977103f,0.002524744665202215f,-0.9340779304502224f,0.009508931116074251f,0f,0f,0f,1f],start_interpolation:0}
execute if entity @s[tag=aj.tultaria.bone.rod] run data modify entity @s {} merge value {transformation:[-0.7186415771210717f,0.12198658256139529f,-0.1386995216571807f,-0.5920348725105474f,0.13849711764761666f,0.7245146990370126f,-0.08038034139395772f,1.6369073244372625f,0.12221633293566402f,-0.10373873217992818f,-0.7244759784902877f,-0.21071398363277136f,0f,0f,0f,1f],start_interpolation:0}
execute if entity @s[tag=aj.tultaria.bone.sword] run data modify entity @s {} merge value {transformation:[-0.000009802481958062468f,0.000001716463007607367f,9.823961550084143e-7f,-0.41493753386657456f,-0.0000019448892366145594f,-0.00000926764470118666f,-0.000003213746653030954f,1.8342943466198594f,3.588221274680263e-7f,-0.0000033413345292086936f,0.000009418425040565807f,0.39533176207539883f,0f,0f,0f,1f],start_interpolation:0}
execute if entity @s[tag=aj.tultaria.bone.right_hand] run data modify entity @s {} merge value {transformation:[-0.9802481958062467f,0.1716463007607367f,0.09823961550084143f,-0.31226244500134986f,-0.19448892366145593f,-0.9267644701186659f,-0.3213746653030954f,1.467728053462976f,0.03588221274680262f,-0.3341334529208693f,0.9418425040565807f,0.3424918437111556f,0f,0f,0f,1f],start_interpolation:0}
execute if entity @s[tag=aj.tultaria.bone.right_arm] run data modify entity @s {} merge value {transformation:[-0.9802481958062467f,0.056950253104097334f,0.18939414798239593f,-0.2185432285133304f,-0.19448892366145593f,-0.4513355028592074f,-0.8709020165505614f,1.412461875f,0.03588221274680262f,-0.8905351944365844f,0.4534970058095067f,-0.009508931116074251f,0f,0f,0f,1f],start_interpolation:0}
execute if entity @s[tag=aj.tultaria.bone.skirt] run data modify entity @s {} merge value {transformation:[-0.9702593955158312f,-0.009065519664519772f,-0.24189775064366772f,0.014619877495628633f,0f,0.9992984888596173f,-0.037450369329091154f,0.8629052779030169f,0.24206756373635405f,-0.03633657270708861f,-0.9695787477408158f,0.05859964582811145f,0f,0f,0f,1f],start_interpolation:0}
execute if entity @s[tag=aj.tultaria.bone.left_foot] run data modify entity @s {} merge value {transformation:[-0.9702593955158312f,0.06553409454147573f,-0.2330278692900975f,0.1548258806962148f,0f,0.962656316663301f,0.27072645971209774f,0.41750956844118775f,0.24206756373635405f,0.262674891150401f,-0.934026335895231f,0.1041910160337926f,0f,0f,0f,1f],start_interpolation:0}
execute if entity @s[tag=aj.tultaria.bone.left_leg] run data modify entity @s {} merge value {transformation:[-0.9702593955158312f,-0.009065519664519772f,-0.24189775064366772f,0.12062249701252895f,0f,0.9992984888596173f,-0.037450369329091154f,0.8500213611511339f,0.24206756373635405f,-0.03633657270708861f,-0.9695787477408158f,-0.03290357799316062f,0f,0f,0f,1f],start_interpolation:0}
execute if entity @s[tag=aj.tultaria.bone.right_foot] run data modify entity @s {} merge value {transformation:[-0.9702593955158312f,0.06553409454147573f,-0.2330278692900975f,-0.05027670935586534f,0f,0.9626563166633012f,0.2707264597120978f,0.5045045309526172f,0.24206756373635405f,0.26267489115040105f,-0.9340263358952312f,0.3148647807058767f,0f,0f,0f,1f],start_interpolation:0}
execute if entity @s[tag=aj.tultaria.bone.right_leg] run data modify entity @s {} merge value {transformation:[-0.9702593955158312f,-0.10094570956734175f,-0.2200151565988119f,-0.12194235186642885f,0f,0.9088997848486616f,-0.4170146053821815f,0.8500213611511339f,0.24206756373635405f,-0.4046123389393883f,-0.8818685558317314f,0.027613312940927892f,0f,0f,0f,1f],start_interpolation:0}
execute if entity @s[tag=aj.tultaria.bone.lower] run data modify entity @s {} merge value {transformation:[-0.9702593955158312f,0.010558838831199189f,-0.24183716905345753f,0f,0f,0.9990482215818578f,0.043619387365336f,0.912461875f,0.24206756373635405f,0.04232212041786179f,-0.9693359235631795f,0f,0f,0f,0f,1f],start_interpolation:0}