execute if entity @s[tag=aj.tultaria.bone.head] run data modify entity @s {} merge value {transformation:[-0.9998780027745864f,-0.0012325558088000649f,0.01557113912603647f,0f,0.0007031060347028155f,0.9923197339298295f,0.12369741830505726f,1.58329728f,-0.015604012605998363f,0.12369327572511994f,-0.9921978070581398f,0f,0f,0f,0f,1f],start_interpolation:0}
execute if entity @s[tag=aj.tultaria.bone.bust] run data modify entity @s {} merge value {transformation:[-0.9553815255033206f,0f,-0.29537457698141206f,0.6253780512423663f,0f,1f,0f,0.42704728000000003f,0.29537457698141206f,0f,-0.9553815255033206f,0.3300034742609542f,0f,0f,0f,1f],start_interpolation:0}
execute if entity @s[tag=aj.tultaria.bone.left_wing] run data modify entity @s {} merge value {transformation:[-0.7516503523360689f,-0.012924689833031707f,-0.6594351372392764f,0.02278952322128114f,-0.042858310945648105f,0.9986520621853052f,0.029278385814853855f,1.48954728f,0.6581678456259843f,0.050269385173853307f,-0.7511911047784667f,-0.13788360174925335f,0f,0f,0f,1f],start_interpolation:0}
execute if entity @s[tag=aj.tultaria.bone.right_wing] run data modify entity @s {} merge value {transformation:[-0.9919570627931742f,0.03904101113341778f,0.12040342613239502f,-0.09663316746663408f,0.042858310945648105f,0.9986520621853052f,0.029278385814853855f,1.48954728f,-0.11909807201472611f,0.03420318907233133f,-0.9922931981524703f,-0.10096177962657682f,0f,0f,0f,1f],start_interpolation:0}
execute if entity @s[tag=aj.tultaria.bone.body] run data modify entity @s {} merge value {transformation:[-0.9553815255033206f,0f,-0.29537457698141206f,0.6253780512423663f,0f,1f,0f,0.42704728000000003f,0.29537457698141206f,0f,-0.9553815255033206f,0.3300034742609542f,0f,0f,0f,1f],start_interpolation:0}
execute if entity @s[tag=aj.tultaria.bone.left_hand] run data modify entity @s {} merge value {transformation:[-0.8900685066319363f,-0.41124423676273597f,0.1966118796803229f,0.431141192030003f,-0.4552482169885728f,0.8237204676845462f,-0.3379846920295024f,1.2085595222191405f,-0.022958972771452202f,-0.39033673776239286f,-0.9203858520872061f,-0.26121940849392444f,0f,0f,0f,1f],start_interpolation:0}
execute if entity @s[tag=aj.tultaria.bone.left_arm] run data modify entity @s {} merge value {transformation:[-0.8900685066319363f,-0.4379688119847908f,-0.12633832843055187f,0.20898970870385136f,-0.4552482169885728f,0.8401526602411731f,0.2947754542332268f,1.42704728f,-0.022958972771452202f,0.31988564709644435f,-0.9471779443963889f,-0.06461318871468388f,0f,0f,0f,1f],start_interpolation:0}
execute if entity @s[tag=aj.tultaria.bone.rod] run data modify entity @s {} merge value {transformation:[0.016643508472391128f,-0.219301566362414f,0.13488445654233558f,0.7280524429657804f,-0.04209710442147037f,-0.13566492621778659f,-0.21537609336611707f,1.2001034859643185f,0.25399769177112086f,-0.008114849679095048f,-0.044534501115746396f,0.9511161688870456f,0f,0f,0f,1f],start_interpolation:0}
execute if entity @s[tag=aj.tultaria.bone.sword] run data modify entity @s {} merge value {transformation:[-0.000008763490043810342f,-0.000004461615483493299f,-0.0000018152767087939682f,-0.11432719833257565f,9.105954270343528e-7f,0.0000021661473067510164f,-0.000009720011410164057f,1.0941468400518366f,0.000004729911016108139f,-0.000008683420588852542f,-0.0000014920283699684462f,0.5683671869021235f,0f,0f,0f,1f],start_interpolation:0}
execute if entity @s[tag=aj.tultaria.bone.right_hand] run data modify entity @s {} merge value {transformation:[-0.8763490043810342f,-0.4461615483493299f,-0.1815276708793968f,-0.2684337218641199f,0.09105954270343528f,0.21661473067510162f,-0.9720011410164056f,1.0965941642036108f,0.47299110161081387f,-0.8683420588852541f,-0.1492028369968446f,0.21630147125443683f,0f,0f,0f,1f],start_interpolation:0}
execute if entity @s[tag=aj.tultaria.bone.right_arm] run data modify entity @s {} merge value {transformation:[-0.8763490043810342f,-0.18712440929067958f,-0.4438433033943221f,-0.20898970870385136f,0.09105954270343528f,0.8404783430990241f,-0.5341388531685f,1.42704728f,0.47299110161081387f,-0.5085082204145116f,-0.7195128960399915f,0.06461318871468388f,0f,0f,0f,1f],start_interpolation:0}
execute if entity @s[tag=aj.tultaria.bone.skirt] run data modify entity @s {} merge value {transformation:[-0.9237458945102881f,0.003745519288866652f,-0.38298758917312753f,0.023131969057715824f,0f,0.9999521817666416f,0.009779272985940515f,0.8774906829030169f,0.38300590383881494f,0.009033563272057916f,-0.9237017226135407f,0.05579042316276303f,0f,0f,0f,1f],start_interpolation:0}
execute if entity @s[tag=aj.tultaria.bone.left_foot] run data modify entity @s {} merge value {transformation:[-0.9237458945102881f,0.13800961585414798f,-0.35727701900231157f,0.16065886559137554f,0f,0.9328237904987199f,0.36033286816442456f,0.4259052775049857f,0.38300590383881494f,0.33285600762400414f,-0.8616921467747177f,0.061116466540328936f,0f,0f,0f,1f],start_interpolation:0}
execute if entity @s[tag=aj.tultaria.bone.left_leg] run data modify entity @s {} merge value {transformation:[-0.9237458945102881f,0.003745519288866652f,-0.38298758917312753f,0.11442408163361377f,0f,0.9999521817666416f,0.009779272985940515f,0.864606766151134f,0.38300590383881494f,0.009033563272057916f,-0.9237017226135407f,-0.05039406485483831f,0f,0f,0f,1f],start_interpolation:0}
execute if entity @s[tag=aj.tultaria.bone.right_foot] run data modify entity @s {} merge value {transformation:[-0.9237458945102881f,0.13800961585414795f,-0.35727701900231157f,-0.009496538117742856f,0f,0.9328237904987198f,0.3603328681644245f,0.5054952965320232f,0.38300590383881494f,0.3328560076240041f,-0.8616921467747176f,0.3034616718351894f,0f,0f,0f,1f],start_interpolation:0}
execute if entity @s[tag=aj.tultaria.bone.right_leg] run data modify entity @s {} merge value {transformation:[-0.9237458945102881f,-0.14310259656839322f,-0.3552677430203469f,-0.11651239199395826f,0f,0.927577719976501f,-0.37363026296486757f,0.864606766151134f,0.38300590383881494f,-0.3451394214785958f,-0.8568461106675065f,0.04535741110486543f,0f,0f,0f,1f],start_interpolation:0}
execute if entity @s[tag=aj.tultaria.bone.lower] run data modify entity @s {} merge value {transformation:[-0.9237458945102881f,0.016706482882755898f,-0.3826413670855201f,0f,0f,0.9990482215818578f,0.043619387365336f,0.92704728f,0.38300590383881494f,0.04029322999978306f,-0.9228666931040458f,0f,0f,0f,0f,1f],start_interpolation:0}