execute if entity @s[tag=aj.tultaria.bone.head] run data modify entity @s {} merge value {transformation:[-0.9831893264422885f,0.00013281108323689257f,0.18258896661949503f,0f,0.0009507737832568287f,0.9999899019252241f,0.0043922746719406505f,1.54898256f,-0.18258653947969977f,0.004492038378828625f,-0.9831795243962473f,0f,0f,0f,0f,1f],start_interpolation:0}
execute if entity @s[tag=aj.tultaria.bone.bust] run data modify entity @s {} merge value {transformation:[-0.9861922228573001f,0f,0.1656046484123475f,0.41029378722247634f,0f,1f,0f,0.39273256f,-0.1656046484123475f,0f,-0.9861922228573001f,0.5758984356348238f,0f,0f,0f,1f],start_interpolation:0}
execute if entity @s[tag=aj.tultaria.bone.left_wing] run data modify entity @s {} merge value {transformation:[-0.9258206269647363f,-0.12626397523589244f,-0.3562493161316276f,0.08233759498012472f,-0.17472837173493735f,0.9787653051903185f,0.10718429673492405f,1.45523256f,0.3351509552387997f,0.16148029574326594f,-0.9282230073043801f,-0.11292373733139072f,0f,0f,0f,1f],start_interpolation:0}
execute if entity @s[tag=aj.tultaria.bone.right_wing] run data modify entity @s {} merge value {transformation:[-0.7655671731617485f,0.06659313839872544f,0.6399001932296453f,-0.04093643287703774f,0.17472837173493735f,0.9787653051903185f,0.10718429673492405f,1.45523256f,-0.6191743692111187f,0.19386549789457352f,-0.7609462985244769f,-0.1336243183829342f,0f,0f,0f,1f],start_interpolation:0}
execute if entity @s[tag=aj.tultaria.bone.body] run data modify entity @s {} merge value {transformation:[-0.9861922228573001f,0f,0.1656046484123475f,0.41029378722247634f,0f,1f,0f,0.39273256f,-0.1656046484123475f,0f,-0.9861922228573001f,0.5758984356348238f,0f,0f,0f,1f],start_interpolation:0}
execute if entity @s[tag=aj.tultaria.bone.left_hand] run data modify entity @s {} merge value {transformation:[-0.3486989846798734f,-0.5912838627597049f,0.7271811409292654f,0.5810649321833923f,-0.840193952172313f,0.5410207548999847f,0.03702249992261225f,1.3466553043692615f,-0.4153108965778463f,-0.5980634886092056f,-0.6854465134321512f,0.04843796284159696f,0f,0f,0f,1f],start_interpolation:0}
execute if entity @s[tag=aj.tultaria.bone.left_arm] run data modify entity @s {} merge value {transformation:[-0.3486989846798734f,-0.8789915129226801f,0.3252428912261167f,0.21572954875003442f,-0.840193952172313f,0.44694356739367913f,0.3071084015433002f,1.39273256f,-0.4153108965778463f,-0.16617872239041298f,-0.8943721213278037f,0.03622601684020102f,0f,0f,0f,1f],start_interpolation:0}
execute if entity @s[tag=aj.tultaria.bone.rod] run data modify entity @s {} merge value {transformation:[-0.8891465923170196f,0.25175260718202425f,0.14877823143217206f,-0.46585534308598775f,-0.23844978137813694f,-0.3485067680598134f,-0.8353327087916653f,1.749393192693682f,-0.16928094733829413f,-0.8314202652050018f,0.3951965377817637f,-0.08002739379502244f,0f,0f,0f,1f],start_interpolation:0}
execute if entity @s[tag=aj.tultaria.bone.sword] run data modify entity @s {} merge value {transformation:[-0.00000928772055291492f,0.000002576703635633536f,-0.00000266436583544278f,-0.5374750126000296f,-0.000003436114569908016f,-0.000008680852930290744f,0.0000035827236936621823f,1.9245038095868712f,-0.0000013897350803040255f,0.000004243040275177161f,0.000008947918508222838f,-0.10022740992400975f,0f,0f,0f,1f],start_interpolation:0}
execute if entity @s[tag=aj.tultaria.bone.right_hand] run data modify entity @s {} merge value {transformation:[-0.9287720552914919f,0.2576703635633536f,-0.26643658354427796f,-0.43263985762530954f,-0.3436114569908016f,-0.8680852930290742f,0.3582723693662182f,1.6376997115886667f,-0.13897350803040254f,0.424304027517716f,0.8947918508222837f,0.13313513586657477f,0f,0f,0f,1f],start_interpolation:0}
execute if entity @s[tag=aj.tultaria.bone.right_arm] run data modify entity @s {} merge value {transformation:[-0.9287720552914919f,0.36939536731097833f,-0.030488225904522798f,-0.21572954875003442f,-0.3436114569908016f,-0.8889393377999231f,-0.3028498313298058f,1.39273256f,-0.13897350803040254f,-0.27080235656474755f,0.95255049616527f,-0.03622601684020102f,0f,0f,0f,1f],start_interpolation:0}
execute if entity @s[tag=aj.tultaria.bone.skirt] run data modify entity @s {} merge value {transformation:[-0.9756585607688741f,-0.022189183589120413f,-0.21816968838511314f,0.013244519471065839f,0f,0.9948677193093071f,-0.10118409497691723f,0.8431759629030169f,0.21929517276586152f,-0.09872112847788014f,-0.9706512071767308f,0.058925733030212236f,0f,0f,0f,1f],start_interpolation:0}
execute if entity @s[tag=aj.tultaria.bone.left_foot] run data modify entity @s {} merge value {transformation:[-0.9756585607688741f,0.03197956665969635f,-0.216950870278658f,0.1583384538964747f,0f,0.9893098308656957f,0.14582886734967257f,0.4076854308254268f,0.21929517276586152f,0.1422791828369366f,-0.965228605736923f,0.13445014621677598f,0f,0f,0f,1f],start_interpolation:0}
execute if entity @s[tag=aj.tultaria.bone.left_leg] run data modify entity @s {} merge value {transformation:[-0.9756585607688741f,-0.022189183589120413f,-0.21816968838511314f,0.12135947502809537f,0f,0.9948677193093071f,-0.10118409497691723f,0.830292046151134f,0.21929517276586152f,-0.09872112847788014f,-0.9706512071767308f,-0.030071748389387924f,0f,0f,0f,1f],start_interpolation:0}
execute if entity @s[tag=aj.tultaria.bone.right_foot] run data modify entity @s {} merge value {transformation:[-0.9756585607688741f,0.03197956665969634f,-0.21695087027865806f,-0.05292563030132684f,0f,0.9893098308656958f,0.1458288673496725f,0.5043850142300101f,0.21929517276586152f,0.14227918283693647f,-0.965228605736923f,0.33453839766345533f,0f,0f,0f,1f],start_interpolation:0}
execute if entity @s[tag=aj.tultaria.bone.right_leg] run data modify entity @s {} merge value {transformation:[-0.9756585607688741f,-0.10399005775036084f,-0.19307107677610771f,-0.12255516516412317f,0f,0.8804164466595307f,-0.47420130793936627f,0.830292046151134f,0.21929517276586152f,-0.46265856561883983f,-0.8589858432250839f,0.024752044802077457f,0f,0f,0f,1f],start_interpolation:0}
execute if entity @s[tag=aj.tultaria.bone.lower] run data modify entity @s {} merge value {transformation:[-0.9756585607688741f,0.009565521088222395f,-0.21908645235322022f,0f,0f,0.9990482215818578f,0.043619387365336f,0.89273256f,0.21929517276586152f,0.042557628698483736f,-0.9747299500072586f,0f,0f,0f,0f,1f],start_interpolation:0}