execute if entity @s[tag=aj.tultaria.bone.head] run data modify entity @s {} merge value {transformation:[-0.9855846791442034f,-0.0008303470143077488f,0.1691808226722333f,0f,-0.0006999751683723439f,0.9999994103628914f,0.0008302461281164054f,1.5478838194444444f,-0.16918141230933584f,0.0006998554889549565f,-0.9855846792291939f,0f,0f,0f,0f,1f],start_interpolation:0}
execute if entity @s[tag=aj.tultaria.bone.bust] run data modify entity @s {} merge value {transformation:[-0.9851586402836864f,0f,0.1716463034102348f,0.4067561684367258f,0f,1f,0f,0.3916338194444444f,-0.1716463034102348f,0f,-0.9851586402836864f,0.5784024718469606f,0f,0f,0f,1f],start_interpolation:0}
execute if entity @s[tag=aj.tultaria.bone.left_wing] run data modify entity @s {} merge value {transformation:[-0.9261221917681987f,-0.12968020358591603f,-0.3542325940852752f,0.08302820294400975f,-0.17868324808801916f,0.9778295474758542f,0.10918641369640103f,1.4541338194444444f,0.3322197808186374f,0.16441539125362203f,-0.9287613236734908f,-0.11241693607232117f,0f,0f,0f,1f],start_interpolation:0}
execute if entity @s[tag=aj.tultaria.bone.right_wing] run data modify entity @s {} merge value {transformation:[-0.7591945694180046f,0.06643390614741018f,0.6474643942953217f,-0.040116627091451085f,0.17868324808801916f,0.9778295474758542f,0.10918641369640103f,1.4541338194444444f,-0.6258561357204435f,0.19858477332656532f,-0.7542335083937273f,-0.1338727239986005f,0f,0f,0f,1f],start_interpolation:0}
execute if entity @s[tag=aj.tultaria.bone.body] run data modify entity @s {} merge value {transformation:[-0.9851586402836864f,0f,0.1716463034102348f,0.4067561684367258f,0f,1f,0f,0.3916338194444444f,-0.1716463034102348f,0f,-0.9851586402836864f,0.5784024718469606f,0f,0f,0f,1f],start_interpolation:0}
execute if entity @s[tag=aj.tultaria.bone.left_hand] run data modify entity @s {} merge value {transformation:[-0.26353552082489407f,-0.6106368449954835f,0.7467741779129176f,0.5826283093622849f,-0.8722310148996244f,0.4814906863893057f,0.08590562011606909f,1.3756438419573693f,-0.4120219483361571f,-0.6287204167627432f,-0.6595062938554567f,0.06411542214356893f,0f,0f,0f,1f],start_interpolation:0}
execute if entity @s[tag=aj.tultaria.bone.left_arm] run data modify entity @s {} merge value {transformation:[-0.26353552082489407f,-0.9051859677657247f,0.3334477365698866f,0.21550345256205639f,-0.8722310148996244f,0.37124032273370544f,0.31842374192849576f,1.3916338194444444f,-0.4120219483361571f,-0.20692749101219707f,-0.8873662871400256f,0.037547628870988864f,0f,0f,0f,1f],start_interpolation:0}
execute if entity @s[tag=aj.tultaria.bone.rod] run data modify entity @s {} merge value {transformation:[-0.9248317202664181f,0.4117599076614639f,0.0873032516870797f,-0.49199819111164667f,-0.38884888766430514f,-0.7551175087765947f,-0.5577417687646491f,1.8945916790275157f,-0.16113541471305276f,-0.5410481646813983f,0.8448574150373543f,-0.2555252613652529f,0f,0f,0f,1f],start_interpolation:0}
execute if entity @s[tag=aj.tultaria.bone.sword] run data modify entity @s {} merge value {transformation:[-0.000009101679040347471f,0.000002310540225861994f,-0.0000034381452137996094f,-0.5365572438024182f,-0.000003826834323650898f,-0.000007867379997374129f,0.000004843518456271729f,1.9053368145298804f,-0.0000015858050655193822f,0.000005724136252884893f,0.000008044842226705383f,-0.22277070425731943f,0f,0f,0f,1f],start_interpolation:0}
execute if entity @s[tag=aj.tultaria.bone.right_hand] run data modify entity @s {} merge value {transformation:[-0.9101679040347471f,0.2310540225861994f,-0.34381452137996094f,-0.448329747814317f,-0.3826834323650898f,-0.7867379997374129f,0.48435184562717293f,1.6601089098293824f,-0.1585805065519382f,0.5724136252884893f,0.8044842226705382f,0.05969037595174792f,0f,0f,0f,1f],start_interpolation:0}
execute if entity @s[tag=aj.tultaria.bone.right_arm] run data modify entity @s {} merge value {transformation:[-0.9101679040347471f,0.3954185771262191f,-0.12344446252656249f,-0.21550345256205639f,-0.3826834323650898f,-0.9167119144630287f,-0.1148592898933429f,1.3916338194444444f,-0.1585805065519382f,-0.05730108851501471f,0.9856819001060766f,-0.037547628870988864f,0f,0f,0f,1f],start_interpolation:0}
execute if entity @s[tag=aj.tultaria.bone.skirt] run data modify entity @s {} merge value {transformation:[-0.9763028909822f,-0.022663112778611768f,-0.21521860602415946f,0.0130701800553201f,0f,0.994501352081665f,-0.10472373516896859f,0.8420772223474613f,0.21640856050488952f,-0.10224208539991834f,-0.9709345451230363f,0.058964647904390995f,0f,0f,0f,1f],start_interpolation:0}
execute if entity @s[tag=aj.tultaria.bone.left_foot] run data modify entity @s {} merge value {transformation:[-0.9763028909822f,0.030034091729669258f,-0.214314298155238f,0.15826532341457272f,0f,0.9903226455332195f,0.13878421287770945f,0.407189430955971f,0.21640856050488952f,0.13549542825519684f,-0.9668548618392228f,0.1363850520655045f,0f,0f,0f,1f],start_interpolation:0}
execute if entity @s[tag=aj.tultaria.bone.left_leg] run data modify entity @s {} merge value {transformation:[-0.9763028909822f,-0.022663112778611768f,-0.21521860602415946f,0.12144788582091015f,0f,0.994501352081665f,-0.10472373516896859f,0.8291933055955784f,0.21640856050488952f,-0.10224208539991834f,-0.9709345451230363f,-0.029712678437339313f,0f,0f,0f,1f],start_interpolation:0}
execute if entity @s[tag=aj.tultaria.bone.right_foot] run data modify entity @s {} merge value {transformation:[-0.9763028909822f,0.030034091729669227f,-0.214314298155238f,-0.05366429936342498f,0f,0.9903226455332195f,0.13878421287770942f,0.5044182288496202f,0.21640856050488952f,0.13549542825519673f,-0.9668548618392228f,0.33551070816957573f,0f,0f,0f,1f],start_interpolation:0}
execute if entity @s[tag=aj.tultaria.bone.right_leg] run data modify entity @s {} merge value {transformation:[-0.9763028909822f,-0.10329858090130971f,-0.19016326733513497f,-0.12262783692463985f,0f,0.8787234058184978f,-0.47733130639707655f,0.8291933055955784f,0.21640856050488952f,-0.46601993439177625f,-0.8579002014743244f,0.024389461688883066f,0f,0f,0f,1f],start_interpolation:0}
execute if entity @s[tag=aj.tultaria.bone.lower] run data modify entity @s {} merge value {transformation:[-0.9763028909822f,0.009439608829837529f,-0.21620258750749974f,0f,0f,0.9990482215818578f,0.043619387365336f,0.8916338194444444f,0.21640856050488952f,0.04258573398764998f,-0.9753736669609934f,0f,0f,0f,0f,1f],start_interpolation:0}