execute if entity @s[tag=aj.tultaria.bone.head] run data modify entity @s {} merge value {transformation:[-0.6087614290087207f,0.06914529963441819f,-0.7903343913115048f,0f,0f,0.9961946980917455f,0.08715574274765817f,1.15625f,0.793353340291235f,0.053057054501380825f,-0.6064449079812421f,0f,0f,0f,0f,1f],start_interpolation:0}
execute if entity @s[tag=aj.tultaria.bone.bust] run data modify entity @s {} merge value {transformation:[-0.7071067811865476f,0f,-0.7071067811865475f,0.7071067811865475f,0f,1f,0f,0f,0.7071067811865475f,0f,-0.7071067811865476f,5.551115123125783e-17f,0f,0f,0f,1f],start_interpolation:0}
execute if entity @s[tag=aj.tultaria.bone.left_wing] run data modify entity @s {} merge value {transformation:[-0.38268343236508984f,0f,-0.9238795325112867f,-0.044194173824159244f,0f,1f,0f,1.0625f,0.9238795325112867f,0f,-0.38268343236508984f,-0.13258252147247768f,0f,0f,0f,1f],start_interpolation:0}
execute if entity @s[tag=aj.tultaria.bone.right_wing] run data modify entity @s {} merge value {transformation:[-0.9238795325112867f,0f,-0.38268343236508967f,-0.13258252147247773f,0f,1f,0f,1.0625f,0.38268343236508967f,0f,-0.9238795325112867f,-0.04419417382415919f,0f,0f,0f,1f],start_interpolation:0}
execute if entity @s[tag=aj.tultaria.bone.body] run data modify entity @s {} merge value {transformation:[-0.7071067811865476f,0f,-0.7071067811865475f,0.7071067811865475f,0f,1f,0f,0f,0.7071067811865475f,0f,-0.7071067811865476f,5.551115123125783e-17f,0f,0f,0f,1f],start_interpolation:0}
execute if entity @s[tag=aj.tultaria.bone.left_hand] run data modify entity @s {} merge value {transformation:[-0.563563487256044f,-0.5791311535177087f,-0.5890698624586516f,0.24214684491731803f,-0.8242567773141051f,0.4414839011826728f,0.35453170527936395f,1.0302499993783993f,0.054744505510347596f,0.6853459506131017f,-0.7261569851586165f,-0.5112979023221074f,0f,0f,0f,1f],start_interpolation:0}
execute if entity @s[tag=aj.tultaria.bone.left_arm] run data modify entity @s {} merge value {transformation:[-0.563563487256044f,-0.30962014250615494f,-0.7658534867624975f,0.15467960838455727f,-0.8242567773141051f,0.2722045303773515f,0.4964931607724434f,1f,0.054744505510347596f,0.9110653439773208f,-0.4086110352400111f,-0.15467960838455724f,0f,0f,0f,1f],start_interpolation:0}
execute if entity @s[tag=aj.tultaria.bone.rod] run data modify entity @s {} merge value {transformation:[-0.610847038879516f,0.7634669448544799f,0.20972391186198527f,-0.19295104549183256f,0.2576255544192706f,-0.058809552082888794f,0.9644534775166573f,0.44357425607625056f,0.7486621192515958f,0.6431637899465242f,-0.16076495420125878f,0.4401508393245123f,0f,0f,0f,1f],start_interpolation:0}
execute if entity @s[tag=aj.tultaria.bone.right_hand] run data modify entity @s {} merge value {transformation:[-0.610847038879516f,-0.22195734085465949f,-0.7600005486398385f,-0.3711851168923096f,0.2576255544192706f,0.8519433608578638f,-0.45587452615864704f,0.7060687006281186f,0.7486621192515958f,-0.47426516710690025f,-0.4632251962779805f,0.20439825212467713f,0f,0f,0f,1f],start_interpolation:0}
execute if entity @s[tag=aj.tultaria.bone.right_arm] run data modify entity @s {} merge value {transformation:[-0.610847038879516f,0.2592080041252486f,-0.7481157034105969f,-0.15467960838455727f,0.2576255544192706f,0.9585421798536543f,0.12176191174405902f,1f,0.7486621192515958f,-0.11835581962375022f,-0.652301257977401f,0.15467960838455724f,0f,0f,0f,1f],start_interpolation:0}
execute if entity @s[tag=aj.tultaria.bone.skirt] run data modify entity @s {} merge value {transformation:[-1f,0f,1.2246467991473532e-16f,-7.654042494670958e-18f,0f,1f,0f,0.453125f,-1.2246467991473532e-16f,0f,-1f,0.0625f,0f,0f,0f,1f],start_interpolation:0}
execute if entity @s[tag=aj.tultaria.bone.left_foot] run data modify entity @s {} merge value {transformation:[-1f,-4.6865204053262974e-17f,1.1314261122877003e-16f,0.12499999999999999f,0f,0.9238795325112867f,0.3826834323650897f,0f,-1.2246467991473532e-16f,0.3826834323650897f,-0.9238795325112867f,0.12500000000000003f,0f,0f,0f,1f],start_interpolation:0}
execute if entity @s[tag=aj.tultaria.bone.left_leg] run data modify entity @s {} merge value {transformation:[-1f,0f,1.2246467991473532e-16f,0.125f,0f,1f,0f,0.4375f,-1.2246467991473532e-16f,0f,-1f,1.5308084989341915e-17f,0f,0f,0f,1f],start_interpolation:0}
execute if entity @s[tag=aj.tultaria.bone.right_foot] run data modify entity @s {} merge value {transformation:[-1f,-4.686520405326299e-17f,1.1314261122877003e-16f,-0.12500000000000003f,0f,0.9238795325112867f,0.38268343236508984f,0.08113813357194827f,-1.2246467991473532e-16f,0.38268343236508984f,-0.9238795325112867f,0.2829089432236376f,0f,0f,0f,1f],start_interpolation:0}
execute if entity @s[tag=aj.tultaria.bone.right_leg] run data modify entity @s {} merge value {transformation:[-1f,4.6865204053262974e-17f,1.1314261122877003e-16f,-0.125f,0f,0.9238795325112867f,-0.3826834323650897f,0.4375f,-1.2246467991473532e-16f,-0.3826834323650897f,-0.9238795325112867f,-1.5308084989341915e-17f,0f,0f,0f,1f],start_interpolation:0}
execute if entity @s[tag=aj.tultaria.bone.lower] run data modify entity @s {} merge value {transformation:[-1f,0f,1.2246467991473532e-16f,0f,0f,1f,0f,0.5f,-1.2246467991473532e-16f,0f,-1f,0f,0f,0f,0f,1f],start_interpolation:0}