execute if entity @s[tag=aj.tultaria.bone.head] run data modify entity @s {} merge value {transformation:[-0.9843972488476705f,-0.004076090545147225f,0.17591316592854905f,0f,-0.002698643409305203f,0.9999638053450985f,0.00806878699057795f,1.5367422916666666f,-0.17593968791857875f,0.007468164809219716f,-0.9843726188438477f,0f,0f,0f,0f,1f],start_interpolation:0}
execute if entity @s[tag=aj.tultaria.bone.bust] run data modify entity @s {} merge value {transformation:[-0.9848362968519992f,0f,0.1734862196338392f,0.40567503860908005f,0f,1f,0f,0.38049229166666665f,-0.1734862196338392f,0f,-0.9848362968519992f,0.5791612582429192f,0f,0f,0f,1f],start_interpolation:0}
execute if entity @s[tag=aj.tultaria.bone.left_wing] run data modify entity @s {} merge value {transformation:[-0.9078162003745697f,-0.15269740117780928f,-0.39058065749729864f,0.08323804600747986f,-0.21770310303658263f,0.9676237385158976f,0.12770927761427925f,1.4429922916666666f,0.3584342412015376f,0.20096717227960675f,-0.9116672037537692f,-0.11226164837938502f,0f,0f,0f,1f],start_interpolation:0}
execute if entity @s[tag=aj.tultaria.bone.right_wing] run data modify entity @s {} merge value {transformation:[-0.7306893198570489f,0.07483308686658088f,0.6785964389509144f,-0.03986649109901996f,0.21770310303658263f,0.9676237385158976f,0.12770927761427925f,1.4429922916666666f,-0.6470691437358811f,0.24104835566860172f,-0.7233237265943768f,-0.13394742583361496f,0f,0f,0f,1f],start_interpolation:0}
execute if entity @s[tag=aj.tultaria.bone.body] run data modify entity @s {} merge value {transformation:[-0.9848362968519992f,0f,0.1734862196338392f,0.40567503860908005f,0f,1f,0f,0.38049229166666665f,-0.1734862196338392f,0f,-0.9848362968519992f,0.5791612582429192f,0f,0f,0f,1f],start_interpolation:0}
execute if entity @s[tag=aj.tultaria.bone.left_hand] run data modify entity @s {} merge value {transformation:[-0.22398401905775955f,-0.657629359071784f,0.7192737902173054f,0.5822166451408161f,-0.8848082418478196f,0.4466254323394198f,0.13281603196074288f,1.3775789296379635f,-0.4085896894990181f,-0.6066707090955201f,-0.6819128363366058f,0.07264036015760095f,0f,0f,0f,1f],start_interpolation:0}
execute if entity @s[tag=aj.tultaria.bone.left_arm] run data modify entity @s {} merge value {transformation:[-0.22398401905775955f,-0.9127343931638644f,0.3416827281887774f,0.21543293993637483f,-0.8848082418478196f,0.33742459515040946f,0.32133941206418026f,1.3804922916666666f,-0.4085896894990181f,-0.23034880100268584f,-0.8831726306400809f,0.03795011054490233f,0f,0f,0f,1f],start_interpolation:0}
execute if entity @s[tag=aj.tultaria.bone.rod] run data modify entity @s {} merge value {transformation:[-0.9508142519248816f,0.4207848857290737f,0.10448606738937966f,-0.4976720554411752f,-0.3999041868215188f,-0.7538611856697832f,-0.6031541710899203f,1.8942138846596972f,-0.16749298402962254f,-0.5887770313815913f,0.8469431548919524f,-0.24721972639756945f,0f,0f,0f,1f],start_interpolation:0}
execute if entity @s[tag=aj.tultaria.bone.sword] run data modify entity @s {} merge value {transformation:[-0.000009098700975357719f,0.0000024330549397587816f,-0.0000033606374724358294f,-0.5418584841412111f,-0.000003826834323650898f,-0.000008050679258714455f,0.000004532317567495942f,1.9035002659959255f,-0.000001602803674924618f,0.000005409880510087109f,0.000008256162137835464f,-0.2135277278606051f,0f,0f,0f,1f],start_interpolation:0}
execute if entity @s[tag=aj.tultaria.bone.right_hand] run data modify entity @s {} merge value {transformation:[-0.9098700975357719f,0.24330549397587814f,-0.3360637472435829f,-0.4484404636056688f,-0.3826834323650898f,-0.8050679258714454f,0.45323175674959415f,1.6489673820516046f,-0.16028036749246177f,0.5409880510087108f,0.8256162137835463f,0.058852819453640445f,0f,0f,0f,1f],start_interpolation:0}
execute if entity @s[tag=aj.tultaria.bone.right_arm] run data modify entity @s {} merge value {transformation:[-0.9098700975357719f,0.3955249221845119f,-0.12528544026015392f,-0.21543293993637483f,-0.3826834323650898f,-0.9167119144630287f,-0.1148592898933429f,1.3804922916666666f,-0.16028036749246177f,-0.05656237099401831f,0.9854495938321842f,-0.03795011054490233f,0f,0f,0f,1f],start_interpolation:0}
execute if entity @s[tag=aj.tultaria.bone.skirt] run data modify entity @s {} merge value {transformation:[-0.977968951776802f,-0.029336536983156004f,-0.2066787288484691f,0.01260765888320248f,0f,0.9900758474209708f,-0.14053403983962995f,0.8309356945696835f,0.2087503996656847f,-0.13743792763092222f,-0.9682634386818157f,0.05906527107067311f,0f,0f,0f,1f],start_interpolation:0}
execute if entity @s[tag=aj.tultaria.bone.left_foot] run data modify entity @s {} merge value {transformation:[-0.977968951776802f,0.013989202672895443f,-0.20828113589367558f,0.16034659722418426f,0f,0.9977520341385662f,0.06701401623804912f,0.4024603495510796f,0.2087503996656847f,0.06553762721467851f,-0.9757705109596656f,0.15240207280686835f,0f,0f,0f,1f],start_interpolation:0}
execute if entity @s[tag=aj.tultaria.bone.left_leg] run data modify entity @s {} merge value {transformation:[-0.977968951776802f,-0.029336536983156004f,-0.2066787288484691f,0.12167702118799487f,0f,0.9900758474209708f,-0.14053403983962995f,0.8180517778178006f,0.2087503996656847f,-0.13743792763092222f,-0.9682634386818157f,-0.028759950366887083f,0f,0f,0f,1f],start_interpolation:0}
execute if entity @s[tag=aj.tultaria.bone.right_foot] run data modify entity @s {} merge value {transformation:[-0.977968951776802f,0.013989202672895454f,-0.20828113589367558f,-0.05388953291702746f,0f,0.9977520341385662f,0.0670140162380492f,0.5049848376235068f,0.2087503996656847f,0.06553762721467854f,-0.9757705109596657f,0.346335672157651f,0f,0f,0f,1f],start_interpolation:0}
execute if entity @s[tag=aj.tultaria.bone.right_leg] run data modify entity @s {} merge value {transformation:[-0.977968951776802f,-0.10619595142608408f,-0.17971964072213112f,-0.12281521675620563f,0f,0.8609307623360407f,-0.5087221466217917f,0.8180517778178006f,0.2087503996656847f,-0.4975144644773583f,-0.8419635551941809f,0.023427649549534094f,0f,0f,0f,1f],start_interpolation:0}
execute if entity @s[tag=aj.tultaria.bone.lower] run data modify entity @s {} merge value {transformation:[-0.977968951776802f,0.009105564545686208f,-0.20855171554050433f,0f,0f,0.9990482215818578f,0.043619387365336f,0.8804922916666666f,0.2087503996656847f,0.042658406538823926f,-0.9770381420348877f,0f,0f,0f,0f,1f],start_interpolation:0}