execute if entity @s[tag=aj.tultaria.bone.head] run data modify entity @s {} merge value {transformation:[-0.9842150451625925f,-0.0012383793456993398f,0.1769723461227539f,0f,-0.0009809134055129625f,0.9999983295314246f,0.0015423174936534992f,1.5356198399999998f,-0.1769739604701396f,0.001344377534954346f,-0.9842146158051894f,0f,0f,0f,0f,1f],start_interpolation:0}
execute if entity @s[tag=aj.tultaria.bone.bust] run data modify entity @s {} merge value {transformation:[-0.9837595765382402f,0f,0.179491213069894f,0.4021341817341731f,0f,1f,0f,0.37936983999999996f,-0.179491213069894f,0f,-0.9837595765382402f,0.581625394804067f,0f,0f,0f,1f],start_interpolation:0}
execute if entity @s[tag=aj.tultaria.bone.left_wing] run data modify entity @s {} merge value {transformation:[-0.9079607390565325f,-0.15602897739264057f,-0.38892448437418037f,0.08392137516737674f,-0.2215208180347024f,0.9665326229821066f,0.12939557909204313f,1.4418698399999998f,0.3557187421392798f,0.20364097555535268f,-0.9121373413942182f,-0.11175174625041162f,0f,0f,0f,1f],start_interpolation:0}
execute if entity @s[tag=aj.tultaria.bone.right_wing] run data modify entity @s {} merge value {transformation:[-0.7238340959076883f,0.07405907728139177f,0.685987940618294f,-0.03904857189990324f,0.2215208180347024f,0.9665326229821066f,0.12939557909204313f,1.4418698399999998f,-0.6534468063880452f,0.24562154177424614f,-0.716014894703809f,-0.13418814788414846f,0f,0f,0f,1f],start_interpolation:0}
execute if entity @s[tag=aj.tultaria.bone.body] run data modify entity @s {} merge value {transformation:[-0.9837595765382402f,0f,0.179491213069894f,0.4021341817341731f,0f,1f,0f,0.37936983999999996f,-0.179491213069894f,0f,-0.9837595765382402f,0.581625394804067f,0f,0f,0f,1f],start_interpolation:0}
execute if entity @s[tag=aj.tultaria.bone.left_hand] run data modify entity @s {} merge value {transformation:[-0.24719855463009768f,-0.6605424805939614f,0.7089263049990222f,0.5820834792580819f,-0.8765959904619326f,0.4642049294384558f,0.12685918567885254f,1.3679195322276958f,-0.4128829665835755f,-0.5900825491537725f,-0.6937796776277982f,0.07097629034089632f,0f,0f,0f,1f],start_interpolation:0}
execute if entity @s[tag=aj.tultaria.bone.left_arm] run data modify entity @s {} merge value {transformation:[-0.24719855463009768f,-0.9066444280876782f,0.3418899758787284f,0.21519740736774004f,-0.8765959904619326f,0.3595983046332959f,0.31979451028890826f,1.3793698399999998f,-0.4128829665835755f,-0.2206466413123621f,-0.883653051589095f,0.03926370285903931f,0f,0f,0f,1f],start_interpolation:0}
execute if entity @s[tag=aj.tultaria.bone.rod] run data modify entity @s {} merge value {transformation:[-0.9263257441590234f,0.41713705708368887f,0.0817675443913462f,-0.4899463852749608f,-0.39003095426649953f,-0.7561311963966326f,-0.5611685206332954f,1.8823276995830711f,-0.16901216057489868f,-0.541323313227277f,0.8468604372235418f,-0.2594376973550926f,0f,0f,0f,1f],start_interpolation:0}
execute if entity @s[tag=aj.tultaria.bone.sword] run data modify entity @s {} merge value {transformation:[-0.000009088753376756508f,0.000002264853372959619f,-0.0000035021423808135767f,-0.5347650319873886f,-0.000003826834323650898f,-0.000007867379997374129f,0.000004843518456271729f,1.8930728350854358f,-0.0000016582825802089744f,0.0000057423663394032015f,0.00000801718951430391f,-0.22703925456994606f,0f,0f,0f,1f],start_interpolation:0}
execute if entity @s[tag=aj.tultaria.bone.right_hand] run data modify entity @s {} merge value {transformation:[-0.9088753376756508f,0.22648533729596187f,-0.35021423808135765f,-0.44879116354914483f,-0.3826834323650898f,-0.7867379997374129f,0.48435184562717293f,1.6478449303849378f,-0.16582825802089743f,0.5742366339403201f,0.801718951430391f,0.05611590930132633f,0f,0f,0f,1f],start_interpolation:0}
execute if entity @s[tag=aj.tultaria.bone.right_arm] run data modify entity @s {} merge value {transformation:[-0.9088753376756508f,0.3958626334555977f,-0.13129507225547574f,-0.21519740736774004f,-0.3826834323650898f,-0.9167119144630287f,-0.1148592898933429f,1.3793698399999998f,-0.16582825802089743f,-0.05414832698364959f,0.984666922124749f,-0.03926370285903931f,0f,0f,0f,1f],start_interpolation:0}
execute if entity @s[tag=aj.tultaria.bone.skirt] run data modify entity @s {} merge value {transformation:[-0.9780522833202738f,-0.030031366174827406f,-0.20618401523317015f,0.01258405738875242f,0f,0.9895584163580287f,-0.14413237184959712f,0.8298132429030168f,0.2083596196291371f,-0.14096899538786523f,-0.9678398685977642f,0.05907030395049507f,0f,0f,0f,1f],start_interpolation:0}
execute if entity @s[tag=aj.tultaria.bone.left_foot] run data modify entity @s {} merge value {transformation:[-0.9780522833202738f,0.01245114593019463f,-0.20798725936225929f,0.16060022758567388f,0f,0.9982128962054134f,0.059757960550881395f,0.402014065475696f,0.2083596196291371f,0.058446409763352414f,-0.9763044023734482f,0.15394258901516328f,0f,0f,0f,1f],start_interpolation:0}
execute if entity @s[tag=aj.tultaria.bone.left_leg] run data modify entity @s {} merge value {transformation:[-0.9780522833202738f,-0.030031366174827406f,-0.20618401523317015f,0.12168850298004064f,0f,0.9895584163580287f,-0.14413237184959712f,0.8169293261511339f,0.2083596196291371f,-0.14096899538786523f,-0.9678398685977642f,-0.028711330041748286f,0f,0f,0f,1f],start_interpolation:0}
execute if entity @s[tag=aj.tultaria.bone.right_foot] run data modify entity @s {} merge value {transformation:[-0.9780522833202738f,0.012451145930194654f,-0.20798725936225929f,-0.0537912322893595f,0f,0.9982128962054134f,0.05975796055088134f,0.5050647789624856f,0.2083596196291371f,0.05844640976335236f,-0.976304402373448f,0.3474251036051408f,0f,0f,0f,1f],start_interpolation:0}
execute if entity @s[tag=aj.tultaria.bone.right_leg] run data modify entity @s {} merge value {transformation:[-0.9780522833202738f,-0.1066485711905203f,-0.17899668531852547f,-0.12282456785002782f,0f,0.8590756963231395f,-0.5118485596218018f,0.8169293261511339f,0.2083596196291371f,-0.5006146524522964f,-0.8402209463338006f,0.02337857486553599f,0f,0f,0f,1f],start_interpolation:0}
execute if entity @s[tag=aj.tultaria.bone.lower] run data modify entity @s {} merge value {transformation:[-0.9780522833202738f,0.009088518959897398f,-0.20816130743996178f,0f,0f,0.9990482215818578f,0.043619387365336f,0.87936984f,0.2083596196291371f,0.04266204140969838f,-0.9771213942651948f,0f,0f,0f,0f,1f],start_interpolation:0}