execute if entity @s[tag=aj.tultaria.bone.head] run data modify entity @s {} merge value {transformation:[-0.9818301353217554f,0.0306382430155491f,-0.18727221747761702f,0f,-0.0028304751254022223f,0.9844055741550313f,0.17589102871683843f,1.577751736111111f,0.18974080685142086f,0.17322518188018557f,-0.9664323372993832f,0f,0f,0f,0f,1f],start_interpolation:0}
execute if entity @s[tag=aj.tultaria.bone.bust] run data modify entity @s {} merge value {transformation:[-0.8199315832135807f,0f,-0.572461526086139f,0.6961965546498599f,0f,1f,0f,0.4215017361111111f,0.572461526086139f,0f,-0.8199315832135807f,0.12373502856372087f,0f,0f,0f,1f],start_interpolation:0}
execute if entity @s[tag=aj.tultaria.bone.left_wing] run data modify entity @s {} merge value {transformation:[-0.502271984519207f,0.005180359124797071f,-0.8646941756751203f,-0.020311966809918536f,-0.06515123560026444f,0.996912943608531f,0.04381665625686963f,1.484001736111111f,0.8622518020084948f,0.07834377285472005f,-0.5003839357813076f,-0.1382702932820813f,0f,0f,0f,1f],start_interpolation:0}
execute if entity @s[tag=aj.tultaria.bone.right_wing] run data modify entity @s {} merge value {transformation:[-0.9825169409303254f,0.07176086287259317f,-0.17178719202751047f,-0.12280341471161615f,0.06515123560026444f,0.996912943608531f,0.04381665625686963f,1.484001736111111f,0.17440119633957418f,0.03185845924640296f,-0.9841591646119905f,-0.06671260252131395f,0f,0f,0f,1f],start_interpolation:0}
execute if entity @s[tag=aj.tultaria.bone.body] run data modify entity @s {} merge value {transformation:[-0.8199315832135807f,0f,-0.572461526086139f,0.6961965546498599f,0f,1f,0f,0.4215017361111111f,0.572461526086139f,0f,-0.8199315832135807f,0.12373502856372087f,0f,0f,0f,1f],start_interpolation:0}
execute if entity @s[tag=aj.tultaria.bone.left_hand] run data modify entity @s {} merge value {transformation:[-0.8893781407619541f,-0.41681860138022075f,-0.18779983034669281f,0.29027955741600886f,-0.3514882281055029f,0.886103134987466f,-0.3021212664951586f,1.1887024992528454f,0.2923397821680518f,-0.2026906206730379f,-0.934587590359039f,-0.3883676737022691f,0f,0f,0f,1f],start_interpolation:0}
execute if entity @s[tag=aj.tultaria.bone.left_arm] run data modify entity @s {} merge value {transformation:[-0.8893781407619541f,-0.19312901703030932f,-0.4143762849340156f,0.17936003382797078f,-0.3514882281055029f,0.8684511359924771f,0.3496407440454128f,1.421501736111111f,0.2923397821680518f,0.45661122103413365f,-0.8402640326633373f,-0.1252259588313429f,0f,0f,0f,1f],start_interpolation:0}
execute if entity @s[tag=aj.tultaria.bone.rod] run data modify entity @s {} merge value {transformation:[-0.1634360862094554f,0.12022593575413987f,-0.009702356496073934f,-0.12293986537412799f,0.03609496000811174f,0.06434078835474794f,0.18925427984830978f,0.9369227874911763f,0.11508937923000666f,0.15055149601027212f,-0.0731330804938555f,0.5227858235443344f,0f,0f,0f,1f],start_interpolation:0}
execute if entity @s[tag=aj.tultaria.bone.sword] run data modify entity @s {} merge value {transformation:[-0.000008046084244157805f,-0.000003373068557747346f,-0.000004887017172125734f,-0.17099177163146057f,0.0000017769826465531937f,0.000006485101289658665f,-0.000007401742628375859f,0.9077801896911433f,0.0000056659386697849435f,-0.0000068239189449761065f,-0.000004618578701573879f,0.5188422942237848f,0f,0f,0f,1f],start_interpolation:0}
execute if entity @s[tag=aj.tultaria.bone.right_hand] run data modify entity @s {} merge value {transformation:[-0.8046084244157804f,-0.33730685577473457f,-0.48870171721257344f,-0.3105176509412252f,0.17769826465531935f,0.6485101289658665f,-0.7401742628375858f,1.087592302998678f,0.5665938669784943f,-0.6823918944976106f,-0.4618578701573879f,0.20915662933805698f,0f,0f,0f,1f],start_interpolation:0}
execute if entity @s[tag=aj.tultaria.bone.right_arm] run data modify entity @s {} merge value {transformation:[-0.8046084244157804f,0.00016375046954150707f,-0.5938057397372809f,-0.17936003382797078f,0.17769826465531935f,0.9542401059408024f,-0.24051849607166229f,1.421501736111111f,0.5665938669784943f,-0.2990414576607563f,-0.7678187263296505f,0.1252259588313429f,0f,0f,0f,1f],start_interpolation:0}
execute if entity @s[tag=aj.tultaria.bone.skirt] run data modify entity @s {} merge value {transformation:[-0.804704175088386f,-0.0048569462191034515f,-0.5936561299849814f,0.03585556953113581f,0f,0.9999665339174011f,-0.008181139603937002f,0.871945139014128f,0.5936759979949673f,-0.006583397196269047f,-0.8046772447919948f,0.04860079672973658f,0f,0f,0f,1f],start_interpolation:0}
execute if entity @s[tag=aj.tultaria.bone.left_foot] run data modify entity @s {} merge value {transformation:[-0.804704175088386f,0.19389420177713304f,-0.5611205121117289f,0.17530146564715088f,0f,0.9451628733632677f,0.3265993613216223f,0.4225985061238742f,0.5936759979949673f,0.26281586963670983f,-0.7605765103339569f,0.027061598177515925f,0f,0f,0f,1f],start_interpolation:0}
execute if entity @s[tag=aj.tultaria.bone.left_leg] run data modify entity @s {} merge value {transformation:[-0.804704175088386f,-0.0048569462191034515f,-0.5936561299849814f,0.09896953542817044f,0f,0.9999665339174011f,-0.008181139603937002f,0.859061222262245f,0.5936759979949673f,-0.006583397196269047f,-0.8046772447919948f,-0.07640329369485113f,0f,0f,0f,1f],start_interpolation:0}
execute if entity @s[tag=aj.tultaria.bone.right_foot] run data modify entity @s {} merge value {transformation:[-0.804704175088386f,0.19389420177713312f,-0.5611205121117289f,0.06747495044813986f,0f,0.945162873363268f,0.32659936132162243f,0.505025799429565f,0.5936759979949673f,0.2628158696367099f,-0.760576510333957f,0.30201216647640194f,0f,0f,0f,1f],start_interpolation:0}
execute if entity @s[tag=aj.tultaria.bone.right_leg] run data modify entity @s {} merge value {transformation:[-0.804704175088386f,-0.23166959866956635f,-0.5466080749930452f,-0.10220650834392606f,0f,0.9207178272982478f,-0.39022901288242795f,0.859061222262245f,0.5936759979949673f,-0.31401891590710923f,-0.7409054797052075f,0.07201570580389069f,0f,0f,0f,1f],start_interpolation:0}
execute if entity @s[tag=aj.tultaria.bone.lower] run data modify entity @s {} merge value {transformation:[-0.804704175088386f,0.025895783326044915f,-0.5931109499927066f,0f,0f,0.9990482215818578f,0.043619387365336f,0.9215017361111111f,0.5936759979949673f,0.03510070312768347f,-0.8039382750215479f,0f,0f,0f,0f,1f],start_interpolation:0}