execute if entity @s[tag=aj.tultaria.bone.head] run data modify entity @s {} merge value {transformation:[-0.9831390933312466f,0.002468699864411318f,0.18284263366292292f,0f,0.006221410081502357f,0.9997815520444219f,0.019953502154880186f,1.15625f,-0.1827534328553424f,0.02075460702173093f,-0.982939687400484f,0f,0f,0f,0f,1f],start_interpolation:0}
execute if entity @s[tag=aj.tultaria.bone.bust] run data modify entity @s {} merge value {transformation:[-0.8773933980431879f,0f,0.47977163845961956f,0.1988108797917842f,0f,1f,0f,0f,-0.47977163845961956f,0f,-0.8773933980431879f,0.6785825182514038f,0f,0f,0f,1f],start_interpolation:0}
execute if entity @s[tag=aj.tultaria.bone.left_wing] run data modify entity @s {} merge value {transformation:[-0.99420645976978f,0f,0.10748727995461083f,0.11480854218515174f,0f,1f,0f,1.0625f,-0.10748727995461083f,0f,-0.99420645976978f,-0.07968844735167213f,0f,0f,0f,1f],start_interpolation:0}
execute if entity @s[tag=aj.tultaria.bone.right_wing] run data modify entity @s {} merge value {transformation:[-0.6270051450554797f,0f,0.779015114149884f,0.005134367429753206f,0f,1f,0f,1.0625f,-0.779015114149884f,0f,-0.6270051450554797f,-0.13965990215912472f,0f,0f,0f,1f],start_interpolation:0}
execute if entity @s[tag=aj.tultaria.bone.body] run data modify entity @s {} merge value {transformation:[-0.8773933980431879f,0f,0.47977163845961956f,0.1988108797917842f,0f,1f,0f,0f,-0.47977163845961956f,0f,-0.8773933980431879f,0.6785825182514038f,0f,0f,0f,1f],start_interpolation:0}
execute if entity @s[tag=aj.tultaria.bone.left_hand] run data modify entity @s {} merge value {transformation:[-0.7112034209559079f,0.2165676327868431f,0.6687960484704711f,0.4323882526879441f,-0.19481535506587247f,0.8533850272363762f,-0.4835090203081298f,0.7229945922116721f,-0.6754529379987712f,-0.47416500895560865f,-0.564739650485917f,0.07045472903067772f,0f,0f,0f,1f],start_interpolation:0}
execute if entity @s[tag=aj.tultaria.bone.left_arm] run data modify entity @s {} merge value {transformation:[-0.7112034209559079f,-0.3373446622248138f,0.6167562507904074f,0.19192980582194735f,-0.19481535506587247f,0.9375550709935143f,0.2881622221681815f,1f,-0.6754529379987712f,0.08478837020943754f,-0.7325122939760502f,0.10495004591304177f,0f,0f,0f,1f],start_interpolation:0}
execute if entity @s[tag=aj.tultaria.bone.rod] run data modify entity @s {} merge value {transformation:[-0.6387950419728516f,0.8377308208414664f,-0.050136701321837895f,-0.6347235073637576f,0.020826797074745787f,-0.04716464504662421f,-1.0534265344282359f,1.4958084075784888f,-0.8389713115063946f,-0.6390213538890219f,0.012023743149764787f,0.1266473477814197f,0f,0f,0f,1f],start_interpolation:0}
execute if entity @s[tag=aj.tultaria.bone.right_hand] run data modify entity @s {} merge value {transformation:[-0.6056723360927778f,0.5305249598324823f,-0.5930466156101558f,-0.5099074743778462f,0.019746889078277485f,-0.7350501436819054f,-0.6777251261720642f,1.1354489629262663f,-0.7954690953542112f,-0.42219018613410847f,0.43472332013408216f,0.022666442997889308f,0f,0f,0f,1f],start_interpolation:0}
execute if entity @s[tag=aj.tultaria.bone.right_arm] run data modify entity @s {} merge value {transformation:[-0.6056723360927778f,0.625811268812084f,-0.49144814285916927f,-0.19192980582194735f,0.019746889078277485f,-0.6056074261567723f,-0.7955185137729351f,1f,-0.7954690953542112f,-0.49152812860667394f,0.3544418388463385f,-0.10495004591304177f,0f,0f,0f,1f],start_interpolation:0}
execute if entity @s[tag=aj.tultaria.bone.skirt] run data modify entity @s {} merge value {transformation:[-0.9792774131137503f,0f,0.20252345090196666f,-0.012657715681372916f,0f,1f,0f,0.453125f,-0.20252345090196666f,0f,-0.9792774131137503f,0.06120483831960939f,0f,0f,0f,1f],start_interpolation:0}
execute if entity @s[tag=aj.tultaria.bone.left_foot] run data modify entity @s {} merge value {transformation:[-0.9792774131137503f,-0.07750236932558732f,0.1871072711418815f,0.09709424527647295f,0f,0.9238795325112867f,0.3826834323650897f,0f,-0.20252345090196666f,0.37475324168797586f,-0.9047343586263938f,0.14772510800196462f,0f,0f,0f,1f],start_interpolation:0}
execute if entity @s[tag=aj.tultaria.bone.left_leg] run data modify entity @s {} merge value {transformation:[-0.9792774131137503f,0f,0.20252345090196666f,0.12240967663921878f,0f,1f,0f,0.4375f,-0.20252345090196666f,0f,-0.9792774131137503f,0.025315431362745833f,0f,0f,0f,1f],start_interpolation:0}
execute if entity @s[tag=aj.tultaria.bone.right_foot] run data modify entity @s {} merge value {transformation:[-0.9792774131137503f,-0.07750236932558738f,0.18710727114188147f,-0.1797053721118984f,0f,0.9238795325112867f,0.38268343236508984f,0.08113813357194827f,-0.20252345090196666f,0.374753241687976f,-0.9047343586263937f,0.25173090670404286f,0f,0f,0f,1f],start_interpolation:0}
execute if entity @s[tag=aj.tultaria.bone.right_leg] run data modify entity @s {} merge value {transformation:[-0.9792774131137503f,0.07750236932558732f,0.1871072711418815f,-0.12240967663921878f,0f,0.9238795325112867f,-0.3826834323650897f,0.4375f,-0.20252345090196666f,-0.37475324168797586f,-0.9047343586263938f,-0.025315431362745833f,0f,0f,0f,1f],start_interpolation:0}
execute if entity @s[tag=aj.tultaria.bone.lower] run data modify entity @s {} merge value {transformation:[-0.9792774131137503f,0f,0.20252345090196666f,0f,0f,1f,0f,0.5f,-0.20252345090196666f,0f,-0.9792774131137503f,0f,0f,0f,0f,1f],start_interpolation:0}