execute if entity @s[tag=aj.tultaria.bone.head] run data modify entity @s {} merge value {transformation:[-0.9974037282372854f,-0.003806621582732506f,0.07191183859761316f,0f,0f,0.9986019036290399f,0.05286055304721748f,1.15625f,-0.07201251903914549f,0.052723312685979504f,-0.9960092617044548f,0f,0f,0f,0f,1f],start_interpolation:0}
execute if entity @s[tag=aj.tultaria.bone.bust] run data modify entity @s {} merge value {transformation:[-0.9768091530620562f,0f,0.21411183641776685f,0.38134865832214465f,0f,1f,0f,0f,-0.21411183641776685f,0f,-0.9768091530620562f,0.5954604947399115f,0f,0f,0f,1f],start_interpolation:0}
execute if entity @s[tag=aj.tultaria.bone.left_wing] run data modify entity @s {} merge value {transformation:[-0.9843910361540621f,0f,-0.17599513612464443f,0.08781455161859936f,0f,1f,0f,1.0625f,0.17599513612464443f,0f,-0.9843910361540621f,-0.1087191543566467f,0f,0f,0f,1f],start_interpolation:0}
execute if entity @s[tag=aj.tultaria.bone.right_wing] run data modify entity @s {} merge value {transformation:[-0.8205169312133748f,0f,0.5716222227942035f,-0.03428659251415772f,0f,1f,0f,1.0625f,-0.5716222227942035f,0f,-0.8205169312133748f,-0.13548313390886757f,0f,0f,0f,1f],start_interpolation:0}
execute if entity @s[tag=aj.tultaria.bone.body] run data modify entity @s {} merge value {transformation:[-0.9768091530620562f,0f,0.21411183641776685f,0.38134865832214465f,0f,1f,0f,0f,-0.21411183641776685f,0f,-0.9768091530620562f,0.5954604947399115f,0f,0f,0f,1f],start_interpolation:0}
execute if entity @s[tag=aj.tultaria.bone.left_hand] run data modify entity @s {} merge value {transformation:[-0.8719043439158201f,0.07315191665163864f,0.48418138352369056f,0.43520810254863856f,-0.1961200050962003f,0.853843200750377f,-0.4821708536747299f,0.7233363759285025f,-0.44868670435147706f,-0.5153645172327478f,-0.7301230414907252f,-0.053778135089177295f,0f,0f,0f,1f],start_interpolation:0}
execute if entity @s[tag=aj.tultaria.bone.left_arm] run data modify entity @s {} merge value {transformation:[-0.8719043439158201f,-0.301411146113531f,0.38591985704191367f,0.21367700223232478f,-0.1961200050962003f,0.9370887444733307f,0.28879340121003994f,1f,-0.44868670435147706f,0.17611361667947306f,-0.8761645024527562f,0.0468369642163865f,0f,0f,0f,1f],start_interpolation:0}
execute if entity @s[tag=aj.tultaria.bone.rod] run data modify entity @s {} merge value {transformation:[-0.9471296947514923f,0.44283501087177407f,-0.2916204741631257f,-0.3714939964306789f,-0.07928598550374193f,-0.7085528255497843f,-0.8184538059005548f,1.659579346413064f,-0.5242700452129904f,-0.6928564447536001f,0.6506080795231154f,-0.05557883542617337f,0f,0f,0f,1f],start_interpolation:0}
execute if entity @s[tag=aj.tultaria.bone.right_hand] run data modify entity @s {} merge value {transformation:[-0.8725693274183789f,0.05643250124767421f,-0.48521968390778347f,-0.410984268951274f,-0.07304439870070331f,-0.9972101396673358f,0.015377033625042169f,1.2875476732409432f,-0.48299822428979045f,0.04886010793668211f,0.874257058985128f,0.07202583742322347f,0f,0f,0f,1f],start_interpolation:0}
execute if entity @s[tag=aj.tultaria.bone.right_arm] run data modify entity @s {} merge value {transformation:[-0.8725693274183789f,0.2165992748078936f,-0.43784417662146957f,-0.21367700223232478f,-0.07304439870070331f,-0.944097655347659f,-0.32147182300398586f,1f,-0.48299822428979045f,-0.24852438777662833f,0.8396120199313262f,-0.0468369642163865f,0f,0f,0f,1f],start_interpolation:0}
execute if entity @s[tag=aj.tultaria.bone.skirt] run data modify entity @s {} merge value {transformation:[-0.9878583964602599f,0f,0.15535697133686718f,-0.009709810708554199f,0f,1f,0f,0.453125f,-0.15535697133686718f,0f,-0.9878583964602599f,0.06174114977876624f,0f,0f,0f,1f],start_interpolation:0}
execute if entity @s[tag=aj.tultaria.bone.left_foot] run data modify entity @s {} merge value {transformation:[-0.9878583964602599f,-0.0594525390330372f,0.14353112605107424f,0.10406267814042408f,0f,0.9238795325112867f,0.3826834323650897f,0f,-0.15535697133686718f,0.37803704184808584f,-0.9126621535090542f,0.14290192097464088f,0f,0f,0f,1f],start_interpolation:0}
execute if entity @s[tag=aj.tultaria.bone.left_leg] run data modify entity @s {} merge value {transformation:[-0.9878583964602599f,0f,0.15535697133686718f,0.12348229955753248f,0f,1f,0f,0.4375f,-0.15535697133686718f,0f,-0.9878583964602599f,0.019419621417108398f,0f,0f,0f,1f],start_interpolation:0}
execute if entity @s[tag=aj.tultaria.bone.right_foot] run data modify entity @s {} merge value {transformation:[-0.9878583964602599f,-0.05945253903303722f,0.1435311260510742f,-0.16743417614087053f,0f,0.9238795325112867f,0.38268343236508984f,0.08113813357194827f,-0.15535697133686718f,0.378037041848086f,-0.9126621535090542f,0.2600543535800609f,0f,0f,0f,1f],start_interpolation:0}
execute if entity @s[tag=aj.tultaria.bone.right_leg] run data modify entity @s {} merge value {transformation:[-0.9878583964602599f,0.0594525390330372f,0.14353112605107424f,-0.12348229955753248f,0f,0.9238795325112867f,-0.3826834323650897f,0.4375f,-0.15535697133686718f,-0.37803704184808584f,-0.9126621535090542f,-0.019419621417108398f,0f,0f,0f,1f],start_interpolation:0}
execute if entity @s[tag=aj.tultaria.bone.lower] run data modify entity @s {} merge value {transformation:[-0.9878583964602599f,0f,0.15535697133686718f,0f,0f,1f,0f,0.5f,-0.15535697133686718f,0f,-0.9878583964602599f,0f,0f,0f,0f,1f],start_interpolation:0}