execute if entity @s[tag=aj.tultaria.bone.head] run data modify entity @s {} merge value {transformation:[-0.9361064476640251f,-0.025787196966777417f,0.35077020841918244f,0f,1.0842021724855044e-19f,0.9973086087556529f,0.07331806668116789f,1.15625f,-0.35171681597819576f,0.0686335149505022f,-0.9335870189670051f,0f,0f,0f,0f,1f],start_interpolation:0}
execute if entity @s[tag=aj.tultaria.bone.bust] run data modify entity @s {} merge value {transformation:[-0.9271838545667874f,0f,0.37460659341591207f,0.2762886305754377f,0f,1f,0f,0f,-0.37460659341591207f,0f,-0.9271838545667874f,0.6508952239913497f,0f,0f,0f,1f],start_interpolation:0}
execute if entity @s[tag=aj.tultaria.bone.left_wing] run data modify entity @s {} merge value {transformation:[-0.9999619230641712f,0f,-0.008726535498373877f,0.10477481508741321f,0f,1f,0f,1.0625f,0.008726535498373877f,0f,-0.9999619230641712f,-0.09248506973235404f,0f,0f,0f,1f],start_interpolation:0}
execute if entity @s[tag=aj.tultaria.bone.right_wing] run data modify entity @s {} merge value {transformation:[-0.7132504491541816f,0f,0.7009092642998509f,-0.011123166733435275f,0f,1f,0f,1.0625f,-0.7009092642998509f,0f,-0.7132504491541816f,-0.13931089390934304f,0f,0f,0f,1f],start_interpolation:0}
execute if entity @s[tag=aj.tultaria.bone.body] run data modify entity @s {} merge value {transformation:[-0.9271838545667874f,0f,0.37460659341591207f,0.2762886305754377f,0f,1f,0f,0f,-0.37460659341591207f,0f,-0.9271838545667874f,0.6508952239913497f,0f,0f,0f,1f],start_interpolation:0}
execute if entity @s[tag=aj.tultaria.bone.left_hand] run data modify entity @s {} merge value {transformation:[-0.7738990320376381f,0.11241412770639869f,0.6232522379448119f,0.4496379139982243f,-0.23214902319353337f,0.8652632338049036f,-0.44432686983319947f,0.7331019950401886f,-0.5892258643690849f,-0.48855153271429846f,-0.6435295491591779f,0.022034554478598124f,0f,0f,0f,1f],start_interpolation:0}
execute if entity @s[tag=aj.tultaria.bone.left_arm] run data modify entity @s {} merge value {transformation:[-0.7738990320376381f,-0.3659895365617305f,0.5168480892279051f,0.20282146818648475f,-0.23214902319353337f,0.9232413512558406f,0.3061572118398941f,1f,-0.5892258643690849f,0.11694899084053377f,-0.7994597014858759f,0.08194519230973077f,0f,0f,0f,1f],start_interpolation:0}
execute if entity @s[tag=aj.tultaria.bone.rod] run data modify entity @s {} merge value {transformation:[-0.5930937361495576f,0.1173080042138413f,0.25016605069891085f,-0.5465233132209952f,0.11169135979906754f,-0.44005492601381296f,0.47114870568853173f,1.64159548862736f,0.2527236849231982f,0.46978175238413505f,0.3788670543086282f,0.6966528461332631f,0f,0f,0f,1f],start_interpolation:0}
execute if entity @s[tag=aj.tultaria.bone.right_hand] run data modify entity @s {} merge value {transformation:[-0.9197582289341558f,0.36216934472456663f,-0.1512553008977976f,-0.41570009254926005f,0.11045212055803698f,-0.13096036643838094f,-0.9852155659989129f,0.7818605757643224f,-0.3766233255815923f,-0.9228665928313277f,0.08044950256999023f,0.1250332374445302f,0f,0f,0f,1f],start_interpolation:0}
execute if entity @s[tag=aj.tultaria.bone.right_arm] run data modify entity @s {} merge value {transformation:[-0.9197582289341558f,0.3867199412091253f,0.0670260201646789f,-0.20282146818648475f,0.11045212055803698f,0.4189050849537589f,-0.9012873342414822f,1f,-0.3766233255815923f,-0.8215632762429776f,-0.4280054365972086f,-0.08194519230973077f,0f,0f,0f,1f],start_interpolation:0}
execute if entity @s[tag=aj.tultaria.bone.skirt] run data modify entity @s {} merge value {transformation:[-0.9781476007338057f,0f,0.2079116908177594f,-0.012994480676109962f,0f,1f,0f,0.453125f,-0.2079116908177594f,0f,-0.9781476007338057f,0.061134225045862856f,0f,0f,0f,1f],start_interpolation:0}
execute if entity @s[tag=aj.tultaria.bone.left_foot] run data modify entity @s {} merge value {transformation:[-0.9781476007338057f,-0.07956435947096947f,0.19208535571634275f,0.09627948873950579f,0f,0.9238795325112867f,0.3826834323650897f,0f,-0.2079116908177594f,0.3743208812084901f,-0.9036905480929851f,0.14825741144394564f,0f,0f,0f,1f],start_interpolation:0}
execute if entity @s[tag=aj.tultaria.bone.left_leg] run data modify entity @s {} merge value {transformation:[-0.9781476007338057f,0f,0.2079116908177594f,0.12226845009172571f,0f,1f,0f,0.4375f,-0.2079116908177594f,0f,-0.9781476007338057f,0.025988961352219925f,0f,0f,0f,1f],start_interpolation:0}
execute if entity @s[tag=aj.tultaria.bone.right_foot] run data modify entity @s {} merge value {transformation:[-0.9781476007338057f,-0.0795643594709695f,0.19208535571634275f,-0.18108852682481769f,0f,0.9238795325112867f,0.38268343236508984f,0.08113813357194827f,-0.2079116908177594f,0.3743208812084902f,-0.903690548092985f,0.25073774268811766f,0f,0f,0f,1f],start_interpolation:0}
execute if entity @s[tag=aj.tultaria.bone.right_leg] run data modify entity @s {} merge value {transformation:[-0.9781476007338057f,0.07956435947096947f,0.19208535571634275f,-0.12226845009172571f,0f,0.9238795325112867f,-0.3826834323650897f,0.4375f,-0.2079116908177594f,-0.3743208812084901f,-0.9036905480929851f,-0.025988961352219925f,0f,0f,0f,1f],start_interpolation:0}
execute if entity @s[tag=aj.tultaria.bone.lower] run data modify entity @s {} merge value {transformation:[-0.9781476007338057f,0f,0.2079116908177594f,0f,0f,1f,0f,0.5f,-0.2079116908177594f,0f,-0.9781476007338057f,0f,0f,0f,0f,1f],start_interpolation:0}