execute if entity @s[tag=aj.tultaria.bone.head] run data modify entity @s {} merge value {transformation:[-0.9356234008332279f,-0.028508232660651753f,0.35184674573431973f,0f,-0.0041459343292750625f,0.9975522874662914f,0.06980146846096372f,1.15625f,-0.3529754425477815f,0.06384915380281653f,-0.9334514569686322f,0f,0f,0f,0f,1f],start_interpolation:0}
execute if entity @s[tag=aj.tultaria.bone.bust] run data modify entity @s {} merge value {transformation:[-0.9271838545667874f,0f,0.37460659341591207f,0.2762886305754377f,0f,1f,0f,0f,-0.37460659341591207f,0f,-0.9271838545667874f,0.6508952239913497f,0f,0f,0f,1f],start_interpolation:0}
execute if entity @s[tag=aj.tultaria.bone.left_wing] run data modify entity @s {} merge value {transformation:[-0.9999619230641712f,0f,-0.008726535498373877f,0.10477481508741321f,0f,1f,0f,1.0625f,0.008726535498373877f,0f,-0.9999619230641712f,-0.09248506973235404f,0f,0f,0f,1f],start_interpolation:0}
execute if entity @s[tag=aj.tultaria.bone.right_wing] run data modify entity @s {} merge value {transformation:[-0.7132504491541816f,0f,0.7009092642998509f,-0.011123166733435275f,0f,1f,0f,1.0625f,-0.7009092642998509f,0f,-0.7132504491541816f,-0.13931089390934304f,0f,0f,0f,1f],start_interpolation:0}
execute if entity @s[tag=aj.tultaria.bone.body] run data modify entity @s {} merge value {transformation:[-0.9271838545667874f,0f,0.37460659341591207f,0.2762886305754377f,0f,1f,0f,0f,-0.37460659341591207f,0f,-0.9271838545667874f,0.6508952239913497f,0f,0f,0f,1f],start_interpolation:0}
execute if entity @s[tag=aj.tultaria.bone.left_hand] run data modify entity @s {} merge value {transformation:[-0.7738990320376381f,0.11241412770639869f,0.6232522379448119f,0.4496379139982243f,-0.23214902319353337f,0.8652632338049036f,-0.44432686983319947f,0.7331019950401886f,-0.5892258643690849f,-0.48855153271429846f,-0.6435295491591779f,0.022034554478598124f,0f,0f,0f,1f],start_interpolation:0}
execute if entity @s[tag=aj.tultaria.bone.left_arm] run data modify entity @s {} merge value {transformation:[-0.7738990320376381f,-0.3659895365617305f,0.5168480892279051f,0.20282146818648475f,-0.23214902319353337f,0.9232413512558406f,0.3061572118398941f,1f,-0.5892258643690849f,0.11694899084053377f,-0.7994597014858759f,0.08194519230973077f,0f,0f,0f,1f],start_interpolation:0}
execute if entity @s[tag=aj.tultaria.bone.rod] run data modify entity @s {} merge value {transformation:[-0.45583617816115035f,-0.06274298658717886f,0.4651678158990825f,-0.13274827270496636f,0.4273914447086239f,0.21258466925035185f,0.44749157760158986f,2.0923903079081514f,-0.19404724245419477f,0.6156098412701063f,-0.10711952045301226f,-0.3969590126241934f,0f,0f,0f,1f],start_interpolation:0}
execute if entity @s[tag=aj.tultaria.bone.right_hand] run data modify entity @s {} merge value {transformation:[-0.7922718363973635f,0.19298383271433348f,-0.5788459013955576f,-0.45229524817914146f,-0.03895341672447411f,-0.96272793047126f,-0.2676519441663272f,1.221411774329217f,-0.6089236147309766f,-0.1895050717036657f,0.7702596050823061f,0.07452156705008808f,0f,0f,0f,1f],start_interpolation:0}
execute if entity @s[tag=aj.tultaria.bone.right_arm] run data modify entity @s {} merge value {transformation:[-0.7922718363973635f,0.3793224416914258f,-0.47793286398907986f,-0.20282146818648475f,-0.03895341672447411f,-0.813125975783171f,-0.5807829016355044f,1f,-0.6089236147309766f,-0.44152081800966236f,0.6589927152002821f,-0.08194519230973077f,0f,0f,0f,1f],start_interpolation:0}
execute if entity @s[tag=aj.tultaria.bone.skirt] run data modify entity @s {} merge value {transformation:[-0.9781476007338057f,0f,0.2079116908177594f,-0.012994480676109962f,0f,1f,0f,0.453125f,-0.2079116908177594f,0f,-0.9781476007338057f,0.061134225045862856f,0f,0f,0f,1f],start_interpolation:0}
execute if entity @s[tag=aj.tultaria.bone.left_foot] run data modify entity @s {} merge value {transformation:[-0.9781476007338057f,-0.07956435947096947f,0.19208535571634275f,0.09627948873950579f,0f,0.9238795325112867f,0.3826834323650897f,0f,-0.2079116908177594f,0.3743208812084901f,-0.9036905480929851f,0.14825741144394564f,0f,0f,0f,1f],start_interpolation:0}
execute if entity @s[tag=aj.tultaria.bone.left_leg] run data modify entity @s {} merge value {transformation:[-0.9781476007338057f,0f,0.2079116908177594f,0.12226845009172571f,0f,1f,0f,0.4375f,-0.2079116908177594f,0f,-0.9781476007338057f,0.025988961352219925f,0f,0f,0f,1f],start_interpolation:0}
execute if entity @s[tag=aj.tultaria.bone.right_foot] run data modify entity @s {} merge value {transformation:[-0.9781476007338057f,-0.0795643594709695f,0.19208535571634275f,-0.18108852682481769f,0f,0.9238795325112867f,0.38268343236508984f,0.08113813357194827f,-0.2079116908177594f,0.3743208812084902f,-0.903690548092985f,0.25073774268811766f,0f,0f,0f,1f],start_interpolation:0}
execute if entity @s[tag=aj.tultaria.bone.right_leg] run data modify entity @s {} merge value {transformation:[-0.9781476007338057f,0.07956435947096947f,0.19208535571634275f,-0.12226845009172571f,0f,0.9238795325112867f,-0.3826834323650897f,0.4375f,-0.2079116908177594f,-0.3743208812084901f,-0.9036905480929851f,-0.025988961352219925f,0f,0f,0f,1f],start_interpolation:0}
execute if entity @s[tag=aj.tultaria.bone.lower] run data modify entity @s {} merge value {transformation:[-0.9781476007338057f,0f,0.2079116908177594f,0f,0f,1f,0f,0.5f,-0.2079116908177594f,0f,-0.9781476007338057f,0f,0f,0f,0f,1f],start_interpolation:0}