execute if entity @s[tag=aj.tultaria.bone.head] run data modify entity @s {} merge value {transformation:[-0.9668600321023206f,0.03374915220518178f,-0.25306653877692087f,0f,-0.014372054465335668f,0.9824577132125636f,0.1859308629560611f,1.5146209027777777f,0.25490218197093717f,0.1834062062051653f,-0.94941405148222f,0f,0f,0f,0f,1f],start_interpolation:0}
execute if entity @s[tag=aj.tultaria.bone.bust] run data modify entity @s {} merge value {transformation:[-0.8185939020899413f,0f,-0.5743727217244595f,0.6964833119072005f,0f,1f,0f,0.3583709027777777f,0.5743727217244595f,0f,-0.8185939020899413f,0.1221105901827409f,0f,0f,0f,1f],start_interpolation:0}
execute if entity @s[tag=aj.tultaria.bone.left_wing] run data modify entity @s {} merge value {transformation:[-0.3170141323321668f,0.058333819216114594f,-0.94662516628143f,-0.02063447133493601f,-0.28880557804633994f,0.9447676089412862f,0.15493709428243552f,1.4208709027777777f,0.9033788673590958f,0.32250787685113447f,-0.282657551425697f,-0.13822253286902136f,0f,0f,0f,1f],start_interpolation:0}
execute if entity @s[tag=aj.tultaria.bone.right_wing] run data modify entity @s {} merge value {transformation:[-0.957343408631324f,0.28342752601187143f,0.056235535464219444f,-0.12295870909617879f,0.28880557804633994f,0.9447676089412862f,0.15493709428243552f,1.4208709027777777f,-0.009216075058124718f,0.16456914229026906f,-0.9863224935924193f,-0.06642594265346397f,0f,0f,0f,1f],start_interpolation:0}
execute if entity @s[tag=aj.tultaria.bone.body] run data modify entity @s {} merge value {transformation:[-0.8185939020899413f,0f,-0.5743727217244595f,0.6964833119072005f,0f,1f,0f,0.3583709027777777f,0.5743727217244595f,0f,-0.8185939020899413f,0.1221105901827409f,0f,0f,0f,1f],start_interpolation:0}
execute if entity @s[tag=aj.tultaria.bone.left_hand] run data modify entity @s {} merge value {transformation:[-0.7174374496665797f,-0.6147710352116602f,-0.32762795985797244f,0.3427990907099241f,-0.6853918221061727f,0.7070433184411546f,0.1741487755848443f,1.2661615149894911f,0.12458553690494834f,0.34949437779813197f,-0.9286183951880354f,-0.4425534127120642f,0f,0f,0f,1f],start_interpolation:0}
execute if entity @s[tag=aj.tultaria.bone.left_arm] run data modify entity @s {} merge value {transformation:[-0.7174374496665797f,-0.4300987596443167f,-0.5479950389997467f,0.17906741608217466f,-0.6853918221061727f,0.5764937250892266f,0.4448517001459336f,1.3583709027777777f,0.12458553690494834f,0.6947445875177202f,-0.7083843604350242f,-0.12564403287722553f,0f,0f,0f,1f],start_interpolation:0}
execute if entity @s[tag=aj.tultaria.bone.rod] run data modify entity @s {} merge value {transformation:[-0.8481940863462041f,0.2843737305131368f,0.00722937800713494f,-0.1393703529045516f,0.08534426543718067f,0.23270114663942032f,0.8596048064864967f,0.9349870297268155f,0.2713614542806628f,0.8156810947740185f,-0.24775230247959928f,0.6919562013958673f,0f,0f,0f,1f],start_interpolation:0}
execute if entity @s[tag=aj.tultaria.bone.sword] run data modify entity @s {} merge value {transformation:[-0.0000094810013843365f,-0.0000018944205179550773f,-0.00000255377830896893f,-0.18096931805389502f,9.539669183979953e-7f,0.000005966807994925057f,-0.000007967882370511044f,0.9006187277350386f,0.000003033242467857066f,-0.000007797972380872431f,-0.000005476410035629101f,0.6757644120659094f,0f,0f,0f,1f],start_interpolation:0}
execute if entity @s[tag=aj.tultaria.bone.right_hand] run data modify entity @s {} merge value {transformation:[-0.9481001384336498f,-0.18944205179550772f,-0.255377830896893f,-0.24233335118997862f,0.09539669183979953f,0.5966807994925056f,-0.7967882370511044f,1.059143799905117f,0.3033242467857066f,-0.7797972380872431f,-0.5476410035629101f,0.33107711166778764f,0f,0f,0f,1f],start_interpolation:0}
execute if entity @s[tag=aj.tultaria.bone.right_arm] run data modify entity @s {} merge value {transformation:[-0.9481001384336498f,-0.15086385149471215f,-0.2799039581968703f,-0.17906741608217466f,0.09539669183979953f,0.7047711643273394f,-0.7029915199479356f,1.3583709027777777f,0.3033242467857066f,-0.6932082690251666f,-0.6538017261119888f,0.12564403287722553f,0f,0f,0f,1f],start_interpolation:0}
execute if entity @s[tag=aj.tultaria.bone.skirt] run data modify entity @s {} merge value {transformation:[-0.7387527210844534f,-0.1422411221963649f,-0.6587957803801073f,0.040705391247803514f,0f,0.9774757900687849f,-0.21104757717018413f,0.8088143056807946f,0.6739765701345379f,-0.1559119719127547f,-0.7221128997074908f,0.04461760227231546f,0f,0f,0f,1f],start_interpolation:0}
execute if entity @s[tag=aj.tultaria.bone.left_foot] run data modify entity @s {} merge value {transformation:[-0.7387527210844534f,-0.05132564479655198f,-0.672019415847886f,0.23508665082598856f,0f,0.9970961093109495f,-0.07615345558126224f,0.3946656779200913f,0.6739765701345379f,-0.05625857253064154f,-0.7366074639361855f,0.0722145325891881f,0f,0f,0f,1f],start_interpolation:0}
execute if entity @s[tag=aj.tultaria.bone.left_leg] run data modify entity @s {} merge value {transformation:[-0.7387527210844534f,-0.1422411221963649f,-0.6587957803801073f,0.09050668731756549f,0f,0.9774757900687849f,-0.21104757717018413f,0.7959303889289117f,0.6739765701345379f,-0.1559119719127547f,-0.7221128997074908f,-0.08626106758607842f,0f,0f,0f,1f],start_interpolation:0}
execute if entity @s[tag=aj.tultaria.bone.right_foot] run data modify entity @s {} merge value {transformation:[-0.7387527210844534f,-0.05132564479655216f,-0.672019415847886f,0.14288703686269716f,0f,0.9970961093109495f,-0.07615345558126235f,0.507302539018891f,0.6739765701345379f,-0.05625857253064159f,-0.7366074639361856f,0.34208635360126616f,0f,0f,0f,1f],start_interpolation:0}
execute if entity @s[tag=aj.tultaria.bone.right_leg] run data modify entity @s {} merge value {transformation:[-0.7387527210844534f,-0.3835238919421559f,-0.5542146167324148f,-0.09418149295354787f,0f,0.8223054647460274f,-0.5690463273309301f,0.7959303889289117f,0.6739765701345379f,-0.4203845227388392f,-0.6074803996437439f,0.08223307494755606f,0f,0f,0f,1f],start_interpolation:0}
execute if entity @s[tag=aj.tultaria.bone.lower] run data modify entity @s {} merge value {transformation:[-0.7387527210844534f,0.029398445087858955f,-0.6733350937807504f,0f,0f,0.9990482215818578f,0.043619387365336f,0.8583709027777777f,0.6739765701345379f,0.0322239411081788f,-0.7380495921881814f,0f,0f,0f,0f,1f],start_interpolation:0}