execute if entity @s[tag=aj.tultaria.bone.head] run data modify entity @s {} merge value {transformation:[-0.9684408074769829f,0.024536596429472694f,-0.2480329773416968f,0f,-0.021560357710482748f,0.9831653738829247f,0.18144144667921117f,1.4774577777777778f,0.2483093904561918f,0.18106298084729022f,-0.9516084507705721f,0f,0f,0f,0f,1f],start_interpolation:0}
execute if entity @s[tag=aj.tultaria.bone.bust] run data modify entity @s {} merge value {transformation:[-0.8558167448228666f,0f,-0.5172791309155942f,0.6865479378692304f,0f,1f,0f,0.32120777777777776f,0.5172791309155942f,0f,-0.8558167448228666f,0.16926880695363622f,0f,0f,0f,1f],start_interpolation:0}
execute if entity @s[tag=aj.tultaria.bone.left_wing] run data modify entity @s {} merge value {transformation:[-0.24758761234653742f,0.07974845630671507f,-0.9655778362872859f,-0.011171344813020068f,-0.3863859995376694f,0.905797746446404f,0.17388588756391965f,1.3837077777777778f,0.8884853592343639f,0.41613774912799234f,-0.1934506143098832f,-0.13930703878508294f,0f,0f,0f,1f],start_interpolation:0}
execute if entity @s[tag=aj.tultaria.bone.right_wing] run data modify entity @s {} merge value {transformation:[-0.9017478464687081f,0.33137451275933194f,0.2775639632275094f,-0.11814843791587848f,0.3863859995376694f,0.905797746446404f,0.17388588756391965f,1.3837077777777778f,-0.1937954611189926f,0.26404805400936265f,-0.9448396395280766f,-0.07464714742063366f,0f,0f,0f,1f],start_interpolation:0}
execute if entity @s[tag=aj.tultaria.bone.body] run data modify entity @s {} merge value {transformation:[-0.8558167448228666f,0f,-0.5172791309155942f,0.6865479378692304f,0f,1f,0f,0.32120777777777776f,0.5172791309155942f,0f,-0.8558167448228666f,0.16926880695363622f,0f,0f,0f,1f],start_interpolation:0}
execute if entity @s[tag=aj.tultaria.bone.left_hand] run data modify entity @s {} merge value {transformation:[-0.5202334792619961f,-0.7090957412222931f,-0.4759625582284444f,0.3795148317741224f,-0.8499719864734957f,0.37567424123201026f,0.3693460256792448f,1.344442275851994f,-0.08309482092921475f,0.5967010090951419f,-0.7981498333518471f,-0.4265573685684638f,0f,0f,0f,1f],start_interpolation:0}
execute if entity @s[tag=aj.tultaria.bone.left_arm] run data modify entity @s {} merge value {transformation:[-0.5202334792619961f,-0.5867828965587784f,-0.6205182989735666f,0.18720991293000208f,-0.8499719864734957f,0.2850511436691876f,0.4430501864384984f,1.3212077777777778f,-0.08309482092921475f,0.7579127112002929f,-0.6470421724553689f,-0.11315480988778623f,0f,0f,0f,1f],start_interpolation:0}
execute if entity @s[tag=aj.tultaria.bone.rod] run data modify entity @s {} merge value {transformation:[-0.9815142868472185f,0.2745775478015467f,0.07410775601841896f,-0.21366895639362604f,0.12340158401159909f,0.17125898289583924f,0.9998487357520193f,0.8264518494102457f,0.25623590365564386f,0.9692949063957637f,-0.1976502736072066f,0.6239565133825551f,0f,0f,0f,1f],start_interpolation:0}
execute if entity @s[tag=aj.tultaria.bone.sword] run data modify entity @s {} merge value {transformation:[-0.000009604910585575117f,-9.329214058792721e-7f,-0.000002622088917935339f,-0.25597534377637016f,0.0000012075842363507458f,0.000007091363673241621f,-0.000006946531621316233f,0.7976636831739221f,0.000002507475414679924f,-0.000006988720834622127f,-0.000006698533282778729f,0.6003929992904045f,0f,0f,0f,1f],start_interpolation:0}
execute if entity @s[tag=aj.tultaria.bone.right_hand] run data modify entity @s {} merge value {transformation:[-0.9604910585575116f,-0.0932921405879272f,-0.26220889179353385f,-0.28142962058829046f,0.12075842363507457f,0.709136367324162f,-0.6946531621316232f,1.0055463418903536f,0.2507475414679924f,-0.6988720834622126f,-0.6698533282778728f,0.2781478160494911f,0f,0f,0f,1f],start_interpolation:0}
execute if entity @s[tag=aj.tultaria.bone.right_arm] run data modify entity @s {} merge value {transformation:[-0.9604910585575116f,-0.06186252131841094f,-0.2713484012984043f,-0.18720991293000208f,0.12075842363507457f,0.7857873422440014f,-0.6065934848729259f,1.3212077777777778f,0.2507475414679924f,-0.6153952235963795f,-0.747271295596532f,0.11315480988778623f,0f,0f,0f,1f],start_interpolation:0}
execute if entity @s[tag=aj.tultaria.bone.skirt] run data modify entity @s {} merge value {transformation:[-0.7014348556454711f,-0.23298407270578073f,-0.673578180429744f,0.04304615345721028f,0f,0.9450630751798048f,-0.32688802965494257f,0.7716511806807946f,0.7127335710387277f,-0.22929065789324715f,-0.6629001817146115f,0.04236375787988587f,0f,0f,0f,1f],start_interpolation:0}
execute if entity @s[tag=aj.tultaria.bone.left_foot] run data modify entity @s {} merge value {transformation:[-0.7014348556454711f,-0.22213883872211918f,-0.6772322198602232f,0.27186409871046735f,0f,0.9501898709124007f,-0.311671636847942f,0.38616317224461494f,0.7127335710387277f,-0.2186173496012239f,-0.6664962949392287f,0.09217322924528434f,0f,0f,0f,1f],start_interpolation:0}
execute if entity @s[tag=aj.tultaria.bone.left_leg] run data modify entity @s {} merge value {transformation:[-0.7014348556454711f,-0.23298407270578073f,-0.673578180429744f,0.0857362943479703f,0f,0.9450630751798048f,-0.32688802965494257f,0.7587672639289117f,0.7127335710387277f,-0.22929065789324715f,-0.6629001817146115f,-0.09100395629733773f,0f,0f,0f,1f],start_interpolation:0}
execute if entity @s[tag=aj.tultaria.bone.right_foot] run data modify entity @s {} merge value {transformation:[-0.7014348556454711f,-0.2221388387221191f,-0.6772322198602232f,0.18396551063792294f,0f,0.9501898709124007f,-0.31167163684794186f,0.514462369587739f,0.7127335710387277f,-0.21861734960122384f,-0.6664962949392287f,0.3564302731353357f,0f,0f,0f,1f],start_interpolation:0}
execute if entity @s[tag=aj.tultaria.bone.right_leg] run data modify entity @s {} merge value {transformation:[-0.7014348556454711f,-0.4730164262270784f,-0.5331459498157893f,-0.08962241956339749f,0f,0.7480297989033826f,-0.6636651414324585f,0.7587672639289117f,0.7127335710387277f,-0.4655178626776077f,-0.524694174012305f,0.08717943646234419f,0f,0f,0f,1f],start_interpolation:0}
execute if entity @s[tag=aj.tultaria.bone.lower] run data modify entity @s {} merge value {transformation:[-0.7014348556454711f,0.031089001723417487f,-0.7120552066079276f,0f,0f,0.9990482215818578f,0.043619387365336f,0.8212077777777778f,0.7127335710387277f,0.030596158679948346f,-0.7007672450881351f,0f,0f,0f,0f,1f],start_interpolation:0}