execute if entity @s[tag=aj.tultaria.bone.head] run data modify entity @s {} merge value {transformation:[-0.9784408258933157f,0.046826232702584625f,-0.2011488358308089f,0f,0f,0.9739573309334263f,0.22673137745145977f,1.15625f,0.20652735950766016f,0.22184323620953536f,-0.952959615263351f,0f,0f,0f,0f,1f],start_interpolation:0}
execute if entity @s[tag=aj.tultaria.bone.bust] run data modify entity @s {} merge value {transformation:[-0.683120833866436f,0f,-0.7303053651299743f,0.7067130994982052f,0f,1f,0f,0f,0.7303053651299743f,0f,-0.683120833866436f,-0.023592265631769194f,0f,0f,0f,1f],start_interpolation:0}
execute if entity @s[tag=aj.tultaria.bone.left_wing] run data modify entity @s {} merge value {transformation:[-0.35164559283866453f,0f,-0.9361332047508752f,-0.04859311852459447f,0f,1f,0f,1.0625f,0.9361332047508752f,0f,-0.35164559283866453f,-0.13103418955392793f,0f,0f,0f,1f],start_interpolation:0}
execute if entity @s[tag=aj.tultaria.bone.right_wing] run data modify entity @s {} merge value {transformation:[-0.9105971204438219f,0f,-0.4132951539026553f,-0.13398322275789898f,0f,1f,0f,1.0625f,0.4132951539026553f,0f,-0.9105971204438219f,-0.03974601891268109f,0f,0f,0f,1f],start_interpolation:0}
execute if entity @s[tag=aj.tultaria.bone.body] run data modify entity @s {} merge value {transformation:[-0.683120833866436f,0f,-0.7303053651299743f,0.7067130994982052f,0f,1f,0f,0f,0.7303053651299743f,0f,-0.683120833866436f,-0.023592265631769194f,0f,0f,0f,1f],start_interpolation:0}
execute if entity @s[tag=aj.tultaria.bone.left_hand] run data modify entity @s {} merge value {transformation:[-0.5287263792913116f,-0.5439387763520616f,-0.6515972862298629f,0.21956662296641433f,-0.8483636728070311f,0.3630515509276031f,0.3853214891884784f,1.0554336677239613f,0.0269721060146339f,0.7565211027788215f,-0.6534128301062441f,-0.5171763549707766f,0f,0f,0f,1f],start_interpolation:0}
execute if entity @s[tag=aj.tultaria.bone.left_arm] run data modify entity @s {} merge value {transformation:[-0.5287263792913116f,-0.2785010325183495f,-0.801801465905191f,0.14943268240828286f,-0.8483636728070311f,0.20341295300306372f,0.4887762772597889f,1f,0.0269721060146339f,0.9386481478364439f,-0.34381995297008106f,-0.15975429862218188f,0f,0f,0f,1f],start_interpolation:0}
execute if entity @s[tag=aj.tultaria.bone.rod] run data modify entity @s {} merge value {transformation:[-0.994688362914499f,0.2462782100948009f,0.19159235799006863f,-0.2493424204325665f,0.20245165571724075f,0.0223089523276932f,1.0223899282898907f,0.4453766993749433f,0.23743191762069688f,1.0127264594172316f,-0.06911389597191597f,0.6257316482992029f,0f,0f,0f,1f],start_interpolation:0}
execute if entity @s[tag=aj.tultaria.bone.right_hand] run data modify entity @s {} merge value {transformation:[-0.9541553944959691f,0.035238231412743404f,-0.2972301300358755f,-0.2732818499072721f,0.19420186927817754f,0.8285281978216305f,-0.5251920214391141f,0.6904257708781654f,0.22775670598931486f,-0.5588374472611363f,-0.7973879798539438f,0.3164941080945337f,0f,0f,0f,1f],start_interpolation:0}
execute if entity @s[tag=aj.tultaria.bone.right_arm] run data modify entity @s {} merge value {transformation:[-0.9541553944959691f,0.01859145351224467f,-0.29873372928168584f,-0.14943268240828286f,0.19420186927817754f,0.7979193179322149f,-0.5706228141596256f,1f,0.22775670598931486f,-0.6024774849958221f,-0.7649495166022433f,0.15975429862218188f,0f,0f,0f,1f],start_interpolation:0}
execute if entity @s[tag=aj.tultaria.bone.skirt] run data modify entity @s {} merge value {transformation:[-0.9993612389830513f,0f,0.03573673205905471f,-0.0022335457536909195f,0f,1f,0f,0.453125f,-0.03573673205905471f,0f,-0.9993612389830513f,0.062460077436440706f,0f,0f,0f,1f],start_interpolation:0}
execute if entity @s[tag=aj.tultaria.bone.left_foot] run data modify entity @s {} merge value {transformation:[-0.9993612389830513f,-0.013675855285870599f,0.03301643530820058f,0.12045306336549957f,0f,0.9238795325112867f,0.3826834323650897f,0f,-0.03573673205905471f,0.3824389891066628f,-0.9232893942815618f,0.12938724638026325f,0f,0f,0f,1f],start_interpolation:0}
execute if entity @s[tag=aj.tultaria.bone.left_leg] run data modify entity @s {} merge value {transformation:[-0.9993612389830513f,0f,0.03573673205905471f,0.12492015487288141f,0f,1f,0f,0.4375f,-0.03573673205905471f,0f,-0.9993612389830513f,0.004467091507381839f,0f,0f,0f,1f],start_interpolation:0}
execute if entity @s[tag=aj.tultaria.bone.right_foot] run data modify entity @s {} merge value {transformation:[-0.9993612389830513f,-0.013675855285870599f,0.03301643530820057f,-0.13503039597397487f,0f,0.9238795325112867f,0.38268343236508984f,0.08113813357194827f,-0.03573673205905471f,0.38243898910666296f,-0.9232893942815616f,0.27826114051197837f,0f,0f,0f,1f],start_interpolation:0}
execute if entity @s[tag=aj.tultaria.bone.right_leg] run data modify entity @s {} merge value {transformation:[-0.9993612389830513f,0.013675855285870599f,0.03301643530820058f,-0.12492015487288141f,0f,0.9238795325112867f,-0.3826834323650897f,0.4375f,-0.03573673205905471f,-0.3824389891066628f,-0.9232893942815618f,-0.004467091507381839f,0f,0f,0f,1f],start_interpolation:0}
execute if entity @s[tag=aj.tultaria.bone.lower] run data modify entity @s {} merge value {transformation:[-0.9993612389830513f,0f,0.03573673205905471f,0f,0f,1f,0f,0.5f,-0.03573673205905471f,0f,-0.9993612389830513f,0f,0f,0f,0f,1f],start_interpolation:0}