execute if entity @s[tag=aj.tultaria.bone.head] run data modify entity @s {} merge value {transformation:[-0.9626258100310555f,0.025870701541147748f,-0.2695964700507463f,0f,-0.022559010948144883f,0.9843091183590119f,0.17500471576602192f,1.4728300694444445f,0.26989375851822794f,0.1745458859929775f,-0.9469377449419951f,0f,0f,0f,0f,1f],start_interpolation:0}
execute if entity @s[tag=aj.tultaria.bone.bust] run data modify entity @s {} merge value {transformation:[-0.855445064728428f,0f,-0.5178935616821043f,0.6866693132052661f,0f,1f,0f,0.3165800694444445f,0.5178935616821043f,0f,-0.855445064728428f,0.16877575152316182f,0f,0f,0f,1f],start_interpolation:0}
execute if entity @s[tag=aj.tultaria.bone.left_wing] run data modify entity @s {} merge value {transformation:[-0.22990450179543942f,0.0861704651239627f,-0.9693908246906974f,-0.011271378664736265f,-0.3964332734061267f,0.901395504609966f,0.17414592732948997f,1.3790800694444445f,0.8888107671437682f,0.4243357105043892f,-0.17307404484798183f,-0.13929898069618507f,0f,0f,0f,1f],start_interpolation:0}
execute if entity @s[tag=aj.tultaria.bone.right_wing] run data modify entity @s {} merge value {transformation:[-0.8941161729195196f,0.3360402085566843f,0.296029132953045f,-0.11820201175578982f,0.3964332734061267f,0.901395504609966f,0.17414592732948997f,1.3790800694444445f,-0.20831929593836168f,0.2730624882735176f,-0.9391698187429257f,-0.07456228548592203f,0f,0f,0f,1f],start_interpolation:0}
execute if entity @s[tag=aj.tultaria.bone.body] run data modify entity @s {} merge value {transformation:[-0.855445064728428f,0f,-0.5178935616821043f,0.6866693132052661f,0f,1f,0f,0.3165800694444445f,0.5178935616821043f,0f,-0.855445064728428f,0.16877575152316182f,0f,0f,0f,1f],start_interpolation:0}
execute if entity @s[tag=aj.tultaria.bone.left_hand] run data modify entity @s {} merge value {transformation:[-0.46316677152697944f,-0.7159321007445585f,-0.5224153222071095f,0.3783189345986603f,-0.8772556616304317f,0.2864787576947703f,0.38516545214623626f,1.3671839105923747f,-0.12609141878267682f,0.6366876381029745f,-0.7607429300336792f,-0.4241391767940996f,0f,0f,0f,1f],start_interpolation:0}
execute if entity @s[tag=aj.tultaria.bone.left_arm] run data modify entity @s {} merge value {transformation:[-0.46316677152697944f,-0.6061980684972825f,-0.6465295379976376f,0.1871286079093436f,-0.8772556616304317f,0.20979105096140493f,0.4317524974726409f,1.3165800694444445f,-0.12609141878267682f,0.7671451079728482f,-0.6289589314277194f,-0.11328921661796032f,0f,0f,0f,1f],start_interpolation:0}
execute if entity @s[tag=aj.tultaria.bone.rod] run data modify entity @s {} merge value {transformation:[-1.0575013931871418f,0.3174545247309972f,0.04402758379778546f,-0.19556365940166023f,0.12638810069092546f,0.27358056956890253f,1.06311086908097f,0.8411982059329013f,0.29451969613422263f,1.0224486767961367f,-0.2981305953887217f,0.6387422989030882f,0f,0f,0f,1f],start_interpolation:0}
execute if entity @s[tag=aj.tultaria.bone.sword] run data modify entity @s {} merge value {transformation:[-0.000009570148354634768f,-0.0000012174980569381103f,-0.000002632481519713557f,-0.2378101301335512f,0.000001143783716659959f,0.0000067565122796335355f,-0.000007282945875445237f,0.810633721256314f,0.0000026653366165993f,-0.000007270986198344292f,-0.000006326827042341351f,0.617414474068986f,0f,0f,0f,1f],start_interpolation:0}
execute if entity @s[tag=aj.tultaria.bone.right_hand] run data modify entity @s {} merge value {transformation:[-0.9570148354634767f,-0.12174980569381103f,-0.26324815197135565f,-0.27412585553325886f,0.11437837166599589f,0.6756512279633535f,-0.7282945875445236f,1.0035305929760934f,0.26653366165993f,-0.7270986198344291f,-0.632682704234135f,0.28699497843591043f,0f,0f,0f,1f],start_interpolation:0}
execute if entity @s[tag=aj.tultaria.bone.right_arm] run data modify entity @s {} merge value {transformation:[-0.9570148354634767f,-0.08366056406088831f,-0.27771120741487676f,-0.1871286079093436f,0.11437837166599589f,0.7710382888928602f,-0.6264323947212544f,1.3165800694444445f,0.26653366165993f,-0.6312692508606643f,-0.7283261220908979f,0.11328921661796032f,0f,0f,0f,1f],start_interpolation:0}
execute if entity @s[tag=aj.tultaria.bone.skirt] run data modify entity @s {} merge value {transformation:[-0.7001296709760928f,-0.2434903576684365f,-0.671215978312052f,0.043123589745998885f,0f,0.9400577081586122f,-0.3410154033640967f,0.7670234723474614f,0.7140157167870383f,-0.23875500215508458f,-0.6581622939116291f,0.04228493013575957f,0f,0f,0f,1f],start_interpolation:0}
execute if entity @s[tag=aj.tultaria.bone.left_foot] run data modify entity @s {} merge value {transformation:[-0.7001296709760928f,-0.24277267928595683f,-0.6714758893744631f,0.2759986796324921f,0f,0.9404217212416583f,-0.3400102736931294f,0.3854912336966977f,0.7140157167870383f,-0.23805128104926193f,-0.6584171502716931f,0.09556493387565636f,0f,0f,0f,1f],start_interpolation:0}
execute if entity @s[tag=aj.tultaria.bone.left_leg] run data modify entity @s {} merge value {transformation:[-0.7001296709760928f,-0.2434903576684365f,-0.671215978312052f,0.08556965086354461f,0f,0.9400577081586122f,-0.3410154033640967f,0.7541395555955784f,0.7140157167870383f,-0.23875500215508458f,-0.6581622939116291f,-0.09116066630614676f,0f,0f,0f,1f],start_interpolation:0}
execute if entity @s[tag=aj.tultaria.bone.right_foot] run data modify entity @s {} merge value {transformation:[-0.7001296709760928f,-0.24277267928595678f,-0.671475889374463f,0.187200914534562f,0f,0.9404217212416583f,-0.34001027369312925f,0.5156151435548177f,0.7140157167870383f,-0.23805128104926185f,-0.6584171502716931f,0.35862644011781647f,0f,0f,0f,1f],start_interpolation:0}
execute if entity @s[tag=aj.tultaria.bone.right_leg] run data modify entity @s {} merge value {transformation:[-0.7001296709760928f,-0.48181899225246877f,-0.5269429784366839f,-0.08946276688047859f,0f,0.7379991308984722f,-0.674801661818567f,0.7541395555955784f,0.7140157167870383f,-0.472448665463154f,-0.5166950886965898f,0.08734326289061282f,0f,0f,0f,1f],start_interpolation:0}
execute if entity @s[tag=aj.tultaria.bone.lower] run data modify entity @s {} merge value {transformation:[-0.7001296709760928f,0.03114492813547187f,-0.7133361320375861f,0f,0f,0.9990482215818578f,0.043619387365336f,0.8165800694444445f,0.7140157167870383f,0.030539227324271435f,-0.6994633026653567f,0f,0f,0f,0f,1f],start_interpolation:0}