execute if entity @s[tag=aj.tultaria.bone.head] run data modify entity @s {} merge value {transformation:[-0.9775796369825134f,0.047731441234323865f,-0.2050847699728861f,0f,0f,0.9739689214053309f,0.22668158314370482f,1.15625f,0.21056603087187953f,0.2215992997602444f,-0.9521321846196733f,0f,0f,0f,0f,1f],start_interpolation:0}
execute if entity @s[tag=aj.tultaria.bone.bust] run data modify entity @s {} merge value {transformation:[-0.6777852328909529f,0f,-0.7352599391201431f,0.706522586005548f,0f,1f,0f,0f,0.7352599391201431f,0f,-0.6777852328909529f,-0.028737353114595077f,0f,0f,0f,1f],start_interpolation:0}
execute if entity @s[tag=aj.tultaria.bone.left_wing] run data modify entity @s {} merge value {transformation:[-0.3448201069233039f,0f,-0.9386687881576765f,-0.04954591533433339f,0f,1f,0f,1.0625f,0.9386687881576765f,0f,-0.3448201069233039f,-0.13067690030637802f,0f,0f,0f,1f],start_interpolation:0}
execute if entity @s[tag=aj.tultaria.bone.right_wing] run data modify entity @s {} merge value {transformation:[-0.9075637012893905f,0f,-0.4199144294995134f,-0.1342690694457025f,0f,1f,0f,1.0625f,0.4199144294995134f,0f,-0.9075637012893905f,-0.03876940791636019f,0f,0f,0f,1f],start_interpolation:0}
execute if entity @s[tag=aj.tultaria.bone.body] run data modify entity @s {} merge value {transformation:[-0.6777852328909529f,0f,-0.7352599391201431f,0.706522586005548f,0f,1f,0f,0f,0.7352599391201431f,0f,-0.6777852328909529f,-0.028737353114595077f,0f,0f,0f,1f],start_interpolation:0}
execute if entity @s[tag=aj.tultaria.bone.left_hand] run data modify entity @s {} merge value {transformation:[-0.5484080805163482f,-0.5465945408491427f,-0.6328372501190881f,0.21923142040933724f,-0.8340889067993696f,0.411440347243638f,0.36744052064826405f,1.0400929205948093f,0.059533795264598816f,0.7293498807663914f,-0.6815456541182281f,-0.5201410286675823f,0f,0f,0f,1f],start_interpolation:0}
execute if entity @s[tag=aj.tultaria.bone.left_arm] run data modify entity @s {} merge value {transformation:[-0.5484080805163482f,-0.2724898843966212f,-0.7905680490165856f,0.14826551969489596f,-0.8340889067993696f,0.2455609401760822f,0.49395902685756365f,1f,0.059533795264598816f,0.930295161527434f,-0.3619483936420195f,-0.16083811168253132f,0f,0f,0f,1f],start_interpolation:0}
execute if entity @s[tag=aj.tultaria.bone.rod] run data modify entity @s {} merge value {transformation:[-1.0545208068693992f,0.3110642892087141f,0.22903964570758162f,-0.24288989483667334f,0.22935562976210497f,-0.03162208377507919f,1.0989223459195903f,0.42875034079382335f,0.31083137940562794f,1.0786442116119963f,-0.03383491953581891f,0.6000524461776764f,0f,0f,0f,1f],start_interpolation:0}
execute if entity @s[tag=aj.tultaria.bone.right_hand] run data modify entity @s {} merge value {transformation:[-0.9389820054210998f,0.025981612095853056f,-0.34298359921178506f,-0.27601974020220155f,0.20422623032730042f,0.8444705328563376f,-0.4951375222941941f,0.6835346003281757f,0.27677507174901134f,-0.5349714711741493f,-0.7982487611566308f,0.29965704934279147f,0f,0f,0f,1f],start_interpolation:0}
execute if entity @s[tag=aj.tultaria.bone.right_arm] run data modify entity @s {} merge value {transformation:[-0.9389820054210998f,0.021944769570441724f,-0.3432655248985398f,-0.14826551969489596f,0.20422623032730042f,0.8385870261249401f,-0.5050380643686468f,1f,0.27677507174901134f,-0.5443254786462133f,-0.7918998250756849f,0.16083811168253132f,0f,0f,0f,1f],start_interpolation:0}
execute if entity @s[tag=aj.tultaria.bone.skirt] run data modify entity @s {} merge value {transformation:[-0.9999884102062274f,0f,-0.004814504462747468f,0.00030090652892171674f,0f,1f,0f,0.453125f,0.004814504462747468f,0f,-0.9999884102062274f,0.062499275637889214f,0f,0f,0f,1f],start_interpolation:0}
execute if entity @s[tag=aj.tultaria.bone.left_foot] run data modify entity @s {} merge value {transformation:[-0.9999884102062274f,0.0018424310929412433f,-0.0044480221323166345f,0.12560036433362187f,0f,0.9238795325112867f,0.3826834323650897f,0f,0.004814504462747468f,0.38267899714302844f,-0.9238688249380342f,0.124396738217935f,0f,0f,0f,1f],start_interpolation:0}
execute if entity @s[tag=aj.tultaria.bone.left_leg] run data modify entity @s {} merge value {transformation:[-0.9999884102062274f,0f,-0.004814504462747468f,0.12499855127577843f,0f,1f,0f,0.4375f,0.004814504462747468f,0f,-0.9999884102062274f,-0.0006018130578434335f,0f,0f,0f,1f],start_interpolation:0}
execute if entity @s[tag=aj.tultaria.bone.right_foot] run data modify entity @s {} merge value {transformation:[-0.9999884102062274f,0.0018424310929412437f,-0.0044480221323166345f,-0.12363648490607705f,0f,0.9238795325112867f,0.38268343236508984f,0.08113813357194827f,0.004814504462747468f,0.3826789971430286f,-0.9238688249380342f,0.2835074774251727f,0f,0f,0f,1f],start_interpolation:0}
execute if entity @s[tag=aj.tultaria.bone.right_leg] run data modify entity @s {} merge value {transformation:[-0.9999884102062274f,-0.0018424310929412433f,-0.0044480221323166345f,-0.12499855127577843f,0f,0.9238795325112867f,-0.3826834323650897f,0.4375f,0.004814504462747468f,-0.38267899714302844f,-0.9238688249380342f,0.0006018130578434335f,0f,0f,0f,1f],start_interpolation:0}
execute if entity @s[tag=aj.tultaria.bone.lower] run data modify entity @s {} merge value {transformation:[-0.9999884102062274f,0f,-0.004814504462747468f,0f,0f,1f,0f,0.5f,0.004814504462747468f,0f,-0.9999884102062274f,0f,0f,0f,0f,1f],start_interpolation:0}