execute if entity @s[tag=aj.tultaria.bone.head] run data modify entity @s {} merge value {transformation:[-0.947167754346659f,-0.01591226159150473f,0.320343635892694f,0f,4.336808689942018e-19f,0.9987686008161342f,0.0496113094342573f,1.15625f,-0.32073859313451414f,0.04699023254704271f,-0.9460014127469724f,0f,0f,0f,0f,1f],start_interpolation:0}
execute if entity @s[tag=aj.tultaria.bone.bust] run data modify entity @s {} merge value {transformation:[-0.8962006045322358f,0f,0.4436490464726092f,0.2262757790298133f,0f,1f,0f,0f,-0.4436490464726092f,0f,-0.8962006045322358f,0.6699248255024225f,0f,0f,0f,1f],start_interpolation:0}
execute if entity @s[tag=aj.tultaria.bone.left_wing] run data modify entity @s {} merge value {transformation:[-0.9977585354212118f,0f,0.06691715022412792f,0.11146866859234092f,0f,1f,0f,1.0625f,-0.06691715022412792f,0f,-0.9977585354212118f,-0.08429701016199143f,0f,0f,0f,1f],start_interpolation:0}
execute if entity @s[tag=aj.tultaria.bone.right_wing] run data modify entity @s {} merge value {transformation:[-0.6582042556819373f,0f,0.7528393970842567f,-0.0005564069741885447f,0f,1f,0f,1.0625f,-0.7528393970842567f,0f,-0.6582042556819373f,-0.1397531409710676f,0f,0f,0f,1f],start_interpolation:0}
execute if entity @s[tag=aj.tultaria.bone.body] run data modify entity @s {} merge value {transformation:[-0.8962006045322358f,0f,0.4436490464726092f,0.2262757790298133f,0f,1f,0f,0f,-0.4436490464726092f,0f,-0.8962006045322358f,0.6699248255024225f,0f,0f,0f,1f],start_interpolation:0}
execute if entity @s[tag=aj.tultaria.bone.left_hand] run data modify entity @s {} merge value {transformation:[-0.7290425138662714f,0.15710091244162405f,0.666195403981112f,0.4447578117619333f,-0.22598220771365066f,0.8634805239137162f,-0.4509250787199116f,0.7313853592328319f,-0.6460874977682298f,-0.4792918611156498f,-0.5940120008012336f,0.05545804343909456f,0f,0f,0f,1f],start_interpolation:0}
execute if entity @s[tag=aj.tultaria.bone.left_arm] run data modify entity @s {} merge value {transformation:[-0.7290425138662714f,-0.36715775378443377f,0.5776609704762101f,0.19604388224142658f,-0.22598220771365066f,0.925745506809123f,0.30319514907000805f,1f,-0.6460874977682298f,0.09050105225183355f,-0.7578789512639198f,0.09704822891588327f,0f,0f,0f,1f],start_interpolation:0}
execute if entity @s[tag=aj.tultaria.bone.rod] run data modify entity @s {} merge value {transformation:[-0.7619346057947944f,0.09864736545670225f,0.2115044193528422f,-0.5649726452226926f,0.23244874738786137f,0.2563893918314797f,0.7178034725599326f,1.6878492043980906f,0.020808699025774625f,0.7480260307434063f,-0.2739230202084503f,0.10624210823237162f,0f,0f,0f,1f],start_interpolation:0}
execute if entity @s[tag=aj.tultaria.bone.right_hand] run data modify entity @s {} merge value {transformation:[-0.860211907675836f,0.43396539674399714f,-0.267786310930048f,-0.4537407844380579f,0.07295309689473123f,-0.41500442634192514f,-0.9068898344176529f,0.8849179486499029f,-0.5046913111458995f,-0.7996532752045946f,0.32533262963987813f,0.13978634532384526f,0f,0f,0f,1f],start_interpolation:0}
execute if entity @s[tag=aj.tultaria.bone.right_arm] run data modify entity @s {} merge value {transformation:[-0.860211907675836f,0.5095339523939346f,-0.02026389031047117f,-0.19604388224142658f,0.07295309689473123f,0.08363803592594277f,-0.9938221795673101f,1f,-0.5046913111458995f,-0.8563759865294371f,-0.10911851423826541f,-0.09704822891588327f,0f,0f,0f,1f],start_interpolation:0}
execute if entity @s[tag=aj.tultaria.bone.skirt] run data modify entity @s {} merge value {transformation:[-0.9754695114547145f,0f,0.22013457752543275f,-0.013758411095339547f,0f,1f,0f,0.453125f,-0.22013457752543275f,0f,-0.9754695114547145f,0.060966844465919656f,0f,0f,0f,1f],start_interpolation:0}
execute if entity @s[tag=aj.tultaria.bone.left_foot] run data modify entity @s {} merge value {transformation:[-0.9754695114547145f,-0.08424185570967155f,0.2033778305737664f,0.09441686674116022f,0f,0.9238795325112867f,0.3826834323650897f,0f,-0.22013457752543275f,0.37329602081098734f,-0.9012163162217949f,0.1494505111225184f,0f,0f,0f,1f],start_interpolation:0}
execute if entity @s[tag=aj.tultaria.bone.left_leg] run data modify entity @s {} merge value {transformation:[-0.9754695114547145f,0f,0.22013457752543275f,0.12193368893183931f,0f,1f,0f,0.4375f,-0.22013457752543275f,0f,-0.9754695114547145f,0.027516822190679094f,0f,0f,0f,1f],start_interpolation:0}
execute if entity @s[tag=aj.tultaria.bone.right_foot] run data modify entity @s {} merge value {transformation:[-0.9754695114547145f,-0.08424185570967158f,0.2033778305737664f,-0.18421172962654142f,0f,0.9238795325112867f,0.38268343236508984f,0.08113813357194827f,-0.22013457752543275f,0.3732960208109875f,-0.9012163162217948f,0.24845222644185222f,0f,0f,0f,1f],start_interpolation:0}
execute if entity @s[tag=aj.tultaria.bone.right_leg] run data modify entity @s {} merge value {transformation:[-0.9754695114547145f,0.08424185570967155f,0.2033778305737664f,-0.12193368893183931f,0f,0.9238795325112867f,-0.3826834323650897f,0.4375f,-0.22013457752543275f,-0.37329602081098734f,-0.9012163162217949f,-0.027516822190679094f,0f,0f,0f,1f],start_interpolation:0}
execute if entity @s[tag=aj.tultaria.bone.lower] run data modify entity @s {} merge value {transformation:[-0.9754695114547145f,0f,0.22013457752543275f,0f,0f,1f,0f,0.5f,-0.22013457752543275f,0f,-0.9754695114547145f,0f,0f,0f,0f,1f],start_interpolation:0}