execute if entity @s[tag=aj.tultaria.bone.head] run data modify entity @s {} merge value {transformation:[-0.9801725542993875f,0.04365128533843779f,-0.19327785462001645f,0f,6.938893903907228e-18f,0.9754324365702632f,0.2202988009195678f,1.15625f,0.1981458144857315f,0.21593083840642502f,-0.9560921028995504f,0f,0f,0f,0f,1f],start_interpolation:0}
execute if entity @s[tag=aj.tultaria.bone.bust] run data modify entity @s {} merge value {transformation:[-0.7071067811865476f,0f,-0.7071067811865475f,0.7071067811865475f,0f,1f,0f,0f,0.7071067811865475f,0f,-0.7071067811865476f,5.551115123125783e-17f,0f,0f,0f,1f],start_interpolation:0}
execute if entity @s[tag=aj.tultaria.bone.left_wing] run data modify entity @s {} merge value {transformation:[-0.38268343236508984f,0f,-0.9238795325112867f,-0.044194173824159244f,0f,1f,0f,1.0625f,0.9238795325112867f,0f,-0.38268343236508984f,-0.13258252147247768f,0f,0f,0f,1f],start_interpolation:0}
execute if entity @s[tag=aj.tultaria.bone.right_wing] run data modify entity @s {} merge value {transformation:[-0.9238795325112867f,0f,-0.38268343236508967f,-0.13258252147247773f,0f,1f,0f,1.0625f,0.38268343236508967f,0f,-0.9238795325112867f,-0.04419417382415919f,0f,0f,0f,1f],start_interpolation:0}
execute if entity @s[tag=aj.tultaria.bone.body] run data modify entity @s {} merge value {transformation:[-0.7071067811865476f,0f,-0.7071067811865475f,0.7071067811865475f,0f,1f,0f,0f,0.7071067811865475f,0f,-0.7071067811865476f,5.551115123125783e-17f,0f,0f,0f,1f],start_interpolation:0}
execute if entity @s[tag=aj.tultaria.bone.left_hand] run data modify entity @s {} merge value {transformation:[-0.563563487256044f,-0.5791311535177087f,-0.5890698624586516f,0.24214684491731803f,-0.8242567773141051f,0.4414839011826728f,0.35453170527936395f,1.0302499993783993f,0.054744505510347596f,0.6853459506131017f,-0.7261569851586165f,-0.5112979023221074f,0f,0f,0f,1f],start_interpolation:0}
execute if entity @s[tag=aj.tultaria.bone.left_arm] run data modify entity @s {} merge value {transformation:[-0.563563487256044f,-0.30962014250615494f,-0.7658534867624975f,0.15467960838455727f,-0.8242567773141051f,0.2722045303773515f,0.4964931607724434f,1f,0.054744505510347596f,0.9110653439773208f,-0.4086110352400111f,-0.15467960838455724f,0f,0f,0f,1f],start_interpolation:0}
execute if entity @s[tag=aj.tultaria.bone.rod] run data modify entity @s {} merge value {transformation:[-0.9481976768372901f,0.26588848441967106f,0.17385188953064745f,-0.24632232238195978f,0.19866388289931647f,0.069246471404181f,0.9776183242091141f,0.45213535762478013f,0.2478988246679132f,0.9615135152721881f,-0.11848178204765042f,0.6213841552943369f,0f,0f,0f,1f],start_interpolation:0}
execute if entity @s[tag=aj.tultaria.bone.right_hand] run data modify entity @s {} merge value {transformation:[-0.9481976768372901f,0.01761591061963097f,-0.3171921268465018f,-0.2793653717554109f,0.19866388289931647f,0.8120190682681737f,-0.5487783654630107f,0.688045212542469f,0.2478988246679132f,-0.5833649907750106f,-0.7734542392839663f,0.30594050384321214f,0f,0f,0f,1f],start_interpolation:0}
execute if entity @s[tag=aj.tultaria.bone.right_arm] run data modify entity @s {} merge value {transformation:[-0.9481976768372901f,0.01761591061963097f,-0.3171921268465018f,-0.15467960838455727f,0.19866388289931647f,0.8120190682681737f,-0.5487783654630107f,1f,0.2478988246679132f,-0.5833649907750106f,-0.7734542392839663f,0.15467960838455724f,0f,0f,0f,1f],start_interpolation:0}
execute if entity @s[tag=aj.tultaria.bone.skirt] run data modify entity @s {} merge value {transformation:[-1f,0f,1.2246467991473532e-16f,-7.654042494670958e-18f,0f,1f,0f,0.453125f,-1.2246467991473532e-16f,0f,-1f,0.0625f,0f,0f,0f,1f],start_interpolation:0}
execute if entity @s[tag=aj.tultaria.bone.left_foot] run data modify entity @s {} merge value {transformation:[-1f,-4.6865204053262974e-17f,1.1314261122877003e-16f,0.12499999999999999f,0f,0.9238795325112867f,0.3826834323650897f,0f,-1.2246467991473532e-16f,0.3826834323650897f,-0.9238795325112867f,0.12500000000000003f,0f,0f,0f,1f],start_interpolation:0}
execute if entity @s[tag=aj.tultaria.bone.left_leg] run data modify entity @s {} merge value {transformation:[-1f,0f,1.2246467991473532e-16f,0.125f,0f,1f,0f,0.4375f,-1.2246467991473532e-16f,0f,-1f,1.5308084989341915e-17f,0f,0f,0f,1f],start_interpolation:0}
execute if entity @s[tag=aj.tultaria.bone.right_foot] run data modify entity @s {} merge value {transformation:[-1f,-4.686520405326299e-17f,1.1314261122877003e-16f,-0.12500000000000003f,0f,0.9238795325112867f,0.38268343236508984f,0.08113813357194827f,-1.2246467991473532e-16f,0.38268343236508984f,-0.9238795325112867f,0.2829089432236376f,0f,0f,0f,1f],start_interpolation:0}
execute if entity @s[tag=aj.tultaria.bone.right_leg] run data modify entity @s {} merge value {transformation:[-1f,4.6865204053262974e-17f,1.1314261122877003e-16f,-0.125f,0f,0.9238795325112867f,-0.3826834323650897f,0.4375f,-1.2246467991473532e-16f,-0.3826834323650897f,-0.9238795325112867f,-1.5308084989341915e-17f,0f,0f,0f,1f],start_interpolation:0}
execute if entity @s[tag=aj.tultaria.bone.lower] run data modify entity @s {} merge value {transformation:[-1f,0f,1.2246467991473532e-16f,0f,0f,1f,0f,0.5f,-1.2246467991473532e-16f,0f,-1f,0f,0f,0f,0f,1f],start_interpolation:0}