execute if entity @s[tag=aj.tultaria.bone.head] run data modify entity @s {} merge value {transformation:[-0.9982791487514129f,0.008831034502316537f,-0.057972010468619606f,0f,0.0003508154046253757f,0.9894771623921672f,0.14468870734406558f,1.5886844444444446f,0.05863973138330969f,0.1444193821270666f,-0.9877775174447583f,0f,0f,0f,0f,1f],start_interpolation:0}
execute if entity @s[tag=aj.tultaria.bone.bust] run data modify entity @s {} merge value {transformation:[-0.9112595755029624f,0f,-0.41183247328757483f,0.6615460243952687f,0f,1f,0f,0.43243444444444445f,0.41183247328757483f,0f,-0.9112595755029624f,0.2497135511076938f,0f,0f,0f,1f],start_interpolation:0}
execute if entity @s[tag=aj.tultaria.bone.left_wing] run data modify entity @s {} merge value {transformation:[-0.6747514406072956f,-0.0034112031598694838f,-0.7380371651152681f,0.005474664307988375f,-0.020898822790997754f,0.9996766412146557f,0.014486276807203012f,1.4949344444444446f,0.737749098680798f,0.02519874407161063f,-0.6746045439313938f,-0.13964697651834365f,0f,0f,0f,1f],start_interpolation:0}
execute if entity @s[tag=aj.tultaria.bone.right_wing] run data modify entity @s {} merge value {transformation:[-0.9996019104527838f,0.021167568296582676f,-0.018653543136750383f,-0.10843278262988187f,0.020898822790997754f,0.9996766412146557f,0.014486276807203012f,1.4949344444444446f,0.018954150603379072f,0.01409067287938881f,-0.9997210576519385f,-0.08816791735739679f,0f,0f,0f,1f],start_interpolation:0}
execute if entity @s[tag=aj.tultaria.bone.body] run data modify entity @s {} merge value {transformation:[-0.9112595755029624f,0f,-0.41183247328757483f,0.6615460243952687f,0f,1f,0f,0.43243444444444445f,0.41183247328757483f,0f,-0.9112595755029624f,0.2497135511076938f,0f,0f,0f,1f],start_interpolation:0}
execute if entity @s[tag=aj.tultaria.bone.left_hand] run data modify entity @s {} merge value {transformation:[-0.9202945346220494f,-0.38913651328679444f,0.04038246614289767f,0.3700056594555231f,-0.3739248288933083f,0.8445410459808773f,-0.38331533231875253f,1.1943529644001967f,0.1150573417122781f,-0.36786301211255545f,-0.9227343130270935f,-0.3135429514858379f,0f,0f,0f,1f],start_interpolation:0}
execute if entity @s[tag=aj.tultaria.bone.left_arm] run data modify entity @s {} merge value {transformation:[-0.9202945346220494f,-0.31043320496209986f,-0.23809492813108124f,0.19933803214127305f,-0.3739248288933083f,0.8769301428769953f,0.30194990785036296f,1.4324344444444446f,0.1150573417122781f,0.3669124551860996f,-0.9231127007832862f,-0.09008835353165699f,0f,0f,0f,1f],start_interpolation:0}
execute if entity @s[tag=aj.tultaria.bone.rod] run data modify entity @s {} merge value {transformation:[0.04524477836552583f,-0.14063744577585313f,-0.03574938987309342f,0.5712992655109466f,-0.054980155331612955f,0.018040655617400134f,-0.14055503286829002f,0.6193979788678914f,0.13429107397875023f,0.05476900209551347f,-0.0455001522974977f,0.7123738504254211f,0f,0f,0f,1f],start_interpolation:0}
execute if entity @s[tag=aj.tultaria.bone.sword] run data modify entity @s {} merge value {transformation:[-0.000007980959898317875f,-0.0000050061345282272675f,-0.0000033530428250669196f,-0.10040701739544833f,0.0000012767388175296297f,0.000004033485938539363f,-0.000009060956305789046f,1.0163150120394646f,0.000005888481730739686f,-0.000007659608884851498f,-0.0000025799563247948555f,0.5266763249344686f,0f,0f,0f,1f],start_interpolation:0}
execute if entity @s[tag=aj.tultaria.bone.right_hand] run data modify entity @s {} merge value {transformation:[-0.7980959898317874f,-0.5006134528227267f,-0.3353042825066919f,-0.2893922095925628f,0.12767388175296296f,0.40334859385393623f,-0.9060956305789046f,1.0927922047909338f,0.5888481730739685f,-0.7659608884851498f,-0.25799563247948554f,0.20088357755651615f,0f,0f,0f,1f],start_interpolation:0}
execute if entity @s[tag=aj.tultaria.bone.right_arm] run data modify entity @s {} merge value {transformation:[-0.7980959898317874f,-0.11689123532279011f,-0.5910830991655336f,-0.19933803214127305f,0.12767388175296296f,0.9259168906820212f,-0.35549583888966735f,1.4324344444444446f,0.5888481730739685f,-0.3591856771287658f,-0.7240465996142789f,0.09008835353165699f,0f,0f,0f,1f],start_interpolation:0}
execute if entity @s[tag=aj.tultaria.bone.skirt] run data modify entity @s {} merge value {transformation:[-0.8871719598075083f,0.012562109251868708f,-0.46126793422310336f,0.027869000545138783f,0f,0.9996293644209887f,0.02722377246617542f,0.8828778473474613f,0.4614389599191913f,0.02415216757217053f,-0.8868431423145025f,0.05358150910325635f,0f,0f,0f,1f],start_interpolation:0}
execute if entity @s[tag=aj.tultaria.bone.left_foot] run data modify entity @s {} merge value {transformation:[-0.8871719598075083f,0.18118777801509597f,-0.42437825442552707f,0.16180108365999807f,0f,0.9196844897965389f,0.39265817096767497f,0.42925311210312395f,0.4614389599191913f,0.3483553190718239f,-0.8159182912173637f,0.04019033090068253f,0f,0f,0f,1f],start_interpolation:0}
execute if entity @s[tag=aj.tultaria.bone.left_leg] run data modify entity @s {} merge value {transformation:[-0.8871719598075083f,0.012562109251868708f,-0.46126793422310336f,0.10963851467980272f,0f,0.9996293644209887f,0.02722377246617542f,0.8699939305955784f,0.4614389599191913f,0.02415216757217053f,-0.8868431423145025f,-0.060098488575805666f,0f,0f,0f,1f],start_interpolation:0}
execute if entity @s[tag=aj.tultaria.bone.right_foot] run data modify entity @s {} merge value {transformation:[-0.8871719598075083f,0.18118777801509595f,-0.42437825442552707f,0.01386569184266516f,0f,0.919684489796539f,0.39265817096767497f,0.5060622958552613f,0.4614389599191913f,0.3483553190718238f,-0.8159182912173638f,0.2975501960870164f,0f,0f,0f,1f],start_interpolation:0}
execute if entity @s[tag=aj.tultaria.bone.right_leg] run data modify entity @s {} merge value {transformation:[-0.8871719598075083f,-0.1649137206854795f,-0.43096331451873804f,-0.11215447527207435f,0f,0.9339551965751001f,-0.35739011009031335f,0.8699939305955784f,0.4614389599191913f,-0.31706648438464446f,-0.8285788621179382f,0.05526125140399216f,0f,0f,0f,1f],start_interpolation:0}
execute if entity @s[tag=aj.tultaria.bone.lower] run data modify entity @s {} merge value {transformation:[-0.8871719598075083f,0.02012768473817296f,-0.46099977227585026f,0f,0f,0.9990482215818578f,0.043619387365336f,0.9324344444444445f,0.4614389599191913f,0.038697897374508f,-0.8863275686829826f,0f,0f,0f,0f,1f],start_interpolation:0}