execute if entity @s[tag=aj.tultaria.bone.head] run data modify entity @s {} merge value {transformation:[-0.9607784494303518f,0.031673391944051194f,-0.27550239082985717f,0f,-0.02041160728258975f,0.9826846750706353f,0.18415807250691288f,1.4831699999999999f,0.2765648882239937f,0.18255855396030768f,-0.9434957535556645f,0f,0f,0f,0f,1f],start_interpolation:0}
execute if entity @s[tag=aj.tultaria.bone.bust] run data modify entity @s {} merge value {transformation:[-0.8325187923059261f,0f,-0.5539968054578315f,0.6932577988818788f,0f,1f,0f,0.32692f,0.5539968054578315f,0f,-0.8325187923059261f,0.1392609934240473f,0f,0f,0f,1f],start_interpolation:0}
execute if entity @s[tag=aj.tultaria.bone.left_wing] run data modify entity @s {} merge value {transformation:[-0.22955623044878254f,0.08989710205838514f,-0.9691348967525881f,-0.017217176163108583f,-0.3733182661981264f,0.9114352738537052f,0.1729717135778168f,1.3894199999999999f,0.8988533858115961f,0.4015024939109666f,-0.17566541548723796f,-0.13868964937935524f,0f,0f,0f,1f],start_interpolation:0}
execute if entity @s[tag=aj.tultaria.bone.right_wing] run data modify entity @s {} merge value {transformation:[-0.9177741818366876f,0.3356401193413042f,0.2122174861847006f,-0.12128202520134934f,0.3733182661981264f,0.9114352738537052f,0.1729717135778168f,1.3894199999999999f,-0.13536625604936908f,0.23797363690916798f,-0.9617923501772097f,-0.06944004869712628f,0f,0f,0f,1f],start_interpolation:0}
execute if entity @s[tag=aj.tultaria.bone.body] run data modify entity @s {} merge value {transformation:[-0.8325187923059261f,0f,-0.5539968054578315f,0.6932577988818788f,0f,1f,0f,0.32692f,0.5539968054578315f,0f,-0.8325187923059261f,0.1392609934240473f,0f,0f,0f,1f],start_interpolation:0}
execute if entity @s[tag=aj.tultaria.bone.left_hand] run data modify entity @s {} merge value {transformation:[-0.5653268350168602f,-0.6779228102652614f,-0.4699215178430012f,0.36102840079614396f,-0.824476670862876f,0.4468741840208516f,0.3471911330356331f,1.3278618619565732f,-0.025372993766765384f,0.5837157929829795f,-0.8115615098127579f,-0.4432593917601149f,0f,0f,0f,1f],start_interpolation:0}
execute if entity @s[tag=aj.tultaria.bone.left_arm] run data modify entity @s {} merge value {transformation:[-0.5653268350168602f,-0.5370502083622438f,-0.6260851725667125f,0.18211348581692133f,-0.824476670862876f,0.34454861321455243f,0.44891477179393124f,1.3269199999999999f,-0.025372993766765384f,0.7699761858849917f,-0.637567944894748f,-0.12118680119390063f,0f,0f,0f,1f],start_interpolation:0}
execute if entity @s[tag=aj.tultaria.bone.rod] run data modify entity @s {} merge value {transformation:[-1.0062130475944655f,0.3176847495406377f,0.07419925822037543f,-0.18776766682879542f,0.12565277983180773f,0.15537521941290589f,1.0387317975653891f,0.8351809131428385f,0.3010656223013363f,0.9969096088724332f,-0.1855385403807397f,0.6369073872500853f,0f,0f,0f,1f],start_interpolation:0}
execute if entity @s[tag=aj.tultaria.bone.sword] run data modify entity @s {} merge value {transformation:[-0.000009512518307090536f,-0.0000012061539405638395f,-0.000002838518650445992f,-0.23079984271241893f,0.0000011878939269813756f,0.000007060641343852946f,-0.00000698113542568222f,0.8061690093567699f,0.000002846208614193306f,-0.000006978003760756855f,-0.000006573169710220103f,0.6149900561527827f,0f,0f,0f,1f],start_interpolation:0}
execute if entity @s[tag=aj.tultaria.bone.right_hand] run data modify entity @s {} merge value {transformation:[-0.9512518307090535f,-0.12061539405638394f,-0.2838518650445992f,-0.2684799227305143f,0.11878939269813756f,0.7060641343852945f,-0.6981135425682219f,1.0126907707162962f,0.2846208614193306f,-0.6978003760756855f,-0.6573169710220103f,0.293067624843952f,0f,0f,0f,1f],start_interpolation:0}
execute if entity @s[tag=aj.tultaria.bone.right_arm] run data modify entity @s {} merge value {transformation:[-0.9512518307090535f,-0.08874069713435195f,-0.29537271919522856f,-0.18211348581692133f,0.11878939269813756f,0.7784030296305758f,-0.616423396412197f,1.3269199999999999f,0.2846208614193306f,-0.6214610302617938f,-0.72991585344536f,0.12118680119390063f,0f,0f,0f,1f],start_interpolation:0}
execute if entity @s[tag=aj.tultaria.bone.skirt] run data modify entity @s {} merge value {transformation:[-0.7061419568415216f,-0.21904080588248198f,-0.6733384454688293f,0.04276451066295371f,0f,0.9509485910757393f,-0.30934895689345177f,0.7773634029030169f,0.7080702908525585f,-0.2184442777676256f,-0.6715046989579104f,0.04264804728150407f,0f,0f,0f,1f],start_interpolation:0}
execute if entity @s[tag=aj.tultaria.bone.left_foot] run data modify entity @s {} merge value {transformation:[-0.7061419568415216f,-0.19564575205596363f,-0.6805044279727231f,0.2663350533437182f,0f,0.961069030524294f,-0.27630837585403356f,0.3871080971671794f,0.7080702908525585f,-0.19511293721726997f,-0.678651165874209f,0.08907358006460603f,0f,0f,0f,1f],start_interpolation:0}
execute if entity @s[tag=aj.tultaria.bone.left_leg] run data modify entity @s {} merge value {transformation:[-0.7061419568415216f,-0.21904080588248198f,-0.6733384454688293f,0.08633739508652871f,0f,0.9509485910757393f,-0.30934895689345177f,0.7644794861511339f,0.7080702908525585f,-0.2184442777676256f,-0.6715046989579104f,-0.09043387882846898f,0f,0f,0f,1f],start_interpolation:0}
execute if entity @s[tag=aj.tultaria.bone.right_foot] run data modify entity @s {} merge value {transformation:[-0.7061419568415216f,-0.1956457520559636f,-0.6805044279727231f,0.1783531643237676f,0f,0.9610690305242938f,-0.27630837585403367f,0.5131152578403184f,0.7080702908525585f,-0.19511293721727002f,-0.6786511658742089f,0.3544035891723588f,0f,0f,0f,1f],start_interpolation:0}
execute if entity @s[tag=aj.tultaria.bone.right_leg] run data modify entity @s {} merge value {transformation:[-0.7061419568415216f,-0.4600427847949884f,-0.538260320798495f,-0.09019809412385169f,0f,0.7601792191427743f,-0.6497134405131866f,0.7644794861511339f,0.7080702908525585f,-0.45878992027021914f,-0.5367944413557385f,0.08658369388467063f,0f,0f,0f,1f],start_interpolation:0}
execute if entity @s[tag=aj.tultaria.bone.lower] run data modify entity @s {} merge value {transformation:[-0.7061419568415216f,0.030885592298583876f,-0.7073963648311973f,0f,0f,0.9990482215818578f,0.043619387365336f,0.82692f,0.7080702908525585f,0.030801479550386705f,-0.7054698661668551f,0f,0f,0f,0f,1f],start_interpolation:0}