execute if entity @s[tag=aj.tultaria.bone.head] run data modify entity @s {} merge value {transformation:[-0.5547200813358909f,0.08587123816009685f,-0.8275939595112778f,0f,-0.004774906658474205f,0.9943150710626903f,0.10637076536342022f,1.15625f,0.8320233359883036f,0.06295768352194085f,-0.5511565099465358f,0f,0f,0f,0f,1f],start_interpolation:0}
execute if entity @s[tag=aj.tultaria.bone.bust] run data modify entity @s {} merge value {transformation:[-0.5275490040638037f,0f,-0.8495246013573055f,0.6885368027105545f,0f,1f,0f,0f,0.8495246013573055f,0f,-0.5275490040638037f,-0.1609877986467509f,0f,0f,0f,1f],start_interpolation:0}
execute if entity @s[tag=aj.tultaria.bone.left_wing] run data modify entity @s {} merge value {transformation:[-0.16229273692526364f,0f,-0.9867426551747457f,-0.0732187624156756f,0f,1f,0f,1.0625f,0.9867426551747457f,0f,-0.16229273692526364f,-0.11903891309280706f,0f,0f,0f,1f],start_interpolation:0}
execute if entity @s[tag=aj.tultaria.bone.right_wing] run data modify entity @s {} merge value {transformation:[-0.81249071757726f,0f,-0.5829741279429036f,-0.139162387923651f,0f,1f,0f,1.0625f,0.5829741279429036f,0f,-0.81249071757726f,-0.012848337923143827f,0f,0f,0f,1f],start_interpolation:0}
execute if entity @s[tag=aj.tultaria.bone.body] run data modify entity @s {} merge value {transformation:[-0.5275490040638037f,0f,-0.8495246013573055f,0.6885368027105545f,0f,1f,0f,0f,0.8495246013573055f,0f,-0.5275490040638037f,-0.1609877986467509f,0f,0f,0f,1f],start_interpolation:0}
execute if entity @s[tag=aj.tultaria.bone.left_hand] run data modify entity @s {} merge value {transformation:[-0.6307858649407427f,-0.4646267181913186f,-0.6214750239017848f,0.129226330880464f,-0.6619132999274869f,0.7401587130840424f,0.11847304682871479f,0.9100461661356282f,0.40494441096286726f,0.4860937072093602f,-0.7744242582986389f,-0.5428480230984412f,0f,0f,0f,1f],start_interpolation:0}
execute if entity @s[tag=aj.tultaria.bone.left_arm] run data modify entity @s {} merge value {transformation:[-0.6307858649407427f,-0.07871847447594699f,-0.7719537514431409f,0.11540134463895706f,-0.6619132999274869f,0.5737586073073171f,0.4823606989793764f,1f,0.40494441096286726f,0.8152327657282596f,-0.4140236245831737f,-0.18583350654691055f,0f,0f,0f,1f],start_interpolation:0}
execute if entity @s[tag=aj.tultaria.bone.rod] run data modify entity @s {} merge value {transformation:[-0.35187947861394053f,0.36920695147750693f,-0.8601552531439118f,-0.09388227013982864f,0.2541137461614652f,0.9220936963577142f,0.29183800155078177f,0.45304054320829185f,0.900892355690827f,-0.11588546983143946f,-0.4182864106563572f,0.452582398088466f,0f,0f,0f,1f],start_interpolation:0}
execute if entity @s[tag=aj.tultaria.bone.right_hand] run data modify entity @s {} merge value {transformation:[-0.35187947861394053f,-0.3471528733203338f,-0.8692903514222491f,-0.33272589156273497f,0.2541137461614652f,0.8583793354883968f,-0.4456580756794211f,0.719225534556513f,0.900892355690827f,-0.37771655901209106f,-0.21382975589449116f,0.2842099689721205f,0f,0f,0f,1f],start_interpolation:0}
execute if entity @s[tag=aj.tultaria.bone.right_arm] run data modify entity @s {} merge value {transformation:[-0.35187947861394053f,0.29387203959737496f,-0.888718210049316f,-0.11540134463895706f,0.2541137461614652f,0.9437740344054105f,0.21146341526117818f,1f,0.900892355690827f,-0.15142587732951707f,-0.4067716400301503f,0.18583350654691055f,0f,0f,0f,1f],start_interpolation:0}
execute if entity @s[tag=aj.tultaria.bone.skirt] run data modify entity @s {} merge value {transformation:[-0.9737380845862743f,0f,-0.227671128222824f,0.0142294455139265f,0f,1f,0f,0.453125f,0.227671128222824f,0f,-0.9737380845862743f,0.060858630286642144f,0f,0f,0f,1f],start_interpolation:0}
execute if entity @s[tag=aj.tultaria.bone.left_foot] run data modify entity @s {} merge value {transformation:[-0.9737380845862743f,0.08712596879874274f,-0.21034069550881987f,0.1501761516011373f,0f,0.9238795325112867f,0.3826834323650897f,0f,0.227671128222824f,0.37263343243408353f,-0.8996166863760029f,0.09325836954543129f,0f,0f,0f,1f],start_interpolation:0}
execute if entity @s[tag=aj.tultaria.bone.left_leg] run data modify entity @s {} merge value {transformation:[-0.9737380845862743f,0f,-0.227671128222824f,0.12171726057328429f,0f,1f,0f,0.4375f,0.227671128222824f,0f,-0.9737380845862743f,-0.028458891027853f,0f,0f,0f,1f],start_interpolation:0}
execute if entity @s[tag=aj.tultaria.bone.right_foot] run data modify entity @s {} merge value {transformation:[-0.9737380845862743f,0.08712596879874278f,-0.21034069550881984f,-0.05730706228523186f,0f,0.9238795325112867f,0.38268343236508984f,0.08113813357194827f,0.227671128222824f,0.37263343243408364f,-0.8996166863760029f,0.30393810351476486f,0f,0f,0f,1f],start_interpolation:0}
execute if entity @s[tag=aj.tultaria.bone.right_leg] run data modify entity @s {} merge value {transformation:[-0.9737380845862743f,-0.08712596879874274f,-0.21034069550881987f,-0.12171726057328429f,0f,0.9238795325112867f,-0.3826834323650897f,0.4375f,0.227671128222824f,-0.37263343243408353f,-0.8996166863760029f,0.028458891027853f,0f,0f,0f,1f],start_interpolation:0}
execute if entity @s[tag=aj.tultaria.bone.lower] run data modify entity @s {} merge value {transformation:[-0.9737380845862743f,0f,-0.227671128222824f,0f,0f,1f,0f,0.5f,0.227671128222824f,0f,-0.9737380845862743f,0f,0f,0f,0f,1f],start_interpolation:0}