execute if entity @s[tag=aj.tultaria.bone.head] run data modify entity @s {} merge value {transformation:[-0.951039287783624f,-0.000671984240240474f,0.3090692827331729f,0f,0f,0.9999976363947185f,0.002174213645537574f,1.15625f,-0.30907001325268857f,0.002067762596941491f,-0.9510370399021406f,0f,0f,0f,0f,1f],start_interpolation:0}
execute if entity @s[tag=aj.tultaria.bone.bust] run data modify entity @s {} merge value {transformation:[-0.7851656342494462f,0f,0.6192858199520356f,0.0829399071487053f,0f,1f,0f,0f,-0.6192858199520356f,0f,-0.7851656342494462f,0.7022257271007408f,0f,0f,0f,1f],start_interpolation:0}
execute if entity @s[tag=aj.tultaria.bone.left_wing] run data modify entity @s {} merge value {transformation:[-0.9623888823085802f,0f,0.2716756139384648f,0.12648357963459483f,0f,1f,0f,1.0625f,-0.2716756139384648f,0f,-0.9623888823085802f,-0.05944034053417857f,0f,0f,0f,1f],start_interpolation:0}
execute if entity @s[tag=aj.tultaria.bone.right_wing] run data modify entity @s {} merge value {transformation:[-0.4884080359200324f,0f,0.8726153737178461f,0.028337875353414088f,0f,1f,0f,1.0625f,-0.8726153737178461f,0f,-0.4884080359200324f,-0.13685106802818303f,0f,0f,0f,1f],start_interpolation:0}
execute if entity @s[tag=aj.tultaria.bone.body] run data modify entity @s {} merge value {transformation:[-0.7851656342494462f,0f,0.6192858199520356f,0.0829399071487053f,0f,1f,0f,0f,-0.6192858199520356f,0f,-0.7851656342494462f,0.7022257271007408f,0f,0f,0f,1f],start_interpolation:0}
execute if entity @s[tag=aj.tultaria.bone.left_hand] run data modify entity @s {} merge value {transformation:[-0.5851982543401691f,0.27663435050122054f,0.762244343527708f,0.4182952447919793f,-0.20740552113342559f,0.8576782090291181f,-0.47050083906405155f,0.7263272039234727f,-0.7839170574241837f,-0.43342995498623804f,-0.4445362990803302f,0.1434241016900957f,0f,0f,0f,1f],start_interpolation:0}
execute if entity @s[tag=aj.tultaria.bone.left_arm] run data modify entity @s {} merge value {transformation:[-0.5851982543401691f,-0.35935924413825004f,0.7269139816853191f,0.17175498249206636f,-0.20740552113342559f,0.9329532844803543f,0.29424669714491475f,1f,-0.7839170574241837f,0.02142668032394754f,-0.6204957247634382f,0.13546877311450778f,0f,0f,0f,1f],start_interpolation:0}
execute if entity @s[tag=aj.tultaria.bone.rod] run data modify entity @s {} merge value {transformation:[-0.6574010649575884f,0.7721039845418417f,-0.046710112414303506f,-0.4732342232246677f,0.07245314975700481f,0.00043330871888636047f,-1.0125477327456522f,1.4490770041929513f,-0.7701148866483716f,-0.6590582728808453f,-0.05538783318022067f,-0.05143641695274581f,0f,0f,0f,1f],start_interpolation:0}
execute if entity @s[tag=aj.tultaria.bone.right_hand] run data modify entity @s {} merge value {transformation:[-0.6176497081165236f,0.3294816424347897f,-0.7141083148669023f,-0.4762061575034805f,-0.0205064512303932f,-0.9144494432268485f,-0.404180283091646f,1.1724090232177948f,-0.7861859344464951f,-0.2349980065459727f,0.5715659309282795f,-0.020027020497635092f,0f,0f,0f,1f],start_interpolation:0}
execute if entity @s[tag=aj.tultaria.bone.right_arm] run data modify entity @s {} merge value {transformation:[-0.6176497081165236f,0.5692250876464957f,-0.5426708373014095f,-0.17175498249206636f,-0.0205064512303932f,-0.7014449039288486f,-0.7124286155189056f,1f,-0.7861859344464951f,-0.4289030733698332f,0.4449200266704155f,-0.13546877311450778f,0f,0f,0f,1f],start_interpolation:0}
execute if entity @s[tag=aj.tultaria.bone.skirt] run data modify entity @s {} merge value {transformation:[-0.9736426325040194f,0f,0.22807898669242446f,-0.014254936668276529f,0f,1f,0f,0.453125f,-0.22807898669242446f,0f,-0.9736426325040194f,0.06085266453150121f,0f,0f,0f,1f],start_interpolation:0}
execute if entity @s[tag=aj.tultaria.bone.left_foot] run data modify entity @s {} merge value {transformation:[-0.9736426325040194f,-0.08728204947780861f,0.2107175076010451f,0.09319545572644937f,0f,0.9238795325112867f,0.3826834323650897f,0f,-0.22807898669242446f,0.3725969045036198f,-0.8995285001508719f,0.1502152023995555f,0f,0f,0f,1f],start_interpolation:0}
execute if entity @s[tag=aj.tultaria.bone.left_leg] run data modify entity @s {} merge value {transformation:[-0.9736426325040194f,0f,0.22807898669242446f,0.12170532906300242f,0f,1f,0f,0.4375f,-0.22807898669242446f,0f,-0.9736426325040194f,0.028509873336553058f,0f,0f,0f,1f],start_interpolation:0}
execute if entity @s[tag=aj.tultaria.bone.right_foot] run data modify entity @s {} merge value {transformation:[-0.9736426325040194f,-0.08728204947780864f,0.21071750760104507f,-0.18623091415967433f,0f,0.9238795325112867f,0.38268343236508984f,0.08113813357194827f,-0.22807898669242446f,0.37259690450361993f,-0.8995285001508719f,0.24694233490263964f,0f,0f,0f,1f],start_interpolation:0}
execute if entity @s[tag=aj.tultaria.bone.right_leg] run data modify entity @s {} merge value {transformation:[-0.9736426325040194f,0.08728204947780861f,0.2107175076010451f,-0.12170532906300242f,0f,0.9238795325112867f,-0.3826834323650897f,0.4375f,-0.22807898669242446f,-0.3725969045036198f,-0.8995285001508719f,-0.028509873336553058f,0f,0f,0f,1f],start_interpolation:0}
execute if entity @s[tag=aj.tultaria.bone.lower] run data modify entity @s {} merge value {transformation:[-0.9736426325040194f,0f,0.22807898669242446f,0f,0f,1f,0f,0.5f,-0.22807898669242446f,0f,-0.9736426325040194f,0f,0f,0f,0f,1f],start_interpolation:0}