execute if entity @s[tag=aj.tultaria.bone.head] run data modify entity @s {} merge value {transformation:[-0.9774854907877204f,0.04837595300338757f,-0.2053822837308592f,0f,0f,0.9733635604472004f,0.22926704777082374f,1.15625f,0.211002642873233f,0.22410521271171538f,-0.9514487575986146f,0f,0f,0f,0f,1f],start_interpolation:0}
execute if entity @s[tag=aj.tultaria.bone.bust] run data modify entity @s {} merge value {transformation:[-0.6718508314716993f,0f,-0.7406864790522275f,0.7062686552619635f,0f,1f,0f,0f,0.7406864790522275f,0f,-0.6718508314716993f,-0.03441782379026409f,0f,0f,0f,1f],start_interpolation:0}
execute if entity @s[tag=aj.tultaria.bone.left_wing] run data modify entity @s {} merge value {transformation:[-0.33726078798727327f,0f,-0.9414112602291322f,-0.05059513291454709f,0f,1f,0f,1.0625f,0.9414112602291322f,0f,-0.33726078798727327f,-0.13027425887472666f,0f,0f,0f,1f],start_interpolation:0}
execute if entity @s[tag=aj.tultaria.bone.right_wing] run data modify entity @s {} merge value {transformation:[-0.9041576762075123f,0f,-0.42719889577927356f,-0.13457648684850954f,0f,1f,0f,1.0625f,0.42719889577927356f,0f,-0.9041576762075123f,-0.03768844899319823f,0f,0f,0f,1f],start_interpolation:0}
execute if entity @s[tag=aj.tultaria.bone.body] run data modify entity @s {} merge value {transformation:[-0.6718508314716993f,0f,-0.7406864790522275f,0.7062686552619635f,0f,1f,0f,0f,0.7406864790522275f,0f,-0.6718508314716993f,-0.03441782379026409f,0f,0f,0f,1f],start_interpolation:0}
execute if entity @s[tag=aj.tultaria.bone.left_hand] run data modify entity @s {} merge value {transformation:[-0.5210170680065589f,-0.528738467456281f,-0.6700573467083484f,0.210253661575525f,-0.8531950913347129f,0.3451332496765892f,0.39107694395096726f,1.0609676012282934f,0.024481645537005076f,0.775447401826623f,-0.6309373788516098f,-0.5198239715404973f,0f,0f,0f,1f],start_interpolation:0}
execute if entity @s[tag=aj.tultaria.bone.left_arm] run data modify entity @s {} merge value {transformation:[-0.5210170680065589f,-0.2634311757591909f,-0.8118775957519574f,0.14696736938443422f,-0.8531950913347129f,0.1880181214734118f,0.48652576716959217f,1f,0.024481645537005076f,0.946178208180541f,-0.32271883644445176f,-0.16202516729267477f,0f,0f,0f,1f],start_interpolation:0}
execute if entity @s[tag=aj.tultaria.bone.rod] run data modify entity @s {} merge value {transformation:[-1.0045684620197814f,0.24908643293256774f,0.20288882842677705f,-0.248147423729268f,0.20583277360881402f,-0.012371506962915058f,1.0343333784521407f,0.4377631445660425f,0.24665927324948383f,1.0247773501598507f,-0.03682808949213273f,0.619990649131854f,0f,0f,0f,1f],start_interpolation:0}
execute if entity @s[tag=aj.tultaria.bone.right_hand] run data modify entity @s {} merge value {transformation:[-0.952479726952089f,0.038908339850751573f,-0.3021067871388064f,-0.27132014467758697f,0.19515996312539405f,0.8394491925788246f,-0.5071860032292437f,0.6891583413794463f,0.23386953315506614f,-0.542043535307652f,-0.8071516879081732f,0.3158303624029628f,0f,0f,0f,1f],start_interpolation:0}
execute if entity @s[tag=aj.tultaria.bone.right_arm] run data modify entity @s {} merge value {transformation:[-0.952479726952089f,0.019076130566517913f,-0.30400406409764136f,-0.14696736938443422f,0.19515996312539405f,0.8044984474054925f,-0.5609766812578281f,1f,0.23386953315506614f,-0.5936483381302107f,-0.7699913584560998f,0.16202516729267477f,0f,0f,0f,1f],start_interpolation:0}
execute if entity @s[tag=aj.tultaria.bone.skirt] run data modify entity @s {} merge value {transformation:[-0.9992650984769159f,0f,0.038330966149047796f,-0.0023956853843154872f,0f,1f,0f,0.453125f,-0.038330966149047796f,0f,-0.9992650984769159f,0.062454068654807245f,0f,0f,0f,1f],start_interpolation:0}
execute if entity @s[tag=aj.tultaria.bone.left_foot] run data modify entity @s {} merge value {transformation:[-0.9992650984769159f,-0.014668625691787677f,0.035413195086488235f,0.12011676654098352f,0f,0.9238795325112867f,0.3826834323650897f,0f,-0.038330966149047796f,0.38240219772778555f,-0.9232005720356979f,0.12969950807824546f,0f,0f,0f,1f],start_interpolation:0}
execute if entity @s[tag=aj.tultaria.bone.left_leg] run data modify entity @s {} merge value {transformation:[-0.9992650984769159f,0f,0.038330966149047796f,0.12490813730961449f,0f,1f,0f,0.4375f,-0.038330966149047796f,0f,-0.9992650984769159f,0.0047913707686309745f,0f,0f,0f,1f],start_interpolation:0}
execute if entity @s[tag=aj.tultaria.bone.right_foot] run data modify entity @s {} merge value {transformation:[-0.9992650984769159f,-0.01466862569178768f,0.035413195086488235f,-0.1357523104355826f,0f,0.9238795325112867f,0.38268343236508984f,0.08113813357194827f,-0.038330966149047796f,0.38240219772778566f,-0.9232005720356978f,0.27790966224173747f,0f,0f,0f,1f],start_interpolation:0}
execute if entity @s[tag=aj.tultaria.bone.right_leg] run data modify entity @s {} merge value {transformation:[-0.9992650984769159f,0.014668625691787677f,0.035413195086488235f,-0.12490813730961449f,0f,0.9238795325112867f,-0.3826834323650897f,0.4375f,-0.038330966149047796f,-0.38240219772778555f,-0.9232005720356979f,-0.0047913707686309745f,0f,0f,0f,1f],start_interpolation:0}
execute if entity @s[tag=aj.tultaria.bone.lower] run data modify entity @s {} merge value {transformation:[-0.9992650984769159f,0f,0.038330966149047796f,0f,0f,1f,0f,0.5f,-0.038330966149047796f,0f,-0.9992650984769159f,0f,0f,0f,0f,1f],start_interpolation:0}