execute if entity @s[tag=aj.tultaria.bone.head] run data modify entity @s {} merge value {transformation:[-0.9925106851939048f,0.009035190350192328f,0.12182325357361459f,0f,0.016068630958520392f,0.9982518980190986f,0.05687659624472912f,1.15625f,-0.12109640322918053f,0.05840816241419384f,-0.9909208584384289f,0f,0f,0f,0f,1f],start_interpolation:0}
execute if entity @s[tag=aj.tultaria.bone.bust] run data modify entity @s {} merge value {transformation:[-0.9487451780273469f,0f,0.3160420655068844f,0.31635155626023126f,0f,1f,0f,0f,-0.3160420655068844f,0f,-0.9487451780273469f,0.6323936217671157f,0f,0f,0f,1f],start_interpolation:0}
execute if entity @s[tag=aj.tultaria.bone.left_wing] run data modify entity @s {} merge value {transformation:[-0.9974703139481699f,0f,-0.07108426543293139f,0.09880183181506974f,0f,1f,0f,1.0625f,0.07108426543293139f,0f,-0.9974703139481699f,-0.09884051815923811f,0f,0f,0f,1f],start_interpolation:0}
execute if entity @s[tag=aj.tultaria.bone.right_wing] run data modify entity @s {} merge value {transformation:[-0.7555821891483158f,0f,0.655053856901735f,-0.019791315438348667f,0f,1f,0f,1.0625f,-0.655053856901735f,0f,-0.7555821891483158f,-0.1383457763475986f,0f,0f,0f,1f],start_interpolation:0}
execute if entity @s[tag=aj.tultaria.bone.body] run data modify entity @s {} merge value {transformation:[-0.9487451780273469f,0f,0.3160420655068844f,0.31635155626023126f,0f,1f,0f,0f,-0.3160420655068844f,0f,-0.9487451780273469f,0.6323936217671157f,0f,0f,0f,1f],start_interpolation:0}
execute if entity @s[tag=aj.tultaria.bone.left_hand] run data modify entity @s {} merge value {transformation:[-0.8203281221706662f,0.13019735745813069f,0.5568755876197737f,0.43764372058511736f,-0.19365524391211844f,0.8529750528348561f,-0.48469702469348075f,0.7226913622542215f,-0.5381072555553275f,-0.5054524778377237f,-0.6745060223351745f,-0.007634723043737746f,0f,0f,0f,1f],start_interpolation:0}
execute if entity @s[tag=aj.tultaria.bone.left_arm] run data modify entity @s {} merge value {transformation:[-0.8203281221706662f,-0.31560226718416146f,0.4769245023315176f,0.20753800769348213f,-0.19365524391211844f,0.9379676973268652f,0.28760084366475014f,1f,-0.5381072555553275f,0.14356812919152806f,-0.8305593138356575f,0.06913420182963097f,0f,0f,0f,1f],start_interpolation:0}
execute if entity @s[tag=aj.tultaria.bone.rod] run data modify entity @s {} merge value {transformation:[-0.7092845551852323f,0.6954597187449498f,0.11511385398327328f,-0.682097576505977f,0.05010785456234185f,0.21262813362383837f,-0.9758475699118188f,1.3764412858574353f,-0.7031391204355268f,-0.6863855012999897f,-0.1856618456180894f,0.30306872397965556f,0f,0f,0f,1f],start_interpolation:0}
execute if entity @s[tag=aj.tultaria.bone.right_hand] run data modify entity @s {} merge value {transformation:[-0.7092845551852323f,0.5731620699267337f,-0.41036649640655254f,-0.518457612334271f,0.05010785456234185f,-0.5396776389326052f,-0.840379229245516f,1.0690147676020187f,-0.7031391204355268f,-0.6166305925215114f,0.3540650924331896f,0.11609038833823747f,0f,0f,0f,1f],start_interpolation:0}
execute if entity @s[tag=aj.tultaria.bone.right_arm] run data modify entity @s {} merge value {transformation:[-0.7092845551852323f,0.619136340694441f,-0.33702464510356533f,-0.20753800769348213f,0.05010785456234185f,-0.4326101547678525f,-0.9001875676229336f,1f,-0.7031391204355268f,-0.6553767203854829f,0.27582010747935304f,-0.06913420182963097f,0f,0f,0f,1f],start_interpolation:0}
execute if entity @s[tag=aj.tultaria.bone.skirt] run data modify entity @s {} merge value {transformation:[-0.9849666414556997f,0f,0.17274465322978633f,-0.010796540826861645f,0f,1f,0f,0.453125f,-0.17274465322978633f,0f,-0.9849666414556997f,0.06156041509098123f,0f,0f,0f,1f],start_interpolation:0}
execute if entity @s[tag=aj.tultaria.bone.left_foot] run data modify entity @s {} merge value {transformation:[-0.9849666414556997f,-0.06610651682069181f,0.15959524946975934f,0.10152774852823918f,0f,0.9238795325112867f,0.3826834323650897f,0f,-0.17274465322978633f,0.37693041511738185f,-0.909990520247304f,0.14471391183568574f,0f,0f,0f,1f],start_interpolation:0}
execute if entity @s[tag=aj.tultaria.bone.left_leg] run data modify entity @s {} merge value {transformation:[-0.9849666414556997f,0f,0.17274465322978633f,0.12312083018196246f,0f,1f,0f,0.4375f,-0.17274465322978633f,0f,-0.9849666414556997f,0.02159308165372329f,0f,0f,0f,1f],start_interpolation:0}
execute if entity @s[tag=aj.tultaria.bone.right_foot] run data modify entity @s {} merge value {transformation:[-0.9849666414556997f,-0.06610651682069185f,0.1595952494697593f,-0.17199183747473504f,0f,0.9238795325112867f,0.38268343236508984f,0.08113813357194827f,-0.17274465322978633f,0.37693041511738196f,-0.909990520247304f,0.25706278999104426f,0f,0f,0f,1f],start_interpolation:0}
execute if entity @s[tag=aj.tultaria.bone.right_leg] run data modify entity @s {} merge value {transformation:[-0.9849666414556997f,0.06610651682069181f,0.15959524946975934f,-0.12312083018196246f,0f,0.9238795325112867f,-0.3826834323650897f,0.4375f,-0.17274465322978633f,-0.37693041511738185f,-0.909990520247304f,-0.02159308165372329f,0f,0f,0f,1f],start_interpolation:0}
execute if entity @s[tag=aj.tultaria.bone.lower] run data modify entity @s {} merge value {transformation:[-0.9849666414556997f,0f,0.17274465322978633f,0f,0f,1f,0f,0.5f,-0.17274465322978633f,0f,-0.9849666414556997f,0f,0f,0f,0f,1f],start_interpolation:0}