execute if entity @s[tag=aj.tultaria.bone.head] run data modify entity @s {} merge value {transformation:[-0.9972407865221936f,0.058537263149787404f,-0.045653066923582064f,0f,0.049120766989378284f,0.9814307017435375f,0.18542094791463748f,1.15625f,0.05565935632911806f,0.18266681827338f,-0.9815981201871303f,0f,0f,0f,0f,1f],start_interpolation:0}
execute if entity @s[tag=aj.tultaria.bone.bust] run data modify entity @s {} merge value {transformation:[-0.9335930945783721f,0f,-0.3583349463219831f,0.6459640204501776f,0f,1f,0f,0f,0.3583349463219831f,0f,-0.9335930945783721f,0.2876290741281945f,0f,0f,0f,1f],start_interpolation:0}
execute if entity @s[tag=aj.tultaria.bone.left_wing] run data modify entity @s {} merge value {transformation:[-0.7253987045799752f,0f,-0.688328932556008f,0.013557700120900407f,0f,1f,0f,1.0625f,0.688328932556008f,0f,-0.7253987045799752f,-0.13909507096742046f,0f,0f,0f,1f],start_interpolation:0}
execute if entity @s[tag=aj.tultaria.bone.right_wing] run data modify entity @s {} merge value {transformation:[-0.9996563989696887f,0f,0.026212287175186533f,-0.10314143670139608f,0f,1f,0f,1.0625f,-0.026212287175186533f,0f,-0.9996563989696887f,-0.09430320267717257f,0f,0f,0f,1f],start_interpolation:0}
execute if entity @s[tag=aj.tultaria.bone.body] run data modify entity @s {} merge value {transformation:[-0.9335930945783721f,0f,-0.3583349463219831f,0.6459640204501776f,0f,1f,0f,0f,0.3583349463219831f,0f,-0.9335930945783721f,0.2876290741281945f,0f,0f,0f,1f],start_interpolation:0}
execute if entity @s[tag=aj.tultaria.bone.left_hand] run data modify entity @s {} merge value {transformation:[-0.9637981242744039f,-0.2656225201309683f,0.023191646004839278f,0.34870998433850486f,-0.24999999999999994f,0.8700099527916981f,-0.4249502112523149f,0.7381777511514147f,0.09269938319719528f,-0.4153641280162026f,-0.9049195906334434f,-0.2935948545845872f,0f,0f,0f,1f],start_interpolation:0}
execute if entity @s[tag=aj.tultaria.bone.left_arm] run data modify entity @s {} merge value {transformation:[-0.9637981242744039f,-0.20422245537736763f,-0.17142451506356818f,0.2042234894390189f,-0.24999999999999994f,0.9156751133619656f,0.31470476127563013f,1f,0.09269938319719528f,0.3461679873835684f,-0.9335815705473566f,-0.0783857695079338f,0f,0f,0f,1f],start_interpolation:0}
execute if entity @s[tag=aj.tultaria.bone.rod] run data modify entity @s {} merge value {transformation:[-1.0889363937330427f,0.12420472039898184f,0.21656091057837845f,-0.43809866216403115f,0.15913113801010814f,1.0920466192461995f,0.1738372010382253f,0.872840401747242f,-0.19236091462543428f,0.2002879901037683f,-1.082122871813044f,0.7526589591502135f,0f,0f,0f,1f],start_interpolation:0}
execute if entity @s[tag=aj.tultaria.bone.right_hand] run data modify entity @s {} merge value {transformation:[-0.9747122964883179f,0.20228180974186025f,-0.09496319561823478f,-0.3741133829631129f,0.14243906059646044f,0.23496412189577048f,-0.9615107775985392f,0.8407631002583384f,-0.17218319630808104f,-0.9507228465064397f,-0.25783524980077f,0.3639084854852025f,0f,0f,0f,1f],start_interpolation:0}
execute if entity @s[tag=aj.tultaria.bone.right_arm] run data modify entity @s {} merge value {transformation:[-0.9747122964883179f,0.20279674234740336f,-0.09385851249487268f,-0.2042234894390189f,0.14243906059646044f,0.2402048288410501f,-0.9602149520903326f,1f,-0.17218319630808104f,-0.9493024394231391f,-0.2630167778192298f,0.0783857695079338f,0f,0f,0f,1f],start_interpolation:0}
execute if entity @s[tag=aj.tultaria.bone.skirt] run data modify entity @s {} merge value {transformation:[-0.9980929454375896f,0f,0.06172902289617596f,-0.0038580639310109976f,0f,1f,0f,0.453125f,-0.06172902289617596f,0f,-0.9980929454375896f,0.06238080908984935f,0f,0f,0f,1f],start_interpolation:0}
execute if entity @s[tag=aj.tultaria.bone.left_foot] run data modify entity @s {} merge value {transformation:[-0.9980929454375896f,-0.023622674358451827f,0.057030180815697565f,0.1170454903176767f,0f,0.9238795325112867f,0.3826834323650897f,0f,-0.06172902289617596f,0.381953634179439f,-0.9221176438336935f,0.1324777460417207f,0f,0f,0f,1f],start_interpolation:0}
execute if entity @s[tag=aj.tultaria.bone.left_leg] run data modify entity @s {} merge value {transformation:[-0.9980929454375896f,0f,0.06172902289617596f,0.1247616181796987f,0f,1f,0f,0.4375f,-0.06172902289617596f,0f,-0.9980929454375896f,0.007716127862021995f,0f,0f,0f,1f],start_interpolation:0}
execute if entity @s[tag=aj.tultaria.bone.right_foot] run data modify entity @s {} merge value {transformation:[-0.9980929454375896f,-0.023622674358451837f,0.05703018081569756f,-0.14222531081348358f,0f,0.9238795325112867f,0.38268343236508984f,0.08113813357194827f,-0.06172902289617596f,0.38195363417943917f,-0.9221176438336935f,0.2746532925706943f,0f,0f,0f,1f],start_interpolation:0}
execute if entity @s[tag=aj.tultaria.bone.right_leg] run data modify entity @s {} merge value {transformation:[-0.9980929454375896f,0.023622674358451827f,0.057030180815697565f,-0.1247616181796987f,0f,0.9238795325112867f,-0.3826834323650897f,0.4375f,-0.06172902289617596f,-0.381953634179439f,-0.9221176438336935f,-0.007716127862021995f,0f,0f,0f,1f],start_interpolation:0}
execute if entity @s[tag=aj.tultaria.bone.lower] run data modify entity @s {} merge value {transformation:[-0.9980929454375896f,0f,0.06172902289617596f,0f,0f,1f,0f,0.5f,-0.06172902289617596f,0f,-0.9980929454375896f,0f,0f,0f,0f,1f],start_interpolation:0}