execute if entity @s[tag=aj.tultaria.bone.head] run data modify entity @s {} merge value {transformation:[-0.9980659466409822f,-0.009914470184342973f,0.061368309709523505f,0f,-0.0010144128035184004f,0.9896658363080316f,0.14338934204252543f,1.15625f,-0.062155748907919084f,0.1430497666048011f,-0.9877618271385099f,0f,0f,0f,0f,1f],start_interpolation:0}
execute if entity @s[tag=aj.tultaria.bone.bust] run data modify entity @s {} merge value {transformation:[-0.9719938231366695f,0f,-0.23500639945363397f,0.6035001112951517f,0f,1f,0f,0f,0.23500639945363397f,0f,-0.9719938231366695f,0.36849371184151775f,0f,0f,0f,1f],start_interpolation:0}
execute if entity @s[tag=aj.tultaria.bone.left_wing] run data modify entity @s {} merge value {transformation:[-0.8080721433526865f,0f,-0.5890835349399908f,0.03137381401433759f,0f,1f,0f,1.0625f,0.5890835349399908f,0f,-0.8080721433526865f,-0.1361871278579359f,0f,0f,0f,1f],start_interpolation:0}
execute if entity @s[tag=aj.tultaria.bone.right_wing] run data modify entity @s {} merge value {transformation:[-0.9879382544940425f,0f,0.1548483300112226f,-0.0901254138777462f,0f,1f,0f,1.0625f,-0.1548483300112226f,0f,-0.9879382544940425f,-0.10681132792623166f,0f,0f,0f,1f],start_interpolation:0}
execute if entity @s[tag=aj.tultaria.bone.body] run data modify entity @s {} merge value {transformation:[-0.9719938231366695f,0f,-0.23500639945363397f,0.6035001112951517f,0f,1f,0f,0f,0.23500639945363397f,0f,-0.9719938231366695f,0.36849371184151775f,0f,0f,0f,1f],start_interpolation:0}
execute if entity @s[tag=aj.tultaria.bone.left_hand] run data modify entity @s {} merge value {transformation:[-0.9686062617461806f,-0.2065969277893775f,0.13827371092901292f,0.38265838348972675f,-0.2465815670196034f,0.8691491689705937f,-0.4286924922177706f,0.7371934068864994f,-0.031613929085868714f,-0.44932998064420004f,-0.8928063216521468f,-0.24573487679132924f,0f,0f,0f,1f],start_interpolation:0}
execute if entity @s[tag=aj.tultaria.bone.left_arm] run data modify entity @s {} merge value {transformation:[-0.9686062617461806f,-0.24377461253499558f,-0.04874267113630795f,0.21262364881114645f,-0.2465815670196034f,0.9171608294919664f,0.31307114790693347f,1f,-0.031613929085868714f,0.3152617184642324f,-0.9484780484327155f,-0.05140764988048243f,0f,0f,0f,1f],start_interpolation:0}
execute if entity @s[tag=aj.tultaria.bone.rod] run data modify entity @s {} merge value {transformation:[0.013259417249597774f,-0.20264337597514473f,0.004428956152099775f,0.3346962730686948f,-0.006815391491069564f,-0.004881646441350335f,-0.20295192926366848f,0.5472516016026479f,0.20257715546927924f,0.013099516266557504f,-0.007117891580915653f,1.1188861990524221f,0f,0f,0f,1f],start_interpolation:0}
execute if entity @s[tag=aj.tultaria.bone.right_hand] run data modify entity @s {} merge value {transformation:[-0.9433402162239818f,-0.2967957265032868f,-0.14839654033661814f,-0.27724753357008347f,0.13436915992431628f,0.06723830224077076f,-0.9886475305046849f,0.7209033347809041f,0.3034042935024567f,-0.9525708936563015f,-0.023548402134968338f,0.2830776576118318f,0f,0f,0f,1f],start_interpolation:0}
execute if entity @s[tag=aj.tultaria.bone.right_arm] run data modify entity @s {} merge value {transformation:[-0.9433402162239818f,-0.15000176201287688f,-0.2959876819185616f,-0.21262364881114645f,0.13436915992431628f,0.6429100554634601f,-0.7540633855619856f,1f,0.3034042935024567f,-0.7511099333499742f,-0.5863272999846352f,0.05140764988048243f,0f,0f,0f,1f],start_interpolation:0}
execute if entity @s[tag=aj.tultaria.bone.skirt] run data modify entity @s {} merge value {transformation:[-0.9575613002738889f,0f,-0.2882296935046409f,0.018014355844040056f,0f,1f,0f,0.453125f,0.2882296935046409f,0f,-0.9575613002738889f,0.059847581267118054f,0f,0f,0f,1f],start_interpolation:0}
execute if entity @s[tag=aj.tultaria.bone.left_foot] run data modify entity @s {} merge value {transformation:[-0.9575613002738889f,0.11030072841989379f,-0.26628951449093907f,0.1557238742223162f,0f,0.9238795325112867f,0.3826834323650897f,0f,0.2882296935046409f,0.3664428450887901f,-0.8846712864479404f,0.083666450846156f,0f,0f,0f,1f],start_interpolation:0}
execute if entity @s[tag=aj.tultaria.bone.left_leg] run data modify entity @s {} merge value {transformation:[-0.9575613002738889f,0f,-0.2882296935046409f,0.11969516253423611f,0f,1f,0f,0.4375f,0.2882296935046409f,0f,-0.9575613002738889f,-0.03602871168808011f,0f,0f,0f,1f],start_interpolation:0}
execute if entity @s[tag=aj.tultaria.bone.right_foot] run data modify entity @s {} merge value {transformation:[-0.9575613002738889f,0.1103007284198938f,-0.26628951449093907f,-0.0381524045391652f,0f,0.9238795325112867f,0.38268343236508984f,0.08113813357194827f,0.2882296935046409f,0.3664428450887903f,-0.8846712864479402f,0.30693136722041836f,0f,0f,0f,1f],start_interpolation:0}
execute if entity @s[tag=aj.tultaria.bone.right_leg] run data modify entity @s {} merge value {transformation:[-0.9575613002738889f,-0.11030072841989379f,-0.26628951449093907f,-0.11969516253423611f,0f,0.9238795325112867f,-0.3826834323650897f,0.4375f,0.2882296935046409f,-0.3664428450887901f,-0.8846712864479404f,0.03602871168808011f,0f,0f,0f,1f],start_interpolation:0}
execute if entity @s[tag=aj.tultaria.bone.lower] run data modify entity @s {} merge value {transformation:[-0.9575613002738889f,0f,-0.2882296935046409f,0f,0f,1f,0f,0.5f,0.2882296935046409f,0f,-0.9575613002738889f,0f,0f,0f,0f,1f],start_interpolation:0}