execute if entity @s[tag=aj.tultaria.bone.head] run data modify entity @s {} merge value {transformation:[-0.5595945848951238f,0.10834278236218406f,-0.8216542716167637f,0f,-0.0031278163560103708f,0.9911351539196989f,0.13282064383753758f,1.15625f,0.8287605910761546f,0.07689569672351863f,-0.5542949887059305f,0f,0f,0f,0f,1f],start_interpolation:0}
execute if entity @s[tag=aj.tultaria.bone.bust] run data modify entity @s {} merge value {transformation:[-0.3933001361241677f,0f,-0.9194101385805528f,0.6563551373523602f,0f,1f,0f,0f,0.9194101385805528f,0f,-0.3933001361241677f,-0.26305500122819253f,0f,0f,0f,1f],start_interpolation:0}
execute if entity @s[tag=aj.tultaria.bone.left_wing] run data modify entity @s {} merge value {transformation:[-0.011518918315752746f,0f,-0.999933655059592f,-0.09034500881480867f,0f,1f,0f,1.0625f,0.999933655059592f,0f,-0.011518918315752746f,-0.10662565067680549f,0f,0f,0f,1f],start_interpolation:0}
execute if entity @s[tag=aj.tultaria.bone.right_wing] run data modify entity @s {} merge value {transformation:[-0.7152049734822903f,0f,-0.698914762976285f,-0.13950752583032966f,0f,1f,0f,1.0625f,0.698914762976285f,0f,-0.7152049734822903f,0.008300616645763592f,0f,0f,0f,1f],start_interpolation:0}
execute if entity @s[tag=aj.tultaria.bone.body] run data modify entity @s {} merge value {transformation:[-0.3933001361241677f,0f,-0.9194101385805528f,0.6563551373523602f,0f,1f,0f,0f,0.9194101385805528f,0f,-0.3933001361241677f,-0.26305500122819253f,0f,0f,0f,1f],start_interpolation:0}
execute if entity @s[tag=aj.tultaria.bone.left_hand] run data modify entity @s {} merge value {transformation:[-0.5892738574114885f,-0.4308703465192711f,-0.68345231396327f,0.04487093361944533f,-0.5157406972526719f,0.8517579911047424f,-0.09230307571550078f,0.8348088520657846f,0.6219066281755747f,0.298092383464551f,-0.724136089938701f,-0.5278619061531498f,0f,0f,0f,1f],start_interpolation:0}
execute if entity @s[tag=aj.tultaria.bone.left_arm] run data modify entity @s {} merge value {transformation:[-0.5892738574114885f,0.06073738847077095f,-0.805647125367636f,0.08603440477716168f,-0.5157406972526719f,0.7392933925662732f,0.4329628308586985f,1f,0.6219066281755747f,0.6706386876326185f,-0.40432152611713185f,-0.20112096781449593f,0f,0f,0f,1f],start_interpolation:0}
execute if entity @s[tag=aj.tultaria.bone.rod] run data modify entity @s {} merge value {transformation:[-0.06738220439618407f,0.36789054953204253f,0.03862877289952413f,-0.029562886967424484f,0.09488886320812422f,-0.0207604631641799f,0.3632369843618336f,0.45761442560362137f,0.3575356516066351f,0.07484348157468933f,-0.08912188898356216f,0.454302784855134f,0f,0f,0f,1f],start_interpolation:0}
execute if entity @s[tag=aj.tultaria.bone.right_hand] run data modify entity @s {} merge value {transformation:[-0.17920799041538296f,-0.4051789570778128f,-0.8965012598499882f,-0.2935676533528528f,0.2523639978939471f,0.8618301239703886f,-0.4399559636874677f,0.7258062266315837f,0.9508926904431773f,-0.3050882661763976f,-0.05219426312551681f,0.3333704021482953f,0f,0f,0f,1f],start_interpolation:0}
execute if entity @s[tag=aj.tultaria.bone.right_arm] run data modify entity @s {} merge value {transformation:[-0.17920799041538296f,0.2992605395028889f,-0.9371913495480632f,-0.08603440477716168f,0.2523639978939471f,0.9347217134972983f,0.25021536899970487f,1f,0.9508926904431773f,-0.19167276231409225f,-0.24303218603432264f,0.20112096781449593f,0f,0f,0f,1f],start_interpolation:0}
execute if entity @s[tag=aj.tultaria.bone.skirt] run data modify entity @s {} merge value {transformation:[-0.9282263369769634f,0f,-0.372015950386981f,0.02325099689918631f,0f,1f,0f,0.453125f,0.372015950386981f,0f,-0.9282263369769634f,0.058014146061060215f,0f,0f,0f,1f],start_interpolation:0}
execute if entity @s[tag=aj.tultaria.bone.left_foot] run data modify entity @s {} merge value {transformation:[-0.9282263369769634f,0.14236434078865082f,-0.343697922330266f,0.16253028592049307f,0f,0.9238795325112867f,0.3826834323650897f,0f,0.372015950386981f,0.35521684064601877f,-0.8575693142709411f,0.0695262983237478f,0f,0f,0f,1f],start_interpolation:0}
execute if entity @s[tag=aj.tultaria.bone.left_leg] run data modify entity @s {} merge value {transformation:[-0.9282263369769634f,0f,-0.372015950386981f,0.11602829212212043f,0f,1f,0f,0.4375f,0.372015950386981f,0f,-0.9282263369769634f,-0.04650199379837262f,0f,0f,0f,1f],start_interpolation:0}
execute if entity @s[tag=aj.tultaria.bone.right_foot] run data modify entity @s {} merge value {transformation:[-0.9282263369769634f,0.14236434078865084f,-0.343697922330266f,-0.01078165273580245f,0f,0.9238795325112867f,0.38268343236508984f,0.08113813357194827f,0.372015950386981f,0.35521684064601894f,-0.8575693142709411f,0.30910552586487344f,0f,0f,0f,1f],start_interpolation:0}
execute if entity @s[tag=aj.tultaria.bone.right_leg] run data modify entity @s {} merge value {transformation:[-0.9282263369769634f,-0.14236434078865082f,-0.343697922330266f,-0.11602829212212043f,0f,0.9238795325112867f,-0.3826834323650897f,0.4375f,0.372015950386981f,-0.35521684064601877f,-0.8575693142709411f,0.04650199379837262f,0f,0f,0f,1f],start_interpolation:0}
execute if entity @s[tag=aj.tultaria.bone.lower] run data modify entity @s {} merge value {transformation:[-0.9282263369769634f,0f,-0.372015950386981f,0f,0f,1f,0f,0.5f,0.372015950386981f,0f,-0.9282263369769634f,0f,0f,0f,0f,1f],start_interpolation:0}