execute if entity @s[tag=aj.tultaria.bone.head] run data modify entity @s {} merge value {transformation:[-0.5698909793327508f,0.12920436212036593f,-0.8114989245120586f,0f,-0.001001231268683199f,0.9874510730814077f,0.15792205611099147f,1.15625f,0.8217197023383978f,0.09081085331305881f,-0.5626100956341339f,0f,0f,0f,0f,1f],start_interpolation:0}
execute if entity @s[tag=aj.tultaria.bone.bust] run data modify entity @s {} merge value {transformation:[-0.26420972793800224f,0f,-0.9644652506248874f,0.6143374892814448f,0f,1f,0f,0f,0.9644652506248874f,0f,-0.26420972793800224f,-0.3501277613434426f,0f,0f,0f,1f],start_interpolation:0}
execute if entity @s[tag=aj.tultaria.bone.left_wing] run data modify entity @s {} merge value {transformation:[0.12498691257369265f,0f,-0.9921583904222633f,-0.1040450483319858f,0f,1f,0f,1.0625f,0.9921583904222633f,0f,0.12498691257369265f,-0.09330529415630573f,0f,0f,0f,1f],start_interpolation:0}
execute if entity @s[tag=aj.tultaria.bone.right_wing] run data modify entity @s {} merge value {transformation:[-0.6131828324382842f,0f,-0.7899410193191407f,-0.1370712643242361f,0f,1f,0f,1.0625f,0.7899410193191407f,0f,-0.6131828324382842f,0.027252862171805114f,0f,0f,0f,1f],start_interpolation:0}
execute if entity @s[tag=aj.tultaria.bone.body] run data modify entity @s {} merge value {transformation:[-0.26420972793800224f,0f,-0.9644652506248874f,0.6143374892814448f,0f,1f,0f,0f,0.9644652506248874f,0f,-0.26420972793800224f,-0.3501277613434426f,0f,0f,0f,1f],start_interpolation:0}
execute if entity @s[tag=aj.tultaria.bone.left_hand] run data modify entity @s {} merge value {transformation:[-0.49994773628505584f,-0.4504990932179937f,-0.7396639966858017f,-0.028138424201670863f,-0.3626042434464572f,0.8844824698512151f,-0.2936135609274829f,0.7740198305444668f,0.7864924816030161f,0.12141386879454855f,-0.6055478914555557f,-0.48898836725383066f,0f,0f,0f,1f],start_interpolation:0}
execute if entity @s[tag=aj.tultaria.bone.left_arm] run data modify entity @s {} merge value {transformation:[-0.49994773628505584f,0.1539024648669683f,-0.8522712551126665f,0.05779587798643799f,-0.3626042434464572f,0.8564803294957972f,0.36736849051244586f,1f,0.7864924816030161f,0.4927022188854463f,-0.37238971506647056f,-0.21097677357419412f,0f,0f,0f,1f],start_interpolation:0}
execute if entity @s[tag=aj.tultaria.bone.rod] run data modify entity @s {} merge value {transformation:[-0.0029623249478549383f,0.1516393228738519f,0.010036951193603462f,0.026342182900872535f,0.0381395233234703f,-0.008975755953563057f,0.1468632444341344f,0.46170393897983575f,0.14710744845711093f,0.005380665704310065f,-0.0378740946428648f,0.4490993147401102f,0f,0f,0f,1f],start_interpolation:0}
execute if entity @s[tag=aj.tultaria.bone.right_hand] run data modify entity @s {} merge value {transformation:[-0.019488979920098376f,-0.44292856336549014f,-0.8963450604631327f,-0.2517991609190779f,0.25091791660177953f,0.8656564636788018f,-0.4332194432609572f,0.7321726824517668f,0.9678121609020505f,-0.23335204015841435f,0.09426795088474857f,0.37337579354129846f,0f,0f,0f,1f],start_interpolation:0}
execute if entity @s[tag=aj.tultaria.bone.right_arm] run data modify entity @s {} merge value {transformation:[-0.019488979920098376f,0.2988484986182455f,-0.954101543094494f,-0.05779587798643799f,0.25091791660177953f,0.9252038966744597f,0.2846716506900857f,1f,0.9678121609020505f,-0.2338532113356931f,-0.09301772281714524f,0.21097677357419412f,0f,0f,0f,1f],start_interpolation:0}
execute if entity @s[tag=aj.tultaria.bone.skirt] run data modify entity @s {} merge value {transformation:[-0.8688044092160553f,0f,-0.4951554286552267f,0.03094721429095167f,0f,1f,0f,0.453125f,0.4951554286552267f,0f,-0.8688044092160553f,0.054300275576003455f,0f,0f,0f,1f],start_interpolation:0}
execute if entity @s[tag=aj.tultaria.bone.left_foot] run data modify entity @s {} merge value {transformation:[-0.8688044092160553f,0.18948777899198946f,-0.45746396594641664f,0.17049497973391026f,0f,0.9238795325112867f,0.3826834323650897f,0f,0.4951554286552267f,0.33247705337272404f,-0.8026706114302739f,0.04670612257010357f,0f,0f,0f,1f],start_interpolation:0}
execute if entity @s[tag=aj.tultaria.bone.left_leg] run data modify entity @s {} merge value {transformation:[-0.8688044092160553f,0f,-0.4951554286552267f,0.10860055115200691f,0f,1f,0f,0.4375f,0.4951554286552267f,0f,-0.8688044092160553f,-0.06189442858190334f,0f,0f,0f,1f],start_interpolation:0}
execute if entity @s[tag=aj.tultaria.bone.right_foot] run data modify entity @s {} merge value {transformation:[-0.8688044092160553f,0.18948777899198951f,-0.4574639659464166f,0.031483347900290545f,0f,0.9238795325112867f,0.38268343236508984f,0.08113813357194827f,0.4951554286552267f,0.3324770533727242f,-0.8026706114302739f,0.3076869658612544f,0f,0f,0f,1f],start_interpolation:0}
execute if entity @s[tag=aj.tultaria.bone.right_leg] run data modify entity @s {} merge value {transformation:[-0.8688044092160553f,-0.18948777899198946f,-0.45746396594641664f,-0.10860055115200691f,0f,0.9238795325112867f,-0.3826834323650897f,0.4375f,0.4951554286552267f,-0.33247705337272404f,-0.8026706114302739f,0.06189442858190334f,0f,0f,0f,1f],start_interpolation:0}
execute if entity @s[tag=aj.tultaria.bone.lower] run data modify entity @s {} merge value {transformation:[-0.8688044092160553f,0f,-0.4951554286552267f,0f,0f,1f,0f,0.5f,0.4951554286552267f,0f,-0.8688044092160553f,0f,0f,0f,0f,1f],start_interpolation:0}