execute if entity @s[tag=aj.tultaria.bone.head] run data modify entity @s {} merge value {transformation:[-0.9968964541177955f,-0.006825602051284532f,0.07842748831885102f,0f,0.0010892404556216689f,0.9949429231946015f,0.10043601515497819f,1.5817866666666667f,-0.0787164107578327f,0.1002097337668286f,-0.9918476374604042f,0f,0f,0f,0f,1f],start_interpolation:0}
execute if entity @s[tag=aj.tultaria.bone.bust] run data modify entity @s {} merge value {transformation:[-0.9836972572506557f,0f,-0.17983243889114403f,0.5817648480708999f,0f,1f,0f,0.4255366666666667f,0.17983243889114403f,0f,-0.9836972572506557f,0.4019324091797558f,0f,0f,0f,1f],start_interpolation:0}
execute if entity @s[tag=aj.tultaria.bone.left_wing] run data modify entity @s {} merge value {transformation:[-0.8220395782036709f,-0.021333467398846173f,-0.5690305923546406f,0.03900202371677297f,-0.04896341256621162f,0.9982450076278301f,0.033308992419231694f,1.4880366666666667f,0.5673213517016629f,0.05524298973495054f,-0.8216414643800191f,-0.13420168458702852f,0f,0f,0f,1f],start_interpolation:0}
execute if entity @s[tag=aj.tultaria.bone.right_wing] run data modify entity @s {} merge value {transformation:[-0.9695896037911189f,0.0394986758246559f,0.24152816570387745f,-0.08396013343955899f,0.04896341256621162f,0.9982450076278301f,0.033308992419231694f,1.4880366666666667f,-0.23978862452178984f,0.04412209598616351f,-0.9698219713925519f,-0.11172262972563551f,0f,0f,0f,1f],start_interpolation:0}
execute if entity @s[tag=aj.tultaria.bone.body] run data modify entity @s {} merge value {transformation:[-0.9836972572506557f,0f,-0.17983243889114403f,0.5817648480708999f,0f,1f,0f,0.4255366666666667f,0.17983243889114403f,0f,-0.9836972572506557f,0.4019324091797558f,0f,0f,0f,1f],start_interpolation:0}
execute if entity @s[tag=aj.tultaria.bone.left_hand] run data modify entity @s {} merge value {transformation:[-0.8280000457254078f,-0.43141984490973045f,0.35817990130210625f,0.48409292969053386f,-0.540229110388573f,0.7849059208986676f,-0.3034389619461969f,1.2316064845983f,-0.15022793537652573f,-0.44474668380582494f,-0.8829676974137999f,-0.20002791791313096f,0f,0f,0f,1f],start_interpolation:0}
execute if entity @s[tag=aj.tultaria.bone.left_arm] run data modify entity @s {} merge value {transformation:[-0.8280000457254078f,-0.5605297267796139f,-0.014911394136494532f,0.21518377502358094f,-0.540229110388573f,0.7903234936185033f,0.2890350908166943f,1.4255366666666667f,-0.15022793537652573f,0.2473766376014821f,-0.9572023644984853f,-0.039338346007437755f,0f,0f,0f,1f],start_interpolation:0}
execute if entity @s[tag=aj.tultaria.bone.rod] run data modify entity @s {} merge value {transformation:[-0.09761084145832771f,-0.018719625301387433f,0.3626261149701892f,0.334113941941785f,0.08158467015318799f,-0.3670297787774062f,0.0030138159538743714f,2.2168896363283297f,0.3538249075825397f,0.07946519438838592f,0.09934393617641331f,0.8951449444533551f,0f,0f,0f,1f],start_interpolation:0}
execute if entity @s[tag=aj.tultaria.bone.sword] run data modify entity @s {} merge value {transformation:[-0.000009434543202870723f,-0.000003199912312892098f,8.659998515977702e-7f,-0.13652698119416504f,0f,-0.000002612347423538275f,-0.000009652753023813101f,1.3464752309866175f,0.000003315025573531193f,-0.00000910693154298057f,0.0000024646304628279877f,0.6402661142541627f,0f,0f,0f,1f],start_interpolation:0}
execute if entity @s[tag=aj.tultaria.bone.right_hand] run data modify entity @s {} merge value {transformation:[-0.9434543202870723f,-0.31999123128920975f,0.08659998515977702f,-0.2202751215780401f,0f,-0.2612347423538275f,-0.9652753023813101f,1.1731000696053924f,0.3315025573531193f,-0.910693154298057f,0.24646304628279875f,0.30765165196595007f,0f,0f,0f,1f],start_interpolation:0}
execute if entity @s[tag=aj.tultaria.bone.right_arm] run data modify entity @s {} merge value {transformation:[-0.9434543202870723f,-0.28750340632196586f,-0.16503253280770047f,-0.21518377502358094f,0f,0.49783185422580756f,-0.8672735698256314f,1.4255366666666667f,0.3315025573531193f,-0.8182329963227838f,-0.4696816136458621f,0.039338346007437755f,0f,0f,0f,1f],start_interpolation:0}
execute if entity @s[tag=aj.tultaria.bone.skirt] run data modify entity @s {} merge value {transformation:[-0.9508405499861233f,0.0015133802608357193f,-0.3096771838257906f,0.01870344164903107f,0f,0.9999880590209089f,0.004886902454024546f,0.8759800695696836f,0.3096808817187241f,0.004646665017113243f,-0.9508291960189971f,0.057426828047947916f,0f,0f,0f,1f],start_interpolation:0}
execute if entity @s[tag=aj.tultaria.bone.left_foot] run data modify entity @s {} merge value {transformation:[-0.9508405499861233f,0.10875623112965296f,-0.28995573919576056f,0.15605835721616562f,0f,0.9363049394154094f,0.3511880698803799f,0.4249905141893999f,0.3096808817187241f,0.3339238575136256f,-0.8902767035484718f,0.07551843070051496f,0f,0f,0f,1f],start_interpolation:0}
execute if entity @s[tag=aj.tultaria.bone.left_leg] run data modify entity @s {} merge value {transformation:[-0.9508405499861233f,0.0015133802608357193f,-0.3096771838257906f,0.11801081310205742f,0f,0.9999880590209089f,0.004886902454024546f,0.8630961528178006f,0.3096808817187241f,0.004646665017113243f,-0.9508291960189971f,-0.04130230285687263f,0f,0f,0f,1f],start_interpolation:0}
execute if entity @s[tag=aj.tultaria.bone.right_foot] run data modify entity @s {} merge value {transformation:[-0.9508405499861233f,0.10875623112965296f,-0.2899557391957605f,-0.03262819059221363f,0f,0.9363049394154095f,0.35118806988038015f,0.5053559932904397f,0.3096808817187241f,0.33392385751362563f,-0.8902767035484717f,0.3034601063865594f,0f,0f,0f,1f],start_interpolation:0}
execute if entity @s[tag=aj.tultaria.bone.right_leg] run data modify entity @s {} merge value {transformation:[-0.9508405499861233f,-0.11711014658371569f,-0.2866835573750734f,-0.11969932439447341f,0f,0.9257386370898459f,-0.3781639535955729f,0.8630961528178006f,0.3096808817187241f,-0.35957362162174134f,-0.8802298348339133f,0.0361179175728084f,0f,0f,0f,1f],start_interpolation:0}
execute if entity @s[tag=aj.tultaria.bone.lower] run data modify entity @s {} merge value {transformation:[-0.9508405499861233f,0.013508090339327827f,-0.30938613413899296f,0f,0f,0.9990482215818578f,0.043619387365336f,0.9255366666666667f,0.3096808817187241f,0.04147508227251384f,-0.949935560471552f,0f,0f,0f,0f,1f],start_interpolation:0}