execute if entity @s[tag=aj.tultaria.bone.head] run data modify entity @s {} merge value {transformation:[-0.9949232660515558f,0.0683683210105762f,-0.07384759543478608f,0f,0.05223069303666775f,0.9780365953574703f,0.2017829845315933f,1.15625f,0.08602121467530216f,0.19690147491515303f,-0.9766422885591339f,0f,0f,0f,0f,1f],start_interpolation:0}
execute if entity @s[tag=aj.tultaria.bone.bust] run data modify entity @s {} merge value {transformation:[-0.8895912302137379f,0f,-0.4567575320964157f,0.6731743811550768f,0f,1f,0f,0f,0.4567575320964157f,0f,-0.8895912302137379f,0.2164168490586611f,0f,0f,0f,1f],start_interpolation:0}
execute if entity @s[tag=aj.tultaria.bone.left_wing] run data modify entity @s {} merge value {transformation:[-0.6470815897547446f,0f,-0.7624207606043215f,-0.0014952396236933563f,0f,1f,0f,1.0625f,0.7624207606043215f,0f,-0.6470815897547446f,-0.13974624953274323f,0f,0f,0f,1f],start_interpolation:0}
execute if entity @s[tag=aj.tultaria.bone.right_wing] run data modify entity @s {} merge value {transformation:[-0.9966686700372727f,0f,-0.08155710984416964f,-0.1126941434004105f,0f,1f,0f,1.0625f,0.08155710984416964f,0f,-0.9966686700372727f,-0.0826515580206913f,0f,0f,0f,1f],start_interpolation:0}
execute if entity @s[tag=aj.tultaria.bone.body] run data modify entity @s {} merge value {transformation:[-0.8895912302137379f,0f,-0.4567575320964157f,0.6731743811550768f,0f,1f,0f,0f,0.4567575320964157f,0f,-0.8895912302137379f,0.2164168490586611f,0f,0f,0f,1f],start_interpolation:0}
execute if entity @s[tag=aj.tultaria.bone.left_hand] run data modify entity @s {} merge value {transformation:[-0.9176283472122234f,-0.3938600621703855f,-0.05322093403636541f,0.3415217989387759f,-0.36260424344645786f,0.884482469851215f,-0.29361356092748236f,0.7740198305444672f,0.16271563854523963f,-0.2501299901112109f,-0.954441516814823f,-0.3510900953825711f,0f,0f,0f,1f],start_interpolation:0}
execute if entity @s[tag=aj.tultaria.bone.left_arm] run data modify entity @s {} merge value {transformation:[-0.9176283472122234f,-0.2592981843869752f,-0.3012020384495784f,0.19459808160925515f,-0.36260424344645786f,0.8564803294957968f,0.36736849051244613f,1f,0.16271563854523963f,0.4463248780433256f,-0.8799532511516878f,-0.09991571014609094f,0f,0f,0f,1f],start_interpolation:0}
execute if entity @s[tag=aj.tultaria.bone.rod] run data modify entity @s {} merge value {transformation:[-0.9852113021722666f,0.1713396319931482f,0.0011918810675809743f,-0.3707622841849424f,0.15590477740277037f,0.8993024098202015f,-0.4085937788006211f,0.7953196414069722f,-0.07108016921068283f,-0.402365388919115f,-0.9127155654117822f,0.7737790141091841f,0f,0f,0f,1f],start_interpolation:0}
execute if entity @s[tag=aj.tultaria.bone.right_hand] run data modify entity @s {} merge value {transformation:[-0.9852113021722666f,0.12199820285361697f,-0.12031262848310825f,-0.34005203667522454f,0.15590477740277037f,0.34698340058071264f,-0.9248222640618236f,0.8098356336170114f,-0.07108016921068283f,-0.9299026606166539f,-0.3608720705777163f,0.3799565075557244f,0f,0f,0f,1f],start_interpolation:0}
execute if entity @s[tag=aj.tultaria.bone.right_arm] run data modify entity @s {} merge value {transformation:[-0.9852113021722666f,0.12149316968123536f,-0.12082259636687694f,-0.19459808160925515f,0.15590477740277037f,0.34310648139377486f,-0.9262675870441412f,1f,-0.07108016921068283f,-0.9314061155835243f,-0.35697374889281547f,0.09991571014609094f,0f,0f,0f,1f],start_interpolation:0}
execute if entity @s[tag=aj.tultaria.bone.skirt] run data modify entity @s {} merge value {transformation:[-0.9989894837546887f,0f,0.044944536348043254f,-0.0028090335217527034f,0f,1f,0f,0.453125f,-0.044944536348043254f,0f,-0.9989894837546887f,0.06243684273466804f,0f,0f,0f,1f],start_interpolation:0}
execute if entity @s[tag=aj.tultaria.bone.left_foot] run data modify entity @s {} merge value {transformation:[-0.9989894837546887f,-0.017199529435726727f,0.04152333723016673f,0.11925561842583067f,0f,0.9238795325112867f,0.3826834323650897f,0f,-0.044944536348043254f,0.3822967245398733f,-0.9229459372349734f,0.13049175251284148f,0f,0f,0f,1f],start_interpolation:0}
execute if entity @s[tag=aj.tultaria.bone.left_leg] run data modify entity @s {} merge value {transformation:[-0.9989894837546887f,0f,0.044944536348043254f,0.12487368546933608f,0f,1f,0f,0.4375f,-0.044944536348043254f,0f,-0.9989894837546887f,0.005618067043505407f,0f,0f,0f,1f],start_interpolation:0}
execute if entity @s[tag=aj.tultaria.bone.right_foot] run data modify entity @s {} merge value {transformation:[-0.9989894837546887f,-0.01719952943572673f,0.04152333723016673f,-0.13758889675123737f,0f,0.9238795325112867f,0.38268343236508984f,0.08113813357194827f,-0.044944536348043254f,0.38229672453987346f,-0.9229459372349733f,0.2770049920970608f,0f,0f,0f,1f],start_interpolation:0}
execute if entity @s[tag=aj.tultaria.bone.right_leg] run data modify entity @s {} merge value {transformation:[-0.9989894837546887f,0.017199529435726727f,0.04152333723016673f,-0.12487368546933608f,0f,0.9238795325112867f,-0.3826834323650897f,0.4375f,-0.044944536348043254f,-0.3822967245398733f,-0.9229459372349734f,-0.005618067043505407f,0f,0f,0f,1f],start_interpolation:0}
execute if entity @s[tag=aj.tultaria.bone.lower] run data modify entity @s {} merge value {transformation:[-0.9989894837546887f,0f,0.044944536348043254f,0f,0f,1f,0f,0.5f,-0.044944536348043254f,0f,-0.9989894837546887f,0f,0f,0f,0f,1f],start_interpolation:0}