execute if entity @s[tag=aj.tultaria.bone.head] run data modify entity @s {} merge value {transformation:[-0.9991956579136301f,0.03901746353027604f,0.009256065374212558f,0f,0.03995248407020924f,0.9884318180968641f,0.14630905641944172f,1.15625f,-0.0034403812532617095f,0.14656117669216254f,-0.9891956253762149f,0f,0f,0f,0f,1f],start_interpolation:0}
execute if entity @s[tag=aj.tultaria.bone.bust] run data modify entity @s {} merge value {transformation:[-0.9910476586228727f,0f,-0.13350857027967153f,0.5622781144512721f,0f,1f,0f,0f,0.13350857027967153f,0f,-0.9910476586228727f,0.42876954417160057f,0f,0f,0f,1f],start_interpolation:0}
execute if entity @s[tag=aj.tultaria.bone.left_wing] run data modify entity @s {} merge value {transformation:[-0.8645171296201244f,0f,-0.5026033551354199f,0.04525190737897056f,0f,1f,0f,1.0625f,0.5026033551354199f,0f,-0.8645171296201244f,-0.1322252429703386f,0f,0f,0f,1f],start_interpolation:0}
execute if entity @s[tag=aj.tultaria.bone.right_wing] run data modify entity @s {} merge value {transformation:[-0.9667001654696854f,0f,0.2559116841429534f,-0.07862904994888842f,0f,1f,0f,1.0625f,-0.2559116841429534f,0f,-0.9667001654696854f,-0.11553667168537968f,0f,0f,0f,1f],start_interpolation:0}
execute if entity @s[tag=aj.tultaria.bone.body] run data modify entity @s {} merge value {transformation:[-0.9910476586228727f,0f,-0.13350857027967153f,0.5622781144512721f,0f,1f,0f,0f,0.13350857027967153f,0f,-0.9910476586228727f,0.42876954417160057f,0f,0f,0f,1f],start_interpolation:0}
execute if entity @s[tag=aj.tultaria.bone.left_hand] run data modify entity @s {} merge value {transformation:[-0.9674540107617747f,-0.1308274402695753f,0.21660313463444286f,0.39757980161909157f,-0.21908310380936488f,0.8614007768260902f,-0.45824807180026794f,0.7294871042417747f,-0.12663068619497764f,-0.4907880220175704f,-0.8620277180914022f,-0.20206509959569433f,0f,0f,0f,1f],start_interpolation:0}
execute if entity @s[tag=aj.tultaria.bone.left_arm] run data modify entity @s {} merge value {transformation:[-0.9674540107617747f,-0.24660404219202933f,0.056737848351058176f,0.2167916753237534f,-0.21908310380936488f,0.9284809521976528f,0.29987616616095897f,1f,-0.12663068619497764f,0.2776860957640693f,-0.9522894000948962f,-0.029204999748678146f,0f,0f,0f,1f],start_interpolation:0}
execute if entity @s[tag=aj.tultaria.bone.rod] run data modify entity @s {} merge value {transformation:[-0.9194505983436176f,0.3460184998519536f,0.18676668590989998f,-0.5702832998012807f,0.1131952596937521f,0.6878026941973845f,-0.7170176337006527f,1.0445999719519985f,-0.37655999573564314f,-0.6381211888152776f,-0.6715682526717218f,0.6567719046746651f,0f,0f,0f,1f],start_interpolation:0}
execute if entity @s[tag=aj.tultaria.bone.right_hand] run data modify entity @s {} merge value {transformation:[-0.9194505983436176f,0.3767360177679411f,-0.11260803755468454f,-0.44308329783263833f,0.1131952596937521f,-0.020658081834715798f,-0.9933579802054114f,0.9126834437383038f,-0.37655999573564314f,-0.9260902853238794f,-0.023650645663671123f,0.30653171697025133f,0f,0f,0f,1f],start_interpolation:0}
execute if entity @s[tag=aj.tultaria.bone.right_arm] run data modify entity @s {} merge value {transformation:[-0.9194505983436176f,0.38042780920339936f,-0.09942474133869092f,-0.2167916753237534f,0.1131952596937521f,0.01393549906678837f,-0.9934750299069544f,1f,-0.37655999573564314f,-0.9247056201032099f,-0.05587562761267935f,0.029204999748678146f,0f,0f,0f,1f],start_interpolation:0}
execute if entity @s[tag=aj.tultaria.bone.skirt] run data modify entity @s {} merge value {transformation:[-0.9951217605534313f,0f,0.09865435455690443f,-0.0061658971598065266f,0f,1f,0f,0.453125f,-0.09865435455690443f,0f,-0.9951217605534313f,0.062195110034589454f,0f,0f,0f,1f],start_interpolation:0}
execute if entity @s[tag=aj.tultaria.bone.left_foot] run data modify entity @s {} merge value {transformation:[-0.9951217605534313f,-0.03775338701959872f,0.09114473896823559f,0.11205842574956586f,0f,0.9238795325112867f,0.3826834323650897f,0f,-0.09865435455690443f,0.38081661094977803f,-0.9193726269319127f,0.13672201438879197f,0f,0f,0f,1f],start_interpolation:0}
execute if entity @s[tag=aj.tultaria.bone.left_leg] run data modify entity @s {} merge value {transformation:[-0.9951217605534313f,0f,0.09865435455690443f,0.12439022006917891f,0f,1f,0f,0.4375f,-0.09865435455690443f,0f,-0.9951217605534313f,0.012331794319613053f,0f,0f,0f,1f],start_interpolation:0}
execute if entity @s[tag=aj.tultaria.bone.right_foot] run data modify entity @s {} merge value {transformation:[-0.9951217605534313f,-0.037753387019598725f,0.09114473896823558f,-0.1523004192612828f,0f,0.9238795325112867f,0.38268343236508984f,0.08113813357194827f,-0.09865435455690443f,0.38081661094977814f,-0.9193726269319127f,0.2691970513374039f,0f,0f,0f,1f],start_interpolation:0}
execute if entity @s[tag=aj.tultaria.bone.right_leg] run data modify entity @s {} merge value {transformation:[-0.9951217605534313f,0.03775338701959872f,0.09114473896823559f,-0.12439022006917891f,0f,0.9238795325112867f,-0.3826834323650897f,0.4375f,-0.09865435455690443f,-0.38081661094977803f,-0.9193726269319127f,-0.012331794319613053f,0f,0f,0f,1f],start_interpolation:0}
execute if entity @s[tag=aj.tultaria.bone.lower] run data modify entity @s {} merge value {transformation:[-0.9951217605534313f,0f,0.09865435455690443f,0f,0f,1f,0f,0.5f,-0.09865435455690443f,0f,-0.9951217605534313f,0f,0f,0f,0f,1f],start_interpolation:0}