execute if entity @s[tag=aj.tultaria.bone.head] run data modify entity @s {} merge value {transformation:[-0.983703767888016f,0.029966944995907394f,-0.1772819202584766f,0f,-0.0014642812422059337f,0.9846445732813923f,0.17456494547287724f,1.585444375f,0.17979085884261276f,0.17197978519325208f,-0.9685546967319494f,0f,0f,0f,0f,1f],start_interpolation:0}
execute if entity @s[tag=aj.tultaria.bone.bust] run data modify entity @s {} merge value {transformation:[-0.8212232784202899f,0f,-0.5706069811881301f,0.69591512980421f,0f,1f,0f,0.429194375f,0.5706069811881301f,0f,-0.8212232784202899f,0.12530814861607986f,0f,0f,0f,1f],start_interpolation:0}
execute if entity @s[tag=aj.tultaria.bone.left_wing] run data modify entity @s {} merge value {transformation:[-0.5221727685169961f,0.0021825115440514825f,-0.8528369342744577f,-0.019999417747248116f,-0.03414060926870498f,0.9991416447550028f,0.023460445755129764f,1.491694375f,0.8521560999124851f,0.04136677845358341f,-0.521650046508495f,-0.13831584612679437f,0f,0f,0f,1f],start_interpolation:0}
execute if entity @s[tag=aj.tultaria.bone.right_wing] run data modify entity @s {} merge value {transformation:[-0.9807753042194731f,0.03800729845320639f,-0.19140336438393413f,-0.12265232754978439f,0.03414060926870498f,0.9991416447550028f,0.023460445755129764f,1.491694375f,0.19213074046586548f,0.016474798346464384f,-0.9812310429187825f,-0.06698997347827806f,0f,0f,0f,1f],start_interpolation:0}
execute if entity @s[tag=aj.tultaria.bone.body] run data modify entity @s {} merge value {transformation:[-0.8212232784202899f,0f,-0.5706069811881301f,0.69591512980421f,0f,1f,0f,0.429194375f,0.5706069811881301f,0f,-0.8212232784202899f,0.12530814861607986f,0f,0f,0f,1f],start_interpolation:0}
execute if entity @s[tag=aj.tultaria.bone.left_hand] run data modify entity @s {} merge value {transformation:[-0.9023179862978525f,-0.3886167562247538f,-0.18654562011673892f,0.28113013436886347f,-0.30474396677960214f,0.8811365086352206f,-0.36156544063497875f,1.1822893489194546f,0.30488254511339463f,-0.26939834804891394f,-0.9134939319742057f,-0.37875013826084586f,0f,0f,0f,1f],start_interpolation:0}
execute if entity @s[tag=aj.tultaria.bone.left_arm] run data modify entity @s {} merge value {transformation:[-0.9023179862978525f,-0.1584810876891403f,-0.4008815242041661f,0.1796425921544384f,-0.30474396677960214f,0.8922519643029453f,0.3331929574720454f,1.429194375f,0.30488254511339463f,0.4228122243294327f,-0.8533911510220715f,-0.12482027713490347f,0f,0f,0f,1f],start_interpolation:0}
execute if entity @s[tag=aj.tultaria.bone.rod] run data modify entity @s {} merge value {transformation:[-0.7217265812477585f,0.6893418186246425f,0.06259871416964746f,-0.18362127600691225f,0.21535220002973088f,0.1376763384136721f,0.9667826310931318f,0.9035129588534225f,0.6578253353761753f,0.7112334939640248f,-0.24781595025532144f,0.4350623985796376f,0f,0f,0f,1f],start_interpolation:0}
execute if entity @s[tag=aj.tultaria.bone.sword] run data modify entity @s {} merge value {transformation:[-0.0000072172658124775855f,-0.000002904588325971659f,-0.0000062828688390472904f,-0.23562617935393887f,0.000002153522000297309f,0.000007684201492573755f,-0.000006026225221128296f,0.8819947843803126f,0.0000065782533537617535f,-0.000005702316553661017f,-0.000004920382986675508f,0.4325551450601016f,0f,0f,0f,1f],start_interpolation:0}
execute if entity @s[tag=aj.tultaria.bone.right_hand] run data modify entity @s {} merge value {transformation:[-0.7217265812477585f,-0.2904588325971659f,-0.628286883904729f,-0.3710791987189406f,0.21535220002973088f,0.7684201492573753f,-0.6026225221128295f,1.1163426995608345f,0.6578253353761753f,-0.5702316553661017f,-0.4920382986675508f,0.1597207404839056f,0f,0f,0f,1f],start_interpolation:0}
execute if entity @s[tag=aj.tultaria.bone.right_arm] run data modify entity @s {} merge value {transformation:[-0.7217265812477585f,0.17761703031352064f,-0.6690014442906896f,-0.1796425921544384f,0.21535220002973088f,0.9761674238943208f,0.02684381623168005f,1.429194375f,0.6578253353761753f,-0.12469703713453392f,-0.7427761958134436f,0.12482027713490347f,0f,0f,0f,1f],start_interpolation:0}
execute if entity @s[tag=aj.tultaria.bone.skirt] run data modify entity @s {} merge value {transformation:[-0.8119631007066819f,0.009766943876703786f,-0.5836270469213196f,0.035253590010715916f,0f,0.999860000862632f,0.016732563311622626f,0.8796377779030169f,0.583708765644984f,0.013586223989275968f,-0.8118494265730084f,0.0490392057493149f,0f,0f,0f,1f],start_interpolation:0}
execute if entity @s[tag=aj.tultaria.bone.left_foot] run data modify entity @s {} merge value {transformation:[-0.8119631007066819f,0.2178816460877708f,-0.5415196315821563f,0.1685844168351166f,0f,0.9277222879868701f,0.3732711566306819f,0.4272235403597796f,0.583708765644984f,0.303082405742218f,-0.7532762655485165f,0.02036002630718957f,0f,0f,0f,1f],start_interpolation:0}
execute if entity @s[tag=aj.tultaria.bone.left_leg] run data modify entity @s {} merge value {transformation:[-0.8119631007066819f,0.009766943876703786f,-0.5836270469213196f,0.09990407391600957f,0f,0.999860000862632f,0.016732563311622626f,0.866753861151134f,0.583708765644984f,0.013586223989275968f,-0.8118494265730084f,-0.07517717901912825f,0f,0f,0f,1f],start_interpolation:0}
execute if entity @s[tag=aj.tultaria.bone.right_foot] run data modify entity @s {} merge value {transformation:[-0.8119631007066819f,0.21788164608777078f,-0.5415196315821563f,0.0585460434713818f,0f,0.9277222879868702f,0.3732711566306819f,0.5057080932730592f,0.583708765644984f,0.30308240574221795f,-0.7532762655485163f,0.2955878635820757f,0f,0f,0f,1f],start_interpolation:0}
execute if entity @s[tag=aj.tultaria.bone.right_leg] run data modify entity @s {} merge value {transformation:[-0.8119631007066819f,-0.2143209219940788f,-0.5429387308770658f,-0.1030867012606609f,0f,0.9301534649340613f,-0.3671709842446162f,0.866753861151134f,0.583708765644984f,-0.2981292908567828f,-0.7552502915209243f,0.07075001239211774f,0f,0f,0f,1f],start_interpolation:0}
execute if entity @s[tag=aj.tultaria.bone.lower] run data modify entity @s {} merge value {transformation:[-0.8119631007066819f,0.025461018757210685f,-0.5831532042393627f,0f,0f,0.9990482215818578f,0.043619387365336f,0.929194375f,0.583708765644984f,0.03541733301608408f,-0.8111902917511015f,0f,0f,0f,0f,1f],start_interpolation:0}