execute if entity @s[tag=aj.tultaria.bone.head] run data modify entity @s {} merge value {transformation:[-0.9980878647625634f,-0.008897597072103546f,0.06116736858856514f,0f,0f,0.9895852287715403f,0.1439481677451235f,1.15625f,-0.06181111723393215f,0.14367291938121363f,-0.9876930079851596f,0f,0f,0f,0f,1f],start_interpolation:0}
execute if entity @s[tag=aj.tultaria.bone.bust] run data modify entity @s {} merge value {transformation:[-0.9719938231366695f,0f,-0.23500639945363397f,0.6035001112951517f,0f,1f,0f,0f,0.23500639945363397f,0f,-0.9719938231366695f,0.36849371184151775f,0f,0f,0f,1f],start_interpolation:0}
execute if entity @s[tag=aj.tultaria.bone.left_wing] run data modify entity @s {} merge value {transformation:[-0.8080721433526865f,0f,-0.5890835349399908f,0.03137381401433759f,0f,1f,0f,1.0625f,0.5890835349399908f,0f,-0.8080721433526865f,-0.1361871278579359f,0f,0f,0f,1f],start_interpolation:0}
execute if entity @s[tag=aj.tultaria.bone.right_wing] run data modify entity @s {} merge value {transformation:[-0.9879382544940425f,0f,0.1548483300112226f,-0.0901254138777462f,0f,1f,0f,1.0625f,-0.1548483300112226f,0f,-0.9879382544940425f,-0.10681132792623166f,0f,0f,0f,1f],start_interpolation:0}
execute if entity @s[tag=aj.tultaria.bone.body] run data modify entity @s {} merge value {transformation:[-0.9719938231366695f,0f,-0.23500639945363397f,0.6035001112951517f,0f,1f,0f,0f,0.23500639945363397f,0f,-0.9719938231366695f,0.36849371184151775f,0f,0f,0f,1f],start_interpolation:0}
execute if entity @s[tag=aj.tultaria.bone.left_hand] run data modify entity @s {} merge value {transformation:[-0.9686062617461806f,-0.2065969277893775f,0.13827371092901292f,0.38265838348972675f,-0.2465815670196034f,0.8691491689705937f,-0.4286924922177706f,0.7371934068864994f,-0.031613929085868714f,-0.44932998064420004f,-0.8928063216521468f,-0.24573487679132924f,0f,0f,0f,1f],start_interpolation:0}
execute if entity @s[tag=aj.tultaria.bone.left_arm] run data modify entity @s {} merge value {transformation:[-0.9686062617461806f,-0.24377461253499558f,-0.04874267113630795f,0.21262364881114645f,-0.2465815670196034f,0.9171608294919664f,0.31307114790693347f,1f,-0.031613929085868714f,0.3152617184642324f,-0.9484780484327155f,-0.05140764988048243f,0f,0f,0f,1f],start_interpolation:0}
execute if entity @s[tag=aj.tultaria.bone.rod] run data modify entity @s {} merge value {transformation:[-0.00771979583181399f,-0.19623671978668758f,-0.05187793543189807f,0.07524722213387067f,-0.11828606015380858f,0.046538385130328715f,-0.15843721882105471f,-0.08653030040681914f,0.16495022991982974f,0.024188719309262356f,-0.11604349672675773f,0.6314410094781657f,0f,0f,0f,1f],start_interpolation:0}
execute if entity @s[tag=aj.tultaria.bone.right_hand] run data modify entity @s {} merge value {transformation:[-0.8917035392804761f,-0.17792939250065765f,-0.41618016449492096f,-0.38477852719617767f,0.21069527033478302f,0.6506174837254282f,-0.7295919358993388f,0.6749901860679337f,0.40058994132806836f,-0.7382669037381665f,-0.5426690315022921f,0.07316784739977844f,0f,0f,0f,1f],start_interpolation:0}
execute if entity @s[tag=aj.tultaria.bone.right_arm] run data modify entity @s {} merge value {transformation:[-0.8917035392804761f,0.14025676021500927f,-0.4303403760381565f,-0.21262364881114645f,0.21069527033478302f,0.9701088131077119f,-0.12040097088187947f,1f,0.40058994132806836f,-0.19803265373350903f,-0.8946008981451108f,0.05140764988048243f,0f,0f,0f,1f],start_interpolation:0}
execute if entity @s[tag=aj.tultaria.bone.skirt] run data modify entity @s {} merge value {transformation:[-0.9575613002738889f,0f,-0.2882296935046409f,0.018014355844040056f,0f,1f,0f,0.453125f,0.2882296935046409f,0f,-0.9575613002738889f,0.059847581267118054f,0f,0f,0f,1f],start_interpolation:0}
execute if entity @s[tag=aj.tultaria.bone.left_foot] run data modify entity @s {} merge value {transformation:[-0.9575613002738889f,0.11030072841989379f,-0.26628951449093907f,0.1557238742223162f,0f,0.9238795325112867f,0.3826834323650897f,0f,0.2882296935046409f,0.3664428450887901f,-0.8846712864479404f,0.083666450846156f,0f,0f,0f,1f],start_interpolation:0}
execute if entity @s[tag=aj.tultaria.bone.left_leg] run data modify entity @s {} merge value {transformation:[-0.9575613002738889f,0f,-0.2882296935046409f,0.11969516253423611f,0f,1f,0f,0.4375f,0.2882296935046409f,0f,-0.9575613002738889f,-0.03602871168808011f,0f,0f,0f,1f],start_interpolation:0}
execute if entity @s[tag=aj.tultaria.bone.right_foot] run data modify entity @s {} merge value {transformation:[-0.9575613002738889f,0.1103007284198938f,-0.26628951449093907f,-0.0381524045391652f,0f,0.9238795325112867f,0.38268343236508984f,0.08113813357194827f,0.2882296935046409f,0.3664428450887903f,-0.8846712864479402f,0.30693136722041836f,0f,0f,0f,1f],start_interpolation:0}
execute if entity @s[tag=aj.tultaria.bone.right_leg] run data modify entity @s {} merge value {transformation:[-0.9575613002738889f,-0.11030072841989379f,-0.26628951449093907f,-0.11969516253423611f,0f,0.9238795325112867f,-0.3826834323650897f,0.4375f,0.2882296935046409f,-0.3664428450887901f,-0.8846712864479404f,0.03602871168808011f,0f,0f,0f,1f],start_interpolation:0}
execute if entity @s[tag=aj.tultaria.bone.lower] run data modify entity @s {} merge value {transformation:[-0.9575613002738889f,0f,-0.2882296935046409f,0f,0f,1f,0f,0.5f,0.2882296935046409f,0f,-0.9575613002738889f,0f,0f,0f,0f,1f],start_interpolation:0}