execute if entity @s[tag=aj.tultaria.bone.head] run data modify entity @s {} merge value {transformation:[-0.9968793387058146f,0.012477404043075208f,-0.0779480496856979f,0f,-0.0002772037315697043f,0.9868699362719929f,0.16151672371802195f,1.15625f,0.07893989624739434f,0.16103429222019292f,-0.9837867906765126f,0f,0f,0f,0f,1f],start_interpolation:0}
execute if entity @s[tag=aj.tultaria.bone.bust] run data modify entity @s {} merge value {transformation:[-0.8961459118218192f,0f,-0.44375951226429f,0.6699527120430546f,0f,1f,0f,0f,0.44375951226429f,0f,-0.8961459118218192f,0.22619319977876462f,0f,0f,0f,1f],start_interpolation:0}
execute if entity @s[tag=aj.tultaria.bone.left_wing] run data modify entity @s {} merge value {transformation:[-0.6581114527778864f,0f,-0.7529205241740857f,0.0005391804558274593f,0f,1f,0f,1.0625f,0.7529205241740857f,0f,-0.6581114527778864f,-0.13975320849424555f,0f,0f,0f,1f],start_interpolation:0}
execute if entity @s[tag=aj.tultaria.bone.right_wing] run data modify entity @s {} merge value {transformation:[-0.9977502793737998f,0f,-0.06704013730225206f,-0.11147905852189999f,0f,1f,0f,1.0625f,0.06704013730225206f,0f,-0.9977502793737998f,-0.08428326946120923f,0f,0f,0f,1f],start_interpolation:0}
execute if entity @s[tag=aj.tultaria.bone.body] run data modify entity @s {} merge value {transformation:[-0.8961459118218192f,0f,-0.44375951226429f,0.6699527120430546f,0f,1f,0f,0f,0.44375951226429f,0f,-0.8961459118218192f,0.22619319977876462f,0f,0f,0f,1f],start_interpolation:0}
execute if entity @s[tag=aj.tultaria.bone.left_hand] run data modify entity @s {} merge value {transformation:[-0.9511612228068002f,-0.3025105088556229f,-0.06147942957270289f,0.31961214960053935f,-0.24909833457757674f,0.8697851479669387f,-0.42593874687190425f,0.737917544171608f,0.18232484180536251f,-0.38982199579813687f,-0.9026607688675781f,-0.3246309577624887f,0f,0f,0f,1f],start_interpolation:0}
execute if entity @s[tag=aj.tultaria.bone.left_arm] run data modify entity @s {} merge value {transformation:[-0.9511612228068002f,-0.17031466816870316f,-0.25745920460386995f,0.19603191821102295f,-0.24909833457757674f,0.9160686967411577f,0.31427402463715404f,1f,0.18232484180536251f,0.3630579246587815f,-0.913754121962308f,-0.09707239330781343f,0f,0f,0f,1f],start_interpolation:0}
execute if entity @s[tag=aj.tultaria.bone.rod] run data modify entity @s {} merge value {transformation:[0.27911496723913776f,-0.5611775543289711f,-0.7792140832790755f,0.003967307863205538f,-0.6019789426610102f,0.5299594203485982f,-0.5972975517918265f,-0.16148559742827628f,0.7481418232232624f,0.6357851565592995f,-0.1898974645513744f,0.6367994709627176f,0f,0f,0f,1f],start_interpolation:0}
execute if entity @s[tag=aj.tultaria.bone.right_hand] run data modify entity @s {} merge value {transformation:[-0.7797441802974843f,-0.35918494902725967f,-0.5128208124525463f,-0.3518602176851427f,0.20637388745823418f,0.6258508904248234f,-0.7521439234148154f,0.6729805710959729f,0.5911081388947211f,-0.692312671664141f,-0.4138771952955114f,0.16428862425159652f,0f,0f,0f,1f],start_interpolation:0}
execute if entity @s[tag=aj.tultaria.bone.right_arm] run data modify entity @s {} merge value {transformation:[-0.7797441802974843f,0.07100887277229236f,-0.6220584805947212f,-0.19603191821102295f,0.20637388745823418f,0.9671720671885764f,-0.14828354940974378f,1f,0.5911081388947211f,-0.24399986155279732f,-0.768801167854625f,0.09707239330781343f,0f,0f,0f,1f],start_interpolation:0}
execute if entity @s[tag=aj.tultaria.bone.skirt] run data modify entity @s {} merge value {transformation:[-0.8856855198366935f,0f,-0.4642856447830432f,0.0290178527989402f,0f,1f,0f,0.453125f,0.4642856447830432f,0f,-0.8856855198366935f,0.055355344989793345f,0f,0f,0f,1f],start_interpolation:0}
execute if entity @s[tag=aj.tultaria.bone.left_foot] run data modify entity @s {} merge value {transformation:[-0.8856855198366935f,0.17767442414341378f,-0.4289440044538593f,0.1687463955774671f,0f,0.9238795325112867f,0.3826834323650897f,0f,0.4642856447830432f,0.3389371747271646f,-0.8182667240187403f,0.05267498438170629f,0f,0f,0f,1f],start_interpolation:0}
execute if entity @s[tag=aj.tultaria.bone.left_leg] run data modify entity @s {} merge value {transformation:[-0.8856855198366935f,0f,-0.4642856447830432f,0.11071068997958669f,0f,1f,0f,0.4375f,0.4642856447830432f,0f,-0.8856855198366935f,-0.0580357055978804f,0f,0f,0f,1f],start_interpolation:0}
execute if entity @s[tag=aj.tultaria.bone.right_foot] run data modify entity @s {} merge value {transformation:[-0.8856855198366935f,0.17767442414341383f,-0.4289440044538592f,0.020639871139889243f,0f,0.9238795325112867f,0.38268343236508984f,0.08113813357194827f,0.4642856447830432f,0.3389371747271647f,-0.8182667240187402f,0.30860406004335744f,0f,0f,0f,1f],start_interpolation:0}
execute if entity @s[tag=aj.tultaria.bone.right_leg] run data modify entity @s {} merge value {transformation:[-0.8856855198366935f,-0.17767442414341378f,-0.4289440044538593f,-0.11071068997958669f,0f,0.9238795325112867f,-0.3826834323650897f,0.4375f,0.4642856447830432f,-0.3389371747271646f,-0.8182667240187403f,0.0580357055978804f,0f,0f,0f,1f],start_interpolation:0}
execute if entity @s[tag=aj.tultaria.bone.lower] run data modify entity @s {} merge value {transformation:[-0.8856855198366935f,0f,-0.4642856447830432f,0f,0f,1f,0f,0.5f,0.4642856447830432f,0f,-0.8856855198366935f,0f,0f,0f,0f,1f],start_interpolation:0}