execute if entity @s[tag=aj.tultaria.bone.head] run data modify entity @s {} merge value {transformation:[-0.9642233211043737f,0.021032912000393367f,-0.2642555650336151f,0f,-0.02228004604528881f,0.9868905432091404f,0.15984572334781963f,1.4737933333333333f,0.2641533391548766f,0.16001460038743837f,-0.9511142628917816f,0f,0f,0f,0f,1f],start_interpolation:0}
execute if entity @s[tag=aj.tultaria.bone.bust] run data modify entity @s {} merge value {transformation:[-0.8750201460851246f,0f,-0.48408650460962765f,0.6795533253473761f,0f,1f,0f,0.3175433333333333f,0.48408650460962765f,0f,-0.8750201460851246f,0.19546682073774846f,0f,0f,0f,1f],start_interpolation:0}
execute if entity @s[tag=aj.tultaria.bone.left_wing] run data modify entity @s {} merge value {transformation:[-0.2680005273155682f,0.0683140335823626f,-0.9609937097475119f,-0.005822053945883199f,-0.39438206694441175f,0.9022986331767049f,0.17412628130211621f,1.3800433333333333f,0.8789985794250357f,0.4256646207792679f,-0.21487467972195134f,-0.1396329247987423f,0f,0f,0f,1f],start_interpolation:0}
execute if entity @s[tag=aj.tultaria.bone.right_wing] run data modify entity @s {} merge value {transformation:[-0.8870561844684343f,0.32431402745262383f,0.3285600967764675f,-0.11519957220652366f,0.39438206694441175f,0.9022986331767049f,0.17412628130211621f,1.3800433333333333f,-0.23998773066337487f,0.28403800478969166f,-0.9282932192826436f,-0.07912211172253886f,0f,0f,0f,1f],start_interpolation:0}
execute if entity @s[tag=aj.tultaria.bone.body] run data modify entity @s {} merge value {transformation:[-0.8750201460851246f,0f,-0.48408650460962765f,0.6795533253473761f,0f,1f,0f,0.3175433333333333f,0.48408650460962765f,0f,-0.8750201460851246f,0.19546682073774846f,0f,0f,0f,1f],start_interpolation:0}
execute if entity @s[tag=aj.tultaria.bone.left_hand] run data modify entity @s {} merge value {transformation:[-0.4136971996691222f,-0.7532431748189176f,-0.5113505124419491f,0.3951918697599695f,-0.8934712525684424f,0.22805190246899448f,0.38691271704875574f,1.386634381849089f,-0.17482490617673663f,0.6169416904124648f,-0.7673455563247273f,-0.4049621957295175f,0f,0f,0f,1f],start_interpolation:0}
execute if entity @s[tag=aj.tultaria.bone.left_arm] run data modify entity @s {} merge value {transformation:[-0.4136971996691222f,-0.6530046338306046f,-0.6343812538069551f,0.191410656956121f,-0.8934712525684424f,0.1574005934089726f,0.42063544076585085f,1.3175433333333333f,-0.17482490617673663f,0.7408171173712585f,-0.6485570528411775f,-0.10589392288335606f,0f,0f,0f,1f],start_interpolation:0}
execute if entity @s[tag=aj.tultaria.bone.rod] run data modify entity @s {} merge value {transformation:[-1.0804591820551694f,0.29389041462863474f,-0.025226575314212296f,-0.1826058943123085f,0.10337141301871522f,0.466965696224063f,1.0127474460695967f,0.9035681966578111f,0.27626492155753085f,0.9746647950651471f,-0.4776046800204391f,0.6752980317735602f,0f,0f,0f,1f],start_interpolation:0}
execute if entity @s[tag=aj.tultaria.bone.sword] run data modify entity @s {} merge value {transformation:[-0.00000964695698263544f,-0.000001507071985597381f,-0.0000021598506905360117f,-0.22287693499493183f,9.229590448099573e-7f,0.000005746269355375444f,-0.000008131945345185037f,0.8683339498672875f,0.0000024666510853350968f,-0.00000804419806604118f,-0.000005404304756165638f,0.657673637870706f,0f,0f,0f,1f],start_interpolation:0}
execute if entity @s[tag=aj.tultaria.bone.right_hand] run data modify entity @s {} merge value {transformation:[-0.964695698263544f,-0.1507071985597381f,-0.21598506905360115f,-0.2661192274039105f,0.09229590448099573f,0.5746269355375444f,-0.8131945345185037f,1.0174039806695774f,0.24666510853350967f,-0.8044198066041179f,-0.5404304756165638f,0.3060867948449455f,0f,0f,0f,1f],start_interpolation:0}
execute if entity @s[tag=aj.tultaria.bone.right_arm] run data modify entity @s {} merge value {transformation:[-0.964695698263544f,-0.11091220393195642f,-0.2388738009300503f,-0.191410656956121f,0.09229590448099573f,0.7071068102148659f,-0.7010573621065488f,1.3175433333333333f,0.24666510853350967f,-0.6983540949738276f,-0.6719061558472567f,0.10589392288335606f,0f,0f,0f,1f],start_interpolation:0}
execute if entity @s[tag=aj.tultaria.bone.skirt] run data modify entity @s {} merge value {transformation:[-0.7071067811865476f,-0.2390593528826628f,-0.6654702290856612f,0.04270631867281051f,0f,0.9411170233284727f,-0.33808097905879747f,0.7679867362363502f,0.7071067811865475f,-0.23905935288266286f,-0.6654702290856612f,0.042706318672810516f,0f,0f,0f,1f],start_interpolation:0}
execute if entity @s[tag=aj.tultaria.bone.left_foot] run data modify entity @s {} merge value {transformation:[-0.7071067811865476f,-0.23626974859683217f,-0.6664657574834506f,0.2742328703828641f,0f,0.942524913090354f,-0.33413588284412166f,0.3856242441606101f,0.7071067811865475f,-0.23626974859683222f,-0.6664657574834506f,0.09745617508622724f,0f,0f,0f,1f],start_interpolation:0}
execute if entity @s[tag=aj.tultaria.bone.left_leg] run data modify entity @s {} merge value {transformation:[-0.7071067811865476f,-0.2390593528826628f,-0.6654702290856612f,0.08646062486099146f,0f,0.9411170233284727f,-0.33808097905879747f,0.7551028194844672f,0.7071067811865475f,-0.23905935288266286f,-0.6654702290856612f,-0.09031607043564542f,0f,0f,0f,1f],start_interpolation:0}
execute if entity @s[tag=aj.tultaria.bone.right_foot] run data modify entity @s {} merge value {transformation:[-0.7071067811865476f,-0.2362697485968323f,-0.6664657574834505f,0.18314304600211895f,0f,0.942524913090354f,-0.3341358828441218f,0.5153707330334576f,0.7071067811865475f,-0.2362697485968323f,-0.6664657574834507f,0.35991974129875587f,0f,0f,0f,1f],start_interpolation:0}
execute if entity @s[tag=aj.tultaria.bone.right_leg] run data modify entity @s {} merge value {transformation:[-0.7071067811865476f,-0.4755264745869687f,-0.5233302704477248f,-0.09031607043564543f,0f,0.7401007660675524f,-0.6724959896283562f,0.7551028194844672f,0.7071067811865475f,-0.4755264745869688f,-0.523330270447725f,0.08646062486099144f,0f,0f,0f,1f],start_interpolation:0}
execute if entity @s[tag=aj.tultaria.bone.lower] run data modify entity @s {} merge value {transformation:[-0.7071067811865476f,0.030843564597231896f,-0.706433772212892f,0f,0f,0.9990482215818578f,0.043619387365336f,0.8175433333333333f,0.7071067811865475f,0.0308435645972319f,-0.7064337722128922f,0f,0f,0f,0f,1f],start_interpolation:0}