execute if entity @s[tag=aj.tultaria.bone.head] run data modify entity @s {} merge value {transformation:[-0.9617278942014527f,0.032886172744140935f,-0.27202565532883505f,0f,-0.01895309275378584f,0.9824096104471935f,0.1857744265932739f,1.4906066666666666f,0.2733500279676335f,0.18382017556088842f,-0.9441874312163122f,0f,0f,0f,0f,1f],start_interpolation:0}
execute if entity @s[tag=aj.tultaria.bone.bust] run data modify entity @s {} merge value {transformation:[-0.8266049918128641f,0f,-0.5627825401609889f,0.6946937659869266f,0f,1f,0f,0.33435666666666664f,0.5627825401609889f,0f,-0.8266049918128641f,0.13191122582593756f,0f,0f,0f,1f],start_interpolation:0}
execute if entity @s[tag=aj.tultaria.bone.left_wing] run data modify entity @s {} merge value {transformation:[-0.24677088632039362f,0.08398725150206118f,-0.9654275069883689f,-0.01868500553181951f,-0.3552231348061344f,0.9190542269720389f,0.17075084885098213f,1.3968566666666666f,0.9016211256193759f,0.38507852377139606f,-0.1969616114040808f,-0.13849953273666982f,0f,0f,0f,1f],start_interpolation:0}
execute if entity @s[tag=aj.tultaria.bone.right_wing] run data modify entity @s {} merge value {transformation:[-0.9293205035528038f,0.3274905147134184f,0.17062638848989198f,-0.12201062950842756f,0.3552231348061344f,0.9190542269720389f,0.17075084885098213f,1.3968566666666666f,-0.10089562019664722f,0.2192927054362922f,-0.9704281442577629f,-0.06815171521654617f,0f,0f,0f,1f],start_interpolation:0}
execute if entity @s[tag=aj.tultaria.bone.body] run data modify entity @s {} merge value {transformation:[-0.8266049918128641f,0f,-0.5627825401609889f,0.6946937659869266f,0f,1f,0f,0.33435666666666664f,0.5627825401609889f,0f,-0.8266049918128641f,0.13191122582593756f,0f,0f,0f,1f],start_interpolation:0}
execute if entity @s[tag=aj.tultaria.bone.left_hand] run data modify entity @s {} merge value {transformation:[-0.6094543856587828f,-0.6641058249864585f,-0.4330459617873501f,0.35597457237478924f,-0.7926093410197116f,0.522996963029382f,0.31343996106167116f,1.3104832940773523f,0.018324418942337273f,0.5342636333132724f,-0.84511927311435f,-0.44636255920493917f,0f,0f,0f,1f],start_interpolation:0}
execute if entity @s[tag=aj.tultaria.bone.left_arm] run data modify entity @s {} merge value {transformation:[-0.6094543856587828f,-0.5090847328913803f,-0.6077812818261086f,0.180819841959064f,-0.7926093410197116f,0.4089556030302286f,0.4522452291384407f,1.3343566666666666f,0.018324418942337273f,0.7573559595639914f,-0.652745100466738f,-0.12310868066021632f,0f,0f,0f,1f],start_interpolation:0}
execute if entity @s[tag=aj.tultaria.bone.rod] run data modify entity @s {} merge value {transformation:[-0.9800009785664983f,0.31434355549253556f,0.06305818413027094f,-0.17607866609071457f,0.11707631253187291f,0.1620807123784499f,1.0115399661781157f,0.8550788173613155f,0.2984649770231596f,0.968559804685284f,-0.18973846656742904f,0.650557859127366f,0f,0f,0f,1f],start_interpolation:0}
execute if entity @s[tag=aj.tultaria.bone.sword] run data modify entity @s {} merge value {transformation:[-0.000009504319835235437f,-0.000001350827473359831f,-0.0000028005659440132023f,-0.2189073184383872f,0.0000011354383758479055f,0.0000068771379129005765f,-0.000007170477935367866f,0.8250154469638034f,0.000002894595682336678f,-0.0000071330385716160144f,-0.000006382873692282816f,0.6296837502020923f,0f,0f,0f,1f],start_interpolation:0}
execute if entity @s[tag=aj.tultaria.bone.right_hand] run data modify entity @s {} merge value {transformation:[-0.9504319835235436f,-0.13508274733598308f,-0.2800565944013202f,-0.26174177064187326f,0.11354383758479054f,0.6877137912900576f,-0.7170477935367865f,1.0233405149029888f,0.28945956823366775f,-0.7133038571616014f,-0.6382873692282816f,0.30328299153823024f,0f,0f,0f,1f],start_interpolation:0}
execute if entity @s[tag=aj.tultaria.bone.right_arm] run data modify entity @s {} merge value {transformation:[-0.9504319835235436f,-0.10374021380461299f,-0.29311603971000255f,-0.180819841959064f,0.11354383758479054f,0.7617994704044118f,-0.637784731581179f,1.3343566666666666f,0.28945956823366775f,-0.6394525275040603f,-0.7122595197164077f,0.12310868066021632f,0f,0f,0f,1f],start_interpolation:0}
execute if entity @s[tag=aj.tultaria.bone.skirt] run data modify entity @s {} merge value {transformation:[-0.713331083034563f,-0.2006870083059527f,-0.6714785854172447f,0.042327058071571236f,0f,0.9581228928381097f,-0.28635733309893135f,0.7848000695696835f,0.7008272012249078f,-0.20426758655434984f,-0.6834588408284175f,0.04308224070511102f,0f,0f,0f,1f],start_interpolation:0}
execute if entity @s[tag=aj.tultaria.bone.left_foot] run data modify entity @s {} merge value {transformation:[-0.713331083034563f,-0.16098703017777252f,-0.6820864623281117f,0.25899117136743066f,0f,0.9732591159931563f,-0.22971001966875565f,0.388532053838494f,0.7008272012249078f,-0.16385929711420427f,-0.6942559792846597f,0.08525133251605306f,0f,0f,0f,1f],start_interpolation:0}
execute if entity @s[tag=aj.tultaria.bone.left_leg] run data modify entity @s {} merge value {transformation:[-0.713331083034563f,-0.2006870083059527f,-0.6714785854172447f,0.08725578205642079f,0f,0.9581228928381097f,-0.28635733309893135f,0.7719161528178006f,0.7008272012249078f,-0.20426758655434984f,-0.6834588408284175f,-0.08954809170502719f,0f,0f,0f,1f],start_interpolation:0}
execute if entity @s[tag=aj.tultaria.bone.right_foot] run data modify entity @s {} merge value {transformation:[-0.713331083034563f,-0.16098703017777247f,-0.6820864623281117f,0.17040750514324698f,0f,0.9732591159931563f,-0.22971001966875548f,0.5114907409499254f,0.7008272012249078f,-0.16385929711420422f,-0.6942559792846597f,0.3518085053920814f,0f,0f,0f,1f],start_interpolation:0}
execute if entity @s[tag=aj.tultaria.bone.right_leg] run data modify entity @s {} merge value {transformation:[-0.713331083034563f,-0.44237434924191854f,-0.5435657284170209f,-0.09107698870221997f,0f,0.7756059232104221f,-0.6312174362934763f,0.7719161528178006f,0.7008272012249078f,-0.4502670174615258f,-0.5532638132117126f,0.08565870860119977f,0f,0f,0f,1f],start_interpolation:0}
execute if entity @s[tag=aj.tultaria.bone.lower] run data modify entity @s {} merge value {transformation:[-0.713331083034563f,0.030569653166393537f,-0.7001601690199349f,0f,0f,0.9990482215818578f,0.043619387365336f,0.8343566666666666f,0.7008272012249078f,0.031115064830619266f,-0.7126521499047408f,0f,0f,0f,0f,1f],start_interpolation:0}