execute if entity @s[tag=aj.tultaria.bone.head] run data modify entity @s {} merge value {transformation:[-0.9733824890313637f,0.030508891779559094f,-0.22714695148623526f,0f,-0.012329697165096187f,0.9826941148268593f,0.1848249313606596f,1.525546875f,0.22885477625543238f,0.1827060048466899f,-0.9561610780501564f,0f,0f,0f,0f,1f],start_interpolation:0}
execute if entity @s[tag=aj.tultaria.bone.bust] run data modify entity @s {} merge value {transformation:[-0.8267763703255651f,0f,-0.5625307400234089f,0.694653555174487f,0f,1f,0f,0.3692968750000001f,0.5625307400234089f,0f,-0.8267763703255651f,0.1321228151510781f,0f,0f,0f,1f],start_interpolation:0}
execute if entity @s[tag=aj.tultaria.bone.left_wing] run data modify entity @s {} merge value {transformation:[-0.36564105721124324f,0.041675462351321274f,-0.9298224417162924f,-0.018642819357578277f,-0.2548007963174228f,0.9563523823632079f,0.14306178715584406f,1.431796875f,0.8952000734346772f,0.2892287616853144f,-0.339062755159761f,-0.13850521754215867f,0f,0f,0f,1f],start_interpolation:0}
execute if entity @s[tag=aj.tultaria.bone.right_wing] run data modify entity @s {} merge value {transformation:[-0.9669255895224311f,0.25373331930487086f,0.025967421921161526f,-0.12198986564827385f,0.2548007963174228f,0.9563523823632079f,0.14306178715584406f,1.431796875f,0.011465536302605883f,0.14494662266761948f,-0.9893730429188701f,-0.06818887503923254f,0f,0f,0f,1f],start_interpolation:0}
execute if entity @s[tag=aj.tultaria.bone.body] run data modify entity @s {} merge value {transformation:[-0.8267763703255651f,0f,-0.5625307400234089f,0.694653555174487f,0f,1f,0f,0.3692968750000001f,0.5625307400234089f,0f,-0.8267763703255651f,0.1321228151510781f,0f,0f,0f,1f],start_interpolation:0}
execute if entity @s[tag=aj.tultaria.bone.left_hand] run data modify entity @s {} merge value {transformation:[-0.7593336418446186f,-0.5909479673641412f,-0.27238377380302625f,0.3432876147098476f,-0.633057490384522f,0.7677240227159148f,0.09918688831163353f,1.2492977745845495f,0.15050127650966716f,0.24775052939011716f,-0.9570627152678539f,-0.43120746733613535f,0f,0f,0f,1f],start_interpolation:0}
execute if entity @s[tag=aj.tultaria.bone.left_arm] run data modify entity @s {} merge value {transformation:[-0.7593336418446186f,-0.40445235663737467f,-0.5097359233696035f,0.18085733100871737f,-0.633057490384522f,0.6403612413088228f,0.4349433233163542f,1.369296875f,0.15050127650966716f,0.6529592420970068f,-0.7422894273321311f,-0.12305359938012068f,0f,0f,0f,1f],start_interpolation:0}
execute if entity @s[tag=aj.tultaria.bone.rod] run data modify entity @s {} merge value {transformation:[-0.9798326216164494f,0.31899935821242326f,-0.012731346869443716f,-0.13681025457067908f,0.09253579789901632f,0.323111135906637f,0.9741822027101126f,0.9701890859301494f,0.30554836579540134f,0.9251125593299427f,-0.335859483782392f,0.7013673590407531f,0f,0f,0f,1f],start_interpolation:0}
execute if entity @s[tag=aj.tultaria.bone.sword] run data modify entity @s {} merge value {transformation:[-0.00000950803411021453f,-0.0000020017660636445356f,-0.000002364364605012955f,-0.17760582025109772f,8.979426724824557e-7f,0.000005523648474867774f,-0.00000828752113017071f,0.9341474014839821f,0.0000029649597494623885f,-0.000008092109746693504f,-0.00000507215669430036f,0.6868571237532901f,0f,0f,0f,1f],start_interpolation:0}
execute if entity @s[tag=aj.tultaria.bone.right_hand] run data modify entity @s {} merge value {transformation:[-0.9508034110214529f,-0.20017660636445356f,-0.2364364605012955f,-0.2414310395200111f,0.08979426724824556f,0.5523648474867773f,-0.8287521130170709f,1.0737318896105572f,0.2964959749462388f,-0.8092109746693503f,-0.5072156694300359f,0.33451128486099224f,0f,0f,0f,1f],start_interpolation:0}
execute if entity @s[tag=aj.tultaria.bone.right_arm] run data modify entity @s {} merge value {transformation:[-0.9508034110214529f,-0.15607871341931767f,-0.2676047623031783f,-0.18085733100871737f,0.08979426724824556f,0.6878844784594165f,-0.7202443570511103f,1.369296875f,0.2964959749462388f,-0.7088401649963039f,-0.6400279348033898f,0.12305359938012068f,0f,0f,0f,1f],start_interpolation:0}
execute if entity @s[tag=aj.tultaria.bone.skirt] run data modify entity @s {} merge value {transformation:[-0.750565347370416f,-0.11652029760358616f,-0.6504419109905961f,0.039909353415038915f,0f,0.9843305396752505f,-0.17633317516176628f,0.819740277903017f,0.660796231320009f,-0.13234957086821952f,-0.7388043934386636f,0.045331035937432644f,0f,0f,0f,1f],start_interpolation:0}
execute if entity @s[tag=aj.tultaria.bone.left_foot] run data modify entity @s {} merge value {transformation:[-0.750565347370416f,-0.003604066481507115f,-0.6607864027289936f,0.2243020670727266f,0f,0.9999851261394216f,-0.00545412687101382f,0.39825339693843265f,0.660796231320009f,-0.004093678629544795f,-0.7505541835660843f,0.0656077574803061f,0f,0f,0f,1f],start_interpolation:0}
execute if entity @s[tag=aj.tultaria.bone.left_leg] run data modify entity @s {} merge value {transformation:[-0.750565347370416f,-0.11652029760358616f,-0.6504419109905961f,0.09201919799733314f,0f,0.9843305396752505f,-0.17633317516176628f,0.806856361151134f,0.660796231320009f,-0.13234957086821952f,-0.7388043934386636f,-0.08464572895437288f,0f,0f,0f,1f],start_interpolation:0}
execute if entity @s[tag=aj.tultaria.bone.right_foot] run data modify entity @s {} merge value {transformation:[-0.750565347370416f,-0.0036040664815072954f,-0.6607864027289936f,0.12991708555220804f,0f,0.9999851261394217f,-0.005454126871013987f,0.5059647250906142f,0.660796231320009f,-0.00409367862954485f,-0.7505541835660843f,0.3367320391678927f,0f,0f,0f,1f],start_interpolation:0}
execute if entity @s[tag=aj.tultaria.bone.right_leg] run data modify entity @s {} merge value {transformation:[-0.750565347370416f,-0.3565640611300667f,-0.5563395812245977f,-0.09562213884527086f,0f,0.8419230541210138f,-0.5395976009393896f,0.806856361151134f,0.660796231320009f,-0.40500326078931603f,-0.6319182695755002f,0.08055332887562937f,0f,0f,0f,1f],start_interpolation:0}
execute if entity @s[tag=aj.tultaria.bone.lower] run data modify entity @s {} merge value {transformation:[-0.750565347370416f,0.028823526783501644f,-0.6601672997282488f,0f,0f,0.9990482215818578f,0.043619387365336f,0.8692968750000001f,0.660796231320009f,0.03273920062994815f,-0.7498509754713835f,0f,0f,0f,0f,1f],start_interpolation:0}