execute if entity @s[tag=aj.tultaria.bone.head] run data modify entity @s {} merge value {transformation:[-0.9599697304020898f,0.11349439426186796f,-0.25608033736089664f,0f,0.0528053585289071f,0.9711692883000147f,0.2324689389434133f,1.15625f,0.2750812803924915f,0.2096407306178227f,-0.9382862320441736f,0f,0f,0f,0f,1f],start_interpolation:0}
execute if entity @s[tag=aj.tultaria.bone.bust] run data modify entity @s {} merge value {transformation:[-0.7045351283302863f,0f,-0.7096691151153661f,0.7071021217228262f,0f,1f,0f,0f,0.7096691151153661f,0f,-0.7045351283302863f,-0.002566993392539907f,0f,0f,0f,1f],start_interpolation:0}
execute if entity @s[tag=aj.tultaria.bone.left_wing] run data modify entity @s {} merge value {transformation:[-0.37932697218372f,0f,-0.9252626914416959f,-0.04467519386877794f,0f,1f,0f,1.0625f,0.9252626914416959f,0f,-0.37932697218372f,-0.13242121073599616f,0f,0f,0f,1f],start_interpolation:0}
execute if entity @s[tag=aj.tultaria.bone.right_wing] run data modify entity @s {} merge value {transformation:[-0.9224841978154086f,0f,-0.38603484917927006f,-0.13274208491006378f,0f,1f,0f,1.0625f,0.38603484917927006f,0f,-0.9224841978154086f,-0.04371257134657541f,0f,0f,0f,1f],start_interpolation:0}
execute if entity @s[tag=aj.tultaria.bone.body] run data modify entity @s {} merge value {transformation:[-0.7045351283302863f,0f,-0.7096691151153661f,0.7071021217228262f,0f,1f,0f,0f,0.7096691151153661f,0f,-0.7045351283302863f,-0.002566993392539907f,0f,0f,0f,1f],start_interpolation:0}
execute if entity @s[tag=aj.tultaria.bone.left_hand] run data modify entity @s {} merge value {transformation:[-0.529294612653632f,-0.5661941708565896f,-0.6318792399690468f,0.23484829743458058f,-0.8483636728070311f,0.3630515509276031f,0.3853214891884784f,1.0554336677239613f,0.011237956985420572f,0.7400119811577925f,-0.672499796331354f,-0.510418613741518f,0f,0f,0f,1f],start_interpolation:0}
execute if entity @s[tag=aj.tultaria.bone.left_arm] run data modify entity @s {} merge value {transformation:[-0.529294612653632f,-0.30628954178304824f,-0.7912230593266172f,0.15411705932225012f,-0.8483636728070311f,0.20341295300306372f,0.4887762772597889f,1f,0.011237956985420572f,0.9299515509664488f,-0.3675103007779374f,-0.15524011893148634f,0f,0f,0f,1f],start_interpolation:0}
execute if entity @s[tag=aj.tultaria.bone.rod] run data modify entity @s {} merge value {transformation:[-1.0315079598849606f,0.3850794083465942f,0.18924346254931323f,-0.20078535381249815f,0.24768133832802575f,0.1320403842934848f,1.0813543367998841f,0.5008620634411323f,0.35036151828397827f,1.0403783428826823f,-0.20728632449508028f,0.669636688234984f,0f,0f,0f,1f],start_interpolation:0}
execute if entity @s[tag=aj.tultaria.bone.right_hand] run data modify entity @s {} merge value {transformation:[-0.923307824232692f,-0.050939147643393065f,-0.3806676568189853f,-0.2674709912811437f,0.2217007783635475f,0.7386589215209645f,-0.6365781668660049f,0.6982868881532434f,0.31361031007237217f,-0.6721519180176834f,-0.6707163129978726f,0.33374017985361887f,0f,0f,0f,1f],start_interpolation:0}
execute if entity @s[tag=aj.tultaria.bone.right_arm] run data modify entity @s {} merge value {transformation:[-0.923307824232692f,-0.02654763746529265f,-0.38314212070157927f,-0.15411705932225012f,0.2217007783635475f,0.7777694854459407f,-0.588152524760503f,1f,0.31361031007237217f,-0.6279887343369849f,-0.7122350194719033f,0.15524011893148634f,0f,0f,0f,1f],start_interpolation:0}
execute if entity @s[tag=aj.tultaria.bone.skirt] run data modify entity @s {} merge value {transformation:[-0.999993410523212f,0f,-0.003630276870252013f,0.0002268923043907508f,0f,1f,0f,0.453125f,0.003630276870252013f,0f,-0.999993410523212f,0.06249958815770075f,0f,0f,0f,1f],start_interpolation:0}
execute if entity @s[tag=aj.tultaria.bone.left_foot] run data modify entity @s {} merge value {transformation:[-0.999993410523212f,0.0013892468131436358f,-0.0033539384977749665f,0.125452960924183f,0f,0.9238795325112867f,0.3826834323650897f,0f,0.003630276870252013f,0.382680910681495f,-0.9238734446285524f,0.12454539170662f,0f,0f,0f,1f],start_interpolation:0}
execute if entity @s[tag=aj.tultaria.bone.left_leg] run data modify entity @s {} merge value {transformation:[-0.999993410523212f,0f,-0.003630276870252013f,0.1249991763154015f,0f,1f,0f,0.4375f,0.003630276870252013f,0f,-0.999993410523212f,-0.0004537846087815016f,0f,0f,0f,1f],start_interpolation:0}
execute if entity @s[tag=aj.tultaria.bone.right_foot] run data modify entity @s {} merge value {transformation:[-0.999993410523212f,0.0013892468131436362f,-0.0033539384977749665f,-0.12397213852242929f,0f,0.9238795325112867f,0.38268343236508984f,0.08113813357194827f,0.003630276870252013f,0.3826809106814952f,-0.9238734446285524f,0.28336086361050455f,0f,0f,0f,1f],start_interpolation:0}
execute if entity @s[tag=aj.tultaria.bone.right_leg] run data modify entity @s {} merge value {transformation:[-0.999993410523212f,-0.0013892468131436358f,-0.0033539384977749665f,-0.1249991763154015f,0f,0.9238795325112867f,-0.3826834323650897f,0.4375f,0.003630276870252013f,-0.382680910681495f,-0.9238734446285524f,0.0004537846087815016f,0f,0f,0f,1f],start_interpolation:0}
execute if entity @s[tag=aj.tultaria.bone.lower] run data modify entity @s {} merge value {transformation:[-0.999993410523212f,0f,-0.003630276870252013f,0f,0f,1f,0f,0.5f,0.003630276870252013f,0f,-0.999993410523212f,0f,0f,0f,0f,1f],start_interpolation:0}