execute if entity @s[tag=aj.tultaria.bone.head] run data modify entity @s {} merge value {transformation:[-0.9717794213010118f,0.01874197530299001f,-0.2351456882394671f,0f,-0.022665697558395512f,0.9848077446216535f,0.17216263324950434f,1.4725000000000001f,0.23479996271307602f,0.17263384516065822f,-0.9565911002173206f,0f,0f,0f,0f,1f],start_interpolation:0}
execute if entity @s[tag=aj.tultaria.bone.bust] run data modify entity @s {} merge value {transformation:[-0.8771791594728551f,0f,-0.4801632245252602f,0.6786711919990577f,0f,1f,0f,0.31625000000000003f,0.4801632245252602f,0f,-0.8771791594728551f,0.19850796747379743f,0f,0f,0f,1f],start_interpolation:0}
execute if entity @s[tag=aj.tultaria.bone.left_wing] run data modify entity @s {} merge value {transformation:[-0.2671586064069052f,0.0680321478143667f,-0.9612480979884872f,-0.005196705598604079f,-0.3971312574337452f,0.9010877016016581f,0.1741485526535712f,1.3787500000000001f,0.8780165393611972f,0.42826695049467145f,-0.21371564220286243f,-0.13965759646693568f,0f,0f,0f,1f],start_interpolation:0}
execute if entity @s[tag=aj.tultaria.bone.right_wing] run data modify entity @s {} merge value {transformation:[-0.8835903026276506f,0.32410119619515687f,0.3379742471361469f,-0.11484410053271088f,0.3971312574337452f,0.9010877016016581f,0.1741485526535712f,1.3787500000000001f,-0.2481026833217838f,0.28809611008673774f,-0.9249030705330267f,-0.07963719340127814f,0f,0f,0f,1f],start_interpolation:0}
execute if entity @s[tag=aj.tultaria.bone.body] run data modify entity @s {} merge value {transformation:[-0.8771791594728551f,0f,-0.4801632245252602f,0.6786711919990577f,0f,1f,0f,0.31625000000000003f,0.4801632245252602f,0f,-0.8771791594728551f,0.19850796747379743f,0f,0f,0f,1f],start_interpolation:0}
execute if entity @s[tag=aj.tultaria.bone.left_hand] run data modify entity @s {} merge value {transformation:[-0.4405888652028488f,-0.7464324904753877f,-0.4987183463859898f,0.3963338284046376f,-0.8837631516877616f,0.2631093422702864f,0.3869575761359524f,1.3740865943648921f,-0.15762025116773593f,0.6112380969579752f,-0.7755925768398072f,-0.40602897862329235f,0f,0f,0f,1f],start_interpolation:0}
execute if entity @s[tag=aj.tultaria.bone.left_arm] run data modify entity @s {} merge value {transformation:[-0.4405888652028488f,-0.6449160467090257f,-0.62447157225647f,0.19188294113468704f,-0.8837631516877616f,0.18946409030618538f,0.4278621859937657f,1.3162500000000001f,-0.15762025116773593f,0.740396279826993f,-0.6534288065582726f,-0.10503570536490067f,0f,0f,0f,1f],start_interpolation:0}
execute if entity @s[tag=aj.tultaria.bone.rod] run data modify entity @s {} merge value {transformation:[-1.013396661057651f,0.2649462842825739f,0.033684919505057184f,-0.21299196611103902f,0.11424934449907093f,0.3105693263691829f,0.9943831157054732f,0.8556827248491754f,0.24140897795802305f,0.9652223370620105f,-0.3291983374772923f,0.6413773731424816f,0f,0f,0f,1f],start_interpolation:0}
execute if entity @s[tag=aj.tultaria.bone.sword] run data modify entity @s {} merge value {transformation:[-0.000009669815468107357f,-0.0000010564128791828752f,-0.0000023191939637400463f,-0.254081361153906f,0.0000010901655009453332f,0.000006510990678856357f,-0.000007511227566809187f,0.8238806128202114f,0.000002303520782042205f,-0.000007516048975927591f,-0.000006180841350346851f,0.6196031817566127f,0f,0f,0f,1f],start_interpolation:0}
execute if entity @s[tag=aj.tultaria.bone.right_hand] run data modify entity @s {} merge value {transformation:[-0.9669815468107357f,-0.10564128791828752f,-0.23191939637400463f,-0.28159737362714743f,0.10901655009453332f,0.6510990678856357f,-0.7511227566809187f,1.005954530721174f,0.23035207820422046f,-0.7516048975927591f,-0.6180841350346851f,0.28226501966586137f,0f,0f,0f,1f],start_interpolation:0}
execute if entity @s[tag=aj.tultaria.bone.right_arm] run data modify entity @s {} merge value {transformation:[-0.9669815468107357f,-0.06959639793497427f,-0.24515919220374727f,-0.19188294113468704f,0.10901655009453332f,0.7565633889998477f,-0.6447691294025725f,1.3162500000000001f,0.23035207820422046f,-0.650206259443526f,-0.7239956769535678f,0.10503570536490067f,0f,0f,0f,1f],start_interpolation:0}
execute if entity @s[tag=aj.tultaria.bone.skirt] run data modify entity @s {} merge value {transformation:[-0.7014652249977016f,-0.2437590154141997f,-0.669722390639005f,0.04304434827394637f,0f,0.9396926207859084f,-0.3420201433256687f,0.7666934029030169f,0.7127036818474589f,-0.23991523679168636f,-0.6591616956682671f,0.04236559206288163f,0f,0f,0f,1f],start_interpolation:0}
execute if entity @s[tag=aj.tultaria.bone.left_foot] run data modify entity @s {} merge value {transformation:[-0.7014652249977016f,-0.2437590154141997f,-0.669722390639005f,0.27610004007485034f,0f,0.9396926207859084f,-0.3420201433256687f,0.38544648247300767f,0.7127036818474589f,-0.23991523679168636f,-0.6591616956682671f,0.09635782511318333f,0f,0f,0f,1f],start_interpolation:0}
execute if entity @s[tag=aj.tultaria.bone.left_leg] run data modify entity @s {} merge value {transformation:[-0.7014652249977016f,-0.2437590154141997f,-0.669722390639005f,0.08574017200126235f,0f,0.9396926207859084f,-0.3420201433256687f,0.753809486151134f,0.7127036818474589f,-0.23991523679168636f,-0.6591616956682671f,-0.09100030294171282f,0f,0f,0f,1f],start_interpolation:0}
execute if entity @s[tag=aj.tultaria.bone.right_foot] run data modify entity @s {} merge value {transformation:[-0.7014652249977016f,-0.2437590154141998f,-0.6697223906390048f,0.18671073723239454f,0f,0.9396926207859083f,-0.3420201433256688f,0.5156994272486622f,0.7127036818474589f,-0.23991523679168644f,-0.6591616956682671f,0.3591549978227757f,0f,0f,0f,1f],start_interpolation:0}
execute if entity @s[tag=aj.tultaria.bone.right_leg] run data modify entity @s {} merge value {transformation:[-0.7014652249977016f,-0.4814956283877703f,-0.5254602724872645f,-0.08962613424816304f,0f,0.737277336810124f,-0.6755902076156602f,0.753809486151134f,0.7127036818474589f,-0.4739030369913631f,-0.5171744129512199f,0.0871756175201519f,0f,0f,0f,1f],start_interpolation:0}
execute if entity @s[tag=aj.tultaria.bone.lower] run data modify entity @s {} merge value {transformation:[-0.7014652249977016f,0.031087697975205497f,-0.712025345864546f,0f,0f,0.9990482215818578f,0.043619387365336f,0.81625f,0.7127036818474589f,0.03059748337248732f,-0.7007975855354716f,0f,0f,0f,0f,1f],start_interpolation:0}