execute if entity @s[tag=aj.tultaria.bone.head] run data modify entity @s {} merge value {transformation:[-0.5674146171580583f,0.06998657321686445f,-0.8204526383678309f,0f,-0.004229706527586091f,0.9961206165099681f,0.08789668336457117f,1.15625f,0.8234213756140076f,0.053344136820850874f,-0.5649173755946738f,0f,0f,0f,0f,1f],start_interpolation:0}
execute if entity @s[tag=aj.tultaria.bone.bust] run data modify entity @s {} merge value {transformation:[-0.6384992074951127f,0f,-0.7696224801992941f,0.7040608438472034f,0f,1f,0f,0f,0.7696224801992941f,0f,-0.6384992074951127f,-0.06556163635209072f,0f,0f,0f,1f],start_interpolation:0}
execute if entity @s[tag=aj.tultaria.bone.left_wing] run data modify entity @s {} merge value {transformation:[-0.2953745769814126f,0f,-0.9553815255033202f,-0.0562966095564672f,0f,1f,0f,1.0625f,0.9553815255033202f,0f,-0.2953745769814126f,-0.12791380594934493f,0f,0f,0f,1f],start_interpolation:0}
execute if entity @s[tag=aj.tultaria.bone.right_wing] run data modify entity @s {} merge value {transformation:[-0.884418121677411f,0f,-0.46669538893008156f,-0.13610901049335644f,0f,1f,0f,1.0625f,0.46669538893008156f,0f,-0.884418121677411f,-0.031710995924433216f,0f,0f,0f,1f],start_interpolation:0}
execute if entity @s[tag=aj.tultaria.bone.body] run data modify entity @s {} merge value {transformation:[-0.6384992074951127f,0f,-0.7696224801992941f,0.7040608438472034f,0f,1f,0f,0f,0.7696224801992941f,0f,-0.6384992074951127f,-0.06556163635209072f,0f,0f,0f,1f],start_interpolation:0}
execute if entity @s[tag=aj.tultaria.bone.left_hand] run data modify entity @s {} merge value {transformation:[-0.6098741200979387f,-0.5290895534568938f,-0.5900150862965705f,0.20033999817656115f,-0.768057618216755f,0.5780776035758985f,0.2755245530676924f,0.9816021587717312f,0.19529734441095278f,0.6212008762604339f,-0.7589258320806445f,-0.5312916403114045f,0f,0f,0f,1f],start_interpolation:0}
execute if entity @s[tag=aj.tultaria.bone.left_arm] run data modify entity @s {} merge value {transformation:[-0.6098741200979387f,-0.21796102614589496f,-0.7619360529048309f,0.1396717016395559f,-0.768057618216755f,0.39948990622372604f,0.5004950648353726f,1f,0.19529734441095278f,0.8904497773073936f,-0.41104518165189885f,-0.1683549175435956f,0f,0f,0f,1f],start_interpolation:0}
execute if entity @s[tag=aj.tultaria.bone.rod] run data modify entity @s {} merge value {transformation:[-0.42735849385147257f,0.7158731246662449f,0.1549012172760085f,-0.15271992675915735f,0.217038046278683f,-0.04751475122176119f,0.8183769515839676f,0.44826333535476376f,0.6995449979812123f,0.4520752346644553f,-0.15927579226782837f,0.44520855595038844f,0f,0f,0f,1f],start_interpolation:0}
execute if entity @s[tag=aj.tultaria.bone.right_hand] run data modify entity @s {} merge value {transformation:[-0.5039604880323965f,-0.2799261782849609f,-0.81710780268758f,-0.3598307189519653f,0.25594109230976747f,0.8551400943030332f,-0.4508099115843424f,0.7125896317703584f,0.8249351391287874f,-0.4363218466065798f,-0.35931220742467446f,0.2366738375448367f,0f,0f,0f,1f],start_interpolation:0}
execute if entity @s[tag=aj.tultaria.bone.right_arm] run data modify entity @s {} merge value {transformation:[-0.5039604880323965f,0.2801965154003062f,-0.8170151401655141f,-0.1396717016395559f,0.25594109230976747f,0.9518803500073107f,0.16857626326752714f,1f,0.8249351391287874f,-0.1241519715005987f,-0.5514238879510776f,0.1683549175435956f,0f,0f,0f,1f],start_interpolation:0}
execute if entity @s[tag=aj.tultaria.bone.skirt] run data modify entity @s {} merge value {transformation:[-0.995692394104561f,0f,-0.09271815530049958f,0.005794884706281224f,0f,1f,0f,0.453125f,0.09271815530049958f,0f,-0.995692394104561f,0.06223077463153506f,0f,0f,0f,1f],start_interpolation:0}
execute if entity @s[tag=aj.tultaria.bone.left_foot] run data modify entity @s {} merge value {transformation:[-0.995692394104561f,0.03548170191295462f,-0.08566040597433444f,0.13605131867563258f,0f,0.9238795325112867f,0.3826834323650897f,0f,0.09271815530049958f,0.38103498295574706f,-0.9198998235903657f,0.11287177985050768f,0f,0f,0f,1f],start_interpolation:0}
execute if entity @s[tag=aj.tultaria.bone.left_leg] run data modify entity @s {} merge value {transformation:[-0.995692394104561f,0f,-0.09271815530049958f,0.12446154926307013f,0f,1f,0f,0.4375f,0.09271815530049958f,0f,-0.995692394104561f,-0.011589769412562448f,0f,0f,0f,1f],start_interpolation:0}
execute if entity @s[tag=aj.tultaria.bone.right_foot] run data modify entity @s {} merge value {transformation:[-0.995692394104561f,0.03548170191295463f,-0.08566040597433444f,-0.09823075392936068f,0f,0.9238795325112867f,0.38268343236508984f,0.08113813357194827f,0.09271815530049958f,0.3810349829557471f,-0.9198998235903656f,0.2932800524044975f,0f,0f,0f,1f],start_interpolation:0}
execute if entity @s[tag=aj.tultaria.bone.right_leg] run data modify entity @s {} merge value {transformation:[-0.995692394104561f,-0.03548170191295462f,-0.08566040597433444f,-0.12446154926307013f,0f,0.9238795325112867f,-0.3826834323650897f,0.4375f,0.09271815530049958f,-0.38103498295574706f,-0.9198998235903657f,0.011589769412562448f,0f,0f,0f,1f],start_interpolation:0}
execute if entity @s[tag=aj.tultaria.bone.lower] run data modify entity @s {} merge value {transformation:[-0.995692394104561f,0f,-0.09271815530049958f,0f,0f,1f,0f,0.5f,0.09271815530049958f,0f,-0.995692394104561f,0f,0f,0f,0f,1f],start_interpolation:0}