execute if entity @s[tag=aj.tultaria.bone.head] run data modify entity @s {} merge value {transformation:[-0.9682300736297572f,0.10937108815250245f,-0.22487438625875622f,0f,0.05443767968380147f,0.9699009599041816f,0.23733661118249544f,1.15625f,0.24406364651368834f,0.217554804712019f,-0.9450411860851127f,0f,0f,0f,0f,1f],start_interpolation:0}
execute if entity @s[tag=aj.tultaria.bone.bust] run data modify entity @s {} merge value {transformation:[-0.7030068023039524f,0f,-0.7111831240365392f,0.7070949631702458f,0f,1f,0f,0f,0.7111831240365392f,0f,-0.7030068023039524f,-0.004088160866293378f,0f,0f,0f,1f],start_interpolation:0}
execute if entity @s[tag=aj.tultaria.bone.left_wing] run data modify entity @s {} merge value {transformation:[-0.37733559691839996f,0f,-0.9260765882464769f,-0.04495996536057045f,0f,1f,0f,1.0625f,0.9260765882464769f,0f,-0.37733559691839996f,-0.13232479554027776f,0f,0f,0f,1f],start_interpolation:0}
execute if entity @s[tag=aj.tultaria.bone.right_wing] run data modify entity @s {} merge value {transformation:[-0.9216515948112602f,0f,-0.3880184760831117f,-0.1328358156485644f,0f,1f,0f,1.0625f,0.3880184760831117f,0f,-0.9216515948112602f,-0.04342690503571034f,0f,0f,0f,1f],start_interpolation:0}
execute if entity @s[tag=aj.tultaria.bone.body] run data modify entity @s {} merge value {transformation:[-0.7030068023039524f,0f,-0.7111831240365392f,0.7070949631702458f,0f,1f,0f,0f,0.7111831240365392f,0f,-0.7030068023039524f,-0.004088160866293378f,0f,0f,0f,1f],start_interpolation:0}
execute if entity @s[tag=aj.tultaria.bone.left_hand] run data modify entity @s {} merge value {transformation:[-0.538806266238641f,-0.5680741209695037f,-0.6220768445672129f,0.23539452707391267f,-0.8420542323559891f,0.3852147746639849f,0.3775635670346669f,1.0484816104577273f,0.02514910005031301f,0.727256055640172f,-0.6859053522909399f,-0.5115646184777636f,0f,0f,0f,1f],start_interpolation:0}
execute if entity @s[tag=aj.tultaria.bone.left_arm] run data modify entity @s {} merge value {transformation:[-0.538806266238641f,-0.30467075235980545f,-0.7854066081454145f,0.1537827380039896f,-0.8420542323559891f,0.22260864039153072f,0.4913146272953821f,1f,0.02514910005031301f,0.9260783583906624f,-0.37649222686147865f,-0.15557130838299293f,0f,0f,0f,1f],start_interpolation:0}
execute if entity @s[tag=aj.tultaria.bone.rod] run data modify entity @s {} merge value {transformation:[-1.0454821180533738f,0.36767270284933845f,0.16595343022215767f,-0.19628236097263024f,0.2400534502676681f,0.1965701654673359f,1.0767966974573888f,0.523337145647156f,0.32418836875746593f,1.0401603579352623f,-0.2621544352757874f,0.6955312407221509f,0f,0f,0f,1f],start_interpolation:0}
execute if entity @s[tag=aj.tultaria.bone.right_hand] run data modify entity @s {} merge value {transformation:[-0.932961820380527f,-0.05347118759951379f,-0.3559818447743519f,-0.26083178691924186f,0.21421763230857704f,0.7122741110625904f,-0.6684133427140007f,0.7068882694563774f,0.28929750728335085f,-0.6998617169174881f,-0.6530700800625804f,0.3514493368702704f,0f,0f,0f,1f],start_interpolation:0}
execute if entity @s[tag=aj.tultaria.bone.right_arm] run data modify entity @s {} merge value {transformation:[-0.932961820380527f,-0.04057806785389073f,-0.35768095017976315f,-0.1537827380039896f,0.21421763230857704f,0.7359527070111161f,-0.6422494990664591f,1f,0.28929750728335085f,-0.6758158280569162f,-0.6779232396277503f,0.15557130838299293f,0f,0f,0f,1f],start_interpolation:0}
execute if entity @s[tag=aj.tultaria.bone.skirt] run data modify entity @s {} merge value {transformation:[-0.9999832868010659f,0f,-0.005781532542274957f,0.00036134578389218484f,0f,1f,0f,0.453125f,0.005781532542274957f,0f,-0.9999832868010659f,0.062498955425066616f,0f,0f,0f,1f],start_interpolation:0}
execute if entity @s[tag=aj.tultaria.bone.left_foot] run data modify entity @s {} merge value {transformation:[-0.9999832868010659f,0.002212496717608244f,-0.005341439582355779f,0.1257206024179176f,0f,0.9238795325112867f,0.3826834323650897f,0f,0.005781532542274957f,0.3826770365007558f,-0.9238640915288687f,0.12427521928234886f,0f,0f,0f,1f],start_interpolation:0}
execute if entity @s[tag=aj.tultaria.bone.left_leg] run data modify entity @s {} merge value {transformation:[-0.9999832868010659f,0f,-0.005781532542274957f,0.12499791085013323f,0f,1f,0f,0.4375f,0.005781532542274957f,0f,-0.9999832868010659f,-0.0007226915677843697f,0f,0f,0f,1f],start_interpolation:0}
execute if entity @s[tag=aj.tultaria.bone.right_foot] run data modify entity @s {} merge value {transformation:[-0.9999832868010659f,0.002212496717608245f,-0.005341439582355778f,-0.12336226358838515f,0f,0.9238795325112867f,0.38268343236508984f,0.08113813357194827f,0.005781532542274957f,0.38267703650075596f,-0.9238640915288686f,0.2836269064779736f,0f,0f,0f,1f],start_interpolation:0}
execute if entity @s[tag=aj.tultaria.bone.right_leg] run data modify entity @s {} merge value {transformation:[-0.9999832868010659f,-0.002212496717608244f,-0.005341439582355779f,-0.12499791085013323f,0f,0.9238795325112867f,-0.3826834323650897f,0.4375f,0.005781532542274957f,-0.3826770365007558f,-0.9238640915288687f,0.0007226915677843697f,0f,0f,0f,1f],start_interpolation:0}
execute if entity @s[tag=aj.tultaria.bone.lower] run data modify entity @s {} merge value {transformation:[-0.9999832868010659f,0f,-0.005781532542274957f,0f,0f,1f,0f,0.5f,0.005781532542274957f,0f,-0.9999832868010659f,0f,0f,0f,0f,1f],start_interpolation:0}