execute if entity @s[tag=aj.tultaria.bone.head] run data modify entity @s {} merge value {transformation:[-0.9476412196804405f,0.11785287599915892f,-0.2967942357615692f,0f,0.050484145263243074f,0.9730092043687947f,0.2251764625591336f,1.15625f,0.31532121691951975f,0.19840309431138412f,-0.9280133308999721f,0f,0f,0f,0f,1f],start_interpolation:0}
execute if entity @s[tag=aj.tultaria.bone.bust] run data modify entity @s {} merge value {transformation:[-0.7077500663238135f,0f,-0.7064629102922795f,0.7071064883080465f,0f,1f,0f,0f,0.7064629102922795f,0f,-0.7077500663238135f,0.0006435780157670323f,0f,0f,0f,1f],start_interpolation:0}
execute if entity @s[tag=aj.tultaria.bone.left_wing] run data modify entity @s {} merge value {transformation:[-0.3835241490607971f,0f,-0.9235308479348111f,-0.04407348464129668f,0f,1f,0f,1.0625f,0.9235308479348111f,0f,-0.3835241490607971f,-0.13262269018374412f,0f,0f,0f,1f],start_interpolation:0}
execute if entity @s[tag=aj.tultaria.bone.right_wing] run data modify entity @s {} merge value {transformation:[-0.924227451759357f,0f,-0.3818423986599774f,-0.1325422429317733f,0f,1f,0f,1.0625f,0.3818423986599774f,0f,-0.924227451759357f,-0.04431482639720924f,0f,0f,0f,1f],start_interpolation:0}
execute if entity @s[tag=aj.tultaria.bone.body] run data modify entity @s {} merge value {transformation:[-0.7077500663238135f,0f,-0.7064629102922795f,0.7071064883080465f,0f,1f,0f,0f,0.7064629102922795f,0f,-0.7077500663238135f,0.0006435780157670323f,0f,0f,0f,1f],start_interpolation:0}
execute if entity @s[tag=aj.tultaria.bone.left_hand] run data modify entity @s {} merge value {transformation:[-0.5215900935974171f,-0.5665372892368148f,-0.6379492724074844f,0.23576959041889065f,-0.8531950913347129f,0.3451332496765892f,0.39107694395096726f,1.0609676012282934f,-0.0013821661941879615f,0.7482770475377942f,-0.6633849182373179f,-0.5087595343851157f,0f,0f,0f,1f],start_interpolation:0}
execute if entity @s[tag=aj.tultaria.bone.left_arm] run data modify entity @s {} merge value {transformation:[-0.5215900935974171f,-0.3100217081268536f,-0.7948775470166114f,0.1548203270083342f,-0.8531950913347129f,0.1880181214734118f,0.48652576716959217f,1f,-0.0013821661941879615f,0.9319526417622932f,-0.3625773891583621f,-0.15453876162643615f,0f,0f,0f,1f],start_interpolation:0}
execute if entity @s[tag=aj.tultaria.bone.rod] run data modify entity @s {} merge value {transformation:[-0.9120456442483562f,0.2518712534088188f,-0.3236257321565625f,-0.20505641791667842f,0.2288431652374554f,0.9674516149993049f,0.10801934252410184f,0.48202068708543166f,0.34029920442414097f,0.024459033944681574f,-0.9399990463435532f,0.6437212675907755f,0f,0f,0f,1f],start_interpolation:0}
execute if entity @s[tag=aj.tultaria.bone.right_hand] run data modify entity @s {} merge value {transformation:[-0.9120456442483562f,-0.05073807850303561f,-0.40693782104569776f,-0.274950424986029f,0.2288431652374554f,0.7604728070339902f,-0.6077103878377808f,0.6912341912434554f,0.34029920442414097f,-0.6473845512148579f,-0.6819748487419705f,0.31570520479245756f,0f,0f,0f,1f],start_interpolation:0}
execute if entity @s[tag=aj.tultaria.bone.right_arm] run data modify entity @s {} merge value {transformation:[-0.9120456442483562f,-0.011071947581214714f,-0.40993920864484207f,-0.1548203270083342f,0.2288431652374554f,0.8157748882006194f,-0.5311705352383259f,1f,0.34029920442414097f,-0.5782635590784065f,-0.7414901939407363f,0.15453876162643615f,0f,0f,0f,1f],start_interpolation:0}
execute if entity @s[tag=aj.tultaria.bone.skirt] run data modify entity @s {} merge value {transformation:[-0.9999995858072518f,0f,0.0009101567583429592f,-0.00005688479739643495f,0f,1f,0f,0.453125f,-0.0009101567583429592f,0f,-0.9999995858072518f,0.06249997411295324f,0f,0f,0f,1f],start_interpolation:0}
execute if entity @s[tag=aj.tultaria.bone.left_foot] run data modify entity @s {} merge value {transformation:[-0.9999995858072518f,-0.00034830191227296715f,0.0008408752004098813f,0.1248861786311136f,0f,0.9238795325112867f,0.3826834323650897f,0f,-0.0009101567583429592f,0.3826832738603872f,-0.9238791498470842f,0.12511371782069935f,0f,0f,0f,1f],start_interpolation:0}
execute if entity @s[tag=aj.tultaria.bone.left_leg] run data modify entity @s {} merge value {transformation:[-0.9999995858072518f,0f,0.0009101567583429592f,0.12499994822590647f,0f,1f,0f,0.4375f,-0.0009101567583429592f,0f,-0.9999995858072518f,0.0001137695947928699f,0f,0f,0f,1f],start_interpolation:0}
execute if entity @s[tag=aj.tultaria.bone.right_foot] run data modify entity @s {} merge value {transformation:[-0.9999995858072518f,-0.0003483019122729672f,0.0008408752004098812f,-0.12525743971257713f,0f,0.9238795325112867f,0.38268343236508984f,0.08113813357194827f,-0.0009101567583429592f,0.38268327386038736f,-0.9238791498470842f,0.2827950564500121f,0f,0f,0f,1f],start_interpolation:0}
execute if entity @s[tag=aj.tultaria.bone.right_leg] run data modify entity @s {} merge value {transformation:[-0.9999995858072518f,0.00034830191227296715f,0.0008408752004098813f,-0.12499994822590647f,0f,0.9238795325112867f,-0.3826834323650897f,0.4375f,-0.0009101567583429592f,-0.3826832738603872f,-0.9238791498470842f,-0.0001137695947928699f,0f,0f,0f,1f],start_interpolation:0}
execute if entity @s[tag=aj.tultaria.bone.lower] run data modify entity @s {} merge value {transformation:[-0.9999995858072518f,0f,0.0009101567583429592f,0f,0f,1f,0f,0.5f,-0.0009101567583429592f,0f,-0.9999995858072518f,0f,0f,0f,0f,1f],start_interpolation:0}