execute if entity @s[tag=aj.tultaria.bone.head] run data modify entity @s {} merge value {transformation:[-0.9656106267201193f,0.03377852369704824f,-0.2577889231561872f,0f,-0.015363618759276165f,0.9823783023775402f,0.1862708518164929f,1.50936f,0.25953819908406206f,0.18382568469795013f,-0.9480759678746908f,0f,0f,0f,0f,1f],start_interpolation:0}
execute if entity @s[tag=aj.tultaria.bone.bust] run data modify entity @s {} merge value {transformation:[-0.8195264274962636f,0f,-0.5730413899843637f,0.6962839087403137f,0f,1f,0f,0.35311000000000003f,0.5730413899843637f,0f,-0.8195264274962636f,0.12324251875594994f,0f,0f,0f,1f],start_interpolation:0}
execute if entity @s[tag=aj.tultaria.bone.left_wing] run data modify entity @s {} merge value {transformation:[-0.3008028609990322f,0.064206605343607f,-0.9515225434245094f,-0.020409772029528983f,-0.3043609068327772f,0.939093759973208f,0.1595849252633605f,1.41561f,0.9038152893189662f,0.33760986628004985f,-0.26294010911924487f,-0.13825589031105567f,0f,0f,0f,1f],start_interpolation:0}
execute if entity @s[tag=aj.tultaria.bone.right_wing] run data modify entity @s {} merge value {transformation:[-0.9521538245058448f,0.29505968843043084f,0.07964216686046494f,-0.12285057546656197f,0.3043609068327772f,0.939093759973208f,0.1595849252633605f,1.41561f,-0.027704383603006866f,0.17618935905076658f,-0.9839663494685464f,-0.0666257165630102f,0f,0f,0f,1f],start_interpolation:0}
execute if entity @s[tag=aj.tultaria.bone.body] run data modify entity @s {} merge value {transformation:[-0.8195264274962636f,0f,-0.5730413899843637f,0.6962839087403137f,0f,1f,0f,0.35311000000000003f,0.5730413899843637f,0f,-0.8195264274962636f,0.12324251875594994f,0f,0f,0f,1f],start_interpolation:0}
execute if entity @s[tag=aj.tultaria.bone.left_hand] run data modify entity @s {} merge value {transformation:[-0.6966792192389728f,-0.62692680075604f,-0.3487131370831502f,0.34572710520062366f,-0.7097610983698294f,0.6730338554775417f,0.20800147264355814f,1.274898301800288f,0.10429404930977021f,0.3924133227539962f,-0.9138569556575795f,-0.44459819239425713f,0f,0f,0f,1f],start_interpolation:0}
execute if entity @s[tag=aj.tultaria.bone.left_arm] run data modify entity @s {} merge value {transformation:[-0.6966792192389728f,-0.4472116092929341f,-0.5609276619976943f,0.17927140601480765f,-0.7097610983698294f,0.5433658288904293f,0.4483221600981487f,1.35311f,0.10429404930977021f,0.7104613659502119f,-0.6959650844480134f,-0.12535280405907956f,0f,0f,0f,1f],start_interpolation:0}
execute if entity @s[tag=aj.tultaria.bone.rod] run data modify entity @s {} merge value {transformation:[-0.8881023817055453f,0.2949359599747118f,0.019568830387461295f,-0.14680362932632585f,0.09257189281957318f,0.2186785373864008f,0.9053762433079111f,0.9171466032582214f,0.2807144532594278f,0.8609811129173157f,-0.23665780978222722f,0.6844357612059986f,0f,0f,0f,1f],start_interpolation:0}
execute if entity @s[tag=aj.tultaria.bone.sword] run data modify entity @s {} merge value {transformation:[-0.00000948827330881993f,-0.0000017756645468398689f,-0.0000026114526674307737f,-0.18869566779496988f,9.89015948927064e-7f,0.000006182575318026602f,-0.000007797282211751487f,0.8836875177310335f,0.000002999086039096451f,-0.00000765655130290552f,-0.000005690580381303171f,0.6671333095408164f,0f,0f,0f,1f],start_interpolation:0}
execute if entity @s[tag=aj.tultaria.bone.right_hand] run data modify entity @s {} merge value {transformation:[-0.9488273308819929f,-0.17756645468398688f,-0.26114526674307736f,-0.2460342081757056f,0.09890159489270639f,0.6182575318026602f,-0.7797282211751486f,1.0515271500373256f,0.2999086039096451f,-0.765655130290552f,-0.5690580381303171f,0.326182832580752f,0f,0f,0f,1f],start_interpolation:0}
execute if entity @s[tag=aj.tultaria.bone.right_arm] run data modify entity @s {} merge value {transformation:[-0.9488273308819929f,-0.1415425147219186f,-0.28229844614795324f,-0.17927140601480765f,0.09890159489270639f,0.7157692986881271f,-0.6912978993047684f,1.35311f,0.2999086039096451f,-0.6838421072014373f,-0.6651426927504094f,0.12535280405907956f,0f,0f,0f,1f],start_interpolation:0}
execute if entity @s[tag=aj.tultaria.bone.skirt] run data modify entity @s {} merge value {transformation:[-0.7330746434250057f,-0.15485010691529483f,-0.6622862006380795f,0.04107813180894649f,0f,0.9737380845862745f,-0.22767112822282376f,0.8035534029030169f,0.6801481950040746f,-0.1668999311401153f,-0.7138226991474311f,0.0442746699169413f,0f,0f,0f,1f],start_interpolation:0}
execute if entity @s[tag=aj.tultaria.bone.left_foot] run data modify entity @s {} merge value {transformation:[-0.7330746434250057f,-0.07487157180595562f,-0.6760146558341812f,0.24031279930934485f,0f,0.9939225903997752f,-0.11008126222478183f,0.39311796517249187f,0.6801481950040746f,-0.08069778205320655f,-0.728619448549373f,0.0752295162142662f,0f,0f,0f,1f],start_interpolation:0}
execute if entity @s[tag=aj.tultaria.bone.left_leg] run data modify entity @s {} merge value {transformation:[-0.7330746434250057f,-0.15485010691529483f,-0.6622862006380795f,0.08978010245414342f,0f,0.9737380845862745f,-0.22767112822282376f,0.790669486151134f,0.6801481950040746f,-0.1668999311401153f,-0.7138226991474311f,-0.08701704105296314f,0f,0f,0f,1f],start_interpolation:0}
execute if entity @s[tag=aj.tultaria.bone.right_foot] run data modify entity @s {} merge value {transformation:[-0.7330746434250057f,-0.07487157180595572f,-0.6760146558341812f,0.14906080384892695f,0f,0.993922590399775f,-0.1100812622247821f,0.5080765632039455f,0.6801481950040746f,-0.08069778205320666f,-0.7286194485493729f,0.3444436041307047f,0f,0f,0f,1f],start_interpolation:0}
execute if entity @s[tag=aj.tultaria.bone.right_leg] run data modify entity @s {} merge value {transformation:[-0.7330746434250057f,-0.3965088008544402f,-0.5526140950177391f,-0.09348855840210801f,0f,0.8124907175772603f,-0.5829741279429034f,0.790669486151134f,0.6801481950040746f,-0.42736355096774753f,-0.5956163430740771f,0.08302000769805552f,0f,0f,0f,1f],start_interpolation:0}
execute if entity @s[tag=aj.tultaria.bone.lower] run data modify entity @s {} merge value {transformation:[-0.7330746434250057f,0.02966764758371682f,-0.6795008446309314f,0f,0f,0.9990482215818578f,0.043619387365336f,0.85311f,0.6801481950040746f,0.031976266839260886f,-0.7323769188005065f,0f,0f,0f,0f,1f],start_interpolation:0}