execute if entity @s[tag=aj.tultaria.bone.head] run data modify entity @s {} merge value {transformation:[-0.9610790361832153f,0.028689895359061038f,-0.27477986846460967f,0f,-0.021998033511608547f,0.9834887019622389f,0.17962755811470701f,1.475349375f,0.2753963920075284f,0.17868089717962696f,-0.9445792524993969f,0f,0f,0f,0f,1f],start_interpolation:0}
execute if entity @s[tag=aj.tultaria.bone.bust] run data modify entity @s {} merge value {transformation:[-0.8448201857066523f,0f,-0.5350503283080739f,0.6899352570073631f,0f,1f,0f,0.31909937499999996f,0.5350503283080739f,0f,-0.8448201857066523f,0.15488492869928921f,0f,0f,0f,1f],start_interpolation:0}
execute if entity @s[tag=aj.tultaria.bone.left_wing] run data modify entity @s {} merge value {transformation:[-0.22121856108820503f,0.0912809159531224f,-0.9709429141884824f,-0.0140800294318435f,-0.3910239073432964f,0.9037724489617831f,0.17405649767705403f,1.381599375f,0.8933994918937693f,0.4181664200774379f,-0.16423822028862395f,-0.1390431687325862f,0f,0f,0f,1f],start_interpolation:0}
execute if entity @s[tag=aj.tultaria.bone.right_wing] run data modify entity @s {} merge value {transformation:[-0.9022294000218728f,0.3390229484991022f,0.2665437114755224f,-0.11968255264517502f,0.3910239073432964f,0.9037724489617831f,0.17405649767705403f,1.381599375f,-0.1818857158276938f,0.26126385300802f,-0.9479761523842523f,-0.07216187769407695f,0f,0f,0f,1f],start_interpolation:0}
execute if entity @s[tag=aj.tultaria.bone.body] run data modify entity @s {} merge value {transformation:[-0.8448201857066523f,0f,-0.5350503283080739f,0.6899352570073631f,0f,1f,0f,0.31909937499999996f,0.5350503283080739f,0f,-0.8448201857066523f,0.15488492869928921f,0f,0f,0f,1f],start_interpolation:0}
execute if entity @s[tag=aj.tultaria.bone.left_hand] run data modify entity @s {} merge value {transformation:[-0.5018644520372524f,-0.698527319583897f,-0.5100898504933076f,0.3701863441438068f,-0.8604515186612898f,0.34315405791511655f,0.3766543197281411f,1.3523370026415853f,-0.088063930271301f,0.6279370002885042f,-0.7732657162022938f,-0.43369820539576215f,0f,0f,0f,1f],start_interpolation:0}
execute if entity @s[tag=aj.tultaria.bone.left_arm] run data modify entity @s {} merge value {transformation:[-0.5018644520372524f,-0.5779288307740671f,-0.643529593990415f,0.1848044156233302f,-0.8604515186612898f,0.2578358638353859f,0.43948134357870106f,1.319099375f,-0.088063930271301f,0.774286080128256f,-0.6266783946369872f,-0.11704225931739115f,0f,0f,0f,1f],start_interpolation:0}
execute if entity @s[tag=aj.tultaria.bone.rod] run data modify entity @s {} merge value {transformation:[-1.0391239597326496f,0.3201283780741445f,0.06803245837113979f,-0.19691437437335543f,0.13079992295088266f,0.19863092801178223f,1.0631680639127972f,0.8271923082553154f,0.3000032899760375f,1.0222293155254647f,-0.2278913118457082f,0.6300135497976821f,0f,0f,0f,1f],start_interpolation:0}
execute if entity @s[tag=aj.tultaria.bone.sword] run data modify entity @s {} merge value {transformation:[-0.000009538108758382302f,-0.0000011388230143152469f,-0.0000027798495382550462f,-0.23975150895387062f,0.000001200611225454303f,0.0000070373213287023155f,-0.000007002473934396658f,0.7981201217673758f,0.0000027537272919779067f,-0.00000701278765247155f,-0.000006575545250605353f,0.6077960792229005f,0f,0f,0f,1f],start_interpolation:0}
execute if entity @s[tag=aj.tultaria.bone.right_hand] run data modify entity @s {} merge value {transformation:[-0.9538108758382301f,-0.11388230143152467f,-0.2779849538255046f,-0.27436835663836523f,0.12006112254543029f,0.7037321328702315f,-0.7002473934396657f,1.003560933901694f,0.27537272919779066f,-0.7012787652471549f,-0.6575545250605352f,0.28483969719743213f,0f,0f,0f,1f],start_interpolation:0}
execute if entity @s[tag=aj.tultaria.bone.right_arm] run data modify entity @s {} merge value {transformation:[-0.9538108758382301f,-0.07865206298469765f,-0.2899287259327018f,-0.1848044156233302f,0.12006112254543029f,0.784882516127528f,-0.6079019351264247f,1.319099375f,0.27537272919779066f,-0.6146326454603366f,-0.7391864251652546f,0.11704225931739115f,0f,0f,0f,1f],start_interpolation:0}
execute if entity @s[tag=aj.tultaria.bone.skirt] run data modify entity @s {} merge value {transformation:[-0.7001715036296315f,-0.23799191009631632f,-0.6731416761973128f,0.043121112217210426f,0f,0.9428088707403317f,-0.33333381654632765f,0.7695427779030168f,0.713974695283398f,-0.233390839541846f,-0.660127904661613f,0.04228745665463973f,0f,0f,0f,1f],start_interpolation:0}
execute if entity @s[tag=aj.tultaria.bone.left_foot] run data modify entity @s {} merge value {transformation:[-0.7001715036296315f,-0.2317698244076334f,-0.675309272851392f,0.273839161970343f,0f,0.9458448279925966f,-0.32461910196360255f,0.3858467072705297f,0.713974695283398f,-0.2272890447287563f,-0.6622535954158866f,0.0934688277193976f,0f,0f,0f,1f],start_interpolation:0}
execute if entity @s[tag=aj.tultaria.bone.left_leg] run data modify entity @s {} merge value {transformation:[-0.7001715036296315f,-0.23799191009631632f,-0.6731416761973128f,0.08557499177854055f,0f,0.9428088707403317f,-0.33333381654632765f,0.7566588611511339f,0.713974695283398f,-0.233390839541846f,-0.660127904661613f,-0.09115565266286166f,0f,0f,0f,1f],start_interpolation:0}
execute if entity @s[tag=aj.tultaria.bone.right_foot] run data modify entity @s {} merge value {transformation:[-0.7001715036296315f,-0.23176982440763336f,-0.6753092728513919f,0.18578115740060283f,0f,0.9458448279925964f,-0.32461910196360244f,0.514980850069009f,0.713974695283398f,-0.22728904472875622f,-0.6622535954158865f,0.35726570424458115f,0f,0f,0f,1f],start_interpolation:0}
execute if entity @s[tag=aj.tultaria.bone.right_leg] run data modify entity @s {} merge value {transformation:[-0.7001715036296315f,-0.47747602175643034f,-0.5308262560882551f,-0.08946788412886733f,0f,0.7434804897077679f,-0.6687576253201885f,0.7566588611511339f,0.713974695283398f,-0.46824503208421814f,-0.5205638523979828f,0.08733802115798783f,0f,0f,0f,1f],start_interpolation:0}
execute if entity @s[tag=aj.tultaria.bone.lower] run data modify entity @s {} merge value {transformation:[-0.7001715036296315f,0.03114313880261427f,-0.7132951495773275f,0f,0f,0.9990482215818578f,0.043619387365336f,0.819099375f,0.713974695283398f,0.03054105203899066f,-0.6995050955034787f,0f,0f,0f,0f,1f],start_interpolation:0}