execute if entity @s[tag=aj.tultaria.bone.head] run data modify entity @s {} merge value {transformation:[-0.9993208117973039f,-0.016427925458082762f,-0.03298542668999885f,0f,-0.020960621380765824f,0.9896229364439062f,0.14215166553886197f,1.4774577777777778f,0.030307877855597132f,0.1427465128445664f,-0.9892951357459543f,0f,0f,0f,0f,1f],start_interpolation:0}
execute if entity @s[tag=aj.tultaria.bone.bust] run data modify entity @s {} merge value {transformation:[-0.9722927799210928f,0f,-0.23376644351427694f,0.6030296117176849f,0f,1f,0f,0.32120777777777776f,0.23376644351427694f,0f,-0.9722927799210928f,0.3692631682034079f,0f,0f,0f,1f],start_interpolation:0}
execute if entity @s[tag=aj.tultaria.bone.left_wing] run data modify entity @s {} merge value {transformation:[-0.5050670224000876f,-0.05003967398318582f,-0.8616283038013353f,0.03154749330578366f,-0.38638599953766944f,0.905797746446404f,0.17388588756391968f,1.3837077777777778f,0.7717597827337114f,0.420745140863531f,-0.4768232001429272f,-0.13614700020977888f,0f,0f,0f,1f],start_interpolation:0}
execute if entity @s[tag=aj.tultaria.bone.right_wing] run data modify entity @s {} merge value {transformation:[-0.8006921545188607f,0.23583250532260036f,0.5507041884035482f,-0.08998910418435291f,0.38638599953766944f,0.905797746446404f,0.17388588756391968f,1.3837077777777778f,-0.45781866831008655f,0.3520134542398653f,-0.8163875274530457f,-0.10692619477049425f,0f,0f,0f,1f],start_interpolation:0}
execute if entity @s[tag=aj.tultaria.bone.body] run data modify entity @s {} merge value {transformation:[-0.9722927799210928f,0f,-0.23376644351427694f,0.6030296117176849f,0f,1f,0f,0.32120777777777776f,0.23376644351427694f,0f,-0.9722927799210928f,0.3692631682034079f,0f,0f,0f,1f],start_interpolation:0}
execute if entity @s[tag=aj.tultaria.bone.left_hand] run data modify entity @s {} merge value {transformation:[-0.29269011335225215f,-0.9502397223330457f,-0.10666286910758735f,0.5287854574042019f,-0.9083893704019769f,0.24148445972511765f,0.34134148217286503f,1.3815359743834148f,-0.2985988099215168f,0.19679869362291144f,-0.9338677769908166f,-0.23054029644350965f,0f,0f,0f,1f],start_interpolation:0}
execute if entity @s[tag=aj.tultaria.bone.left_arm] run data modify entity @s {} merge value {transformation:[-0.29269011335225215f,-0.9152421871197045f,-0.2768830736288983f,0.21268904560773905f,-0.9083893704019769f,0.17571782023709948f,0.3794100675941833f,1.3212077777777778f,-0.2985988099215168f,0.3625672166198463f,-0.8828271428462038f,-0.05113640951874808f,0f,0f,0f,1f],start_interpolation:0}
execute if entity @s[tag=aj.tultaria.bone.rod] run data modify entity @s {} merge value {transformation:[-1.1058179926652527f,-0.20380864492171963f,-0.0019778763710714443f,-0.29465806798196126f,-0.16513960591328075f,0.9023199701643114f,-0.6503252191353636f,1.649826457148103f,0.11946039636035495f,-0.6392620873630975f,-0.9173050234265474f,0.6290836472188739f,0f,0f,0f,1f],start_interpolation:0}
execute if entity @s[tag=aj.tultaria.bone.sword] run data modify entity @s {} merge value {transformation:[-0.000009834349737141577f,1.0099282016293718e-7f,0.0000018097971427369964f,-0.316906986803949f,-0.0000014686328589125761f,-0.0000062959746569488776f,-0.000007629142851250057f,1.6094753723487667f,0.0000010623948292916944f,-0.000007768558654559617f,0.000006206513808682073f,0.6614966645386077f,0f,0f,0f,1f],start_interpolation:0}
execute if entity @s[tag=aj.tultaria.bone.right_hand] run data modify entity @s {} merge value {transformation:[-0.9834349737141576f,0.010099282016293717f,0.18097971427369963f,-0.26824837294163867f,-0.1468632858912576f,-0.6295974656948877f,-0.7629142851250056f,1.3183631218718945f,0.10623948292916943f,-0.7768558654559616f,0.6206513808682073f,0.4153441202814142f,0f,0f,0f,1f],start_interpolation:0}
execute if entity @s[tag=aj.tultaria.bone.right_arm] run data modify entity @s {} merge value {transformation:[-0.9834349737141576f,-0.05992741829879947f,0.17106828172363017f,-0.21268904560773905f,-0.1468632858912576f,-0.28971755504448815f,-0.9457774122679541f,1.3212077777777778f,0.10623948292916943f,-0.955234234538883f,0.27611723856336445f,0.05113640951874808f,0f,0f,0f,1f],start_interpolation:0}
execute if entity @s[tag=aj.tultaria.bone.skirt] run data modify entity @s {} merge value {transformation:[-0.860519833856079f,-0.1665222987567591f,-0.48143113687948247f,0.03076667148566425f,0f,0.9450630751798048f,-0.32688802965494257f,0.7716511806807946f,0.5094169368408419f,-0.2812936329682122f,-0.8132455204372407f,0.051971831167089956f,0f,0f,0f,1f],start_interpolation:0}
execute if entity @s[tag=aj.tultaria.bone.left_foot] run data modify entity @s {} merge value {transformation:[-0.860519833856079f,-0.15877081054324987f,-0.48404281345739014f,0.23920859862936955f,0f,0.9501898709124006f,-0.311671636847942f,0.38616317224461494f,0.5094169368408419f,-0.26819962515804324f,-0.8176572298492681f,0.15869857812511f,0f,0f,0f,1f],start_interpolation:0}
execute if entity @s[tag=aj.tultaria.bone.left_leg] run data modify entity @s {} merge value {transformation:[-0.860519833856079f,-0.1665222987567591f,-0.48143113687948247f,0.10617620081335215f,0f,0.9450630751798048f,-0.32688802965494257f,0.7587672639289117f,0.5094169368408419f,-0.2812936329682122f,-0.8132455204372407f,-0.06602307635313792f,0f,0f,0f,1f],start_interpolation:0}
execute if entity @s[tag=aj.tultaria.bone.right_foot] run data modify entity @s {} merge value {transformation:[-0.860519833856079f,-0.15877081054324985f,-0.4840428134573901f,0.08658961370570951f,0f,0.9501898709124007f,-0.31167163684794186f,0.514462369587739f,0.5094169368408419f,-0.26819962515804313f,-0.8176572298492681f,0.3916479126842089f,0f,0f,0f,1f],start_interpolation:0}
execute if entity @s[tag=aj.tultaria.bone.right_leg] run data modify entity @s {} merge value {transformation:[-0.860519833856079f,-0.3380822634365671f,-0.3810590488230321f,-0.1089537576506676f,0f,0.7480297989033826f,-0.6636651414324585f,0.7587672639289117f,0.5094169368408419f,-0.5710970172415303f,-0.6436944782717349f,0.061331157857072556f,0f,0f,0f,1f],start_interpolation:0}
execute if entity @s[tag=aj.tultaria.bone.lower] run data modify entity @s {} merge value {transformation:[-0.860519833856079f,0.022220454698523587f,-0.5089320847945207f,0f,0f,0.9990482215818578f,0.043619387365336f,0.8212077777777778f,0.5094169368408419f,0.037535347968522884f,-0.8597008096498314f,0f,0f,0f,0f,1f],start_interpolation:0}