execute if entity @s[tag=aj.tultaria.bone.head] run data modify entity @s {} merge value {transformation:[-0.968701746217637f,0f,0.24822757073882934f,0f,0f,1f,0f,1.15625f,-0.24822757073882934f,0f,-0.968701746217637f,0f,0f,0f,0f,1f],start_interpolation:0}
execute if entity @s[tag=aj.tultaria.bone.bust] run data modify entity @s {} merge value {transformation:[-0.81545940835254f,0f,0.5788142649670318f,0.11832257169275412f,0f,1f,0f,0f,-0.5788142649670318f,0f,-0.81545940835254f,0.6971368366597859f,0f,0f,0f,1f],start_interpolation:0}
execute if entity @s[tag=aj.tultaria.bone.left_wing] run data modify entity @s {} merge value {transformation:[-0.9748888865901354f,0f,0.2226918471858501f,0.12331799614291272f,0f,1f,0f,1.0625f,-0.2226918471858501f,0f,-0.9748888865901354f,-0.06575653448362817f,0f,0f,0f,1f],start_interpolation:0}
execute if entity @s[tag=aj.tultaria.bone.right_wing] run data modify entity @s {} merge value {transformation:[-0.531883627351215f,0f,0.8468174578713608f,0.02138557009884523f,0f,1f,0f,1.0625f,-0.8468174578713608f,0f,-0.531883627351215f,-0.13810831760450704f,0f,0f,0f,1f],start_interpolation:0}
execute if entity @s[tag=aj.tultaria.bone.body] run data modify entity @s {} merge value {transformation:[-0.81545940835254f,0f,0.5788142649670318f,0.11832257169275412f,0f,1f,0f,0f,-0.5788142649670318f,0f,-0.81545940835254f,0.6971368366597859f,0f,0f,0f,1f],start_interpolation:0}
execute if entity @s[tag=aj.tultaria.bone.left_hand] run data modify entity @s {} merge value {transformation:[-0.6255530415946301f,0.26107926711967644f,0.735201338703868f,0.4234329876389531f,-0.20215342367211267f,0.8559221957515766f,-0.4759529263671386f,0.7249276524682778f,-0.7535365853423113f,-0.446357268452136f,-0.48264666522270455f,0.12139260530365831f,0f,0f,0f,1f],start_interpolation:0}
execute if entity @s[tag=aj.tultaria.bone.left_arm] run data modify entity @s {} merge value {transformation:[-0.6255530415946301f,-0.35244268486903385f,0.6960370292118184f,0.17838174557711814f,-0.20215342367211267f,0.9349005756547031f,0.2917103133900959f,1f,-0.7535365853423113f,0.04177400534796186f,-0.6560773940838368f,0.1266156204615382f,0f,0f,0f,1f],start_interpolation:0}
execute if entity @s[tag=aj.tultaria.bone.rod] run data modify entity @s {} merge value {transformation:[-0.5610514020410706f,0.8286217049992184f,-0.24095528870872107f,-0.5540886633696331f,-0.007027846593612881f,-0.2917828738311385f,-0.9870488441793872f,1.5720816728151659f,-0.862915981150408f,-0.5363775549254426f,0.16470332398648901f,0.0011764370806043312f,0f,0f,0f,1f],start_interpolation:0}
execute if entity @s[tag=aj.tultaria.bone.right_hand] run data modify entity @s {} merge value {transformation:[-0.5450821970493893f,0.4249153433747126f,-0.7227256391083416f,-0.4850861144926586f,-0.00682781300935445f,-0.8642688116325115f,-0.50298389855823f,1.1851078811331952f,-0.8383548052163357f,-0.2692329329856892f,0.47399878519528243f,-0.040536064639618785f,0f,0f,0f,1f],start_interpolation:0}
execute if entity @s[tag=aj.tultaria.bone.right_arm] run data modify entity @s {} merge value {transformation:[-0.5450821970493893f,0.5779291083822073f,-0.607357673981615f,-0.17838174557711814f,-0.00682781300935445f,-0.727475795505218f,-0.6860993717556952f,1f,-0.8383548052163357f,-0.3698336283230571f,0.4004800967989333f,-0.1266156204615382f,0f,0f,0f,1f],start_interpolation:0}
execute if entity @s[tag=aj.tultaria.bone.skirt] run data modify entity @s {} merge value {transformation:[-0.9748888865901355f,0f,0.22269184718585014f,-0.013918240449115634f,0f,1f,0f,0.453125f,-0.22269184718585014f,0f,-0.9748888865901355f,0.06093055541188347f,0f,0f,0f,1f],start_interpolation:0}
execute if entity @s[tag=aj.tultaria.bone.left_foot] run data modify entity @s {} merge value {transformation:[-0.9748888865901355f,-0.08522048044080317f,0.20574043967213812f,0.09402462992553567f,0f,0.9238795325112867f,0.3826834323650897f,0f,-0.22269184718585014f,0.37307382529489375f,-0.9006798887933433f,0.1496975917219982f,0f,0f,0f,1f],start_interpolation:0}
execute if entity @s[tag=aj.tultaria.bone.left_leg] run data modify entity @s {} merge value {transformation:[-0.9748888865901355f,0f,0.22269184718585014f,0.12186111082376694f,0f,1f,0f,0.4375f,-0.22269184718585014f,0f,-0.9748888865901355f,0.027836480898231267f,0f,0f,0f,1f],start_interpolation:0}
execute if entity @s[tag=aj.tultaria.bone.right_foot] run data modify entity @s {} merge value {transformation:[-0.9748888865901355f,-0.08522048044080321f,0.20574043967213812f,-0.18486262597563557f,0f,0.9238795325112867f,0.38268343236508984f,0.08113813357194827f,-0.22269184718585014f,0.3730738252948939f,-0.9006798887933432f,0.24796830376745266f,0f,0f,0f,1f],start_interpolation:0}
execute if entity @s[tag=aj.tultaria.bone.right_leg] run data modify entity @s {} merge value {transformation:[-0.9748888865901355f,0.08522048044080317f,0.20574043967213812f,-0.12186111082376694f,0f,0.9238795325112867f,-0.3826834323650897f,0.4375f,-0.22269184718585014f,-0.37307382529489375f,-0.9006798887933433f,-0.027836480898231267f,0f,0f,0f,1f],start_interpolation:0}
execute if entity @s[tag=aj.tultaria.bone.lower] run data modify entity @s {} merge value {transformation:[-0.9748888865901355f,0f,0.22269184718585014f,0f,0f,1f,0f,0.5f,-0.22269184718585014f,0f,-0.9748888865901355f,0f,0f,0f,0f,1f],start_interpolation:0}