execute if entity @s[tag=aj.tultaria.bone.head] run data modify entity @s {} merge value {transformation:[-0.980905863506432f,0.030874587332879053f,-0.19201678779660214f,0f,-0.0036107867155557444f,0.9842571886196726f,0.1767052598815127f,1.57338f,0.1944496057028547f,0.17402455719674334f,-0.9653521659656034f,0f,0f,0f,0f,1f],start_interpolation:0}
execute if entity @s[tag=aj.tultaria.bone.bust] run data modify entity @s {} merge value {transformation:[-0.8196415480619679f,0f,-0.5728767168340679f,0.6962591324480178f,0f,1f,0f,0.41713f,0.5728767168340679f,0f,-0.8196415480619679f,0.12338241561394997f,0f,0f,0f,1f],start_interpolation:0}
execute if entity @s[tag=aj.tultaria.bone.left_wing] run data modify entity @s {} merge value {transformation:[-0.49115294311203533f,0.007228319256228924f,-0.8710433616491867f,-0.020381992850385555f,-0.08248507167529803f,0.9950862492342534f,0.05476832602541758f,1.47963f,0.8671591546095254f,0.09874769863462904f,-0.48814331152977775f,-0.13825998830987524f,0f,0f,0f,1f],start_interpolation:0}
execute if entity @s[tag=aj.tultaria.bone.right_wing] run data modify entity @s {} merge value {transformation:[-0.9831275360961049f,0.09025083884022107f,-0.15910698871588969f,-0.12283718635813157f,0.08248507167529803f,0.9950862492342534f,0.05476832602541758f,1.47963f,0.16326806399392013f,0.04072029805320598f,-0.9857410393232775f,-0.06665039870561679f,0f,0f,0f,1f],start_interpolation:0}
execute if entity @s[tag=aj.tultaria.bone.body] run data modify entity @s {} merge value {transformation:[-0.8196415480619679f,0f,-0.5728767168340679f,0.6962591324480178f,0f,1f,0f,0.41713f,0.5728767168340679f,0f,-0.8196415480619679f,0.12338241561394997f,0f,0f,0f,1f],start_interpolation:0}
execute if entity @s[tag=aj.tultaria.bone.left_hand] run data modify entity @s {} merge value {transformation:[-0.8815057710830781f,-0.4324090275168694f,-0.18965760851899174f,0.29535925675593266f,-0.37720336613228905f,0.8865081184247178f,-0.2679943591673838f,1.1925987770495787f,0.2840161899006781f,-0.16469908587779647f,-0.9445681632287424f,-0.39337904041515664f,0f,0f,0f,1f],start_interpolation:0}
execute if entity @s[tag=aj.tultaria.bone.left_arm] run data modify entity @s {} merge value {transformation:[-0.8815057710830781f,-0.21225599730944755f,-0.4217759679656957f,0.17929658863855547f,-0.37720336613228905f,0.8538679821120276f,0.3586461901406513f,1.41713f,0.2840161899006781f,0.47524400125630806f,-0.8327532306417047f,-0.12531678180745237f,0f,0f,0f,1f],start_interpolation:0}
execute if entity @s[tag=aj.tultaria.bone.rod] run data modify entity @s {} merge value {transformation:[-0.21731731592241244f,0.13767168084593912f,-0.019588070178865366f,-0.10351781806402871f,0.04052845798256143f,0.09747025154860922f,0.23541663950665523f,0.963371729685092f,0.13302115731654882f,0.19521797651882522f,-0.10372711000534647f,0.5691985161795543f,0f,0f,0f,1f],start_interpolation:0}
execute if entity @s[tag=aj.tultaria.bone.sword] run data modify entity @s {} merge value {transformation:[-0.000008423151779938475f,-0.000003422582400516674f,-0.000004163705537594231f,-0.14935753708380942f,0.0000015708704644403668f,0.0000058308180703763366f,-0.000007970817186093387f,0.9309174943266555f,0.000005155858810718951f,-0.000007368004502024026f,-0.00000437374320029028f,0.5648086537116903f,0f,0f,0f,1f],start_interpolation:0}
execute if entity @s[tag=aj.tultaria.bone.right_hand] run data modify entity @s {} merge value {transformation:[-0.8423151779938474f,-0.3422582400516674f,-0.416370553759423f,-0.28391097730333187f,0.15708704644403668f,0.5830818070376336f,-0.7970817186093387f,1.0823921924980373f,0.5155858810718951f,-0.7368004502024026f,-0.437374320029028f,0.23822655735002485f,0f,0f,0f,1f],start_interpolation:0}
execute if entity @s[tag=aj.tultaria.bone.right_arm] run data modify entity @s {} merge value {transformation:[-0.8423151779938474f,-0.07110092398386747f,-0.5342750223712818f,-0.17929658863855547f,0.15708704644403668f,0.9158420064921647f,-0.3695363026603676f,1.41713f,0.5155858810718951f,-0.39519372180368195f,-0.7602585885646224f,0.12531678180745237f,0f,0f,0f,1f],start_interpolation:0}
execute if entity @s[tag=aj.tultaria.bone.skirt] run data modify entity @s {} merge value {transformation:[-0.8004448918488954f,-0.013389752601164626f,-0.5992567810532392f,0.03620165917596646f,0f,0.9997504677881223f,-0.022338356193573515f,0.8675734029030169f,0.5994063522461287f,-0.017880623107447056f,-0.8002451550645461f,0.048343553676518776f,0f,0f,0f,1f],start_interpolation:0}
execute if entity @s[tag=aj.tultaria.bone.left_foot] run data modify entity @s {} merge value {transformation:[-0.8004448918488954f,0.17964622251981327f,-0.5718524371263727f,0.17918661725903468f,0f,0.954031326133758f,0.2997069047510641f,0.4200909510180272f,0.5994063522461287f,0.23989886095983268f,-0.7636495016675942f,0.030745440724175163f,0f,0f,0f,1f],start_interpolation:0}
execute if entity @s[tag=aj.tultaria.bone.left_leg] run data modify entity @s {} merge value {transformation:[-0.8004448918488954f,-0.013389752601164626f,-0.5992567810532392f,0.09842150286437025f,0f,0.9997504677881223f,-0.022338356193573515f,0.8546894861511339f,0.5994063522461287f,-0.017880623107447056f,-0.8002451550645461f,-0.07710797626840118f,0f,0f,0f,1f],start_interpolation:0}
execute if entity @s[tag=aj.tultaria.bone.right_foot] run data modify entity @s {} merge value {transformation:[-0.8004448918488954f,0.17964622251981333f,-0.5718524371263726f,0.07261697977747793f,0f,0.9540313261337579f,0.29970690475106415f,0.504736264231918f,0.5994063522461287f,0.23989886095983276f,-0.7636495016675942f,0.3055120951557441f,0f,0f,0f,1f],start_interpolation:0}
execute if entity @s[tag=aj.tultaria.bone.right_leg] run data modify entity @s {} merge value {transformation:[-0.8004448918488954f,-0.2416961602151144f,-0.5485170382497521f,-0.10168972009785361f,0f,0.9151004759864799f,-0.403225890598952f,0.8546894861511339f,0.5994063522461287f,-0.32276010439115266f,-0.7324875015318707f,0.07274361179313099f,0f,0f,0f,1f],start_interpolation:0}
execute if entity @s[tag=aj.tultaria.bone.lower] run data modify entity @s {} merge value {transformation:[-0.8004448918488954f,0.026145737867866926f,-0.5988358502163635f,0f,0f,0.9990482215818578f,0.043619387365336f,0.91713f,0.5994063522461287f,0.03491491580216145f,-0.7996830456759215f,0f,0f,0f,0f,1f],start_interpolation:0}