execute if entity @s[tag=aj.tultaria.bone.head] run data modify entity @s {} merge value {transformation:[-0.9689468702339631f,0.023288443232889706f,-0.24616988255185912f,0f,-0.02199809381539942f,0.9834886932880818f,0.17962759822196123f,1.475349375f,0.246288543242061f,0.17946486727571476f,-0.9524359899129251f,0f,0f,0f,0f,1f],start_interpolation:0}
execute if entity @s[tag=aj.tultaria.bone.bust] run data modify entity @s {} merge value {transformation:[-0.8605710895168939f,0f,-0.5093303445581328f,0.6849507170375133f,0f,1f,0f,0.31909937499999996f,0.5093303445581328f,0f,-0.8605710895168939f,0.17562037247938056f,0f,0f,0f,1f],start_interpolation:0}
execute if entity @s[tag=aj.tultaria.bone.left_wing] run data modify entity @s {} merge value {transformation:[-0.24805956205367702f,0.07862905413149668f,-0.9655485101848192f,-0.009880599974960713f,-0.3910239073432964f,0.9037724489617831f,0.17405649767705403f,1.381599375f,0.886322039418923f,0.4207289297683336f,-0.19344355790843365f,-0.139404532724495f,0f,0f,0f,1f],start_interpolation:0}
execute if entity @s[tag=aj.tultaria.bone.right_wing] run data modify entity @s {} merge value {transformation:[-0.8963340642649749f,0.330990011497699f,0.2950099278447845f,-0.11745198616457242f,0.3910239073432964f,0.9037724489617831f,0.17405649767705403f,1.381599375f,-0.20901088278894242f,0.27136870266553265f,-0.9395070399360572f,-0.07573823965472842f,0f,0f,0f,1f],start_interpolation:0}
execute if entity @s[tag=aj.tultaria.bone.body] run data modify entity @s {} merge value {transformation:[-0.8605710895168939f,0f,-0.5093303445581328f,0.6849507170375133f,0f,1f,0f,0.31909937499999996f,0.5093303445581328f,0f,-0.8605710895168939f,0.17562037247938056f,0f,0f,0f,1f],start_interpolation:0}
execute if entity @s[tag=aj.tultaria.bone.left_hand] run data modify entity @s {} merge value {transformation:[-0.498980520725273f,-0.7171458752179505f,-0.48653903604399057f,0.3830967096728412f,-0.8604515186612898f,0.34315405791511655f,0.3766543197281411f,1.3523370026415853f,-0.10315824722345504f,0.6065864210434228f,-0.7882964479404404f,-0.42233751170350053f,0f,0f,0f,1f],start_interpolation:0}
execute if entity @s[tag=aj.tultaria.bone.left_arm] run data modify entity @s {} merge value {transformation:[-0.498980520725273f,-0.6010155800721714f,-0.6243386200190142f,0.18824992583182054f,-0.8604515186612898f,0.2578358638353859f,0.43948134357870106f,1.319099375f,-0.10315824722345504f,0.7565057434221973f,-0.6457998422104272f,-0.11141601287209155f,0f,0f,0f,1f],start_interpolation:0}
execute if entity @s[tag=aj.tultaria.bone.rod] run data modify entity @s {} merge value {transformation:[-0.9888237907786573f,0.27321657443426645f,0.0694608409143636f,-0.21582368673993582f,0.12344972766815249f,0.19189724691178311f,1.0025867571149822f,0.8271923082553154f,0.2534408603694056f,0.9725084803013714f,-0.2173466820844807f,0.6237888104202483f,0f,0f,0f,1f],start_interpolation:0}
execute if entity @s[tag=aj.tultaria.bone.sword] run data modify entity @s {} merge value {transformation:[-0.000009616812978287393f,-9.268254307017578e-7f,-0.000002580291216441988f,-0.25797134237415575f,0.000001200611225454303f,0.0000070373213287023155f,-0.000007002473934396658f,0.7981201217673758f,0.0000024648409331955454f,-0.000007043940881182635f,-0.000006656384607010607f,0.6002896354911222f,0f,0f,0f,1f],start_interpolation:0}
execute if entity @s[tag=aj.tultaria.bone.right_hand] run data modify entity @s {} merge value {transformation:[-0.9616812978287392f,-0.09268254307017577f,-0.2580291216441988f,-0.2828332805967766f,0.12006112254543029f,0.7037321328702315f,-0.7002473934396657f,1.003560933901694f,0.24648409331955454f,-0.7043940881182634f,-0.6656384607010606f,0.27643621978826693f,0f,0f,0f,1f],start_interpolation:0}
execute if entity @s[tag=aj.tultaria.bone.right_arm] run data modify entity @s {} merge value {transformation:[-0.9616812978287392f,-0.06008125280276225f,-0.2675057466075865f,-0.18824992583182054f,0.12006112254543029f,0.784882516127528f,-0.6079019351264247f,1.319099375f,0.24648409331955454f,-0.6167249621500424f,-0.7475934140971722f,0.11141601287209155f,0f,0f,0f,1f],start_interpolation:0}
execute if entity @s[tag=aj.tultaria.bone.skirt] run data modify entity @s {} merge value {transformation:[-0.7001715036296315f,-0.23799191009631632f,-0.6731416761973128f,0.043121112217210426f,0f,0.9428088707403317f,-0.33333381654632765f,0.7695427779030168f,0.713974695283398f,-0.233390839541846f,-0.660127904661613f,0.04228745665463973f,0f,0f,0f,1f],start_interpolation:0}
execute if entity @s[tag=aj.tultaria.bone.left_foot] run data modify entity @s {} merge value {transformation:[-0.7001715036296315f,-0.2317698244076334f,-0.675309272851392f,0.273839161970343f,0f,0.9458448279925966f,-0.32461910196360255f,0.3858467072705297f,0.713974695283398f,-0.2272890447287563f,-0.6622535954158866f,0.0934688277193976f,0f,0f,0f,1f],start_interpolation:0}
execute if entity @s[tag=aj.tultaria.bone.left_leg] run data modify entity @s {} merge value {transformation:[-0.7001715036296315f,-0.23799191009631632f,-0.6731416761973128f,0.08557499177854055f,0f,0.9428088707403317f,-0.33333381654632765f,0.7566588611511339f,0.713974695283398f,-0.233390839541846f,-0.660127904661613f,-0.09115565266286166f,0f,0f,0f,1f],start_interpolation:0}
execute if entity @s[tag=aj.tultaria.bone.right_foot] run data modify entity @s {} merge value {transformation:[-0.7001715036296315f,-0.23176982440763336f,-0.6753092728513919f,0.18578115740060283f,0f,0.9458448279925964f,-0.32461910196360244f,0.514980850069009f,0.713974695283398f,-0.22728904472875622f,-0.6622535954158865f,0.35726570424458115f,0f,0f,0f,1f],start_interpolation:0}
execute if entity @s[tag=aj.tultaria.bone.right_leg] run data modify entity @s {} merge value {transformation:[-0.7001715036296315f,-0.47747602175643034f,-0.5308262560882551f,-0.08946788412886733f,0f,0.7434804897077679f,-0.6687576253201885f,0.7566588611511339f,0.713974695283398f,-0.46824503208421814f,-0.5205638523979828f,0.08733802115798783f,0f,0f,0f,1f],start_interpolation:0}
execute if entity @s[tag=aj.tultaria.bone.lower] run data modify entity @s {} merge value {transformation:[-0.7001715036296315f,0.03114313880261427f,-0.7132951495773275f,0f,0f,0.9990482215818578f,0.043619387365336f,0.819099375f,0.713974695283398f,0.03054105203899066f,-0.6995050955034787f,0f,0f,0f,0f,1f],start_interpolation:0}