execute if entity @s[tag=aj.tultaria.bone.head] run data modify entity @s {} merge value {transformation:[-0.9968964541970627f,-0.006825598826824507f,0.07842748759190493f,0f,0.0010892434492341362f,0.9949429233836777f,0.10043601324947835f,1.57858696f,-0.07871640971253357f,0.10020973210919355f,-0.9918476377108391f,0f,0f,0f,0f,1f],start_interpolation:0}
execute if entity @s[tag=aj.tultaria.bone.bust] run data modify entity @s {} merge value {transformation:[-0.9836972572506557f,0f,-0.17983243889114403f,0.5817648480708999f,0f,1f,0f,0.42233696f,0.17983243889114403f,0f,-0.9836972572506557f,0.4019324091797558f,0f,0f,0f,1f],start_interpolation:0}
execute if entity @s[tag=aj.tultaria.bone.left_wing] run data modify entity @s {} merge value {transformation:[-0.816679039650487f,-0.026533221868386345f,-0.5764818595002285f,0.03900202371677297f,-0.06181494986938664f,0.99721727499626f,0.04167275394881832f,1.48483696f,0.573771956589204f,0.06966846192012939f,-0.8160465962464888f,-0.13420168458702852f,0f,0f,0f,1f],start_interpolation:0}
execute if entity @s[tag=aj.tultaria.bone.right_wing] run data modify entity @s {} merge value {transformation:[-0.9668580144624552f,0.04946586482013125f,0.2504769611906751f,-0.08396013343955899f,0.06181494986938664f,0.99721727499626f,0.04167275394881832f,1.48483696f,-0.24771857387439422f,0.055774856939574805f,-0.9672252444446464f,-0.11172262972563551f,0f,0f,0f,1f],start_interpolation:0}
execute if entity @s[tag=aj.tultaria.bone.body] run data modify entity @s {} merge value {transformation:[-0.9836972572506557f,0f,-0.17983243889114403f,0.5817648480708999f,0f,1f,0f,0.42233696f,0.17983243889114403f,0f,-0.9836972572506557f,0.4019324091797558f,0f,0f,0f,1f],start_interpolation:0}
execute if entity @s[tag=aj.tultaria.bone.left_hand] run data modify entity @s {} merge value {transformation:[-0.8280000457254078f,-0.43827150597711445f,0.34976279294298096f,0.48409292969053386f,-0.540229110388573f,0.7906318708250589f,-0.28819048062772396f,1.2284067779316332f,-0.15022793537652573f,-0.42757377361599186f,-0.8914102509777901f,-0.20002791791313096f,0f,0f,0f,1f],start_interpolation:0}
execute if entity @s[tag=aj.tultaria.bone.left_arm] run data modify entity @s {} merge value {transformation:[-0.8280000457254078f,-0.5605297267796139f,-0.014911394136494532f,0.21518377502358094f,-0.540229110388573f,0.7903234936185033f,0.2890350908166943f,1.42233696f,-0.15022793537652573f,0.2473766376014821f,-0.9572023644984853f,-0.039338346007437755f,0f,0f,0f,1f],start_interpolation:0}
execute if entity @s[tag=aj.tultaria.bone.rod] run data modify entity @s {} merge value {transformation:[-0.09262701457051296f,-0.03375959091861752f,0.36284504432713643f,0.37037619296140256f,0.060088742948995175f,-0.3706732766544639f,-0.019148497200898007f,2.1270556634153026f,0.3594239546031449f,0.053269240610795396f,0.09670992121900221f,0.9453535287440998f,0f,0f,0f,1f],start_interpolation:0}
execute if entity @s[tag=aj.tultaria.bone.sword] run data modify entity @s {} merge value {transformation:[-0.000009412330784686996f,-0.0000033446024485988617f,4.708117038264864e-7f,-0.13740376365727142f,1.5498189212786363e-7f,-0.0000018201380844828243f,-0.000009831738298313662f,1.2973617808865998f,0.0000033740198299277917f,-0.000009246660576350885f,0.0000017650094540858265f,0.6325358332869556f,0f,0f,0f,1f],start_interpolation:0}
execute if entity @s[tag=aj.tultaria.bone.right_hand] run data modify entity @s {} merge value {transformation:[-0.9412330784686994f,-0.3344602448598861f,0.04708117038264864f,-0.22973460534143744f,0.01549818921278636f,-0.1820138084482824f,-0.9831738298313661f,1.151811828850019f,0.3374019829927791f,-0.9246660576350885f,0.17650094540858263f,0.28903138606531864f,0f,0f,0f,1f],start_interpolation:0}
execute if entity @s[tag=aj.tultaria.bone.right_arm] run data modify entity @s {} merge value {transformation:[-0.9412330784686994f,-0.26979052202150866f,-0.20320769233396854f,-0.21518377502358094f,0.01549818921278636f,0.566505683935538f,-0.8239120803822776f,1.42233696f,0.3374019829927791f,-0.7786426550710474f,-0.5290326243025567f,0.039338346007437755f,0f,0f,0f,1f],start_interpolation:0}
execute if entity @s[tag=aj.tultaria.bone.skirt] run data modify entity @s {} merge value {transformation:[-0.9508405499861233f,-0.001695848954998606f,-0.3096762383496806f,0.01870344164903107f,0f,0.9999850059551055f,-0.005476117691175092f,0.8727803629030169f,0.3096808817187241f,-0.005206914757265667f,-0.9508262930402293f,0.057426828047947916f,0f,0f,0f,1f],start_interpolation:0}
execute if entity @s[tag=aj.tultaria.bone.left_foot] run data modify entity @s {} merge value {transformation:[-0.9508405499861233f,0.10272364138566255f,-0.29214739773367165f,0.15746227681357938f,0f,0.9433820909843003f,0.33170804996274855f,0.42308752075717215f,0.3096808817187241f,0.3154014646614043f,-0.897005946238571f,0.07982900897945976f,0f,0f,0f,1f],start_interpolation:0}
execute if entity @s[tag=aj.tultaria.bone.left_leg] run data modify entity @s {} merge value {transformation:[-0.9508405499861233f,-0.001695848954998606f,-0.3096762383496806f,0.11801081310205742f,0f,0.9999850059551055f,-0.005476117691175092f,0.8598964461511339f,0.3096808817187241f,-0.005206914757265667f,-0.9508262930402293f,-0.04130230285687263f,0f,0f,0f,1f],start_interpolation:0}
execute if entity @s[tag=aj.tultaria.bone.right_foot] run data modify entity @s {} merge value {transformation:[-0.9508405499861233f,0.10272364138566258f,-0.29214739773367177f,-0.031484811162710555f,0f,0.9433820909843005f,0.33170804996274866f,0.5050891656978846f,0.3096808817187241f,0.3154014646614044f,-0.8970059462385712f,0.30697072518729945f,0f,0f,0f,1f],start_interpolation:0}
execute if entity @s[tag=aj.tultaria.bone.right_leg] run data modify entity @s {} merge value {transformation:[-0.9508405499861233f,-0.12007472595331932f,-0.2854545650174852f,-0.11969932439447341f,0f,0.9217700603060052f,-0.38773696744502417f,0.8598964461511339f,0.3096808817187241f,-0.3686760313753784f,-0.876456351102104f,0.0361179175728084f,0f,0f,0f,1f],start_interpolation:0}
execute if entity @s[tag=aj.tultaria.bone.lower] run data modify entity @s {} merge value {transformation:[-0.9508405499861233f,0.013508090339327827f,-0.30938613413899296f,0f,0f,0.9990482215818578f,0.043619387365336f,0.92233696f,0.3096808817187241f,0.04147508227251384f,-0.949935560471552f,0f,0f,0f,0f,1f],start_interpolation:0}