execute if entity @s[tag=aj.tultaria.bone.head] run data modify entity @s {} merge value {transformation:[-0.9972407844533699f,0.05853728630462767f,-0.045653082425145264f,0f,0.04912078876005299f,0.9814307067243321f,0.18542091578397624f,1.15625f,0.055659374182767285f,0.18266678409242387f,-0.9815981255355546f,0f,0f,0f,0f,1f],start_interpolation:0}
execute if entity @s[tag=aj.tultaria.bone.bust] run data modify entity @s {} merge value {transformation:[-0.9335930945783721f,0f,-0.3583349463219831f,0.6459640204501776f,0f,1f,0f,0f,0.3583349463219831f,0f,-0.9335930945783721f,0.2876290741281945f,0f,0f,0f,1f],start_interpolation:0}
execute if entity @s[tag=aj.tultaria.bone.left_wing] run data modify entity @s {} merge value {transformation:[-0.7253987045799752f,0f,-0.688328932556008f,0.013557700120900407f,0f,1f,0f,1.0625f,0.688328932556008f,0f,-0.7253987045799752f,-0.13909507096742046f,0f,0f,0f,1f],start_interpolation:0}
execute if entity @s[tag=aj.tultaria.bone.right_wing] run data modify entity @s {} merge value {transformation:[-0.9996563989696887f,0f,0.026212287175186533f,-0.10314143670139608f,0f,1f,0f,1.0625f,-0.026212287175186533f,0f,-0.9996563989696887f,-0.09430320267717257f,0f,0f,0f,1f],start_interpolation:0}
execute if entity @s[tag=aj.tultaria.bone.body] run data modify entity @s {} merge value {transformation:[-0.9335930945783721f,0f,-0.3583349463219831f,0.6459640204501776f,0f,1f,0f,0f,0.3583349463219831f,0f,-0.9335930945783721f,0.2876290741281945f,0f,0f,0f,1f],start_interpolation:0}
execute if entity @s[tag=aj.tultaria.bone.left_hand] run data modify entity @s {} merge value {transformation:[-0.9637981242744039f,-0.2656225201309683f,0.023191646004839278f,0.34870998433850486f,-0.24999999999999994f,0.8700099527916981f,-0.4249502112523149f,0.7381777511514147f,0.09269938319719528f,-0.4153641280162026f,-0.9049195906334434f,-0.2935948545845872f,0f,0f,0f,1f],start_interpolation:0}
execute if entity @s[tag=aj.tultaria.bone.left_arm] run data modify entity @s {} merge value {transformation:[-0.9637981242744039f,-0.20422245537736763f,-0.17142451506356818f,0.2042234894390189f,-0.24999999999999994f,0.9156751133619656f,0.31470476127563013f,1f,0.09269938319719528f,0.3461679873835684f,-0.9335815705473566f,-0.0783857695079338f,0f,0f,0f,1f],start_interpolation:0}
execute if entity @s[tag=aj.tultaria.bone.rod] run data modify entity @s {} merge value {transformation:[-0.9747123001529625f,0.21018395277095744f,0.07588568987692453f,-0.4380986436754534f,0.14243905807141902f,0.8460354790979413f,-0.5137461268401389f,0.8728404505580687f,-0.1721831776517317f,-0.48994558279985845f,-0.8545795920969909f,0.7526589747681904f,0f,0f,0f,1f],start_interpolation:0}
execute if entity @s[tag=aj.tultaria.bone.right_hand] run data modify entity @s {} merge value {transformation:[-0.9747123001529625f,0.20228178420792972f,-0.0949632123939444f,-0.37411337614672285f,0.14243905807141902f,0.2349640542975774f,-0.9615107944915503f,0.8407631216082163f,-0.1721831776517317f,-0.950722868645591f,-0.25783518062524086f,0.36390850144793857f,0f,0f,0f,1f],start_interpolation:0}
execute if entity @s[tag=aj.tultaria.bone.right_arm] run data modify entity @s {} merge value {transformation:[-0.9747123001529625f,0.20279671690534945f,-0.09385852940959807f,-0.2042234894390189f,0.14243905807141902f,0.2402047613359991f,-0.9602149693517816f,1f,-0.1721831776517317f,-0.9493024619392533f,-0.2630167087654793f,0.0783857695079338f,0f,0f,0f,1f],start_interpolation:0}
execute if entity @s[tag=aj.tultaria.bone.skirt] run data modify entity @s {} merge value {transformation:[-0.9980929454375896f,0f,0.06172902289617596f,-0.0038580639310109976f,0f,1f,0f,0.453125f,-0.06172902289617596f,0f,-0.9980929454375896f,0.06238080908984935f,0f,0f,0f,1f],start_interpolation:0}
execute if entity @s[tag=aj.tultaria.bone.left_foot] run data modify entity @s {} merge value {transformation:[-0.9980929454375896f,-0.023622674358451827f,0.057030180815697565f,0.1170454903176767f,0f,0.9238795325112867f,0.3826834323650897f,0f,-0.06172902289617596f,0.381953634179439f,-0.9221176438336935f,0.1324777460417207f,0f,0f,0f,1f],start_interpolation:0}
execute if entity @s[tag=aj.tultaria.bone.left_leg] run data modify entity @s {} merge value {transformation:[-0.9980929454375896f,0f,0.06172902289617596f,0.1247616181796987f,0f,1f,0f,0.4375f,-0.06172902289617596f,0f,-0.9980929454375896f,0.007716127862021995f,0f,0f,0f,1f],start_interpolation:0}
execute if entity @s[tag=aj.tultaria.bone.right_foot] run data modify entity @s {} merge value {transformation:[-0.9980929454375896f,-0.023622674358451837f,0.05703018081569756f,-0.14222531081348358f,0f,0.9238795325112867f,0.38268343236508984f,0.08113813357194827f,-0.06172902289617596f,0.38195363417943917f,-0.9221176438336935f,0.2746532925706943f,0f,0f,0f,1f],start_interpolation:0}
execute if entity @s[tag=aj.tultaria.bone.right_leg] run data modify entity @s {} merge value {transformation:[-0.9980929454375896f,0.023622674358451827f,0.057030180815697565f,-0.1247616181796987f,0f,0.9238795325112867f,-0.3826834323650897f,0.4375f,-0.06172902289617596f,-0.381953634179439f,-0.9221176438336935f,-0.007716127862021995f,0f,0f,0f,1f],start_interpolation:0}
execute if entity @s[tag=aj.tultaria.bone.lower] run data modify entity @s {} merge value {transformation:[-0.9980929454375896f,0f,0.06172902289617596f,0f,0f,1f,0f,0.5f,-0.06172902289617596f,0f,-0.9980929454375896f,0f,0f,0f,0f,1f],start_interpolation:0}