execute if entity @s[tag=aj.tultaria.bone.head] run data modify entity @s {} merge value {transformation:[-0.9982791487305753f,0.008831035462069009f,-0.05797201068124097f,0f,0.00035081636873799185f,0.9894771624993062f,0.1446887066090411f,1.58744112f,0.0586397317322791f,0.14441938133432589f,-0.9877775175399455f,0f,0f,0f,0f,1f],start_interpolation:0}
execute if entity @s[tag=aj.tultaria.bone.bust] run data modify entity @s {} merge value {transformation:[-0.9112595755029624f,0f,-0.41183247328757483f,0.6615460243952687f,0f,1f,0f,0.43119112000000004f,0.41183247328757483f,0f,-0.9112595755029624f,0.2497135511076938f,0f,0f,0f,1f],start_interpolation:0}
execute if entity @s[tag=aj.tultaria.bone.left_wing] run data modify entity @s {} merge value {transformation:[-0.6723271153019902f,-0.0041845264332486115f,-0.7402423520498096f,0.005474664307988375f,-0.025992155977885678f,0.9995008460654031f,0.01795735342873462f,1.49369112f,0.739797714147135f,0.03131371030511506f,-0.6721002854407977f,-0.13964697651834365f,0f,0f,0f,1f],start_interpolation:0}
execute if entity @s[tag=aj.tultaria.bone.right_wing] run data modify entity @s {} merge value {transformation:[-0.9995375798899581f,0.02626829697605357f,-0.01531675428098117f,-0.10843278262988187f,0.025992155977885678f,0.9995008460654031f,0.01795735342873462f,1.49369112f,0.015780817955586557f,0.017550934121039828f,-0.9997214264464537f,-0.08816791735739679f,0f,0f,0f,1f],start_interpolation:0}
execute if entity @s[tag=aj.tultaria.bone.body] run data modify entity @s {} merge value {transformation:[-0.9112595755029624f,0f,-0.41183247328757483f,0.6615460243952687f,0f,1f,0f,0.43119112000000004f,0.41183247328757483f,0f,-0.9112595755029624f,0.2497135511076938f,0f,0f,0f,1f],start_interpolation:0}
execute if entity @s[tag=aj.tultaria.bone.left_hand] run data modify entity @s {} merge value {transformation:[-0.9202945346220494f,-0.3894276442956116f,0.03747104753214714f,0.3700056594555231f,-0.3739248288933083f,0.8473841803453958f,-0.3769884258667261f,1.1931096399557521f,0.1150573417122781f,-0.36095174297782884f,-0.9254596951566134f,-0.3135429514858379f,0f,0f,0f,1f],start_interpolation:0}
execute if entity @s[tag=aj.tultaria.bone.left_arm] run data modify entity @s {} merge value {transformation:[-0.9202945346220494f,-0.31043320496209986f,-0.23809492813108124f,0.19933803214127305f,-0.3739248288933083f,0.8769301428769953f,0.30194990785036296f,1.43119112f,0.1150573417122781f,0.3669124551860996f,-0.9231127007832862f,-0.09008835353165699f,0f,0f,0f,1f],start_interpolation:0}
execute if entity @s[tag=aj.tultaria.bone.rod] run data modify entity @s {} merge value {transformation:[0.035945158835080065f,-0.13831074829212103f,-0.05178882565954188f,0.4561244353796698f,-0.07485095915513867f,0.028887255221321677f,-0.12910019519479432f,0.4650421831751476f,0.12731566859533294f,0.056032699316129524f,-0.06127852101243627f,0.6183634372501806f,0f,0f,0f,1f],start_interpolation:0}
execute if entity @s[tag=aj.tultaria.bone.sword] run data modify entity @s {} merge value {transformation:[-0.000007865312785953974f,-0.000004348305559903202f,-0.000004385099033867295f,-0.1591235688224901f,0.0000015763769870875037f,0.0000054518770893391305f,-0.000008233594099621382f,0.9596850917046192f,0.000005970920395859411f,-0.0000071672362149195305f,-0.0000036026149760772555f,0.47689146455637643f,0f,0f,0f,1f],start_interpolation:0}
execute if entity @s[tag=aj.tultaria.bone.right_hand] run data modify entity @s {} merge value {transformation:[-0.7865312785953974f,-0.43483055599032017f,-0.4385099033867294f,-0.3318645110648422f,0.15763769870875036f,0.545187708933913f,-0.8233594099621381f,1.0948793505668961f,0.597092039585941f,-0.716723621491953f,-0.3602614976077255f,0.16131555075922982f,0f,0f,0f,1f],start_interpolation:0}
execute if entity @s[tag=aj.tultaria.bone.right_arm] run data modify entity @s {} merge value {transformation:[-0.7865312785953974f,0.0026016914943420705f,-0.6175449611100863f,-0.19933803214127305f,0.15763769870875036f,0.9677089481447101f,-0.19669709613125477f,1.43119112f,0.597092039585941f,-0.25205678503469636f,-0.7615434809523842f,0.09008835353165699f,0f,0f,0f,1f],start_interpolation:0}
execute if entity @s[tag=aj.tultaria.bone.skirt] run data modify entity @s {} merge value {transformation:[-0.8871719598075083f,0.010704567795993058f,-0.46131477968910345f,0.027869000545138783f,0f,0.9997308848171174f,0.02319823145810591f,0.8816345229030169f,0.4614389599191913f,0.02058082046675601f,-0.8869332083632963f,0.05358150910325635f,0f,0f,0f,1f],start_interpolation:0}
execute if entity @s[tag=aj.tultaria.bone.left_foot] run data modify entity @s {} merge value {transformation:[-0.8871719598075083f,0.17776414617916642f,-0.42582369833593925f,0.16261961373019368f,0f,0.9228169602551786f,0.3852387024500425f,0.42846856511138187f,0.4614389599191913f,0.3417729746463057f,-0.8186973311731941f,0.04176405351540061f,0f,0f,0f,1f],start_interpolation:0}
execute if entity @s[tag=aj.tultaria.bone.left_leg] run data modify entity @s {} merge value {transformation:[-0.8871719598075083f,0.010704567795993058f,-0.46131477968910345f,0.10963851467980272f,0f,0.9997308848171174f,0.02319823145810591f,0.868750606151134f,0.4614389599191913f,0.02058082046675601f,-0.8869332083632963f,-0.060098488575805666f,0f,0f,0f,1f],start_interpolation:0}
execute if entity @s[tag=aj.tultaria.bone.right_foot] run data modify entity @s {} merge value {transformation:[-0.8871719598075083f,0.17776414617916636f,-0.42582369833593936f,0.01454090178412941f,0f,0.9228169602551787f,0.38523870245004227f,0.5059216549654683f,0.4614389599191913f,0.3417729746463056f,-0.8186973311731943f,0.29884836849784885f,0f,0f,0f,1f],start_interpolation:0}
execute if entity @s[tag=aj.tultaria.bone.right_leg] run data modify entity @s {} merge value {transformation:[-0.8871719598075083f,-0.16664779220107384f,-0.43029574374587165f,-0.11215447527207435f,0f,0.9325084813411213f,-0.36114807520859904f,0.868750606151134f,0.4614389599191913f,-0.3204004456635222f,-0.8272953769285258f,0.05526125140399216f,0f,0f,0f,1f],start_interpolation:0}
execute if entity @s[tag=aj.tultaria.bone.lower] run data modify entity @s {} merge value {transformation:[-0.8871719598075083f,0.02012768473817296f,-0.46099977227585026f,0f,0f,0.9990482215818578f,0.043619387365336f,0.93119112f,0.4614389599191913f,0.038697897374508f,-0.8863275686829826f,0f,0f,0f,0f,1f],start_interpolation:0}