execute if entity @s[tag=aj.tultaria.bone.head] run data modify entity @s {} merge value {transformation:[-0.9980304539297713f,0.00814615961424266f,-0.06220010540404136f,0f,1.734723475976807e-18f,0.9915325982969599f,0.129858024451627f,1.15625f,0.0627312763199871f,0.12960226308988065f,-0.9895797291644807f,0f,0f,0f,0f,1f],start_interpolation:0}
execute if entity @s[tag=aj.tultaria.bone.bust] run data modify entity @s {} merge value {transformation:[-0.9683940721005397f,0f,-0.2494251814082426f,0.6089096267543912f,0f,1f,0f,0f,0.2494251814082426f,0f,-0.9683940721005397f,0.35948444534614854f,0f,0f,0f,1f],start_interpolation:0}
execute if entity @s[tag=aj.tultaria.bone.left_wing] run data modify entity @s {} merge value {transformation:[-0.7992285780793564f,0f,-0.6010271873894307f,0.029346481830253457f,0f,1f,0f,1.0625f,0.6010271873894307f,0f,-0.7992285780793564f,-0.1366383328505827f,0f,0f,0f,1f],start_interpolation:0}
execute if entity @s[tag=aj.tultaria.bone.right_wing] run data modify entity @s {} merge value {transformation:[-0.9901303471585394f,0f,0.14014954739745064f,-0.09170277718231412f,0f,1f,0f,1.0625f,-0.14014954739745064f,0f,-0.9901303471585394f,-0.10546018517455236f,0f,0f,0f,1f],start_interpolation:0}
execute if entity @s[tag=aj.tultaria.bone.body] run data modify entity @s {} merge value {transformation:[-0.9683940721005397f,0f,-0.2494251814082426f,0.6089096267543912f,0f,1f,0f,0f,0.2494251814082426f,0f,-0.9683940721005397f,0.35948444534614854f,0f,0f,0f,1f],start_interpolation:0}
execute if entity @s[tag=aj.tultaria.bone.left_hand] run data modify entity @s {} merge value {transformation:[-0.9724136192597158f,-0.20040238508129526f,0.1193760324853727f,0.37499136505167596f,-0.23281750258098252f,0.8654521162467952f,-0.443608661971222f,0.7332892083015339f,-0.014414006041856997f,-0.45916393427366664f,-0.888234607461426f,-0.2494666949437092f,0f,0f,0f,1f],start_interpolation:0}
execute if entity @s[tag=aj.tultaria.bone.left_arm] run data modify entity @s {} merge value {transformation:[-0.9724136192597158f,-0.2256009756315981f,-0.059295470925624594f,0.21183620327199307f,-0.23281750258098252f,0.9229665380564825f,0.3064780255091477f,1f,-0.014414006041856997f,0.31182842946418904f,-0.9500290874534962f,-0.05456175843305307f,0f,0f,0f,1f],start_interpolation:0}
execute if entity @s[tag=aj.tultaria.bone.rod] run data modify entity @s {} merge value {transformation:[-1.1112715096417038f,0.01681657982324368f,0.05568685483249692f,-0.3403417868423731f,-0.0566826557057961f,-0.07363713911867048f,-1.1089061455253975f,1.6347587438177933f,-0.013072861210358494f,-1.1102265380024496f,0.0743930501747889f,0.2458314169285431f,0f,0f,0f,1f],start_interpolation:0}
execute if entity @s[tag=aj.tultaria.bone.right_hand] run data modify entity @s {} merge value {transformation:[-0.9986327563607764f,0.0521778617707669f,-0.003176265780596472f,-0.32117212190091005f,-0.050937287795291976f,-0.9849452396563307f,-0.16519160871664407f,1.2447553278570886f,-0.011747792785789468f,-0.16480396117619261f,0.9862563783039878f,0.30731197877546934f,0f,0f,0f,1f],start_interpolation:0}
execute if entity @s[tag=aj.tultaria.bone.right_arm] run data modify entity @s {} merge value {transformation:[-0.9986327563607764f,0.04993287444630204f,0.015470163955436378f,-0.21183620327199307f,-0.050937287795291976f,-0.8629919998151829f,-0.5026432143847672f,1f,-0.011747792785789468f,-0.5027439868407393f,0.8643555246888524f,0.05456175843305307f,0f,0f,0f,1f],start_interpolation:0}
execute if entity @s[tag=aj.tultaria.bone.skirt] run data modify entity @s {} merge value {transformation:[-0.9968116883930008f,0f,0.07979008637102111f,-0.0049868803981888195f,0f,1f,0f,0.453125f,-0.07979008637102111f,0f,-0.9968116883930008f,0.06230073052456255f,0f,0f,0f,1f],start_interpolation:0}
execute if entity @s[tag=aj.tultaria.bone.left_foot] run data modify entity @s {} merge value {transformation:[-0.9968116883930008f,-0.030534344121169326f,0.07371642769549418f,0.11462770025274746f,0f,0.9238795325112867f,0.3826834323650897f,0f,-0.07979008637102111f,0.3814633183358738f,-0.920933916674312f,0.13457522184550275f,0f,0f,0f,1f],start_interpolation:0}
execute if entity @s[tag=aj.tultaria.bone.left_leg] run data modify entity @s {} merge value {transformation:[-0.9968116883930008f,0f,0.07979008637102111f,0.1246014610491251f,0f,1f,0f,0.4375f,-0.07979008637102111f,0f,-0.9968116883930008f,0.009973760796377639f,0f,0f,0f,1f],start_interpolation:0}
execute if entity @s[tag=aj.tultaria.bone.right_foot] run data modify entity @s {} merge value {transformation:[-0.9968116883930008f,-0.030534344121169333f,0.07371642769549416f,-0.14717479006407347f,0f,0.9238795325112867f,0.38268343236508984f,0.08113813357194827f,-0.07979008637102111f,0.381463318335874f,-0.920933916674312f,0.2720331805598562f,0f,0f,0f,1f],start_interpolation:0}
execute if entity @s[tag=aj.tultaria.bone.right_leg] run data modify entity @s {} merge value {transformation:[-0.9968116883930008f,0.030534344121169326f,0.07371642769549418f,-0.1246014610491251f,0f,0.9238795325112867f,-0.3826834323650897f,0.4375f,-0.07979008637102111f,-0.3814633183358738f,-0.920933916674312f,-0.009973760796377639f,0f,0f,0f,1f],start_interpolation:0}
execute if entity @s[tag=aj.tultaria.bone.lower] run data modify entity @s {} merge value {transformation:[-0.9968116883930008f,0f,0.07979008637102111f,0f,0f,1f,0f,0.5f,-0.07979008637102111f,0f,-0.9968116883930008f,0f,0f,0f,0f,1f],start_interpolation:0}