execute if entity @s[tag=aj.tultaria.bone.head] run data modify entity @s {} merge value {transformation:[-0.9763711667514534f,0.030521120906065874f,-0.21393411582784727f,0f,-0.009229809103962296f,0.9831828398598464f,0.18239055356303926f,1.54234f,0.21590311567994985f,0.18005544863670409f,-0.9596696723643638f,0f,0f,0f,0f,1f],start_interpolation:0}
execute if entity @s[tag=aj.tultaria.bone.bust] run data modify entity @s {} merge value {transformation:[-0.8243620741575596f,0f,-0.566062868143324f,0.6952124711504417f,0f,1f,0f,0.38609000000000004f,0.566062868143324f,0f,-0.8243620741575596f,0.1291496030071178f,0f,0f,0f,1f],start_interpolation:0}
execute if entity @s[tag=aj.tultaria.bone.left_wing] run data modify entity @s {} merge value {transformation:[-0.4136343745854724f,0.026803272716471357f,-0.9100484540577889f,-0.019235228883068056f,-0.19834987603793608f,0.9729038534880844f,0.11880832691260071f,1.44859f,0.8885740998009228f,0.22965120604891776f,-0.39711005114861686f,-0.13842418852865268f,0f,0f,0f,1f],start_interpolation:0}
execute if entity @s[tag=aj.tultaria.bone.right_wing] run data modify entity @s {} merge value {transformation:[-0.9778447765358775f,0.20470294765786862f,-0.04377552080420549f,-0.12228048815276304f,0.19834987603793608f,0.9729038534880844f,0.11880832691260071f,1.44859f,0.06690978760416838f,0.10749323275544331f,-0.9919517554974885f,-0.06766633001073719f,0f,0f,0f,1f],start_interpolation:0}
execute if entity @s[tag=aj.tultaria.bone.body] run data modify entity @s {} merge value {transformation:[-0.8243620741575596f,0f,-0.566062868143324f,0.6952124711504417f,0f,1f,0f,0.38609000000000004f,0.566062868143324f,0f,-0.8243620741575596f,0.1291496030071178f,0f,0f,0f,1f],start_interpolation:0}
execute if entity @s[tag=aj.tultaria.bone.left_hand] run data modify entity @s {} merge value {transformation:[-0.8113357902313431f,-0.5388106555632548f,-0.22675385981539034f,0.32953775929654916f,-0.5481456664809647f,0.8360027884596863f,-0.025212417689857658f,1.226351551026805f,0.20315157840346998f,0.10383840878559503f,-0.9736257089113118f,-0.42041118520467313f,0f,0f,0f,1f],start_interpolation:0}
execute if entity @s[tag=aj.tultaria.bone.left_arm] run data modify entity @s {} merge value {transformation:[-0.8113357902313431f,-0.34207327230450807f,-0.4740465292189871f,0.18032920372196615f,-0.5481456664809647f,0.726979005292975f,0.4135672305458637f,1.38609f,0.20315157840346998f,0.5953884465104462f,-0.7773300675736508f,-0.12382625240635212f,0f,0f,0f,1f],start_interpolation:0}
execute if entity @s[tag=aj.tultaria.bone.rod] run data modify entity @s {} merge value {transformation:[-0.9988649994066089f,0.34526659690960637f,-0.06112256998937743f,-0.11541409462463659f,0.092692924419112f,0.4379874430315248f,0.9592972949261096f,1.0241820592222666f,0.33816122377688407f,0.8997967855845996f,-0.44349634714228947f,0.7082615624602516f,0f,0f,0f,1f],start_interpolation:0}
execute if entity @s[tag=aj.tultaria.bone.sword] run data modify entity @s {} merge value {transformation:[-0.000009435538823466007f,-0.0000024348812834004955f,-0.000002245430971241754f,-0.1554256111256636f,8.756014952337962e-7f,0.0000047044517236740645f,-0.00000878074347656077f,0.9857585788484935f,0.0000031943589548468214f,-0.000008481714868784857f,-0.000004225705118938595f,0.6984359414491232f,0f,0f,0f,1f],start_interpolation:0}
execute if entity @s[tag=aj.tultaria.bone.right_hand] run data modify entity @s {} merge value {transformation:[-0.9435538823466006f,-0.24348812834004951f,-0.2245430971241754f,-0.2347900298926771f,0.08756014952337961f,0.4704451723674064f,-0.8780743476560768f,1.0908397054030343f,0.3194358954846821f,-0.8481714868784856f,-0.4225705118938594f,0.33737594089408707f,0f,0f,0f,1f],start_interpolation:0}
execute if entity @s[tag=aj.tultaria.bone.right_arm] run data modify entity @s {} merge value {transformation:[-0.9435538823466006f,-0.17550936812213574f,-0.28089594658881417f,-0.18032920372196615f,0.08756014952337961f,0.68572380557615f,-0.7225760047784635f,1.38609f,0.3194358954846821f,-0.7063846856830429f,-0.6316497324533338f,0.12382625240635212f,0f,0f,0f,1f],start_interpolation:0}
execute if entity @s[tag=aj.tultaria.bone.skirt] run data modify entity @s {} merge value {transformation:[-0.7685583891922414f,-0.07841282820021173f,-0.634956243197806f,0.0386400391028819f,0f,0.9924608289187784f,-0.12256224158300678f,0.8365334029030169f,0.639779651444329f,-0.09419623896682602f,-0.762764096010213f,0.046417741083502176f,0f,0f,0f,1f],start_interpolation:0}
execute if entity @s[tag=aj.tultaria.bone.left_foot] run data modify entity @s {} merge value {transformation:[-0.7685583891922414f,0.06598671157922888f,-0.6363676266885258f,0.20800076660854794f,0f,0.994666875152874f,0.10313974730246753f,0.4047681536970443f,0.639779651444329f,0.0792689180484793f,-0.7644595713503731f,0.05448865723803094f,0f,0f,0f,1f],start_interpolation:0}
execute if entity @s[tag=aj.tultaria.bone.left_leg] run data modify entity @s {} merge value {transformation:[-0.7685583891922414f,-0.07841282820021173f,-0.634956243197806f,0.09432562387122956f,0f,0.9924608289187784f,-0.12256224158300678f,0.823649486151134f,0.639779651444329f,-0.09419623896682602f,-0.762764096010213f,-0.08206770931123207f,0f,0f,0f,1f],start_interpolation:0}
execute if entity @s[tag=aj.tultaria.bone.right_foot] run data modify entity @s {} merge value {transformation:[-0.7685583891922414f,0.06598671157922897f,-0.6363676266885258f,0.1097641681388411f,0f,0.994666875152874f,0.10313974730246761f,0.5046482470462754f,0.639779651444329f,0.07926891804847935f,-0.7644595713503731f,0.32723793540975366f,0f,0f,0f,1f],start_interpolation:0}
execute if entity @s[tag=aj.tultaria.bone.right_leg] run data modify entity @s {} merge value {transformation:[-0.7685583891922414f,-0.31543124160907837f,-0.5566157868936008f,-0.09781397342683079f,0f,0.8700117073699007f,-0.4930310629557838f,0.823649486151134f,0.639779651444329f,-0.37892315956703576f,-0.6686547963946027f,0.07787720354985019f,0f,0f,0f,1f],start_interpolation:0}
execute if entity @s[tag=aj.tultaria.bone.lower] run data modify entity @s {} merge value {transformation:[-0.7685583891922414f,0.027906796444809836f,-0.6391707229797178f,0f,0f,0.9990482215818578f,0.043619387365336f,0.88609f,0.639779651444329f,0.03352404609105504f,-0.7678268919043261f,0f,0f,0f,0f,1f],start_interpolation:0}