execute if entity @s[tag=aj.tultaria.bone.head] run data modify entity @s {} merge value {transformation:[-0.9918767110460971f,0.020683331185412095f,-0.1255101186974663f,0f,0.00009701689589119988f,0.986814619185878f,0.16185455801043272f,1.5914664583333333f,0.12720291141361284f,0.1605275900650888f,-0.9788004455228838f,0f,0f,0f,0f,1f],start_interpolation:0}
execute if entity @s[tag=aj.tultaria.bone.bust] run data modify entity @s {} merge value {transformation:[-0.8603864393258537f,0f,-0.5096422029465177f,0.6850143211361857f,0f,1f,0f,0.43521645833333333f,0.5096422029465177f,0f,-0.8603864393258537f,0.17537211818966797f,0f,0f,0f,1f],start_interpolation:0}
execute if entity @s[tag=aj.tultaria.bone.left_wing] run data modify entity @s {} merge value {transformation:[-0.5952253299807709f,-0.00032286297881911445f,-0.803558773400415f,-0.009931122910448842f,-0.009449792745980751f,0.9999335814242373f,0.006598041918353169f,1.4977164583333333f,0.803503271907676f,0.011520785545927156f,-0.595188846950331f,-0.13940094259988906f,0f,0f,0f,1f],start_interpolation:0}
execute if entity @s[tag=aj.tultaria.bone.right_wing] run data modify entity @s {} merge value {transformation:[-0.9906784980502371f,0.010258626238117685f,-0.135833994598677f,-0.1174794278261806f,0.009449792745980751f,0.9999335814242373f,0.006598041918353169f,1.4977164583333333f,0.1358926595441594f,0.005252935160930456f,-0.9907096404871665f,-0.07569566723157434f,0f,0f,0f,1f],start_interpolation:0}
execute if entity @s[tag=aj.tultaria.bone.body] run data modify entity @s {} merge value {transformation:[-0.8603864393258537f,0f,-0.5096422029465177f,0.6850143211361857f,0f,1f,0f,0.43521645833333333f,0.5096422029465177f,0f,-0.8603864393258537f,0.17537211818966797f,0f,0f,0f,1f],start_interpolation:0}
execute if entity @s[tag=aj.tultaria.bone.left_hand] run data modify entity @s {} merge value {transformation:[-0.9226639124788197f,-0.37238312866070633f,-0.10011048945111173f,0.31121633439073704f,-0.3032282489766226f,0.8610579063676767f,-0.40820572130273325f,1.1827553914926965f,0.23820985208812973f,-0.3462803594929654f,-0.9073841408122443f,-0.3499688733068187f,0f,0f,0f,1f],start_interpolation:0}
execute if entity @s[tag=aj.tultaria.bone.left_arm] run data modify entity @s {} merge value {transformation:[-0.9226639124788197f,-0.19666206271178516f,-0.33168560068116193f,0.18820953360253048f,-0.3032282489766226f,0.9014141756243749f,0.30903901534595923f,1.4352164583333333f,0.23820985208812973f,0.3857155909130128f,-0.8913358229616811f,-0.11148423189455076f,0f,0f,0f,1f],start_interpolation:0}
execute if entity @s[tag=aj.tultaria.bone.rod] run data modify entity @s {} merge value {transformation:[0.021625542271643074f,-0.0286108391607341f,-0.05300712974662928f,0.05543829268783923f,-0.04211205066012094f,0.03308757494787356f,-0.035039799846292845f,0.23429703404082886f,0.04306867899827894f,0.04671865009380582f,-0.0076456930853751395f,0.5096007041609262f,0f,0f,0f,1f],start_interpolation:0}
execute if entity @s[tag=aj.tultaria.bone.sword] run data modify entity @s {} merge value {transformation:[-0.000007015649826406258f,-0.000004103813713067174f,-0.00000582575064019116f,-0.18417756819936326f,0.000001896999608891798f,0.000006804751122327469f,-0.000007077906091991293f,0.9197932376303926f,0.0000068689191287356315f,-0.0000060707557331542276f,-0.000003995481802144127f,0.43992666412963655f,0f,0f,0f,1f],start_interpolation:0}
execute if entity @s[tag=aj.tultaria.bone.right_hand] run data modify entity @s {} merge value {transformation:[-0.7015649826406257f,-0.41038137130671737f,-0.582575064019116f,-0.36166035360835613f,0.1896999608891798f,0.6804751122327468f,-0.7077906091991292f,1.1137471395962038f,0.6868919128735631f,-0.6070755733154227f,-0.39954818021441263f,0.15959325027980317f,0f,0f,0f,1f],start_interpolation:0}
execute if entity @s[tag=aj.tultaria.bone.right_arm] run data modify entity @s {} merge value {transformation:[-0.7015649826406257f,0.12175932779448975f,-0.7021262288417183f,-0.18820953360253048f,0.1896999608891798f,0.9816521057133141f,-0.019314973136409445f,1.4352164583333333f,0.6868919128735631f,-0.1467440269436905f,-0.7117904822244024f,0.11148423189455076f,0f,0f,0f,1f],start_interpolation:0}
execute if entity @s[tag=aj.tultaria.bone.skirt] run data modify entity @s {} merge value {transformation:[-0.848417842899429f,0.019177238859433815f,-0.5289795812312685f,0.031969161961587216f,0f,0.9993434973167575f,0.03622946826427065f,0.8856598612363502f,0.5293270858834639f,0.030737727314165825f,-0.8478608543090548f,0.051240921075260674f,0f,0f,0f,1f],start_interpolation:0}
execute if entity @s[tag=aj.tultaria.bone.left_foot] run data modify entity @s {} merge value {transformation:[-0.848417842899429f,0.2165830258694082f,-0.4829896031542825f,0.16234157831520268f,0f,0.9124596417509172f,0.4091667168475313f,0.431034480875352f,0.5293270858834639f,0.347144343294024f,-0.774147040987099f,0.024055998694683f,0f,0f,0f,1f],start_interpolation:0}
execute if entity @s[tag=aj.tultaria.bone.left_leg] run data modify entity @s {} merge value {transformation:[-0.848417842899429f,0.019177238859433815f,-0.5289795812312685f,0.10460917266229643f,0f,0.9993434973167575f,0.03622946826427065f,0.8727759444844673f,0.5293270858834639f,0.030737727314165825f,-0.8478608543090548f,-0.0684788523940013f,0f,0f,0f,1f],start_interpolation:0}
execute if entity @s[tag=aj.tultaria.bone.right_foot] run data modify entity @s {} merge value {transformation:[-0.848417842899429f,0.2165830258694082f,-0.48298960315428247f,0.035323729617575336f,0f,0.9124596417509172f,0.40916671684753136f,0.5063983899977317f,0.5293270858834639f,0.347144343294024f,-0.774147040987099f,0.2927665834946973f,0f,0f,0f,1f],start_interpolation:0}
execute if entity @s[tag=aj.tultaria.bone.right_leg] run data modify entity @s {} merge value {transformation:[-0.848417842899429f,-0.18471426332431864f,-0.49605221980597397f,-0.10749528806256083f,0f,0.9371374203873336f,-0.34896053546178274f,0.8727759444844673f,0.5293270858834639f,-0.29606434475351545f,-0.795084108705357f,0.06385291907686468f,0f,0f,0f,1f],start_interpolation:0}
execute if entity @s[tag=aj.tultaria.bone.lower] run data modify entity @s {} merge value {transformation:[-0.848417842899429f,0.023088923202115287f,-0.528823283786982f,0f,0f,0.9990482215818578f,0.043619387365336f,0.9352164583333333f,0.5293270858834639f,0.03700746653709298f,-0.8476103371069905f,0f,0f,0f,0f,1f],start_interpolation:0}