execute if entity @s[tag=aj.tultaria.bone.head] run data modify entity @s {} merge value {transformation:[-0.9695360007052616f,0.03347317163447559f,-0.24265096356119437f,0f,-0.012329663342461432f,0.9826941200968003f,0.18482490559726228f,1.525546875f,0.24463835091479152f,0.18218620449393058f,-0.9523446141779703f,0f,0f,0f,0f,1f],start_interpolation:0}
execute if entity @s[tag=aj.tultaria.bone.bust] run data modify entity @s {} merge value {transformation:[-0.8175282671051456f,0f,-0.5758884722618242f,0.6967083696834848f,0f,1f,0f,0.3692968750000001f,0.5758884722618242f,0f,-0.8175282671051456f,0.12081989742166072f,0f,0f,0f,1f],start_interpolation:0}
execute if entity @s[tag=aj.tultaria.bone.left_wing] run data modify entity @s {} merge value {transformation:[-0.35104920137214235f,0.04636883032665959f,-0.9352082066524644f,-0.020890542338656504f,-0.2548007963174228f,0.9563523823632079f,0.14306178715584406f,1.431796875f,0.9010222041725655f,0.28851352190556734f,-0.3239119251674095f,-0.1381840629045072f,0f,0f,0f,1f],start_interpolation:0}
execute if entity @s[tag=aj.tultaria.bone.right_wing] run data modify entity @s {} merge value {transformation:[-0.9666117050194022f,0.2560546638163127f,0.009890442730197457f,-0.12308157572679967f,0.2548007963174228f,0.9563523823632079f,0.14306178715584406f,1.431796875f,0.02717288934749923f,0.14080529068941938f,-0.9896643391566541f,-0.06619800387177915f,0f,0f,0f,1f],start_interpolation:0}
execute if entity @s[tag=aj.tultaria.bone.body] run data modify entity @s {} merge value {transformation:[-0.8175282671051456f,0f,-0.5758884722618242f,0.6967083696834848f,0f,1f,0f,0.3692968750000001f,0.5758884722618242f,0f,-0.8175282671051456f,0.12081989742166072f,0f,0f,0f,1f],start_interpolation:0}
execute if entity @s[tag=aj.tultaria.bone.left_hand] run data modify entity @s {} merge value {transformation:[-0.7567883525514285f,-0.5868449705258423f,-0.2878964571004965f,0.3362368255873708f,-0.633057490384522f,0.7677240227159148f,0.09918688831163353f,1.2492977745845495f,0.1628176996230623f,0.25731849042269916f,-0.9525112026512011f,-0.4367276764970925f,0f,0f,0f,1f],start_interpolation:0}
execute if entity @s[tag=aj.tultaria.bone.left_arm] run data modify entity @s {} merge value {transformation:[-0.7567883525514285f,-0.3937908714796563f,-0.5217280316235534f,0.1788343084292506f,-0.633057490384522f,0.6403612413088228f,0.4349433233163542f,1.369296875f,0.1628176996230623f,0.6594438794686903f,-0.7339101896831368f,-0.12597560330727403f,0f,0f,0f,1f],start_interpolation:0}
execute if entity @s[tag=aj.tultaria.bone.rod] run data modify entity @s {} merge value {transformation:[-0.7537329786861238f,0.25821165395994583f,-0.014936673833642264f,-0.12539764440286802f,0.07155480671344568f,0.25239895631893816f,0.7524522856037532f,0.9701890859301494f,0.2485483295098658f,0.7103740382596906f,-0.26192025368320637f,0.7034974405509282f,0f,0f,0f,1f],start_interpolation:0}
execute if entity @s[tag=aj.tultaria.bone.sword] run data modify entity @s {} merge value {transformation:[-0.000009458609928610181f,-0.000002132967905274245f,-0.0000024464558310885024f,-0.16642356213800216f,8.979426724824557e-7f,0.000005523648474867774f,-0.00000828752113017071f,0.9341474014839821f,0.000003119037860515963f,-0.000008058520673247723f,-0.000005033075340535556f,0.6896518932062801f,0f,0f,0f,1f],start_interpolation:0}
execute if entity @s[tag=aj.tultaria.bone.right_hand] run data modify entity @s {} merge value {transformation:[-0.9458609928610181f,-0.21329679052742448f,-0.2446455831088502f,-0.23596463873925846f,0.08979426724824556f,0.5523648474867773f,-0.8287521130170709f,1.0737318896105572f,0.3119037860515963f,-0.8058520673247723f,-0.5033075340535555f,0.33838947354744403f,0f,0f,0f,1f],start_interpolation:0}
execute if entity @s[tag=aj.tultaria.bone.right_arm] run data modify entity @s {} merge value {transformation:[-0.9458609928610181f,-0.16757407332291313f,-0.2779674659630804f,-0.1788343084292506f,0.08979426724824556f,0.6878844784594165f,-0.7202443570511103f,1.369296875f,0.3119037860515963f,-0.7062109275879153f,-0.6355959046454726f,0.12597560330727403f,0f,0f,0f,1f],start_interpolation:0}
execute if entity @s[tag=aj.tultaria.bone.skirt] run data modify entity @s {} merge value {transformation:[-0.750565347370416f,-0.11652029760358616f,-0.6504419109905961f,0.039909353415038915f,0f,0.9843305396752505f,-0.17633317516176628f,0.819740277903017f,0.660796231320009f,-0.13234957086821952f,-0.7388043934386636f,0.045331035937432644f,0f,0f,0f,1f],start_interpolation:0}
execute if entity @s[tag=aj.tultaria.bone.left_foot] run data modify entity @s {} merge value {transformation:[-0.750565347370416f,-0.003604066481507115f,-0.6607864027289936f,0.2243020670727266f,0f,0.9999851261394216f,-0.00545412687101382f,0.39825339693843265f,0.660796231320009f,-0.004093678629544795f,-0.7505541835660843f,0.0656077574803061f,0f,0f,0f,1f],start_interpolation:0}
execute if entity @s[tag=aj.tultaria.bone.left_leg] run data modify entity @s {} merge value {transformation:[-0.750565347370416f,-0.11652029760358616f,-0.6504419109905961f,0.09201919799733314f,0f,0.9843305396752505f,-0.17633317516176628f,0.806856361151134f,0.660796231320009f,-0.13234957086821952f,-0.7388043934386636f,-0.08464572895437288f,0f,0f,0f,1f],start_interpolation:0}
execute if entity @s[tag=aj.tultaria.bone.right_foot] run data modify entity @s {} merge value {transformation:[-0.750565347370416f,-0.0036040664815072954f,-0.6607864027289936f,0.12991708555220804f,0f,0.9999851261394217f,-0.005454126871013987f,0.5059647250906142f,0.660796231320009f,-0.00409367862954485f,-0.7505541835660843f,0.3367320391678927f,0f,0f,0f,1f],start_interpolation:0}
execute if entity @s[tag=aj.tultaria.bone.right_leg] run data modify entity @s {} merge value {transformation:[-0.750565347370416f,-0.3565640611300667f,-0.5563395812245977f,-0.09562213884527086f,0f,0.8419230541210138f,-0.5395976009393896f,0.806856361151134f,0.660796231320009f,-0.40500326078931603f,-0.6319182695755002f,0.08055332887562937f,0f,0f,0f,1f],start_interpolation:0}
execute if entity @s[tag=aj.tultaria.bone.lower] run data modify entity @s {} merge value {transformation:[-0.750565347370416f,0.028823526783501644f,-0.6601672997282488f,0f,0f,0.9990482215818578f,0.043619387365336f,0.8692968750000001f,0.660796231320009f,0.03273920062994815f,-0.7498509754713835f,0f,0f,0f,0f,1f],start_interpolation:0}