execute if entity @s[tag=aj.tultaria.bone.head] run data modify entity @s {} merge value {transformation:[-0.9766264722386371f,0.0009778833065510525f,0.214941334942708f,0f,0.002602743923769476f,0.9999701375427832f,0.007276657662314123f,1.15625f,-0.21492780054423366f,0.007666013755923125f,-0.9765998529522275f,0f,0f,0f,0f,1f],start_interpolation:0}
execute if entity @s[tag=aj.tultaria.bone.bust] run data modify entity @s {} merge value {transformation:[-0.8430023999684311f,0f,0.537909800661287f,0.15254629965357203f,0f,1f,0f,0f,-0.537909800661287f,0f,-0.8430023999684311f,0.690456100314859f,0f,0f,0f,1f],start_interpolation:0}
execute if entity @s[tag=aj.tultaria.bone.left_wing] run data modify entity @s {} merge value {transformation:[-0.9846818320086095f,0f,0.1743608032562619f,0.11992637508068782f,0f,1f,0f,1.0625f,-0.1743608032562619f,0f,-0.9846818320086095f,-0.07175593745472342f,0f,0f,0f,1f],start_interpolation:0}
execute if entity @s[tag=aj.tultaria.bone.right_wing] run data modify entity @s {} merge value {transformation:[-0.5729834943688443f,0f,0.8195669070801167f,0.014551075084633935f,0f,1f,0f,1.0625f,-0.8195669070801167f,0f,-0.5729834943688443f,-0.13899466253738435f,0f,0f,0f,1f],start_interpolation:0}
execute if entity @s[tag=aj.tultaria.bone.body] run data modify entity @s {} merge value {transformation:[-0.8430023999684311f,0f,0.537909800661287f,0.15254629965357203f,0f,1f,0f,0f,-0.537909800661287f,0f,-0.8430023999684311f,0.690456100314859f,0f,0f,0f,1f],start_interpolation:0}
execute if entity @s[tag=aj.tultaria.bone.left_hand] run data modify entity @s {} merge value {transformation:[-0.663141225116906f,0.2442246301372518f,0.7075295368991825f,0.4275828266999737f,-0.19785875174842957f,0.8544490715685604f,-0.4803839073617875f,0.7237931567230509f,-0.7218695380101604f,-0.45855328385035865f,-0.5182984236547995f,0.09985274424589541f,0f,0f,0f,1f],start_interpolation:0}
execute if entity @s[tag=aj.tultaria.bone.left_arm] run data modify entity @s {} merge value {transformation:[-0.663141225116906f,-0.34547466755378475f,0.6639962120592638f,0.1844067749930943f,-0.19785875174842957f,0.9364634825606277f,0.2896343560197481f,1f,-0.7218695380101604f,0.06069102000315038f,-0.6893627275853945f,0.11766776889465654f,0f,0f,0f,1f],start_interpolation:0}
execute if entity @s[tag=aj.tultaria.bone.rod] run data modify entity @s {} merge value {transformation:[-0.5681644377613246f,0.8124964745081236f,-0.1305321821438235f,-0.5957337597142809f,0.005826251562855267f,-0.15464603814061012f,-0.9879527608545562f,1.5392462114918086f,-0.8228944199932846f,-0.5620801382358959f,0.08313057045775873f,0.056222277769907986f,0f,0f,0f,1f],start_interpolation:0}
execute if entity @s[tag=aj.tultaria.bone.right_hand] run data modify entity @s {} merge value {transformation:[-0.5681644377613246f,0.4822215756578818f,-0.6668219579718323f,-0.4982534135890543f,0.005826251562855267f,-0.8079393589450872f,-0.5892368344393693f,1.1626143475824797f,-0.8228944199932846f,-0.3386684872222867f,0.45623286741146135f,-0.013749296512016868f,0f,0f,0f,1f],start_interpolation:0}
execute if entity @s[tag=aj.tultaria.bone.right_arm] run data modify entity @s {} merge value {transformation:[-0.5681644377613246f,0.6063098498260664f,-0.5563969245666722f,-0.1844067749930943f,0.005826251562855267f,-0.6731485010926204f,-0.7394843813560132f,1f,-0.8228944199932846f,-0.4233904362177448f,0.3789265259430435f,-0.11766776889465654f,0f,0f,0f,1f],start_interpolation:0}
execute if entity @s[tag=aj.tultaria.bone.skirt] run data modify entity @s {} merge value {transformation:[-0.9768275574229799f,0f,0.21402785580165745f,-0.01337674098760359f,0f,1f,0f,0.453125f,-0.21402785580165745f,0f,-0.9768275574229799f,0.06105172233893624f,0f,0f,0f,1f],start_interpolation:0}
execute if entity @s[tag=aj.tultaria.bone.left_foot] run data modify entity @s {} merge value {transformation:[-0.9768275574229799f,-0.08190491447991875f,0.19773595536242838f,0.0953499627026653f,0f,0.9238795325112867f,0.3826834323650897f,0f,-0.21402785580165745f,0.3738157225034327f,-0.9024709870960848f,0.14885692665307967f,0f,0f,0f,1f],start_interpolation:0}
execute if entity @s[tag=aj.tultaria.bone.left_leg] run data modify entity @s {} merge value {transformation:[-0.9768275574229799f,0f,0.21402785580165745f,0.12210344467787249f,0f,1f,0f,0.4375f,-0.21402785580165745f,0f,-0.9768275574229799f,0.02675348197520718f,0f,0f,0f,1f],start_interpolation:0}
execute if entity @s[tag=aj.tultaria.bone.right_foot] run data modify entity @s {} merge value {transformation:[-0.9768275574229799f,-0.08190491447991878f,0.19773595536242838f,-0.1826538391831405f,0f,0.9238795325112867f,0.38268343236508984f,0.08113813357194827f,-0.21402785580165745f,0.37381572250343287f,-0.9024709870960848f,0.24959977000705522f,0f,0f,0f,1f],start_interpolation:0}
execute if entity @s[tag=aj.tultaria.bone.right_leg] run data modify entity @s {} merge value {transformation:[-0.9768275574229799f,0.08190491447991875f,0.19773595536242838f,-0.12210344467787249f,0f,0.9238795325112867f,-0.3826834323650897f,0.4375f,-0.21402785580165745f,-0.3738157225034327f,-0.9024709870960848f,-0.02675348197520718f,0f,0f,0f,1f],start_interpolation:0}
execute if entity @s[tag=aj.tultaria.bone.lower] run data modify entity @s {} merge value {transformation:[-0.9768275574229799f,0f,0.21402785580165745f,0f,0f,1f,0f,0.5f,-0.21402785580165745f,0f,-0.9768275574229799f,0f,0f,0f,0f,1f],start_interpolation:0}