execute if entity @s[tag=aj.tultaria.bone.head] run data modify entity @s {} merge value {transformation:[-0.9863421510387403f,0.002764699841875287f,-0.1646861181734966f,0f,-0.02096067888610855f,0.9896229304552231f,0.1421516987511934f,1.47655072f,0.16337016565121068f,0.14366214516009754f,-0.9760488599568645f,0f,0f,0f,0f,1f],start_interpolation:0}
execute if entity @s[tag=aj.tultaria.bone.bust] run data modify entity @s {} merge value {transformation:[-0.9324095359603297f,0f,-0.36140345495061676f,0.6469064954554733f,0f,1f,0f,0.32030072f,0.36140345495061676f,0f,-0.9324095359603297f,0.2855030405048565f,0f,0f,0f,1f],start_interpolation:0}
execute if entity @s[tag=aj.tultaria.bone.left_wing] run data modify entity @s {} merge value {transformation:[-0.39430881931559725f,0.007428751690275542f,-0.9189479684172895f,0.013100164128693637f,-0.3883936118331426f,0.9049225414691724f,0.1739701015352355f,1.38280072f,0.8328691117439436f,0.425511465872893f,-0.3539336591983812f,-0.13913890792945482f,0f,0f,0f,1f],start_interpolation:0}
execute if entity @s[tag=aj.tultaria.bone.right_wing] run data modify entity @s {} merge value {transformation:[-0.8526193814836807f,0.28128615037741067f,0.440361546827425f,-0.10345102786634763f,0.3883936118331426f,0.9049225414691724f,0.1739701015352355f,1.38280072f,-0.34955770997875557f,0.3193638920523588f,-0.8808042415018091f,-0.09396347606062772f,0f,0f,0f,1f],start_interpolation:0}
execute if entity @s[tag=aj.tultaria.bone.body] run data modify entity @s {} merge value {transformation:[-0.9324095359603297f,0f,-0.36140345495061676f,0.6469064954554733f,0f,1f,0f,0.32030072f,0.36140345495061676f,0f,-0.9324095359603297f,0.2855030405048565f,0f,0f,0f,1f],start_interpolation:0}
execute if entity @s[tag=aj.tultaria.bone.left_hand] run data modify entity @s {} merge value {transformation:[-0.3265793716926708f,-0.8764984357463641f,-0.35368970315659043f,0.46256847321356076f,-0.908951424769304f,0.18864927317220037f,0.37177783573184264f,1.4016571821421753f,-0.2591393860351467f,0.44290173161298135f,-0.8583034630825802f,-0.3285511802139732f,0f,0f,0f,1f],start_interpolation:0}
execute if entity @s[tag=aj.tultaria.bone.left_arm] run data modify entity @s {} merge value {transformation:[-0.3265793716926708f,-0.8003544687584875f,-0.5027709601032458f,0.2039645859913221f,-0.908951424769304f,0.12010274045658642f,0.39922755308804814f,1.32030072f,-0.2591393860351467f,0.5873738639683734f,-0.7667064122153865f,-0.07905700577044741f,0f,0f,0f,1f],start_interpolation:0}
execute if entity @s[tag=aj.tultaria.bone.rod] run data modify entity @s {} merge value {transformation:[-1.0499922729587843f,0.07052494803277602f,-0.16292927682838407f,-0.18354951751536708f,-0.0038258272122287107f,0.9680562306896031f,0.4436845592142915f,1.202360205327427f,0.17749670585390628f,0.43806033459332083f,-0.9542544490244725f,0.7597369290399063f,0f,0f,0f,1f],start_interpolation:0}
execute if entity @s[tag=aj.tultaria.bone.sword] run data modify entity @s {} merge value {transformation:[-0.00000986004523407717f,-0.0000016629816880273944f,-1.1832111915309079e-7f,-0.21491678911788833f,-3.592676855043789e-8f,9.214827105239571e-7f,-0.000009957388155611236f,1.155572677196279f,0.0000016667985028951774f,-0.000009817604673212859f,-9.145606766395629e-7f,0.7606586711897058f,0f,0f,0f,1f],start_interpolation:0}
execute if entity @s[tag=aj.tultaria.bone.right_hand] run data modify entity @s {} merge value {transformation:[-0.9860045234077169f,-0.16629816880273943f,-0.011832111915309078f,-0.247390344805808f,-0.0035926768550437888f,0.0921482710523957f,-0.9957388155611235f,1.112448455026935f,0.16667985028951773f,-0.9817604673212859f,-0.09145606766395628f,0.3801447453364296f,0f,0f,0f,1f],start_interpolation:0}
execute if entity @s[tag=aj.tultaria.bone.right_arm] run data modify entity @s {} merge value {transformation:[-0.9860045234077169f,-0.1574949017031823f,-0.0546848768584675f,-0.2039645859913221f,-0.0035926768550437888f,0.34800318625641513f,-0.9374864665841305f,1.32030072f,0.16667985028951773f,-0.9241694315940598f,-0.34369854409726f,0.07905700577044741f,0f,0f,0f,1f],start_interpolation:0}
execute if entity @s[tag=aj.tultaria.bone.skirt] run data modify entity @s {} merge value {transformation:[-0.770408934205345f,-0.210176640561702f,-0.6019101709215268f,0.03850538078861607f,0f,0.94409868702156f,-0.3296629629851776f,0.7707441229030169f,0.6375500561497774f,-0.25397529196038676f,-0.7273420632529456f,0.0465295063319069f,0f,0f,0f,1f],start_interpolation:0}
execute if entity @s[tag=aj.tultaria.bone.left_foot] run data modify entity @s {} merge value {transformation:[-0.770408934205345f,-0.20226214534118997f,-0.6046156619362121f,0.26175407195760425f,0f,0.9483422612924556f,-0.3172490432557867f,0.38602490095234865f,0.6375500561497774f,-0.244411497292356f,-0.7306113507842075f,0.12023789326238907f,0f,0f,0f,1f],start_interpolation:0}
execute if entity @s[tag=aj.tultaria.bone.left_leg] run data modify entity @s {} merge value {transformation:[-0.770408934205345f,-0.210176640561702f,-0.6019101709215268f,0.09456302034666882f,0f,0.94409868702156f,-0.3296629629851776f,0.7578602061511339f,0.6375500561497774f,-0.25397529196038676f,-0.7273420632529456f,-0.08179405487689834f,0f,0f,0f,1f],start_interpolation:0}
execute if entity @s[tag=aj.tultaria.bone.right_foot] run data modify entity @s {} merge value {transformation:[-0.770408934205345f,-0.2022621453411899f,-0.604615661936212f,0.14714549707644664f,0f,0.9483422612924555f,-0.3172490432557867f,0.5146840364299675f,0.6375500561497774f,-0.24441149729235592f,-0.7306113507842074f,0.37387214270714986f,0f,0f,0f,1f],start_interpolation:0}
execute if entity @s[tag=aj.tultaria.bone.right_leg] run data modify entity @s {} merge value {transformation:[-0.770408934205345f,-0.4245189466106456f,-0.47566136911165297f,-0.09803921320466742f,0f,0.7460768994111852f,-0.6658597901698167f,0.7578602061511339f,0.6375500561497774f,-0.512984331274923f,-0.5747843089105995f,0.07759345916054602f,0f,0f,0f,1f],start_interpolation:0}
execute if entity @s[tag=aj.tultaria.bone.lower] run data modify entity @s {} merge value {transformation:[-0.770408934205345f,0.02780954286398886f,-0.6369432497658487f,0f,0f,0.9990482215818578f,0.043619387365336f,0.82030072f,0.6375500561497774f,0.033604765730818595f,-0.7696756756086244f,0f,0f,0f,0f,1f],start_interpolation:0}