execute if entity @s[tag=aj.tultaria.bone.head] run data modify entity @s {} merge value {transformation:[-0.9634000368718204f,0.03355838970820946f,-0.26595902585843345f,0f,-0.017249290667901967f,0.9823166740530056f,0.1864307213119541f,1.4994444444444444f,0.26751230051500274f,0.1841949683287608f,-0.9457850615840458f,0f,0f,0f,0f,1f],start_interpolation:0}
execute if entity @s[tag=aj.tultaria.bone.bust] run data modify entity @s {} merge value {transformation:[-0.8223403794433755f,0f,-0.5689958702283567f,0.695668124835866f,0f,1f,0f,0.34319444444444447f,0.5689958702283567f,0f,-0.8223403794433755f,0.12667225460750936f,0f,0f,0f,1f],start_interpolation:0}
execute if entity @s[tag=aj.tultaria.bone.left_wing] run data modify entity @s {} merge value {transformation:[-0.27115088993609043f,0.07509654962342542f,-0.9596028882415487f,-0.019728210063333695f,-0.33216677738981637f,0.9284063122912042f,0.1665141174084383f,1.4056944444444444f,0.9034060144172885f,0.3638986500833761f,-0.22679361891853628f,-0.1383547893196942f,0f,0f,0f,1f],start_interpolation:0}
execute if entity @s[tag=aj.tultaria.bone.right_wing] run data modify entity @s {} merge value {transformation:[-0.9409995803981921f,0.31407179530739454f,0.12601070225507127f,-0.12252075749375557f,0.33216677738981637f,0.9284063122912042f,0.1665141174084383f,1.4056944444444444f,-0.0646917435913612f,0.1985462834964105f,-0.9779541664213474f,-0.06723030554114956f,0f,0f,0f,1f],start_interpolation:0}
execute if entity @s[tag=aj.tultaria.bone.body] run data modify entity @s {} merge value {transformation:[-0.8223403794433755f,0f,-0.5689958702283567f,0.695668124835866f,0f,1f,0f,0.34319444444444447f,0.5689958702283567f,0f,-0.8223403794433755f,0.12667225460750936f,0f,0f,0f,1f],start_interpolation:0}
execute if entity @s[tag=aj.tultaria.bone.left_hand] run data modify entity @s {} merge value {transformation:[-0.6536281215004738f,-0.6476117658396535f,-0.39162390061104235f,0.3510441369984174f,-0.7542738893931971f,0.5998108740257126f,0.2670165073177494f,1.2926820236382723f,0.06197724230248364f,0.46992118078094386f,-0.8805299002816558f,-0.4467967204706795f,0f,0f,0f,1f],start_interpolation:0}
execute if entity @s[tag=aj.tultaria.bone.left_arm] run data modify entity @s {} merge value {transformation:[-0.6536281215004738f,-0.47936974531118626f,-0.5856406116929137f,0.1798869580032384f,-0.7542738893931971f,0.4759895818873582f,0.45222208892794796f,1.3431944444444444f,0.06197724230248364f,0.73731849645522f,-0.6726962585161247f,-0.12446784661245304f,0f,0f,0f,1f],start_interpolation:0}
execute if entity @s[tag=aj.tultaria.bone.rod] run data modify entity @s {} merge value {transformation:[-0.94977795105466f,0.3098334016549107f,0.0438760402652552f,-0.16188043211032f,0.1064466676210674f,0.18804037481229702f,0.976375913464082f,0.883398664408019f,0.2942634035057393f,0.932010772823682f,-0.21157733502863885f,0.6675048941540406f,0f,0f,0f,1f],start_interpolation:0}
execute if entity @s[tag=aj.tultaria.bone.sword] run data modify entity @s {} merge value {transformation:[-0.0000094977795105466f,-0.000001548319266438669f,-0.000002719355037176274f,-0.20430796981754193f,0.000001064466676210674f,0.000006573308732348662f,-0.0000074604639939125655f,0.8517541977997121f,0.0000029426340350573936f,-0.000007375250487841321f,-0.0000060783702731339245f,0.6482082648582796f,0f,0f,0f,1f],start_interpolation:0}
execute if entity @s[tag=aj.tultaria.bone.right_hand] run data modify entity @s {} merge value {transformation:[-0.94977795105466f,-0.15483192664386689f,-0.27193550371762737f,-0.2539343425664735f,0.1064466676210674f,0.6573308732348662f,-0.7460463993912565f,1.0366419419471866f,0.2942634035057393f,-0.737525048784132f,-0.6078370273133924f,0.31495337244581695f,0f,0f,0f,1f],start_interpolation:0}
execute if entity @s[tag=aj.tultaria.bone.right_arm] run data modify entity @s {} merge value {transformation:[-0.94977795105466f,-0.12218793314675472f,-0.2880832391579484f,-0.1798869580032384f,0.1064466676210674f,0.7395599021208966f,-0.6646203864818621f,1.3431944444444444f,0.2942634035057393f,-0.6619072897077458f,-0.6894111902115923f,0.12446784661245304f,0f,0f,0f,1f],start_interpolation:0}
execute if entity @s[tag=aj.tultaria.bone.skirt] run data modify entity @s {} merge value {transformation:[-0.7224818146490989f,-0.17894488001538938f,-0.66783138397175f,0.04175708566559314f,0f,0.9659258262890684f,-0.25881904510252074f,0.7936378473474613f,0.6913899243562529f,-0.1869920533714161f,-0.6978638437937563f,0.04363490696545145f,0f,0f,0f,1f],start_interpolation:0}
execute if entity @s[tag=aj.tultaria.bone.left_foot] run data modify entity @s {} merge value {transformation:[-0.7224818146490989f,-0.12005860042174009f,-0.680886157860562f,0.25019265952615233f,0f,0.9848077530122082f,-0.17364817766693036f,0.3905137622319261f,0.6913899243562529f,-0.1254576505113129f,-0.7115056924767617f,0.0806486248960831f,0f,0f,0f,1f],start_interpolation:0}
execute if entity @s[tag=aj.tultaria.bone.left_leg] run data modify entity @s {} merge value {transformation:[-0.7224818146490989f,-0.17894488001538938f,-0.66783138397175f,0.08842535152295075f,0f,0.9659258262890684f,-0.25881904510252074f,0.7807539305955784f,0.6913899243562529f,-0.1869920533714161f,-0.6978638437937563f,-0.08839337892813098f,0f,0f,0f,1f],start_interpolation:0}
execute if entity @s[tag=aj.tultaria.bone.right_foot] run data modify entity @s {} merge value {transformation:[-0.7224818146490989f,-0.12005860042174016f,-0.6808861578605621f,0.16050950038173117f,0f,0.9848077530122081f,-0.17364817766693036f,0.5097570228442531f,0.6913899243562529f,-0.12545765051131297f,-0.7115056924767618f,0.34852286186926135f,0f,0f,0f,1f],start_interpolation:0}
execute if entity @s[tag=aj.tultaria.bone.right_leg] run data modify entity @s {} merge value {transformation:[-0.7224818146490989f,-0.4208915183533438f,-0.5485165059317377f,-0.09219510213932397f,0f,0.7933533402912353f,-0.6087614290087207f,0.7807539305955784f,0.6913899243562529f,-0.4398190619185991f,-0.5731833609515358f,0.08445410216093224f,0f,0f,0f,1f],start_interpolation:0}
execute if entity @s[tag=aj.tultaria.bone.lower] run data modify entity @s {} merge value {transformation:[-0.7224818146490989f,0.030158004930985752f,-0.6907318743477296f,0f,0f,0.9990482215818578f,0.043619387365336f,0.8431944444444445f,0.6913899243562529f,0.03151421413758993f,-0.7217941720504156f,0f,0f,0f,0f,1f],start_interpolation:0}