execute if entity @s[tag=aj.tultaria.bone.head] run data modify entity @s {} merge value {transformation:[-0.9783169981582368f,-0.020139677435502636f,0.2061316193781303f,0f,-0.009937484487739732f,0.9986791738307685f,0.050409861721189275f,1.50936f,-0.20687459369558264f,0.04726839482664286f,-0.9772249491973688f,0f,0f,0f,0f,1f],start_interpolation:0}
execute if entity @s[tag=aj.tultaria.bone.bust] run data modify entity @s {} merge value {transformation:[-0.9889290143059117f,0f,0.14838936843297723f,0.42026982293646725f,0f,1f,0f,0.35311000000000003f,-0.14838936843297723f,0f,-0.9889290143059117f,0.5686591913694445f,0f,0f,0f,1f],start_interpolation:0}
execute if entity @s[tag=aj.tultaria.bone.left_wing] run data modify entity @s {} merge value {transformation:[-0.8403102021492802f,-0.185802217132354f,-0.5092703606853018f,0.08035673444824165f,-0.3043609068327772f,0.939093759973208f,0.1595849252633606f,1.41561f,0.4486013849240385f,0.28910282960926637f,-0.8456809985781578f,-0.11434179126117783f,0f,0f,0f,1f],start_interpolation:0}
execute if entity @s[tag=aj.tultaria.bone.right_wing] run data modify entity @s {} merge value {transformation:[-0.6716425285879962f,0.09277002196432149f,0.7350442414009256f,-0.043259392339997316f,0.3043609068327772f,0.939093759973208f,0.1595849252633606f,1.41561f,-0.675470763381993f,0.33090275460340646f,-0.6589708755415716f,-0.1328904623153f,0f,0f,0f,1f],start_interpolation:0}
execute if entity @s[tag=aj.tultaria.bone.body] run data modify entity @s {} merge value {transformation:[-0.9889290143059117f,0f,0.14838936843297723f,0.42026982293646725f,0f,1f,0f,0.35311000000000003f,-0.14838936843297723f,0f,-0.9889290143059117f,0.5686591913694445f,0f,0f,0f,1f],start_interpolation:0}
execute if entity @s[tag=aj.tultaria.bone.left_hand] run data modify entity @s {} merge value {transformation:[-0.2115041408403192f,-0.758364963650769f,0.6165619030676208f,0.5830290481808911f,-0.893550142203079f,0.40564166849462274f,0.1924135653995207f,1.3554531534232062f,-0.3960229056206919f,-0.5102327103272255f,-0.7634320136959662f,0.06805794284011718f,0f,0f,0f,1f],start_interpolation:0}
execute if entity @s[tag=aj.tultaria.bone.left_arm] run data modify entity @s {} merge value {transformation:[-0.2115041408403192f,-0.9164194702897236f,0.3397666153130718f,0.2163282218794182f,-0.893550142203079f,0.32216060316149f,0.31269903923658293f,1.35311f,-0.3960229056206919f,-0.23746136579352745f,-0.8870050495793228f,0.032460174344713766f,0f,0f,0f,1f],start_interpolation:0}
execute if entity @s[tag=aj.tultaria.bone.rod] run data modify entity @s {} merge value {transformation:[-1.0029860667985642f,0.4299040456490852f,0.11965580105122942f,-0.5072812453663883f,-0.4201013679741208f,-0.8103736216092299f,-0.6098569368375912f,1.8730685100643907f,-0.1504986372593934f,-0.6029868608163916f,0.9049160487297015f,-0.22867536886012557f,0f,0f,0f,1f],start_interpolation:0}
execute if entity @s[tag=aj.tultaria.bone.sword] run data modify entity @s {} merge value {transformation:[-0.000009136512754237934f,0.00000264249428866892f,-0.00000308890897017049f,-0.550312108521056f,-0.000003826834323650898f,-0.00000815407407873455f,0.0000043435486618474465f,1.8814700371553914f,-0.0000013709390033750412f,0.000005150563061730388f,0.000008461218966328882f,-0.1932975893410059f,0f,0f,0f,1f],start_interpolation:0}
execute if entity @s[tag=aj.tultaria.bone.right_hand] run data modify entity @s {} merge value {transformation:[-0.9136512754237933f,0.26424942886689196f,-0.30889089701704897f,-0.44679907166843497f,-0.3826834323650898f,-0.8154074078734549f,0.4343548661847446f,1.621585090384938f,-0.1370939003375041f,0.5150563061730388f,0.8461218966328881f,0.07023598303387499f,0f,0f,0f,1f],start_interpolation:0}
execute if entity @s[tag=aj.tultaria.bone.right_arm] run data modify entity @s {} merge value {transformation:[-0.9136512754237933f,0.39395887557770426f,-0.10018857854080321f,-0.2163282218794182f,-0.3826834323650898f,-0.9167119144630287f,-0.1148592898933429f,1.35311f,-0.1370939003375041f,-0.06660082758555003f,0.9883165445621007f,-0.032460174344713766f,0f,0f,0f,1f],start_interpolation:0}
execute if entity @s[tag=aj.tultaria.bone.skirt] run data modify entity @s {} merge value {transformation:[-0.9777826500238377f,-0.0477247178155082f,-0.20411624291513772f,0.012660257638973478f,0f,0.9737380845862744f,-0.22767112822282393f,0.8035534029030169f,0.20962129975830557f,-0.22261287908762972f,-0.9521042047759032f,0.05905401921700251f,0f,0f,0f,1f],start_interpolation:0}
execute if entity @s[tag=aj.tultaria.bone.left_foot] run data modify entity @s {} merge value {transformation:[-0.9777826500238377f,-0.023075377266593696f,-0.2083473452587428f,0.16804545361952034f,0f,0.993922590399775f,-0.11008126222478211f,0.3931179651724919f,0.20962129975830557f,-0.10763554829611642f,-0.9718402643596493f,0.1875378552173818f,0f,0f,0f,1f],start_interpolation:0}
execute if entity @s[tag=aj.tultaria.bone.left_leg] run data modify entity @s {} merge value {transformation:[-0.9777826500238377f,-0.0477247178155082f,-0.20411624291513772f,0.12165135921084329f,0f,0.9737380845862744f,-0.22767112822282393f,0.790669486151134f,0.20962129975830557f,-0.22261287908762972f,-0.9521042047759032f,-0.028868304980444105f,0f,0f,0f,1f],start_interpolation:0}
execute if entity @s[tag=aj.tultaria.bone.right_foot] run data modify entity @s {} merge value {transformation:[-0.9777826500238377f,-0.023075377266593686f,-0.20834734525874277f,-0.04804072320172863f,0f,0.993922590399775f,-0.1100812622247821f,0.5080765632039455f,0.20962129975830557f,-0.10763554829611638f,-0.9718402643596493f,0.37222655545365485f,0f,0f,0f,1f],start_interpolation:0}
execute if entity @s[tag=aj.tultaria.bone.right_leg] run data modify entity @s {} merge value {transformation:[-0.9777826500238377f,-0.12220379442485613f,-0.17031536026010366f,-0.12279430329511613f,0f,0.8124907175772603f,-0.5829741279429034f,0.790669486151134f,0.20962129975830557f,-0.5700219877153478f,-0.7944393269524631f,0.023537019959132287f,0f,0f,0f,1f],start_interpolation:0}
execute if entity @s[tag=aj.tultaria.bone.lower] run data modify entity @s {} merge value {transformation:[-0.9777826500238377f,0.009143552674182744f,-0.2094217867292127f,0f,0f,0.9990482215818578f,0.043619387365336f,0.85311f,0.20962129975830557f,0.04265028017049454f,-0.9768520175999111f,0f,0f,0f,0f,1f],start_interpolation:0}