execute if entity @s[tag=aj.tultaria.bone.head] run data modify entity @s {} merge value {transformation:[-0.9307339918513057f,0.12149817042862392f,-0.34492380462216676f,0f,0.04738554130099498f,0.9753122830692112f,0.21568625586702184f,1.15625f,0.3626139088454073f,0.1844021287209553f,-0.9135135510954584f,0f,0f,0f,0f,1f],start_interpolation:0}
execute if entity @s[tag=aj.tultaria.bone.bust] run data modify entity @s {} merge value {transformation:[-0.7121168169486021f,0f,-0.7020609938025265f,0.7070889053755642f,0f,1f,0f,0f,0.7020609938025265f,0f,-0.7121168169486021f,0.00502791157303778f,0f,0f,0f,1f],start_interpolation:0}
execute if entity @s[tag=aj.tultaria.bone.left_wing] run data modify entity @s {} merge value {transformation:[-0.38924304109790325f,0f,-0.921135090503481f,-0.04325032316602817f,0f,1f,0f,1.0625f,0.921135090503481f,0f,-0.38924304109790325f,-0.1328934142312332f,0f,0f,0f,1f],start_interpolation:0}
execute if entity @s[tag=aj.tultaria.bone.right_wing] run data modify entity @s {} merge value {transformation:[-0.9265772627738968f,0f,-0.37610447499389427f,-0.13226492528460354f,0f,1f,0f,1.0625f,0.37610447499389427f,0f,-0.9265772627738968f,-0.04513579000591733f,0f,0f,0f,1f],start_interpolation:0}
execute if entity @s[tag=aj.tultaria.bone.body] run data modify entity @s {} merge value {transformation:[-0.7121168169486021f,0f,-0.7020609938025265f,0.7070889053755642f,0f,1f,0f,0f,0.7020609938025265f,0f,-0.7121168169486021f,0.00502791157303778f,0f,0f,0f,1f],start_interpolation:0}
execute if entity @s[tag=aj.tultaria.bone.left_hand] run data modify entity @s {} merge value {transformation:[-0.5156822582364256f,-0.5687760534140267f,-0.6407539384217196f,0.23782792559347438f,-0.8566920388165876f,0.33159177484329694f,0.3951273788091016f,1.065100722772484f,-0.012270255435779254f,0.7526889768815781f,-0.6582619120931306f,-0.50680592557294f,0f,0f,0f,1f],start_interpolation:0}
execute if entity @s[tag=aj.tultaria.bone.left_arm] run data modify entity @s {} merge value {transformation:[-0.5156822582364256f,-0.3153239064174094f,-0.7966446149832718f,0.1557755537075067f,-0.8566920388165876f,0.17645282120136385f,0.4847093484949083f,1f,-0.012270255435779254f,0.9324351108424354f,-0.36112906958564883f,-0.15357584239430266f,0f,0f,0f,1f],start_interpolation:0}
execute if entity @s[tag=aj.tultaria.bone.rod] run data modify entity @s {} merge value {transformation:[-0.9955372249712654f,0.42840386980554457f,0.22750597192307281f,-0.20894419455179966f,0.2608098425548349f,0.034817037028885445f,1.0757087008979553f,0.46658223120102044f,0.40898296902383396f,1.0206082046979041f,-0.13219316465039516f,0.6181674227468059f,0f,0f,0f,1f],start_interpolation:0}
execute if entity @s[tag=aj.tultaria.bone.right_hand] run data modify entity @s {} merge value {transformation:[-0.8989683583514777f,-0.05300951215227671f,-0.4347940688466517f,-0.28317202021473487f,0.23551082784493027f,0.778455041870793f,-0.5818439634074908f,0.6857723764766315f,0.36931089971817105f,-0.6254580236972898f,-0.6873221369503791f,0.29770539674152485f,0f,0f,0f,1f],start_interpolation:0}
execute if entity @s[tag=aj.tultaria.bone.right_arm] run data modify entity @s {} merge value {transformation:[-0.8989683583514777f,0.005987628545646662f,-0.43797264639158534f,-0.1557755537075067f,0.23551082784493027f,0.8496781253877862f,-0.4717856856723115f,1f,0.36931089971817105f,-0.5272677038676813f,-0.7652439008626324f,0.15357584239430266f,0f,0f,0f,1f],start_interpolation:0}
execute if entity @s[tag=aj.tultaria.bone.skirt] run data modify entity @s {} merge value {transformation:[-0.9999747197856691f,0f,0.007110540737002786f,-0.00044440879606267414f,0f,1f,0f,0.453125f,-0.007110540737002786f,0f,-0.9999747197856691f,0.06249841998660432f,0f,0f,0f,1f],start_interpolation:0}
execute if entity @s[tag=aj.tultaria.bone.left_foot] run data modify entity @s {} merge value {transformation:[-0.9999747197856691f,-0.002721086135208021f,0.006569283052004595f,0.12410802238108329f,0f,0.9238795325112867f,0.3826834323650897f,0f,-0.007110540737002786f,0.38267375804589865f,-0.9238561766386889f,0.12588565756533399f,0f,0f,0f,1f],start_interpolation:0}
execute if entity @s[tag=aj.tultaria.bone.left_leg] run data modify entity @s {} merge value {transformation:[-0.9999747197856691f,0f,0.007110540737002786f,0.12499683997320864f,0f,1f,0f,0.4375f,-0.007110540737002786f,0f,-0.9999747197856691f,0.0008888175921253483f,0f,0f,0f,1f],start_interpolation:0}
execute if entity @s[tag=aj.tultaria.bone.right_foot] run data modify entity @s {} merge value {transformation:[-0.9999747197856691f,-0.002721086135208022f,0.006569283052004594f,-0.12700847553886271f,0f,0.9238795325112867f,0.38268343236508984f,0.08113813357194827f,-0.007110540737002786f,0.3826737580458988f,-0.9238561766386889f,0.28201297363279143f,0f,0f,0f,1f],start_interpolation:0}
execute if entity @s[tag=aj.tultaria.bone.right_leg] run data modify entity @s {} merge value {transformation:[-0.9999747197856691f,0.002721086135208021f,0.006569283052004595f,-0.12499683997320864f,0f,0.9238795325112867f,-0.3826834323650897f,0.4375f,-0.007110540737002786f,-0.38267375804589865f,-0.9238561766386889f,-0.0008888175921253483f,0f,0f,0f,1f],start_interpolation:0}
execute if entity @s[tag=aj.tultaria.bone.lower] run data modify entity @s {} merge value {transformation:[-0.9999747197856691f,0f,0.007110540737002786f,0f,0f,1f,0f,0.5f,-0.007110540737002786f,0f,-0.9999747197856691f,0f,0f,0f,0f,1f],start_interpolation:0}