execute if entity @s[tag=aj.tultaria.bone.head] run data modify entity @s {} merge value {transformation:[-0.9469325746339171f,-0.012072530073228019f,0.3212054686875865f,0f,-0.004751019981448358f,0.9997109486938799f,0.023567920373220773f,1.15625f,-0.3213971482547986f,0.020791177917895892f,-0.9467162193680161f,0f,0f,0f,0f,1f],start_interpolation:0}
execute if entity @s[tag=aj.tultaria.bone.bust] run data modify entity @s {} merge value {transformation:[-0.8499340773769362f,0f,0.5268890434554665f,0.16152251696073483f,0f,1f,0f,0f,-0.5268890434554665f,0f,-0.8499340773769362f,0.6884115604162013f,0f,0f,0f,1f],start_interpolation:0}
execute if entity @s[tag=aj.tultaria.bone.left_wing] run data modify entity @s {} merge value {transformation:[-0.9868684056975124f,0f,0.16152631313829374f,0.11898201026799182f,0f,1f,0f,1.0625f,-0.16152631313829374f,0f,-0.9868684056975124f,-0.07331119445615042f,0f,0f,0f,1f],start_interpolation:0}
execute if entity @s[tag=aj.tultaria.bone.right_wing] run data modify entity @s {} merge value {transformation:[-0.5836049904473187f,0f,0.8120376931676172f,0.012740250595874802f,0f,1f,0f,1.0625f,-0.8120376931676172f,0f,-0.5836049904473187f,-0.13917232488808362f,0f,0f,0f,1f],start_interpolation:0}
execute if entity @s[tag=aj.tultaria.bone.body] run data modify entity @s {} merge value {transformation:[-0.8499340773769362f,0f,0.5268890434554665f,0.16152251696073483f,0f,1f,0f,0f,-0.5268890434554665f,0f,-0.8499340773769362f,0.6884115604162013f,0f,0f,0f,1f],start_interpolation:0}
execute if entity @s[tag=aj.tultaria.bone.left_hand] run data modify entity @s {} merge value {transformation:[-0.6662059643244777f,0.2102857518998843f,0.7155064749157714f,0.43552674002982267f,-0.21961067665308298f,0.86156297305727f,-0.45769028191200734f,0.7296314374016722f,-0.7126996308392953f,-0.4620488567290456f,-0.5277973950266467f,0.09678969714067745f,0f,0f,0f,1f],start_interpolation:0}
execute if entity @s[tag=aj.tultaria.bone.left_arm] run data modify entity @s {} merge value {transformation:[-0.6662059643244777f,-0.3674356868854156f,0.6489688968675893f,0.18592307942620478f,-0.21961067665308298f,0.928274227115452f,0.3001301550547448f,1f,-0.7126996308392953f,0.057428000803205176f,-0.6991146264564054f,0.1152569782558833f,0f,0f,0f,1f],start_interpolation:0}
execute if entity @s[tag=aj.tultaria.bone.rod] run data modify entity @s {} merge value {transformation:[-0.6946854071819885f,0.49773742074310295f,0.5192972607672783f,-0.26809920312071817f,0.344025994985442f,0.8639142836414128f,-0.3678290707579017f,1.4896508061849316f,-0.6317106139860812f,-0.07687373096414796f,-0.7713832573144043f,-0.41630317572804276f,0f,0f,0f,1f],start_interpolation:0}
execute if entity @s[tag=aj.tultaria.bone.right_hand] run data modify entity @s {} merge value {transformation:[-0.6466573709668237f,0.2546746574796051f,-0.7190097797748803f,-0.4614844255021068f,-0.03374863688502863f,-0.9512461968148631f,-0.3065806623935393f,1.2227498621918f,-0.762033643668492f,-0.1739870451582668f,0.6237252873135876f,-0.01430832327538753f,0f,0f,0f,1f],start_interpolation:0}
execute if entity @s[tag=aj.tultaria.bone.right_arm] run data modify entity @s {} merge value {transformation:[-0.6466573709668237f,0.4591511050314525f,-0.6091096020608049f,-0.18592307942620478f,-0.03374863688502863f,-0.8149785578357416f,-0.5785075451334907f,1f,-0.762033643668492f,-0.35353954943735993f,0.5425076155234604f,-0.1152569782558833f,0f,0f,0f,1f],start_interpolation:0}
execute if entity @s[tag=aj.tultaria.bone.skirt] run data modify entity @s {} merge value {transformation:[-0.9738353490255378f,0f,0.22725473149817826f,-0.014203420718636142f,0f,1f,0f,0.453125f,-0.22725473149817826f,0f,-0.9738353490255378f,0.06086470931409611f,0f,0f,0f,1f],start_interpolation:0}
execute if entity @s[tag=aj.tultaria.bone.left_foot] run data modify entity @s {} merge value {transformation:[-0.9738353490255378f,-0.08696662067092972f,0.20995599509751492f,0.09332257719091994f,0f,0.9238795325112867f,0.3826834323650897f,0f,-0.22725473149817826f,0.3726706539235479f,-0.8997065470006796f,0.15013626006546452f,0f,0f,0f,1f],start_interpolation:0}
execute if entity @s[tag=aj.tultaria.bone.left_leg] run data modify entity @s {} merge value {transformation:[-0.9738353490255378f,0f,0.22725473149817826f,0.12172941862819223f,0f,1f,0f,0.4375f,-0.22725473149817826f,0f,-0.9738353490255378f,0.028406841437272283f,0f,0f,0f,1f],start_interpolation:0}
execute if entity @s[tag=aj.tultaria.bone.right_foot] run data modify entity @s {} merge value {transformation:[-0.9738353490255378f,-0.08696662067092978f,0.20995599509751492f,-0.18602181455891334f,0f,0.9238795325112867f,0.38268343236508984f,0.08113813357194827f,-0.22725473149817826f,0.37267065392354815f,-0.8997065470006795f,0.2470998880293649f,0f,0f,0f,1f],start_interpolation:0}
execute if entity @s[tag=aj.tultaria.bone.right_leg] run data modify entity @s {} merge value {transformation:[-0.9738353490255378f,0.08696662067092972f,0.20995599509751492f,-0.12172941862819223f,0f,0.9238795325112867f,-0.3826834323650897f,0.4375f,-0.22725473149817826f,-0.3726706539235479f,-0.8997065470006796f,-0.028406841437272283f,0f,0f,0f,1f],start_interpolation:0}
execute if entity @s[tag=aj.tultaria.bone.lower] run data modify entity @s {} merge value {transformation:[-0.9738353490255378f,0f,0.22725473149817826f,0f,0f,1f,0f,0.5f,-0.22725473149817826f,0f,-0.9738353490255378f,0f,0f,0f,0f,1f],start_interpolation:0}