execute if entity @s[tag=aj.tultaria.bone.head] run data modify entity @s {} merge value {transformation:[-0.9469325932154531f,-0.012072526104457172f,0.3212054140572892f,0f,-0.004751017838165509f,0.9997109487582353f,0.023567918075435408f,1.15625f,-0.3213970935396878f,0.020791177127959883f,-0.9467162379603907f,0f,0f,0f,0f,1f],start_interpolation:0}
execute if entity @s[tag=aj.tultaria.bone.bust] run data modify entity @s {} merge value {transformation:[-0.8499340773769362f,0f,0.5268890434554665f,0.16152251696073483f,0f,1f,0f,0f,-0.5268890434554665f,0f,-0.8499340773769362f,0.6884115604162013f,0f,0f,0f,1f],start_interpolation:0}
execute if entity @s[tag=aj.tultaria.bone.left_wing] run data modify entity @s {} merge value {transformation:[-0.9868684056975124f,0f,0.16152631313829374f,0.11898201026799182f,0f,1f,0f,1.0625f,-0.16152631313829374f,0f,-0.9868684056975124f,-0.07331119445615042f,0f,0f,0f,1f],start_interpolation:0}
execute if entity @s[tag=aj.tultaria.bone.right_wing] run data modify entity @s {} merge value {transformation:[-0.5836049904473187f,0f,0.8120376931676172f,0.012740250595874802f,0f,1f,0f,1.0625f,-0.8120376931676172f,0f,-0.5836049904473187f,-0.13917232488808362f,0f,0f,0f,1f],start_interpolation:0}
execute if entity @s[tag=aj.tultaria.bone.body] run data modify entity @s {} merge value {transformation:[-0.8499340773769362f,0f,0.5268890434554665f,0.16152251696073483f,0f,1f,0f,0f,-0.5268890434554665f,0f,-0.8499340773769362f,0.6884115604162013f,0f,0f,0f,1f],start_interpolation:0}
execute if entity @s[tag=aj.tultaria.bone.left_hand] run data modify entity @s {} merge value {transformation:[-0.6662059643244777f,0.2102857518998843f,0.7155064749157714f,0.43552674002982267f,-0.21961067665308298f,0.86156297305727f,-0.45769028191200734f,0.7296314374016722f,-0.7126996308392953f,-0.4620488567290456f,-0.5277973950266467f,0.09678969714067745f,0f,0f,0f,1f],start_interpolation:0}
execute if entity @s[tag=aj.tultaria.bone.left_arm] run data modify entity @s {} merge value {transformation:[-0.6662059643244777f,-0.3674356868854156f,0.6489688968675893f,0.18592307942620478f,-0.21961067665308298f,0.928274227115452f,0.3001301550547448f,1f,-0.7126996308392953f,0.057428000803205176f,-0.6991146264564054f,0.1152569782558833f,0f,0f,0f,1f],start_interpolation:0}
execute if entity @s[tag=aj.tultaria.bone.rod] run data modify entity @s {} merge value {transformation:[-0.636342683791582f,0.47043716650660306f,0.461347468182395f,-0.2680992237278272f,0.3151331260087932f,0.7805532967795796f,-0.36126484609299697f,1.4896507917479358f,-0.5786568300132586f,-0.09224992411871835f,-0.7040815647517256f,-0.41630319358468393f,0f,0f,0f,1f],start_interpolation:0}
execute if entity @s[tag=aj.tultaria.bone.right_hand] run data modify entity @s {} merge value {transformation:[-0.6466573351586195f,0.2546747308487436f,-0.7190097859922864f,-0.46148444532759f,-0.03374870373719384f,-0.9512461842804882f,-0.30658069392554965f,1.2227498460891864f,-0.7620336710944027f,-0.1739870062933796f,0.6237252646473895f,-0.014308341861888868f,0f,0f,0f,1f],start_interpolation:0}
execute if entity @s[tag=aj.tultaria.bone.right_arm] run data modify entity @s {} merge value {transformation:[-0.6466573351586195f,0.4591511768730455f,-0.6091095859216556f,-0.18592307942620478f,-0.03374870373719384f,-0.8149785363973421f,-0.5785075714350734f,1f,-0.7620336710944027f,-0.3535395055545346f,0.5425076055970496f,-0.1152569782558833f,0f,0f,0f,1f],start_interpolation:0}
execute if entity @s[tag=aj.tultaria.bone.skirt] run data modify entity @s {} merge value {transformation:[-0.9738353490255378f,0f,0.22725473149817826f,-0.014203420718636142f,0f,1f,0f,0.453125f,-0.22725473149817826f,0f,-0.9738353490255378f,0.06086470931409611f,0f,0f,0f,1f],start_interpolation:0}
execute if entity @s[tag=aj.tultaria.bone.left_foot] run data modify entity @s {} merge value {transformation:[-0.9738353490255378f,-0.08696662067092972f,0.20995599509751492f,0.09332257719091994f,0f,0.9238795325112867f,0.3826834323650897f,0f,-0.22725473149817826f,0.3726706539235479f,-0.8997065470006796f,0.15013626006546452f,0f,0f,0f,1f],start_interpolation:0}
execute if entity @s[tag=aj.tultaria.bone.left_leg] run data modify entity @s {} merge value {transformation:[-0.9738353490255378f,0f,0.22725473149817826f,0.12172941862819223f,0f,1f,0f,0.4375f,-0.22725473149817826f,0f,-0.9738353490255378f,0.028406841437272283f,0f,0f,0f,1f],start_interpolation:0}
execute if entity @s[tag=aj.tultaria.bone.right_foot] run data modify entity @s {} merge value {transformation:[-0.9738353490255378f,-0.08696662067092978f,0.20995599509751492f,-0.18602181455891334f,0f,0.9238795325112867f,0.38268343236508984f,0.08113813357194827f,-0.22725473149817826f,0.37267065392354815f,-0.8997065470006795f,0.2470998880293649f,0f,0f,0f,1f],start_interpolation:0}
execute if entity @s[tag=aj.tultaria.bone.right_leg] run data modify entity @s {} merge value {transformation:[-0.9738353490255378f,0.08696662067092972f,0.20995599509751492f,-0.12172941862819223f,0f,0.9238795325112867f,-0.3826834323650897f,0.4375f,-0.22725473149817826f,-0.3726706539235479f,-0.8997065470006796f,-0.028406841437272283f,0f,0f,0f,1f],start_interpolation:0}
execute if entity @s[tag=aj.tultaria.bone.lower] run data modify entity @s {} merge value {transformation:[-0.9738353490255378f,0f,0.22725473149817826f,0f,0f,1f,0f,0.5f,-0.22725473149817826f,0f,-0.9738353490255378f,0f,0f,0f,0f,1f],start_interpolation:0}