execute if entity @s[tag=aj.tultaria.bone.head] run data modify entity @s {} merge value {transformation:[-0.9922491711656771f,-0.03584873634647212f,0.11898088259627114f,0f,-0.020001717118239892f,0.9910740821552844f,0.1318032434820269f,1.480078125f,-0.12264384873832213f,0.12840183714582004f,-0.9841094728658137f,0f,0f,0f,0f,1f],start_interpolation:0}
execute if entity @s[tag=aj.tultaria.bone.bust] run data modify entity @s {} merge value {transformation:[-0.9978993962842732f,0f,-0.06478267434648666f,0.5313410353153799f,0f,1f,0f,0.3238281249999999f,0.06478267434648666f,0f,-0.9978993962842732f,0.46655836096889325f,0f,0f,0f,1f],start_interpolation:0}
execute if entity @s[tag=aj.tultaria.bone.left_wing] run data modify entity @s {} merge value {transformation:[-0.6375379357607096f,-0.12169718303360574f,-0.7607464598061947f,0.05427087797445623f,-0.3804821753897781f,0.9083577782154494f,0.17354959223851424f,1.386328125f,0.6699094675227656f,0.4000949167349886f,-0.6254161517950964f,-0.1287863416821895f,0f,0f,0f,1f],start_interpolation:0}
execute if entity @s[tag=aj.tultaria.bone.right_wing] run data modify entity @s {} merge value {transformation:[-0.7188014313904401f,0.17240525218334676f,0.6734990209723032f,-0.07046654656107787f,0.3804821753897781f,0.9083577782154494f,0.17354959223851424f,1.386328125f,-0.5818572131044838f,0.38100206794069896f,-0.7185259965952479f,-0.12068850738887871f,0f,0f,0f,1f],start_interpolation:0}
execute if entity @s[tag=aj.tultaria.bone.body] run data modify entity @s {} merge value {transformation:[-0.9978993962842732f,0f,-0.06478267434648666f,0.5313410353153799f,0f,1f,0f,0.3238281249999999f,0.06478267434648666f,0f,-0.9978993962842732f,0.46655836096889325f,0f,0f,0f,1f],start_interpolation:0}
execute if entity @s[tag=aj.tultaria.bone.left_hand] run data modify entity @s {} merge value {transformation:[-0.2725672466734226f,-0.9407439342641508f,0.20176210294819194f,0.5763437390959357f,-0.9007591436955149f,0.32320514670058176f,0.2901230742205422f,1.3505733713504051f,-0.33814207234503135f,-0.10266101154509745f,-0.9354788376113832f,-0.09678326853284076f,0f,0f,0f,1f],start_interpolation:0}
execute if entity @s[tag=aj.tultaria.bone.left_arm] run data modify entity @s {} merge value {transformation:[-0.2725672466734226f,-0.9619378498378287f,0.01956192961454909f,0.21829049293718475f,-0.9007591436955149f,0.26227219226525267f,0.3461881890147339f,1.323828125f,-0.33814207234503135f,0.07673897454197123f,-0.9379611232329695f,-0.014171210013293956f,0f,0f,0f,1f],start_interpolation:0}
execute if entity @s[tag=aj.tultaria.bone.rod] run data modify entity @s {} merge value {transformation:[-1.0769467274509414f,0.029765509059740985f,0.3239209173596574f,-0.48365729211339864f,-0.32507143219286555f,-0.13913124507561092f,-1.067986919683846f,1.8850075231334453f,0.011802974404221149f,-1.1159666263442314f,0.141789205093648f,0.19262069649709157f,0f,0f,0f,1f],start_interpolation:0}
execute if entity @s[tag=aj.tultaria.bone.sword] run data modify entity @s {} merge value {transformation:[-0.000009572859799563924f,0.0000028723485809971717f,3.3161557131182716e-7f,-0.5120180309965117f,-0.0000028895238417143605f,-0.000009545045183957246f,-7.367254606560775e-7f,1.8725243605312625f,1.0491532803752133e-7f,-8.010780645219019e-7f,0.000009967309903303131f,0.23967032206894223f,0f,0f,0f,1f],start_interpolation:0}
execute if entity @s[tag=aj.tultaria.bone.right_hand] run data modify entity @s {} merge value {transformation:[-0.9572859799563923f,0.28723485809971716f,0.03316155713118271f,-0.3717990256846068f,-0.28895238417143604f,-0.9545045183957245f,-0.07367254606560775f,1.5178592604768477f,0.010491532803752132f,-0.08010780645219018f,0.996730990330313f,0.28717164286880936f,0f,0f,0f,1f],start_interpolation:0}
execute if entity @s[tag=aj.tultaria.bone.right_arm] run data modify entity @s {} merge value {transformation:[-0.9572859799563923f,0.2324066765096203f,0.1720194445191649f,-0.21829049293718475f,-0.28895238417143604f,-0.7905259021993913f,-0.5399771454732889f,1.323828125f,0.010491532803752132f,-0.5666179794761115f,0.8239138262426701f,0.014171210013293956f,0f,0f,0f,1f],start_interpolation:0}
execute if entity @s[tag=aj.tultaria.bone.skirt] run data modify entity @s {} merge value {transformation:[-0.931512804813095f,-0.11597061849516521f,-0.34472410724387925f,0.021966487637162867f,0f,0.9478031974340072f,-0.3188559219049762f,0.7742715279030168f,0.36370852955249855f,-0.2970183741449695f,-0.8828908148525716f,0.05625951235172287f,0f,0f,0f,1f],start_interpolation:0}
execute if entity @s[tag=aj.tultaria.bone.left_foot] run data modify entity @s {} merge value {transformation:[-0.931512804813095f,-0.10747573721985589f,-0.347466344238243f,0.20927521314634234f,0f,0.9553428528766161f,-0.295499633599719f,0.3865807025118777f,0.36370852955249855f,-0.275261692515716f,-0.8899141004412405f,0.1923038232341262f,0f,0f,0f,1f],start_interpolation:0}
execute if entity @s[tag=aj.tultaria.bone.left_leg] run data modify entity @s {} merge value {transformation:[-0.931512804813095f,-0.11597061849516521f,-0.34472410724387925f,0.11544755414922267f,0f,0.9478031974340072f,-0.3188559219049762f,0.7613876111511338f,0.36370852955249855f,-0.2970183741449695f,-0.8828908148525716f,-0.04800306731086938f,0f,0f,0f,1f],start_interpolation:0}
execute if entity @s[tag=aj.tultaria.bone.right_foot] run data modify entity @s {} merge value {transformation:[-0.931512804813095f,-0.10747573721985586f,-0.3474663442382431f,0.021422391887779335f,0f,0.9553428528766164f,-0.295499633599719f,0.5138338866138112f,0.36370852955249855f,-0.275261692515716f,-0.8899141004412408f,0.3985477946627794f,0f,0f,0f,1f],start_interpolation:0}
execute if entity @s[tag=aj.tultaria.bone.right_leg] run data modify entity @s {} merge value {transformation:[-0.931512804813095f,-0.23906308537943702f,-0.27410351270661365f,-0.11743064705405107f,0f,0.7536350963335022f,-0.6572930408686776f,0.7613876111511338f,0.36370852955249855f,-0.6122768840837101f,-0.7020207423912076f,0.042924065077255255f,0f,0f,0f,1f],start_interpolation:0}
execute if entity @s[tag=aj.tultaria.bone.lower] run data modify entity @s {} merge value {transformation:[-0.931512804813095f,0.01586474323862719f,-0.36336235962357627f,0f,0f,0.9990482215818578f,0.043619387365336f,0.8238281249999999f,0.36370852955249855f,0.04063201786891301f,-0.9306262110292507f,0f,0f,0f,0f,1f],start_interpolation:0}