execute if entity @s[tag=aj.tultaria.bone.head] run data modify entity @s {} merge value {transformation:[-0.9927577589237173f,-0.004748345876825251f,0.1200395156112865f,0f,0.0016727566322180883f,0.9985753124945224f,0.05333429629906394f,1.56774624f,-0.12012174649915658f,0.05314883336349925f,-0.9913354465215553f,0f,0f,0f,0f,1f],start_interpolation:0}
execute if entity @s[tag=aj.tultaria.bone.bust] run data modify entity @s {} merge value {transformation:[-0.999695900486961f,0f,-0.024659816494939785f,0.5121778584909504f,0f,1f,0f,0.41149623999999996f,0.024659816494939785f,0f,-0.999695900486961f,0.4875180419960106f,0f,0f,0f,1f],start_interpolation:0}
execute if entity @s[tag=aj.tultaria.bone.left_wing] run data modify entity @s {} merge value {transformation:[-0.8796786062568257f,-0.0602136229979107f,-0.4717413160827806f,0.05939851671856761f,-0.10448796474639119f,0.9921849727491022f,0.06820003719955144f,1.47399624f,0.463948073513842f,0.10928540367463883f,-0.879095492893955f,-0.1265032260918038f,0f,0f,0f,1f],start_interpolation:0}
execute if entity @s[tag=aj.tultaria.bone.right_wing] run data modify entity @s {} merge value {transformation:[-0.9014835199962968f,0.06552866733042766f,0.4278240957835173f,-0.06556347084230252f,0.10448796474639119f,0.9921849727491022f,0.06820003719955144f,1.47399624f,-0.4200115812668062f,0.10618367863641485f,-0.9012853588031903f,-0.12342074902993633f,0f,0f,0f,1f],start_interpolation:0}
execute if entity @s[tag=aj.tultaria.bone.body] run data modify entity @s {} merge value {transformation:[-0.999695900486961f,0f,-0.024659816494939785f,0.5121778584909504f,0f,1f,0f,0.41149623999999996f,0.024659816494939785f,0f,-0.999695900486961f,0.4875180419960106f,0f,0f,0f,1f],start_interpolation:0}
execute if entity @s[tag=aj.tultaria.bone.left_hand] run data modify entity @s {} merge value {transformation:[-0.6496610007438431f,-0.5176584695289982f,0.5567497580039017f,0.5495207643291495f,-0.696165908513421f,0.6993383452051816f,-0.1621077010797494f,1.277440157384156f,-0.3054400300160265f,-0.4929052524071674f,-0.8147090279438637f,-0.09659655161450198f,0f,0f,0f,1f],start_interpolation:0}
execute if entity @s[tag=aj.tultaria.bone.left_arm] run data modify entity @s {} merge value {transformation:[-0.6496610007438431f,-0.7475408198455108f,0.13828704486396917f,0.21868347823152273f,-0.696165908513421f,0.6580781351238703f,0.2868557057051022f,1.41149624f,-0.3054400300160265f,0.09008823861409676f,-0.9479401338308333f,-0.005394334858268078f,0f,0f,0f,1f],start_interpolation:0}
execute if entity @s[tag=aj.tultaria.bone.rod] run data modify entity @s {} merge value {transformation:[-0.5279001960894414f,0.3311453042721131f,-0.03225167324743203f,-0.6642601967618793f,0.21433567249942526f,0.38473990597055674f,0.4420536440840477f,2.079114281271634f,0.2544751509734272f,0.36289666878093074f,-0.43923160783891085f,-0.21124874394471027f,0f,0f,0f,1f],start_interpolation:0}
execute if entity @s[tag=aj.tultaria.bone.sword] run data modify entity @s {} merge value {transformation:[-0.000009817604066593144f,5.485558232571163e-7f,0.000001820367243273858f,-0.3301303484377748f,-0.0000014537584525792075f,-0.000008336425977626116f,-0.000005328281925828898f,1.7340345604729817f,0.0000012252496697278757f,-0.000005495733656968023f,0.000008264119724356647f,0.5152916879920794f,0f,0f,0f,1f],start_interpolation:0}
execute if entity @s[tag=aj.tultaria.bone.right_hand] run data modify entity @s {} merge value {transformation:[-0.9817604066593144f,0.054855582325711624f,0.1820367243273858f,-0.26465787326945234f,-0.14537584525792074f,-0.8336425977626115f,-0.5328281925828897f,1.384334378930774f,0.12252496697278756f,-0.5495733656968023f,0.8264119724356646f,0.3699362059844152f,0f,0f,0f,1f],start_interpolation:0}
execute if entity @s[tag=aj.tultaria.bone.right_arm] run data modify entity @s {} merge value {transformation:[-0.9817604066593144f,-0.0880539924679061f,0.16850222053907635f,-0.21868347823152273f,-0.14537584525792074f,-0.2234874244635956f,-0.9638045625136733f,1.41149624f,0.12252496697278756f,-0.9707213119722314f,0.20661018114126598f,0.005394334858268078f,0f,0f,0f,1f],start_interpolation:0}
execute if entity @s[tag=aj.tultaria.bone.skirt] run data modify entity @s {} merge value {transformation:[-0.9689594628934348f,-0.010031047046473928f,-0.24701606701673812f,0.01493104263010867f,0f,0.999176477633319f,-0.04057544262572511f,0.8619396429030168f,0.2472196579345304f,-0.03931595909328599f,-0.9681615031033348f,0.05852113528585348f,0f,0f,0f,1f],start_interpolation:0}
execute if entity @s[tag=aj.tultaria.bone.left_foot] run data modify entity @s {} merge value {transformation:[-0.9689594628934348f,0.06543901218066682f,-0.23840154142556372f,0.1557115511951182f,0f,0.9643308441462938f,0.26469987349467416f,0.4169879475147725f,0.2472196579345304f,0.25648344724935956f,-0.9343974967955654f,0.10467687411483464f,0f,0f,0f,1f],start_interpolation:0}
execute if entity @s[tag=aj.tultaria.bone.left_leg] run data modify entity @s {} merge value {transformation:[-0.9689594628934348f,-0.010031047046473928f,-0.24701606701673812f,0.12044595973519359f,0f,0.999176477633319f,-0.04057544262572511f,0.8490557261511339f,0.2472196579345304f,-0.03931595909328599f,-0.9681615031033348f,-0.03354404587639484f,0f,0f,0f,1f],start_interpolation:0}
execute if entity @s[tag=aj.tultaria.bone.right_foot] run data modify entity @s {} merge value {transformation:[-0.9689594628934348f,0.06543901218066683f,-0.2384015414255637f,-0.048336168861491446f,0f,0.9643308441462938f,0.26469987349467416f,0.504466487284793f,0.2472196579345304f,0.25648344724935956f,-0.9343974967955653f,0.3161731248829031f,0f,0f,0f,1f],start_interpolation:0}
execute if entity @s[tag=aj.tultaria.bone.right_leg] run data modify entity @s {} merge value {transformation:[-0.9689594628934348f,-0.10379643543118544f,-0.22437437300424035f,-0.12179390598816511f,0f,0.9075911473983997f,-0.4198551049636724f,0.8490557261511339f,0.2472196579345304f,-0.40682257699866664f,-0.8794190307099895f,0.02826086860723776f,0f,0f,0f,1f],start_interpolation:0}
execute if entity @s[tag=aj.tultaria.bone.lower] run data modify entity @s {} merge value {transformation:[-0.9689594628934348f,0.010783570023772143f,-0.24698435959956783f,0f,0f,0.9990482215818578f,0.043619387365336f,0.91149624f,0.2472196579345304f,0.04226541815325665f,-0.9680372281885982f,0f,0f,0f,0f,1f],start_interpolation:0}