execute if entity @s[tag=aj.tultaria.bone.head] run data modify entity @s {} merge value {transformation:[-0.9968964541177955f,-0.006825602051284532f,0.07842748831885102f,0f,0.0010892404556216689f,0.9949429231946015f,0.10043601515497819f,1.57858696f,-0.0787164107578327f,0.1002097337668286f,-0.9918476374604042f,0f,0f,0f,0f,1f],start_interpolation:0}
execute if entity @s[tag=aj.tultaria.bone.bust] run data modify entity @s {} merge value {transformation:[-0.9836972572506557f,0f,-0.17983243889114403f,0.5817648480708999f,0f,1f,0f,0.42233696f,0.17983243889114403f,0f,-0.9836972572506557f,0.4019324091797558f,0f,0f,0f,1f],start_interpolation:0}
execute if entity @s[tag=aj.tultaria.bone.left_wing] run data modify entity @s {} merge value {transformation:[-0.816679039650487f,-0.026533221868386345f,-0.5764818595002285f,0.03900202371677297f,-0.06181494986938664f,0.99721727499626f,0.04167275394881832f,1.48483696f,0.573771956589204f,0.06966846192012939f,-0.8160465962464888f,-0.13420168458702852f,0f,0f,0f,1f],start_interpolation:0}
execute if entity @s[tag=aj.tultaria.bone.right_wing] run data modify entity @s {} merge value {transformation:[-0.9668580144624552f,0.04946586482013125f,0.2504769611906751f,-0.08396013343955899f,0.06181494986938664f,0.99721727499626f,0.04167275394881832f,1.48483696f,-0.24771857387439422f,0.055774856939574805f,-0.9672252444446464f,-0.11172262972563551f,0f,0f,0f,1f],start_interpolation:0}
execute if entity @s[tag=aj.tultaria.bone.body] run data modify entity @s {} merge value {transformation:[-0.9836972572506557f,0f,-0.17983243889114403f,0.5817648480708999f,0f,1f,0f,0.42233696f,0.17983243889114403f,0f,-0.9836972572506557f,0.4019324091797558f,0f,0f,0f,1f],start_interpolation:0}
execute if entity @s[tag=aj.tultaria.bone.left_hand] run data modify entity @s {} merge value {transformation:[-0.8280000457254078f,-0.43827150597711445f,0.34976279294298096f,0.48409292969053386f,-0.540229110388573f,0.7906318708250589f,-0.28819048062772396f,1.2284067779316332f,-0.15022793537652573f,-0.42757377361599186f,-0.8914102509777901f,-0.20002791791313096f,0f,0f,0f,1f],start_interpolation:0}
execute if entity @s[tag=aj.tultaria.bone.left_arm] run data modify entity @s {} merge value {transformation:[-0.8280000457254078f,-0.5605297267796139f,-0.014911394136494532f,0.21518377502358094f,-0.540229110388573f,0.7903234936185033f,0.2890350908166943f,1.42233696f,-0.15022793537652573f,0.2473766376014821f,-0.9572023644984853f,-0.039338346007437755f,0f,0f,0f,1f],start_interpolation:0}
execute if entity @s[tag=aj.tultaria.bone.rod] run data modify entity @s {} merge value {transformation:[-0.09761084145832771f,-0.018719625301387433f,0.3626261149701892f,0.334113941941785f,0.08158467015318799f,-0.3670297787774062f,0.0030138159538743714f,2.2136899296616632f,0.3538249075825397f,0.07946519438838592f,0.09934393617641331f,0.8951449444533551f,0f,0f,0f,1f],start_interpolation:0}
execute if entity @s[tag=aj.tultaria.bone.sword] run data modify entity @s {} merge value {transformation:[-0.000009434543202870723f,-0.000003199912312892098f,8.659998515977702e-7f,-0.13652698119416504f,0f,-0.000002612347423538275f,-0.000009652753023813101f,1.3432755243199508f,0.000003315025573531193f,-0.00000910693154298057f,0.0000024646304628279877f,0.6402661142541627f,0f,0f,0f,1f],start_interpolation:0}
execute if entity @s[tag=aj.tultaria.bone.right_hand] run data modify entity @s {} merge value {transformation:[-0.9434543202870723f,-0.31999123128920975f,0.08659998515977702f,-0.2202751215780401f,0f,-0.2612347423538275f,-0.9652753023813101f,1.1699003629387257f,0.3315025573531193f,-0.910693154298057f,0.24646304628279875f,0.30765165196595007f,0f,0f,0f,1f],start_interpolation:0}
execute if entity @s[tag=aj.tultaria.bone.right_arm] run data modify entity @s {} merge value {transformation:[-0.9434543202870723f,-0.28750340632196586f,-0.16503253280770047f,-0.21518377502358094f,0f,0.49783185422580756f,-0.8672735698256314f,1.42233696f,0.3315025573531193f,-0.8182329963227838f,-0.4696816136458621f,0.039338346007437755f,0f,0f,0f,1f],start_interpolation:0}
execute if entity @s[tag=aj.tultaria.bone.skirt] run data modify entity @s {} merge value {transformation:[-0.9508405499861233f,-0.001695848954998606f,-0.3096762383496806f,0.01870344164903107f,0f,0.9999850059551055f,-0.005476117691175092f,0.8727803629030169f,0.3096808817187241f,-0.005206914757265667f,-0.9508262930402293f,0.057426828047947916f,0f,0f,0f,1f],start_interpolation:0}
execute if entity @s[tag=aj.tultaria.bone.left_foot] run data modify entity @s {} merge value {transformation:[-0.9508405499861233f,0.10272364138566255f,-0.29214739773367165f,0.15746227681357938f,0f,0.9433820909843003f,0.33170804996274855f,0.42308752075717215f,0.3096808817187241f,0.3154014646614043f,-0.897005946238571f,0.07982900897945976f,0f,0f,0f,1f],start_interpolation:0}
execute if entity @s[tag=aj.tultaria.bone.left_leg] run data modify entity @s {} merge value {transformation:[-0.9508405499861233f,-0.001695848954998606f,-0.3096762383496806f,0.11801081310205742f,0f,0.9999850059551055f,-0.005476117691175092f,0.8598964461511339f,0.3096808817187241f,-0.005206914757265667f,-0.9508262930402293f,-0.04130230285687263f,0f,0f,0f,1f],start_interpolation:0}
execute if entity @s[tag=aj.tultaria.bone.right_foot] run data modify entity @s {} merge value {transformation:[-0.9508405499861233f,0.10272364138566258f,-0.29214739773367177f,-0.031484811162710555f,0f,0.9433820909843005f,0.33170804996274866f,0.5050891656978846f,0.3096808817187241f,0.3154014646614044f,-0.8970059462385712f,0.30697072518729945f,0f,0f,0f,1f],start_interpolation:0}
execute if entity @s[tag=aj.tultaria.bone.right_leg] run data modify entity @s {} merge value {transformation:[-0.9508405499861233f,-0.12007472595331932f,-0.2854545650174852f,-0.11969932439447341f,0f,0.9217700603060052f,-0.38773696744502417f,0.8598964461511339f,0.3096808817187241f,-0.3686760313753784f,-0.876456351102104f,0.0361179175728084f,0f,0f,0f,1f],start_interpolation:0}
execute if entity @s[tag=aj.tultaria.bone.lower] run data modify entity @s {} merge value {transformation:[-0.9508405499861233f,0.013508090339327827f,-0.30938613413899296f,0f,0f,0.9990482215818578f,0.043619387365336f,0.92233696f,0.3096808817187241f,0.04147508227251384f,-0.949935560471552f,0f,0f,0f,0f,1f],start_interpolation:0}