execute if entity @s[tag=aj.tultaria.bone.head] run data modify entity @s {} merge value {transformation:[-0.9698021069877529f,0.01651468237904559f,-0.24333338971056623f,0f,-0.02193620463042622f,0.987754874656557f,0.15446394569161254f,1.4743468800000001f,0.24290466485542667f,0.1551372710154739f,-0.9575644891772795f,0f,0f,0f,0f,1f],start_interpolation:0}
execute if entity @s[tag=aj.tultaria.bone.bust] run data modify entity @s {} merge value {transformation:[-0.8901240096898331f,0f,-0.4557183860386741f,0.6729211978642535f,0f,1f,0f,0.31809688f,0.4557183860386741f,0f,-0.8901240096898331f,0.2172028118255795f,0f,0f,0f,1f],start_interpolation:0}
execute if entity @s[tag=aj.tultaria.bone.left_wing] run data modify entity @s {} merge value {transformation:[-0.29814489318696047f,0.05393580044172505f,-0.9529955677217217f,-0.001332047649219792f,-0.3931937495176367f,0.9028208426646004f,0.17410686772968742f,1.3805968800000001f,0.8697748547795561f,0.4266209740285764f,-0.24796420409428188f,-0.13974790033864626f,0f,0f,0f,1f],start_interpolation:0}
execute if entity @s[tag=aj.tultaria.bone.right_wing] run data modify entity @s {} merge value {transformation:[-0.879949046777389f,0.31458097081541014f,0.35598944910825453f,-0.11259754886044893f,0.3931937495176367f,0.9028208426646004f,0.17410686772968742f,1.3805968800000001f,-0.2666239869475859f,0.29317799857972787f,-0.9181276113552835f,-0.08278310208381201f,0f,0f,0f,1f],start_interpolation:0}
execute if entity @s[tag=aj.tultaria.bone.body] run data modify entity @s {} merge value {transformation:[-0.8901240096898331f,0f,-0.4557183860386741f,0.6729211978642535f,0f,1f,0f,0.31809688f,0.4557183860386741f,0f,-0.8901240096898331f,0.2172028118255795f,0f,0f,0f,1f],start_interpolation:0}
execute if entity @s[tag=aj.tultaria.bone.left_hand] run data modify entity @s {} merge value {transformation:[-0.40786568298445536f,-0.7726791307234974f,-0.4864283560690147f,0.4080009346586361f,-0.8934712525684424f,0.22805190246899448f,0.38691271704875574f,1.3871879285157558f,-0.18802846985869492f,0.5924181721762528f,-0.7833811357174394f,-0.3920538626415152f,0f,0f,0f,1f],start_interpolation:0}
execute if entity @s[tag=aj.tultaria.bone.left_arm] run data modify entity @s {} merge value {transformation:[-0.40786568298445536f,-0.6764730009303286f,-0.6132127393131518f,0.19471462711965098f,-0.8934712525684424f,0.1574005934089726f,0.42063544076585085f,1.3180968800000001f,-0.18802846985869492f,0.7194507156204786f,-0.668607480002863f,-0.09968839694595996f,0f,0f,0f,1f],start_interpolation:0}
execute if entity @s[tag=aj.tultaria.bone.rod] run data modify entity @s {} merge value {transformation:[-1.0303580006136475f,0.24833788667145879f,-0.009336692722826598f,-0.2042117866015467f,0.0978247983430253f,0.4419096511523831f,0.9584063116776336f,0.9041217433244781f,0.2284495318808801f,0.9308279344099707f,-0.45251149943562097f,0.6690813781356095f,0f,0f,0f,1f],start_interpolation:0}
execute if entity @s[tag=aj.tultaria.bone.sword] run data modify entity @s {} merge value {transformation:[-0.00000972123891044517f,-0.000001247799389577043f,-0.000001985071970840859f,-0.2438956830600044f,9.229590448099573e-7f,0.000005746269355375444f,-0.000008131945345185037f,0.8688874965339546f,0.000002155379467205333f,-0.000008088472363731254f,-0.000005470918951465597f,0.6501720063856313f,0f,0f,0f,1f],start_interpolation:0}
execute if entity @s[tag=aj.tultaria.bone.right_hand] run data modify entity @s {} merge value {transformation:[-0.9721238910445168f,-0.12477993895770428f,-0.19850719708408587f,-0.27581766334619656f,0.09229590448099573f,0.5746269355375444f,-0.8131945345185037f,1.0179575273362444f,0.21553794672053328f,-0.8088472363731253f,-0.5470918951465596f,0.2973771776023677f,0f,0f,0f,1f],start_interpolation:0}
execute if entity @s[tag=aj.tultaria.bone.right_arm] run data modify entity @s {} merge value {transformation:[-0.9721238910445168f,-0.08841383827851554f,-0.21715923572652632f,-0.19471462711965098f,0.09229590448099573f,0.7071068102148659f,-0.7010573621065488f,1.3180968800000001f,0.21553794672053328f,-0.7015575187742045f,-0.6792351885576f,0.09968839694595996f,0f,0f,0f,1f],start_interpolation:0}
execute if entity @s[tag=aj.tultaria.bone.skirt] run data modify entity @s {} merge value {transformation:[-0.7071067811865476f,-0.23786591284095965f,-0.6658977455348057f,0.04270631867281051f,0f,0.9417216228889905f,-0.33639319996594175f,0.7685402829030169f,0.7071067811865475f,-0.2378659128409597f,-0.6658977455348059f,0.042706318672810516f,0f,0f,0f,1f],start_interpolation:0}
execute if entity @s[tag=aj.tultaria.bone.left_foot] run data modify entity @s {} merge value {transformation:[-0.7071067811865476f,-0.23387855234831065f,-0.6673086412983564f,0.273764179920762f,0f,0.9437169308128985f,-0.3307542206791669f,0.3857023061329433f,0.7071067811865475f,-0.2338785523483107f,-0.6673086412983565f,0.09698748462412517f,0f,0f,0f,1f],start_interpolation:0}
execute if entity @s[tag=aj.tultaria.bone.left_leg] run data modify entity @s {} merge value {transformation:[-0.7071067811865476f,-0.23786591284095965f,-0.6658977455348057f,0.08646062486099146f,0f,0.9417216228889905f,-0.33639319996594175f,0.755656366151134f,0.7071067811865475f,-0.2378659128409597f,-0.6658977455348059f,-0.09031607043564542f,0f,0f,0f,1f],start_interpolation:0}
execute if entity @s[tag=aj.tultaria.bone.right_foot] run data modify entity @s {} merge value {transformation:[-0.7071067811865476f,-0.2338785523483106f,-0.6673086412983564f,0.18283869770822586f,0f,0.9437169308128985f,-0.33075422067916677f,0.5152313356727418f,0.7071067811865475f,-0.23387855234831062f,-0.6673086412983565f,0.3596153930048628f,0f,0f,0f,1f],start_interpolation:0}
execute if entity @s[tag=aj.tultaria.bone.right_leg] run data modify entity @s {} merge value {transformation:[-0.7071067811865476f,-0.4745874832213109f,-0.5241819538763824f,-0.09031607043564543f,0f,0.7413052283232082f,-0.6711680553040916f,0.755656366151134f,0.7071067811865475f,-0.47458748322131095f,-0.5241819538763826f,0.08646062486099144f,0f,0f,0f,1f],start_interpolation:0}
execute if entity @s[tag=aj.tultaria.bone.lower] run data modify entity @s {} merge value {transformation:[-0.7071067811865476f,0.030843564597231896f,-0.706433772212892f,0f,0f,0.9990482215818578f,0.043619387365336f,0.81809688f,0.7071067811865475f,0.0308435645972319f,-0.7064337722128922f,0f,0f,0f,0f,1f],start_interpolation:0}