execute if entity @s[tag=aj.tultaria.bone.head] run data modify entity @s {} merge value {transformation:[-0.9993287254431329f,-0.002597087340742015f,0.036542490905078245f,0f,0f,0.997484030323925f,0.0708915315728131f,1.15625f,-0.036634662605286375f,0.07084394389137094f,-0.9968144446734875f,0f,0f,0f,0f,1f],start_interpolation:0}
execute if entity @s[tag=aj.tultaria.bone.bust] run data modify entity @s {} merge value {transformation:[-0.9947228692931824f,0f,0.10259831043997833f,0.44606227942660204f,0f,1f,0f,0f,-0.10259831043997833f,0f,-0.9947228692931824f,0.5486605898665804f,0f,0f,0f,1f],start_interpolation:0}
execute if entity @s[tag=aj.tultaria.bone.left_wing] run data modify entity @s {} merge value {transformation:[-0.958266773054901f,0f,-0.2858754827874305f,0.07499496813582118f,0f,1f,0f,1.0625f,0.2858754827874305f,0f,-0.958266773054901f,-0.1179279642591492f,0f,0f,0f,1f],start_interpolation:0}
execute if entity @s[tag=aj.tultaria.bone.right_wing] run data modify entity @s {} merge value {transformation:[-0.8797414258668412f,0f,0.47545244095890066f,-0.04934539052582665f,0f,1f,0f,1.0625f,-0.47545244095890066f,0f,-0.8797414258668412f,-0.13075275306414647f,0f,0f,0f,1f],start_interpolation:0}
execute if entity @s[tag=aj.tultaria.bone.body] run data modify entity @s {} merge value {transformation:[-0.9947228692931824f,0f,0.10259831043997833f,0.44606227942660204f,0f,1f,0f,0f,-0.10259831043997833f,0f,-0.9947228692931824f,0.5486605898665804f,0f,0f,0f,1f],start_interpolation:0}
execute if entity @s[tag=aj.tultaria.bone.left_hand] run data modify entity @s {} merge value {transformation:[-0.9156834468077555f,0.008965532032568835f,0.4018002544519371f,0.4279725743946027f,-0.20099585969729644f,0.8555284214779186f,-0.47714964573815355f,0.7246209885174761f,-0.3480294378738861f,-0.5176782198227714f,-0.7815911790023689f,-0.10265709048023121f,0f,0f,0f,1f],start_interpolation:0}
execute if entity @s[tag=aj.tultaria.bone.left_arm] run data modify entity @s {} merge value {transformation:[-0.9156834468077555f,-0.28498754017536576f,0.2833830044075733f,0.21759562765788365f,-0.20099585969729644f,0.9353244330600585f,0.29115093904266354f,1f,-0.3480294378738861f,0.2096432848093979f,-0.9137424163885095f,0.02244338040874526f,0f,0f,0f,1f],start_interpolation:0}
execute if entity @s[tag=aj.tultaria.bone.rod] run data modify entity @s {} merge value {transformation:[-1.0121445446574282f,0.3740511930305162f,-0.17871258549037594f,-0.3777554353231373f,-0.07823333045023984f,-0.6353915721462021f,-0.8868179962947537f,1.6571049910935192f,-0.40710198872871034f,-0.8078689977576967f,0.6147395511394266f,-0.002403436073113663f,0f,0f,0f,1f],start_interpolation:0}
execute if entity @s[tag=aj.tultaria.bone.right_hand] run data modify entity @s {} merge value {transformation:[-0.9253892979725057f,0.06438313642716395f,-0.37350965039976436f,-0.4003004654629214f,-0.07152761641164784f,-0.997424624284824f,0.005283839583707317f,1.2837312369346736f,-0.37220753255196376f,0.0316058636028092f,0.9276112451331644f,0.12540016841958534f,0f,0f,0f,1f],start_interpolation:0}
execute if entity @s[tag=aj.tultaria.bone.right_arm] run data modify entity @s {} merge value {transformation:[-0.9253892979725057f,0.1896244877409829f,-0.32817251689762633f,-0.21759562765788365f,-0.07152761641164784f,-0.9376633415089526f,-0.3401047751513259f,1f,-0.37220753255196376f,-0.291255921208884f,0.8812670089549156f,-0.02244338040874526f,0f,0f,0f,1f],start_interpolation:0}
execute if entity @s[tag=aj.tultaria.bone.skirt] run data modify entity @s {} merge value {transformation:[-0.9905841309380864f,0f,0.13690536707388815f,-0.008556585442118009f,0f,1f,0f,0.453125f,-0.13690536707388815f,0f,-0.9905841309380864f,0.0619115081836304f,0f,0f,0f,1f],start_interpolation:0}
execute if entity @s[tag=aj.tultaria.bone.left_foot] run data modify entity @s {} merge value {transformation:[-0.9905841309380864f,-0.05239141578103806f,0.1264840665305099f,0.10670984548302478f,0f,0.9238795325112867f,0.3826834323650897f,0f,-0.13690536707388815f,0.3790801352737764f,-0.9151804038041785f,0.14093618725149681f,0f,0f,0f,1f],start_interpolation:0}
execute if entity @s[tag=aj.tultaria.bone.left_leg] run data modify entity @s {} merge value {transformation:[-0.9905841309380864f,0f,0.13690536707388815f,0.1238230163672608f,0f,1f,0f,0.4375f,-0.13690536707388815f,0f,-0.9905841309380864f,0.017113170884236018f,0f,0f,0f,1f],start_interpolation:0}
execute if entity @s[tag=aj.tultaria.bone.right_foot] run data modify entity @s {} merge value {transformation:[-0.9905841309380864f,-0.05239141578103807f,0.12648406653050986f,-0.1625547690877787f,0f,0.9238795325112867f,0.38268343236508984f,0.08113813357194827f,-0.13690536707388815f,0.37908013527377654f,-0.9151804038041784f,0.26313193877356345f,0f,0f,0f,1f],start_interpolation:0}
execute if entity @s[tag=aj.tultaria.bone.right_leg] run data modify entity @s {} merge value {transformation:[-0.9905841309380864f,0.05239141578103806f,0.1264840665305099f,-0.1238230163672608f,0f,0.9238795325112867f,-0.3826834323650897f,0.4375f,-0.13690536707388815f,-0.3790801352737764f,-0.9151804038041785f,-0.017113170884236018f,0f,0f,0f,1f],start_interpolation:0}
execute if entity @s[tag=aj.tultaria.bone.lower] run data modify entity @s {} merge value {transformation:[-0.9905841309380864f,0f,0.13690536707388815f,0f,0f,1f,0f,0.5f,-0.13690536707388815f,0f,-0.9905841309380864f,0f,0f,0f,0f,1f],start_interpolation:0}