execute if entity @s[tag=aj.tultaria.bone.head] run data modify entity @s {} merge value {transformation:[-0.9955858254217808f,0.014590373283800341f,0.09271453622097764f,0f,0.021945106229157532f,0.996648135200861f,0.07880930727545564f,1.15625f,-0.09125391241926346f,0.08049605958110967f,-0.9925689436306637f,0f,0f,0f,0f,1f],start_interpolation:0}
execute if entity @s[tag=aj.tultaria.bone.bust] run data modify entity @s {} merge value {transformation:[-0.9768091530620562f,0f,0.21411183641776685f,0.38134865832214465f,0f,1f,0f,0f,-0.21411183641776685f,0f,-0.9768091530620562f,0.5954604947399115f,0f,0f,0f,1f],start_interpolation:0}
execute if entity @s[tag=aj.tultaria.bone.left_wing] run data modify entity @s {} merge value {transformation:[-0.9843910361540621f,0f,-0.17599513612464443f,0.08781455161859936f,0f,1f,0f,1.0625f,0.17599513612464443f,0f,-0.9843910361540621f,-0.1087191543566467f,0f,0f,0f,1f],start_interpolation:0}
execute if entity @s[tag=aj.tultaria.bone.right_wing] run data modify entity @s {} merge value {transformation:[-0.8205169312133748f,0f,0.5716222227942035f,-0.03428659251415772f,0f,1f,0f,1.0625f,-0.5716222227942035f,0f,-0.8205169312133748f,-0.13548313390886757f,0f,0f,0f,1f],start_interpolation:0}
execute if entity @s[tag=aj.tultaria.bone.body] run data modify entity @s {} merge value {transformation:[-0.9768091530620562f,0f,0.21411183641776685f,0.38134865832214465f,0f,1f,0f,0f,-0.21411183641776685f,0f,-0.9768091530620562f,0.5954604947399115f,0f,0f,0f,1f],start_interpolation:0}
execute if entity @s[tag=aj.tultaria.bone.left_hand] run data modify entity @s {} merge value {transformation:[-0.8719043439158201f,0.07315191665163864f,0.48418138352369056f,0.43520810254863856f,-0.1961200050962003f,0.853843200750377f,-0.4821708536747299f,0.7233363759285025f,-0.44868670435147706f,-0.5153645172327478f,-0.7301230414907252f,-0.053778135089177295f,0f,0f,0f,1f],start_interpolation:0}
execute if entity @s[tag=aj.tultaria.bone.left_arm] run data modify entity @s {} merge value {transformation:[-0.8719043439158201f,-0.301411146113531f,0.38591985704191367f,0.21367700223232478f,-0.1961200050962003f,0.9370887444733307f,0.28879340121003994f,1f,-0.44868670435147706f,0.17611361667947306f,-0.8761645024527562f,0.0468369642163865f,0f,0f,0f,1f],start_interpolation:0}
execute if entity @s[tag=aj.tultaria.bone.rod] run data modify entity @s {} merge value {transformation:[-0.832884850343883f,0.65182050408508f,0.2441984090998652f,-0.6814929040904447f,0.07159552456356637f,0.4590102462138963f,-0.9810115601857659f,1.3020691903169148f,-0.6923705029932316f,-0.7366407746044983f,-0.3952005342354295f,0.40018195693489933f,0f,0f,0f,1f],start_interpolation:0}
execute if entity @s[tag=aj.tultaria.bone.right_hand] run data modify entity @s {} merge value {transformation:[-0.767318116736065f,0.5583393194320914f,-0.31540467990302157f,-0.5115412442912881f,0.06595934966539987f,-0.4205193089143071f,-0.9048827962901883f,1.031264099937776f,-0.6378654026676285f,-0.7151368506840785f,0.2858443857649149f,0.16773618614898428f,0f,0f,0f,1f],start_interpolation:0}
execute if entity @s[tag=aj.tultaria.bone.right_arm] run data modify entity @s {} merge value {transformation:[-0.767318116736065f,0.5865658277700208f,-0.25915909673613363f,-0.21367700223232478f,0.06595934966539987f,-0.3298003694764853f,-0.9417436384095677f,1f,-0.6378654026676285f,-0.739710920553187f,0.21437229786989748f,-0.0468369642163865f,0f,0f,0f,1f],start_interpolation:0}
execute if entity @s[tag=aj.tultaria.bone.skirt] run data modify entity @s {} merge value {transformation:[-0.9878583964602599f,0f,0.15535697133686718f,-0.009709810708554199f,0f,1f,0f,0.453125f,-0.15535697133686718f,0f,-0.9878583964602599f,0.06174114977876624f,0f,0f,0f,1f],start_interpolation:0}
execute if entity @s[tag=aj.tultaria.bone.left_foot] run data modify entity @s {} merge value {transformation:[-0.9878583964602599f,-0.0594525390330372f,0.14353112605107424f,0.10406267814042408f,0f,0.9238795325112867f,0.3826834323650897f,0f,-0.15535697133686718f,0.37803704184808584f,-0.9126621535090542f,0.14290192097464088f,0f,0f,0f,1f],start_interpolation:0}
execute if entity @s[tag=aj.tultaria.bone.left_leg] run data modify entity @s {} merge value {transformation:[-0.9878583964602599f,0f,0.15535697133686718f,0.12348229955753248f,0f,1f,0f,0.4375f,-0.15535697133686718f,0f,-0.9878583964602599f,0.019419621417108398f,0f,0f,0f,1f],start_interpolation:0}
execute if entity @s[tag=aj.tultaria.bone.right_foot] run data modify entity @s {} merge value {transformation:[-0.9878583964602599f,-0.05945253903303722f,0.1435311260510742f,-0.16743417614087053f,0f,0.9238795325112867f,0.38268343236508984f,0.08113813357194827f,-0.15535697133686718f,0.378037041848086f,-0.9126621535090542f,0.2600543535800609f,0f,0f,0f,1f],start_interpolation:0}
execute if entity @s[tag=aj.tultaria.bone.right_leg] run data modify entity @s {} merge value {transformation:[-0.9878583964602599f,0.0594525390330372f,0.14353112605107424f,-0.12348229955753248f,0f,0.9238795325112867f,-0.3826834323650897f,0.4375f,-0.15535697133686718f,-0.37803704184808584f,-0.9126621535090542f,-0.019419621417108398f,0f,0f,0f,1f],start_interpolation:0}
execute if entity @s[tag=aj.tultaria.bone.lower] run data modify entity @s {} merge value {transformation:[-0.9878583964602599f,0f,0.15535697133686718f,0f,0f,1f,0f,0.5f,-0.15535697133686718f,0f,-0.9878583964602599f,0f,0f,0f,0f,1f],start_interpolation:0}