execute if entity @s[tag=aj.tultaria.bone.head] run data modify entity @s {} merge value {transformation:[-0.9928263835102904f,0.020048317852775874f,-0.11787212205246755f,0f,0f,0.9858419455179174f,0.16767724490057573f,1.15625f,0.11956492882897457f,0.16647439265160788f,-0.9787698934813025f,0f,0f,0f,0f,1f],start_interpolation:0}
execute if entity @s[tag=aj.tultaria.bone.bust] run data modify entity @s {} merge value {transformation:[-0.8895912302137379f,0f,-0.4567575320964157f,0.6731743811550768f,0f,1f,0f,0f,0.4567575320964157f,0f,-0.8895912302137379f,0.2164168490586611f,0f,0f,0f,1f],start_interpolation:0}
execute if entity @s[tag=aj.tultaria.bone.left_wing] run data modify entity @s {} merge value {transformation:[-0.6470815897547446f,0f,-0.7624207606043215f,-0.0014952396236933563f,0f,1f,0f,1.0625f,0.7624207606043215f,0f,-0.6470815897547446f,-0.13974624953274323f,0f,0f,0f,1f],start_interpolation:0}
execute if entity @s[tag=aj.tultaria.bone.right_wing] run data modify entity @s {} merge value {transformation:[-0.9966686700372727f,0f,-0.08155710984416964f,-0.1126941434004105f,0f,1f,0f,1.0625f,0.08155710984416964f,0f,-0.9966686700372727f,-0.0826515580206913f,0f,0f,0f,1f],start_interpolation:0}
execute if entity @s[tag=aj.tultaria.bone.body] run data modify entity @s {} merge value {transformation:[-0.8895912302137379f,0f,-0.4567575320964157f,0.6731743811550768f,0f,1f,0f,0f,0.4567575320964157f,0f,-0.8895912302137379f,0.2164168490586611f,0f,0f,0f,1f],start_interpolation:0}
execute if entity @s[tag=aj.tultaria.bone.left_hand] run data modify entity @s {} merge value {transformation:[-0.9176283472122234f,-0.3938600621703855f,-0.05322093403636541f,0.3415217989387759f,-0.36260424344645786f,0.884482469851215f,-0.29361356092748236f,0.7740198305444672f,0.16271563854523963f,-0.2501299901112109f,-0.954441516814823f,-0.3510900953825711f,0f,0f,0f,1f],start_interpolation:0}
execute if entity @s[tag=aj.tultaria.bone.left_arm] run data modify entity @s {} merge value {transformation:[-0.9176283472122234f,-0.2592981843869752f,-0.3012020384495784f,0.19459808160925515f,-0.36260424344645786f,0.8564803294957968f,0.36736849051244613f,1f,0.16271563854523963f,0.4463248780433256f,-0.8799532511516878f,-0.09991571014609094f,0f,0f,0f,1f],start_interpolation:0}
execute if entity @s[tag=aj.tultaria.bone.rod] run data modify entity @s {} merge value {transformation:[-1.1052548413162193f,-0.14160016244628884f,-0.11881812292176082f,-0.2126925181562449f,0.0008261171115836771f,0.7165254421250918f,-0.8615957433218709f,1.510507027297364f,0.1848449887608101f,-0.8498807571506922f,-0.7066057212812459f,0.5577915826672997f,0f,0f,0f,1f],start_interpolation:0}
execute if entity @s[tag=aj.tultaria.bone.right_hand] run data modify entity @s {} merge value {transformation:[-0.986301488024234f,-0.09714378449524147f,0.13331338963181355f,-0.23245726363798375f,0.000737206032472057f,-0.8107797646474004f,-0.5853508603953459f,1.1332957580051706f,0.16495099650637868f,-0.5772341451891495f,0.7997449033156163f,0.4412968911358206f,0f,0f,0f,1f],start_interpolation:0}
execute if entity @s[tag=aj.tultaria.bone.right_arm] run data modify entity @s {} merge value {transformation:[-0.986301488024234f,-0.1318069188105583f,0.09917817741241536f,-0.19459808160925515f,0.000737206032472057f,-0.6047686560760979f,-0.7964008595896769f,1f,0.16495099650637868f,-0.7854182381263994f,0.5965813942539402f,0.09991571014609094f,0f,0f,0f,1f],start_interpolation:0}
execute if entity @s[tag=aj.tultaria.bone.skirt] run data modify entity @s {} merge value {transformation:[-0.9989894837546887f,0f,0.044944536348043254f,-0.0028090335217527034f,0f,1f,0f,0.453125f,-0.044944536348043254f,0f,-0.9989894837546887f,0.06243684273466804f,0f,0f,0f,1f],start_interpolation:0}
execute if entity @s[tag=aj.tultaria.bone.left_foot] run data modify entity @s {} merge value {transformation:[-0.9989894837546887f,-0.017199529435726727f,0.04152333723016673f,0.11925561842583067f,0f,0.9238795325112867f,0.3826834323650897f,0f,-0.044944536348043254f,0.3822967245398733f,-0.9229459372349734f,0.13049175251284148f,0f,0f,0f,1f],start_interpolation:0}
execute if entity @s[tag=aj.tultaria.bone.left_leg] run data modify entity @s {} merge value {transformation:[-0.9989894837546887f,0f,0.044944536348043254f,0.12487368546933608f,0f,1f,0f,0.4375f,-0.044944536348043254f,0f,-0.9989894837546887f,0.005618067043505407f,0f,0f,0f,1f],start_interpolation:0}
execute if entity @s[tag=aj.tultaria.bone.right_foot] run data modify entity @s {} merge value {transformation:[-0.9989894837546887f,-0.01719952943572673f,0.04152333723016673f,-0.13758889675123737f,0f,0.9238795325112867f,0.38268343236508984f,0.08113813357194827f,-0.044944536348043254f,0.38229672453987346f,-0.9229459372349733f,0.2770049920970608f,0f,0f,0f,1f],start_interpolation:0}
execute if entity @s[tag=aj.tultaria.bone.right_leg] run data modify entity @s {} merge value {transformation:[-0.9989894837546887f,0.017199529435726727f,0.04152333723016673f,-0.12487368546933608f,0f,0.9238795325112867f,-0.3826834323650897f,0.4375f,-0.044944536348043254f,-0.3822967245398733f,-0.9229459372349734f,-0.005618067043505407f,0f,0f,0f,1f],start_interpolation:0}
execute if entity @s[tag=aj.tultaria.bone.lower] run data modify entity @s {} merge value {transformation:[-0.9989894837546887f,0f,0.044944536348043254f,0f,0f,1f,0f,0.5f,-0.044944536348043254f,0f,-0.9989894837546887f,0f,0f,0f,0f,1f],start_interpolation:0}