execute if entity @s[tag=aj.tultaria.bone.head] run data modify entity @s {} merge value {transformation:[-0.9837112159199376f,0.005927154074654828f,-0.179658321593778f,0f,-0.02172709308087811f,0.9882080171673847f,0.1515679657195436f,1.475349375f,0.17843816043540947f,0.153002560928506f,-0.9719825303212738f,0f,0f,0f,0f,1f],start_interpolation:0}
execute if entity @s[tag=aj.tultaria.bone.bust] run data modify entity @s {} merge value {transformation:[-0.920328235605083f,0f,-0.39114695288092793f,0.6557375942430055f,0f,1f,0f,0.31909937499999996f,0.39114695288092793f,0f,-0.920328235605083f,0.26459064136207755f,0f,0f,0f,1f],start_interpolation:0}
execute if entity @s[tag=aj.tultaria.bone.left_wing] run data modify entity @s {} merge value {transformation:[-0.3630040792949003f,0.022343863198886593f,-0.93151961342347f,0.008627145615201726f,-0.3910239073432965f,0.903772448961783f,0.174056497677054f,1.381599375f,0.8457708568526363f,0.4274296576923163f,-0.3193361010342968f,-0.13948771400569343f,0f,0f,0f,1f],start_interpolation:0}
execute if entity @s[tag=aj.tultaria.bone.right_wing] run data modify entity @s {} merge value {transformation:[-0.8608550298215836f,0.2922284984808244f,0.41657066904250856f,-0.10641388383543371f,0.3910239073432965f,0.903772448961783f,0.174056497677054f,1.381599375f,-0.3256208247591998f,0.31272650219203374f,-0.892285387815958f,-0.09059434489557744f,0f,0f,0f,1f],start_interpolation:0}
execute if entity @s[tag=aj.tultaria.bone.body] run data modify entity @s {} merge value {transformation:[-0.920328235605083f,0f,-0.39114695288092793f,0.6557375942430055f,0f,1f,0f,0.31909937499999996f,0.39114695288092793f,0f,-0.920328235605083f,0.26459064136207755f,0f,0f,0f,1f],start_interpolation:0}
execute if entity @s[tag=aj.tultaria.bone.left_hand] run data modify entity @s {} merge value {transformation:[-0.3347292843757469f,-0.8614845404342051f,-0.38183856899764207f,0.4517838263187901f,-0.908951424769304f,0.18831258618562768f,0.3719484874198752f,1.4004558371421751f,-0.24852286331674361f,0.4715747623409755f,-0.8460813376572611f,-0.3432300172011079f,0f,0f,0f,1f],start_interpolation:0}
execute if entity @s[tag=aj.tultaria.bone.left_arm] run data modify entity @s {} merge value {transformation:[-0.3347292843757469f,-0.7810877165186735f,-0.5271226472889824f,0.2013218015386119f,-0.908951424769304f,0.12010274045658642f,0.39922755308804814f,1.319099375f,-0.24852286331674361f,0.6127620344297309f,-0.7501726971640497f,-0.08556339594270299f,0f,0f,0f,1f],start_interpolation:0}
execute if entity @s[tag=aj.tultaria.bone.rod] run data modify entity @s {} merge value {transformation:[-1.1004862654259853f,0.08914572215302972f,-0.20399254423186136f,-0.15906787373943795f,-0.004033777735579721f,1.0206743413982253f,0.46780076498450096f,1.2011588603274268f,0.22258402125389193f,0.459245976906406f,-1.000089708200886f,0.765237243128643f,0f,0f,0f,1f],start_interpolation:0}
execute if entity @s[tag=aj.tultaria.bone.sword] run data modify entity @s {} merge value {transformation:[-0.000009801461047831635f,-0.000001977263403153353f,-1.476169447916604e-7f,-0.19038939394262272f,-3.592676855043789e-8f,9.214827105239571e-7f,-0.000009957388155611236f,1.154371332196279f,0.0000019824405653488644f,-0.000009759164874555397f,-9.102913578099226e-7f,0.7671653791556243f,0f,0f,0f,1f],start_interpolation:0}
execute if entity @s[tag=aj.tultaria.bone.right_hand] run data modify entity @s {} merge value {transformation:[-0.9801461047831634f,-0.19772634031533526f,-0.014761694479166039f,-0.23506046316758442f,-0.0035926768550437888f,0.0921482710523957f,-0.9957388155611235f,1.1112471100269348f,0.19824405653488641f,-0.9759164874555396f,-0.09102913578099225f,0.3878899183601917f,0f,0f,0f,1f],start_interpolation:0}
execute if entity @s[tag=aj.tultaria.bone.right_arm] run data modify entity @s {} merge value {transformation:[-0.9801461047831634f,-0.1870789751739933f,-0.06568919489718544f,-0.2013218015386119f,-0.0035926768550437888f,0.34800318625641513f,-0.9374864665841305f,1.319099375f,0.19824405653488641f,-0.9186377084592332f,-0.341766081765528f,0.08556339594270299f,0f,0f,0f,1f],start_interpolation:0}
execute if entity @s[tag=aj.tultaria.bone.skirt] run data modify entity @s {} merge value {transformation:[-0.770408934205345f,-0.2125169934557308f,-0.6010878484790068f,0.03850538078861607f,0f,0.9428088707403317f,-0.33333381654632765f,0.7695427779030168f,0.6375500561497774f,-0.2568033503400563f,-0.7263483772664037f,0.0465295063319069f,0f,0f,0f,1f],start_interpolation:0}
execute if entity @s[tag=aj.tultaria.bone.left_foot] run data modify entity @s {} merge value {transformation:[-0.770408934205345f,-0.20696092668418517f,-0.6030234231956565f,0.2626751860434269f,0f,0.9458448279925966f,-0.32461910196360255f,0.3858467072705297f,0.6375500561497774f,-0.25008945636647534f,-0.728687305857414f,0.12135095805517676f,0f,0f,0f,1f],start_interpolation:0}
execute if entity @s[tag=aj.tultaria.bone.left_leg] run data modify entity @s {} merge value {transformation:[-0.770408934205345f,-0.2125169934557308f,-0.6010878484790068f,0.09456302034666882f,0f,0.9428088707403317f,-0.33333381654632765f,0.7566588611511339f,0.6375500561497774f,-0.2568033503400563f,-0.7263483772664037f,-0.08179405487689834f,0f,0f,0f,1f],start_interpolation:0}
execute if entity @s[tag=aj.tultaria.bone.right_foot] run data modify entity @s {} merge value {transformation:[-0.770408934205345f,-0.206960926684185f,-0.6030234231956564f,0.1477468672286606f,0f,0.9458448279925964f,-0.32461910196360244f,0.514980850069009f,0.6375500561497774f,-0.2500894563664751f,-0.7286873058574139f,0.3745988322173476f,0f,0f,0f,1f],start_interpolation:0}
execute if entity @s[tag=aj.tultaria.bone.right_leg] run data modify entity @s {} merge value {transformation:[-0.770408934205345f,-0.4263664615734779f,-0.47400602795945146f,-0.09803921320466742f,0f,0.7434804897077679f,-0.6687576253201885f,0.7566588611511339f,0.6375500561497774f,-0.5152168493646238f,-0.5727840116782295f,0.07759345916054602f,0f,0f,0f,1f],start_interpolation:0}
execute if entity @s[tag=aj.tultaria.bone.lower] run data modify entity @s {} merge value {transformation:[-0.770408934205345f,0.02780954286398886f,-0.6369432497658487f,0f,0f,0.9990482215818578f,0.043619387365336f,0.819099375f,0.6375500561497774f,0.033604765730818595f,-0.7696756756086244f,0f,0f,0f,0f,1f],start_interpolation:0}