execute if entity @s[tag=aj.tultaria.bone.head] run data modify entity @s {} merge value {transformation:[-0.9764549565650413f,0.04999264170890057f,-0.20984864444291496f,0f,-1.3877787807814457e-17f,0.9727762514800903f,0.23174633666218775f,1.15625f,0.21572138929546003f,0.22628985909958396f,-0.9498721923864952f,0f,0f,0f,0f,1f],start_interpolation:0}
execute if entity @s[tag=aj.tultaria.bone.bust] run data modify entity @s {} merge value {transformation:[-0.6601958982319175f,0f,-0.7510934535447314f,0.7056446758883245f,0f,1f,0f,0f,0.7510934535447314f,0f,-0.6601958982319175f,-0.04544877765640698f,0f,0f,0f,1f],start_interpolation:0}
execute if entity @s[tag=aj.tultaria.bone.left_wing] run data modify entity @s {} merge value {transformation:[-0.32251045699492603f,0f,-0.9465659011019381f,-0.05262443805359662f,0f,1f,0f,1.0625f,0.9465659011019381f,0f,-0.32251045699492603f,-0.12946782812553542f,0f,0f,0f,1f],start_interpolation:0}
execute if entity @s[tag=aj.tultaria.bone.right_wing] run data modify entity @s {} merge value {transformation:[-0.8973724986538199f,0f,-0.44127383636445067f,-0.13514892533258627f,0f,1f,0f,1.0625f,0.44127383636445067f,0f,-0.8973724986538199f,-0.03558114643244398f,0f,0f,0f,1f],start_interpolation:0}
execute if entity @s[tag=aj.tultaria.bone.body] run data modify entity @s {} merge value {transformation:[-0.6601958982319175f,0f,-0.7510934535447314f,0.7056446758883245f,0f,1f,0f,0f,0.7510934535447314f,0f,-0.6601958982319175f,-0.04544877765640698f,0f,0f,0f,1f],start_interpolation:0}
execute if entity @s[tag=aj.tultaria.bone.left_hand] run data modify entity @s {} merge value {transformation:[-0.5152429873977791f,-0.5136074083053788f,-0.6860991867589146f,0.20105149456121288f,-0.8566920388165876f,0.33159177484329694f,0.3951273788091016f,1.065100722772484f,0.024564498075290903f,0.7913623221951525f,-0.6108537144392305f,-0.5224869997642452f,0f,0f,0f,1f],start_interpolation:0}
execute if entity @s[tag=aj.tultaria.bone.left_arm] run data modify entity @s {} merge value {transformation:[-0.5152429873977791f,-0.2479733493746309f,-0.8203864223262958f,0.14441785273823196f,-0.8566920388165876f,0.17645282120136385f,0.4847093484949083f,1f,0.024564498075290903f,0.952561609498308f,-0.30335287297848745f,-0.16430169296291f,0f,0f,0f,1f],start_interpolation:0}
execute if entity @s[tag=aj.tultaria.bone.rod] run data modify entity @s {} merge value {transformation:[-1.012177100252538f,0.2549009151981769f,0.21611144638732419f,-0.24650477464240098f,0.20990511805780823f,-0.051437597081048336f,1.0437792540205957f,0.429081464083294f,0.26003552688359166f,1.0337121519754837f,-0.001351932214776863f,0.6120808447661008f,0f,0f,0f,1f],start_interpolation:0}
execute if entity @s[tag=aj.tultaria.bone.right_hand] run data modify entity @s {} merge value {transformation:[-0.9495825475571222f,0.04200440979886065f,-0.31069054528964185f,-0.2695894391290335f,0.19692427017058692f,0.8510171789852313f,-0.48681679602269323f,0.6873608066999191f,0.24395453919266868f,-0.5234552422408894f,-0.8163827485792584f,0.3137372853533601f,0f,0f,0f,1f],start_interpolation:0}
execute if entity @s[tag=aj.tultaria.bone.right_arm] run data modify entity @s {} merge value {transformation:[-0.9495825475571222f,0.019824913776805397f,-0.31288969009647444f,-0.14441785273823196f,0.19692427017058692f,0.8142802506817881f,-0.5460480795382272f,1f,0.24395453919266868f,-0.5801333003227334f,-0.7771303215445566f,0.16430169296291f,0f,0f,0f,1f],start_interpolation:0}
execute if entity @s[tag=aj.tultaria.bone.skirt] run data modify entity @s {} merge value {transformation:[-0.9992972476203927f,0f,0.03748347500309277f,-0.002342717187693298f,0f,1f,0f,0.453125f,-0.03748347500309277f,0f,-0.9992972476203927f,0.062456077976274546f,0f,0f,0f,1f],start_interpolation:0}
execute if entity @s[tag=aj.tultaria.bone.left_foot] run data modify entity @s {} merge value {transformation:[-0.9992972476203927f,-0.014344304871154585f,0.03463021536275585f,0.1202267215771625f,0f,0.9238795325112867f,0.3826834323650897f,0f,-0.03748347500309277f,0.3824145006723589f,-0.9232302739713439f,0.1295975903279357f,0f,0f,0f,1f],start_interpolation:0}
execute if entity @s[tag=aj.tultaria.bone.left_leg] run data modify entity @s {} merge value {transformation:[-0.9992972476203927f,0f,0.03748347500309277f,0.12491215595254909f,0f,1f,0f,0.4375f,-0.03748347500309277f,0f,-0.9992972476203927f,0.004685434375386596f,0f,0f,0f,1f],start_interpolation:0}
execute if entity @s[tag=aj.tultaria.bone.right_foot] run data modify entity @s {} merge value {transformation:[-0.9992972476203927f,-0.014344304871154588f,0.03463021536275585f,-0.1355165662540237f,0f,0.9238795325112867f,0.38268343236508984f,0.08113813357194827f,-0.03748347500309277f,0.382414500672359f,-0.9232302739713438f,0.2780246939151884f,0f,0f,0f,1f],start_interpolation:0}
execute if entity @s[tag=aj.tultaria.bone.right_leg] run data modify entity @s {} merge value {transformation:[-0.9992972476203927f,0.014344304871154585f,0.03463021536275585f,-0.12491215595254909f,0f,0.9238795325112867f,-0.3826834323650897f,0.4375f,-0.03748347500309277f,-0.3824145006723589f,-0.9232302739713439f,-0.004685434375386596f,0f,0f,0f,1f],start_interpolation:0}
execute if entity @s[tag=aj.tultaria.bone.lower] run data modify entity @s {} merge value {transformation:[-0.9992972476203927f,0f,0.03748347500309277f,0f,0f,1f,0f,0.5f,-0.03748347500309277f,0f,-0.9992972476203927f,0f,0f,0f,0f,1f],start_interpolation:0}