execute if entity @s[tag=aj.tultaria.bone.head] run data modify entity @s {} merge value {transformation:[-0.9841690280655491f,0.029990862211723236f,-0.17467647918454826f,0f,-0.0008916093994029289f,0.9847284106468147f,0.1740952678784724f,1.5886844444444446f,0.1772301589154378f,0.17149491376946313f,-0.9691124626801645f,0f,0f,0f,0f,1f],start_interpolation:0}
execute if entity @s[tag=aj.tultaria.bone.bust] run data modify entity @s {} merge value {transformation:[-0.82067982004027f,0f,-0.5713883381542453f,0.6960340790972577f,0f,1f,0f,0.43243444444444445f,0.5713883381542453f,0f,-0.82067982004027f,0.12464574094301234f,0f,0f,0f,1f],start_interpolation:0}
execute if entity @s[tag=aj.tultaria.bone.left_wing] run data modify entity @s {} merge value {transformation:[-0.528607315563431f,0.0012500351075769769f,-0.8488655625863575f,-0.02013105351676381f,-0.020898822790997872f,0.9996766412146557f,0.014486276807203128f,1.4949344444444446f,0.848609182803706f,0.025397842861437436f,-0.5284102614817505f,-0.13829674863967406f,0f,0f,0f,1f],start_interpolation:0}
execute if entity @s[tag=aj.tultaria.bone.right_wing] run data modify entity @s {} merge value {transformation:[-0.97931429510758f,0.023385661747833443f,-0.20098910971134631f,-0.1227160310217974f,0.020898822790997872f,0.9996766412146557f,0.014486276807203128f,1.4949344444444446f,0.20126288928636138f,0.009986182173401564f,-0.9794863580273621f,-0.06687320637039346f,0f,0f,0f,1f],start_interpolation:0}
execute if entity @s[tag=aj.tultaria.bone.body] run data modify entity @s {} merge value {transformation:[-0.82067982004027f,0f,-0.5713883381542453f,0.6960340790972577f,0f,1f,0f,0.43243444444444445f,0.5713883381542453f,0f,-0.82067982004027f,0.12464574094301234f,0f,0f,0f,1f],start_interpolation:0}
execute if entity @s[tag=aj.tultaria.bone.left_hand] run data modify entity @s {} merge value {transformation:[-0.9067103337720975f,-0.37696020458580903f,-0.1891490808582387f,0.2761949642942758f,-0.2842094328531558f,0.8774741518323586f,-0.38634713813275534f,1.1797169400899026f,0.3116109255276185f,-0.29654698957282954f,-0.9027505270378484f,-0.3750526298407891f,0f,0f,0f,1f],start_interpolation:0}
execute if entity @s[tag=aj.tultaria.bone.left_arm] run data modify entity @s {} merge value {transformation:[-0.9067103337720975f,-0.14222690884606856f,-0.3970489604960371f,0.17952371063380906f,-0.2842094328531558f,0.9016152416975725f,0.32605974025616147f,1.4324344444444446f,0.3116109255276185f,0.40848679579482133f,-0.857926085833215f,-0.12499119897124115f,0f,0f,0f,1f],start_interpolation:0}
execute if entity @s[tag=aj.tultaria.bone.rod] run data modify entity @s {} merge value {transformation:[-0.47868265553332573f,0.5031884840772357f,-0.11341590448402164f,-0.21697654805566086f,0.1621276575728011f,0.29366267168946386f,0.6186079214756908f,0.8981547425094505f,0.4896697259866405f,0.3946675656227295f,-0.3156896810222162f,0.4000045558618434f,0f,0f,0f,1f],start_interpolation:0}
execute if entity @s[tag=aj.tultaria.bone.sword] run data modify entity @s {} merge value {transformation:[-0.000006802332473368303f,-0.000002564569072613772f,-0.000006866677391107874f,-0.27042138730575493f,0.000002303919344455591f,0.000008145121647907472f,-0.00000532437310817268f,0.8803964915163147f,0.000006958464527178565f,-0.0000052038426967561225f,-0.0000049497265188508735f,0.3985479144521629f,0f,0f,0f,1f],start_interpolation:0}
execute if entity @s[tag=aj.tultaria.bone.right_hand] run data modify entity @s {} merge value {transformation:[-0.6802332473368302f,-0.25645690726137715f,-0.6866677391107874f,-0.3989813556675257f,0.23039193444555908f,0.8145121647907472f,-0.532437310817268f,1.1370421404538222f,0.6958464527178564f,-0.5203842696756122f,-0.49497265188508727f,0.14298887324785287f,0f,0f,0f,1f],start_interpolation:0}
execute if entity @s[tag=aj.tultaria.bone.right_arm] run data modify entity @s {} merge value {transformation:[-0.6802332473368302f,0.26669807788365785f,-0.6827553474494017f,-0.17952371063380906f,0.23039193444555908f,0.9620444673221752f,0.14625320316911175f,1.4324344444444446f,0.6958464527178564f,-0.05781503392677938f,-0.7158597181655226f,0.12499119897124115f,0f,0f,0f,1f],start_interpolation:0}
execute if entity @s[tag=aj.tultaria.bone.skirt] run data modify entity @s {} merge value {transformation:[-0.8148892840211738f,0.01577935165231429f,-0.5794018181270156f,0.035006442865864046f,0f,0.9996293644209887f,0.0272237724661754f,0.8828778473474613f,0.5796166446777203f,0.02218436045331702f,-0.8145872570595605f,0.049215935092673836f,0f,0f,0f,1f],start_interpolation:0}
execute if entity @s[tag=aj.tultaria.bone.left_foot] run data modify entity @s {} merge value {transformation:[-0.8148892840211738f,0.2275912115615744f,-0.533064438138011f,0.16580276373641156f,0f,0.9196844897965389f,0.39265817096767497f,0.42925311210312395f,0.5796166446777203f,0.3199729358049123f,-0.74944103541568f,0.017444108140680023f,0f,0f,0f,1f],start_interpolation:0}
execute if entity @s[tag=aj.tultaria.bone.left_leg] run data modify entity @s {} merge value {transformation:[-0.8148892840211738f,0.01577935165231429f,-0.5794018181270156f,0.10028100281842212f,0f,0.9996293644209887f,0.0272237724661754f,0.8699939305955784f,0.5796166446777203f,0.02218436045331702f,-0.8145872570595605f,-0.07467364129343884f,0f,0f,0f,1f],start_interpolation:0}
execute if entity @s[tag=aj.tultaria.bone.right_foot] run data modify entity @s {} merge value {transformation:[-0.8148892840211738f,0.22759121156157439f,-0.533064438138011f,0.054853478675453676f,0f,0.919684489796539f,0.39265817096767497f,0.5060622958552613f,0.5796166446777203f,0.3199729358049124f,-0.7494410354156802f,0.2927788798374965f,0f,0f,0f,1f],start_interpolation:0}
execute if entity @s[tag=aj.tultaria.bone.right_leg] run data modify entity @s {} merge value {transformation:[-0.8148892840211738f,-0.2071492564515485f,-0.5413359773181802f,-0.10344131818687133f,0f,0.9339551965751001f,-0.35739011009031335f,0.8699939305955784f,0.5796166446777203f,-0.29123337092774393f,-0.7610700814449379f,0.07023051987599124f,0f,0f,0f,1f],start_interpolation:0}
execute if entity @s[tag=aj.tultaria.bone.lower] run data modify entity @s {} merge value {transformation:[-0.8148892840211738f,0.0252825229475938f,-0.5790649780645201f,0f,0f,0.9990482215818578f,0.043619387365336f,0.9324344444444445f,0.5796166446777203f,0.035544971339580886f,-0.814113689987467f,0f,0f,0f,0f,1f],start_interpolation:0}