execute if entity @s[tag=aj.tultaria.bone.head] run data modify entity @s {} merge value {transformation:[-0.569890980014609f,0.12920436236730626f,-0.811498923993893f,0f,-0.001001231706661495f,0.987451072970285f,0.1579220568030396f,1.15625f,0.8217197018649718f,0.09081085417003137f,-0.5626100961872719f,0f,0f,0f,0f,1f],start_interpolation:0}
execute if entity @s[tag=aj.tultaria.bone.bust] run data modify entity @s {} merge value {transformation:[-0.26420972793800224f,0f,-0.9644652506248874f,0.6143374892814448f,0f,1f,0f,0f,0.9644652506248874f,0f,-0.26420972793800224f,-0.3501277613434426f,0f,0f,0f,1f],start_interpolation:0}
execute if entity @s[tag=aj.tultaria.bone.left_wing] run data modify entity @s {} merge value {transformation:[0.12498691257369265f,0f,-0.9921583904222633f,-0.1040450483319858f,0f,1f,0f,1.0625f,0.9921583904222633f,0f,0.12498691257369265f,-0.09330529415630573f,0f,0f,0f,1f],start_interpolation:0}
execute if entity @s[tag=aj.tultaria.bone.right_wing] run data modify entity @s {} merge value {transformation:[-0.6131828324382842f,0f,-0.7899410193191407f,-0.1370712643242361f,0f,1f,0f,1.0625f,0.7899410193191407f,0f,-0.6131828324382842f,0.027252862171805114f,0f,0f,0f,1f],start_interpolation:0}
execute if entity @s[tag=aj.tultaria.bone.body] run data modify entity @s {} merge value {transformation:[-0.26420972793800224f,0f,-0.9644652506248874f,0.6143374892814448f,0f,1f,0f,0f,0.9644652506248874f,0f,-0.26420972793800224f,-0.3501277613434426f,0f,0f,0f,1f],start_interpolation:0}
execute if entity @s[tag=aj.tultaria.bone.left_hand] run data modify entity @s {} merge value {transformation:[-0.49994773628505584f,-0.4504990932179937f,-0.7396639966858017f,-0.028138424201670863f,-0.3626042434464572f,0.8844824698512151f,-0.2936135609274829f,0.7740198305444668f,0.7864924816030161f,0.12141386879454855f,-0.6055478914555557f,-0.48898836725383066f,0f,0f,0f,1f],start_interpolation:0}
execute if entity @s[tag=aj.tultaria.bone.left_arm] run data modify entity @s {} merge value {transformation:[-0.49994773628505584f,0.1539024648669683f,-0.8522712551126665f,0.05779587798643799f,-0.3626042434464572f,0.8564803294957972f,0.36736849051244586f,1f,0.7864924816030161f,0.4927022188854463f,-0.37238971506647056f,-0.21097677357419412f,0f,0f,0f,1f],start_interpolation:0}
execute if entity @s[tag=aj.tultaria.bone.rod] run data modify entity @s {} merge value {transformation:[-0.019488979733414846f,0.32061387717870915f,-0.9470094621646532f,0.026342184526563395f,0.25091791580518985f,0.9184439627394347f,0.3057791471560211f,0.4617039390179835f,0.967812161112336f,-0.23166231689232403f,-0.0983473016160089f,0.4490993142519258f,0f,0f,0f,1f],start_interpolation:0}
execute if entity @s[tag=aj.tultaria.bone.right_hand] run data modify entity @s {} merge value {transformation:[-0.019488979733414846f,-0.4429285658488755f,-0.8963450592400276f,-0.25179916007176834f,0.25091791580518985f,0.8656564626923607f,-0.43321944569343745f,0.7321726818159391f,0.967812161112336f,-0.2333520391040278f,0.09426795133587063f,0.3733757935048992f,0f,0f,0f,1f],start_interpolation:0}
execute if entity @s[tag=aj.tultaria.bone.right_arm] run data modify entity @s {} merge value {transformation:[-0.019488979733414846f,0.2988484959776454f,-0.9541015439254092f,-0.05779587798643799f,0.25091791580518985f,0.9252038976413473f,0.2846716482497672f,1f,0.967812161112336f,-0.23385321088485997f,-0.09301772176263512f,0.21097677357419412f,0f,0f,0f,1f],start_interpolation:0}
execute if entity @s[tag=aj.tultaria.bone.skirt] run data modify entity @s {} merge value {transformation:[-0.8688044092160553f,0f,-0.4951554286552267f,0.03094721429095167f,0f,1f,0f,0.453125f,0.4951554286552267f,0f,-0.8688044092160553f,0.054300275576003455f,0f,0f,0f,1f],start_interpolation:0}
execute if entity @s[tag=aj.tultaria.bone.left_foot] run data modify entity @s {} merge value {transformation:[-0.8688044092160553f,0.18948777899198946f,-0.45746396594641664f,0.17049497973391026f,0f,0.9238795325112867f,0.3826834323650897f,0f,0.4951554286552267f,0.33247705337272404f,-0.8026706114302739f,0.04670612257010357f,0f,0f,0f,1f],start_interpolation:0}
execute if entity @s[tag=aj.tultaria.bone.left_leg] run data modify entity @s {} merge value {transformation:[-0.8688044092160553f,0f,-0.4951554286552267f,0.10860055115200691f,0f,1f,0f,0.4375f,0.4951554286552267f,0f,-0.8688044092160553f,-0.06189442858190334f,0f,0f,0f,1f],start_interpolation:0}
execute if entity @s[tag=aj.tultaria.bone.right_foot] run data modify entity @s {} merge value {transformation:[-0.8688044092160553f,0.18948777899198951f,-0.4574639659464166f,0.031483347900290545f,0f,0.9238795325112867f,0.38268343236508984f,0.08113813357194827f,0.4951554286552267f,0.3324770533727242f,-0.8026706114302739f,0.3076869658612544f,0f,0f,0f,1f],start_interpolation:0}
execute if entity @s[tag=aj.tultaria.bone.right_leg] run data modify entity @s {} merge value {transformation:[-0.8688044092160553f,-0.18948777899198946f,-0.45746396594641664f,-0.10860055115200691f,0f,0.9238795325112867f,-0.3826834323650897f,0.4375f,0.4951554286552267f,-0.33247705337272404f,-0.8026706114302739f,0.06189442858190334f,0f,0f,0f,1f],start_interpolation:0}
execute if entity @s[tag=aj.tultaria.bone.lower] run data modify entity @s {} merge value {transformation:[-0.8688044092160553f,0f,-0.4951554286552267f,0f,0f,1f,0f,0.5f,0.4951554286552267f,0f,-0.8688044092160553f,0f,0f,0f,0f,1f],start_interpolation:0}