execute if entity @s[tag=aj.tultaria.bone.head] run data modify entity @s {} merge value {transformation:[-0.9827455606064145f,-0.00648728129592319f,0.18484879845368624f,0f,-0.003944353368330866f,0.9998925110119552f,0.014121207409878938f,1.52222608f,-0.1849205374881051f,0.013148444911648221f,-0.9826655144104303f,0f,0f,0f,0f,1f],start_interpolation:0}
execute if entity @s[tag=aj.tultaria.bone.bust] run data modify entity @s {} merge value {transformation:[-0.9844470642599912f,0f,0.1756814664951446f,0.4043827988824233f,0f,1f,0f,0.36597608000000004f,-0.1756814664951446f,0f,-0.9844470642599912f,0.5800642653775678f,0f,0f,0f,1f],start_interpolation:0}
execute if entity @s[tag=aj.tultaria.bone.left_wing] run data modify entity @s {} merge value {transformation:[-0.880457683130847f,-0.17737659038157244f,-0.4396951368851703f,0.08348812482814255f,-0.26537289632105443f,0.9528748128624996f,0.14699257433772359f,1.42847608f,0.39290137962857263f,0.24610391341233104f,-0.886036889575767f,-0.11207579137655244f,0f,0f,0f,1f],start_interpolation:0}
execute if entity @s[tag=aj.tultaria.bone.right_wing] run data modify entity @s {} merge value {transformation:[-0.6902049475040022f,0.08130059353254976f,0.7190322273252101f,-0.03956775820435632f,0.26537289632105443f,0.9528748128624996f,0.14699257433772359f,1.42847608f,-0.6731971155160815f,0.29226666676771645f,-0.679253884168001f,-0.13403597468844552f,0f,0f,0f,1f],start_interpolation:0}
execute if entity @s[tag=aj.tultaria.bone.body] run data modify entity @s {} merge value {transformation:[-0.9844470642599912f,0f,0.1756814664951446f,0.4043827988824233f,0f,1f,0f,0.36597608000000004f,-0.1756814664951446f,0f,-0.9844470642599912f,0.5800642653775678f,0f,0f,0f,1f],start_interpolation:0}
execute if entity @s[tag=aj.tultaria.bone.left_hand] run data modify entity @s {} merge value {transformation:[-0.20608711698192272f,-0.7125895549129502f,0.670629723799238f,0.5815511060020634f,-0.8902285868424584f,0.4210461701136019f,0.17381940570933715f,1.3680707200884665f,-0.406227969719662f,-0.5611918111141955f,-0.7211397837838447f,0.07883991394869733f,0f,0f,0f,1f],start_interpolation:0}
execute if entity @s[tag=aj.tultaria.bone.left_arm] run data modify entity @s {} merge value {transformation:[-0.20608711698192272f,-0.9133145741313639f,0.35126142528510623f,0.21534779530687306f,-0.8902285868424584f,0.32401466628412556f,0.3201680171429777f,1.36597608f,-0.406227969719662f,-0.24672045864101277f,-0.8798339911059413f,0.03843032079581288f,0f,0f,0f,1f],start_interpolation:0}
execute if entity @s[tag=aj.tultaria.bone.rod] run data modify entity @s {} merge value {transformation:[-0.9575326475679905f,0.4266810234738512f,0.0972747297541407f,-0.4971196458330752f,-0.4028891175939665f,-0.7680957617317294f,-0.5967387198214223f,1.8796976729930308f,-0.17087840052443504f,-0.579965555026384f,0.8618749139040708f,-0.2483286645031763f,0f,0f,0f,1f],start_interpolation:0}
execute if entity @s[tag=aj.tultaria.bone.sword] run data modify entity @s {} merge value {transformation:[-0.000009095104935106294f,0.0000024209876439076546f,-0.0000033790361121851897f,-0.5413810805311504f,-0.000003826834323650898f,-0.000008050679258714455f,0.000004532317567495942f,1.8889840543292589f,-0.0000016230851113643149f,0.000005415291525056746f,0.000008248649126973224f,-0.2147352626935029f,0f,0f,0f,1f],start_interpolation:0}
execute if entity @s[tag=aj.tultaria.bone.right_hand] run data modify entity @s {} merge value {transformation:[-0.9095104935106293f,0.24209876439076544f,-0.3379036112185189f,-0.44857056058885303f,-0.3826834323650898f,-0.8050679258714454f,0.45323175674959415f,1.634451170384938f,-0.16230851113643147f,0.5415291525056746f,0.8248649126973223f,0.057852881773616874f,0f,0f,0f,1f],start_interpolation:0}
execute if entity @s[tag=aj.tultaria.bone.right_arm] run data modify entity @s {} merge value {transformation:[-0.9095104935106293f,0.3956500441578503f,-0.1274821742517063f,-0.21534779530687306f,-0.3826834323650898f,-0.9167119144630287f,-0.1148592898933429f,1.36597608f,-0.16230851113643147f,-0.05568041342716733f,0.9851678226440685f,-0.03843032079581288f,0f,0f,0f,1f],start_interpolation:0}
execute if entity @s[tag=aj.tultaria.bone.skirt] run data modify entity @s {} merge value {transformation:[-0.9786838572426887f,-0.03838608836679677f,-0.20175335385680435f,0.01240365418730671f,0f,0.9823771394004167f,-0.1869094860713446f,0.8164194829030169f,0.20537260667521468f,-0.18292529678355213f,-0.9614366480554384f,0.05910844839757677f,0f,0f,0f,1f],start_interpolation:0}
execute if entity @s[tag=aj.tultaria.bone.left_foot] run data modify entity @s {} merge value {transformation:[-0.9786838572426887f,-0.0055371271039703004f,-0.205297948835362f,0.16378867584261053f,0f,0.9996364761539461f,-0.026961371302682863f,0.39710925342236975f,0.20537260667521468f,-0.026386658863061963f,-0.978328082322833f,0.17186972312300264f,0f,0f,0f,1f],start_interpolation:0}
execute if entity @s[tag=aj.tultaria.bone.left_leg] run data modify entity @s {} merge value {transformation:[-0.9786838572426887f,-0.03838608836679677f,-0.20175335385680435f,0.1217755929500364f,0f,0.9823771394004167f,-0.1869094860713446f,0.803535566151134f,0.20537260667521468f,-0.18292529678355213f,-0.9614366480554384f,-0.028339675226731212f,0f,0f,0f,1f],start_interpolation:0}
execute if entity @s[tag=aj.tultaria.bone.right_foot] run data modify entity @s {} merge value {transformation:[-0.9786838572426887f,-0.005537127103970307f,-0.20529794883536198f,-0.05213820513391883f,0f,0.999636476153946f,-0.02696137130268278f,0.5063321804010684f,0.20537260667521468f,-0.026386658863061963f,-0.9783280823228329f,0.36019010269860485f,0f,0f,0f,1f],start_interpolation:0}
execute if entity @s[tag=aj.tultaria.bone.right_leg] run data modify entity @s {} merge value {transformation:[-0.9786838572426887f,-0.11267178732034355f,-0.17170607419253314f,-0.12289537136063577f,0f,0.8360709686276551f,-0.5486213041962684f,0.803535566151134f,0.20537260667521468f,-0.5369268141563185f,-0.8182491605051444f,0.023003476442072457f,0f,0f,0f,1f],start_interpolation:0}
execute if entity @s[tag=aj.tultaria.bone.lower] run data modify entity @s {} merge value {transformation:[-0.9786838572426887f,0.008958227284794978f,-0.2051771374605036f,0f,0f,0.9990482215818578f,0.043619387365336f,0.86597608f,0.20537260667521468f,0.04268959027727004f,-0.9777523670691809f,0f,0f,0f,0f,1f],start_interpolation:0}