execute if entity @s[tag=aj.tultaria.bone.head] run data modify entity @s {} merge value {transformation:[-0.9957283630776979f,0.013783453125308369f,-0.09129645876237844f,0f,-3.469446951953614e-18f,0.988794521903912f,0.14928293088231523f,1.15625f,0.09233107257369122f,0.1486452484028888f,-0.9845707507155771f,0f,0f,0f,0f,1f],start_interpolation:0}
execute if entity @s[tag=aj.tultaria.bone.bust] run data modify entity @s {} merge value {transformation:[-0.9335930945783721f,0f,-0.3583349463219831f,0.6459640204501776f,0f,1f,0f,0f,0.3583349463219831f,0f,-0.9335930945783721f,0.2876290741281945f,0f,0f,0f,1f],start_interpolation:0}
execute if entity @s[tag=aj.tultaria.bone.left_wing] run data modify entity @s {} merge value {transformation:[-0.7253987045799752f,0f,-0.688328932556008f,0.013557700120900407f,0f,1f,0f,1.0625f,0.688328932556008f,0f,-0.7253987045799752f,-0.13909507096742046f,0f,0f,0f,1f],start_interpolation:0}
execute if entity @s[tag=aj.tultaria.bone.right_wing] run data modify entity @s {} merge value {transformation:[-0.9996563989696887f,0f,0.026212287175186533f,-0.10314143670139608f,0f,1f,0f,1.0625f,-0.026212287175186533f,0f,-0.9996563989696887f,-0.09430320267717257f,0f,0f,0f,1f],start_interpolation:0}
execute if entity @s[tag=aj.tultaria.bone.body] run data modify entity @s {} merge value {transformation:[-0.9335930945783721f,0f,-0.3583349463219831f,0.6459640204501776f,0f,1f,0f,0f,0.3583349463219831f,0f,-0.9335930945783721f,0.2876290741281945f,0f,0f,0f,1f],start_interpolation:0}
execute if entity @s[tag=aj.tultaria.bone.left_hand] run data modify entity @s {} merge value {transformation:[-0.9637981242744039f,-0.2656225201309683f,0.023191646004839278f,0.34870998433850486f,-0.24999999999999994f,0.8700099527916981f,-0.4249502112523149f,0.7381777511514147f,0.09269938319719528f,-0.4153641280162026f,-0.9049195906334434f,-0.2935948545845872f,0f,0f,0f,1f],start_interpolation:0}
execute if entity @s[tag=aj.tultaria.bone.left_arm] run data modify entity @s {} merge value {transformation:[-0.9637981242744039f,-0.20422245537736763f,-0.17142451506356818f,0.2042234894390189f,-0.24999999999999994f,0.9156751133619656f,0.31470476127563013f,1f,0.09269938319719528f,0.3461679873835684f,-0.9335815705473566f,-0.0783857695079338f,0f,0f,0f,1f],start_interpolation:0}
execute if entity @s[tag=aj.tultaria.bone.rod] run data modify entity @s {} merge value {transformation:[-1.1112878609886794f,-0.11241902217420267f,0.022564654414624904f,-0.2971847182854169f,-0.04351827024687342f,0.2101223587499457f,-1.0963861840904099f,1.6158912412767303f,0.10608185674362691f,-1.0914753629665699f,-0.2133918505076267f,0.3445214246765669f,0f,0f,0f,1f],start_interpolation:0}
execute if entity @s[tag=aj.tultaria.bone.right_hand] run data modify entity @s {} merge value {transformation:[-0.9947192042416151f,0.011906844464697655f,0.10194082483392641f,-0.2799770485069145f,-0.03895341672447411f,-0.96272793047126f,-0.2676519441663272f,1.221411774329217f,0.09495438925303668f,-0.2702094723458427f,0.9581077731738555f,0.3629563441936078f,0f,0f,0f,1f],start_interpolation:0}
execute if entity @s[tag=aj.tultaria.bone.right_arm] run data modify entity @s {} merge value {transformation:[-0.9947192042416151f,-0.02367704164011447f,0.09986542150364186f,-0.2042234894390189f,-0.03895341672447411f,-0.813125975783171f,-0.5807829016355044f,1f,0.09495438925303668f,-0.5816060051322017f,0.8079097219094126f,0.0783857695079338f,0f,0f,0f,1f],start_interpolation:0}
execute if entity @s[tag=aj.tultaria.bone.skirt] run data modify entity @s {} merge value {transformation:[-0.9980929454375896f,0f,0.06172902289617596f,-0.0038580639310109976f,0f,1f,0f,0.453125f,-0.06172902289617596f,0f,-0.9980929454375896f,0.06238080908984935f,0f,0f,0f,1f],start_interpolation:0}
execute if entity @s[tag=aj.tultaria.bone.left_foot] run data modify entity @s {} merge value {transformation:[-0.9980929454375896f,-0.023622674358451827f,0.057030180815697565f,0.1170454903176767f,0f,0.9238795325112867f,0.3826834323650897f,0f,-0.06172902289617596f,0.381953634179439f,-0.9221176438336935f,0.1324777460417207f,0f,0f,0f,1f],start_interpolation:0}
execute if entity @s[tag=aj.tultaria.bone.left_leg] run data modify entity @s {} merge value {transformation:[-0.9980929454375896f,0f,0.06172902289617596f,0.1247616181796987f,0f,1f,0f,0.4375f,-0.06172902289617596f,0f,-0.9980929454375896f,0.007716127862021995f,0f,0f,0f,1f],start_interpolation:0}
execute if entity @s[tag=aj.tultaria.bone.right_foot] run data modify entity @s {} merge value {transformation:[-0.9980929454375896f,-0.023622674358451837f,0.05703018081569756f,-0.14222531081348358f,0f,0.9238795325112867f,0.38268343236508984f,0.08113813357194827f,-0.06172902289617596f,0.38195363417943917f,-0.9221176438336935f,0.2746532925706943f,0f,0f,0f,1f],start_interpolation:0}
execute if entity @s[tag=aj.tultaria.bone.right_leg] run data modify entity @s {} merge value {transformation:[-0.9980929454375896f,0.023622674358451827f,0.057030180815697565f,-0.1247616181796987f,0f,0.9238795325112867f,-0.3826834323650897f,0.4375f,-0.06172902289617596f,-0.381953634179439f,-0.9221176438336935f,-0.007716127862021995f,0f,0f,0f,1f],start_interpolation:0}
execute if entity @s[tag=aj.tultaria.bone.lower] run data modify entity @s {} merge value {transformation:[-0.9980929454375896f,0f,0.06172902289617596f,0f,0f,1f,0f,0.5f,-0.06172902289617596f,0f,-0.9980929454375896f,0f,0f,0f,0f,1f],start_interpolation:0}