execute if entity @s[tag=aj.tultaria.bone.head] run data modify entity @s {} merge value {transformation:[-0.9617093359282747f,0.02736406509863805f,-0.27270196392705753f,0f,-0.022333702148220124f,0.9838695939596279f,0.17748754274616405f,1.4737933333333333f,0.27315995119481057f,0.17678187130753625f,-0.9455854329674577f,0f,0f,0f,0f,1f],start_interpolation:0}
execute if entity @s[tag=aj.tultaria.bone.bust] run data modify entity @s {} merge value {transformation:[-0.8498865940939572f,0f,-0.5269656318768552f,0.6884261129854061f,0f,1f,0f,0.3175433333333333f,0.5269656318768552f,0f,-0.8498865940939572f,0.161460481108551f,0f,0f,0f,1f],start_interpolation:0}
execute if entity @s[tag=aj.tultaria.bone.left_wing] run data modify entity @s {} merge value {transformation:[-0.22399477804025686f,0.08937961620024415f,-0.9704831907965192f,-0.01275279185373468f,-0.3943820669444116f,0.902298633176705f,0.17412628130211621f,1.3800433333333333f,0.8912289967698256f,0.42174454445238185f,-0.1668604642846926f,-0.13917117625404812f,0f,0f,0f,1f],start_interpolation:0}
execute if entity @s[tag=aj.tultaria.bone.right_wing] run data modify entity @s {} merge value {transformation:[-0.8978847799967666f,0.3380264203360016f,0.2820302483865637f,-0.11898861611547928f,0.3943820669444116f,0.902298633176705f,0.17412628130211621f,1.3800433333333333f,-0.19561622407870904f,0.2675730100781444f,-0.9434717680751817f,-0.0733004722694412f,0f,0f,0f,1f],start_interpolation:0}
execute if entity @s[tag=aj.tultaria.bone.body] run data modify entity @s {} merge value {transformation:[-0.8498865940939572f,0f,-0.5269656318768552f,0.6884261129854061f,0f,1f,0f,0.3175433333333333f,0.5269656318768552f,0f,-0.8498865940939572f,0.161460481108551f,0f,0f,0f,1f],start_interpolation:0}
execute if entity @s[tag=aj.tultaria.bone.left_hand] run data modify entity @s {} merge value {transformation:[-0.48205093857739695f,-0.7066504697817894f,-0.5179498104776432f,0.373993530314724f,-0.8695167508015409f,0.31328602641256004f,0.38182782210069394f,1.3599262995254884f,-0.10755237185753366f,0.634426496303397f,-0.7654642435124023f,-0.42923466920552605f,0f,0f,0f,1f],start_interpolation:0}
execute if entity @s[tag=aj.tultaria.bone.left_arm] run data modify entity @s {} merge value {transformation:[-0.48205093857739695f,-0.5918602421413777f,-0.6460095559579595f,0.18591269245805314f,-0.8695167508015409f,0.23266403327909901f,0.4356696772714768f,1.3175433333333333f,-0.10755237185753366f,0.7717311069217381f,-0.6267883102907769f,-0.11527373197306207f,0f,0f,0f,1f],start_interpolation:0}
execute if entity @s[tag=aj.tultaria.bone.rod] run data modify entity @s {} merge value {transformation:[-1.0486346130205886f,0.31951636048479853f,0.058230517260494996f,-0.19704133525555692f,0.1295342701100132f,0.23096680757316584f,1.0653596838857955f,0.8319244128877218f,0.2978294320998893f,1.0245387638175163f,-0.2583292476531624f,0.6328554832389873f,0f,0f,0f,1f],start_interpolation:0}
execute if entity @s[tag=aj.tultaria.bone.sword] run data modify entity @s {} merge value {transformation:[-0.000009552339592292811f,-0.0000011652232171603392f,-0.0000027193865425322914f,-0.23963952089959206f,0.0000011799680475608493f,0.000006928492894867479f,-0.0000071136250683112565f,0.8022666955286404f,0.0000027130211426103283f,-0.000007116055161391133f,-0.000006480839083003678f,0.6109547411080649f,0f,0f,0f,1f],start_interpolation:0}
execute if entity @s[tag=aj.tultaria.bone.right_hand] run data modify entity @s {} merge value {transformation:[-0.9552339592292811f,-0.11652232171603391f,-0.2719386542532291f,-0.2747295376807233f,0.11799680475608491f,0.6928492894867478f,-0.7113625068311256f,1.0028225830913615f,0.2713021142610328f,-0.7116055161391133f,-0.6480839083003678f,0.28499292614927385f,0f,0f,0f,1f],start_interpolation:0}
execute if entity @s[tag=aj.tultaria.bone.right_arm] run data modify entity @s {} merge value {transformation:[-0.9552339592292811f,-0.0798355460157372f,-0.2848760585369035f,-0.18591269245805314f,0.11799680475608491f,0.7801935846913675f,-0.6143083301354364f,1.3175433333333333f,0.2713021142610328f,-0.6204226430416633f,-0.7358470675342059f,0.11527373197306207f,0f,0f,0f,1f],start_interpolation:0}
execute if entity @s[tag=aj.tultaria.bone.skirt] run data modify entity @s {} merge value {transformation:[-0.6997169201502582f,-0.24153188292021513f,-0.6723530182786811f,0.04314801925652971f,0f,0.9411170233284727f,-0.3380809790587974f,0.7679867362363502f,0.7144202066399278f,-0.23656098142840568f,-0.6585155050643776f,0.04226000169670405f,0f,0f,0f,1f],start_interpolation:0}
execute if entity @s[tag=aj.tultaria.bone.left_foot] run data modify entity @s {} merge value {transformation:[-0.6997169201502582f,-0.238713426467312f,-0.6733588431732906f,0.2752312803477709f,0f,0.942524913090354f,-0.33413588284412155f,0.3856242441606101f,0.7144202066399278f,-0.23380053085537622f,-0.6595006293524723f,0.09459976521635158f,0f,0f,0f,1f],start_interpolation:0}
execute if entity @s[tag=aj.tultaria.bone.left_leg] run data modify entity @s {} merge value {transformation:[-0.6997169201502582f,-0.24153188292021513f,-0.6723530182786811f,0.08551695428534163f,0f,0.9411170233284727f,-0.3380809790587974f,0.7551028194844672f,0.7144202066399278f,-0.23656098142840568f,-0.6585155050643776f,-0.0912101022916231f,0f,0f,0f,1f],start_interpolation:0}
execute if entity @s[tag=aj.tultaria.bone.right_foot] run data modify entity @s {} merge value {transformation:[-0.6997169201502582f,-0.23871342646731208f,-0.6733588431732908f,0.18687515872155142f,0f,0.942524913090354f,-0.33413588284412166f,0.5153707330334576f,0.7144202066399278f,-0.23380053085537625f,-0.6595006293524723f,0.3579961878683802f,0f,0f,0f,1f],start_interpolation:0}
execute if entity @s[tag=aj.tultaria.bone.right_leg] run data modify entity @s {} merge value {transformation:[-0.6997169201502582f,-0.4804447238748129f,-0.5287429422283497f,-0.08941227575222292f,0f,0.7401007660675525f,-0.6724959896283561f,0.7551028194844672f,0.7144202066399278f,-0.4705568226761533f,-0.5178610286336346f,0.08739494936835884f,0f,0f,0f,1f],start_interpolation:0}
execute if entity @s[tag=aj.tultaria.bone.lower] run data modify entity @s {} merge value {transformation:[-0.6997169201502582f,0.0311625717350504f,-0.7137402369057632f,0f,0f,0.9990482215818578f,0.043619387365336f,0.8175433333333333f,0.7144202066399278f,0.03052122338611399f,-0.6990509446868503f,0f,0f,0f,0f,1f],start_interpolation:0}