execute if entity @s[tag=aj.tultaria.bone.head] run data modify entity @s {} merge value {transformation:[-0.9861974075886979f,0.03298715928829009f,-0.16225449327343971f,0f,-6.938893903907228e-18f,0.9799528839113928f,0.19922937864116416f,1.15625f,0.1655737698590321f,0.19647949673142323f,-0.9664269936724839f,0f,0f,0f,0f,1f],start_interpolation:0}
execute if entity @s[tag=aj.tultaria.bone.bust] run data modify entity @s {} merge value {transformation:[-0.7903239592129561f,0f,-0.6126891866957974f,0.7015065729543768f,0f,1f,0f,0f,0.6126891866957974f,0f,-0.7903239592129561f,0.08881738625857932f,0f,0f,0f,1f],start_interpolation:0}
execute if entity @s[tag=aj.tultaria.bone.left_wing] run data modify entity @s {} merge value {transformation:[-0.4956981290324121f,0f,-0.868494884771215f,-0.027190900886164826f,0f,1f,0f,1.0625f,0.868494884771215f,0f,-0.4956981290324121f,-0.13708356907010683f,0f,0f,0f,1f],start_interpolation:0}
execute if entity @s[tag=aj.tultaria.bone.right_wing] run data modify entity @s {} merge value {transformation:[-0.9646301309078582f,0f,-0.26360711398725256f,-0.12598139578778444f,0f,1f,0f,1.0625f,0.26360711398725256f,0f,-0.9646301309078582f,-0.06049742073313219f,0f,0f,0f,1f],start_interpolation:0}
execute if entity @s[tag=aj.tultaria.bone.body] run data modify entity @s {} merge value {transformation:[-0.7903239592129561f,0f,-0.6126891866957974f,0.7015065729543768f,0f,1f,0f,0f,0.6126891866957974f,0f,-0.7903239592129561f,0.08881738625857932f,0f,0f,0f,1f],start_interpolation:0}
execute if entity @s[tag=aj.tultaria.bone.left_hand] run data modify entity @s {} merge value {transformation:[-0.7323090162077667f,-0.6048008312819434f,-0.3129528067640279f,0.31014722474534745f,-0.6619132999274872f,0.7401587130840422f,0.1184730468287149f,0.9100461661356283f,0.15998214950399042f,0.29390650541701974f,-0.9423506130489002f,-0.4638880465774817f,0f,0f,0f,1f],start_interpolation:0}
execute if entity @s[tag=aj.tultaria.bone.left_arm] run data modify entity @s {} merge value {transformation:[-0.7323090162077667f,-0.35763753850504576f,-0.5794988316061256f,0.17288336607783414f,-0.6619132999274872f,0.5737586073073169f,0.4823606989793764f,1f,0.15998214950399042f,0.7368150728594116f,-0.6568936445477782f,-0.1340257595897057f,0f,0f,0f,1f],start_interpolation:0}
execute if entity @s[tag=aj.tultaria.bone.rod] run data modify entity @s {} merge value {transformation:[-1.0870952246605694f,0.2316332248126008f,-0.1705773352153802f,-0.11650830010108747f,0.13153202838055228f,0.9932670064583966f,0.510535586416218f,0.9038644872113014f,0.2558317877754104f,0.47359614509639864f,-0.9873111937578478f,0.8350838227886805f,0f,0f,0f,1f],start_interpolation:0}
execute if entity @s[tag=aj.tultaria.bone.right_hand] run data modify entity @s {} merge value {transformation:[-0.9667264524988477f,-0.21159839702599673f,-0.14375703257587705f,-0.21382732805782087f,0.11696812597627923f,0.13414849399301892f,-0.9840338607309211f,0.8311659398673182f,0.22750477697092508f,-0.9681065540194598f,-0.10493462974621856f,0.4589270363131058f,0f,0f,0f,1f],start_interpolation:0}
execute if entity @s[tag=aj.tultaria.bone.right_arm] run data modify entity @s {} merge value {transformation:[-0.9667264524988477f,-0.19096468143833528f,-0.17021297389490683f,-0.17288336607783414f,0.11696812597627923f,0.2617774538364922f,-0.9580141033244136f,1f,0.22750477697092508f,-0.9460470681240115f,-0.23073040837603367f,0.1340257595897057f,0f,0f,0f,1f],start_interpolation:0}
execute if entity @s[tag=aj.tultaria.bone.skirt] run data modify entity @s {} merge value {transformation:[-0.9998538754983439f,0f,0.01709466732469871f,-0.0010684167077936694f,0f,1f,0f,0.453125f,-0.01709466732469871f,0f,-0.9998538754983439f,0.062490867218646495f,0f,0f,0f,1f],start_interpolation:0}
execute if entity @s[tag=aj.tultaria.bone.left_foot] run data modify entity @s {} merge value {transformation:[-0.9998538754983439f,-0.006541845966955048f,0.015793413256378612f,0.12284490102170566f,0f,0.9238795325112867f,0.3826834323650897f,0f,-0.01709466732469871f,0.38262751293924335f,-0.9237445310750083f,0.12711856785288034f,0f,0f,0f,1f],start_interpolation:0}
execute if entity @s[tag=aj.tultaria.bone.left_leg] run data modify entity @s {} merge value {transformation:[-0.9998538754983439f,0f,0.01709466732469871f,0.12498173443729299f,0f,1f,0f,0.4375f,-0.01709466732469871f,0f,-0.9998538754983439f,0.0021368334155873387f,0f,0f,0f,1f],start_interpolation:0}
execute if entity @s[tag=aj.tultaria.bone.right_foot] run data modify entity @s {} merge value {transformation:[-0.9998538754983439f,-0.006541845966955049f,0.015793413256378612f,-0.12981796870488316f,0f,0.9238795325112867f,0.38268343236508984f,0.08113813357194827f,-0.01709466732469871f,0.3826275129392435f,-0.9237445310750083f,0.2807307698797077f,0f,0f,0f,1f],start_interpolation:0}
execute if entity @s[tag=aj.tultaria.bone.right_leg] run data modify entity @s {} merge value {transformation:[-0.9998538754983439f,0.006541845966955048f,0.015793413256378612f,-0.12498173443729299f,0f,0.9238795325112867f,-0.3826834323650897f,0.4375f,-0.01709466732469871f,-0.38262751293924335f,-0.9237445310750083f,-0.0021368334155873387f,0f,0f,0f,1f],start_interpolation:0}
execute if entity @s[tag=aj.tultaria.bone.lower] run data modify entity @s {} merge value {transformation:[-0.9998538754983439f,0f,0.01709466732469871f,0f,0f,1f,0f,0.5f,-0.01709466732469871f,0f,-0.9998538754983439f,0f,0f,0f,0f,1f],start_interpolation:0}