execute if entity @s[tag=aj.tultaria.bone.head] run data modify entity @s {} merge value {transformation:[-0.5547200782337266f,0.08587123744539532f,-0.8275939616647555f,0f,-0.004774904568935831f,0.9943150713428331f,0.10637076283854581f,1.15625f,0.8320233380685459f,0.06295768007235605f,-0.5511565072002517f,0f,0f,0f,0f,1f],start_interpolation:0}
execute if entity @s[tag=aj.tultaria.bone.bust] run data modify entity @s {} merge value {transformation:[-0.5275490040638037f,0f,-0.8495246013573055f,0.6885368027105545f,0f,1f,0f,0f,0.8495246013573055f,0f,-0.5275490040638037f,-0.1609877986467509f,0f,0f,0f,1f],start_interpolation:0}
execute if entity @s[tag=aj.tultaria.bone.left_wing] run data modify entity @s {} merge value {transformation:[-0.16229273692526364f,0f,-0.9867426551747457f,-0.0732187624156756f,0f,1f,0f,1.0625f,0.9867426551747457f,0f,-0.16229273692526364f,-0.11903891309280706f,0f,0f,0f,1f],start_interpolation:0}
execute if entity @s[tag=aj.tultaria.bone.right_wing] run data modify entity @s {} merge value {transformation:[-0.81249071757726f,0f,-0.5829741279429036f,-0.139162387923651f,0f,1f,0f,1.0625f,0.5829741279429036f,0f,-0.81249071757726f,-0.012848337923143827f,0f,0f,0f,1f],start_interpolation:0}
execute if entity @s[tag=aj.tultaria.bone.body] run data modify entity @s {} merge value {transformation:[-0.5275490040638037f,0f,-0.8495246013573055f,0.6885368027105545f,0f,1f,0f,0f,0.8495246013573055f,0f,-0.5275490040638037f,-0.1609877986467509f,0f,0f,0f,1f],start_interpolation:0}
execute if entity @s[tag=aj.tultaria.bone.left_hand] run data modify entity @s {} merge value {transformation:[-0.6307858649407427f,-0.4646267181913186f,-0.6214750239017848f,0.129226330880464f,-0.6619132999274869f,0.7401587130840424f,0.11847304682871479f,0.9100461661356282f,0.40494441096286726f,0.4860937072093602f,-0.7744242582986389f,-0.5428480230984412f,0f,0f,0f,1f],start_interpolation:0}
execute if entity @s[tag=aj.tultaria.bone.left_arm] run data modify entity @s {} merge value {transformation:[-0.6307858649407427f,-0.07871847447594699f,-0.7719537514431409f,0.11540134463895706f,-0.6619132999274869f,0.5737586073073171f,0.4823606989793764f,1f,0.40494441096286726f,0.8152327657282596f,-0.4140236245831737f,-0.18583350654691055f,0f,0f,0f,1f],start_interpolation:0}
execute if entity @s[tag=aj.tultaria.bone.rod] run data modify entity @s {} merge value {transformation:[-0.21957279476710295f,0.5770597619425517f,0.09036492098689991f,-0.09388227678009209f,0.1585669797501166f,-0.034022514352607475f,0.6025570358481032f,0.4530405428954366f,0.5621568293021879f,0.2349904246217952f,-0.13466699523260559f,0.45258239798264843f,0f,0f,0f,1f],start_interpolation:0}
execute if entity @s[tag=aj.tultaria.bone.right_hand] run data modify entity @s {} merge value {transformation:[-0.35187947879343445f,-0.34715286302964954f,-0.8692903554591975f,-0.33272589484861037f,0.254113749599546f,0.8583793392840464f,-0.44565806640825334f,0.7192255368259224f,0.9008923546509428f,-0.37771655984428487f,-0.21382975880564103f,0.28420996819033645f,0f,0f,0f,1f],start_interpolation:0}
execute if entity @s[tag=aj.tultaria.bone.right_arm] run data modify entity @s {} merge value {transformation:[-0.35187947879343445f,0.29387205007127853f,-0.8887182065148461f,-0.11540134463895706f,0.254113749599546f,0.9437740313425198f,0.2114634247995328f,1f,0.9008923546509428f,-0.15142587609253702f,-0.4067716427937025f,0.18583350654691055f,0f,0f,0f,1f],start_interpolation:0}
execute if entity @s[tag=aj.tultaria.bone.skirt] run data modify entity @s {} merge value {transformation:[-0.9737380845862743f,0f,-0.227671128222824f,0.0142294455139265f,0f,1f,0f,0.453125f,0.227671128222824f,0f,-0.9737380845862743f,0.060858630286642144f,0f,0f,0f,1f],start_interpolation:0}
execute if entity @s[tag=aj.tultaria.bone.left_foot] run data modify entity @s {} merge value {transformation:[-0.9737380845862743f,0.08712596879874274f,-0.21034069550881987f,0.1501761516011373f,0f,0.9238795325112867f,0.3826834323650897f,0f,0.227671128222824f,0.37263343243408353f,-0.8996166863760029f,0.09325836954543129f,0f,0f,0f,1f],start_interpolation:0}
execute if entity @s[tag=aj.tultaria.bone.left_leg] run data modify entity @s {} merge value {transformation:[-0.9737380845862743f,0f,-0.227671128222824f,0.12171726057328429f,0f,1f,0f,0.4375f,0.227671128222824f,0f,-0.9737380845862743f,-0.028458891027853f,0f,0f,0f,1f],start_interpolation:0}
execute if entity @s[tag=aj.tultaria.bone.right_foot] run data modify entity @s {} merge value {transformation:[-0.9737380845862743f,0.08712596879874278f,-0.21034069550881984f,-0.05730706228523186f,0f,0.9238795325112867f,0.38268343236508984f,0.08113813357194827f,0.227671128222824f,0.37263343243408364f,-0.8996166863760029f,0.30393810351476486f,0f,0f,0f,1f],start_interpolation:0}
execute if entity @s[tag=aj.tultaria.bone.right_leg] run data modify entity @s {} merge value {transformation:[-0.9737380845862743f,-0.08712596879874274f,-0.21034069550881987f,-0.12171726057328429f,0f,0.9238795325112867f,-0.3826834323650897f,0.4375f,0.227671128222824f,-0.37263343243408353f,-0.8996166863760029f,0.028458891027853f,0f,0f,0f,1f],start_interpolation:0}
execute if entity @s[tag=aj.tultaria.bone.lower] run data modify entity @s {} merge value {transformation:[-0.9737380845862743f,0f,-0.227671128222824f,0f,0f,1f,0f,0.5f,0.227671128222824f,0f,-0.9737380845862743f,0f,0f,0f,0f,1f],start_interpolation:0}