execute if entity @s[tag=aj.tultaria.bone.head] run data modify entity @s {} merge value {transformation:[-0.970697755831164f,0.030026421522876143f,-0.23842038678534305f,0f,-0.015363660891154842f,0.9823782958202439f,0.18627088292412988f,1.50936f,0.23981206130710697f,0.18447573800325034f,-0.9531310913719017f,0f,0f,0f,0f,1f],start_interpolation:0}
execute if entity @s[tag=aj.tultaria.bone.bust] run data modify entity @s {} merge value {transformation:[-0.8310308315634178f,0f,-0.5562263540960768f,0.6936285928297473f,0f,1f,0f,0.35311000000000003f,0.5562263540960768f,0f,-0.8310308315634178f,0.13740223873367052f,0f,0f,0f,1f],start_interpolation:0}
execute if entity @s[tag=aj.tultaria.bone.left_wing] run data modify entity @s {} merge value {transformation:[-0.3191537376214068f,0.057315198805443626f,-0.9459682128635077f,-0.017588867289295984f,-0.3043609068327772f,0.939093759973208f,0.1595849252633605f,1.41561f,0.8974994875509488f,0.33884786846795323f,-0.2822707775886638f,-0.13864300107643196f,0f,0f,0f,1f],start_interpolation:0}
execute if entity @s[tag=aj.tultaria.bone.right_wing] run data modify entity @s {} merge value {transformation:[-0.9513917888348575f,0.2914089670719913f,0.09967185183212413f,-0.12146772123472316f,0.3043609068327772f,0.939093759973208f,0.1595849252633605f,1.41561f,-0.04709673586926505f,0.1821640027267131f,-0.9821395896617969f,-0.06911470681442239f,0f,0f,0f,1f],start_interpolation:0}
execute if entity @s[tag=aj.tultaria.bone.body] run data modify entity @s {} merge value {transformation:[-0.8310308315634178f,0f,-0.5562263540960768f,0.6936285928297473f,0f,1f,0f,0.35311000000000003f,0.5562263540960768f,0f,-0.8310308315634178f,0.13740223873367052f,0f,0f,0f,1f],start_interpolation:0}
execute if entity @s[tag=aj.tultaria.bone.left_hand] run data modify entity @s {} merge value {transformation:[-0.6986593932907764f,-0.6347912671550201f,-0.3300228769498986f,0.35471308949449215f,-0.7097610983698294f,0.6730338554775417f,0.20800147264355814f,1.274898301800288f,0.09007905087986617f,0.37955958231186754f,-0.9207715721436142f,-0.43746246478059836f,0f,0f,0f,1f],start_interpolation:0}
execute if entity @s[tag=aj.tultaria.bone.left_arm] run data modify entity @s {} merge value {transformation:[-0.6986593932907764f,-0.4615929254489737f,-0.5466324389770719f,0.18178799440449767f,-0.7097610983698294f,0.5433658288904293f,0.4483221600981487f,1.35311f,0.09007905087986617f,0.7012029286659283f,-0.7072483421139334f,-0.1216745149585168f,0f,0f,0f,1f],start_interpolation:0}
execute if entity @s[tag=aj.tultaria.bone.rod] run data modify entity @s {} merge value {transformation:[-0.9605702834693652f,0.2981512151560432f,0.02569760972959287f,-0.1607170785119801f,0.09950551263070379f,0.23673855019790302f,0.9727812166852072f,0.9171466032582214f,0.28222892693864765f,0.9312950635971534f,-0.2555114890721936f,0.6813028970110062f,0f,0f,0f,1f],start_interpolation:0}
execute if entity @s[tag=aj.tultaria.bone.sword] run data modify entity @s {} merge value {transformation:[-0.000009547404011096483f,-0.0000016193101169339514f,-0.000002494977233181528f,-0.20224792182719503f,9.89015948927064e-7f,0.000006182575318026602f,-0.000007797282211751487f,0.8836875177310335f,0.000002805160263098474f,-0.000007691137573995385f,-0.000005742602085832667f,0.6631505755558484f,0f,0f,0f,1f],start_interpolation:0}
execute if entity @s[tag=aj.tultaria.bone.right_hand] run data modify entity @s {} merge value {transformation:[-0.9547404011096482f,-0.16193101169339513f,-0.2494977233181528f,-0.2526284233117724f,0.09890159489270639f,0.6182575318026602f,-0.7797282211751486f,1.0515271500373256f,0.2805160263098474f,-0.7691137573995384f,-0.5742602085832667f,0.3211027119132711f,0f,0f,0f,1f],start_interpolation:0}
execute if entity @s[tag=aj.tultaria.bone.right_arm] run data modify entity @s {} merge value {transformation:[-0.9547404011096482f,-0.12758131419684768f,-0.26868899262305707f,-0.18178799440449767f,0.09890159489270639f,0.7157692986881271f,-0.6912978993047684f,1.35311f,0.2805160263098474f,-0.6865838035690266f,-0.6707558718788983f,0.1216745149585168f,0f,0f,0f,1f],start_interpolation:0}
execute if entity @s[tag=aj.tultaria.bone.skirt] run data modify entity @s {} merge value {transformation:[-0.7330746434250057f,-0.15485010691529483f,-0.6622862006380795f,0.04107813180894649f,0f,0.9737380845862745f,-0.22767112822282376f,0.8035534029030169f,0.6801481950040746f,-0.1668999311401153f,-0.7138226991474311f,0.0442746699169413f,0f,0f,0f,1f],start_interpolation:0}
execute if entity @s[tag=aj.tultaria.bone.left_foot] run data modify entity @s {} merge value {transformation:[-0.7330746434250057f,-0.07487157180595562f,-0.6760146558341812f,0.24031279930934485f,0f,0.9939225903997752f,-0.11008126222478183f,0.39311796517249187f,0.6801481950040746f,-0.08069778205320655f,-0.728619448549373f,0.0752295162142662f,0f,0f,0f,1f],start_interpolation:0}
execute if entity @s[tag=aj.tultaria.bone.left_leg] run data modify entity @s {} merge value {transformation:[-0.7330746434250057f,-0.15485010691529483f,-0.6622862006380795f,0.08978010245414342f,0f,0.9737380845862745f,-0.22767112822282376f,0.790669486151134f,0.6801481950040746f,-0.1668999311401153f,-0.7138226991474311f,-0.08701704105296314f,0f,0f,0f,1f],start_interpolation:0}
execute if entity @s[tag=aj.tultaria.bone.right_foot] run data modify entity @s {} merge value {transformation:[-0.7330746434250057f,-0.07487157180595572f,-0.6760146558341812f,0.14906080384892695f,0f,0.993922590399775f,-0.1100812622247821f,0.5080765632039455f,0.6801481950040746f,-0.08069778205320666f,-0.7286194485493729f,0.3444436041307047f,0f,0f,0f,1f],start_interpolation:0}
execute if entity @s[tag=aj.tultaria.bone.right_leg] run data modify entity @s {} merge value {transformation:[-0.7330746434250057f,-0.3965088008544402f,-0.5526140950177391f,-0.09348855840210801f,0f,0.8124907175772603f,-0.5829741279429034f,0.790669486151134f,0.6801481950040746f,-0.42736355096774753f,-0.5956163430740771f,0.08302000769805552f,0f,0f,0f,1f],start_interpolation:0}
execute if entity @s[tag=aj.tultaria.bone.lower] run data modify entity @s {} merge value {transformation:[-0.7330746434250057f,0.02966764758371682f,-0.6795008446309314f,0f,0f,0.9990482215818578f,0.043619387365336f,0.85311f,0.6801481950040746f,0.031976266839260886f,-0.7323769188005065f,0f,0f,0f,0f,1f],start_interpolation:0}