execute if entity @s[tag=aj.tultaria.bone.head] run data modify entity @s {} merge value {transformation:[-0.9089010297382151f,0.12358310405225231f,-0.3982789657182798f,0f,0.04348033508559371f,0.9779572731273241f,0.20422789329132532f,1.15625f,0.41473892824481395f,0.16830563962677736f,-0.8942398073605113f,0f,0f,0f,0f,1f],start_interpolation:0}
execute if entity @s[tag=aj.tultaria.bone.bust] run data modify entity @s {} merge value {transformation:[-0.7171052649184669f,0f,-0.6969648764652459f,0.7070350706918564f,0f,1f,0f,0f,0.6969648764652459f,0f,-0.7171052649184669f,0.01007019422661054f,0f,0f,0f,1f],start_interpolation:0}
execute if entity @s[tag=aj.tultaria.bone.left_wing] run data modify entity @s {} merge value {transformation:[-0.39580196575062465f,0f,-0.918335888391574f,-0.04230153050075147f,0f,1f,0f,1.0625f,0.918335888391574f,0f,-0.39580196575062465f,-0.1331984628938862f,0f,0f,0f,1f],start_interpolation:0}
execute if entity @s[tag=aj.tultaria.bone.right_wing] run data modify entity @s {} merge value {transformation:[-0.9292357880778868f,0f,-0.3694872800994222f,-0.13193968861555982f,0f,1f,0f,1.0625f,0.3694872800994222f,0f,-0.9292357880778868f,-0.0460778533357305f,0f,0f,0f,1f],start_interpolation:0}
execute if entity @s[tag=aj.tultaria.bone.body] run data modify entity @s {} merge value {transformation:[-0.7171052649184669f,0f,-0.6969648764652459f,0.7070350706918564f,0f,1f,0f,0f,0.6969648764652459f,0f,-0.7171052649184669f,0.01007019422661054f,0f,0f,0f,1f],start_interpolation:0}
execute if entity @s[tag=aj.tultaria.bone.left_hand] run data modify entity @s {} merge value {transformation:[-0.511605660595405f,-0.5724856501691679f,-0.6407182129431974f,0.24068514775616504f,-0.8589628608049389f,0.3225176367883442f,0.39769985883610465f,1.0678474712674135f,-0.021034538372282335f,0.7538186481580615f,-0.6567457604618536f,-0.5047583684709982f,0f,0f,0f,1f],start_interpolation:0}
execute if entity @s[tag=aj.tultaria.bone.left_arm] run data modify entity @s {} merge value {transformation:[-0.511605660595405f,-0.32160518383076797f,-0.7967620433855501f,0.15686677670091465f,-0.8589628608049389f,0.16873461903872888f,0.4834371025228111f,1f,-0.021034538372282335f,0.9317181623597522f,-0.3625724949915976f,-0.15246106672677254f,0f,0f,0f,1f],start_interpolation:0}
execute if entity @s[tag=aj.tultaria.bone.rod] run data modify entity @s {} merge value {transformation:[-0.9731868517278595f,0.45461171016036883f,0.24207432702582254f,-0.21228448396752483f,0.26598271090851494f,0.00044638929252127646f,1.0684649893329587f,0.45431115764868396f,0.44104986602162977f,1.0028421754780696f,-0.11021352893650677f,0.5933130803506488f,0f,0f,0f,1f],start_interpolation:0}
execute if entity @s[tag=aj.tultaria.bone.right_hand] run data modify entity @s {} merge value {transformation:[-0.8838521828552799f,-0.05790027785970541f,-0.4641690173694553f,-0.2920182153360963f,0.2415665596189085f,0.7932476796808533f,-0.5589308686723491f,0.6819126789449603f,0.40056324860855774f,-0.6061399809488822f,-0.6871269223072602f,0.28011972220641046f,0f,0f,0f,1f],start_interpolation:0}
execute if entity @s[tag=aj.tultaria.bone.right_arm] run data modify entity @s {} merge value {transformation:[-0.8838521828552799f,0.024722905304397746f,-0.46711250980386576f,-0.15686677670091465f,0.2415665596189085f,0.8792595692888066f,-0.41054623014704056f,1f,0.40056324860855774f,-0.4757009436267415f,-0.7831077167904723f,0.15246106672677254f,0f,0f,0f,1f],start_interpolation:0}
execute if entity @s[tag=aj.tultaria.bone.skirt] run data modify entity @s {} merge value {transformation:[-0.9998985860458433f,0f,0.014241405251003956f,-0.0008900878281877472f,0f,1f,0f,0.453125f,-0.014241405251003956f,0f,-0.9998985860458433f,0.0624936616278652f,0f,0f,0f,1f],start_interpolation:0}
execute if entity @s[tag=aj.tultaria.bone.left_foot] run data modify entity @s {} merge value {transformation:[-0.9998985860458433f,-0.005449949843156406f,0.013157342825601319f,0.12320714759935492f,0f,0.9238795325112867f,0.3826834323650897f,0f,-0.014241405251003956f,0.3826446229250233f,-0.9237858382347303f,0.1267674989121059f,0f,0f,0f,1f],start_interpolation:0}
execute if entity @s[tag=aj.tultaria.bone.left_leg] run data modify entity @s {} merge value {transformation:[-0.9998985860458433f,0f,0.014241405251003956f,0.1249873232557304f,0f,1f,0f,0.4375f,-0.014241405251003956f,0f,-0.9998985860458433f,0.0017801756563754945f,0f,0f,0f,1f],start_interpolation:0}
execute if entity @s[tag=aj.tultaria.bone.right_foot] run data modify entity @s {} merge value {transformation:[-0.9998985860458433f,-0.005449949843156408f,0.013157342825601317f,-0.1290163441653115f,0f,0.9238795325112867f,0.38268343236508984f,0.08113813357194827f,-0.014241405251003956f,0.38264462292502344f,-0.9237858382347302f,0.28110007665266346f,0f,0f,0f,1f],start_interpolation:0}
execute if entity @s[tag=aj.tultaria.bone.right_leg] run data modify entity @s {} merge value {transformation:[-0.9998985860458433f,0.005449949843156406f,0.013157342825601319f,-0.1249873232557304f,0f,0.9238795325112867f,-0.3826834323650897f,0.4375f,-0.014241405251003956f,-0.3826446229250233f,-0.9237858382347303f,-0.0017801756563754945f,0f,0f,0f,1f],start_interpolation:0}
execute if entity @s[tag=aj.tultaria.bone.lower] run data modify entity @s {} merge value {transformation:[-0.9998985860458433f,0f,0.014241405251003956f,0f,0f,1f,0f,0.5f,-0.014241405251003956f,0f,-0.9998985860458433f,0f,0f,0f,0f,1f],start_interpolation:0}