execute if entity @s[tag=aj.tultaria.bone.head] run data modify entity @s {} merge value {transformation:[-0.9922410432784226f,-0.0316959546467648f,0.12022095696166098f,0f,-0.018037236086970818f,0.993426203480118f,0.1130443999206597f,1.4831699999999999f,-0.1230136990261255f,0.10999883953073956f,-0.9862899599782005f,0f,0f,0f,0f,1f],start_interpolation:0}
execute if entity @s[tag=aj.tultaria.bone.bust] run data modify entity @s {} merge value {transformation:[-0.9994457592896656f,0f,-0.03328925108655306f,0.5163675051881094f,0f,1f,0f,0.32692f,0.03328925108655306f,0f,-0.9994457592896656f,0.48307825410155625f,0f,0f,0f,1f],start_interpolation:0}
execute if entity @s[tag=aj.tultaria.bone.left_wing] run data modify entity @s {} merge value {transformation:[-0.6680126190577912f,-0.13472316606476128f,-0.7318529970595439f,0.058304203569784996f,-0.3733182661981264f,0.9114352738537052f,0.1729717135778168f,1.3894199999999999f,0.6437333399027697f,0.38876137938420297f,-0.6591448831606878f,-0.12701129810411782f,0f,0f,0f,1f],start_interpolation:0}
execute if entity @s[tag=aj.tultaria.bone.right_wing] run data modify entity @s {} merge value {transformation:[-0.709367117784714f,0.1602933774275173f,0.6863703995356202f,-0.06662651634142325f,0.3733182661981264f,0.9114352738537052f,0.1729717135778168f,1.3894199999999999f,-0.5978559728970115f,0.378935053443332f,-0.706382659005207f,-0.12285014171829867f,0f,0f,0f,1f],start_interpolation:0}
execute if entity @s[tag=aj.tultaria.bone.body] run data modify entity @s {} merge value {transformation:[-0.9994457592896656f,0f,-0.03328925108655306f,0.5163675051881094f,0f,1f,0f,0.32692f,0.03328925108655306f,0f,-0.9994457592896656f,0.48307825410155625f,0f,0f,0f,1f],start_interpolation:0}
execute if entity @s[tag=aj.tultaria.bone.left_hand] run data modify entity @s {} merge value {transformation:[-0.2617709940354288f,-0.9352690601833826f,0.23821782415553142f,0.5791085600904097f,-0.9007591436955149f,0.3253847340527185f,0.28767645001696684f,1.353665246350405f,-0.34656732640372534f,-0.13927153301782044f,-0.9276284430526263f,-0.07856451039112013f,0f,0f,0f,1f],start_interpolation:0}
execute if entity @s[tag=aj.tultaria.bone.left_arm] run data modify entity @s {} merge value {transformation:[-0.2617709940354288f,-0.9638790414163497f,0.049123723393104946f,0.21862875984461436f,-0.9007591436955149f,0.26227219226525267f,0.3461881890147339f,1.3269199999999999f,-0.34656732640372534f,0.04637338334300324f,-0.936878112449371f,-0.007282023675183482f,0f,0f,0f,1f],start_interpolation:0}
execute if entity @s[tag=aj.tultaria.bone.rod] run data modify entity @s {} merge value {transformation:[-1.0260550141700613f,0.06187516279650398f,0.30424755073029186f,-0.48948969808502024f,-0.3097569558317795f,-0.13257661752982658f,-1.0176728692454073f,1.8880993981334453f,-0.02111246575614591f,-1.0619693520593032f,0.14477347504442722f,0.17727646319273677f,0f,0f,0f,1f],start_interpolation:0}
execute if entity @s[tag=aj.tultaria.bone.sword] run data modify entity @s {} merge value {transformation:[-0.00000957140871427296f,0.0000028961766429084857f,1.720690009806042e-8f,-0.5193196929729136f,-0.0000028895238417143605f,-0.000009545045183957246f,-7.367254606560775e-7f,1.8756162355312624f,-1.9694464324762976e-7f,-7.101220242225671e-7f,0.000009972810011135786f,0.22340855810978694f,0f,0f,0f,1f],start_interpolation:0}
execute if entity @s[tag=aj.tultaria.bone.right_hand] run data modify entity @s {} merge value {transformation:[-0.9571408714272959f,0.28961766429084856f,0.0017206900098060418f,-0.38066798772472626f,-0.28895238417143604f,-0.9545045183957245f,-0.07367254606560775f,1.5209511354768477f,-0.019694464324762975f,-0.0710122024222567f,0.9972810011135784f,0.27530701242358785f,0f,0f,0f,1f],start_interpolation:0}
execute if entity @s[tag=aj.tultaria.bone.right_arm] run data modify entity @s {} merge value {transformation:[-0.9571408714272959f,0.2501551615370652f,0.1459580330086745f,-0.21862875984461436f,-0.28895238417143604f,-0.7905259021993913f,-0.5399771454732889f,1.3269199999999999f,-0.019694464324762975f,-0.559009117195957f,0.8289275812559005f,0.007282023675183482f,0f,0f,0f,1f],start_interpolation:0}
execute if entity @s[tag=aj.tultaria.bone.skirt] run data modify entity @s {} merge value {transformation:[-0.931512804813095f,-0.11251285423031661f,-0.3458681137401774f,0.021966487637162867f,0f,0.9509485910757393f,-0.30934895689345177f,0.7773634029030169f,0.36370852955249855f,-0.2881625145018245f,-0.8858207893060227f,0.05625951235172287f,0f,0f,0f,1f],start_interpolation:0}
execute if entity @s[tag=aj.tultaria.bone.left_foot] run data modify entity @s {} merge value {transformation:[-0.931512804813095f,-0.10049571308490965f,-0.3495490038904363f,0.20790544209250836f,0f,0.961069030524294f,-0.27630837585403356f,0.3871080971671794f,0.36370852955249855f,-0.25738479018514165f,-0.8952481082426871f,0.18879563144693168f,0f,0f,0f,1f],start_interpolation:0}
execute if entity @s[tag=aj.tultaria.bone.left_leg] run data modify entity @s {} merge value {transformation:[-0.931512804813095f,-0.11251285423031661f,-0.3458681137401774f,0.11544755414922267f,0f,0.9509485910757393f,-0.30934895689345177f,0.7644794861511339f,0.36370852955249855f,-0.2881625145018245f,-0.8858207893060227f,-0.04800306731086938f,0f,0f,0f,1f],start_interpolation:0}
execute if entity @s[tag=aj.tultaria.bone.right_foot] run data modify entity @s {} merge value {transformation:[-0.931512804813095f,-0.10049571308490962f,-0.3495490038904363f,0.020513826229598353f,0f,0.9610690305242939f,-0.2763083758540334f,0.5131152578403184f,0.36370852955249855f,-0.25738479018514165f,-0.895248108242687f,0.3962208199678214f,0f,0f,0f,1f],start_interpolation:0}
execute if entity @s[tag=aj.tultaria.bone.right_leg] run data modify entity @s {} merge value {transformation:[-0.931512804813095f,-0.2363063200795458f,-0.27648366599078505f,-0.11743064705405107f,0f,0.7601792191427744f,-0.6497134405131864f,0.7644794861511339f,0.36370852955249855f,-0.6052163892972042f,-0.7081166765843141f,0.042924065077255255f,0f,0f,0f,1f],start_interpolation:0}
execute if entity @s[tag=aj.tultaria.bone.lower] run data modify entity @s {} merge value {transformation:[-0.931512804813095f,0.01586474323862719f,-0.36336235962357627f,0f,0f,0.9990482215818578f,0.043619387365336f,0.82692f,0.36370852955249855f,0.04063201786891301f,-0.9306262110292507f,0f,0f,0f,0f,1f],start_interpolation:0}