execute if entity @s[tag=aj.tultaria.bone.head] run data modify entity @s {} merge value {transformation:[-0.9787095860770877f,-0.020049561992095396f,0.20426835580858008f,0f,-0.009937511790269993f,0.9986791729740503f,0.05040987331153688f,1.50329944f,-0.2050092485236551f,0.04730670704870586f,-0.9776161227639272f,0f,0f,0f,0f,1f],start_interpolation:0}
execute if entity @s[tag=aj.tultaria.bone.bust] run data modify entity @s {} merge value {transformation:[-0.9892100939724258f,0f,0.14650389067551864f,0.4213531016484536f,0f,1f,0f,0.34704943999999993f,-0.14650389067551864f,0f,-0.9892100939724258f,0.5678569923239722f,0f,0f,0f,1f],start_interpolation:0}
execute if entity @s[tag=aj.tultaria.bone.left_wing] run data modify entity @s {} merge value {transformation:[-0.8248643476554224f,-0.19081708453559337f,-0.5321537824880421f,0.08013861720771648f,-0.3215953600216443f,0.9325490469222073f,0.1640996633056626f,1.40954944f,0.4649464833500123f,0.30649814898922156f,-0.830592350245677f,-0.11449476857933327f,0f,0f,0f,1f],start_interpolation:0}
execute if entity @s[tag=aj.tultaria.bone.right_wing] run data modify entity @s {} merge value {transformation:[-0.6546925803622049f,0.09378858090801234f,0.7500542162470248f,-0.0435126445388368f,0.3215953600216443f,0.9325490469222073f,0.1640996633056626f,1.40954944f,-0.6840716699522256f,0.3486487877158675f,-0.6406949142868462f,-0.13280775491377317f,0f,0f,0f,1f],start_interpolation:0}
execute if entity @s[tag=aj.tultaria.bone.body] run data modify entity @s {} merge value {transformation:[-0.9892100939724258f,0f,0.14650389067551864f,0.4213531016484536f,0f,1f,0f,0.34704943999999993f,-0.14650389067551864f,0f,-0.9892100939724258f,0.5678569923239722f,0f,0f,0f,1f],start_interpolation:0}
execute if entity @s[tag=aj.tultaria.bone.left_hand] run data modify entity @s {} merge value {transformation:[-0.21580718316278208f,-0.7800985477947574f,0.5872593255316219f,0.5831571915798344f,-0.893376013618427f,0.4004850682097081f,0.20369341774419972f,1.3479642598848873f,-0.3940895304199199f,-0.4806848924915112f,-0.7833488853274964f,0.06701862304996631f,0f,0f,0f,1f],start_interpolation:0}
execute if entity @s[tag=aj.tultaria.bone.left_arm] run data modify entity @s {} merge value {transformation:[-0.21580718316278208f,-0.9155067673521298f,0.33952116079531497f,0.21638970805646812f,-0.893376013618427f,0.3254665253108723f,0.30975932462690275f,1.34704944f,-0.3940895304199199f,-0.23647177386428192f,-0.8881298002988565f,0.0320477260852697f,0f,0f,0f,1f],start_interpolation:0}
execute if entity @s[tag=aj.tultaria.bone.rod] run data modify entity @s {} merge value {transformation:[-0.9524253181900311f,0.4856842164278239f,0.020615734949521763f,-0.4882225317939666f,-0.46807944159934917f,-0.9040116892038206f,-0.3272501420609278f,1.7863038749943128f,-0.13120900489928122f,-0.30050268058662416f,1.0177968801964339f,-0.38990050490587164f,0f,0f,0f,1f],start_interpolation:0}
execute if entity @s[tag=aj.tultaria.bone.sword] run data modify entity @s {} merge value {transformation:[-0.000008906898250370622f,0.000002133299240985418f,-0.000004014498462567373f,-0.5348745503696594f,-0.00000437738884066904f,-0.0000064079750704923945f,0.000006306847265752855f,1.8021878814254384f,-0.0000012270413583620235f,0.000007374746764761425f,0.000006641346223508454f,-0.36260369872805714f,0f,0f,0f,1f],start_interpolation:0}
execute if entity @s[tag=aj.tultaria.bone.right_hand] run data modify entity @s {} merge value {transformation:[-0.8906898250370622f,0.21332992409854176f,-0.4014498462567373f,-0.4584050410391056f,-0.4377388840669039f,-0.6407975070492394f,0.6306847265752854f,1.6248404006727586f,-0.12270413583620235f,0.7374746764761424f,0.6641346223508454f,-0.030330673433462622f,0f,0f,0f,1f],start_interpolation:0}
execute if entity @s[tag=aj.tultaria.bone.right_arm] run data modify entity @s {} merge value {transformation:[-0.8906898250370622f,0.40458863841408554f,-0.20731538592609072f,-0.21638970805646812f,-0.4377388840669039f,-0.8863497162955392f,0.15089350482601893f,1.34704944f,-0.12270413583620235f,0.22514931509790234f,0.9665668528144531f,-0.0320477260852697f,0f,0f,0f,1f],start_interpolation:0}
execute if entity @s[tag=aj.tultaria.bone.skirt] run data modify entity @s {} merge value {transformation:[-0.9757073557604836f,-0.054055128529356934f,-0.21230449593581294f,0.013231401183089618f,0f,0.9690819127162219f,-0.24673922761950318f,0.7974928429030168f,0.21907796766193743f,-0.24074527934300952f,-0.9455403505716568f,0.05892868004545344f,0f,0f,0f,1f],start_interpolation:0}
execute if entity @s[tag=aj.tultaria.bone.left_foot] run data modify entity @s {} merge value {transformation:[-0.9757073557604836f,-0.032643753159123164f,-0.2166322720523679f,0.17155334727271468f,0f,0.9888364145620361f,-0.14900518526580564f,0.39147799279022466f,0.21907796766193743f,-0.14538545531030017f,-0.9648149633320018f,0.1934738727571488f,0f,0f,0f,1f],start_interpolation:0}
execute if entity @s[tag=aj.tultaria.bone.left_leg] run data modify entity @s {} merge value {transformation:[-0.9757073557604836f,-0.054055128529356934f,-0.21230449593581294f,0.12136616654914441f,0f,0.9690819127162219f,-0.24673922761950318f,0.7846089261511339f,0.21907796766193743f,-0.24074527934300952f,-0.9455403505716568f,-0.030044730776874945f,0f,0f,0f,1f],start_interpolation:0}
execute if entity @s[tag=aj.tultaria.bone.right_foot] run data modify entity @s {} merge value {transformation:[-0.9757073557604836f,-0.03264375315912316f,-0.2166322720523679f,-0.043234645311418726f,0f,0.9888364145620362f,-0.14900518526580558f,0.5090698211515648f,0.21907796766193743f,-0.14538545531030023f,-0.9648149633320017f,0.3780190195745622f,0f,0f,0f,1f],start_interpolation:0}
execute if entity @s[tag=aj.tultaria.bone.right_leg] run data modify entity @s {} merge value {transformation:[-0.9757073557604836f,-0.13118584008679693f,-0.17545777633267284f,-0.1225606723909765f,0f,0.8008919299608641f,-0.5988089148664726f,0.7846089261511339f,0.21907796766193743f,-0.5842622629301706f,-0.7814361472320251f,0.024724761138609413f,0f,0f,0f,1f],start_interpolation:0}
execute if entity @s[tag=aj.tultaria.bone.lower] run data modify entity @s {} merge value {transformation:[-0.9757073557604836f,0.009556046734656603f,-0.21886945398042634f,0f,0f,0.9990482215818578f,0.043619387365336f,0.8470494399999999f,0.21907796766193743f,0.04255975710612424f,-0.9747786985568482f,0f,0f,0f,0f,1f],start_interpolation:0}