execute if entity @s[tag=aj.tultaria.bone.head] run data modify entity @s {} merge value {transformation:[-0.6325664287649385f,0.07378634443847765f,-0.7709833257431568f,0f,0.002752856419893564f,0.9956594846777824f,0.09303016904587569f,1.15625f,0.7745012169009831f,0.056725355402845165f,-0.6300238877005517f,0f,0f,0f,0f,1f],start_interpolation:0}
execute if entity @s[tag=aj.tultaria.bone.bust] run data modify entity @s {} merge value {transformation:[-0.7192356150064056f,0f,-0.6947662413404653f,0.7070009281734355f,0f,1f,0f,0f,0.6947662413404653f,0f,-0.7192356150064056f,0.012234686832970187f,0f,0f,0f,1f],start_interpolation:0}
execute if entity @s[tag=aj.tultaria.bone.left_wing] run data modify entity @s {} merge value {transformation:[-0.3986115338300243f,0f,-0.9171198640841204f,-0.04189355422965768f,0f,1f,0f,1.0625f,0.9171198640841204f,0f,-0.3986115338300243f,-0.1333273419595798f,0f,0f,0f,1f],start_interpolation:0}
execute if entity @s[tag=aj.tultaria.bone.right_wing] run data modify entity @s {} merge value {transformation:[-0.9303625936851474f,0f,-0.3666407564243853f,-0.13179800610545844f,0f,1f,0f,1.0625f,0.3666407564243853f,0f,-0.9303625936851474f,-0.04648156179202162f,0f,0f,0f,1f],start_interpolation:0}
execute if entity @s[tag=aj.tultaria.bone.body] run data modify entity @s {} merge value {transformation:[-0.7192356150064056f,0f,-0.6947662413404653f,0.7070009281734355f,0f,1f,0f,0f,0.6947662413404653f,0f,-0.7192356150064056f,0.012234686832970187f,0f,0f,0f,1f],start_interpolation:0}
execute if entity @s[tag=aj.tultaria.bone.left_hand] run data modify entity @s {} merge value {transformation:[-0.5509357042191922f,-0.5879228565146364f,-0.5922976993068376f,0.2489913880968759f,-0.8340889067993696f,0.41144034724363787f,0.36744052064826405f,1.0400929205948093f,0.02766849057566051f,0.6964650425166398f,-0.7170571101255185f,-0.5065692391486648f,0f,0f,0f,1f],start_interpolation:0}
execute if entity @s[tag=aj.tultaria.bone.left_arm] run data modify entity @s {} merge value {transformation:[-0.5509357042191922f,-0.3259177249802168f,-0.7682756577949237f,0.15733279078265122f,-0.8340889067993696f,0.2455609401760822f,0.49395902685756365f,1f,0.02766849057566051f,0.9129498678479331f,-0.4071326484399236f,-0.15198011529322678f,0f,0f,0f,1f],start_interpolation:0}
execute if entity @s[tag=aj.tultaria.bone.rod] run data modify entity @s {} merge value {transformation:[-0.6569823253883126f,0.3767691867303565f,-0.6530078131675848f,-0.20095291863759207f,0.25895962954255075f,0.9262438133342131f,0.27388375002413f,0.4392713146040721f,0.7080354047606309f,0.010834121590655388f,-0.7060938233795908f,0.44899695682141716f,0f,0f,0f,1f],start_interpolation:0}
execute if entity @s[tag=aj.tultaria.bone.right_hand] run data modify entity @s {} merge value {transformation:[-0.6569823253883126f,-0.19533020597942172f,-0.7281622997377729f,-0.3652220333470968f,0.25895962954255075f,0.8486183383395725f,-0.4612882245418453f,0.6998421634136811f,0.7080354047606309f,-0.49162284982069304f,-0.506944611510597f,0.20127031169983267f,0f,0f,0f,1f],start_interpolation:0}
execute if entity @s[tag=aj.tultaria.bone.right_arm] run data modify entity @s {} merge value {transformation:[-0.6569823253883126f,0.22976221690810897f,-0.7180414666360408f,-0.15733279078265122f,0.25895962954255075f,0.9632538557210049f,0.07128758451373203f,1f,0.7080354047606309f,-0.1391090691511114f,-0.692339896644243f,0.15198011529322678f,0f,0f,0f,1f],start_interpolation:0}
execute if entity @s[tag=aj.tultaria.bone.skirt] run data modify entity @s {} merge value {transformation:[-0.9998503012332388f,0f,0.017302460050574f,-0.001081403753160875f,0f,1f,0f,0.453125f,-0.017302460050574f,0f,-0.9998503012332388f,0.062490643827077426f,0f,0f,0f,1f],start_interpolation:0}
execute if entity @s[tag=aj.tultaria.bone.left_foot] run data modify entity @s {} merge value {transformation:[-0.9998503012332388f,-0.006621364800513502f,0.01598538870281952f,0.1228184801478331f,0f,0.9238795325112867f,0.3826834323650897f,0f,-0.017302460050574f,0.3826261451272047f,-0.923741228884634f,0.1271440951604766f,0f,0f,0f,1f],start_interpolation:0}
execute if entity @s[tag=aj.tultaria.bone.left_leg] run data modify entity @s {} merge value {transformation:[-0.9998503012332388f,0f,0.017302460050574f,0.12498128765415485f,0f,1f,0f,0.4375f,-0.017302460050574f,0f,-0.9998503012332388f,0.00216280750632175f,0f,0f,0f,1f],start_interpolation:0}
execute if entity @s[tag=aj.tultaria.bone.right_foot] run data modify entity @s {} merge value {transformation:[-0.9998503012332388f,-0.006621364800513504f,0.01598538870281952f,-0.12987630834223196f,0f,0.9238795325112867f,0.38268343236508984f,0.08113813357194827f,-0.017302460050574f,0.38262614512720494f,-0.9237412288846338f,0.2807037845974096f,0f,0f,0f,1f],start_interpolation:0}
execute if entity @s[tag=aj.tultaria.bone.right_leg] run data modify entity @s {} merge value {transformation:[-0.9998503012332388f,0.006621364800513502f,0.01598538870281952f,-0.12498128765415485f,0f,0.9238795325112867f,-0.3826834323650897f,0.4375f,-0.017302460050574f,-0.3826261451272047f,-0.923741228884634f,-0.00216280750632175f,0f,0f,0f,1f],start_interpolation:0}
execute if entity @s[tag=aj.tultaria.bone.lower] run data modify entity @s {} merge value {transformation:[-0.9998503012332388f,0f,0.017302460050574f,0f,0f,1f,0f,0.5f,-0.017302460050574f,0f,-0.9998503012332388f,0f,0f,0f,0f,1f],start_interpolation:0}