execute if entity @s[tag=aj.tultaria.bone.head] run data modify entity @s {} merge value {transformation:[-0.9998780027745864f,-0.0012325558088000649f,0.01557113912603647f,0f,0.0007031060347028155f,0.9923197339298295f,0.12369741830505726f,1.58329728f,-0.015604012605998363f,0.12369327572511994f,-0.9921978070581398f,0f,0f,0f,0f,1f],start_interpolation:0}
execute if entity @s[tag=aj.tultaria.bone.bust] run data modify entity @s {} merge value {transformation:[-0.9553815255033206f,0f,-0.29537457698141206f,0.6253780512423663f,0f,1f,0f,0.42704728000000003f,0.29537457698141206f,0f,-0.9553815255033206f,0.3300034742609542f,0f,0f,0f,1f],start_interpolation:0}
execute if entity @s[tag=aj.tultaria.bone.left_wing] run data modify entity @s {} merge value {transformation:[-0.7516503523360689f,-0.012924689833031707f,-0.6594351372392764f,0.02278952322128114f,-0.042858310945648105f,0.9986520621853052f,0.029278385814853855f,1.48954728f,0.6581678456259843f,0.050269385173853307f,-0.7511911047784667f,-0.13788360174925335f,0f,0f,0f,1f],start_interpolation:0}
execute if entity @s[tag=aj.tultaria.bone.right_wing] run data modify entity @s {} merge value {transformation:[-0.9919570627931742f,0.03904101113341778f,0.12040342613239502f,-0.09663316746663408f,0.042858310945648105f,0.9986520621853052f,0.029278385814853855f,1.48954728f,-0.11909807201472611f,0.03420318907233133f,-0.9922931981524703f,-0.10096177962657682f,0f,0f,0f,1f],start_interpolation:0}
execute if entity @s[tag=aj.tultaria.bone.body] run data modify entity @s {} merge value {transformation:[-0.9553815255033206f,0f,-0.29537457698141206f,0.6253780512423663f,0f,1f,0f,0.42704728000000003f,0.29537457698141206f,0f,-0.9553815255033206f,0.3300034742609542f,0f,0f,0f,1f],start_interpolation:0}
execute if entity @s[tag=aj.tultaria.bone.left_hand] run data modify entity @s {} merge value {transformation:[-0.8900685066319363f,-0.41124423676273597f,0.1966118796803229f,0.431141192030003f,-0.4552482169885728f,0.8237204676845462f,-0.3379846920295024f,1.2085595222191405f,-0.022958972771452202f,-0.39033673776239286f,-0.9203858520872061f,-0.26121940849392444f,0f,0f,0f,1f],start_interpolation:0}
execute if entity @s[tag=aj.tultaria.bone.left_arm] run data modify entity @s {} merge value {transformation:[-0.8900685066319363f,-0.4379688119847908f,-0.12633832843055187f,0.20898970870385136f,-0.4552482169885728f,0.8401526602411731f,0.2947754542332268f,1.42704728f,-0.022958972771452202f,0.31988564709644435f,-0.9471779443963889f,-0.06461318871468388f,0f,0f,0f,1f],start_interpolation:0}
execute if entity @s[tag=aj.tultaria.bone.rod] run data modify entity @s {} merge value {transformation:[0.01901553814574955f,-0.20605180943515683f,0.15409432545530488f,0.7399530338778411f,-0.011309830819674006f,-0.1550346037232442f,-0.2059134754580356f,1.3881169444281138f,0.2570496003417588f,0.008421607736918031f,-0.02045921521631712f,0.9665173486924707f,0f,0f,0f,1f],start_interpolation:0}
execute if entity @s[tag=aj.tultaria.bone.sword] run data modify entity @s {} merge value {transformation:[-0.000008835445399544899f,-0.000004592528150452947f,-9.184714361144584e-7f,-0.08726597792226537f,6.43079477855777e-7f,7.528938849928469e-7f,-0.000009950859238432686f,1.1634449292782885f,0.000004639111270148805f,-0.000008851092361129084f,-3.6987922074743e-7f,0.6024318556795849f,0f,0f,0f,1f],start_interpolation:0}
execute if entity @s[tag=aj.tultaria.bone.right_hand] run data modify entity @s {} merge value {transformation:[-0.8835445399544898f,-0.45925281504529464f,-0.09184714361144583f,-0.23905057478531727f,0.06430794778557769f,0.07528938849928468f,-0.9950859238432685f,1.1119277387969655f,0.46391112701488046f,-0.8851092361129084f,-0.036987922074742996f,0.25312898800594f,0f,0f,0f,1f],start_interpolation:0}
execute if entity @s[tag=aj.tultaria.bone.right_arm] run data modify entity @s {} merge value {transformation:[-0.8835445399544898f,-0.2597950417172711f,-0.38968651787780717f,-0.20898970870385136f,0.06430794778557769f,0.7568696417720883f,-0.6503943674536229f,1.42704728f,0.46391112701488046f,-0.5997123324252321f,-0.6520211534673329f,0.06461318871468388f,0f,0f,0f,1f],start_interpolation:0}
execute if entity @s[tag=aj.tultaria.bone.skirt] run data modify entity @s {} merge value {transformation:[-0.9237458945102881f,0.003745519288866652f,-0.38298758917312753f,0.023131969057715824f,0f,0.9999521817666416f,0.009779272985940515f,0.8774906829030169f,0.38300590383881494f,0.009033563272057916f,-0.9237017226135407f,0.05579042316276303f,0f,0f,0f,1f],start_interpolation:0}
execute if entity @s[tag=aj.tultaria.bone.left_foot] run data modify entity @s {} merge value {transformation:[-0.9237458945102881f,0.13800961585414798f,-0.35727701900231157f,0.16065886559137554f,0f,0.9328237904987199f,0.36033286816442456f,0.4259052775049857f,0.38300590383881494f,0.33285600762400414f,-0.8616921467747177f,0.061116466540328936f,0f,0f,0f,1f],start_interpolation:0}
execute if entity @s[tag=aj.tultaria.bone.left_leg] run data modify entity @s {} merge value {transformation:[-0.9237458945102881f,0.003745519288866652f,-0.38298758917312753f,0.11442408163361377f,0f,0.9999521817666416f,0.009779272985940515f,0.864606766151134f,0.38300590383881494f,0.009033563272057916f,-0.9237017226135407f,-0.05039406485483831f,0f,0f,0f,1f],start_interpolation:0}
execute if entity @s[tag=aj.tultaria.bone.right_foot] run data modify entity @s {} merge value {transformation:[-0.9237458945102881f,0.13800961585414795f,-0.35727701900231157f,-0.009496538117742856f,0f,0.9328237904987198f,0.3603328681644245f,0.5054952965320232f,0.38300590383881494f,0.3328560076240041f,-0.8616921467747176f,0.3034616718351894f,0f,0f,0f,1f],start_interpolation:0}
execute if entity @s[tag=aj.tultaria.bone.right_leg] run data modify entity @s {} merge value {transformation:[-0.9237458945102881f,-0.14310259656839322f,-0.3552677430203469f,-0.11651239199395826f,0f,0.927577719976501f,-0.37363026296486757f,0.864606766151134f,0.38300590383881494f,-0.3451394214785958f,-0.8568461106675065f,0.04535741110486543f,0f,0f,0f,1f],start_interpolation:0}
execute if entity @s[tag=aj.tultaria.bone.lower] run data modify entity @s {} merge value {transformation:[-0.9237458945102881f,0.016706482882755898f,-0.3826413670855201f,0f,0f,0.9990482215818578f,0.043619387365336f,0.92704728f,0.38300590383881494f,0.04029322999978306f,-0.9228666931040458f,0f,0f,0f,0f,1f],start_interpolation:0}