execute if entity @s[tag=aj.tultaria.bone.head] run data modify entity @s {} merge value {transformation:[-0.9770455453049707f,-0.02436753280235495f,0.2116322889939964f,0f,-0.01154887431500489f,0.9980343010745152f,0.06159673189999812f,1.5042877083333335f,-0.21271724401601408f,0.05773869780164929f,-0.975406385500116f,0f,0f,0f,0f,1f],start_interpolation:0}
execute if entity @s[tag=aj.tultaria.bone.bust] run data modify entity @s {} merge value {transformation:[-0.9904551285906293f,0f,0.13783554784060514f,0.4263097903750121f,0f,1f,0f,0.34803770833333336f,-0.13783554784060514f,0f,-0.9904551285906293f,0.5641453382156172f,0f,0f,0f,1f],start_interpolation:0}
execute if entity @s[tag=aj.tultaria.bone.left_wing] run data modify entity @s {} merge value {transformation:[-0.8231994138352761f,-0.18731093196094636f,-0.5359639351945048f,0.07913288901699f,-0.3188359204521375f,0.9336146342704921f,0.16342389820773978f,1.4105377083333335f,0.46977269066080873f,0.30541501181817693f,-0.8282724730820207f,-0.11519216933379095f,0f,0f,0f,1f],start_interpolation:0}
execute if entity @s[tag=aj.tultaria.bone.right_wing] run data modify entity @s {} merge value {transformation:[-0.6636534128583944f,0.09680315751440424f,0.7417501575979925f,-0.044674002056838635f,0.3188359204521375f,0.9336146342704921f,0.16342389820773978f,1.4105377083333335f,-0.6766888527461078f,0.34495342203146334f,-0.650460862156932f,-0.13242161281386655f,0f,0f,0f,1f],start_interpolation:0}
execute if entity @s[tag=aj.tultaria.bone.body] run data modify entity @s {} merge value {transformation:[-0.9904551285906293f,0f,0.13783554784060514f,0.4263097903750121f,0f,1f,0f,0.34803770833333336f,-0.13783554784060514f,0f,-0.9904551285906293f,0.5641453382156172f,0f,0f,0f,1f],start_interpolation:0}
execute if entity @s[tag=aj.tultaria.bone.left_hand] run data modify entity @s {} merge value {transformation:[-0.2182291214289247f,-0.7776876016299441f,0.5895574991732571f,0.5837113857691713f,-0.8934599122347806f,0.40222660370685787f,0.19985781070517294f,1.3493139931003053f,-0.39256265205668506f,-0.4831311970277966f,-0.7826102546406546f,0.062016092521547675f,0f,0f,0f,1f],start_interpolation:0}
execute if entity @s[tag=aj.tultaria.bone.left_arm] run data modify entity @s {} merge value {transformation:[-0.2182291214289247f,-0.9178062118973968f,0.33167424977364535f,0.21666205937920016f,-0.8934599122347806f,0.32461529699793346f,0.31040988093867417f,1.3480377083333335f,-0.39256265205668506f,-0.2285971704931939f,-0.8908635685966328f,0.030151526090132375f,0f,0f,0f,1f],start_interpolation:0}
execute if entity @s[tag=aj.tultaria.bone.rod] run data modify entity @s {} merge value {transformation:[-1.0111426493991673f,0.4283560026692631f,0.12299055875652662f,-0.5084112193374248f,-0.4228651927634242f,-0.8258741598017505f,-0.6001182391170138f,1.865672581414805f,-0.140714502860169f,-0.5962113779096835f,0.9196501625813222f,-0.22546545086615216f,0f,0f,0f,1f],start_interpolation:0}
execute if entity @s[tag=aj.tultaria.bone.sword] run data modify entity @s {} merge value {transformation:[-0.00000915061221175717f,0.00000267096129738929f,-0.000003021963252240015f,-0.5511723352440411f,-0.000003826834323650898f,-0.000008115806619239949f,0.000004414637241997177f,1.8744073362252576f,-0.000001273434415024154f,0.000005196118615558115f,0.000008448592552826923f,-0.18984215582172653f,0f,0f,0f,1f],start_interpolation:0}
execute if entity @s[tag=aj.tultaria.bone.right_hand] run data modify entity @s {} merge value {transformation:[-0.915061221175717f,0.267096129738929f,-0.30219632522400147f,-0.44602471133832666f,-0.3826834323650898f,-0.8115806619239949f,0.4414637241997177f,1.6165127987182715f,-0.1273434415024154f,0.5196118615558114f,0.8448592552826922f,0.07499640412761353f,0f,0f,0f,1f],start_interpolation:0}
execute if entity @s[tag=aj.tultaria.bone.right_arm] run data modify entity @s {} merge value {transformation:[-0.915061221175717f,0.39322628279052296f,-0.08964402948971531f,-0.21666205937920016f,-0.3826834323650898f,-0.9167119144630287f,-0.1148592898933429f,1.3480377083333335f,-0.1273434415024154f,-0.07079799717701649f,0.9893287075093112f,-0.030151526090132375f,0f,0f,0f,1f],start_interpolation:0}
execute if entity @s[tag=aj.tultaria.bone.skirt] run data modify entity @s {} merge value {transformation:[-0.9768721679188891f,-0.052095297425216805f,-0.20738092374089726f,0.012914092432665681f,0f,0.9698667001988561f,-0.2436361710530318f,0.7984811112363502f,0.21382415098732332f,-0.23800139460003245f,-0.9474357860155959f,0.05899902987175174f,0f,0f,0f,1f],start_interpolation:0}
execute if entity @s[tag=aj.tultaria.bone.left_foot] run data modify entity @s {} merge value {transformation:[-0.9768721679188891f,-0.030506745079295468f,-0.21163673133489028f,0.17024039917663186f,0f,0.9897700066043393f,-0.14267212070494353f,0.3917350345290967f,0.21382415098732332f,-0.1393724238546236f,-0.9668787720926741f,0.1931639041723689f,0f,0f,0f,1f],start_interpolation:0}
execute if entity @s[tag=aj.tultaria.bone.left_leg] run data modify entity @s {} merge value {transformation:[-0.9768721679188891f,-0.052095297425216805f,-0.20738092374089726f,0.12152609108548737f,0f,0.9698667001988561f,-0.2436361710530318f,0.7855971944844673f,0.21382415098732332f,-0.23800139460003245f,-0.9474357860155959f,-0.029391179217094766f,0f,0f,0f,1f],start_interpolation:0}
execute if entity @s[tag=aj.tultaria.bone.right_foot] run data modify entity @s {} merge value {transformation:[-0.9768721679188891f,-0.030506745079295447f,-0.21163673133489028f,-0.04545725549138113f,0f,0.9897700066043394f,-0.1426721207049434f,0.5089005386988539f,0.21382415098732332f,-0.13937242385462356f,-0.9668787720926743f,0.3769175367158115f,0f,0f,0f,1f],start_interpolation:0}
execute if entity @s[tag=aj.tultaria.bone.right_leg] run data modify entity @s {} merge value {transformation:[-0.9768721679188891f,-0.12749102273545523f,-0.1716589836487368f,-0.1226919508942349f,0f,0.8028044673911212f,-0.5962423895840165f,0.7855971944844673f,0.21382415098732332f,-0.5824525957180772f,-0.7842373404753337f,0.024064858529736066f,0f,0f,0f,1f],start_interpolation:0}
execute if entity @s[tag=aj.tultaria.bone.lower] run data modify entity @s {} merge value {transformation:[-0.9768721679188891f,0.009326878469980149f,-0.213620637775136f,0f,0f,0.9990482215818578f,0.043619387365336f,0.8480377083333334f,0.21382415098732332f,0.04261056549886958f,-0.9759424020721801f,0f,0f,0f,0f,1f],start_interpolation:0}