execute if entity @s[tag=aj.tultaria.bone.head] run data modify entity @s {} merge value {transformation:[-0.9800991711864114f,-0.014911299549963213f,0.1979476389994092f,0f,-0.007820304421607718f,0.9993010012337009f,0.036556145476189884f,1.50936f,-0.1983543734795443f,0.034280637086469695f,-0.9795306939767039f,0f,0f,0f,0f,1f],start_interpolation:0}
execute if entity @s[tag=aj.tultaria.bone.bust] run data modify entity @s {} merge value {transformation:[-0.9871848467546644f,0f,0.1595809460367042f,0.41380195035898015f,0f,1f,0f,0.35311000000000003f,-0.1595809460367042f,0f,-0.9871848467546644f,0.5733828963956843f,0f,0f,0f,1f],start_interpolation:0}
execute if entity @s[tag=aj.tultaria.bone.left_wing] run data modify entity @s {} merge value {transformation:[-0.8453373788445468f,-0.18906481932978197f,-0.4996590938029928f,0.08164667117675461f,-0.3043609068327772f,0.939093759973208f,0.1595849252633606f,1.41561f,0.4390548420415842f,0.2869797973223547f,-0.8513949974064092f,-0.11342429671703913f,0f,0f,0f,1f],start_interpolation:0}
execute if entity @s[tag=aj.tultaria.bone.right_wing] run data modify entity @s {} merge value {transformation:[-0.6639487308776484f,0.08901610375423541f,0.7424609188626532f,-0.04175143466757847f,0.3043609068327772f,0.939093759973208f,0.1595849252633606f,1.41561f,-0.6830347876630366f,0.3319322871487468f,-0.65060313217069f,-0.13337191497162715f,0f,0f,0f,1f],start_interpolation:0}
execute if entity @s[tag=aj.tultaria.bone.body] run data modify entity @s {} merge value {transformation:[-0.9871848467546644f,0f,0.1595809460367042f,0.41380195035898015f,0f,1f,0f,0.35311000000000003f,-0.1595809460367042f,0f,-0.9871848467546644f,0.5733828963956843f,0f,0f,0f,1f],start_interpolation:0}
execute if entity @s[tag=aj.tultaria.bone.left_hand] run data modify entity @s {} merge value {transformation:[-0.20660391550633986f,-0.7572436263868292f,0.6195941513555254f,0.5822342329822076f,-0.8935258067736874f,0.4040431249577f,0.1958590968115797f,1.3556640092396335f,-0.3986558098496502f,-0.5131581076733962f,-0.7600936138412021f,0.0745201596830546f,0f,0f,0f,1f],start_interpolation:0}
execute if entity @s[tag=aj.tultaria.bone.left_arm] run data modify entity @s {} merge value {transformation:[-0.20660391550633986f,-0.9139629977327924f,0.3492656021894183f,0.21594668522758284f,-0.8935258067736874f,0.3216911969059636f,0.31325134710427005f,1.35311f,-0.3986558098496502f,-0.2473588741252199f,-0.8831121857751839f,0.034908331945529045f,0f,0f,0f,1f],start_interpolation:0}
execute if entity @s[tag=aj.tultaria.bone.rod] run data modify entity @s {} merge value {transformation:[-0.9850030646996797f,0.4290422757161644f,0.10996221251199534f,-0.5051486901592646f,-0.413298106954297f,-0.7939749888104031f,-0.6043081928383193f,1.8739230818686088f,-0.1592282554078671f,-0.5932338854042438f,0.8883242200277734f,-0.23359291564139312f,0f,0f,0f,1f],start_interpolation:0}
execute if entity @s[tag=aj.tultaria.bone.sword] run data modify entity @s {} merge value {transformation:[-0.000009120398747219257f,0.0000025942662022418998f,-0.000003176178452736369f,-0.5485382727415264f,-0.000003826834323650898f,-0.000008168070209353007f,0.0000043171713093653515f,1.88220096511985f,-0.0000014743356982209917f,0.000005152903252243861f,0.000008442388425200886f,-0.19862651895520458f,0f,0f,0f,1f],start_interpolation:0}
execute if entity @s[tag=aj.tultaria.bone.right_hand] run data modify entity @s {} merge value {transformation:[-0.9120398747219256f,0.25942662022418994f,-0.31761784527363685f,-0.44756593823439794f,-0.3826834323650898f,-0.8168070209353007f,0.43171713093653513f,1.621585090384938f,-0.14743356982209915f,0.5152903252243861f,0.8442388425200885f,0.0651708116327627f,0f,0f,0f,1f],start_interpolation:0}
execute if entity @s[tag=aj.tultaria.bone.right_arm] run data modify entity @s {} merge value {transformation:[-0.9120398747219256f,0.39468795811317964f,-0.11137631093577727f,-0.21594668522758284f,-0.3826834323650898f,-0.9167119144630287f,-0.1148592898933429f,1.35311f,-0.14743356982209915f,-0.0621343834119091f,0.9871183621468776f,-0.034908331945529045f,0f,0f,0f,1f],start_interpolation:0}
execute if entity @s[tag=aj.tultaria.bone.skirt] run data modify entity @s {} merge value {transformation:[-0.9773039251836773f,-0.04823030975471313f,-0.2062786344766265f,0.012794379421217784f,0f,0.9737380845862744f,-0.22767112822282393f,0.8035534029030169f,0.21184201146273432f,-0.22250388726316211f,-0.9516380521670015f,0.059025106220939635f,0f,0f,0f,1f],start_interpolation:0}
execute if entity @s[tag=aj.tultaria.bone.left_foot] run data modify entity @s {} merge value {transformation:[-0.9773039251836773f,-0.023319836014054567f,-0.21055456078853974f,0.16847105430283466f,0f,0.993922590399775f,-0.11008126222478211f,0.3931179651724919f,0.21184201146273432f,-0.10758284966145323f,-0.9713644489264284f,0.1871556183602762f,0f,0f,0f,1f],start_interpolation:0}
execute if entity @s[tag=aj.tultaria.bone.left_leg] run data modify entity @s {} merge value {transformation:[-0.9773039251836773f,-0.04823030975471313f,-0.2062786344766265f,0.12158546447556935f,0f,0.9737380845862744f,-0.22767112822282393f,0.790669486151134f,0.21184201146273432f,-0.22250388726316211f,-0.9516380521670015f,-0.029144588838232427f,0f,0f,0f,1f],start_interpolation:0}
execute if entity @s[tag=aj.tultaria.bone.right_foot] run data modify entity @s {} merge value {transformation:[-0.9773039251836773f,-0.023319836014054532f,-0.21055456078853974f,-0.047195003128359905f,0f,0.993922590399775f,-0.1100812622247821f,0.5080765632039455f,0.21184201146273432f,-0.1075828496614532f,-0.9713644489264284f,0.3723347302500157f,0f,0f,0f,1f],start_interpolation:0}
execute if entity @s[tag=aj.tultaria.bone.right_leg] run data modify entity @s {} merge value {transformation:[-0.9773039251836773f,-0.12349841189415807f,-0.17211966790636724f,-0.12274051682034996f,0f,0.8124907175772603f,-0.5829741279429034f,0.790669486151134f,0.21184201146273432f,-0.5697429035191307f,-0.7940503674635591f,0.023815914027451153f,0f,0f,0f,1f],start_interpolation:0}
execute if entity @s[tag=aj.tultaria.bone.lower] run data modify entity @s {} merge value {transformation:[-0.9773039251836773f,0.009240418758244957f,-0.21164038480816827f,0f,0f,0.9990482215818578f,0.043619387365336f,0.85311f,0.21184201146273432f,0.04262939848625017f,-0.9763737483997218f,0f,0f,0f,0f,1f],start_interpolation:0}