execute if entity @s[tag=aj.tultaria.bone.head] run data modify entity @s {} merge value {transformation:[-0.9454785096943822f,-0.006283488329816131f,0.32562387117731273f,0f,-0.004051893297840057f,0.9999634322659711f,0.007531021946693503f,1.15625f,-0.3256592849387117f,0.00580102622539537f,-0.9454693957119602f,0f,0f,0f,0f,1f],start_interpolation:0}
execute if entity @s[tag=aj.tultaria.bone.bust] run data modify entity @s {} merge value {transformation:[-0.804662643236382f,0f,0.5937322886451764f,0.10546517729560284f,0f,1f,0f,0f,-0.5937322886451764f,0f,-0.804662643236382f,0.6991974659407791f,0f,0f,0f,1f],start_interpolation:0}
execute if entity @s[tag=aj.tultaria.bone.left_wing] run data modify entity @s {} merge value {transformation:[-0.9706228567872413f,0f,0.2406060470606976f,0.12450795128292091f,0f,1f,0f,1.0625f,-0.2406060470606976f,0f,-0.9706228567872413f,-0.06347456236422433f,0f,0f,0f,1f],start_interpolation:0}
execute if entity @s[tag=aj.tultaria.bone.right_wing] run data modify entity @s {} merge value {transformation:[-0.5161998365378087f,0f,0.8564681714800262f,0.023925120878373174f,0f,1f,0f,1.0625f,-0.8564681714800262f,0f,-0.5161998365378087f,-0.13769109844487137f,0f,0f,0f,1f],start_interpolation:0}
execute if entity @s[tag=aj.tultaria.bone.body] run data modify entity @s {} merge value {transformation:[-0.804662643236382f,0f,0.5937322886451764f,0.10546517729560284f,0f,1f,0f,0f,-0.5937322886451764f,0f,-0.804662643236382f,0.6991974659407791f,0f,0f,0f,1f],start_interpolation:0}
execute if entity @s[tag=aj.tultaria.bone.left_hand] run data modify entity @s {} merge value {transformation:[-0.6083890290734111f,0.254980281360131f,0.7515636003829753f,0.4244426415853234f,-0.21332185878546578f,0.859595763778678f,-0.46431552575599394f,0.7279198175803203f,-0.7644321904965973f,-0.44280941612759284f,-0.46857576454754285f,0.13073318274106074f,0f,0f,0f,1f],start_interpolation:0}
execute if entity @s[tag=aj.tultaria.bone.left_arm] run data modify entity @s {} merge value {transformation:[-0.6083890290734111f,-0.36449012905057143f,0.7049891737663848f,0.17601995320795857f,-0.21332185878546578f,0.9307121068053787f,0.29710058702433934f,1f,-0.7644321904965973f,0.030363136705403304f,-0.6439887468442155f,0.12987893814113233f,0f,0f,0f,1f],start_interpolation:0}
execute if entity @s[tag=aj.tultaria.bone.rod] run data modify entity @s {} merge value {transformation:[-0.6226983040691915f,0.7350089551384011f,0.268344290000195f,-0.364556212315149f,0.194598425582296f,0.4776466115339784f,-0.8567293430547368f,1.414738802282398f,-0.757877480118155f,-0.48126453261846014f,-0.4404613204054256f,-0.23027773667501203f,0f,0f,0f,1f],start_interpolation:0}
execute if entity @s[tag=aj.tultaria.bone.right_hand] run data modify entity @s {} merge value {transformation:[-0.565692626839596f,0.3088951652029727f,-0.7645754566120638f,-0.4648162518089807f,-0.02696761922392442f,-0.9336234950682305f,-0.3572392993078669f,1.215275980345924f,-0.8241751024222408f,-0.18146885785393166f,0.5364740945996169f,-0.052450663586867424f,0f,0f,0f,1f],start_interpolation:0}
execute if entity @s[tag=aj.tultaria.bone.right_arm] run data modify entity @s {} merge value {transformation:[-0.565692626839596f,0.5088929532078754f,-0.6488603964757633f,-0.17601995320795857f,-0.02696761922392442f,-0.797859473264886f,-0.6022399923908013f,1f,-0.8241751024222408f,-0.3231845031817677f,0.4650668526679182f,-0.12987893814113233f,0f,0f,0f,1f],start_interpolation:0}
execute if entity @s[tag=aj.tultaria.bone.skirt] run data modify entity @s {} merge value {transformation:[-0.9732498439343058f,0f,0.22974930093876103f,-0.014359331308672564f,0f,1f,0f,0.453125f,-0.22974930093876103f,0f,-0.9732498439343058f,0.06082811524589411f,0f,0f,0f,1f],start_interpolation:0}
execute if entity @s[tag=aj.tultaria.bone.left_foot] run data modify entity @s {} merge value {transformation:[-0.9732498439343058f,-0.087921251066725f,0.21226067674609747f,0.0929375678744431f,0f,0.9238795325112867f,0.3826834323650897f,0f,-0.22974930093876103f,0.372446590825568f,-0.8991656108307092f,0.15037489310913335f,0f,0f,0f,1f],start_interpolation:0}
execute if entity @s[tag=aj.tultaria.bone.left_leg] run data modify entity @s {} merge value {transformation:[-0.9732498439343058f,0f,0.22974930093876103f,0.12165623049178823f,0f,1f,0f,0.4375f,-0.22974930093876103f,0f,-0.9732498439343058f,0.02871866261734513f,0f,0f,0f,1f],start_interpolation:0}
execute if entity @s[tag=aj.tultaria.bone.right_foot] run data modify entity @s {} merge value {transformation:[-0.9732498439343058f,-0.08792125106672502f,0.21226067674609744f,-0.1866543624267426f,0f,0.9238795325112867f,0.38268343236508984f,0.08113813357194827f,-0.22974930093876103f,0.3724465908255682f,-0.8991656108307091f,0.24662242222267955f,0f,0f,0f,1f],start_interpolation:0}
execute if entity @s[tag=aj.tultaria.bone.right_leg] run data modify entity @s {} merge value {transformation:[-0.9732498439343058f,0.087921251066725f,0.21226067674609747f,-0.12165623049178823f,0f,0.9238795325112867f,-0.3826834323650897f,0.4375f,-0.22974930093876103f,-0.372446590825568f,-0.8991656108307092f,-0.02871866261734513f,0f,0f,0f,1f],start_interpolation:0}
execute if entity @s[tag=aj.tultaria.bone.lower] run data modify entity @s {} merge value {transformation:[-0.9732498439343058f,0f,0.22974930093876103f,0f,0f,1f,0f,0.5f,-0.22974930093876103f,0f,-0.9732498439343058f,0f,0f,0f,0f,1f],start_interpolation:0}