execute if entity @s[tag=aj.tultaria.bone.head] run data modify entity @s {} merge value {transformation:[-0.7379093154901847f,0.09951431885087973f,-0.6675228404005757f,0f,0.01639550925843325f,0.9914207679330295f,0.1296767064173006f,1.15625f,0.6747006961527191f,0.08474527275740863f,-0.7332102081642814f,0f,0f,0f,0f,1f],start_interpolation:0}
execute if entity @s[tag=aj.tultaria.bone.bust] run data modify entity @s {} merge value {transformation:[-0.7336912134294942f,0f,-0.6794830412426468f,0.7065871273360704f,0f,1f,0f,0f,0.6794830412426468f,0f,-0.7336912134294942f,0.027104086093423685f,0f,0f,0f,1f],start_interpolation:0}
execute if entity @s[tag=aj.tultaria.bone.left_wing] run data modify entity @s {} merge value {transformation:[-0.4178153928142739f,0f,-0.9085319463439103f,-0.03907967931598755f,0f,1f,0f,1.0625f,0.9085319463439103f,0f,-0.4178153928142739f,-0.13417909175635218f,0f,0f,0f,1f],start_interpolation:0}
execute if entity @s[tag=aj.tultaria.bone.right_wing] run data modify entity @s {} merge value {transformation:[-0.9378691977274858f,0f,-0.3469890026412974f,-0.1307910809946743f,0f,1f,0f,1.0625f,0.3469890026412974f,0f,-0.9378691977274858f,-0.04924371160102131f,0f,0f,0f,1f],start_interpolation:0}
execute if entity @s[tag=aj.tultaria.bone.body] run data modify entity @s {} merge value {transformation:[-0.7336912134294942f,0f,-0.6794830412426468f,0.7065871273360704f,0f,1f,0f,0f,0.6794830412426468f,0f,-0.7336912134294942f,0.027104086093423685f,0f,0f,0f,1f],start_interpolation:0}
execute if entity @s[tag=aj.tultaria.bone.left_hand] run data modify entity @s {} merge value {transformation:[-0.5211730344944867f,-0.5941420919213911f,-0.6126776009640648f,0.254642976524995f,-0.8531950913347129f,0.3451332496765892f,0.39107694395096726f,1.0609676012282934f,-0.020899862156468052f,0.7265522793130239f,-0.6867932594215601f,-0.4995803419876948f,0f,0f,0f,1f],start_interpolation:0}
execute if entity @s[tag=aj.tultaria.bone.left_arm] run data modify entity @s {} merge value {transformation:[-0.5211730344944867f,-0.34467959090543066f,-0.7807526162166052f,0.16049495293770186f,-0.8531950913347129f,0.1880181214734118f,0.48652576716959217f,1f,-0.020899862156468052f,0.919698410138277f,-0.3920689099520215f,-0.14863691527182898f,0f,0f,0f,1f],start_interpolation:0}
execute if entity @s[tag=aj.tultaria.bone.rod] run data modify entity @s {} merge value {transformation:[-0.768589037073085f,0.35554708714800504f,-0.5318431732302643f,-0.215123566958126f,0.25913140006762875f,0.9331083289005542f,0.24931859945741253f,0.4316887031818448f,0.584911796418963f,0.05380627618581407f,-0.8093102464771824f,0.4889110376107482f,0f,0f,0f,1f],start_interpolation:0}
execute if entity @s[tag=aj.tultaria.bone.right_hand] run data modify entity @s {} merge value {transformation:[-0.768589037073085f,-0.12466015796541288f,-0.6274796706723703f,-0.3403060850292021f,0.25913140006762875f,0.8361020992994982f,-0.48351235459496017f,0.6847879460947867f,0.584911796418963f,-0.5342219806063865f,-0.6103155461291572f,0.2122883516172087f,0f,0f,0f,1f],start_interpolation:0}
execute if entity @s[tag=aj.tultaria.bone.right_arm] run data modify entity @s {} merge value {transformation:[-0.768589037073085f,0.14343852429971066f,-0.6234551161373121f,-0.16049495293770186f,0.25913140006762875f,0.9608165951097469f,-0.09839912632083216f,1f,0.584911796418963f,-0.237185286871749f,-0.7756425272646593f,0.14863691527182898f,0f,0f,0f,1f],start_interpolation:0}
execute if entity @s[tag=aj.tultaria.bone.skirt] run data modify entity @s {} merge value {transformation:[-0.9992650984769159f,0f,0.038330966149047796f,-0.0023956853843154872f,0f,1f,0f,0.453125f,-0.038330966149047796f,0f,-0.9992650984769159f,0.062454068654807245f,0f,0f,0f,1f],start_interpolation:0}
execute if entity @s[tag=aj.tultaria.bone.left_foot] run data modify entity @s {} merge value {transformation:[-0.9992650984769159f,-0.014668625691787677f,0.035413195086488235f,0.12011676654098352f,0f,0.9238795325112867f,0.3826834323650897f,0f,-0.038330966149047796f,0.38240219772778555f,-0.9232005720356979f,0.12969950807824546f,0f,0f,0f,1f],start_interpolation:0}
execute if entity @s[tag=aj.tultaria.bone.left_leg] run data modify entity @s {} merge value {transformation:[-0.9992650984769159f,0f,0.038330966149047796f,0.12490813730961449f,0f,1f,0f,0.4375f,-0.038330966149047796f,0f,-0.9992650984769159f,0.0047913707686309745f,0f,0f,0f,1f],start_interpolation:0}
execute if entity @s[tag=aj.tultaria.bone.right_foot] run data modify entity @s {} merge value {transformation:[-0.9992650984769159f,-0.01466862569178768f,0.035413195086488235f,-0.1357523104355826f,0f,0.9238795325112867f,0.38268343236508984f,0.08113813357194827f,-0.038330966149047796f,0.38240219772778566f,-0.9232005720356978f,0.27790966224173747f,0f,0f,0f,1f],start_interpolation:0}
execute if entity @s[tag=aj.tultaria.bone.right_leg] run data modify entity @s {} merge value {transformation:[-0.9992650984769159f,0.014668625691787677f,0.035413195086488235f,-0.12490813730961449f,0f,0.9238795325112867f,-0.3826834323650897f,0.4375f,-0.038330966149047796f,-0.38240219772778555f,-0.9232005720356979f,-0.0047913707686309745f,0f,0f,0f,1f],start_interpolation:0}
execute if entity @s[tag=aj.tultaria.bone.lower] run data modify entity @s {} merge value {transformation:[-0.9992650984769159f,0f,0.038330966149047796f,0f,0f,1f,0f,0.5f,-0.038330966149047796f,0f,-0.9992650984769159f,0f,0f,0f,0f,1f],start_interpolation:0}