execute if entity @s[tag=aj.tultaria.bone.head] run data modify entity @s {} merge value {transformation:[-0.9699461908374816f,0.029716205103895083f,-0.24149810358278834f,0f,-0.016325317826473534f,0.9823300011974785f,0.18644369859350735f,1.5042877083333335f,0.2427712315694026f,0.1847828885519036f,-0.952322116313955f,0f,0f,0f,0f,1f],start_interpolation:0}
execute if entity @s[tag=aj.tultaria.bone.bust] run data modify entity @s {} merge value {transformation:[-0.8329688040985437f,0f,-0.553319953913323f,0.6931443790059333f,0f,1f,0f,0.34803770833333336f,0.553319953913323f,0f,-0.8329688040985437f,0.13982442509261034f,0f,0f,0f,1f],start_interpolation:0}
execute if entity @s[tag=aj.tultaria.bone.left_wing] run data modify entity @s {} merge value {transformation:[-0.3049820002547308f,0.06219547708428068f,-0.9503250507857204f,-0.01710444398300648f,-0.3188359204521375f,0.9336146342704921f,0.16342389820773973f,1.4105377083333335f,0.8974016020434005f,0.35283910966081145f,-0.2649055064427772f,-0.1387035976319006f,0f,0f,0f,1f],start_interpolation:0}
execute if entity @s[tag=aj.tultaria.bone.right_wing] run data modify entity @s {} merge value {transformation:[-0.9454552837481252f,0.3011342906725174f,0.12422739397537136f,-0.12122554449532441f,0.3188359204521375f,0.9336146342704921f,0.16342389820773973f,1.4105377083333335f,-0.06676797332696738f,0.19411814355473112f,-0.9787033177018836f,-0.06953860339273527f,0f,0f,0f,1f],start_interpolation:0}
execute if entity @s[tag=aj.tultaria.bone.body] run data modify entity @s {} merge value {transformation:[-0.8329688040985437f,0f,-0.553319953913323f,0.6931443790059333f,0f,1f,0f,0.34803770833333336f,0.553319953913323f,0f,-0.8329688040985437f,0.13982442509261034f,0f,0f,0f,1f],start_interpolation:0}
execute if entity @s[tag=aj.tultaria.bone.left_hand] run data modify entity @s {} merge value {transformation:[-0.6770149863778828f,-0.6470943747260717f,-0.35059888536278816f,0.35805763792931555f,-0.7327554308879016f,0.6371304046354036f,0.23902787702151532f,1.2837586146242674f,0.06870361507257694f,0.41872869221848347f,-0.9055087495927125f,-0.43835352238483605f,0f,0f,0f,1f],start_interpolation:0}
execute if entity @s[tag=aj.tultaria.bone.left_arm] run data modify entity @s {} merge value {transformation:[-0.6770149863778828f,-0.4792423720497081f,-0.5585494222107157f,0.18221192589655644f,-0.7327554308879016f,0.5097750030657601f,0.4507759141231818f,1.3480377083333335f,0.06870361507257694f,0.7144621719037851f,-0.6962927675873746f,-0.1210387399185394f,0f,0f,0f,1f],start_interpolation:0}
execute if entity @s[tag=aj.tultaria.bone.rod] run data modify entity @s {} merge value {transformation:[-0.9571437606222811f,0.2928388177483332f,0.03715596557930051f,-0.16899610030021903f,0.10281006456847505f,0.21252689457598267f,0.9734072771259981f,0.8997995363451021f,0.2767042276182236f,0.9339898625564318f,-0.23314592965899006f,0.6726584168103715f,0f,0f,0f,1f],start_interpolation:0}
execute if entity @s[tag=aj.tultaria.bone.sword] run data modify entity @s {} merge value {transformation:[-0.000009555877455674186f,-0.0000014961217036287572f,-0.000002539060042627748f,-0.21076006129901842f,0.0000010264292770268603f,0.000006386496796926434f,-0.000007626211484224033f,0.867259261503511f,0.0000027625439347456462f,-0.000007548130795818222f,-0.000005949291764388486f,0.6534040614608807f,0f,0f,0f,1f],start_interpolation:0}
execute if entity @s[tag=aj.tultaria.bone.right_hand] run data modify entity @s {} merge value {transformation:[-0.9555877455674185f,-0.14961217036287572f,-0.25390600426277476f,-0.2568389147191443f,0.10264292770268602f,0.6386496796926434f,-0.7626211484224032f,1.043965522677043f,0.2762543934745646f,-0.7548130795818221f,-0.5949291764388486f,0.3152373649123322f,0f,0f,0f,1f],start_interpolation:0}
execute if entity @s[tag=aj.tultaria.bone.right_arm] run data modify entity @s {} merge value {transformation:[-0.9555877455674185f,-0.11725690178619616f,-0.27037544175623773f,-0.18221192589655644f,0.10264292770268602f,0.7275744451112146f,-0.6783066092953315f,1.3480377083333335f,0.2762543934745646f,-0.675933610500773f,-0.6832256320436096f,0.1210387399185394f,0f,0f,0f,1f],start_interpolation:0}
execute if entity @s[tag=aj.tultaria.bone.skirt] run data modify entity @s {} merge value {transformation:[-0.727630060044018f,-0.16712704295845499f,-0.6652992163172159f,0.04142972950412316f,0f,0.9698667001988561f,-0.2436361710530318f,0.7984811112363502f,0.6859697484002767f,-0.17727700177221217f,-0.7057041653003873f,0.043945839648167784f,0f,0f,0f,1f],start_interpolation:0}
execute if entity @s[tag=aj.tultaria.bone.left_foot] run data modify entity @s {} merge value {transformation:[-0.727630060044018f,-0.09786875874370399f,-0.6789522824045189f,0.24536414207845492f,0f,0.9897700066043393f,-0.1426721207049435f,0.3917350345290967f,0.6859697484002767f,-0.10381252375514542f,-0.7201864093352836f,0.07804181679737397f,0f,0f,0f,1f],start_interpolation:0}
execute if entity @s[tag=aj.tultaria.bone.left_leg] run data modify entity @s {} merge value {transformation:[-0.727630060044018f,-0.16712704295845499f,-0.6652992163172159f,0.08908365874447889f,0f,0.9698667001988561f,-0.2436361710530318f,0.7855971944844673f,0.6859697484002767f,-0.17727700177221217f,-0.7057041653003873f,-0.08772989214051725f,0f,0f,0f,1f],start_interpolation:0}
execute if entity @s[tag=aj.tultaria.bone.right_foot] run data modify entity @s {} merge value {transformation:[-0.727630060044018f,-0.09786875874370399f,-0.6789522824045189f,0.15495294690856842f,0f,0.9897700066043394f,-0.1426721207049434f,0.5089005386988539f,0.6859697484002767f,-0.10381252375514544f,-0.7201864093352836f,0.34658732781951834f,0f,0f,0f,1f],start_interpolation:0}
execute if entity @s[tag=aj.tultaria.bone.right_leg] run data modify entity @s {} merge value {transformation:[-0.727630060044018f,-0.40900424196852764f,-0.5506995785109056f,-0.0928238562665256f,0f,0.8028044673911212f,-0.5962423895840165f,0.7855971944844673f,0.6859697484002767f,-0.43384388573380683f,-0.5841446628114074f,0.08376254495955192f,0f,0f,0f,1f],start_interpolation:0}
execute if entity @s[tag=aj.tultaria.bone.lower] run data modify entity @s {} merge value {transformation:[-0.727630060044018f,0.029921580176373745f,-0.6853168571982509f,0f,0f,0.9990482215818578f,0.043619387365336f,0.8480377083333334f,0.6859697484002767f,0.031738777447722716f,-0.7269375174564766f,0f,0f,0f,0f,1f],start_interpolation:0}