execute if entity @s[tag=aj.tultaria.bone.head] run data modify entity @s {} merge value {transformation:[-0.8506269282889242f,0.12083795645865945f,-0.5116952385440428f,0f,0.033549184651602976f,0.983722089965566f,0.17653697041410793f,1.15625f,0.5246982762302181f,0.1330001428295252f,-0.8408345145915239f,0f,0f,0f,0f,1f],start_interpolation:0}
execute if entity @s[tag=aj.tultaria.bone.bust] run data modify entity @s {} merge value {transformation:[-0.7268872744386252f,0f,-0.6867567911999027f,0.706822032819264f,0f,1f,0f,0f,0.6867567911999027f,0f,-0.7268872744386252f,0.02006524161936124f,0f,0f,0f,1f],start_interpolation:0}
execute if entity @s[tag=aj.tultaria.bone.left_wing] run data modify entity @s {} merge value {transformation:[-0.4087458292403464f,0f,-0.9126482603273955f,-0.040414144247573724f,0f,1f,0f,1.0625f,0.9126482603273955f,0f,-0.4087458292403464f,-0.13378320875482208f,0f,0f,0f,1f],start_interpolation:0}
execute if entity @s[tag=aj.tultaria.bone.right_wing] run data modify entity @s {} merge value {transformation:[-0.9343667213531744f,0f,-0.3563128260780395f,-0.13127505355240188f,0f,1f,0f,1.0625f,0.3563128260780395f,0f,-0.9343667213531744f,-0.047938609854834224f,0f,0f,0f,1f],start_interpolation:0}
execute if entity @s[tag=aj.tultaria.bone.body] run data modify entity @s {} merge value {transformation:[-0.7268872744386252f,0f,-0.6867567911999027f,0.706822032819264f,0f,1f,0f,0f,0.6867567911999027f,0f,-0.7268872744386252f,0.02006524161936124f,0f,0f,0f,1f],start_interpolation:0}
execute if entity @s[tag=aj.tultaria.bone.left_hand] run data modify entity @s {} merge value {transformation:[-0.5092293751829774f,-0.5822740903114434f,-0.6337525756971214f,0.2474132336852053f,-0.8600800936936255f,0.31796711301613023f,0.3989475497758467f,1.0692181631097786f,-0.030784344766760202f,0.7482337861872908f,-0.662720548440376f,-0.5011344443902298f,0f,0f,0f,1f],start_interpolation:0}
execute if entity @s[tag=aj.tultaria.bone.left_arm] run data modify entity @s {} merge value {transformation:[-0.5092293751829774f,-0.3345589167545335f,-0.7929412176642022f,0.15900659128344927f,-0.8600800936936255f,0.16487334373466256f,0.48278257317110773f,1f,-0.030784344766760202f,0.9278400248673178f,-0.3717058142826075f,-0.15022804807497872f,0f,0f,0f,1f],start_interpolation:0}
execute if entity @s[tag=aj.tultaria.bone.rod] run data modify entity @s {} merge value {transformation:[-0.8465171873002676f,0.31881239184503485f,-0.4263417765259366f,-0.21665272502627447f,0.25135454879374935f,0.9453201978004131f,0.20782351751252398f,0.43829438444252117f,0.4692862052158942f,0.06876323462894746f,-0.8803647398422032f,0.5468704732939794f,0f,0f,0f,1f],start_interpolation:0}
execute if entity @s[tag=aj.tultaria.bone.right_hand] run data modify entity @s {} merge value {transformation:[-0.8465171873002676f,-0.07603475708468248f,-0.5269035654845363f,-0.31102870461859744f,0.25135454879374935f,0.8153957407804274f,-0.5214889037341337f,0.6788816742684148f,0.4692862052158942f,-0.5738889279575022f,-0.6711348269624029f,0.24777027193961573f,0f,0f,0f,1f],start_interpolation:0}
execute if entity @s[tag=aj.tultaria.bone.right_arm] run data modify entity @s {} merge value {transformation:[-0.8465171873002676f,0.06735511403228389f,-0.5280832701562717f,-0.15900659128344927f,0.25135454879374935f,0.9250026083820629f,-0.2849404591964268f,1f,0.4692862052158942f,-0.3739431281626632f,-0.7999606205895311f,0.15022804807497872f,0f,0f,0f,1f],start_interpolation:0}
execute if entity @s[tag=aj.tultaria.bone.skirt] run data modify entity @s {} merge value {transformation:[-0.999597304997124f,0f,0.02837653683039388f,-0.0017735335518996175f,0f,1f,0f,0.453125f,-0.02837653683039388f,0f,-0.999597304997124f,0.06247483156232025f,0f,0f,0f,1f],start_interpolation:0}
execute if entity @s[tag=aj.tultaria.bone.left_foot] run data modify entity @s {} merge value {transformation:[-0.999597304997124f,-0.010859230512889513f,0.026216501581153608f,0.12140259602084126f,0f,0.9238795325112867f,0.3826834323650897f,0f,-0.02837653683039388f,0.38252932765919284f,-0.9235074908402849f,0.12849673022843974f,0f,0f,0f,1f],start_interpolation:0}
execute if entity @s[tag=aj.tultaria.bone.left_leg] run data modify entity @s {} merge value {transformation:[-0.999597304997124f,0f,0.02837653683039388f,0.1249496631246405f,0f,1f,0f,0.4375f,-0.02837653683039388f,0f,-0.999597304997124f,0.003547067103799235f,0f,0f,0f,1f],start_interpolation:0}
execute if entity @s[tag=aj.tultaria.bone.right_foot] run data modify entity @s {} merge value {transformation:[-0.999597304997124f,-0.01085923051288952f,0.026216501581153608f,-0.13297763917167385f,0f,0.9238795325112867f,0.38268343236508984f,0.08113813357194827f,-0.02837653683039388f,0.382529327659193f,-0.9235074908402849f,0.2792479501021332f,0f,0f,0f,1f],start_interpolation:0}
execute if entity @s[tag=aj.tultaria.bone.right_leg] run data modify entity @s {} merge value {transformation:[-0.999597304997124f,0.010859230512889513f,0.026216501581153608f,-0.1249496631246405f,0f,0.9238795325112867f,-0.3826834323650897f,0.4375f,-0.02837653683039388f,-0.38252932765919284f,-0.9235074908402849f,-0.003547067103799235f,0f,0f,0f,1f],start_interpolation:0}
execute if entity @s[tag=aj.tultaria.bone.lower] run data modify entity @s {} merge value {transformation:[-0.999597304997124f,0f,0.02837653683039388f,0f,0f,1f,0f,0.5f,-0.02837653683039388f,0f,-0.999597304997124f,0f,0f,0f,0f,1f],start_interpolation:0}