execute if entity @s[tag=aj.tultaria.bone.head] run data modify entity @s {} merge value {transformation:[-0.9999977385801181f,-0.00019163099814199953f,0.002118044430733308f,0f,0f,0.9959320551205025f,0.09010738917232172f,1.15625f,-0.0021266957116638195f,0.09010718540168035f,-0.995929802899952f,0f,0f,0f,0f,1f],start_interpolation:0}
execute if entity @s[tag=aj.tultaria.bone.bust] run data modify entity @s {} merge value {transformation:[-0.9998919255381377f,0f,-0.014701606838561032f,0.5072967661883494f,0f,1f,0f,0f,0.014701606838561032f,0f,-0.9998919255381377f,0.4925951593497883f,0f,0f,0f,1f],start_interpolation:0}
execute if entity @s[tag=aj.tultaria.bone.left_wing] run data modify entity @s {} merge value {transformation:[-0.9181536233617223f,0f,-0.3962245877122477f,0.060655544491313496f,0f,1f,0f,1.0625f,0.3962245877122477f,0f,-0.9181536233617223f,-0.12590534111967727f,0f,0f,0f,1f],start_interpolation:0}
execute if entity @s[tag=aj.tultaria.bone.right_wing] run data modify entity @s {} merge value {transformation:[-0.9294057460942476f,0f,0.36905956040589877f,-0.0643309462009537f,0f,1f,0f,1.0625f,-0.36905956040589877f,0f,-0.9294057460942476f,-0.12406764026485723f,0f,0f,0f,1f],start_interpolation:0}
execute if entity @s[tag=aj.tultaria.bone.body] run data modify entity @s {} merge value {transformation:[-0.9998919255381377f,0f,-0.014701606838561032f,0.5072967661883494f,0f,1f,0f,0f,0.014701606838561032f,0f,-0.9998919255381377f,0.4925951593497883f,0f,0f,0f,1f],start_interpolation:0}
execute if entity @s[tag=aj.tultaria.bone.left_hand] run data modify entity @s {} merge value {transformation:[-0.9482717934250744f,-0.05998858103684959f,0.3117402379218611f,0.4154246147008921f,-0.20856079643381686f,0.8580577065498698f,-0.46929667207563863f,0.7266368524902784f,-0.23933867214740961f,-0.5100375891790357f,-0.8261831864902313f,-0.1526300761461927f,0f,0f,0f,1f],start_interpolation:0}
execute if entity @s[tag=aj.tultaria.bone.left_arm] run data modify entity @s {} merge value {transformation:[-0.9482717934250744f,-0.2665802293074509f,0.17238209633479964f,0.21872635871146762f,-0.20856079643381686f,0.9325196235940919f,0.29480424997415683f,1f,-0.23933867214740961f,0.24360240752981088f,-0.9398802408075164f,-0.0032159764959352258f,0f,0f,0f,1f],start_interpolation:0}
execute if entity @s[tag=aj.tultaria.bone.rod] run data modify entity @s {} merge value {transformation:[-1.0628683537271382f,0.28017653487917527f,-0.06462512780942727f,-0.3782398631374658f,-0.07411240142894256f,-0.5060601961780918f,-0.9750768508146165f,1.6530486517216534f,-0.2778176556587465f,-0.9368930687881156f,0.5073590080573999f,0.06770843636924878f,0f,0f,0f,1f],start_interpolation:0}
execute if entity @s[tag=aj.tultaria.bone.right_hand] run data modify entity @s {} merge value {transformation:[-0.9653012809016315f,0.07220475897521383f,-0.2509579842742632f,-0.3825328265560435f,-0.06730917877005514f,-0.9973378448871869f,-0.028048130224359757f,1.2755409436109133f,-0.2523151036758815f,-0.010183120205181195f,0.9675915421911853f,0.18483870906620406f,0f,0f,0f,1f],start_interpolation:0}
execute if entity @s[tag=aj.tultaria.bone.right_arm] run data modify entity @s {} merge value {transformation:[-0.9653012809016315f,0.15618693071358722f,-0.20928229682402466f,-0.21872635871146762f,-0.06730917877005514f,-0.9231550713231813f,-0.37848935089853314f,1f,-0.2523151036758815f,-0.35126963569964503f,0.9016355868600507f,0.0032159764959352258f,0f,0f,0f,1f],start_interpolation:0}
execute if entity @s[tag=aj.tultaria.bone.skirt] run data modify entity @s {} merge value {transformation:[-0.9930314824871325f,0f,0.11784937330935595f,-0.007365585831834747f,0f,1f,0f,0.453125f,-0.11784937330935595f,0f,-0.9930314824871325f,0.06206446765544578f,0f,0f,0f,1f],start_interpolation:0}
execute if entity @s[tag=aj.tultaria.bone.left_foot] run data modify entity @s {} merge value {transformation:[-0.9930314824871325f,-0.04509900268009913f,0.10887862391979589f,0.10939776364722206f,0f,0.9238795325112867f,0.3826834323650897f,0f,-0.11784937330935595f,0.38001669616476935f,-0.9174414618092019f,0.13886010697456105f,0f,0f,0f,1f],start_interpolation:0}
execute if entity @s[tag=aj.tultaria.bone.left_leg] run data modify entity @s {} merge value {transformation:[-0.9930314824871325f,0f,0.11784937330935595f,0.12412893531089156f,0f,1f,0f,0.4375f,-0.11784937330935595f,0f,-0.9930314824871325f,0.014731171663669494f,0f,0f,0f,1f],start_interpolation:0}
execute if entity @s[tag=aj.tultaria.bone.right_foot] run data modify entity @s {} merge value {transformation:[-0.9930314824871325f,-0.04509900268009914f,0.10887862391979589f,-0.1574695769734094f,0f,0.9238795325112867f,0.38268343236508984f,0.08113813357194827f,-0.11784937330935595f,0.38001669616476946f,-0.9174414618092019f,0.26620631563456737f,0f,0f,0f,1f],start_interpolation:0}
execute if entity @s[tag=aj.tultaria.bone.right_leg] run data modify entity @s {} merge value {transformation:[-0.9930314824871325f,0.04509900268009913f,0.10887862391979589f,-0.12412893531089156f,0f,0.9238795325112867f,-0.3826834323650897f,0.4375f,-0.11784937330935595f,-0.38001669616476935f,-0.9174414618092019f,-0.014731171663669494f,0f,0f,0f,1f],start_interpolation:0}
execute if entity @s[tag=aj.tultaria.bone.lower] run data modify entity @s {} merge value {transformation:[-0.9930314824871325f,0f,0.11784937330935595f,0f,0f,1f,0f,0.5f,-0.11784937330935595f,0f,-0.9930314824871325f,0f,0f,0f,0f,1f],start_interpolation:0}