execute if entity @s[tag=aj.tultaria.bone.head] run data modify entity @s {} merge value {transformation:[-0.9466582667194713f,-0.018991082073456494f,0.3216791333819557f,0f,-0.004736090209867876f,0.9989739981788374f,0.04503909870448377f,1.15625f,-0.32220443122528714f,0.041113133719864726f,-0.9457769370916814f,0f,0f,0f,0f,1f],start_interpolation:0}
execute if entity @s[tag=aj.tultaria.bone.bust] run data modify entity @s {} merge value {transformation:[-0.8962006045322358f,0f,0.4436490464726092f,0.2262757790298133f,0f,1f,0f,0f,-0.4436490464726092f,0f,-0.8962006045322358f,0.6699248255024225f,0f,0f,0f,1f],start_interpolation:0}
execute if entity @s[tag=aj.tultaria.bone.left_wing] run data modify entity @s {} merge value {transformation:[-0.9977585354212118f,0f,0.06691715022412792f,0.11146866859234092f,0f,1f,0f,1.0625f,-0.06691715022412792f,0f,-0.9977585354212118f,-0.08429701016199143f,0f,0f,0f,1f],start_interpolation:0}
execute if entity @s[tag=aj.tultaria.bone.right_wing] run data modify entity @s {} merge value {transformation:[-0.6582042556819373f,0f,0.7528393970842567f,-0.0005564069741885447f,0f,1f,0f,1.0625f,-0.7528393970842567f,0f,-0.6582042556819373f,-0.1397531409710676f,0f,0f,0f,1f],start_interpolation:0}
execute if entity @s[tag=aj.tultaria.bone.body] run data modify entity @s {} merge value {transformation:[-0.8962006045322358f,0f,0.4436490464726092f,0.2262757790298133f,0f,1f,0f,0f,-0.4436490464726092f,0f,-0.8962006045322358f,0.6699248255024225f,0f,0f,0f,1f],start_interpolation:0}
execute if entity @s[tag=aj.tultaria.bone.left_hand] run data modify entity @s {} merge value {transformation:[-0.7290425138662714f,0.15710091244162405f,0.666195403981112f,0.4447578117619333f,-0.22598220771365066f,0.8634805239137162f,-0.4509250787199116f,0.7313853592328319f,-0.6460874977682298f,-0.4792918611156498f,-0.5940120008012336f,0.05545804343909456f,0f,0f,0f,1f],start_interpolation:0}
execute if entity @s[tag=aj.tultaria.bone.left_arm] run data modify entity @s {} merge value {transformation:[-0.7290425138662714f,-0.36715775378443377f,0.5776609704762101f,0.19604388224142658f,-0.22598220771365066f,0.925745506809123f,0.30319514907000805f,1f,-0.6460874977682298f,0.09050105225183355f,-0.7578789512639198f,0.09704822891588327f,0f,0f,0f,1f],start_interpolation:0}
execute if entity @s[tag=aj.tultaria.bone.rod] run data modify entity @s {} merge value {transformation:[-0.7263868325860193f,0.22424489437745987f,0.6496740696620825f,-0.19877551188310788f,0.5034307476025744f,0.8171232837764855f,0.2808327286458001f,1.7546566407884474f,-0.46788850361380285f,0.5310590988355013f,-0.7064393687571935f,-0.5245651248833055f,0f,0f,0f,1f],start_interpolation:0}
execute if entity @s[tag=aj.tultaria.bone.right_hand] run data modify entity @s {} merge value {transformation:[-0.7304811370988071f,0.21486341317369198f,-0.6482522826972423f,-0.4573236748174394f,-0.03786214985676678f,-0.9604997564472958f,-0.27569308201859033f,1.2249323688081004f,-0.6818825162379938f,-0.17684437097074052f,0.7097621450210667f,0.03287669923038278f,0f,0f,0f,1f],start_interpolation:0}
execute if entity @s[tag=aj.tultaria.bone.right_arm] run data modify entity @s {} merge value {transformation:[-0.7304811370988071f,0.4124047773841445f,-0.5443524666367998f,-0.19604388224142658f,-0.03786214985676678f,-0.8203103738805686f,-0.5706639537522459f,1f,-0.6818825162379938f,-0.39624889917153855f,0.6148357861691904f,-0.09704822891588327f,0f,0f,0f,1f],start_interpolation:0}
execute if entity @s[tag=aj.tultaria.bone.skirt] run data modify entity @s {} merge value {transformation:[-0.9754695114547145f,0f,0.22013457752543275f,-0.013758411095339547f,0f,1f,0f,0.453125f,-0.22013457752543275f,0f,-0.9754695114547145f,0.060966844465919656f,0f,0f,0f,1f],start_interpolation:0}
execute if entity @s[tag=aj.tultaria.bone.left_foot] run data modify entity @s {} merge value {transformation:[-0.9754695114547145f,-0.08424185570967155f,0.2033778305737664f,0.09441686674116022f,0f,0.9238795325112867f,0.3826834323650897f,0f,-0.22013457752543275f,0.37329602081098734f,-0.9012163162217949f,0.1494505111225184f,0f,0f,0f,1f],start_interpolation:0}
execute if entity @s[tag=aj.tultaria.bone.left_leg] run data modify entity @s {} merge value {transformation:[-0.9754695114547145f,0f,0.22013457752543275f,0.12193368893183931f,0f,1f,0f,0.4375f,-0.22013457752543275f,0f,-0.9754695114547145f,0.027516822190679094f,0f,0f,0f,1f],start_interpolation:0}
execute if entity @s[tag=aj.tultaria.bone.right_foot] run data modify entity @s {} merge value {transformation:[-0.9754695114547145f,-0.08424185570967158f,0.2033778305737664f,-0.18421172962654142f,0f,0.9238795325112867f,0.38268343236508984f,0.08113813357194827f,-0.22013457752543275f,0.3732960208109875f,-0.9012163162217948f,0.24845222644185222f,0f,0f,0f,1f],start_interpolation:0}
execute if entity @s[tag=aj.tultaria.bone.right_leg] run data modify entity @s {} merge value {transformation:[-0.9754695114547145f,0.08424185570967155f,0.2033778305737664f,-0.12193368893183931f,0f,0.9238795325112867f,-0.3826834323650897f,0.4375f,-0.22013457752543275f,-0.37329602081098734f,-0.9012163162217949f,-0.027516822190679094f,0f,0f,0f,1f],start_interpolation:0}
execute if entity @s[tag=aj.tultaria.bone.lower] run data modify entity @s {} merge value {transformation:[-0.9754695114547145f,0f,0.22013457752543275f,0f,0f,1f,0f,0.5f,-0.22013457752543275f,0f,-0.9754695114547145f,0f,0f,0f,0f,1f],start_interpolation:0}