execute if entity @s[tag=aj.tultaria.bone.head] run data modify entity @s {} merge value {transformation:[-0.9709209116540986f,0.03325085542924816f,-0.2370800791420426f,0f,-0.011293843765713456f,0.9828431363328846f,0.18409730703172833f,1.5311311111111112f,0.23913392148703955f,0.18142147055010338f,-0.9538874239750036f,0f,0f,0f,0f,1f],start_interpolation:0}
execute if entity @s[tag=aj.tultaria.bone.bust] run data modify entity @s {} merge value {transformation:[-0.8173329723141274f,0f,-0.5761656119278152f,0.6967492921209713f,0f,1f,0f,0.3748811111111111f,0.5761656119278152f,0f,-0.8173329723141274f,0.12058368019315607f,0f,0f,0f,1f],start_interpolation:0}
execute if entity @s[tag=aj.tultaria.bone.left_wing] run data modify entity @s {} merge value {transformation:[-0.3684276294740405f,0.04051439947791009f,-0.9287732044342598f,-0.02093739072134393f,-0.23657184524682348f,0.9620754465696395f,0.13581088742932834f,1.4373811111111112f,0.8990521919647667f,0.26975807410117125f,-0.34487060991127505f,-0.1381769722847544f,0f,0f,0f,1f],start_interpolation:0}
execute if entity @s[tag=aj.tultaria.bone.right_wing] run data modify entity @s {} merge value {transformation:[-0.9705779299275132f,0.24045295969991887f,-0.012682906180061126f,-0.12310401226060996f,0.23657184524682348f,0.9620754465696395f,0.13581088742932834f,1.4373811111111112f,0.04485804246883768f,0.12881463146466668f,-0.9906535957369185f,-0.06615627079377745f,0f,0f,0f,1f],start_interpolation:0}
execute if entity @s[tag=aj.tultaria.bone.body] run data modify entity @s {} merge value {transformation:[-0.8173329723141274f,0f,-0.5761656119278152f,0.6967492921209713f,0f,1f,0f,0.3748811111111111f,0.5761656119278152f,0f,-0.8173329723141274f,0.12058368019315607f,0f,0f,0f,1f],start_interpolation:0}
execute if entity @s[tag=aj.tultaria.bone.left_hand] run data modify entity @s {} merge value {transformation:[-0.7751579282499989f,-0.5712415476655164f,-0.2698393605311778f,0.33256600803403835f,-0.6054155853323386f,0.7937306409745075f,0.05885268570676566f,1.2412849491549227f,0.18056066932715795f,0.2089850803260917f,-0.9611051351924126f,-0.43303407883878003f,0f,0f,0f,1f],start_interpolation:0}
execute if entity @s[tag=aj.tultaria.bone.left_arm] run data modify entity @s {} merge value {transformation:[-0.7751579282499989f,-0.37466769203607375f,-0.5086789820854909f,0.17879158769371536f,-0.6054155853323386f,0.6706489162128887f,0.42860471324890914f,1.3748811111111112f,0.18056066932715795f,0.6401985252457549f,-0.746688484553826f,-0.12603622760920957f,0f,0f,0f,1f],start_interpolation:0}
execute if entity @s[tag=aj.tultaria.bone.rod] run data modify entity @s {} merge value {transformation:[-0.7006196641561235f,0.24303869892311014f,-0.025065454783879892f,-0.11877747593644142f,0.06533192474724925f,0.2597029792443349f,0.6919899581499986f,0.9883985700569151f,0.2354311487602706f,0.6511916410684178f,-0.2666188680420818f,0.7073493454058937f,0f,0f,0f,1f],start_interpolation:0}
execute if entity @s[tag=aj.tultaria.bone.sword] run data modify entity @s {} merge value {transformation:[-0.000009442313533101393f,-0.000002261972344198959f,-0.000002392947190534999f,-0.15950164568301609f,8.804841610141407e-7f,0.000005268131913526816f,-0.00000845408385242798f,0.9515215650018283f,0.000003172926533157285f,-0.000008193306246916406f,-0.0000047751722439538385f,0.6948811209284764f,0f,0f,0f,1f],start_interpolation:0}
execute if entity @s[tag=aj.tultaria.bone.right_hand] run data modify entity @s {} merge value {transformation:[-0.9442313533101393f,-0.22619723441989587f,-0.2392947190534999f,-0.23351327872558986f,0.08804841610141406f,0.5268131913526816f,-0.845408385242798f,1.080277468658821f,0.3172926533157285f,-0.8193306246916405f,-0.4775172243953838f,0.3404107080971054f,0f,0f,0f,1f],start_interpolation:0}
execute if entity @s[tag=aj.tultaria.bone.right_arm] run data modify entity @s {} merge value {transformation:[-0.9442313533101393f,-0.17448681755065257f,-0.2792516820489145f,-0.17879158769371536f,0.08804841610141406f,0.6833897969785416f,-0.7247246800045242f,1.3748811111111112f,0.3172926533157285f,-0.7088954336759922f,-0.6299147849234783f,0.12603622760920957f,0f,0f,0f,1f],start_interpolation:0}
execute if entity @s[tag=aj.tultaria.bone.skirt] run data modify entity @s {} merge value {transformation:[-0.7565822769772236f,-0.1036446986221905f,-0.6456322750695438f,0.03949275948937789f,0f,0.9873585390151004f,-0.15850273005209276f,0.825324514014128f,0.6538985075407037f,-0.11992035640991854f,-0.7470179716409494f,0.04569443354590842f,0f,0f,0f,1f],start_interpolation:0}
execute if entity @s[tag=aj.tultaria.bone.left_foot] run data modify entity @s {} merge value {transformation:[-0.7565822769772236f,0.020083161495199592f,-0.6535900280667671f,0.2188387088844272f,0f,0.9995282456369312f,0.03071296426525255f,0.40028407769965024f,0.6538985075407037f,0.023236884436524843f,-0.7562253559870389f,0.06204248547854398f,0f,0f,0f,1f],start_interpolation:0}
execute if entity @s[tag=aj.tultaria.bone.left_leg] run data modify entity @s {} merge value {transformation:[-0.7565822769772236f,-0.1036446986221905f,-0.6456322750695438f,0.09279011885352588f,0f,0.9873585390151004f,-0.15850273005209276f,0.812440597262245f,0.6538985075407037f,-0.11992035640991854f,-0.7470179716409494f,-0.08379991690591405f,0f,0f,0f,1f],start_interpolation:0}
execute if entity @s[tag=aj.tultaria.bone.right_foot] run data modify entity @s {} merge value {transformation:[-0.7565822769772236f,0.020083161495199675f,-0.6535900280667671f,0.12323471250659425f,0f,0.9995282456369312f,0.030712964265252662f,0.5054255053222486f,0.6538985075407037f,0.02323688443652494f,-0.7562253559870391f,0.3337478169382239f,0f,0f,0f,1f],start_interpolation:0}
execute if entity @s[tag=aj.tultaria.bone.right_leg] run data modify entity @s {} merge value {transformation:[-0.7565822769772236f,-0.3428279907796373f,-0.5568233354502634f,-0.09635545039078001f,0f,0.8515439766707259f,-0.5242831828275691f,0.812440597262245f,0.6538985075407037f,-0.3966633642445483f,-0.6442630808157775f,0.07967470997926186f,0f,0f,0f,1f],start_interpolation:0}
execute if entity @s[tag=aj.tultaria.bone.lower] run data modify entity @s {} merge value {transformation:[-0.7565822769772236f,0.028522652298033038f,-0.653276141053571f,0f,0f,0.9990482215818578f,0.043619387365336f,0.8748811111111111f,0.6538985075407037f,0.03300165541321745f,-0.7558621782944478f,0f,0f,0f,0f,1f],start_interpolation:0}