execute if entity @s[tag=aj.tultaria.bone.head] run data modify entity @s {} merge value {transformation:[-0.9765566641625294f,-0.036622300702744554f,0.21212234387492185f,0f,-0.016200546384420825f,0.9951307352736504f,0.09722325858852043f,1.48744576f,-0.21465000343955054f,0.09150752321509877f,-0.9723948525256799f,0f,0f,0f,0f,1f],start_interpolation:0}
execute if entity @s[tag=aj.tultaria.bone.bust] run data modify entity @s {} merge value {transformation:[-0.9963750516203882f,0f,0.0850691278224282f,0.45565296189897997f,0f,1f,0f,0.33119575999999995f,-0.0850691278224282f,0f,-0.9963750516203882f,0.5407220897214082f,0f,0f,0f,1f],start_interpolation:0}
execute if entity @s[tag=aj.tultaria.bone.left_wing] run data modify entity @s {} merge value {transformation:[-0.7515677181598055f,-0.1788135026196619f,-0.634958027196248f,0.07290708170407778f,-0.3630623204304768f,0.915781884265205f,0.1718408913364584f,1.39369576f,0.5507555869019405f,0.3596794013181167f,-0.7531925462746828f,-0.11923006096364674f,0f,0f,0f,1f],start_interpolation:0}
execute if entity @s[tag=aj.tultaria.bone.right_wing] run data modify entity @s {} merge value {transformation:[-0.6473249724849897f,0.11525204666532231f,0.7534502941380816f,-0.05163979974847077f,0.3630623204304768f,0.915781884265205f,0.1718408913364584f,1.39369576f,-0.6701911156386251f,0.3847863123749662f,-0.6346521585308994f,-0.12986370194145025f,0f,0f,0f,1f],start_interpolation:0}
execute if entity @s[tag=aj.tultaria.bone.body] run data modify entity @s {} merge value {transformation:[-0.9963750516203882f,0f,0.0850691278224282f,0.45565296189897997f,0f,1f,0f,0.33119575999999995f,-0.0850691278224282f,0f,-0.9963750516203882f,0.5407220897214082f,0f,0f,0f,1f],start_interpolation:0}
execute if entity @s[tag=aj.tultaria.bone.left_hand] run data modify entity @s {} merge value {transformation:[-0.24630771457430617f,-0.8595547612881751f,0.4477701665899705f,0.586375432959905f,-0.8934712525684424f,0.38040161798246197f,0.23875453895183557f,1.3343173401041528f,-0.3755550965903147f,-0.3412626867724523f,-0.861683322364943f,0.01918579415297201f,0f,0f,0f,1f],start_interpolation:0}
execute if entity @s[tag=aj.tultaria.bone.left_arm] run data modify entity @s {} merge value {transformation:[-0.24630771457430617f,-0.9355244428418608f,0.2532321594636189f,0.2179570425419599f,-0.8934712525684424f,0.3204216022937386f,0.31470481028622954f,1.33119576f,-0.3755550965903147f,-0.1487414321194293f,-0.9147865083155198f,0.018608871711156168f,0f,0f,0f,1f],start_interpolation:0}
execute if entity @s[tag=aj.tultaria.bone.rod] run data modify entity @s {} merge value {transformation:[-0.988399390846732f,0.37353898814655206f,0.19085881298032542f,-0.5212500248541228f,-0.41089791646650314f,-0.7638856776692458f,-0.6328770746987792f,1.8520088418686087f,-0.08438817690467984f,-0.6556211663531367f,0.8461272598211556f,-0.19503656323121593f,0f,0f,0f,1f],start_interpolation:0}
execute if entity @s[tag=aj.tultaria.bone.sword] run data modify entity @s {} merge value {transformation:[-0.000009205305168969534f,0.0000029735438865152753f,-0.0000025338495419243787f,-0.5618940232349231f,-0.000003826834323650898f,-0.000008168070209353007f,0.0000043171713093653515f,1.8602867251198498f,-7.859362604372787e-7f,0.000004943750176743117f,0.000008656883872646226f,-0.15691347089205318f,0f,0f,0f,1f],start_interpolation:0}
execute if entity @s[tag=aj.tultaria.bone.right_hand] run data modify entity @s {} merge value {transformation:[-0.9205305168969534f,0.2973543886515275f,-0.25338495419243784f,-0.4414152483838547f,-0.3826834323650898f,-0.8168070209353007f,0.43171713093653513f,1.599670850384938f,-0.07859362604372787f,0.4943750176743117f,0.8656883872646225f,0.09856511680472882f,0f,0f,0f,1f],start_interpolation:0}
execute if entity @s[tag=aj.tultaria.bone.right_arm] run data modify entity @s {} merge value {transformation:[-0.9205305168969534f,0.3889140943928737f,-0.03700533264272089f,-0.2179570425419599f,-0.3826834323650898f,-0.9167119144630287f,-0.1148592898933429f,1.33119576f,-0.07859362604372787f,-0.09157015378440764f,0.992692273003673f,-0.018608871711156168f,0f,0f,0f,1f],start_interpolation:0}
execute if entity @s[tag=aj.tultaria.bone.skirt] run data modify entity @s {} merge value {transformation:[-0.9659258262890683f,-0.07664947931496248f,-0.24720872846347022f,0.01563159753636237f,0f,0.95514118122779f,-0.29615084656772805f,0.7816391629030168f,0.25881904510252063f,-0.28605975117713983f,-0.9225955347001698f,0.0583379162091729f,0f,0f,0f,1f],start_interpolation:0}
execute if entity @s[tag=aj.tultaria.bone.left_foot] run data modify entity @s {} merge value {transformation:[-0.9659258262890683f,-0.06459806879480363f,-0.2506279864974429f,0.18447037103274758f,0f,0.9683521797948325f,-0.24958777190919523f,0.38789983518494175f,0.25881904510252063f,-0.24108327481303693f,-0.935356379407144f,0.205489884040762f,0f,0f,0f,1f],start_interpolation:0}
execute if entity @s[tag=aj.tultaria.bone.left_leg] run data modify entity @s {} merge value {transformation:[-0.9659258262890683f,-0.07664947931496248f,-0.24720872846347022f,0.12003513277451772f,0f,0.95514118122779f,-0.29615084656772805f,0.7687552461511339f,0.25881904510252063f,-0.28605975117713983f,-0.9225955347001698f,-0.034985698936757896f,0f,0f,0f,1f],start_interpolation:0}
execute if entity @s[tag=aj.tultaria.bone.right_foot] run data modify entity @s {} merge value {transformation:[-0.9659258262890683f,-0.06459806879480365f,-0.2506279864974429f,-0.024193812163071454f,0f,0.9683521797948323f,-0.24958777190919534f,0.5121630751437662f,0.25881904510252063f,-0.2410832748130371f,-0.9353563794071439f,0.39267037692317386f,0f,0f,0f,1f],start_interpolation:0}
execute if entity @s[tag=aj.tultaria.bone.right_leg] run data modify entity @s {} merge value {transformation:[-0.9659258262890683f,-0.16541756983575132f,-0.19905859865229367f,-0.12144632379774936f,0f,0.7691033655326436f,-0.6391244113053114f,0.7687552461511339f,0.25881904510252063f,-0.6173467750915973f,-0.7428968038538221f,0.029719062338872258f,0f,0f,0f,1f],start_interpolation:0}
execute if entity @s[tag=aj.tultaria.bone.lower] run data modify entity @s {} merge value {transformation:[-0.9659258262890683f,0.011289528185853217f,-0.2585727067211879f,0f,0f,0.9990482215818578f,0.043619387365336f,0.83119576f,0.25881904510252063f,0.04213309278308512f,-0.9650064789340802f,0f,0f,0f,0f,1f],start_interpolation:0}