execute if entity @s[tag=aj.tultaria.bone.head] run data modify entity @s {} merge value {transformation:[-0.9826529197566861f,0.030440126467306317f,-0.18293889142091807f,0f,-0.002112764006742679f,0.9845358344262173f,0.17517056533254632f,1.5817866666666667f,0.18544210827617302f,0.17251837418468347f,-0.9673926995004468f,0f,0f,0f,0f,1f],start_interpolation:0}
execute if entity @s[tag=aj.tultaria.bone.bust] run data modify entity @s {} merge value {transformation:[-0.820115507074943f,0f,-0.5721980033652767f,0.6961567552201098f,0f,1f,0f,0.4255366666666667f,0.5721980033652767f,0f,-0.820115507074943f,0.12395875185483313f,0f,0f,0f,1f],start_interpolation:0}
execute if entity @s[tag=aj.tultaria.bone.left_wing] run data modify entity @s {} merge value {transformation:[-0.5121068249222236f,0.0035412926163460798f,-0.8589144655404777f,-0.020267531228475688f,-0.048963412566211575f,0.9982450076278301f,0.033308992419231784f,1.4880366666666667f,0.8575250340940199f,0.05911314568451674f,-0.5110346875793572f,-0.13827681359469762f,0f,0f,0f,1f],start_interpolation:0}
execute if entity @s[tag=aj.tultaria.bone.right_wing] run data modify entity @s {} merge value {transformation:[-0.9815873622391817f,0.05425748971710259f,-0.1831457755503087f,-0.1227819696128436f,0.048963412566211575f,0.9982450076278301f,0.033308992419231784f,1.4880366666666667f,0.18463161842489634f,0.023728243839610075f,-0.9825213157596591f,-0.06675206317403809f,0f,0f,0f,1f],start_interpolation:0}
execute if entity @s[tag=aj.tultaria.bone.body] run data modify entity @s {} merge value {transformation:[-0.820115507074943f,0f,-0.5721980033652767f,0.6961567552201098f,0f,1f,0f,0.4255366666666667f,0.5721980033652767f,0f,-0.820115507074943f,0.12395875185483313f,0f,0f,0f,1f],start_interpolation:0}
execute if entity @s[tag=aj.tultaria.bone.left_hand] run data modify entity @s {} merge value {transformation:[-0.8961087973513975f,-0.40233546551463634f,-0.18739049201747934f,0.28528137210015136f,-0.3272516297785474f,0.8841638641068991f,-0.3334076067141257f,1.185274514012563f,0.2998256061725163f,-0.2374456455626789f,-0.9239719537337729f,-0.3836358684947327f,0f,0f,0f,1f],start_interpolation:0}
execute if entity @s[tag=aj.tultaria.bone.left_arm] run data modify entity @s {} merge value {transformation:[-0.8961087973513975f,-0.1748780257780149f,-0.4079297726440375f,0.17940026717264376f,-0.3272516297785474f,0.8812232549647537f,0.34110401011511016f,1.4255366666666667f,0.2998256061725163f,0.43916198720894384f,-0.8469010301528594f,-0.1251683132361543f,0f,0f,0f,1f],start_interpolation:0}
execute if entity @s[tag=aj.tultaria.bone.rod] run data modify entity @s {} merge value {transformation:[-0.11600772740051322f,0.09639043310830851f,-0.018843874032719338f,-0.15028263992614022f,0.030019615864318235f,0.06256677879522485f,0.13523394860222138f,0.916414451348203f,0.09351486430898065f,0.0994901130584451f,-0.06678837890599552f,0.477107262612917f,0f,0f,0f,1f],start_interpolation:0}
execute if entity @s[tag=aj.tultaria.bone.sword] run data modify entity @s {} merge value {transformation:[-0.00000763208732898112f,-0.0000031976483222091602f,-0.000005614827531659257f,-0.2004524168838589f,0.00000197497472791567f,0.000007119355782665465f,-0.000006739009427499137f,0.8909971406815372f,0.000006152293704538192f,-0.0000062521850938132635f,-0.000004802027043426454f,0.4738236786735373f,0f,0f,0f,1f],start_interpolation:0}
execute if entity @s[tag=aj.tultaria.bone.right_hand] run data modify entity @s {} merge value {transformation:[-0.7632087328981121f,-0.319764832220916f,-0.5614827531659257f,-0.34037979615472436f,0.197497472791567f,0.7119355782665465f,-0.6739009427499136f,1.0991526753544187f,0.6152293704538191f,-0.6252185093813263f,-0.48020270434264534f,0.1826249835520889f,0f,0f,0f,1f],start_interpolation:0}
execute if entity @s[tag=aj.tultaria.bone.right_arm] run data modify entity @s {} merge value {transformation:[-0.7632087328981121f,0.08548187543402974f,-0.6404726996526389f,-0.17940026717264376f,0.197497472791567f,0.9746355393035608f,-0.10526306934248744f,1.4255366666666667f,0.6152293704538191f,-0.20682943334723447f,-0.7607328093570432f,0.1251683132361543f,0f,0f,0f,1f],start_interpolation:0}
execute if entity @s[tag=aj.tultaria.bone.skirt] run data modify entity @s {} merge value {transformation:[-0.8085559017768235f,0.0028755480578945246f,-0.5884123426010324f,0.03553809092244638f,0f,0.999988059020909f,0.004886902454024504f,0.8759800695696836f,0.5884193689044132f,0.003951333820609158f,-0.8085462468277065f,0.048833425056565745f,0f,0f,0f,1f],start_interpolation:0}
execute if entity @s[tag=aj.tultaria.bone.left_foot] run data modify entity @s {} merge value {transformation:[-0.8085559017768235f,0.20664586244577204f,-0.5509399615529f,0.17175882249780888f,0f,0.9363049394154095f,0.3511880698803798f,0.42499051418939987f,0.5884193689044132f,0.2839551865353926f,-0.7570548846271205f,0.023582856626011922f,0f,0f,0f,1f],start_interpolation:0}
execute if entity @s[tag=aj.tultaria.bone.left_leg] run data modify entity @s {} merge value {transformation:[-0.8085559017768235f,0.0028755480578945246f,-0.5884123426010324f,0.09946533194800868f,0f,0.999988059020909f,0.004886902454024504f,0.8630961528178006f,0.5884193689044132f,0.003951333820609158f,-0.8085462468277065f,-0.07575671568093488f,0f,0f,0f,1f],start_interpolation:0}
execute if entity @s[tag=aj.tultaria.bone.right_foot] run data modify entity @s {} merge value {transformation:[-0.8085559017768235f,0.20664586244577213f,-0.5509399615529f,0.062768734855891f,0f,0.9363049394154095f,0.3511880698803801f,0.5053559932904397f,0.5884193689044132f,0.2839551865353928f,-0.7570548846271205f,0.2986849860874407f,0f,0f,0f,1f],start_interpolation:0}
execute if entity @s[tag=aj.tultaria.bone.right_leg] run data modify entity @s {} merge value {transformation:[-0.8085559017768235f,-0.22251899491710486f,-0.5447225446068387f,-0.10267364349619719f,0f,0.9257386370898459f,-0.378163953595573f,0.8630961528178006f,0.5884193689044132f,-0.3057666965189573f,-0.7485114385218279f,0.07134812654516841f,0f,0f,0f,1f],start_interpolation:0}
execute if entity @s[tag=aj.tultaria.bone.lower] run data modify entity @s {} merge value {transformation:[-0.8085559017768235f,0.025666492385508142f,-0.5878593240482731f,0f,0f,0.9990482215818578f,0.043619387365336f,0.9255366666666667f,0.5884193689044132f,0.03526871308613183f,-0.8077863357196507f,0f,0f,0f,0f,1f],start_interpolation:0}