execute if entity @s[tag=aj.tultaria.bone.head] run data modify entity @s {} merge value {transformation:[-0.6634815058534572f,0.08113233903995956f,-0.7437807707599963f,0f,0.006520940486502022f,0.9946925383800472f,0.10268510810351085f,1.15625f,0.7481642658705376f,0.06327952001211189f,-0.6604891623800019f,0f,0f,0f,0f,1f],start_interpolation:0}
execute if entity @s[tag=aj.tultaria.bone.bust] run data modify entity @s {} merge value {transformation:[-0.7272955634219785f,0f,-0.6863243864432524f,0.7068099749326155f,0f,1f,0f,0f,0.6863243864432524f,0f,-0.7272955634219785f,0.02048558848936305f,0f,0f,0f,1f],start_interpolation:0}
execute if entity @s[tag=aj.tultaria.bone.left_wing] run data modify entity @s {} merge value {transformation:[-0.40928851321186227f,0f,-0.9124050158525123f,-0.04033457559153286f,0f,1f,0f,1.0625f,0.9124050158525123f,0f,-0.40928851321186227f,-0.1338072195804506f,0f,0f,0f,1f],start_interpolation:0}
execute if entity @s[tag=aj.tultaria.bone.right_wing] run data modify entity @s {} merge value {transformation:[-0.9345784570517985f,0f,-0.35575709074406325f,-0.13124652101928014f,0f,1f,0f,1.0625f,0.35575709074406325f,0f,-0.9345784570517985f,-0.048016671275044054f,0f,0f,0f,1f],start_interpolation:0}
execute if entity @s[tag=aj.tultaria.bone.body] run data modify entity @s {} merge value {transformation:[-0.7272955634219785f,0f,-0.6863243864432524f,0.7068099749326155f,0f,1f,0f,0f,0.6863243864432524f,0f,-0.7272955634219785f,0.02048558848936305f,0f,0f,0f,1f],start_interpolation:0}
execute if entity @s[tag=aj.tultaria.bone.left_hand] run data modify entity @s {} merge value {transformation:[-0.5393547756275006f,-0.593002902974698f,-0.597866191610957f,0.25302903586045256f,-0.8420542323559891f,0.38521477466398496f,0.37756356703466687f,1.0484816104577273f,0.006410598971590187f,0.7070764700116645f,-0.7071080326065242f,-0.5030757887895031f,0f,0f,0f,1f],start_interpolation:0}
execute if entity @s[tag=aj.tultaria.bone.left_arm] run data modify entity @s {} merge value {transformation:[-0.5393547756275006f,-0.3366676161252738f,-0.771849300226627f,0.15909590449855782f,-0.8420542323559891f,0.22260864039153072f,0.4913146272953821f,1f,0.006410598971590187f,0.9149318605642496f,-0.40355742434660524f,-0.15013345953446147f,0f,0f,0f,1f],start_interpolation:0}
execute if entity @s[tag=aj.tultaria.bone.rod] run data modify entity @s {} merge value {transformation:[-0.6984524327000339f,0.371456632156778f,-0.6117059503406427f,-0.207250620660765f,0.2597561878331211f,0.9280410852534979f,0.26695779996829855f,0.4356556592583397f,0.6668514993143595f,0.027562919080785342f,-0.7446807123552596f,0.4601097528161122f,0f,0f,0f,1f],start_interpolation:0}
execute if entity @s[tag=aj.tultaria.bone.right_hand] run data modify entity @s {} merge value {transformation:[-0.6984524327000339f,-0.16988192206325528f,-0.6952009290928046f,-0.35785645757108625f,0.2597561878331211f,0.8449918152506971f,-0.4674564739542455f,0.6940955307330705f,0.6668514993143595f,-0.5070788545339135f,-0.5460587085165522f,0.20169784380132558f,0f,0f,0f,1f],start_interpolation:0}
execute if entity @s[tag=aj.tultaria.bone.right_arm] run data modify entity @s {} merge value {transformation:[-0.6984524327000339f,0.200351002335431f,-0.6870397915103555f,-0.15909590449855782f,0.2597561878331211f,0.9655158745123493f,0.017487679864912117f,1f,0.6668514993143595f,-0.166248524588465f,-0.7264093239588473f,0.15013345953446147f,0f,0f,0f,1f],start_interpolation:0}
execute if entity @s[tag=aj.tultaria.bone.skirt] run data modify entity @s {} merge value {transformation:[-0.9995802525702921f,0f,0.028970997074851474f,-0.0018106873171782171f,0f,1f,0f,0.453125f,-0.028970997074851474f,0f,-0.9995802525702921f,0.06247376578564326f,0f,0f,0f,1f],start_interpolation:0}
execute if entity @s[tag=aj.tultaria.bone.left_foot] run data modify entity @s {} merge value {transformation:[-0.9995802525702921f,-0.011086720599643137f,0.026765711233899637f,0.12132615693693008f,0f,0.9238795325112867f,0.3826834323650897f,0f,-0.028970997074851474f,0.3825228019779627f,-0.9234917364521554f,0.12856890620564296f,0f,0f,0f,1f],start_interpolation:0}
execute if entity @s[tag=aj.tultaria.bone.left_leg] run data modify entity @s {} merge value {transformation:[-0.9995802525702921f,0f,0.028970997074851474f,0.12494753157128652f,0f,1f,0f,0.4375f,-0.028970997074851474f,0f,-0.9995802525702921f,0.0036213746343564343f,0f,0f,0f,1f],start_interpolation:0}
execute if entity @s[tag=aj.tultaria.bone.right_foot] run data modify entity @s {} merge value {transformation:[-0.9995802525702921f,-0.01108672059964314f,0.026765711233899633f,-0.13314368573786783f,0f,0.9238795325112867f,0.38268343236508984f,0.08113813357194827f,-0.028970997074851474f,0.38252280197796285f,-0.9234917364521553f,0.2791688182875217f,0f,0f,0f,1f],start_interpolation:0}
execute if entity @s[tag=aj.tultaria.bone.right_leg] run data modify entity @s {} merge value {transformation:[-0.9995802525702921f,0.011086720599643137f,0.026765711233899637f,-0.12494753157128652f,0f,0.9238795325112867f,-0.3826834323650897f,0.4375f,-0.028970997074851474f,-0.3825228019779627f,-0.9234917364521554f,-0.0036213746343564343f,0f,0f,0f,1f],start_interpolation:0}
execute if entity @s[tag=aj.tultaria.bone.lower] run data modify entity @s {} merge value {transformation:[-0.9995802525702921f,0f,0.028970997074851474f,0f,0f,1f,0f,0.5f,-0.028970997074851474f,0f,-0.9995802525702921f,0f,0f,0f,0f,1f],start_interpolation:0}