execute if entity @s[tag=aj.tultaria.bone.head] run data modify entity @s {} merge value {transformation:[-0.9485940630667803f,-0.033298991515670166f,0.3147387498839259f,0f,-0.0031721028480295056f,0.9954001914029986f,0.09575174524986578f,1.15625f,-0.31647944842908626f,0.08983115338741342f,-0.9443363397662445f,0f,0f,0f,0f,1f],start_interpolation:0}
execute if entity @s[tag=aj.tultaria.bone.bust] run data modify entity @s {} merge value {transformation:[-0.9731628099040942f,0f,0.23011767732959537f,0.37152256628724944f,0f,1f,0f,0f,-0.23011767732959537f,0f,-0.9731628099040942f,0.6016402436168448f,0f,0f,0f,1f],start_interpolation:0}
execute if entity @s[tag=aj.tultaria.bone.left_wing] run data modify entity @s {} merge value {transformation:[-0.9871474244799364f,0f,-0.15981227219030442f,0.08958738528520538f,0f,1f,0f,1.0625f,0.15981227219030442f,0f,-0.9871474244799364f,-0.10726299640491199f,0f,0f,0f,1f],start_interpolation:0}
execute if entity @s[tag=aj.tultaria.bone.right_wing] run data modify entity @s {} merge value {transformation:[-0.811022979263193f,0f,0.5850142964980038f,-0.03205796595280641f,0f,1f,0f,1.0625f,-0.5850142964980038f,0f,-0.811022979263193f,-0.13602770607111148f,0f,0f,0f,1f],start_interpolation:0}
execute if entity @s[tag=aj.tultaria.bone.body] run data modify entity @s {} merge value {transformation:[-0.9731628099040942f,0f,0.23011767732959537f,0.37152256628724944f,0f,1f,0f,0f,-0.23011767732959537f,0f,-0.9731628099040942f,0.6016402436168448f,0f,0f,0f,1f],start_interpolation:0}
execute if entity @s[tag=aj.tultaria.bone.left_hand] run data modify entity @s {} merge value {transformation:[-0.8523245867482256f,0.030113812879192348f,0.5221455324891169f,0.44962731165817266f,-0.2378261164130664f,0.8668399836660653f,-0.43820906091692613f,0.7346989737977673f,-0.4658127705165939f,-0.49767620094966625f,-0.7316671796875696f,-0.046139540973685486f,0f,0f,0f,1f],start_interpolation:0}
execute if entity @s[tag=aj.tultaria.bone.left_arm] run data modify entity @s {} merge value {transformation:[-0.8523245867482256f,-0.3503657053513539f,0.38831259487443187f,0.2128793646665206f,-0.2378261164130664f,0.9208864692621658f,0.30887999139105926f,1f,-0.4658127705165939f,0.17091513462391356f,-0.8682202943839452f,0.050338241915848986f,0f,0f,0f,1f],start_interpolation:0}
execute if entity @s[tag=aj.tultaria.bone.rod] run data modify entity @s {} merge value {transformation:[-0.6720876961998244f,-0.3409271671045586f,0.6573178799841615f,-0.1703183179944227f,0.7287470010335261f,-0.4618862362785932f,0.5055580216167452f,2.2431803431638064f,0.13124761750772618f,0.8187977598079121f,0.5588777070451901f,0.2227678085224466f,0f,0f,0f,1f],start_interpolation:0}
execute if entity @s[tag=aj.tultaria.bone.right_hand] run data modify entity @s {} merge value {transformation:[-0.9184447939613773f,0.19338909029979157f,-0.345050460365237f,-0.4310840781018326f,-0.01167422488097293f,-0.8852055408930033f,-0.46505361287248836f,1.1320772855637944f,-0.3953768745370313f,-0.42309787298607965f,0.8152700883486306f,0.21552729021028685f,0f,0f,0f,1f],start_interpolation:0}
execute if entity @s[tag=aj.tultaria.bone.right_arm] run data modify entity @s {} merge value {transformation:[-0.9184447939613773f,0.32141687703520916f,-0.2305436002195164f,-0.2128793646665206f,-0.01167422488097293f,-0.6046170880140824f,-0.7964307184901899f,1f,-0.3953768745370313f,-0.7287862293144024f,0.559059709729671f,-0.050338241915848986f,0f,0f,0f,1f],start_interpolation:0}
execute if entity @s[tag=aj.tultaria.bone.skirt] run data modify entity @s {} merge value {transformation:[-0.9951864372424436f,0f,0.09799977106448679f,-0.006124985691530424f,0f,1f,0f,0.453125f,-0.09799977106448679f,0f,-0.9951864372424436f,0.062199152327652725f,0f,0f,0f,1f],start_interpolation:0}
execute if entity @s[tag=aj.tultaria.bone.left_foot] run data modify entity @s {} merge value {transformation:[-0.9951864372424436f,-0.037502888761950806f,0.09053998267727117f,0.1121483332722446f,0f,0.9238795325112867f,0.3826834323650897f,0f,-0.09799977106448679f,0.3808413616471233f,-0.9194323804011217f,0.1366482760383663f,0f,0f,0f,1f],start_interpolation:0}
execute if entity @s[tag=aj.tultaria.bone.left_leg] run data modify entity @s {} merge value {transformation:[-0.9951864372424436f,0f,0.09799977106448679f,0.12439830465530545f,0f,1f,0f,0.4375f,-0.09799977106448679f,0f,-0.9951864372424436f,0.012249971383060849f,0f,0f,0f,1f],start_interpolation:0}
execute if entity @s[tag=aj.tultaria.bone.right_foot] run data modify entity @s {} merge value {transformation:[-0.9951864372424436f,-0.03750288876195082f,0.09053998267727117f,-0.15212331632331783f,0f,0.9238795325112867f,0.38268343236508984f,0.08113813357194827f,-0.09799977106448679f,0.38084136164712334f,-0.9194323804011217f,0.26929717188769586f,0f,0f,0f,1f],start_interpolation:0}
execute if entity @s[tag=aj.tultaria.bone.right_leg] run data modify entity @s {} merge value {transformation:[-0.9951864372424436f,0.037502888761950806f,0.09053998267727117f,-0.12439830465530545f,0f,0.9238795325112867f,-0.3826834323650897f,0.4375f,-0.09799977106448679f,-0.3808413616471233f,-0.9194323804011217f,-0.012249971383060849f,0f,0f,0f,1f],start_interpolation:0}
execute if entity @s[tag=aj.tultaria.bone.lower] run data modify entity @s {} merge value {transformation:[-0.9951864372424436f,0f,0.09799977106448679f,0f,0f,1f,0f,0.5f,-0.09799977106448679f,0f,-0.9951864372424436f,0f,0f,0f,0f,1f],start_interpolation:0}