execute if entity @s[tag=aj.tultaria.bone.head] run data modify entity @s {} merge value {transformation:[-0.9687017297886535f,0f,0.24822763485250876f,0f,0f,1f,0f,1.15625f,-0.24822763485250876f,0f,-0.9687017297886535f,0f,0f,0f,0f,1f],start_interpolation:0}
execute if entity @s[tag=aj.tultaria.bone.bust] run data modify entity @s {} merge value {transformation:[-0.81545940835254f,0f,0.5788142649670318f,0.11832257169275412f,0f,1f,0f,0f,-0.5788142649670318f,0f,-0.81545940835254f,0.6971368366597859f,0f,0f,0f,1f],start_interpolation:0}
execute if entity @s[tag=aj.tultaria.bone.left_wing] run data modify entity @s {} merge value {transformation:[-0.9748888865901354f,0f,0.2226918471858501f,0.12331799614291272f,0f,1f,0f,1.0625f,-0.2226918471858501f,0f,-0.9748888865901354f,-0.06575653448362817f,0f,0f,0f,1f],start_interpolation:0}
execute if entity @s[tag=aj.tultaria.bone.right_wing] run data modify entity @s {} merge value {transformation:[-0.531883627351215f,0f,0.8468174578713608f,0.02138557009884523f,0f,1f,0f,1.0625f,-0.8468174578713608f,0f,-0.531883627351215f,-0.13810831760450704f,0f,0f,0f,1f],start_interpolation:0}
execute if entity @s[tag=aj.tultaria.bone.body] run data modify entity @s {} merge value {transformation:[-0.81545940835254f,0f,0.5788142649670318f,0.11832257169275412f,0f,1f,0f,0f,-0.5788142649670318f,0f,-0.81545940835254f,0.6971368366597859f,0f,0f,0f,1f],start_interpolation:0}
execute if entity @s[tag=aj.tultaria.bone.left_hand] run data modify entity @s {} merge value {transformation:[-0.6255530415946301f,0.26107926711967644f,0.735201338703868f,0.4234329876389531f,-0.20215342367211267f,0.8559221957515766f,-0.4759529263671386f,0.7249276524682778f,-0.7535365853423113f,-0.446357268452136f,-0.48264666522270455f,0.12139260530365831f,0f,0f,0f,1f],start_interpolation:0}
execute if entity @s[tag=aj.tultaria.bone.left_arm] run data modify entity @s {} merge value {transformation:[-0.6255530415946301f,-0.35244268486903385f,0.6960370292118184f,0.17838174557711814f,-0.20215342367211267f,0.9349005756547031f,0.2917103133900959f,1f,-0.7535365853423113f,0.04177400534796186f,-0.6560773940838368f,0.1266156204615382f,0f,0f,0f,1f],start_interpolation:0}
execute if entity @s[tag=aj.tultaria.bone.rod] run data modify entity @s {} merge value {transformation:[-0.545082231748269f,0.8115046822709959f,-0.21058373936412172f,-0.5540886193001602f,-0.006827758516624038f,-0.2554670561308474f,-0.9667936516886513f,1.5720816956661858f,-0.8383547830995928f,-0.5255442263826027f,0.14479131109961876f,0.0011764643479834636f,0f,0f,0f,1f],start_interpolation:0}
execute if entity @s[tag=aj.tultaria.bone.right_hand] run data modify entity @s {} merge value {transformation:[-0.545082231748269f,0.42491527368646487f,-0.722725653910447f,-0.4850860984065417f,-0.006827758516624038f,-0.864268834877037f,-0.5029838593572638f,1.185107900167639f,-0.8383547830995928f,-0.2692329683531449f,0.4739988042240079f,-0.040536048256444926f,0f,0f,0f,1f],start_interpolation:0}
execute if entity @s[tag=aj.tultaria.bone.right_arm] run data modify entity @s {} merge value {transformation:[-0.545082231748269f,0.5779290438756339f,-0.6073577042215914f,-0.17838174557711814f,-0.006827758516624038f,-0.7274758270441353f,-0.6860993388570565f,1f,-0.8383547830995928f,-0.36983366708758f,0.40048010729946126f,-0.1266156204615382f,0f,0f,0f,1f],start_interpolation:0}
execute if entity @s[tag=aj.tultaria.bone.skirt] run data modify entity @s {} merge value {transformation:[-0.9748888865901355f,0f,0.22269184718585014f,-0.013918240449115634f,0f,1f,0f,0.453125f,-0.22269184718585014f,0f,-0.9748888865901355f,0.06093055541188347f,0f,0f,0f,1f],start_interpolation:0}
execute if entity @s[tag=aj.tultaria.bone.left_foot] run data modify entity @s {} merge value {transformation:[-0.9748888865901355f,-0.08522048044080317f,0.20574043967213812f,0.09402462992553567f,0f,0.9238795325112867f,0.3826834323650897f,0f,-0.22269184718585014f,0.37307382529489375f,-0.9006798887933433f,0.1496975917219982f,0f,0f,0f,1f],start_interpolation:0}
execute if entity @s[tag=aj.tultaria.bone.left_leg] run data modify entity @s {} merge value {transformation:[-0.9748888865901355f,0f,0.22269184718585014f,0.12186111082376694f,0f,1f,0f,0.4375f,-0.22269184718585014f,0f,-0.9748888865901355f,0.027836480898231267f,0f,0f,0f,1f],start_interpolation:0}
execute if entity @s[tag=aj.tultaria.bone.right_foot] run data modify entity @s {} merge value {transformation:[-0.9748888865901355f,-0.08522048044080321f,0.20574043967213812f,-0.18486262597563557f,0f,0.9238795325112867f,0.38268343236508984f,0.08113813357194827f,-0.22269184718585014f,0.3730738252948939f,-0.9006798887933432f,0.24796830376745266f,0f,0f,0f,1f],start_interpolation:0}
execute if entity @s[tag=aj.tultaria.bone.right_leg] run data modify entity @s {} merge value {transformation:[-0.9748888865901355f,0.08522048044080317f,0.20574043967213812f,-0.12186111082376694f,0f,0.9238795325112867f,-0.3826834323650897f,0.4375f,-0.22269184718585014f,-0.37307382529489375f,-0.9006798887933433f,-0.027836480898231267f,0f,0f,0f,1f],start_interpolation:0}
execute if entity @s[tag=aj.tultaria.bone.lower] run data modify entity @s {} merge value {transformation:[-0.9748888865901355f,0f,0.22269184718585014f,0f,0f,1f,0f,0.5f,-0.22269184718585014f,0f,-0.9748888865901355f,0f,0f,0f,0f,1f],start_interpolation:0}