execute if entity @s[tag=aj.tultaria.bone.head] run data modify entity @s {} merge value {transformation:[-0.994165422994302f,-0.003945108755123293f,0.10779400650996765f,0f,-4.336808689942018e-19f,0.9993309436230208f,0.03657410446645049f,1.15625f,-0.10786617506225338f,0.036360710037526535f,-0.9935002702782754f,0f,0f,0f,0f,1f],start_interpolation:0}
execute if entity @s[tag=aj.tultaria.bone.bust] run data modify entity @s {} merge value {transformation:[-0.9487451780273469f,0f,0.3160420655068844f,0.31635155626023126f,0f,1f,0f,0f,-0.3160420655068844f,0f,-0.9487451780273469f,0.6323936217671157f,0f,0f,0f,1f],start_interpolation:0}
execute if entity @s[tag=aj.tultaria.bone.left_wing] run data modify entity @s {} merge value {transformation:[-0.9974703139481699f,0f,-0.07108426543293139f,0.09880183181506974f,0f,1f,0f,1.0625f,0.07108426543293139f,0f,-0.9974703139481699f,-0.09884051815923811f,0f,0f,0f,1f],start_interpolation:0}
execute if entity @s[tag=aj.tultaria.bone.right_wing] run data modify entity @s {} merge value {transformation:[-0.7555821891483158f,0f,0.655053856901735f,-0.019791315438348667f,0f,1f,0f,1.0625f,-0.655053856901735f,0f,-0.7555821891483158f,-0.1383457763475986f,0f,0f,0f,1f],start_interpolation:0}
execute if entity @s[tag=aj.tultaria.bone.body] run data modify entity @s {} merge value {transformation:[-0.9487451780273469f,0f,0.3160420655068844f,0.31635155626023126f,0f,1f,0f,0f,-0.3160420655068844f,0f,-0.9487451780273469f,0.6323936217671157f,0f,0f,0f,1f],start_interpolation:0}
execute if entity @s[tag=aj.tultaria.bone.left_hand] run data modify entity @s {} merge value {transformation:[-0.8203281221706662f,0.13019735745813069f,0.5568755876197737f,0.43764372058511736f,-0.19365524391211844f,0.8529750528348561f,-0.48469702469348075f,0.7226913622542215f,-0.5381072555553275f,-0.5054524778377237f,-0.6745060223351745f,-0.007634723043737746f,0f,0f,0f,1f],start_interpolation:0}
execute if entity @s[tag=aj.tultaria.bone.left_arm] run data modify entity @s {} merge value {transformation:[-0.8203281221706662f,-0.31560226718416146f,0.4769245023315176f,0.20753800769348213f,-0.19365524391211844f,0.9379676973268652f,0.28760084366475014f,1f,-0.5381072555553275f,0.14356812919152806f,-0.8305593138356575f,0.06913420182963097f,0f,0f,0f,1f],start_interpolation:0}
execute if entity @s[tag=aj.tultaria.bone.rod] run data modify entity @s {} merge value {transformation:[-0.8736299819627533f,0.5042711784631209f,-0.37500285029342173f,-0.3661135721009441f,-0.07731552792208259f,-0.7235599765923927f,-0.7928613838223939f,1.660675008585958f,-0.6236496358524589f,-0.6166988271320508f,0.6236101288914926f,-0.09067703952184103f,0f,0f,0f,1f],start_interpolation:0}
execute if entity @s[tag=aj.tultaria.bone.right_hand] run data modify entity @s {} merge value {transformation:[-0.811794103021651f,0.05692874136466364f,-0.5811621569802257f,-0.41741056371172336f,-0.07184310398567384f,-0.9974124238365075f,0.0026505067980584496f,1.286976662997025f,-0.5795074656197078f,0.04390415906515155f,0.8137834614366435f,0.027509952807171223f,0f,0f,0f,1f],start_interpolation:0}
execute if entity @s[tag=aj.tultaria.bone.right_arm] run data modify entity @s {} merge value {transformation:[-0.811794103021651f,0.24451685898261982f,-0.5302846782366494f,-0.20753800769348213f,-0.07184310398567384f,-0.9430314086285021f,-0.32485432235056766f,1f,-0.5795074656197078f,-0.2256175259447201f,0.7831141866149576f,-0.06913420182963097f,0f,0f,0f,1f],start_interpolation:0}
execute if entity @s[tag=aj.tultaria.bone.skirt] run data modify entity @s {} merge value {transformation:[-0.9849666414556997f,0f,0.17274465322978633f,-0.010796540826861645f,0f,1f,0f,0.453125f,-0.17274465322978633f,0f,-0.9849666414556997f,0.06156041509098123f,0f,0f,0f,1f],start_interpolation:0}
execute if entity @s[tag=aj.tultaria.bone.left_foot] run data modify entity @s {} merge value {transformation:[-0.9849666414556997f,-0.06610651682069181f,0.15959524946975934f,0.10152774852823918f,0f,0.9238795325112867f,0.3826834323650897f,0f,-0.17274465322978633f,0.37693041511738185f,-0.909990520247304f,0.14471391183568574f,0f,0f,0f,1f],start_interpolation:0}
execute if entity @s[tag=aj.tultaria.bone.left_leg] run data modify entity @s {} merge value {transformation:[-0.9849666414556997f,0f,0.17274465322978633f,0.12312083018196246f,0f,1f,0f,0.4375f,-0.17274465322978633f,0f,-0.9849666414556997f,0.02159308165372329f,0f,0f,0f,1f],start_interpolation:0}
execute if entity @s[tag=aj.tultaria.bone.right_foot] run data modify entity @s {} merge value {transformation:[-0.9849666414556997f,-0.06610651682069185f,0.1595952494697593f,-0.17199183747473504f,0f,0.9238795325112867f,0.38268343236508984f,0.08113813357194827f,-0.17274465322978633f,0.37693041511738196f,-0.909990520247304f,0.25706278999104426f,0f,0f,0f,1f],start_interpolation:0}
execute if entity @s[tag=aj.tultaria.bone.right_leg] run data modify entity @s {} merge value {transformation:[-0.9849666414556997f,0.06610651682069181f,0.15959524946975934f,-0.12312083018196246f,0f,0.9238795325112867f,-0.3826834323650897f,0.4375f,-0.17274465322978633f,-0.37693041511738185f,-0.909990520247304f,-0.02159308165372329f,0f,0f,0f,1f],start_interpolation:0}
execute if entity @s[tag=aj.tultaria.bone.lower] run data modify entity @s {} merge value {transformation:[-0.9849666414556997f,0f,0.17274465322978633f,0f,0f,1f,0f,0.5f,-0.17274465322978633f,0f,-0.9849666414556997f,0f,0f,0f,0f,1f],start_interpolation:0}