execute if entity @s[tag=aj.tultaria.bone.head] run data modify entity @s {} merge value {transformation:[-0.9986511892116764f,0.048677060138896555f,-0.01806505196059019f,0f,0.04499227058399406f,0.9849617434369147f,0.16681144910769802f,1.15625f,0.02591327601445323f,0.16577366431960092f,-0.9858233078722836f,0f,0f,0f,0f,1f],start_interpolation:0}
execute if entity @s[tag=aj.tultaria.bone.bust] run data modify entity @s {} merge value {transformation:[-0.9683940721005397f,0f,-0.2494251814082426f,0.6089096267543912f,0f,1f,0f,0f,0.2494251814082426f,0f,-0.9683940721005397f,0.35948444534614854f,0f,0f,0f,1f],start_interpolation:0}
execute if entity @s[tag=aj.tultaria.bone.left_wing] run data modify entity @s {} merge value {transformation:[-0.7992285780793564f,0f,-0.6010271873894307f,0.029346481830253457f,0f,1f,0f,1.0625f,0.6010271873894307f,0f,-0.7992285780793564f,-0.1366383328505827f,0f,0f,0f,1f],start_interpolation:0}
execute if entity @s[tag=aj.tultaria.bone.right_wing] run data modify entity @s {} merge value {transformation:[-0.9901303471585394f,0f,0.14014954739745064f,-0.09170277718231412f,0f,1f,0f,1.0625f,-0.14014954739745064f,0f,-0.9901303471585394f,-0.10546018517455236f,0f,0f,0f,1f],start_interpolation:0}
execute if entity @s[tag=aj.tultaria.bone.body] run data modify entity @s {} merge value {transformation:[-0.9683940721005397f,0f,-0.2494251814082426f,0.6089096267543912f,0f,1f,0f,0f,0.2494251814082426f,0f,-0.9683940721005397f,0.35948444534614854f,0f,0f,0f,1f],start_interpolation:0}
execute if entity @s[tag=aj.tultaria.bone.left_hand] run data modify entity @s {} merge value {transformation:[-0.9724136192597158f,-0.20040238508129526f,0.1193760324853727f,0.37499136505167596f,-0.23281750258098252f,0.8654521162467952f,-0.443608661971222f,0.7332892083015339f,-0.014414006041856997f,-0.45916393427366664f,-0.888234607461426f,-0.2494666949437092f,0f,0f,0f,1f],start_interpolation:0}
execute if entity @s[tag=aj.tultaria.bone.left_arm] run data modify entity @s {} merge value {transformation:[-0.9724136192597158f,-0.2256009756315981f,-0.059295470925624594f,0.21183620327199307f,-0.23281750258098252f,0.9229665380564825f,0.3064780255091477f,1f,-0.014414006041856997f,0.31182842946418904f,-0.9500290874534962f,-0.05456175843305307f,0f,0f,0f,1f],start_interpolation:0}
execute if entity @s[tag=aj.tultaria.bone.rod] run data modify entity @s {} merge value {transformation:[-0.9527966773874733f,0.2692640934509077f,0.14026881170613825f,-0.5065081138684866f,0.128154450768592f,0.7755125127610313f,-0.6181883040783547f,0.956773763866727f,-0.27523613190784346f,-0.5710316896014901f,-0.773413137439025f,0.713896641274913f,0f,0f,0f,1f],start_interpolation:0}
execute if entity @s[tag=aj.tultaria.bone.right_hand] run data modify entity @s {} merge value {transformation:[-0.9527966773874733f,0.2895834943555744f,-0.09121343846279575f,-0.4093159832929957f,0.128154450768592f,0.11124501480432814f,-0.9854952985323602f,0.8753037321018051f,-0.27523613190784346f,-0.9506660541315233f,-0.1431052941522724f,0.3395087092065577f,0f,0f,0f,1f],start_interpolation:0}
execute if entity @s[tag=aj.tultaria.bone.right_arm] run data modify entity @s {} merge value {transformation:[-0.9527966773874733f,0.29122882512503057f,-0.08581528404477598f,-0.21183620327199307f,0.128154450768592f,0.12954288937851455f,-0.9832573806281175f,1f,-0.27523613190784346f,-0.9478419758734895f,-0.16075030471090226f,0.05456175843305307f,0f,0f,0f,1f],start_interpolation:0}
execute if entity @s[tag=aj.tultaria.bone.skirt] run data modify entity @s {} merge value {transformation:[-0.9968116883930008f,0f,0.07979008637102111f,-0.0049868803981888195f,0f,1f,0f,0.453125f,-0.07979008637102111f,0f,-0.9968116883930008f,0.06230073052456255f,0f,0f,0f,1f],start_interpolation:0}
execute if entity @s[tag=aj.tultaria.bone.left_foot] run data modify entity @s {} merge value {transformation:[-0.9968116883930008f,-0.030534344121169326f,0.07371642769549418f,0.11462770025274746f,0f,0.9238795325112867f,0.3826834323650897f,0f,-0.07979008637102111f,0.3814633183358738f,-0.920933916674312f,0.13457522184550275f,0f,0f,0f,1f],start_interpolation:0}
execute if entity @s[tag=aj.tultaria.bone.left_leg] run data modify entity @s {} merge value {transformation:[-0.9968116883930008f,0f,0.07979008637102111f,0.1246014610491251f,0f,1f,0f,0.4375f,-0.07979008637102111f,0f,-0.9968116883930008f,0.009973760796377639f,0f,0f,0f,1f],start_interpolation:0}
execute if entity @s[tag=aj.tultaria.bone.right_foot] run data modify entity @s {} merge value {transformation:[-0.9968116883930008f,-0.030534344121169333f,0.07371642769549416f,-0.14717479006407347f,0f,0.9238795325112867f,0.38268343236508984f,0.08113813357194827f,-0.07979008637102111f,0.381463318335874f,-0.920933916674312f,0.2720331805598562f,0f,0f,0f,1f],start_interpolation:0}
execute if entity @s[tag=aj.tultaria.bone.right_leg] run data modify entity @s {} merge value {transformation:[-0.9968116883930008f,0.030534344121169326f,0.07371642769549418f,-0.1246014610491251f,0f,0.9238795325112867f,-0.3826834323650897f,0.4375f,-0.07979008637102111f,-0.3814633183358738f,-0.920933916674312f,-0.009973760796377639f,0f,0f,0f,1f],start_interpolation:0}
execute if entity @s[tag=aj.tultaria.bone.lower] run data modify entity @s {} merge value {transformation:[-0.9968116883930008f,0f,0.07979008637102111f,0f,0f,1f,0f,0.5f,-0.07979008637102111f,0f,-0.9968116883930008f,0f,0f,0f,0f,1f],start_interpolation:0}