execute if entity @s[tag=aj.tultaria.bone.head] run data modify entity @s {} merge value {transformation:[-0.9810137742656679f,-0.012517285425025095f,0.19353369801307893f,0f,-0.00679404607785842f,0.9995205493214814f,0.030207820543298985f,1.52003f,-0.19381902806205872f,0.028319411181602527f,-0.9806284695599076f,0f,0f,0f,0f,1f],start_interpolation:0}
execute if entity @s[tag=aj.tultaria.bone.bust] run data modify entity @s {} merge value {transformation:[-0.9864950998081597f,0f,0.16379077524234734f,0.4113521622829062f,0f,1f,0f,0.36378f,-0.16379077524234734f,0f,-0.9864950998081597f,0.5751429375252536f,0f,0f,0f,1f],start_interpolation:0}
execute if entity @s[tag=aj.tultaria.bone.left_wing] run data modify entity @s {} merge value {transformation:[-0.8709951558300854f,-0.17744313999812467f,-0.458128115910966f,0.08212979064330339f,-0.2722519351272469f,0.9505511214203548f,0.14943710846364489f,1.42628f,0.4089576045753335f,0.25488526366604985f,-0.8762346603655289f,-0.11307496402337325f,0f,0f,0f,1f],start_interpolation:0}
execute if entity @s[tag=aj.tultaria.bone.right_wing] run data modify entity @s {} merge value {transformation:[-0.6921042978104038f,0.08555434876364443f,0.7167092118565219f,-0.04118209683271662f,0.2722519351272469f,0.9505511214203548f,0.14943710846364489f,1.42628f,-0.6684837505667863f,0.29855153487151015f,-0.6811728534329802f,-0.13354881092866666f,0f,0f,0f,1f],start_interpolation:0}
execute if entity @s[tag=aj.tultaria.bone.body] run data modify entity @s {} merge value {transformation:[-0.9864950998081597f,0f,0.16379077524234734f,0.4113521622829062f,0f,1f,0f,0.36378f,-0.16379077524234734f,0f,-0.9864950998081597f,0.5751429375252536f,0f,0f,0f,1f],start_interpolation:0}
execute if entity @s[tag=aj.tultaria.bone.left_hand] run data modify entity @s {} merge value {transformation:[-0.20512136487157898f,-0.7194237287852562f,0.663592287578705f,0.5821522866300977f,-0.8924589891947633f,0.4158257162696768f,0.17494549520999697f,1.3671057925524135f,-0.40179867879160763f,-0.5563438434543231f,-0.7273509122643556f,0.07474007333614482f,0f,0f,0f,1f],start_interpolation:0}
execute if entity @s[tag=aj.tultaria.bone.left_arm] run data modify entity @s {} merge value {transformation:[-0.20512136487157898f,-0.9152541091685519f,0.34674939267906607f,0.21579580308303495f,-0.8924589891947633f,0.3203507527632583f,0.3176355581629277f,1.36378f,-0.40179867879160763f,-0.24430577327213193f,-0.8825375407693569f,0.03582923208426348f,0f,0f,0f,1f],start_interpolation:0}
execute if entity @s[tag=aj.tultaria.bone.rod] run data modify entity @s {} merge value {transformation:[-0.9843148421662729f,0.4286679990997721f,0.11733728324357731f,-0.5049506240691646f,-0.413298106954297f,-0.7780226737832636f,-0.6247122488531315f,1.8859800652902847f,-0.16342878044940598f,-0.6142674219156833f,0.8731360535986821f,-0.23441675360929415f,0f,0f,0f,1f],start_interpolation:0}
execute if entity @s[tag=aj.tultaria.bone.sword] run data modify entity @s {} merge value {transformation:[-0.000009114026316354379f,0.0000025891436380720114f,-0.000003198571482119964f,-0.5484252601302093f,-0.000003826834323650898f,-0.00000819069582634727f,0.000004274089486614063f,1.8940560024973792f,-0.0000015132294486056108f,0.000005119456719388172f,0.000008455844105361932f,-0.19950882639230264f,0f,0f,0f,1f],start_interpolation:0}
execute if entity @s[tag=aj.tultaria.bone.right_hand] run data modify entity @s {} merge value {transformation:[-0.9114026316354378f,0.2589143638072011f,-0.31985714821199634f,-0.4478398811679637f,-0.3826834323650898f,-0.819069582634727f,0.4274089486614062f,1.632255090384938f,-0.15132294486056108f,0.5119456719388172f,0.845584410536193f,0.06326092468478642f,0f,0f,0f,1f],start_interpolation:0}
execute if entity @s[tag=aj.tultaria.bone.right_arm] run data modify entity @s {} merge value {transformation:[-0.9114026316354378f,0.39494942894322055f,-0.1155862951453272f,-0.21579580308303495f,-0.3826834323650898f,-0.9167119144630287f,-0.1148592898933429f,1.36378f,-0.15132294486056108f,-0.06045009891599227f,0.9866342543717884f,-0.03582923208426348f,0f,0f,0f,1f],start_interpolation:0}
execute if entity @s[tag=aj.tultaria.bone.skirt] run data modify entity @s {} merge value {transformation:[-0.9786645949021487f,-0.03983788306694286f,-0.20156525930268254f,0.012409196803474831f,0f,0.981022896163595f,-0.19389192144798734f,0.8142234029030169f,0.2054643781413534f,-0.18975515875869375f,-0.9600923752636774f,0.05910728503204929f,0f,0f,0f,1f],start_interpolation:0}
execute if entity @s[tag=aj.tultaria.bone.left_foot] run data modify entity @s {} merge value {transformation:[-0.9786645949021487f,-0.008460637694177067f,-0.2052901076399468f,0.16439766622364607f,0f,0.9991518213376787f,-0.04117812426033482f,0.3963784592605596f,0.2054643781413534f,-0.04029957229807091f,-0.9778345124751835f,0.174678334718108f,0f,0f,0f,1f],start_interpolation:0}
execute if entity @s[tag=aj.tultaria.bone.left_leg] run data modify entity @s {} merge value {transformation:[-0.9786645949021487f,-0.03983788306694286f,-0.20156525930268254f,0.12177293496902325f,0f,0.981022896163595f,-0.19389192144798734f,0.8013394861511339f,0.2054643781413534f,-0.18975515875869375f,-0.9600923752636774f,-0.028351094146780206f,0f,0f,0f,1f],start_interpolation:0}
execute if entity @s[tag=aj.tultaria.bone.right_foot] run data modify entity @s {} merge value {transformation:[-0.9786645949021487f,-0.008460637694177042f,-0.2052901076399468f,-0.051671896892315286f,0f,0.9991518213376787f,-0.04117812426033468f,0.506594094462073f,0.2054643781413534f,-0.040299572298070685f,-0.9778345124751835f,0.3622552222110766f,0f,0f,0f,1f],start_interpolation:0}
execute if entity @s[tag=aj.tultaria.bone.right_leg] run data modify entity @s {} merge value {transformation:[-0.9786645949021487f,-0.11394109005963637f,-0.17097671970486186f,-0.12289321375651394f,0f,0.8321477486829125f,-0.5545539868777072f,0.8013394861511339f,0.2054643781413534f,-0.5427223529190428f,-0.8143935393634978f,0.023015000388558145f,0f,0f,0f,1f],start_interpolation:0}
execute if entity @s[tag=aj.tultaria.bone.lower] run data modify entity @s {} merge value {transformation:[-0.9786645949021487f,0.008962230299925569f,-0.20526882158054147f,0f,0f,0.9990482215818578f,0.043619387365336f,0.86378f,0.2054643781413534f,0.042688750065776465f,-0.977733123062121f,0f,0f,0f,0f,1f],start_interpolation:0}