execute if entity @s[tag=aj.tultaria.bone.head] run data modify entity @s {} merge value {transformation:[-0.9644496603219116f,0.0337190298294949f,-0.2621066190165881f,0f,-0.016325273061392174f,0.98233000814677f,0.18644366589894598f,1.5042877083333333f,0.2637618967258542f,0.18409449237205452f,-0.9468573703118413f,0f,0f,0f,0f,1f],start_interpolation:0}
execute if entity @s[tag=aj.tultaria.bone.bust] run data modify entity @s {} merge value {transformation:[-0.8207656298421766f,0f,-0.5712650705843787f,0.6960153502132777f,0f,1f,0f,0.34803770833333325f,0.5712650705843787f,0f,-0.8207656298421766f,0.12475027962889895f,0f,0f,0f,1f],start_interpolation:0}
execute if entity @s[tag=aj.tultaria.bone.left_wing] run data modify entity @s {} merge value {transformation:[-0.285436586648703f,0.06983743416551727f,-0.9558497202968229f,-0.020110281957911313f,-0.3188359204521376f,0.933614634270492f,0.16342389820773978f,1.4105377083333333f,0.9038083927646257f,0.35140638506599814f,-0.2442210918472681f,-0.13829977064179572f,0f,0f,0f,1f],start_interpolation:0}
execute if entity @s[tag=aj.tultaria.bone.right_wing] run data modify entity @s {} merge value {transformation:[-0.9466815190148641f,0.30527574213520037f,0.10296029729712453f,-0.12270598568818336f,0.3188359204521376f,0.933614634270492f,0.16342389820773978f,1.4105377083333333f,-0.046235888497440814f,0.187537825357388f,-0.9811685923810822f,-0.06689163681874838f,0f,0f,0f,1f],start_interpolation:0}
execute if entity @s[tag=aj.tultaria.bone.body] run data modify entity @s {} merge value {transformation:[-0.8207656298421766f,0f,-0.5712650705843787f,0.6960153502132777f,0f,1f,0f,0.34803770833333325f,0.5712650705843787f,0f,-0.8207656298421766f,0.12475027962889895f,0f,0f,0f,1f],start_interpolation:0}
execute if entity @s[tag=aj.tultaria.bone.left_hand] run data modify entity @s {} merge value {transformation:[-0.6753647008532999f,-0.6378555967377137f,-0.3701658527629309f,0.34846106163179674f,-0.7327554308879016f,0.6371304046354036f,0.23902787702151532f,1.2837586146242672f,0.08337865041854797f,0.4326720296015242f,-0.8976875377629342f,-0.44602014662249834f,0f,0f,0f,1f],start_interpolation:0}
execute if entity @s[tag=aj.tultaria.bone.left_arm] run data modify entity @s {} merge value {transformation:[-0.6753647008532999f,-0.46362570732254726f,-0.5735274399285535f,0.17954248152797614f,-0.7327554308879016f,0.5097750030657601f,0.4507759141231818f,1.3480377083333333f,0.08337865041854797f,0.7246934867645579f,-0.6840082973878382f,-0.12496423419033284f,0f,0f,0f,1f],start_interpolation:0}
execute if entity @s[tag=aj.tultaria.bone.rod] run data modify entity @s {} merge value {transformation:[-0.9221923562207838f,0.3034908224814961f,0.031999522222436294f,-0.1543596307287577f,0.09970477389719663f,0.2033676600132805f,0.9446004147510372f,0.8997995363451019f,0.2884260855315762f,0.900057945998605f,-0.22422193838851762f,0.6761672367275708f,0f,0f,0f,1f],start_interpolation:0}
execute if entity @s[tag=aj.tultaria.bone.sword] run data modify entity @s {} merge value {transformation:[-0.00000949368015669318f,-0.0000016595637121918185f,-0.0000026675616895558924f,-0.19653157663821713f,0.0000010264292770268603f,0.000006386496796926434f,-0.000007626211484224033f,0.8672592615035107f,0.000002969255802667108f,-0.000007513887605495875f,-0.000005892793313047998f,0.657823692455993f,0f,0f,0f,1f],start_interpolation:0}
execute if entity @s[tag=aj.tultaria.bone.right_hand] run data modify entity @s {} merge value {transformation:[-0.9493680156693179f,-0.16595637121918183f,-0.26675616895558923f,-0.24993779105539954f,0.10264292770268602f,0.6386496796926434f,-0.7626211484224032f,1.0439655226770428f,0.2969255802667108f,-0.7513887605495875f,-0.5892793313047998f,0.3207365351083755f,0f,0f,0f,1f],start_interpolation:0}
execute if entity @s[tag=aj.tultaria.bone.right_arm] run data modify entity @s {} merge value {transformation:[-0.9493680156693179f,-0.13189703833899508f,-0.2851377598661802f,-0.17954248152797614f,0.10264292770268602f,0.7275744451112146f,-0.6783066092953315f,1.3480377083333333f,0.2969255802667108f,-0.6732299741533424f,-0.677197609036511f,0.12496423419033284f,0f,0f,0f,1f],start_interpolation:0}
execute if entity @s[tag=aj.tultaria.bone.skirt] run data modify entity @s {} merge value {transformation:[-0.727630060044018f,-0.16712704295845507f,-0.6652992163172159f,0.04142972950412316f,0f,0.9698667001988561f,-0.24363617105303192f,0.7984811112363501f,0.6859697484002767f,-0.17727700177221226f,-0.7057041653003874f,0.043945839648167784f,0f,0f,0f,1f],start_interpolation:0}
execute if entity @s[tag=aj.tultaria.bone.left_foot] run data modify entity @s {} merge value {transformation:[-0.727630060044018f,-0.09786875874370413f,-0.6789522824045189f,0.24536414207845497f,0f,0.9897700066043393f,-0.1426721207049437f,0.39173503452909664f,0.6859697484002767f,-0.10381252375514556f,-0.7201864093352837f,0.07804181679737403f,0f,0f,0f,1f],start_interpolation:0}
execute if entity @s[tag=aj.tultaria.bone.left_leg] run data modify entity @s {} merge value {transformation:[-0.727630060044018f,-0.16712704295845507f,-0.6652992163172159f,0.08908365874447889f,0f,0.9698667001988561f,-0.24363617105303192f,0.7855971944844672f,0.6859697484002767f,-0.17727700177221226f,-0.7057041653003874f,-0.08772989214051725f,0f,0f,0f,1f],start_interpolation:0}
execute if entity @s[tag=aj.tultaria.bone.right_foot] run data modify entity @s {} merge value {transformation:[-0.727630060044018f,-0.09786875874370404f,-0.6789522824045189f,0.15495294690856842f,0f,0.9897700066043393f,-0.14267212070494362f,0.5089005386988539f,0.6859697484002767f,-0.10381252375514555f,-0.7201864093352836f,0.3465873278195184f,0f,0f,0f,1f],start_interpolation:0}
execute if entity @s[tag=aj.tultaria.bone.right_leg] run data modify entity @s {} merge value {transformation:[-0.727630060044018f,-0.4090042419685277f,-0.5506995785109055f,-0.0928238562665256f,0f,0.8028044673911211f,-0.5962423895840168f,0.7855971944844672f,0.6859697484002767f,-0.4338438857338069f,-0.5841446628114073f,0.08376254495955192f,0f,0f,0f,1f],start_interpolation:0}
execute if entity @s[tag=aj.tultaria.bone.lower] run data modify entity @s {} merge value {transformation:[-0.727630060044018f,0.029921580176373745f,-0.6853168571982509f,0f,0f,0.9990482215818578f,0.043619387365336f,0.8480377083333333f,0.6859697484002767f,0.031738777447722716f,-0.7269375174564766f,0f,0f,0f,0f,1f],start_interpolation:0}