execute if entity @s[tag=aj.tultaria.bone.head] run data modify entity @s {} merge value {transformation:[-0.9845391828131617f,0.030051363736324013f,-0.1725674159370154f,0f,-0.0004013269223251542f,0.9847839507305188f,0.17378264965264095f,1.5914664583333333f,0.17516402724958458f,0.1711650838260487f,-0.9695463256784219f,0f,0f,0f,0f,1f],start_interpolation:0}
execute if entity @s[tag=aj.tultaria.bone.bust] run data modify entity @s {} merge value {transformation:[-0.8199986004270083f,0f,-0.572365525951509f,0.6961820631892587f,0f,1f,0f,0.43521645833333333f,0.572365525951509f,0f,-0.8199986004270083f,0.12381653723774966f,0f,0f,0f,1f],start_interpolation:0}
execute if entity @s[tag=aj.tultaria.bone.left_wing] run data modify entity @s {} merge value {transformation:[-0.5336681159459864f,0.0005369059087837339f,-0.8456938297958111f,-0.020295778217250593f,-0.009449792745980703f,0.9999335814242373f,0.006598041918353323f,1.4977164583333333f,0.845641202543797f,0.011512796017625355f,-0.5336275968202331f,-0.1382726704253454f,0f,0f,0f,1f],start_interpolation:0}
execute if entity @s[tag=aj.tultaria.bone.right_wing] run data modify entity @s {} merge value {transformation:[-0.9777909912154492f,0.010621684040712589f,-0.20931306057207377f,-0.12279560327062666f,0.009449792745980703f,0.9999335814242373f,0.006598041918353323f,1.4977164583333333f,0.20936924061324624f,0.00447354090599478f,-0.977826420443217f,-0.06672697968140673f,0f,0f,0f,1f],start_interpolation:0}
execute if entity @s[tag=aj.tultaria.bone.body] run data modify entity @s {} merge value {transformation:[-0.8199986004270083f,0f,-0.572365525951509f,0.6961820631892587f,0f,1f,0f,0.43521645833333333f,0.572365525951509f,0f,-0.8199986004270083f,0.12381653723774966f,0f,0f,0f,1f],start_interpolation:0}
execute if entity @s[tag=aj.tultaria.bone.left_hand] run data modify entity @s {} merge value {transformation:[-0.9101593799201375f,-0.3668097285326623f,-0.1925111066852651f,0.2715699190069603f,-0.26588504807450364f,0.8736231656672567f,-0.4075385940250809f,1.177524355854913f,0.3176712834894111f,-0.3197392491755046f,-0.8926655410526805f,-0.37185655169618803f,0f,0f,0f,1f],start_interpolation:0}
execute if entity @s[tag=aj.tultaria.bone.left_arm] run data modify entity @s {} merge value {transformation:[-0.9101593799201375f,-0.12747634977912728f,-0.3941569273657137f,0.17937469384340807f,-0.26588504807450364f,0.9093958250083718f,0.31985055051971023f,1.4352164583333333f,0.3176712834894111f,0.3959154123096655f,-0.861589195580967f,-0.12520495880189259f,0f,0f,0f,1f],start_interpolation:0}
execute if entity @s[tag=aj.tultaria.bone.rod] run data modify entity @s {} merge value {transformation:[-0.19074303496006423f,0.1745018218767215f,-0.1447677587546019f,-0.24709174794737016f,0.07171775532594862f,0.225903356472536f,0.17780813340326032f,0.8987102572912863f,0.21509335969325746f,0.07942469952759788f,-0.1876647514045185f,0.37318212505512316f,0f,0f,0f,1f],start_interpolation:0}
execute if entity @s[tag=aj.tultaria.bone.sword] run data modify entity @s {} merge value {transformation:[-0.000006437577429902193f,-0.000002224733587590029f,-0.000007321759166912191f,-0.3015299235107154f,0.0000024204742422507754f,0.000008484809822581695f,-0.000004706304996196244f,0.8842134346286501f,0.000007259400889647467f,-0.000004801933229322332f,-0.000004923670986623253f,0.3727880450854749f,0f,0f,0f,1f],start_interpolation:0}
execute if entity @s[tag=aj.tultaria.bone.right_hand] run data modify entity @s {} merge value {transformation:[-0.6437577429902193f,-0.2224733587590029f,-0.7321759166912191f,-0.42204124706839863f,0.24204742422507752f,0.8484809822581695f,-0.47063049961962433f,1.1580618131856468f,0.7259400889647467f,-0.48019332293223316f,-0.4923670986623253f,0.13156374162274503f,0f,0f,0f,1f],start_interpolation:0}
execute if entity @s[tag=aj.tultaria.bone.right_arm] run data modify entity @s {} merge value {transformation:[-0.6437577429902193f,0.34393760707464294f,-0.6835809321359889f,-0.17937469384340807f,0.24204742422507752f,0.938957807639795f,0.24448165554551363f,1.4352164583333333f,0.7259400889647467f,-0.008072045096401526f,-0.687710570895793f,0.12520495880189259f,0f,0f,0f,1f],start_interpolation:0}
execute if entity @s[tag=aj.tultaria.bone.skirt] run data modify entity @s {} merge value {transformation:[-0.8172979528922312f,0.020875973429411318f,-0.5758369994464952f,0.03480101491995215f,0f,0.9993434973167575f,0.03622946826427062f,0.8856598612363502f,0.5762152863280949f,0.02961027024676243f,-0.8167613945931488f,0.04936140870871248f,0f,0f,0f,1f],start_interpolation:0}
execute if entity @s[tag=aj.tultaria.bone.left_foot] run data modify entity @s {} merge value {transformation:[-0.8172979528922312f,0.23576811690422683f,-0.5257731937343357f,0.16343774580571252f,0f,0.9124596417509172f,0.4091667168475313f,0.431034480875352f,0.5762152863280949f,0.3344111200711225f,-0.7457513972998032f,0.014885643050166764f,0f,0f,0f,1f],start_interpolation:0}
execute if entity @s[tag=aj.tultaria.bone.left_leg] run data modify entity @s {} merge value {transformation:[-0.8172979528922312f,0.020875973429411318f,-0.5758369994464952f,0.10059135925026808f,0f,0.9993434973167575f,0.03622946826427062f,0.8727759444844673f,0.5762152863280949f,0.02961027024676243f,-0.8167613945931488f,-0.07425503804101827f,0f,0f,0f,1f],start_interpolation:0}
execute if entity @s[tag=aj.tultaria.bone.right_foot] run data modify entity @s {} merge value {transformation:[-0.8172979528922312f,0.2357681169042268f,-0.5257731937343358f,0.051736907154881245f,0f,0.9124596417509173f,0.40916671684753136f,0.5063983899977317f,0.5762152863280949f,0.33441112007112245f,-0.7457513972998033f,0.2903159153806424f,0f,0f,0f,1f],start_interpolation:0}
execute if entity @s[tag=aj.tultaria.bone.right_leg] run data modify entity @s {} merge value {transformation:[-0.8172979528922312f,-0.20107639485831655f,-0.5399929070172598f,-0.10373312897278972f,0f,0.9371374203873336f,-0.3489605354617828f,0.8727759444844673f,0.5762152863280949f,-0.2852047312730919f,-0.7659204952612739f,0.06979878354100547f,0f,0f,0f,1f],start_interpolation:0}
execute if entity @s[tag=aj.tultaria.bone.lower] run data modify entity @s {} merge value {transformation:[-0.8172979528922312f,0.02513415778017317f,-0.5756668570543643f,0f,0f,0.9990482215818578f,0.043619387365336f,0.9352164583333333f,0.5762152863280949f,0.035650036000102366f,-0.8165200663394765f,0f,0f,0f,0f,1f],start_interpolation:0}