execute if entity @s[tag=aj.tultaria.bone.head] run data modify entity @s {} merge value {transformation:[-0.9759379970663382f,-0.02874614639232867f,0.2161450553441708f,0f,-0.01314869548028104f,0.9972264267098513f,0.07325684731592236f,1.4994444444444444f,-0.21765141324905452f,0.06865211532860682f,-0.9736091358299781f,0f,0f,0f,0f,1f],start_interpolation:0}
execute if entity @s[tag=aj.tultaria.bone.bust] run data modify entity @s {} merge value {transformation:[-0.9921188084812044f,0f,0.12530071770678425f,0.43340904538721003f,0f,1f,0f,0.34319444444444447f,-0.12530071770678425f,0f,-0.9921188084812044f,0.5587097630939943f,0f,0f,0f,1f],start_interpolation:0}
execute if entity @s[tag=aj.tultaria.bone.left_wing] run data modify entity @s {} merge value {transformation:[-0.8049590274971735f,-0.1870068633020061f,-0.5630891555772933f,0.07767001524342326f,-0.33216677738981626f,0.9284063122912043f,0.16651411740843822f,1.4056944444444444f,0.491636243628629f,0.32107655220490905f,-0.8094465093969703f,-0.11618355620347653f,0f,0f,0f,1f],start_interpolation:0}
execute if entity @s[tag=aj.tultaria.bone.right_wing] run data modify entity @s {} merge value {transformation:[-0.6574491314479f,0.10130664036537412f,0.7466576217894535f,-0.04634483581672727f,0.33216677738981626f,0.9284063122912043f,0.16651411740843822f,1.4056944444444444f,-0.6763326633816129f,0.35748941790733835f,-0.6440306239049554f,-0.13184614591682453f,0f,0f,0f,1f],start_interpolation:0}
execute if entity @s[tag=aj.tultaria.bone.body] run data modify entity @s {} merge value {transformation:[-0.9921188084812044f,0f,0.12530071770678425f,0.43340904538721003f,0f,1f,0f,0.34319444444444447f,-0.12530071770678425f,0f,-0.9921188084812044f,0.5587097630939943f,0f,0f,0f,1f],start_interpolation:0}
execute if entity @s[tag=aj.tultaria.bone.left_hand] run data modify entity @s {} merge value {transformation:[-0.22633516675017595f,-0.7970376830712219f,0.5599136755399251f,0.5844938436351705f,-0.8931646079772291f,0.39916975529404314f,0.20717260802378415f,1.3434491848664685f,-0.3886249803461595f,-0.45320463173157455f,-0.8022320028694911f,0.05404594839092964f,0f,0f,0f,1f],start_interpolation:0}
execute if entity @s[tag=aj.tultaria.bone.left_arm] run data modify entity @s {} merge value {transformation:[-0.22633516675017595f,-0.9200401572004431f,0.3198413691672077f,0.21702598935526346f,-0.8931646079772291f,0.32704225157879563f,0.3087075456466112f,1.3431944444444444f,-0.3886249803461595f,-0.21579961728616592f,-0.8957684688746816f,0.027409531998359056f,0f,0f,0f,1f],start_interpolation:0}
execute if entity @s[tag=aj.tultaria.bone.rod] run data modify entity @s {} merge value {transformation:[-1.0184425121947442f,0.4247293093377649f,0.1301835795271086f,-0.5100165871587488f,-0.4252038137389887f,-0.8377390545719043f,-0.5932646074572119f,1.8585833004076253f,-0.12862529833141392f,-0.5936044065444643f,0.9304070304951042f,-0.22113420068803513f,0f,0f,0f,1f],start_interpolation:0}
execute if entity @s[tag=aj.tultaria.bone.sword] run data modify entity @s {} merge value {transformation:[-0.000009165982609752699f,0.0000027119289729992713f,-0.0000029377208926510035f,-0.5524308494985275f,-0.000003826834323650898f,-0.000008078529690397973f,0.000004482487824934482f,1.8676361048255967f,-0.0000011576276849827255f,0.0000052328576597080875f,0.000008442576553173562f,-0.18517720961060513f,0f,0f,0f,1f],start_interpolation:0}
execute if entity @s[tag=aj.tultaria.bone.right_hand] run data modify entity @s {} merge value {transformation:[-0.9165982609752699f,0.2711928972999271f,-0.29377208926510034f,-0.44504076182941366f,-0.3826834323650898f,-0.8078529690397972f,0.4482487824934482f,1.6116695348293824f,-0.11576276849827254f,0.5232857659708087f,0.8442576553173562f,0.0806301684656876f,0f,0f,0f,1f],start_interpolation:0}
execute if entity @s[tag=aj.tultaria.bone.right_arm] run data modify entity @s {} merge value {transformation:[-0.9165982609752699f,0.3922996410076023f,-0.07712729505445687f,-0.21702598935526346f,-0.3826834323650898f,-0.9167119144630287f,-0.1148592898933429f,1.3431944444444444f,-0.11576276849827254f,-0.07576448737261796f,0.9903831197485042f,-0.027409531998359056f,0f,0f,0f,1f],start_interpolation:0}
execute if entity @s[tag=aj.tultaria.bone.skirt] run data modify entity @s {} merge value {transformation:[-0.9756040306616327f,-0.05682052233707545f,-0.2120570762745679f,0.01325916348424698f,0f,0.9659258262890684f,-0.25881904510252074f,0.7936378473474613f,0.2195376399544643f,-0.2525049036140141f,-0.9423611294477832f,0.05892243963775855f,0f,0f,0f,1f],start_interpolation:0}
execute if entity @s[tag=aj.tultaria.bone.left_foot] run data modify entity @s {} merge value {transformation:[-0.9756040306616327f,-0.03812231110739139f,-0.21620236990515915f,0.17271811080459276f,0f,0.9848077530122082f,-0.17364817766693033f,0.3905137622319261f,0.2195376399544643f,-0.1694118620489045f,-0.9607824132655359f,0.19816412838475775f,0f,0f,0f,1f],start_interpolation:0}
execute if entity @s[tag=aj.tultaria.bone.left_leg] run data modify entity @s {} merge value {transformation:[-0.9756040306616327f,-0.05682052233707545f,-0.2120570762745679f,0.12135199774780125f,0f,0.9659258262890684f,-0.25881904510252074f,0.7807539305955784f,0.2195376399544643f,-0.2525049036140141f,-0.9423611294477832f,-0.030101908127346342f,0f,0f,0f,1f],start_interpolation:0}
execute if entity @s[tag=aj.tultaria.bone.right_foot] run data modify entity @s {} merge value {transformation:[-0.9756040306616327f,-0.038122311107391435f,-0.21620236990515918f,-0.04230749917421757f,0f,0.9848077530122081f,-0.17364817766693036f,0.5097570228442531f,0.2195376399544643f,-0.16941186204890457f,-0.960782413265536f,0.381368011862501f,0f,0f,0f,1f],start_interpolation:0}
execute if entity @s[tag=aj.tultaria.bone.right_leg] run data modify entity @s {} merge value {transformation:[-0.9756040306616327f,-0.13364604741988173f,-0.1741709199775288f,-0.12254900991760692f,0f,0.7933533402912353f,-0.6087614290087207f,0.7807539305955784f,0.2195376399544643f,-0.5939101038522433f,-0.773998716526999f,0.02478250186126973f,0f,0f,0f,1f],start_interpolation:0}
execute if entity @s[tag=aj.tultaria.bone.lower] run data modify entity @s {} merge value {transformation:[-0.9756040306616327f,0.009576097358445444f,-0.21932868876678577f,0f,0f,0.9990482215818578f,0.043619387365336f,0.8431944444444445f,0.2195376399544643f,0.042555250128612894f,-0.9746754718005964f,0f,0f,0f,0f,1f],start_interpolation:0}