execute if entity @s[tag=aj.tultaria.bone.head] run data modify entity @s {} merge value {transformation:[-0.9839694240244576f,0.030183389859212553f,-0.17576443201508024f,0f,-0.00089160694957785f,0.9847284110146082f,0.17409526581068302f,1.5886844444444446f,0.17833501513170213f,0.17146113121419587f,-0.9689157356864032f,0f,0f,0f,0f,1f],start_interpolation:0}
execute if entity @s[tag=aj.tultaria.bone.bust] run data modify entity @s {} merge value {transformation:[-0.8200377816142093f,0f,-0.5723093889892481f,0.6961735853017287f,0f,1f,0f,0.43243444444444445f,0.5723093889892481f,0f,-0.8200377816142093f,0.12386419631248058f,0f,0f,0f,1f],start_interpolation:0}
execute if entity @s[tag=aj.tultaria.bone.left_wing] run data modify entity @s {} merge value {transformation:[-0.5276542139862279f,0.0012785495218157594f,-0.8494582954881873f,-0.020286312272768003f,-0.020898822790997872f,0.9996766412146557f,0.014486276807203128f,1.4949344444444446f,0.8492021371078422f,0.025396423388042422f,-0.5274568721806255f,-0.13827405951360416f,0f,0f,0f,1f],start_interpolation:0}
execute if entity @s[tag=aj.tultaria.bone.right_wing] run data modify entity @s {} merge value {transformation:[-0.9790877117529779f,0.023396858905645378f,-0.202088692626943f,-0.12279103497454413f,0.020898822790997872f,0.9996766412146557f,0.014486276807203128f,1.4949344444444446f,0.20236227884728958f,0.009959919835709829f,-0.979260081947895f,-0.0667353858899481f,0f,0f,0f,1f],start_interpolation:0}
execute if entity @s[tag=aj.tultaria.bone.body] run data modify entity @s {} merge value {transformation:[-0.8200377816142093f,0f,-0.5723093889892481f,0.6961735853017287f,0f,1f,0f,0.43243444444444445f,0.5723093889892481f,0f,-0.8200377816142093f,0.12386419631248058f,0f,0f,0f,1f],start_interpolation:0}
execute if entity @s[tag=aj.tultaria.bone.left_hand] run data modify entity @s {} merge value {transformation:[-0.9063599039019807f,-0.3772929124917064f,-0.1901625167647869f,0.275773703212532f,-0.2842094328531558f,0.8774741518323586f,-0.38634713813275534f,1.1797169400899026f,0.3126287300874309f,-0.2961235739511606f,-0.9025375926100319f,-0.3753624888936754f,0f,0f,0f,1f],start_interpolation:0}
execute if entity @s[tag=aj.tultaria.bone.left_arm] run data modify entity @s {} merge value {transformation:[-0.9063599039019807f,-0.14176819428855073f,-0.3980119391261473f,0.17938326472810828f,-0.2842094328531558f,0.9016152416975725f,0.32605974025616147f,1.4324344444444446f,0.3126287300874309f,0.4086462223327064f,-0.8574797619169379f,-0.125192678841398f,0f,0f,0f,1f],start_interpolation:0}
execute if entity @s[tag=aj.tultaria.bone.rod] run data modify entity @s {} merge value {transformation:[-0.04348490004414664f,0.03735033505975047f,-0.028460778961141305f,-0.21652730974480627f,0.014745083804515769f,0.04768848214281679f,0.040054852072027976f,0.8981547425094505f,0.04458302335809423f,0.02065819793299046f,-0.041007229684691046f,0.40024791223822487f,0f,0f,0f,1f],start_interpolation:0}
execute if entity @s[tag=aj.tultaria.bone.sword] run data modify entity @s {} merge value {transformation:[-0.000006794515631897919f,-0.000002570410024320825f,-0.000006872230324630125f,-0.269973750741191f,0.000002303919344455591f,0.000008145121647907472f,-0.00000532437310817268f,0.8803964915163147f,0.00000696609739970223f,-0.000005200960069800585f,-0.000004942013898220213f,0.39885127646438706f,0f,0f,0f,1f],start_interpolation:0}
execute if entity @s[tag=aj.tultaria.bone.right_hand] run data modify entity @s {} merge value {transformation:[-0.6794515631897918f,-0.2570410024320825f,-0.6872230324630124f,-0.3988205647147138f,0.23039193444555908f,0.8145121647907472f,-0.532437310817268f,1.1370421404538222f,0.6966097399702229f,-0.5200960069800584f,-0.4942013898220213f,0.1434367358929503f,0f,0f,0f,1f],start_interpolation:0}
execute if entity @s[tag=aj.tultaria.bone.right_arm] run data modify entity @s {} merge value {transformation:[-0.6794515631897918f,0.2666329984758457f,-0.683558642255899f,-0.17938326472810828f,0.23039193444555908f,0.9620444673221752f,0.14625320316911175f,1.4324344444444446f,0.6966097399702229f,-0.05811443038154926f,-0.7150927094860124f,0.125192678841398f,0f,0f,0f,1f],start_interpolation:0}
execute if entity @s[tag=aj.tultaria.bone.skirt] run data modify entity @s {} merge value {transformation:[-0.8148892840211738f,0.01577935165231429f,-0.5794018181270156f,0.035006442865864046f,0f,0.9996293644209887f,0.0272237724661754f,0.8828778473474613f,0.5796166446777203f,0.02218436045331702f,-0.8145872570595605f,0.049215935092673836f,0f,0f,0f,1f],start_interpolation:0}
execute if entity @s[tag=aj.tultaria.bone.left_foot] run data modify entity @s {} merge value {transformation:[-0.8148892840211738f,0.2275912115615744f,-0.533064438138011f,0.16580276373641156f,0f,0.9196844897965389f,0.39265817096767497f,0.42925311210312395f,0.5796166446777203f,0.3199729358049123f,-0.74944103541568f,0.017444108140680023f,0f,0f,0f,1f],start_interpolation:0}
execute if entity @s[tag=aj.tultaria.bone.left_leg] run data modify entity @s {} merge value {transformation:[-0.8148892840211738f,0.01577935165231429f,-0.5794018181270156f,0.10028100281842212f,0f,0.9996293644209887f,0.0272237724661754f,0.8699939305955784f,0.5796166446777203f,0.02218436045331702f,-0.8145872570595605f,-0.07467364129343884f,0f,0f,0f,1f],start_interpolation:0}
execute if entity @s[tag=aj.tultaria.bone.right_foot] run data modify entity @s {} merge value {transformation:[-0.8148892840211738f,0.22759121156157439f,-0.533064438138011f,0.054853478675453676f,0f,0.919684489796539f,0.39265817096767497f,0.5060622958552613f,0.5796166446777203f,0.3199729358049124f,-0.7494410354156802f,0.2927788798374965f,0f,0f,0f,1f],start_interpolation:0}
execute if entity @s[tag=aj.tultaria.bone.right_leg] run data modify entity @s {} merge value {transformation:[-0.8148892840211738f,-0.2071492564515485f,-0.5413359773181802f,-0.10344131818687133f,0f,0.9339551965751001f,-0.35739011009031335f,0.8699939305955784f,0.5796166446777203f,-0.29123337092774393f,-0.7610700814449379f,0.07023051987599124f,0f,0f,0f,1f],start_interpolation:0}
execute if entity @s[tag=aj.tultaria.bone.lower] run data modify entity @s {} merge value {transformation:[-0.8148892840211738f,0.0252825229475938f,-0.5790649780645201f,0f,0f,0.9990482215818578f,0.043619387365336f,0.9324344444444445f,0.5796166446777203f,0.035544971339580886f,-0.814113689987467f,0f,0f,0f,0f,1f],start_interpolation:0}