execute if entity @s[tag=aj.tultaria.bone.head] run data modify entity @s {} merge value {transformation:[-0.9834358929841415f,-0.006437642116630073f,0.1811419364875578f,0f,-0.003944342529189491f,0.9998925111117493f,0.01412120337127402f,1.5311311111111112f,-0.1812133729957496f,0.013172812403531919f,-0.983355576818927f,0f,0f,0f,0f,1f],start_interpolation:0}
execute if entity @s[tag=aj.tultaria.bone.bust] run data modify entity @s {} merge value {transformation:[-0.9851025441174837f,0f,0.17196795507669765f,0.406567294520393f,0f,1f,0f,0.3748811111111111f,-0.17196795507669765f,0f,-0.9851025441174837f,0.5785352495970907f,0f,0f,0f,1f],start_interpolation:0}
execute if entity @s[tag=aj.tultaria.bone.left_wing] run data modify entity @s {} merge value {transformation:[-0.8967898359285856f,-0.1624195563258095f,-0.4115675860634649f,0.08306490339192996f,-0.2365718452468234f,0.9620754465696395f,0.1358108874293283f,1.4373811111111112f,0.3739007250751105f,0.21915912673387766f,-0.9012033760242749f,-0.1123898208223918f,0f,0f,0f,1f],start_interpolation:0}
execute if entity @s[tag=aj.tultaria.bone.right_wing] run data modify entity @s {} merge value {transformation:[-0.7170662396672106f,0.07855932378009368f,0.6925636725794537f,-0.04007291462275553f,0.2365718452468234f,0.9620754465696395f,0.1358108874293283f,1.4373811111111112f,-0.6556292930963652f,0.2612264683278535f,-0.7084567469358433f,-0.13388581520697906f,0f,0f,0f,1f],start_interpolation:0}
execute if entity @s[tag=aj.tultaria.bone.body] run data modify entity @s {} merge value {transformation:[-0.9851025441174837f,0f,0.17196795507669765f,0.406567294520393f,0f,1f,0f,0.3748811111111111f,-0.17196795507669765f,0f,-0.9851025441174837f,0.5785352495970907f,0f,0f,0f,1f],start_interpolation:0}
execute if entity @s[tag=aj.tultaria.bone.left_hand] run data modify entity @s {} merge value {transformation:[-0.21296647100433314f,-0.6790086352603406f,0.7025614246952718f,0.5820376002223563f,-0.8884746636196436f,0.4337566171423256f,0.14989319261129624f,1.3755071401813947f,-0.4065194390603254f,-0.5922858012202686f,-0.6956575848353432f,0.07484054419956317f,0f,0f,0f,1f],start_interpolation:0}
execute if entity @s[tag=aj.tultaria.bone.left_arm] run data modify entity @s {} merge value {transformation:[-0.21296647100433314f,-0.9142002517898083f,0.34479440519737475f,0.21549118152569954f,-0.8884746636196436f,0.3280237397466209f,0.32095669220099193f,1.3748811111111112f,-0.4065194390603254f,-0.23798807909240338f,-0.8821018194494252f,0.03761799017302761f,0f,0f,0f,1f],start_interpolation:0}
execute if entity @s[tag=aj.tultaria.bone.rod] run data modify entity @s {} merge value {transformation:[-0.9627005624378475f,0.4241603101371412f,0.11040600321861851f,-0.5004435496733013f,-0.40479403067951714f,-0.7582804006583924f,-0.6164790782046639f,1.8927296619571865f,-0.16805727288212075f,-0.603318069049988f,0.8524423075784731f,-0.24269607558071993f,0f,0f,0f,1f],start_interpolation:0}
execute if entity @s[tag=aj.tultaria.bone.sword] run data modify entity @s {} merge value {transformation:[-0.0000091011607793494f,0.0000024925212036047983f,-0.0000033100166945217506f,-0.5444003803643389f,-0.000003826834323650898f,-0.00000811933838072737f,0.0000044081383052911215f,1.9014339530018296f,-0.000001588776739431814f,0.000005278606095251661f,0.000008343386971932469f,-0.20855137646051092f,0f,0f,0f,1f],start_interpolation:0}
execute if entity @s[tag=aj.tultaria.bone.right_hand] run data modify entity @s {} merge value {transformation:[-0.91011607793494f,0.2492521203604798f,-0.331001669452175f,-0.44834921321964327f,-0.3826834323650898f,-0.8119338380727369f,0.4408138305291121f,1.6433562014960492f,-0.1588776739431814f,0.527860609525166f,0.8343386971932468f,0.05954399014037315f,0f,0f,0f,1f],start_interpolation:0}
execute if entity @s[tag=aj.tultaria.bone.right_arm] run data modify entity @s {} merge value {transformation:[-0.91011607793494f,0.39543726523372447f,-0.12376628761013685f,-0.21549118152569954f,-0.3826834323650898f,-0.9167119144630287f,-0.1148592898933429f,1.3748811111111112f,-0.1588776739431814f,-0.05717197867838951f,0.9856415421320279f,-0.03761799017302761f,0f,0f,0f,1f],start_interpolation:0}
execute if entity @s[tag=aj.tultaria.bone.skirt] run data modify entity @s {} merge value {transformation:[-0.9784497056875531f,-0.03272848158705577f,-0.2038750105651657f,0.012470855421961665f,0f,0.9873585390151003f,-0.15850273005209264f,0.825324514014128f,0.20648528625531812f,-0.15508694957014374f,-0.9660806719074173f,0.059094306614189296f,0f,0f,0f,1f],start_interpolation:0}
execute if entity @s[tag=aj.tultaria.bone.left_foot] run data modify entity @s {} merge value {transformation:[-0.9784497056875531f,0.006341775218060064f,-0.20638787592061766f,0.16154637762052593f,0f,0.9995282456369311f,0.030712964265252718f,0.40028407769965024f,0.20648528625531812f,0.030051090846128836f,-0.9779881177698515f,0.16013250259783252f,0f,0f,0f,1f],start_interpolation:0}
execute if entity @s[tag=aj.tultaria.bone.left_leg] run data modify entity @s {} merge value {transformation:[-0.9784497056875531f,-0.03272848158705577f,-0.2038750105651657f,0.12174329060554333f,0f,0.9873585390151003f,-0.15850273005209264f,0.812440597262245f,0.20648528625531812f,-0.15508694957014374f,-0.9660806719074173f,-0.028478121827532538f,0f,0f,0f,1f],start_interpolation:0}
execute if entity @s[tag=aj.tultaria.bone.right_foot] run data modify entity @s {} merge value {transformation:[-0.9784497056875531f,0.006341775218060092f,-0.20638787592061764f,-0.05352788924392665f,0f,0.999528245636931f,0.030712964265252995f,0.5054255053222485f,0.20648528625531812f,0.030051090846129058f,-0.9779881177698515f,0.3517231365018557f,0f,0f,0f,1f],start_interpolation:0}
execute if entity @s[tag=aj.tultaria.bone.right_leg] run data modify entity @s {} merge value {transformation:[-0.9784497056875531f,-0.10825676308499987f,-0.17583130178184678f,-0.12286913581634494f,0f,0.851543976670726f,-0.5242831828275689f,0.812440597262245f,0.20648528625531812f,-0.5129847259345685f,-0.8331929533534804f,0.023143199736296992f,0f,0f,0f,1f],start_interpolation:0}
execute if entity @s[tag=aj.tultaria.bone.lower] run data modify entity @s {} merge value {transformation:[-0.9784497056875531f,0.00900676168641301f,-0.2062887580161964f,0f,0f,0.9990482215818578f,0.043619387365336f,0.8748811111111111f,0.20648528625531812f,0.04267937672988438f,-0.9775184383744421f,0f,0f,0f,0f,1f],start_interpolation:0}