execute if entity @s[tag=aj.tultaria.bone.head] run data modify entity @s {} merge value {transformation:[-0.9611516295377847f,0.03235234757655453f,-0.2741183515256633f,0f,-0.019717020323031242f,0.9825227941820291f,0.18509510534403426f,1.4866929861111111f,0.2753157898603755f,0.1833092592288338f,-0.94371549279141f,0f,0f,0f,0f,1f],start_interpolation:0}
execute if entity @s[tag=aj.tultaria.bone.bust] run data modify entity @s {} merge value {transformation:[-0.8293446597123183f,0f,-0.5587373581627231f,0.6940410089375206f,0f,1f,0f,0.3304429861111111f,0.5587373581627231f,0f,-0.8293446597123183f,0.1353036507747976f,0f,0f,0f,1f],start_interpolation:0}
execute if entity @s[tag=aj.tultaria.bone.left_wing] run data modify entity @s {} merge value {transformation:[-0.23715054169941635f,0.08737260820126067f,-0.9675358638871132f,-0.018008128538320567f,-0.3648971080884846f,0.9150096039518018f,0.17206837357465685f,1.3929429861111111f,0.9003386702126785f,0.39385714670686867f,-0.18511301117855006f,-0.13858916734920995f,0f,0f,0f,1f],start_interpolation:0}
execute if entity @s[tag=aj.tultaria.bone.right_wing] run data modify entity @s {} merge value {transformation:[-0.9234880923405739f,0.332196305578493f,0.1918732859602092f,-0.12167621100236037f,0.3648971080884846f,0.9150096039518018f,0.17206837357465685f,1.3929429861111111f,-0.1184054213869809f,0.22891710123092016f,-0.9662179448500242f,-0.06874699757886954f,0f,0f,0f,1f],start_interpolation:0}
execute if entity @s[tag=aj.tultaria.bone.body] run data modify entity @s {} merge value {transformation:[-0.8293446597123183f,0f,-0.5587373581627231f,0.6940410089375206f,0f,1f,0f,0.3304429861111111f,0.5587373581627231f,0f,-0.8293446597123183f,0.1353036507747976f,0f,0f,0f,1f],start_interpolation:0}
execute if entity @s[tag=aj.tultaria.bone.left_hand] run data modify entity @s {} merge value {transformation:[-0.587310028464739f,-0.6712250208362013f,-0.4522431888577084f,0.35844994103785294f,-0.8093540331063213f,0.48457943937727943f,0.3318566196828586f,1.3192506342805626f,-0.0036027155423966617f,0.5609275695990018f,-0.8278570420697513f,-0.4451433161289769f,0f,0f,0f,1f],start_interpolation:0}
execute if entity @s[tag=aj.tultaria.bone.left_arm] run data modify entity @s {} merge value {transformation:[-0.587310028464739f,-0.5232302704834113f,-0.6174925218288915f,0.18141914431206962f,-0.8093540331063213f,0.3762799279574174f,0.450953949878358f,1.3304429861111111f,-0.0036027155423966617f,0.7646198400945514f,-0.644471504858441f,-0.12222379709809567f,0f,0f,0f,1f],start_interpolation:0}
execute if entity @s[tag=aj.tultaria.bone.rod] run data modify entity @s {} merge value {transformation:[-0.9935774133372763f,0.3161465763675871f,0.06985890034248038f,-0.182345210927821f,0.12172841056181676f,0.15582279001348598f,1.0261220454578037f,0.843904526825874f,0.30001852904129284f,0.9837660292790487f,-0.18498184199653905f,0.6431055738093674f,0f,0f,0f,1f],start_interpolation:0}
execute if entity @s[tag=aj.tultaria.bone.sword] run data modify entity @s {} merge value {transformation:[-0.000009507917830978723f,-0.000001270375120863721f,-0.0000028258884570427386f,-0.22530380629201735f,0.000001164865172840352f,0.000006985888740854523f,-0.000007059776740769191f,0.8144520270186446f,0.0000028709907085291185f,-0.0000070415556202228866f,-0.000006494144038966719f,0.6216361195908645f,0f,0f,0f,1f],start_interpolation:0}
execute if entity @s[tag=aj.tultaria.bone.right_hand] run data modify entity @s {} merge value {transformation:[-0.9507917830978722f,-0.1270375120863721f,-0.28258884570427384f,-0.26530788367324476f,0.11648651728403518f,0.6985888740854522f,-0.705977674076919f,1.0176281453483038f,0.2870990708529118f,-0.7041555620222886f,-0.6494144038966718f,0.2978704375639253f,0f,0f,0f,1f],start_interpolation:0}
execute if entity @s[tag=aj.tultaria.bone.right_arm] run data modify entity @s {} merge value {transformation:[-0.9507917830978722f,-0.0956395913856693f,-0.2946999385021165f,-0.18141914431206962f,0.11648651728403518f,0.7710358053577638f,-0.626046865775511f,1.3304429861111111f,0.2870990708529118f,-0.6295687852934632f,-0.7219537852934272f,0.12222379709809567f,0f,0f,0f,1f],start_interpolation:0}
execute if entity @s[tag=aj.tultaria.bone.skirt] run data modify entity @s {} merge value {transformation:[-0.7094586597332943f,-0.2103519467742424f,-0.6726220845450469f,0.042563800931988686f,0f,0.9544163125225253f,-0.29847864645717176f,0.780886389014128f,0.7047470540055047f,-0.21175826047451285f,-0.6771189179098237f,0.042848362388652944f,0f,0f,0f,1f],start_interpolation:0}
execute if entity @s[tag=aj.tultaria.bone.left_foot] run data modify entity @s {} merge value {transformation:[-0.7094586597332943f,-0.1792218052891018f,-0.6815775485139994f,0.2628677800770709f,0f,0.9671236575451874f,-0.25430656896041726f,0.38775516634078666f,0.7047470540055047f,-0.18041999757603017f,-0.6861342538783699f,0.08725658743947684f,0f,0f,0f,1f],start_interpolation:0}
execute if entity @s[tag=aj.tultaria.bone.left_leg] run data modify entity @s {} merge value {transformation:[-0.7094586597332943f,-0.2103519467742424f,-0.6726220845450469f,0.08676104279520894f,0f,0.9544163125225253f,-0.29847864645717176f,0.768002472262245f,0.7047470540055047f,-0.21175826047451285f,-0.6771189179098237f,-0.09002751625685051f,0f,0f,0f,1f],start_interpolation:0}
execute if entity @s[tag=aj.tultaria.bone.right_foot] run data modify entity @s {} merge value {transformation:[-0.7094586597332943f,-0.17922180528910175f,-0.6815775485139994f,0.17464859334864802f,0f,0.9671236575451873f,-0.2543065689604171f,0.5123271722263594f,0.7047470540055047f,-0.1804199975760302f,-0.68613425387837f,0.3531848136813818f,0f,0f,0f,1f],start_interpolation:0}
execute if entity @s[tag=aj.tultaria.bone.right_leg] run data modify entity @s {} merge value {transformation:[-0.7094586597332943f,-0.4517411862468862f,-0.5409235720299994f,-0.09060362213811463f,0f,0.7675428637205403f,-0.6409976227348055f,0.768002472262245f,0.7047470540055047f,-0.454761314317663f,-0.544539931383029f,0.08615924724452567f,0f,0f,0f,1f],start_interpolation:0}
execute if entity @s[tag=aj.tultaria.bone.lower] run data modify entity @s {} merge value {transformation:[-0.7094586597332943f,0.030740634743245482f,-0.7040762909692531f,0f,0f,0.9990482215818578f,0.043619387365336f,0.8304429861111111f,0.7047470540055047f,0.03094615209859867f,-0.708783412292396f,0f,0f,0f,0f,1f],start_interpolation:0}