execute if entity @s[tag=aj.tultaria.bone.head] run data modify entity @s {} merge value {transformation:[-0.9801751777770119f,0.030218172143398656f,-0.19581492012130985f,0f,-0.005332506894625617f,0.9839198225972203f,0.17853108152496394f,1.5637877777777778f,0.19806106442211657f,0.1760359189840712f,-0.9642526484212588f,0f,0f,0f,0f,1f],start_interpolation:0}
execute if entity @s[tag=aj.tultaria.bone.bust] run data modify entity @s {} merge value {transformation:[-0.8228219349345383f,0f,-0.5682992727345183f,0.6955606038345283f,0f,1f,0f,0.4075377777777778f,0.5682992727345183f,0f,-0.8228219349345383f,0.12726133110000998f,0f,0f,0f,1f],start_interpolation:0}
execute if entity @s[tag=aj.tultaria.bone.left_wing] run data modify entity @s {} merge value {transformation:[-0.47144744055476934f,0.011731510923313822f,-0.8818161273450453f,-0.019611038158406036f,-0.11970915425468352f,0.9898054003662734f,0.07716856739236286f,1.4700377777777778f,0.8737316688674992f,0.14194238640102338f,-0.46523685339920884f,-0.13837144641272464f,0f,0f,0f,1f],start_interpolation:0}
execute if entity @s[tag=aj.tultaria.bone.right_wing] run data modify entity @s {} merge value {transformation:[-0.9840560496477013f,0.12859330711311273f,-0.12287169127782577f,-0.12246378002522329f,0.11970915425468352f,0.9898054003662734f,0.07716856739236286f,1.4700377777777778f,0.13154242486509443f,0.06122932934038993f,-0.9894177882417199f,-0.06733403732090987f,0f,0f,0f,1f],start_interpolation:0}
execute if entity @s[tag=aj.tultaria.bone.body] run data modify entity @s {} merge value {transformation:[-0.8228219349345383f,0f,-0.5682992727345183f,0.6955606038345283f,0f,1f,0f,0.4075377777777778f,0.5682992727345183f,0f,-0.8228219349345383f,0.12726133110000998f,0f,0f,0f,1f],start_interpolation:0}
execute if entity @s[tag=aj.tultaria.bone.left_hand] run data modify entity @s {} merge value {transformation:[-0.8639861609306705f,-0.4655876075356719f,-0.19171878736704545f,0.3083123548130233f,-0.4320449507373472f,0.8810474672383114f,-0.19259418738715783f,1.201866646294311f,0.2585828189625995f,-0.08356757853477348f,-0.9623675937785883f,-0.4017601203236201f,0f,0f,0f,1f],start_interpolation:0}
execute if entity @s[tag=aj.tultaria.bone.left_arm] run data modify entity @s {} merge value {transformation:[-0.8639861609306705f,-0.25592360432405636f,-0.4336254402938844f,0.17999229826693025f,-0.4320449507373472f,0.8190793209658007f,0.37742049031361014f,1.4075377777777778f,0.2585828189625995f,0.5134317624728593f,-0.818243699041654f,-0.12431546591067588f,0f,0f,0f,1f],start_interpolation:0}
execute if entity @s[tag=aj.tultaria.bone.rod] run data modify entity @s {} merge value {transformation:[-0.9697085101230581f,0.44976853562430186f,-0.09639949488389196f,-0.09478278555261116f,0.12732406929876625f,0.4785956614172186f,0.9521837885126998f,1.020348130247557f,0.4420103840733851f,0.8488660966793091f,-0.48576986643503556f,0.6504263658678502f,0f,0f,0f,1f],start_interpolation:0}
execute if entity @s[tag=aj.tultaria.bone.sword] run data modify entity @s {} merge value {transformation:[-0.000009035042499970766f,-0.000003143152295025189f,-0.000002913520323251564f,-0.13667441988026147f,0.0000011863135832824552f,0.0000046983282771753286f,-0.00000874747800694659f,0.9830515570377526f,0.000004118333049407437f,-0.000008249018429496483f,-0.000003872083140117974f,0.6451457669279453f,0f,0f,0f,1f],start_interpolation:0}
execute if entity @s[tag=aj.tultaria.bone.right_hand] run data modify entity @s {} merge value {transformation:[-0.9035042499970766f,-0.3143152295025189f,-0.2913520323251564f,-0.24907000065670026f,0.1186313583282455f,0.4698328277175328f,-0.874747800694659f,1.0871919655547995f,0.41183330494074366f,-0.8249018429496482f,-0.38720831401179734f,0.2926871355102574f,0f,0f,0f,1f],start_interpolation:0}
execute if entity @s[tag=aj.tultaria.bone.right_arm] run data modify entity @s {} merge value {transformation:[-0.9035042499970766f,-0.15448461165364724f,-0.3997681515571768f,-0.17999229826693025f,0.1186313583282455f,0.8061820211594991f,-0.5796526111218515f,1.4075377777777778f,0.41183330494074366f,-0.5711436365060952f,-0.710062163067557f,0.12431546591067588f,0f,0f,0f,1f],start_interpolation:0}
execute if entity @s[tag=aj.tultaria.bone.skirt] run data modify entity @s {} merge value {transformation:[-0.7908565007038446f,-0.032669681152008835f,-0.6111290266612247f,0.036962361754184485f,0f,0.9985741811195098f,-0.053381689758760384f,0.8579811806807947f,0.6120016301403697f,-0.0422172563642715f,-0.7897288825733827f,0.04776445459460506f,0f,0f,0f,1f],start_interpolation:0}
execute if entity @s[tag=aj.tultaria.bone.left_foot] run data modify entity @s {} merge value {transformation:[-0.7908565007038446f,0.14681257158422317f,-0.594131352580637f,0.18787273041380564f,0f,0.9708002778429955f,0.2398891838744776f,0.4148937709089712f,0.6120016301403697f,0.18971792051567052f,-0.7677637106172315f,0.03852991396008322f,0f,0f,0f,1f],start_interpolation:0}
execute if entity @s[tag=aj.tultaria.bone.left_leg] run data modify entity @s {} merge value {transformation:[-0.7908565007038446f,-0.032669681152008835f,-0.6111290266612247f,0.09718861657714871f,0f,0.9985741811195098f,-0.053381689758760384f,0.8450972639289117f,0.6120016301403697f,-0.0422172563642715f,-0.7897288825733827f,-0.0786562460209584f,0f,0f,0f,1f],start_interpolation:0}
execute if entity @s[tag=aj.tultaria.bone.right_foot] run data modify entity @s {} merge value {transformation:[-0.7908565007038446f,0.14681257158422314f,-0.594131352580637f,0.08401058705814411f,0f,0.9708002778429956f,0.2398891838744776f,0.5043456624154428f,0.6120016301403697f,0.18971792051567055f,-0.7677637106172316f,0.3128101453895973f,0f,0f,0f,1f],start_interpolation:0}
execute if entity @s[tag=aj.tultaria.bone.right_leg] run data modify entity @s {} merge value {transformation:[-0.7908565007038446f,-0.2640518032906647f,-0.5521074537383261f,-0.10052550859881244f,0f,0.902133959368203f,-0.43145604568095897f,0.8450972639289117f,0.6120016301403697f,-0.34121981849476135f,-0.7134585062720413f,0.07434416151413402f,0f,0f,0f,1f],start_interpolation:0}
execute if entity @s[tag=aj.tultaria.bone.lower] run data modify entity @s {} merge value {transformation:[-0.7908565007038446f,0.026695136173309878f,-0.6114191401969342f,0f,0f,0.9990482215818578f,0.043619387365336f,0.9075377777777778f,0.6120016301403697f,0.034496676054595124f,-0.7901037805546273f,0f,0f,0f,0f,1f],start_interpolation:0}