execute if entity @s[tag=aj.tultaria.bone.head] run data modify entity @s {} merge value {transformation:[-0.9736896301633463f,0.03269570797878532f,-0.22552049749885678f,0f,-0.00922978377526848f,0.983182843781153f,0.1823905337068424f,1.54234f,0.22769127169004016f,0.17967327673911615f,-0.9570131652291943f,0f,0f,0f,0f,1f],start_interpolation:0}
execute if entity @s[tag=aj.tultaria.bone.bust] run data modify entity @s {} merge value {transformation:[-0.8174583613227183f,0f,-0.5759876973543585f,0.6967230293385385f,0f,1f,0f,0.38609000000000004f,0.5759876973543585f,0f,-0.8174583613227183f,0.1207353319841799f,0f,0f,0f,1f],start_interpolation:0}
execute if entity @s[tag=aj.tultaria.bone.left_wing] run data modify entity @s {} merge value {transformation:[-0.40286165043964356f,0.02957770241622734f,-0.9147828431517633f,-0.02090731458662487f,-0.19834987603793608f,0.9729038534880844f,0.11880832691260071f,1.44859f,0.8935098305451271f,0.229310382206766f,-0.3860789185275532f,-0.1381815262499872f,0f,0f,0f,1f],start_interpolation:0}
execute if entity @s[tag=aj.tultaria.bone.right_wing] run data modify entity @s {} merge value {transformation:[-0.9769644021511517f,0.20598753653681526f,-0.055764609932615616f,-0.1230896097519647f,0.19834987603793608f,0.9729038534880844f,0.11880832691260071f,1.44859f,0.07872663847248884f,0.1050106026053094f,-0.9913500339109753f,-0.06618306408069236f,0f,0f,0f,1f],start_interpolation:0}
execute if entity @s[tag=aj.tultaria.bone.body] run data modify entity @s {} merge value {transformation:[-0.8174583613227183f,0f,-0.5759876973543585f,0.6967230293385385f,0f,1f,0f,0.38609000000000004f,0.5759876973543585f,0f,-0.8174583613227183f,0.1207353319841799f,0f,0f,0f,1f],start_interpolation:0}
execute if entity @s[tag=aj.tultaria.bone.left_hand] run data modify entity @s {} merge value {transformation:[-0.80882047745595f,-0.537515914731364f,-0.23850802220980769f,0.3244310779643981f,-0.5481456664809647f,0.8360027884596863f,-0.025212417689857658f,1.226351551026805f,0.21294544739455717f,0.11034481908152222f,-0.970813193841018f,-0.42436443665586177f,0f,0f,0f,1f],start_interpolation:0}
execute if entity @s[tag=aj.tultaria.bone.left_arm] run data modify entity @s {} merge value {transformation:[-0.80882047745595f,-0.3348502718072854f,-0.48340948554875934f,0.17881901653934462f,-0.5481456664809647f,0.726979005292975f,0.4135672305458637f,1.38609f,0.21294544739455717f,0.5994804595095854f,-0.7715422315726523f,-0.12599730879626592f,0f,0f,0f,1f],start_interpolation:0}
execute if entity @s[tag=aj.tultaria.bone.rod] run data modify entity @s {} merge value {transformation:[-0.5863248002510537f,0.20946456490660315f,-0.04151896746126428f,-0.10684306927519832f,0.054637533302588887f,0.2644444379555555f,0.5625476683704049f,1.0241820592222666f,0.2064315105916986f,0.5249473642974675f,-0.2668188451964585f,0.7096051103568213f,0f,0f,0f,1f],start_interpolation:0}
execute if entity @s[tag=aj.tultaria.bone.sword] run data modify entity @s {} merge value {transformation:[-0.000009396230773254065f,-0.000002537243778723171f,-0.0000022963539063227793f,-0.14697044937750534f,8.756014952337962e-7f,0.0000047044517236740645f,-0.00000878074347656077f,0.9857585788484935f,0.0000033081972851233747f,-0.000008451658298047239f,-0.000004198249961085171f,0.7002639301802451f,0f,0f,0f,1f],start_interpolation:0}
execute if entity @s[tag=aj.tultaria.bone.right_hand] run data modify entity @s {} merge value {transformation:[-0.9396230773254065f,-0.2537243778723171f,-0.22963539063227792f,-0.230694134806352f,0.08756014952337961f,0.4704451723674064f,-0.8780743476560768f,1.0908397054030343f,0.33081972851233743f,-0.8451658298047238f,-0.4198249961085171f,0.34018979966648527f,0f,0f,0f,1f],start_interpolation:0}
execute if entity @s[tag=aj.tultaria.bone.right_arm] run data modify entity @s {} merge value {transformation:[-0.9396230773254065f,-0.18403644161037688f,-0.2885118034273877f,-0.17881901653934462f,0.08756014952337961f,0.68572380557615f,-0.7225760047784635f,1.38609f,0.33081972851233743f,-0.7042112258587995f,-0.6282076540455954f,0.12599730879626592f,0f,0f,0f,1f],start_interpolation:0}
execute if entity @s[tag=aj.tultaria.bone.skirt] run data modify entity @s {} merge value {transformation:[-0.7685583891922414f,-0.07841282820021173f,-0.634956243197806f,0.0386400391028819f,0f,0.9924608289187784f,-0.12256224158300678f,0.8365334029030169f,0.639779651444329f,-0.09419623896682602f,-0.762764096010213f,0.046417741083502176f,0f,0f,0f,1f],start_interpolation:0}
execute if entity @s[tag=aj.tultaria.bone.left_foot] run data modify entity @s {} merge value {transformation:[-0.7685583891922414f,0.06598671157922888f,-0.6363676266885258f,0.20800076660854794f,0f,0.994666875152874f,0.10313974730246753f,0.4047681536970443f,0.639779651444329f,0.0792689180484793f,-0.7644595713503731f,0.05448865723803094f,0f,0f,0f,1f],start_interpolation:0}
execute if entity @s[tag=aj.tultaria.bone.left_leg] run data modify entity @s {} merge value {transformation:[-0.7685583891922414f,-0.07841282820021173f,-0.634956243197806f,0.09432562387122956f,0f,0.9924608289187784f,-0.12256224158300678f,0.823649486151134f,0.639779651444329f,-0.09419623896682602f,-0.762764096010213f,-0.08206770931123207f,0f,0f,0f,1f],start_interpolation:0}
execute if entity @s[tag=aj.tultaria.bone.right_foot] run data modify entity @s {} merge value {transformation:[-0.7685583891922414f,0.06598671157922897f,-0.6363676266885258f,0.1097641681388411f,0f,0.994666875152874f,0.10313974730246761f,0.5046482470462754f,0.639779651444329f,0.07926891804847935f,-0.7644595713503731f,0.32723793540975366f,0f,0f,0f,1f],start_interpolation:0}
execute if entity @s[tag=aj.tultaria.bone.right_leg] run data modify entity @s {} merge value {transformation:[-0.7685583891922414f,-0.31543124160907837f,-0.5566157868936008f,-0.09781397342683079f,0f,0.8700117073699007f,-0.4930310629557838f,0.823649486151134f,0.639779651444329f,-0.37892315956703576f,-0.6686547963946027f,0.07787720354985019f,0f,0f,0f,1f],start_interpolation:0}
execute if entity @s[tag=aj.tultaria.bone.lower] run data modify entity @s {} merge value {transformation:[-0.7685583891922414f,0.027906796444809836f,-0.6391707229797178f,0f,0f,0.9990482215818578f,0.043619387365336f,0.88609f,0.639779651444329f,0.03352404609105504f,-0.7678268919043261f,0f,0f,0f,0f,1f],start_interpolation:0}