execute if entity @s[tag=aj.tultaria.bone.head] run data modify entity @s {} merge value {transformation:[-0.9809164479404415f,0.04145970111925906f,-0.18995793045568982f,0f,0f,0.9770004041949054f,0.21323745028252272f,1.15625f,0.19442973579138295f,0.20916812229900872f,-0.9583557661192423f,0f,0f,0f,0f,1f],start_interpolation:0}
execute if entity @s[tag=aj.tultaria.bone.bust] run data modify entity @s {} merge value {transformation:[-0.7256146078904151f,0f,-0.6881013303402626f,0.7068579691153388f,0f,1f,0f,0f,0.6881013303402626f,0f,-0.7256146078904151f,0.018756638775076273f,0f,0f,0f,1f],start_interpolation:0}
execute if entity @s[tag=aj.tultaria.bone.left_wing] run data modify entity @s {} merge value {transformation:[-0.4070555058115612f,0f,-0.913403424116909f,-0.04066175329938182f,0f,1f,0f,1.0625f,0.913403424116909f,0f,-0.4070555058115612f,-0.13370815913256828f,0f,0f,0f,1f],start_interpolation:0}
execute if entity @s[tag=aj.tultaria.bone.right_wing] run data modify entity @s {} merge value {transformation:[-0.9337054636307534f,0f,-0.35804204667340345f,-0.13136357928568376f,0f,1f,0f,1.0625f,0.35804204667340345f,0f,-0.9337054636307534f,-0.04769549284003549f,0f,0f,0f,1f],start_interpolation:0}
execute if entity @s[tag=aj.tultaria.bone.body] run data modify entity @s {} merge value {transformation:[-0.7256146078904151f,0f,-0.6881013303402626f,0.7068579691153388f,0f,1f,0f,0f,0.6881013303402626f,0f,-0.7256146078904151f,0.018756638775076273f,0f,0f,0f,1f],start_interpolation:0}
execute if entity @s[tag=aj.tultaria.bone.left_hand] run data modify entity @s {} merge value {transformation:[-0.6287927639159788f,-0.5993070740980224f,-0.49542980429418193f,0.2621894247322888f,-0.768057618216755f,0.5780776035758985f,0.2755245530676924f,0.9816021587717312f,0.12127306026529305f,0.5537664807299316f,-0.8237933780225941f,-0.5036503027823163f,0f,0f,0f,1f],start_interpolation:0}
execute if entity @s[tag=aj.tultaria.bone.left_arm] run data modify entity @s {} merge value {transformation:[-0.6287927639159788f,-0.3224597510188648f,-0.7075587389183711f,0.1587281954760283f,-0.768057618216755f,0.39948990622372604f,0.5004950648353726f,1f,0.12127306026529305f,0.858153554906236f,-0.498864030629269f,-0.15052216601193244f,0f,0f,0f,1f],start_interpolation:0}
execute if entity @s[tag=aj.tultaria.bone.rod] run data modify entity @s {} merge value {transformation:[-0.7781942527661416f,0.29911249860323547f,0.15507874819290132f,-0.23565767414592975f,0.18223226978197732f,0.04536957283343196f,0.8269443764311006f,0.4386876837521417f,0.28338861094238865f,0.7921977752053098f,-0.10591307826657748f,0.5807551908034612f,0f,0f,0f,1f],start_interpolation:0}
execute if entity @s[tag=aj.tultaria.bone.right_hand] run data modify entity @s {} merge value {transformation:[-0.9176819018468643f,-0.017988341721079184f,-0.39690848641071896f,-0.29201686309267433f,0.21489654455421836f,0.817771286661908f,-0.5339190929813096f,0.6786120296276934f,0.33418468271508067f,-0.5752621509133493f,-0.7465882771415364f,0.2717083495682632f,0f,0f,0f,1f],start_interpolation:0}
execute if entity @s[tag=aj.tultaria.bone.right_arm] run data modify entity @s {} merge value {transformation:[-0.9176819018468643f,0.02941036196915267f,-0.3962258921771338f,-0.1587281954760283f,0.21489654455421836f,0.8755391327377854f,-0.43272474182027476f,1f,0.33418468271508067f,-0.4822512391416014f,-0.8097866016334246f,0.15052216601193244f,0f,0f,0f,1f],start_interpolation:0}
execute if entity @s[tag=aj.tultaria.bone.skirt] run data modify entity @s {} merge value {transformation:[-0.995692394104561f,0f,-0.09271815530049958f,0.005794884706281224f,0f,1f,0f,0.453125f,0.09271815530049958f,0f,-0.995692394104561f,0.06223077463153506f,0f,0f,0f,1f],start_interpolation:0}
execute if entity @s[tag=aj.tultaria.bone.left_foot] run data modify entity @s {} merge value {transformation:[-0.995692394104561f,0.03548170191295462f,-0.08566040597433444f,0.13605131867563258f,0f,0.9238795325112867f,0.3826834323650897f,0f,0.09271815530049958f,0.38103498295574706f,-0.9198998235903657f,0.11287177985050768f,0f,0f,0f,1f],start_interpolation:0}
execute if entity @s[tag=aj.tultaria.bone.left_leg] run data modify entity @s {} merge value {transformation:[-0.995692394104561f,0f,-0.09271815530049958f,0.12446154926307013f,0f,1f,0f,0.4375f,0.09271815530049958f,0f,-0.995692394104561f,-0.011589769412562448f,0f,0f,0f,1f],start_interpolation:0}
execute if entity @s[tag=aj.tultaria.bone.right_foot] run data modify entity @s {} merge value {transformation:[-0.995692394104561f,0.03548170191295463f,-0.08566040597433444f,-0.09823075392936068f,0f,0.9238795325112867f,0.38268343236508984f,0.08113813357194827f,0.09271815530049958f,0.3810349829557471f,-0.9198998235903656f,0.2932800524044975f,0f,0f,0f,1f],start_interpolation:0}
execute if entity @s[tag=aj.tultaria.bone.right_leg] run data modify entity @s {} merge value {transformation:[-0.995692394104561f,-0.03548170191295462f,-0.08566040597433444f,-0.12446154926307013f,0f,0.9238795325112867f,-0.3826834323650897f,0.4375f,0.09271815530049958f,-0.38103498295574706f,-0.9198998235903657f,0.011589769412562448f,0f,0f,0f,1f],start_interpolation:0}
execute if entity @s[tag=aj.tultaria.bone.lower] run data modify entity @s {} merge value {transformation:[-0.995692394104561f,0f,-0.09271815530049958f,0f,0f,1f,0f,0.5f,0.09271815530049958f,0f,-0.995692394104561f,0f,0f,0f,0f,1f],start_interpolation:0}