execute if entity @s[tag=aj.blazing_inferno.bone.body] run data modify entity @s {} merge value {transformation:[-0.7071067811865474f,0f,0.7071067811865477f,0f,0f,1f,0f,0.71875f,-0.7071067811865477f,0f,-0.7071067811865474f,0f,0f,0f,0f,1f],start_interpolation:0}
execute if entity @s[tag=aj.blazing_inferno.bone.left_hand] run data modify entity @s {} merge value {transformation:[-0.5781829383657836f,0.8022228423451876f,0.14880524521103633f,0.19333412972152575f,-0.623167742761177f,-0.3164703060684766f,-0.7151982310932152f,1.4026046560049f,-0.5266559162913181f,-0.506246043536671f,0.6828971293238969f,0.8478445951626196f,0f,0f,0f,1f],start_interpolation:0}
execute if entity @s[tag=aj.blazing_inferno.bone.left_arm] run data modify entity @s {} merge value {transformation:[-0.5781829383657836f,0.4016674720661333f,0.7101885183996643f,0.29831067331307465f,-0.623167742761177f,0.3444504390829567f,-0.7021508807923678f,1.46875f,-0.5266559162913181f,-0.8485382353786778f,0.051150844917672134f,0.2983106733130748f,0f,0f,0f,1f],start_interpolation:0}
execute if entity @s[tag=aj.blazing_inferno.bone.right_hand] run data modify entity @s {} merge value {transformation:[-0.40557978767263886f,0.7071067811865478f,-0.5792279653395689f,-0.6820717400883405f,0.8191520442889917f,1.2735955320387544e-16f,-0.5735764363510463f,1.3176285264926926f,-0.4055797876726391f,-0.7071067811865472f,-0.5792279653395693f,-0.6820717400883408f,0f,0f,0f,1f],start_interpolation:0}
execute if entity @s[tag=aj.blazing_inferno.bone.right_arm] run data modify entity @s {} merge value {transformation:[-0.40557978767263886f,0.579227965339569f,0.7071067811865477f,-0.29831067331307465f,0.8191520442889917f,0.5735764363510463f,0f,1.46875f,-0.4055797876726391f,0.5792279653395692f,-0.7071067811865474f,-0.2983106733130748f,0f,0f,0f,1f],start_interpolation:0}
execute if entity @s[tag=aj.blazing_inferno.bone.head] run data modify entity @s {} merge value {transformation:[-0.7071067811865474f,0f,0.7071067811865477f,0f,0f,1f,0f,1.59375f,-0.7071067811865477f,0f,-0.7071067811865474f,0f,0f,0f,0f,1f],start_interpolation:0}
execute if entity @s[tag=aj.blazing_inferno.bone.bottom] run data modify entity @s {} merge value {transformation:[-1f,0f,1.2246467991473532e-16f,0f,0f,1f,0f,0.84375f,-1.2246467991473532e-16f,0f,-1f,0f,0f,0f,0f,1f],start_interpolation:0}