execute if entity @s[tag=aj.blazing_inferno.bone.helm] run data modify entity @s {} merge value {transformation:[-1.1649216526882522f,-0.0112845626451456f,0.39202155066835687f,0.3277184408256452f,0.024840659836542985f,1.2240675771050762f,0.1090513766233028f,-0.0505057997559093f,-0.39139644755848313f,0.11127407501507282f,-1.1598610242234124f,0.5598980258699978f,0f,0f,0f,1f],start_interpolation:0}
execute if entity @s[tag=aj.blazing_inferno.bone.head] run data modify entity @s {} merge value {transformation:[-0.9477328699836629f,-0.00918066113503371f,0.31893278698442595f,0.00241636422817423f,0.0202093503754926f,0.9958515881532825f,0.08871976403251755f,1.1865325183801185f,-0.3184242285221558f,0.09052806102921179f,-0.9436157485207425f,0.0363801098207377f,0f,0f,0f,1f],start_interpolation:0}
execute if entity @s[tag=aj.blazing_inferno.bone.body] run data modify entity @s {} merge value {transformation:[-0.8868011183906658f,0.003514711604617062f,0.4621378833458697f,-0.00021966947528856637f,0.027567534660902664f,0.9985927540074452f,0.04530499615435297f,0.43758795287453467f,-0.4613283076657926f,0.052916523375618474f,-0.8856500630046008f,-0.0033072827109761546f,0f,0f,0f,1f],start_interpolation:0}
execute if entity @s[tag=aj.blazing_inferno.bone.left_hand] run data modify entity @s {} merge value {transformation:[-0.7118319579394259f,0.6335510998342645f,0.30316376359142444f,0.29988828925786004f,-0.6024046503366166f,-0.3288024332170531f,-0.7273222100028048f,1.006528268476708f,-0.36111480294906506f,-0.7003584538001517f,0.6157062085781811f,0.4891804020618674f,0f,0f,0f,1f],start_interpolation:0}
execute if entity @s[tag=aj.blazing_inferno.bone.left_arm] run data modify entity @s {} merge value {transformation:[-0.7118319579394259f,0.12953774499052811f,0.6903008302753896f,0.2513898398249718f,-0.6024046503366166f,0.39272757702776967f,-0.6948911335559809f,1.053955055005809f,-0.36111480294906506f,-0.9104861464430231f,-0.20152190011607113f,0.15951413092978953f,0f,0f,0f,1f],start_interpolation:0}
execute if entity @s[tag=aj.blazing_inferno.bone.right_hand] run data modify entity @s {} merge value {transformation:[-0.39826135923705086f,0.748412481013291f,-0.5303457815446323f,-0.6009014125406611f,0.8985505441146703f,0.2020969177433383f,-0.38956867881013235f,1.017218529503156f,-0.18437681364500902f,-0.631692642114955f,-0.7529738351947834f,-0.2690472150327341f,0f,0f,0f,1f],start_interpolation:0}
execute if entity @s[tag=aj.blazing_inferno.bone.right_arm] run data modify entity @s {} merge value {transformation:[-0.39826135923705086f,0.8098212089766723f,0.43078706947889855f,-0.24743578926977763f,0.8985505441146703f,0.43883221803665234f,0.005762298522438307f,1.0694617932525667f,-0.18437681364500902f,0.3893788565197045f,-0.9024352035938763f,-0.09998304213221876f,0f,0f,0f,1f],start_interpolation:0}
execute if entity @s[tag=aj.blazing_inferno.bone.bottom] run data modify entity @s {} merge value {transformation:[-0.99780146829205f,0.010751545389681948f,-0.06539597958561925f,0.0006590084258656991f,2.168404344971009e-19f,0.9867531440117148f,0.1622289517410378f,0.687236141376396f,0.06627390040000002f,0.16187228624668762f,-0.9845837359366858f,0.009921848132928464f,0f,0f,0f,1f],start_interpolation:0}