execute if entity @s[tag=aj.blazing_inferno.bone.body] run data modify entity @s {} merge value {transformation:[-0.6010168201921635f,0.17413457482556002f,-0.7800358528275619f,0.00790149141725021f,-0.15656065563470015f,0.9314171876587835f,0.32855864566472043f,0.7150909056584802f,0.7837522203817564f,0.31959219700130964f,-0.5325347731956503f,0.03654045339253543f,0f,0f,0f,1f],start_interpolation:0}
execute if entity @s[tag=aj.blazing_inferno.bone.left_hand] run data modify entity @s {} merge value {transformation:[-0.8117917864751056f,-0.41135115846772347f,0.41446871997633106f,0.816523499507662f,-0.5386108087139787f,0.8016579270316955f,-0.25931248478181473f,1.3299737391380553f,-0.22559364385556244f,-0.4337450777294272f,-0.8723375008547225f,-0.39322009030319804f,0f,0f,0f,1f],start_interpolation:0}
execute if entity @s[tag=aj.blazing_inferno.bone.left_arm] run data modify entity @s {} merge value {transformation:[-0.8117917864751056f,-0.512482157154994f,-0.2799216569137166f,0.3920563935549892f,-0.5386108087139787f,0.4719409138715721f,0.6979757664493369f,1.479702822998457f,-0.22559364385556244f,0.7173798243690922f,-0.6591461866992332f,-0.054410866830035834f,0f,0f,0f,1f],start_interpolation:0}
execute if entity @s[tag=aj.blazing_inferno.bone.right_hand] run data modify entity @s {} merge value {transformation:[-0.034509035342290134f,-0.23891709799830296f,-0.9704265797904619f,-0.41345380893638345f,0.8466723756738367f,0.5089164566149555f,-0.15540247249416486f,1.262054835656061f,0.5309943641419993f,-0.826996167143807f,0.18472229096372345f,1.0770078307123934f,0f,0f,0f,1f],start_interpolation:0}
execute if entity @s[tag=aj.blazing_inferno.bone.right_arm] run data modify entity @s {} merge value {transformation:[-0.034509035342290134f,0.5495187130871629f,-0.8347684172552127f,-0.11505154848214873f,0.8466723756738367f,0.4598607145213408f,0.26772002448592347f,1.3476047698066789f,0.5309943641419993f,-0.697536599188136f,-0.4811316639366855f,0.6068800691170712f,0f,0f,0f,1f],start_interpolation:0}
execute if entity @s[tag=aj.blazing_inferno.bone.head] run data modify entity @s {} merge value {transformation:[-0.8599685440053746f,0.3904277867394975f,-0.3286643373762556f,0.16026924438961523f,0.22777460944445324f,0.8699301071230935f,0.4374246632429748f,1.5300809448599157f,0.45669774535649105f,0.3013100596769059f,-0.8370420642499377f,0.31618362576868136f,0f,0f,0f,1f],start_interpolation:0}
execute if entity @s[tag=aj.blazing_inferno.bone.bottom] run data modify entity @s {} merge value {transformation:[-0.9245562295729927f,0.27225943236718964f,-0.2665906597104771f,0.029668313270445213f,-0.006363489373815343f,0.6884995599996309f,0.725208840185573f,0.8315180541158281f,0.38099249908726696f,0.6721927977652024f,-0.6348240372511336f,0.07648947801769913f,0f,0f,0f,1f],start_interpolation:0}