execute if entity @s[tag=aj.blazing_inferno.bone.body] run data modify entity @s {} merge value {transformation:[-0.9985431035916988f,0.02561170192606054f,-0.047494325912766214f,0.0028102105639171366f,0.014769770573192623f,0.9762932670772615f,0.21594747170740874f,0.7192943775098914f,0.05189917289006332f,0.21493137831423656f,-0.9752491878844453f,0.009447152390866343f,0f,0f,0f,1f],start_interpolation:0}
execute if entity @s[tag=aj.blazing_inferno.bone.left_hand] run data modify entity @s {} merge value {transformation:[-0.7837521648632809f,0.2917638171406134f,0.5482758603838571f,0.8122920677452751f,-0.5122933592013584f,0.195385169783397f,-0.8362895129958887f,1.0880548512382535f,-0.35112399261558325f,-0.9363217985480483f,-0.003664883823541354f,0.3802679930050389f,0f,0f,0f,1f],start_interpolation:0}
execute if entity @s[tag=aj.blazing_inferno.bone.left_arm] run data modify entity @s {} merge value {transformation:[-0.7837521648632809f,-0.4179937468182577f,0.4593623533692704f,0.4432793588362105f,-0.5122933592013584f,0.8532395001774556f,-0.09766201643993064f,1.4452833308572721f,-0.35112399261558325f,-0.31187109990789413f,-0.8828637260936324f,0.1487507225635483f,0f,0f,0f,1f],start_interpolation:0}
execute if entity @s[tag=aj.blazing_inferno.bone.right_hand] run data modify entity @s {} merge value {transformation:[-0.5517609169105874f,-0.22658672576943256f,-0.8026321363333737f,-0.895943976841447f,0.8082042179230117f,0.09224569159186137f,-0.5816327660252576f,1.2967650216698048f,0.2058296205638069f,-0.9696129063125281f,0.13223078011844358f,0.4040936917133535f,0f,0f,0f,1f],start_interpolation:0}
execute if entity @s[tag=aj.blazing_inferno.bone.right_arm] run data modify entity @s {} merge value {transformation:[-0.5517609169105874f,0.7402304378379793f,-0.3842119069838687f,-0.3992413848192854f,0.8082042179230117f,0.5882702945301894f,-0.027276412975628966f,1.4577453247784034f,0.2058296205638069f,-0.32557174243407155f,-0.9228419191968915f,0.1925406496895392f,0f,0f,0f,1f],start_interpolation:0}
execute if entity @s[tag=aj.blazing_inferno.bone.head] run data modify entity @s {} merge value {transformation:[-0.9900623810750534f,0.1191263177331307f,0.07473554712009975f,0.02522044974922011f,0.137882505393138f,0.9268154363229445f,0.3492872194913824f,1.5735509862024952f,-0.027656758423697067f,0.35612086068756926f,-0.9340305328503122f,0.19751210841582334f,0f,0f,0f,1f],start_interpolation:0}
execute if entity @s[tag=aj.blazing_inferno.bone.bottom] run data modify entity @s {} merge value {transformation:[-0.9980172924980164f,0.03333691961419098f,-0.05338664313820114f,0.006011673304674704f,0.013511595672808222f,0.9419134824834896f,0.3355837128023343f,0.8413310358945492f,0.061472926213929524f,0.33419700972100574f,-0.940496378534354f,0.03631357468014591f,0f,0f,0f,1f],start_interpolation:0}