execute if entity @s[tag=aj.blazing_inferno.bone.body] run data modify entity @s {} merge value {transformation:[-0.8941302194556046f,0.0821939668087968f,-0.44019916228510336f,0.006070106553809745f,-0.041825809559884686f,0.9633849742450643f,0.2648395609675735f,0.7166813624022577f,0.4458494727045581f,0.25521274109861997f,-0.857953789239255f,0.026637299657561737f,0f,0f,0f,1f],start_interpolation:0}
execute if entity @s[tag=aj.blazing_inferno.bone.left_hand] run data modify entity @s {} merge value {transformation:[-0.6879625357144483f,-0.13070624291565588f,0.7138791406927505f,0.94797998568808f,-0.6413355477853973f,0.5699072674662305f,-0.5137065520664288f,1.2035113509750486f,-0.33970025699158746f,-0.8112469319215005f,-0.4759014087474436f,0.04144412895383365f,0f,0f,0f,1f],start_interpolation:0}
execute if entity @s[tag=aj.blazing_inferno.bone.left_arm] run data modify entity @s {} merge value {transformation:[-0.6879625357144483f,-0.704113397173422f,0.17587459559086172f,0.44492676799324055f,-0.6413355477853973f,0.7032553801954743f,0.3067907843676584f,1.4568653564941323f,-0.33970025699158746f,0.09826593584259818f,-0.9353863058933606f,0.029954109184291283f,0f,0f,0f,1f],start_interpolation:0}
execute if entity @s[tag=aj.blazing_inferno.bone.right_hand] run data modify entity @s {} merge value {transformation:[-0.44552266896947723f,-0.4401991622851032f,-0.7795731196993692f,-0.8071793249444926f,0.7651684722952858f,0.2648395609675736f,-0.58683661776665f,1.2532869650448129f,0.4647867903024052f,-0.857953789239255f,0.21883449246037892f,0.6095429490800395f,0f,0f,0f,1f],start_interpolation:0}
execute if entity @s[tag=aj.blazing_inferno.bone.right_arm] run data modify entity @s {} merge value {transformation:[-0.44552266896947723f,0.779573119699369f,-0.44019916228510336f,-0.3094956046724258f,0.7651684722952858f,0.5868366177666501f,0.2648395609675735f,1.4215748296779795f,0.4647867903024052f,-0.21883449246037912f,-0.857953789239255f,0.4061396017787621f,0f,0f,0f,1f],start_interpolation:0}
execute if entity @s[tag=aj.blazing_inferno.bone.head] run data modify entity @s {} merge value {transformation:[-0.9689715710026945f,0.24626136162970824f,-0.02119991407653382f,0.07798982751150695f,0.22653285927702038f,0.9190993919215663f,0.3223959854545105f,1.559643214866689f,0.09887850249851099f,0.3075900673586345f,-0.9463674720772911f,0.2499484481188542f,0f,0f,0f,1f],start_interpolation:0}
execute if entity @s[tag=aj.blazing_inferno.bone.bottom] run data modify entity @s {} merge value {transformation:[-0.9631625667976582f,0.15416916858002305f,-0.2203400494215499f,0.016344352404909345f,0f,0.8193522103258536f,0.5732904634076326f,0.8371044841828907f,0.26891982061526554f,0.5521719142563144f,-0.7891693780087837f,0.05853889229488923f,0f,0f,0f,1f],start_interpolation:0}