execute if entity @s[tag=aj.blazing_inferno.bone.helm] run data modify entity @s {} merge value {transformation:[-1.0279502399992717f,0.2720953326437999f,-0.6165493722998538f,0.47859977633781475f,-0.07699396178370464f,1.0697471099984763f,0.6004696036796544f,-0.08882405242259628f,0.6695079748432675f,0.5407919609681819f,-0.8775840820217167f,-0.25084462214530867f,0f,0f,0f,1f],start_interpolation:0}
execute if entity @s[tag=aj.blazing_inferno.bone.head] run data modify entity @s {} merge value {transformation:[-0.8362985003383906f,0.22136569435427794f,-0.5015994893286947f,0.07252254354997718f,-0.06263915534945463f,0.8703027335580825f,0.48851764367158335f,1.1575996878386912f,0.5446844541097771f,0.43996634112665656f,-0.7139667107973289f,0.1869742795988201f,0f,0f,0f,1f],start_interpolation:0}
execute if entity @s[tag=aj.blazing_inferno.bone.body] run data modify entity @s {} merge value {transformation:[-0.6166599102753876f,0.10548733607269409f,-0.7801301026030449f,-0.0065929585045433805f,-0.15163280167881754f,0.9565086368562778f,0.24919614979846205f,0.44021821019648266f,0.7724882190131985f,0.2719625885073747f,-0.573845189871088f,-0.01699766178171092f,0f,0f,0f,1f],start_interpolation:0}
execute if entity @s[tag=aj.blazing_inferno.bone.left_hand] run data modify entity @s {} merge value {transformation:[-0.5190709817259284f,-0.37334143659716823f,0.7688832730978374f,0.5627116987768176f,-0.7236062818374467f,-0.28684385452824435f,-0.6277854346866969f,1.0143046554786832f,0.4549277577983856f,-0.8822339683093946f,-0.12125988761990256f,-0.06817333770682873f,0f,0f,0f,1f],start_interpolation:0}
execute if entity @s[tag=aj.blazing_inferno.bone.left_arm] run data modify entity @s {} merge value {transformation:[-0.5190709817259284f,-0.8481779192167469f,-0.10563869216925498f,0.23277222630584318f,-0.7236062818374467f,0.5018526830554282f,-0.473854232222794f,1.0806828337038237f,0.4549277577983856f,-0.16952316025610653f,-0.8742440353364247f,-0.06428335556206383f,0f,0f,0f,1f],start_interpolation:0}
execute if entity @s[tag=aj.blazing_inferno.bone.right_hand] run data modify entity @s {} merge value {transformation:[0.08536743620653514f,0.36277871368113146f,-0.9279568986409805f,-0.23947006132866971f,0.989108907860056f,0.08122158760036975f,0.12274616938855124f,1.0885699008918572f,0.11989982997240085f,-0.9283289603408585f,-0.35189397858595195f,0.7333521065072324f,0f,0f,0f,1f],start_interpolation:0}
execute if entity @s[tag=aj.blazing_inferno.bone.right_arm] run data modify entity @s {} merge value {transformation:[0.08536743620653514f,0.36277871368113146f,-0.9279568986409805f,-0.11409897322406233f,0.989108907860056f,0.08122158760036975f,0.12274616938855124f,0.9953893827594888f,0.11989982997240085f,-0.9283289603408585f,-0.35189397858595195f,0.37024126763286036f,0f,0f,0f,1f],start_interpolation:0}
execute if entity @s[tag=aj.blazing_inferno.bone.bottom] run data modify entity @s {} merge value {transformation:[-0.9323238012155122f,0.2595438291630557f,-0.2518120934952026f,0.01977887551363014f,-6.938893903907228e-18f,0.6963356871410556f,0.7177162467255382f,0.6793453694105521f,0.36162457008209237f,0.6691439393412842f,-0.6492103347573647f,0.05099298534513276f,0f,0f,0f,1f],start_interpolation:0}