execute if entity @s[tag=aj.blazing_inferno.bone.helm] run data modify entity @s {} merge value {transformation:[-1.22822477347047f,0.022185183623476136f,0.04268978689861277f,0.4755135778722141f,0.03124528053986324f,1.1971874817332113f,0.27679696614977783f,-0.10032319928997202f,-0.03658323006298877f,0.2776700301676951f,-1.1968340386491663f,0.3222380875718028f,0f,0f,0f,1f],start_interpolation:0}
execute if entity @s[tag=aj.blazing_inferno.bone.head] run data modify entity @s {} merge value {transformation:[-0.999233714009874f,0.01804896294791279f,0.034730674087007f,0.014695201411427055f,0.025419889252770098f,0.9739830359863415f,0.2251907521218532f,1.18158697663112f,-0.029762627847855272f,0.22590104149236212f,-0.9736954890705082f,0.08876651588480113f,0f,0f,0f,1f],start_interpolation:0}
execute if entity @s[tag=aj.blazing_inferno.bone.body] run data modify entity @s {} merge value {transformation:[-0.9992563613553705f,0.021374838416621172f,0.03209112920245019f,-0.0013359274010388232f,0.025330257041986798f,0.9913992387361745f,0.12839753701500828f,0.4380375475789891f,-0.02907064445470539f,0.12911493219607437f,-0.9912034261013182f,-0.008069683262254648f,0f,0f,0f,1f],start_interpolation:0}
execute if entity @s[tag=aj.blazing_inferno.bone.left_hand] run data modify entity @s {} merge value {transformation:[-0.7951474402262628f,0.3204473272765308f,0.5148340108646179f,0.47996334981005323f,-0.6026972178898511f,-0.3237224483765502f,-0.729355770502246f,0.9811878920830988f,-0.06705678078654612f,-0.8902343999522935f,0.4505397888001963f,0.3519868376987483f,0f,0f,0f,1f],start_interpolation:0}
execute if entity @s[tag=aj.blazing_inferno.bone.left_arm] run data modify entity @s {} merge value {transformation:[-0.7951474402262628f,-0.2800183089319137f,0.5378943157949644f,0.29306419824054736f,-0.6026972178898511f,0.4629990308773508f,-0.6499138104044775f,1.0505379369960395f,-0.06705678078654612f,-0.8409647103592073f,-0.5369187499808513f,0.08080326811317773f,0f,0f,0f,1f],start_interpolation:0}
execute if entity @s[tag=aj.blazing_inferno.bone.right_hand] run data modify entity @s {} merge value {transformation:[-0.2641503691742939f,0.8269804125861641f,-0.49631439598696114f,-0.6626971200320433f,0.9621989277358997f,0.2613381880962227f,-0.07665229876832388f,1.0845828885890936f,0.06631595531219728f,-0.4978009126562557f,-0.8647522451139572f,0.09402216698971606f,0f,0f,0f,1f],start_interpolation:0}
execute if entity @s[tag=aj.blazing_inferno.bone.right_arm] run data modify entity @s {} merge value {transformation:[-0.2641503691742939f,0.9617621836357544f,-0.07237461290583744f,-0.26901750502184857f,0.9621989277358997f,0.26794182389346877f,0.04878936843746258f,1.064786206582157f,0.06631595531219728f,-0.05675104524876122f,-0.9961834735299536f,0.06445103060740595f,0f,0f,0f,1f],start_interpolation:0}
execute if entity @s[tag=aj.blazing_inferno.bone.bottom] run data modify entity @s {} merge value {transformation:[-0.9865721616069694f,0.06279854152505596f,-0.15077039870106335f,0.0040077822031164695f,1.734723475976807e-18f,0.9231257335439158f,0.3844982185511492f,0.6858873572630327f,0.16332596224162216f,0.37933523861003615f,-0.9107301503774404f,0.024209049786763942f,0f,0f,0f,1f],start_interpolation:0}