execute if entity @s[tag=aj.blazing_inferno.bone.body] run data modify entity @s {} merge value {transformation:[-0.8712023559085991f,0.10037813040653101f,-0.4805524799596773f,0.0037970861040929685f,-0.05220583832537279f,0.9543797271747473f,0.29399640610490496f,0.7178070182860473f,0.4881403543081145f,0.2812180067028863f,-0.8262175422986393f,0.023386641457028443f,0f,0f,0f,1f],start_interpolation:0}
execute if entity @s[tag=aj.blazing_inferno.bone.left_hand] run data modify entity @s {} merge value {transformation:[-0.7807949941740703f,-0.1155907460325286f,0.6140015932425232f,0.9223493437358907f,-0.5613567194187767f,0.5612307770119129f,-0.6081929369024218f,1.1620263281276504f,-0.27429511595378836f,-0.819547920725962f,-0.5030938232553147f,-0.041409685978896105f,0f,0f,0f,1f],start_interpolation:0}
execute if entity @s[tag=aj.blazing_inferno.bone.left_arm] run data modify entity @s {} merge value {transformation:[-0.7807949941740703f,-0.6199173732147223f,0.07785645419149378f,0.4466191778079314f,-0.5613567194187767f,0.7507655688922257f,0.3481805481776969f,1.4556161517106245f,-0.27429511595378836f,0.2281523853754142f,-0.9341887809278199f,0.02836593451045738f,0f,0f,0f,1f],start_interpolation:0}
execute if entity @s[tag=aj.blazing_inferno.bone.right_hand] run data modify entity @s {} merge value {transformation:[-0.41747619191827323f,-0.48055247995967715f,-0.7712217211580734f,-0.7764461353398517f,0.7518380658397782f,0.2939964061049051f,-0.5901742420266249f,1.2390070468919048f,0.5103461099447302f,-0.8262175422986393f,0.23856114700905834f,0.6626598634211283f,0f,0f,0f,1f],start_interpolation:0}
execute if entity @s[tag=aj.blazing_inferno.bone.right_arm] run data modify entity @s {} merge value {transformation:[-0.41747619191827323f,0.7712217211580733f,-0.4805524799596773f,-0.288457809989949f,0.7518380658397782f,0.590174242026625f,0.29399640610490496f,1.411567475623591f,0.5103461099447302f,-0.23856114700905853f,-0.8262175422986393f,0.44023435845792896f,0f,0f,0f,1f],start_interpolation:0}
execute if entity @s[tag=aj.blazing_inferno.bone.head] run data modify entity @s {} merge value {transformation:[-0.9495023120918733f,0.28211125718197905f,-0.13732661032513016f,0.09162795020980762f,0.20488325431999715f,0.8889610617166429f,0.4095986851185761f,1.552889279563951f,0.23763040931546225f,0.36077897572173245f,-0.9018704559113484f,0.26945239732205395f,0f,0f,0f,1f],start_interpolation:0}
execute if entity @s[tag=aj.blazing_inferno.bone.bottom] run data modify entity @s {} merge value {transformation:[-0.9631625667976582f,0.15416916858002305f,-0.2203400494215499f,0.016344352404909345f,0f,0.8193522103258536f,0.5732904634076326f,0.8371044841828907f,0.26891982061526554f,0.5521719142563144f,-0.7891693780087837f,0.05853889229488923f,0f,0f,0f,1f],start_interpolation:0}