execute if entity @s[tag=aj.blazing_inferno.bone.body] run data modify entity @s {} merge value {transformation:[-0.9992563613553705f,0.02031054165784519f,0.032775084872353116f,0.0034728555974440556f,0.025330257041986794f,0.9866533482424745f,0.16085256752722651f,0.7179993673642399f,-0.029070644454705363f,0.16156315266631505f,-0.9864341059247237f,0.016118180596856532f,0f,0f,0f,1f],start_interpolation:0}
execute if entity @s[tag=aj.blazing_inferno.bone.left_hand] run data modify entity @s {} merge value {transformation:[-0.6319329923245275f,0.3274760580082635f,0.7024386981389458f,0.791399280214638f,-0.6746451093130037f,0.2136679492635877f,-0.7065408579392547f,1.1929379101184763f,-0.3814638510944566f,-0.9203833108487253f,0.08590629441039227f,0.509259148015539f,0f,0f,0f,1f],start_interpolation:0}
execute if entity @s[tag=aj.blazing_inferno.bone.left_arm] run data modify entity @s {} merge value {transformation:[-0.6319329923245275f,-0.43791963268925027f,0.6394427953437904f,0.4402670392876249f,-0.6746451093130037f,0.7169152456173546f,-0.17574557485596393f,1.4473031763565076f,-0.3814638510944566f,-0.5424563815706478f,-0.7484827348719982f,0.14955472322592164f,0f,0f,0f,1f],start_interpolation:0}
execute if entity @s[tag=aj.blazing_inferno.bone.right_hand] run data modify entity @s {} merge value {transformation:[-0.5565124810276861f,0.032775084872353304f,-0.8301925392774975f,-0.9482413922898307f,0.8227479457834002f,0.16085256752722663f,-0.5451717795604373f,1.3333183126785892f,0.11567055013962822f,-0.9864341059247237f,-0.11648209518585559f,0.08483348205095861f,0f,0f,0f,1f],start_interpolation:0}
execute if entity @s[tag=aj.blazing_inferno.bone.right_arm] run data modify entity @s {} merge value {transformation:[-0.5565124810276861f,0.8301925392774975f,0.032775084872353116f,-0.402855515605969f,0.8227479457834002f,0.5451717795604373f,0.16085256752722651f,1.468675580735684f,0.11567055013962822f,0.11648209518585537f,-0.9864341059247237f,0.125026366967264f,0f,0f,0f,1f],start_interpolation:0}
execute if entity @s[tag=aj.blazing_inferno.bone.head] run data modify entity @s {} merge value {transformation:[-0.9525267748338678f,0.10435025939611457f,0.2860135776297228f,0.021244579548058598f,0.16748909018888516f,0.9641005855405071f,0.20605209445222938f,1.581321047076405f,-0.2542442681601483f,0.24417429087521594f,-0.9358091513675724f,0.15748593917988218f,0f,0f,0f,1f],start_interpolation:0}
execute if entity @s[tag=aj.blazing_inferno.bone.bottom] run data modify entity @s {} merge value {transformation:[-0.9865721616069694f,0.06279854152505596f,-0.15077039870106335f,0.006011673304674704f,1.734723475976807e-18f,0.9231257335439158f,0.3844982185511492f,0.8413310358945492f,0.16332596224162216f,0.37933523861003615f,-0.9107301503774404f,0.03631357468014591f,0f,0f,0f,1f],start_interpolation:0}