execute if entity @s[tag=aj.tultaria.bone.head] run data modify entity @s {} merge value {transformation:[-0.9709675154952015f,-0.057870470261744175f,0.23210577874055666f,0f,0f,0.9702957262759965f,0.2419218955996677f,1.15625f,-0.23921137902088951f,0.23489830191429883f,-0.9421256306378163f,0f,0f,0f,0f,1f],start_interpolation:0}
execute if entity @s[tag=aj.tultaria.bone.bust] run data modify entity @s {} merge value {transformation:[-0.8401882150112481f,0f,0.5422949044166031f,0.14894665529732248f,0f,1f,0f,0f,-0.5422949044166031f,0f,-0.8401882150112481f,0.6912415597139256f,0f,0f,0f,1f],start_interpolation:0}
execute if entity @s[tag=aj.tultaria.bone.left_wing] run data modify entity @s {} merge value {transformation:[-0.8401882150112481f,0f,0.5422949044166031f,0.12029862649027839f,0f,1f,0f,1.0625f,-0.5422949044166031f,0f,-0.8401882150112481f,-0.0711300953503683f,0f,0f,0f,1f],start_interpolation:0}
execute if entity @s[tag=aj.tultaria.bone.right_wing] run data modify entity @s {} merge value {transformation:[-0.8401882150112481f,0f,0.5422949044166031f,0.015275099613872356f,0f,1f,0f,1.0625f,-0.5422949044166031f,0f,-0.8401882150112481f,-0.13891695840244367f,0f,0f,0f,1f],start_interpolation:0}
execute if entity @s[tag=aj.tultaria.bone.body] run data modify entity @s {} merge value {transformation:[-0.8401882150112481f,0f,0.5422949044166031f,0.14894665529732248f,0f,1f,0f,0f,-0.5422949044166031f,0f,-0.8401882150112481f,0.6912415597139256f,0f,0f,0f,1f],start_interpolation:0}
execute if entity @s[tag=aj.tultaria.bone.left_hand] run data modify entity @s {} merge value {transformation:[-0.22993400155260046f,0.05755182718159102f,0.9715030324801199f,0.4165160109832846f,-0.9097742623722536f,0.3417848488484696f,-0.23557145120462017f,0.9382896846503643f,-0.3456025845606926f,-0.9380143411940401f,-0.02622878684347174f,0.3975054315489109f,0f,0f,0f,1f],start_interpolation:0}
execute if entity @s[tag=aj.tultaria.bone.left_arm] run data modify entity @s {} merge value {transformation:[-0.22993400155260046f,-0.36867023410953614f,0.9006734221745574f,0.1837911720337105f,-0.9097742623722536f,0.41007709548548454f,-0.06440160932159023f,1f,-0.3456025845606926f,-0.8342176180348919f,-0.4296973578056545f,0.11862701034113193f,0f,0f,0f,1f],start_interpolation:0}
execute if entity @s[tag=aj.tultaria.bone.rod] run data modify entity @s {} merge value {transformation:[-8.799893031930501e-7f,0.000009526791490455733f,0.0000029096155628615405f,-0.7521323080659241f,0.000009558024191357987f,-1.5060923344772364e-8f,0.000002940058966416074f,1.0197696995239118f,0.000002805315023964575f,0.0000030397396378585276f,-0.000009104405008035967f,-0.030078447595198232f,0f,0f,0f,1f],start_interpolation:0}
execute if entity @s[tag=aj.tultaria.bone.sword] run data modify entity @s {} merge value {transformation:[-0.7588902730288963f,0.5219101400596994f,-0.3894808842613357f,-0.7768153213760878f,0.4704921518344638f,0.8529216680150024f,0.2261896622144398f,1.0594334562778547f,0.4502473637505306f,-0.011594564820275217f,-0.8928285823730813f,-0.061564371102288545f,0f,0f,0f,1f],start_interpolation:0}
execute if entity @s[tag=aj.tultaria.bone.right_hand] run data modify entity @s {} merge value {transformation:[-0.087998930319305f,0.8793867760996852f,-0.46790499707062355f,-0.4808503916623701f,0.9558024191357987f,0.20682859512130986f,0.2089585313269137f,1.1234502391102672f,0.28053150239645747f,-0.42883660088796904f,-0.8587207030822299f,-0.29823226081346543f,0f,0f,0f,1f],start_interpolation:0}
execute if entity @s[tag=aj.tultaria.bone.right_arm] run data modify entity @s {} merge value {transformation:[-0.087998930319305f,0.9343505134382104f,0.34531913688704086f,-0.1837911720337105f,0.9558024191357987f,-0.018427758317739684f,0.2934316842086731f,1f,0.28053150239645747f,0.3558785407426751f,-0.8914328580448729f,-0.11862701034113193f,0f,0f,0f,1f],start_interpolation:0}
execute if entity @s[tag=aj.tultaria.bone.skirt] run data modify entity @s {} merge value {transformation:[-0.6167611454117025f,0.25237063101361323f,0.7455969112813139f,-0.04754061906786438f,0f,0.9472102777460288f,-0.32061299058567627f,0.45044340290301693f,-0.7871503601666233f,-0.19774163530749306f,-0.5842024958483775f,0.037249816748696866f,0f,0f,0f,1f],start_interpolation:0}
execute if entity @s[tag=aj.tultaria.bone.left_foot] run data modify entity @s {} merge value {transformation:[-0.6167611454117025f,0.3171479459854599f,0.720432418667878f,-0.16559533686662758f,0f,0.9152411726209178f,-0.40290643571366247f,0.10546846952739836f,-0.7871503601666233f,-0.24849703478450497f,-0.5644851939536268f,0.2885506773986849f,0f,0f,0f,1f],start_interpolation:0}
execute if entity @s[tag=aj.tultaria.bone.left_leg] run data modify entity @s {} merge value {transformation:[-0.6167611454117025f,0.3595603934558316f,0.7002299714867484f,0.07924108170614229f,0f,0.8895758763783381f,-0.45678743433429936f,0.4375594861511339f,-0.7871503601666233f,-0.2817287412096953f,-0.5486558364457228f,0.09671237356372783f,0f,0f,0f,1f],start_interpolation:0}
execute if entity @s[tag=aj.tultaria.bone.right_foot] run data modify entity @s {} merge value {transformation:[-0.6167611454117025f,-0.05216752456950713f,0.7854197851408727f,-0.3758205079878245f,0f,0.9978014682920501f,0.06627390040000009f,0.19071414602408956f,-0.7871503601666233f,0.040875166721605294f,-0.6154051764772833f,0.1356684724798614f,0f,0f,0f,1f],start_interpolation:0}
execute if entity @s[tag=aj.tultaria.bone.right_leg] run data modify entity @s {} merge value {transformation:[-0.6167611454117025f,0.518487645770378f,0.5922636665320066f,-0.07494920464678333f,0f,0.7524149088957244f,-0.6586894601186806f,0.4375594861511339f,-0.7871503601666233f,-0.4062540658934133f,-0.4640602810353688f,-0.100075216477928f,0f,0f,0f,1f],start_interpolation:0}
execute if entity @s[tag=aj.tultaria.bone.lower] run data modify entity @s {} merge value {transformation:[-0.6167611454117025f,-0.034335016474871694f,0.7864011674419839f,0f,0f,0.9990482215818578f,0.043619387365336f,0.5f,-0.7871503601666233f,0.026902743313601374f,-0.6161741254643509f,0f,0f,0f,0f,1f],start_interpolation:0}