execute if entity @s[tag=aj.tultaria.bone.head] run data modify entity @s {} merge value {transformation:[-0.9927153457802498f,-0.027102860931148883f,0.11739538824735002f,0f,0f,0.9743700647852352f,0.22495105434386492f,1.59375f,-0.12048336919425537f,0.2233123636966016f,-0.9672721157811991f,0f,0f,0f,0f,1f],start_interpolation:0}
execute if entity @s[tag=aj.tultaria.bone.bust] run data modify entity @s {} merge value {transformation:[-0.9662862641710471f,0f,0.25747010637035384f,0.35440807890034665f,0f,1f,0f,0.4375f,-0.25747010637035384f,0f,-0.9662862641710471f,0.6118781852707005f,0f,0f,0f,1f],start_interpolation:0}
execute if entity @s[tag=aj.tultaria.bone.left_wing] run data modify entity @s {} merge value {transformation:[-0.9662862641710471f,0f,0.25747010637035384f,0.09257665480698468f,0f,1f,0f,1.5f,-0.25747010637035384f,0f,-0.9662862641710471f,-0.10469390137323376f,0f,0f,0f,1f],start_interpolation:0}
execute if entity @s[tag=aj.tultaria.bone.right_wing] run data modify entity @s {} merge value {transformation:[-0.9662862641710471f,0f,0.25747010637035384f,-0.028209128214396195f,0f,1f,0f,1.5f,-0.25747010637035384f,0f,-0.9662862641710471f,-0.136877664669528f,0f,0f,0f,1f],start_interpolation:0}
execute if entity @s[tag=aj.tultaria.bone.body] run data modify entity @s {} merge value {transformation:[-0.9662862641710471f,0f,0.25747010637035384f,0.35440807890034665f,0f,1f,0f,0.4375f,-0.25747010637035384f,0f,-0.9662862641710471f,0.6118781852707005f,0f,0f,0f,1f],start_interpolation:0}
execute if entity @s[tag=aj.tultaria.bone.left_hand] run data modify entity @s {} merge value {transformation:[-0.24514295322274937f,-0.0749626280962119f,0.9665844696011507f,0.5533738781738572f,-0.9071349340393773f,0.3695145223826938f,-0.20140811600743505f,1.3988492741675753f,-0.34206891693137453f,-0.9261963194362189f,-0.15858509996906284f,0.18779461911284193f,0f,0f,0f,1f],start_interpolation:0}
execute if entity @s[tag=aj.tultaria.bone.left_arm] run data modify entity @s {} merge value {transformation:[-0.24514295322274937f,-0.7659637381354513f,0.5943100910692959f,0.21137512028741656f,-0.9071349340393773f,0.39751710916960115f,0.13815339070329802f,1.4375f,-0.34206891693137453f,-0.5052521150663392f,-0.7922809831684634f,0.0563215857685149f,0f,0f,0f,1f],start_interpolation:0}
execute if entity @s[tag=aj.tultaria.bone.rod] run data modify entity @s {} merge value {transformation:[-0.0000012951871809030305f,0.000009474859074477819f,-0.0000029239589062108673f,-0.6261148334623765f,0.000009450696034399177f,0.0000020720419647779066f,0.000002528040063288358f,1.3270449626760932f,0.000003001138889124619f,-0.0000024359161756892825f,-0.000009222769527273203f,0.4248995361643338f,0f,0f,0f,1f],start_interpolation:0}
execute if entity @s[tag=aj.tultaria.bone.sword] run data modify entity @s {} merge value {transformation:[-0.45658097077126913f,0.30794505755776047f,-0.8346877611749878f,-0.6712589571816484f,0.48101056625957395f,0.8746875901106658f,0.059585693358725225f,1.35808982222577f,0.7484401460879887f,-0.37428793893491097f,-0.5474905355270051f,0.41178264193742486f,0f,0f,0f,1f],start_interpolation:0}
execute if entity @s[tag=aj.tultaria.bone.right_hand] run data modify entity @s {} merge value {transformation:[-0.12951871809030305f,0.4632185931857655f,-0.8767288272842665f,-0.5619989644282477f,0.9450696034399176f,0.32527491960600213f,0.032243934766491095f,1.4530535493741554f,0.3001138889124619f,-0.8243935720287424f,-0.4799030027823637f,0.055764071305759916f,0f,0f,0f,1f],start_interpolation:0}
execute if entity @s[tag=aj.tultaria.bone.right_arm] run data modify entity @s {} merge value {transformation:[-0.12951871809030305f,0.8417263688955726f,-0.5241389334614623f,-0.21137512028741656f,0.9450696034399176f,0.2647738264127073f,0.19167228673099934f,1.4375f,0.3001138889124619f,-0.4705226251230096f,-0.8297831722378988f,-0.0563215857685149f,0f,0f,0f,1f],start_interpolation:0}
execute if entity @s[tag=aj.tultaria.bone.skirt] run data modify entity @s {} merge value {transformation:[-0.8749579549371377f,0.10974431429005506f,0.47159809432739164f,-0.02924360673295049f,0f,0.9739759672790517f,-0.22665130743685508f,0.8879434029030169f,-0.4841989024070808f,-0.1983103644387792f,-0.8521880204883997f,0.05284383383532861f,0f,0f,0f,1f],start_interpolation:0}
execute if entity @s[tag=aj.tultaria.bone.left_foot] run data modify entity @s {} merge value {transformation:[-0.8749579549371377f,0.09139383235918126f,0.4754952623306815f,-0.016574416173342085f,0f,0.9820246596323717f,-0.18875266322339507f,0.5036442715111183f,-0.4841989024070808f,-0.16515064420288f,-0.8592302878897788f,0.288108701993754f,0f,0f,0f,1f],start_interpolation:0}
execute if entity @s[tag=aj.tultaria.bone.left_leg] run data modify entity @s {} merge value {transformation:[-0.8749579549371377f,0.16035370453631037f,0.45687554818977066f,0.11068977308501503f,0f,0.9435699790282908f,-0.3311732094788933f,0.8750594861511339f,-0.4841989024070808f,-0.28976263409562075f,-0.8255840591906713f,0.05813954217808603f,0f,0f,0f,1f],start_interpolation:0}
execute if entity @s[tag=aj.tultaria.bone.right_foot] run data modify entity @s {} merge value {transformation:[-0.8749579549371377f,-0.07908225165197386f,0.47769715779547584f,-0.2805777228119839f,0f,0.9865721616069695f,0.16332596224162244f,0.5920932744627204f,-0.4841989024070808f,0.14290334991107007f,-0.8632091609175453f,0.24885168048396303f,0f,0f,0f,1f],start_interpolation:0}
execute if entity @s[tag=aj.tultaria.bone.right_leg] run data modify entity @s {} merge value {transformation:[-0.8749579549371377f,0.2818633032161094f,0.3937024960453329f,-0.10804971564926939f,0f,0.8131007610470278f,-0.5821229701572894f,0.8750594861511339f,-0.4841989024070808f,-0.5093331234907543f,-0.7114289790435376f,-0.06291018342368418f,0f,0f,0f,1f],start_interpolation:0}
execute if entity @s[tag=aj.tultaria.bone.lower] run data modify entity @s {} merge value {transformation:[-0.8749579549371377f,-0.021120459485964978f,0.4837380523416816f,0f,0f,0.9990482215818578f,0.043619387365336f,0.9375f,-0.4841989024070808f,0.03816512996478521f,-0.8741251888388467f,0f,0f,0f,0f,1f],start_interpolation:0}