execute if entity @s[tag=aj.tultaria.bone.head] run data modify entity @s {} merge value {transformation:[-0.9975676562745062f,-0.015284791536984716f,0.06800842817371879f,0f,-1.734723475976807e-18f,0.9756622801842143f,0.21927862418790328f,1.59375f,-0.06970488616294374f,0.21874526320222487f,-0.9732891341588071f,0f,0f,0f,0f,1f],start_interpolation:0}
execute if entity @s[tag=aj.tultaria.bone.bust] run data modify entity @s {} merge value {transformation:[-0.9894491321857285f,0f,0.1448806916635508f,0.42228422026108886f,0f,1f,0f,0.4375f,-0.1448806916635508f,0f,-0.9894491321857285f,0.5671649119246397f,0f,0f,0f,1f],start_interpolation:0}
execute if entity @s[tag=aj.tultaria.bone.left_wing] run data modify entity @s {} merge value {transformation:[-0.9894491321857285f,0f,0.1448806916635508f,0.07995065721955191f,0f,1f,0f,1.5f,-0.1448806916635508f,0f,-0.9894491321857285f,-0.11462609829424408f,0f,0f,0f,1f],start_interpolation:0}
execute if entity @s[tag=aj.tultaria.bone.right_wing] run data modify entity @s {} merge value {transformation:[-0.9894491321857285f,0f,0.1448806916635508f,-0.04373048430366416f,0f,1f,0f,1.5f,-0.1448806916635508f,0f,-0.9894491321857285f,-0.13273618475218785f,0f,0f,0f,1f],start_interpolation:0}
execute if entity @s[tag=aj.tultaria.bone.body] run data modify entity @s {} merge value {transformation:[-0.9894491321857285f,0f,0.1448806916635508f,0.42228422026108886f,0f,1f,0f,0.4375f,-0.1448806916635508f,0f,-0.9894491321857285f,0.5671649119246397f,0f,0f,0f,1f],start_interpolation:0}
execute if entity @s[tag=aj.tultaria.bone.left_hand] run data modify entity @s {} merge value {transformation:[-0.26963061416082684f,-0.13373288076057854f,0.9536324493801227f,0.5771534912663676f,-0.9005015175969766f,0.38587392283240457f,-0.2004952181062517f,1.4075417028418034f,-0.3411690910865129f,-0.9128071166908202f,-0.22447008487946518f,0.10048150443695607f,0f,0f,0f,1f],start_interpolation:0}
execute if entity @s[tag=aj.tultaria.bone.left_arm] run data modify entity @s {} merge value {transformation:[-0.26963061416082684f,-0.8549597350872444f,0.4431062889271649f,0.2164419976656281f,-0.9005015175969766f,0.38688776710292616f,0.19853179209298924f,1.4375f,-0.3411690910865129f,-0.34548763660319426f,-0.8742093251856458f,0.03169265130140174f,0f,0f,0f,1f],start_interpolation:0}
execute if entity @s[tag=aj.tultaria.bone.rod] run data modify entity @s {} merge value {transformation:[-0.000001461622548042586f,0.000008595408808774721f,-0.000004897203991778512f,-0.5025459052909043f,0.000009370320900425791f,0.0000027901517529275624f,0.0000021005093236352985f,1.2974550319179108f,0.0000031718678645392953f,-0.000004281822112801179f,-0.000008461988752310522f,0.5457558576442565f,0f,0f,0f,1f],start_interpolation:0}
execute if entity @s[tag=aj.tultaria.bone.sword] run data modify entity @s {} merge value {transformation:[-0.29985367286702996f,0.21573038952935902f,-0.9292729275630829f,-0.5518355914122668f,0.6206995076663541f,0.7838345392142082f,-0.018317650438720173f,1.3244514214269922f,0.7244445431162398f,-0.582291863388422f,-0.36893941207296044f,0.5418125188899097f,0f,0f,0f,1f],start_interpolation:0}
execute if entity @s[tag=aj.tultaria.bone.right_hand] run data modify entity @s {} merge value {transformation:[-0.1461622548042586f,0.2615025704314774f,-0.9540718007195605f,-0.5237414164690454f,0.937032090042579f,0.34582196117226993f,-0.04876508383465243f,1.4210426318781806f,0.3171867864539295f,-0.9011235080879286f,-0.2955824177286838f,0.1708867398951977f,0f,0f,0f,1f],start_interpolation:0}
execute if entity @s[tag=aj.tultaria.bone.right_arm] run data modify entity @s {} merge value {transformation:[-0.1461622548042586f,0.6509374600489949f,-0.7449275255858774f,-0.2164419976656281f,0.937032090042579f,0.3325368506589942f,0.1067244357409935f,1.4375f,0.3171867864539295f,-0.6824219120593659f,-0.6585536245745433f,-0.03169265130140174f,0f,0f,0f,1f],start_interpolation:0}
execute if entity @s[tag=aj.tultaria.bone.skirt] run data modify entity @s {} merge value {transformation:[-0.9365680128381919f,0.06712048086700333f,0.3439988348475946f,-0.021167894863450266f,0f,0.9814912586438314f,-0.19150694297008594f,0.8879434029030169f,-0.35048588748809906f,-0.17935927702221033f,-0.919233317726109f,0.056564825962935696f,0f,0f,0f,1f],start_interpolation:0}
execute if entity @s[tag=aj.tultaria.bone.left_foot] run data modify entity @s {} merge value {transformation:[-0.9365680128381919f,0.0375098741440192f,0.34847290665132097f,0.03257061601535327f,0f,0.9942565994562439f,-0.10702249500785638f,0.4908948341144207f,-0.35048588748809906f,-0.10023384547849332f,-0.9311889276039922f,0.2696125757268713f,0f,0f,0f,1f],start_interpolation:0}
execute if entity @s[tag=aj.tultaria.bone.left_leg] run data modify entity @s {} merge value {transformation:[-0.9365680128381919f,0.09929135463248105f,0.3361273333478956f,0.11802650033555068f,0f,0.959032432823159f,-0.28329629858735056f,0.8750594861511339f,-0.35048588748809906f,-0.26532625141236993f,-0.8981990998565627f,0.04125745325188913f,0f,0f,0f,1f],start_interpolation:0}
execute if entity @s[tag=aj.tultaria.bone.right_foot] run data modify entity @s {} merge value {transformation:[-0.9365680128381919f,-0.06963141636372935f,0.3434993787236032f,-0.2373550295482066f,0f,0.9800662194573153f,0.19867109875028482f,0.5794724561936571f,-0.35048588748809906f,0.18606899616493455f,-0.917898671606977f,0.27761211459453705f,0f,0f,0f,1f],start_interpolation:0}
execute if entity @s[tag=aj.tultaria.bone.right_leg] run data modify entity @s {} merge value {transformation:[-0.9365680128381919f,0.19365389333440897f,0.29212758672324285f,-0.1161155028739973f,0f,0.8334931509422393f,-0.5525297886380222f,0.8750594861511339f,-0.35048588748809906f,-0.5174817261786185f,-0.7806230240922163f,-0.04636401862013564f,0f,0f,0f,1f],start_interpolation:0}
execute if entity @s[tag=aj.tultaria.bone.lower] run data modify entity @s {} merge value {transformation:[-0.9365680128381919f,-0.015287979692426963f,0.35015230258452446f,0f,0f,0.9990482215818578f,0.043619387365336f,0.9375f,-0.35048588748809906f,0.040852522945972074f,-0.9356766076164502f,0f,0f,0f,0f,1f],start_interpolation:0}