execute if entity @s[tag=aj.tultaria.bone.head] run data modify entity @s {} merge value {transformation:[-0.9832855217724197f,0.03265877902424041f,-0.17911724323857353f,0f,0f,0.9837808485225588f,0.1793745859374574f,1.59375f,0.18207026850296143f,0.17637643332622452f,-0.9673374649492179f,0f,0f,0f,0f,1f],start_interpolation:0}
execute if entity @s[tag=aj.tultaria.bone.bust] run data modify entity @s {} merge value {transformation:[-0.8496746146050559f,0f,-0.5273073575209716f,0.6884909860630137f,0f,1f,0f,0.4375f,0.5273073575209716f,0f,-0.8496746146050559f,0.16118362854204216f,0f,0f,0f,1f],start_interpolation:0}
execute if entity @s[tag=aj.tultaria.bone.left_wing] run data modify entity @s {} merge value {transformation:[-0.8496746146050559f,0f,-0.5273073575209716f,-0.012808756277305378f,0f,1f,0f,1.5f,0.5273073575209716f,0f,-0.8496746146050559f,-0.13916603667069266f,0f,0f,0f,1f],start_interpolation:0}
execute if entity @s[tag=aj.tultaria.bone.right_wing] run data modify entity @s {} merge value {transformation:[-0.8496746146050559f,0f,-0.5273073575209716f,-0.11901808310293749f,0f,1f,0f,1.5f,0.5273073575209716f,0f,-0.8496746146050559f,-0.07325261698057123f,0f,0f,0f,1f],start_interpolation:0}
execute if entity @s[tag=aj.tultaria.bone.body] run data modify entity @s {} merge value {transformation:[-0.8496746146050559f,0f,-0.5273073575209716f,0.6884909860630137f,0f,1f,0f,0.4375f,0.5273073575209716f,0f,-0.8496746146050559f,0.16118362854204216f,0f,0f,0f,1f],start_interpolation:0}
execute if entity @s[tag=aj.tultaria.bone.left_hand] run data modify entity @s {} merge value {transformation:[-0.8979499589772666f,-0.4386915088549182f,-0.035151546641940284f,0.3256345529757675f,-0.3753707391893635f,0.8051339040787429f,-0.4591908150903635f,1.202033697517042f,0.22974481350654277f,-0.3991355115264951f,-0.8876419120936814f,-0.3618492947798977f,0f,0f,0f,1f],start_interpolation:0}
execute if entity @s[tag=aj.tultaria.bone.left_arm] run data modify entity @s {} merge value {transformation:[-0.8979499589772666f,-0.25878614290265467f,-0.3559713519572777f,0.18586632194485597f,-0.3753707391893635f,0.8725990156638935f,0.3125184250933613f,1.4375f,0.22974481350654277f,0.4142471365066641f,-0.8806909960723301f,-0.11534848445771254f,0f,0f,0f,1f],start_interpolation:0}
execute if entity @s[tag=aj.tultaria.bone.rod] run data modify entity @s {} merge value {transformation:[-0.00000605064993640863f,0.00000397827512008577f,-0.000006896590637115183f,-0.2559201097669647f,0.0000038099530280386423f,0.000009052736674549152f,0.000001879419225561978f,0.9433698298148417f,0.000006990986573522899f,-0.0000014903978563388191f,-0.000006993198192432645f,0.4581100912939352f,0f,0f,0f,1f],start_interpolation:0}
execute if entity @s[tag=aj.tultaria.bone.sword] run data modify entity @s {} merge value {transformation:[-0.12141176886107405f,-0.03745927063168473f,-0.154453829430569f,-0.3108738188873518f,0.07845403411667523f,0.15490776761972327f,-0.09923985117831118f,0.9314995201597316f,0.13821775180071724f,-0.12083205938332756f,-0.07934397590453428f,0.4617175457432213f,0f,0f,0f,1f],start_interpolation:0}
execute if entity @s[tag=aj.tultaria.bone.right_hand] run data modify entity @s {} merge value {transformation:[-0.605064993640863f,-0.20635606917334237f,-0.7689691321410171f,-0.4294247772245952f,0.3809953028038642f,0.7730201569957104f,-0.5072301411782616f,1.1698486210409504f,0.6990986573522898f,-0.5998808294933703f,-0.38910674331675565f,0.18451643731932688f,0f,0f,0f,1f],start_interpolation:0}
execute if entity @s[tag=aj.tultaria.bone.right_arm] run data modify entity @s {} merge value {transformation:[-0.605064993640863f,0.3482504809708819f,-0.7159734324497885f,-0.18586632194485597f,0.3809953028038642f,0.9162652113008068f,0.12369576306923233f,1.4375f,0.6990986573522898f,-0.1979385386008424f,-0.6870818016981591f,0.11534848445771254f,0f,0f,0f,1f],start_interpolation:0}
execute if entity @s[tag=aj.tultaria.bone.skirt] run data modify entity @s {} merge value {transformation:[-0.8577925759974173f,0.013521275335455713f,-0.5138181309344951f,0.03104322842275263f,0f,0.9996539323699213f,0.02630618743476748f,0.8879434029030169f,0.5139960083149626f,0.022565252284340094f,-0.8574957217535426f,0.0518071160967303f,0f,0f,0f,1f],start_interpolation:0}
execute if entity @s[tag=aj.tultaria.bone.left_foot] run data modify entity @s {} merge value {transformation:[-0.8577925759974173f,0.19849515539124502f,-0.47412189345137884f,0.16570256122839672f,0f,0.9224232985888289f,0.386180344166433f,0.43521933870646634f,0.5139960083149626f,0.33126263222209373f,-0.7912478574565462f,0.03334350183313918f,0f,0f,0f,1f],start_interpolation:0}
execute if entity @s[tag=aj.tultaria.bone.left_leg] run data modify entity @s {} merge value {transformation:[-0.8577925759974173f,0.009960423247360035f,-0.51389949069098f,0.10582281006274424f,0f,0.9998122210631576f,0.01937840583628922f,0.8750594861511339f,0.5139960083149626f,0.01662265266103392f,-0.8576315006194651f,-0.06658802520509162f,0f,0f,0f,1f],start_interpolation:0}
execute if entity @s[tag=aj.tultaria.bone.right_foot] run data modify entity @s {} merge value {transformation:[-0.8577925759974173f,0.2091217154933049f,-0.46953168654825883f,0.03191994358018202f,0f,0.9134928656110161f,0.406854746165968f,0.5113786893422345f,0.5139960083149626f,0.3489969807704811f,-0.7835873983477359f,0.2964627899132669f,0f,0f,0f,1f],start_interpolation:0}
execute if entity @s[tag=aj.tultaria.bone.right_leg] run data modify entity @s {} merge value {transformation:[-0.8577925759974173f,-0.1841376564215505f,-0.47988042265891007f,-0.10862533393661009f,0f,0.9336267498109684f,-0.3582472498671936f,0.8750594861511339f,0.5139960083149626f,-0.30730183130757033f,-0.8008580947404469f,0.06191097687364903f,0f,0f,0f,1f],start_interpolation:0}
execute if entity @s[tag=aj.tultaria.bone.lower] run data modify entity @s {} merge value {transformation:[-0.8577925759974173f,0.02242019099092682f,-0.5135067980072372f,0f,0f,0.9990482215818578f,0.043619387365336f,0.9375f,0.5139960083149626f,0.03741638665154077f,-0.8569761475363403f,0f,0f,0f,0f,1f],start_interpolation:0}