execute if entity @s[tag=aj.tultaria.bone.head] run data modify entity @s {} merge value {transformation:[-0.9656710559349829f,-0.06430887201231247f,0.251681903818926f,0f,0f,0.9688718692259007f,0.24756272139138608f,1.59375f,-0.25976799596835454f,0.23906415457615776f,-0.9356115210210764f,0f,0f,0f,0f,1f],start_interpolation:0}
execute if entity @s[tag=aj.tultaria.bone.bust] run data modify entity @s {} merge value {transformation:[-0.7909783820442466f,0f,0.6118440970857412f,0.08956714247925274f,0f,1f,0f,0.4375f,-0.6118440970857412f,0f,-0.7909783820442466f,0.7014112395649938f,0f,0f,0f,1f],start_interpolation:0}
execute if entity @s[tag=aj.tultaria.bone.left_wing] run data modify entity @s {} merge value {transformation:[-0.7909783820442466f,0f,0.6118440970857412f,0.1259166610134831f,0f,1f,0f,1.5f,-0.6118440970857412f,0f,-0.7909783820442466f,-0.06063204168767211f,0f,0f,0f,1f],start_interpolation:0}
execute if entity @s[tag=aj.tultaria.bone.right_wing] run data modify entity @s {} merge value {transformation:[-0.7909783820442466f,0f,0.6118440970857412f,0.02704436325795223f,0f,1f,0f,1.5f,-0.6118440970857412f,0f,-0.7909783820442466f,-0.13711255382338972f,0f,0f,0f,1f],start_interpolation:0}
execute if entity @s[tag=aj.tultaria.bone.body] run data modify entity @s {} merge value {transformation:[-0.7909783820442466f,0f,0.6118440970857412f,0.08956714247925274f,0f,1f,0f,0.4375f,-0.6118440970857412f,0f,-0.7909783820442466f,0.7014112395649938f,0f,0f,0f,1f],start_interpolation:0}
execute if entity @s[tag=aj.tultaria.bone.left_hand] run data modify entity @s {} merge value {transformation:[-0.2329713822188183f,0.08936120882147844f,0.968369200989487f,0.36362055911110125f,-0.9067606256366638f,0.33989333156433954f,-0.2495149112840755f,1.372353967206446f,-0.3514391879999433f,-0.9362088963025603f,0.0018438063571091234f,0.44234064433347925f,0f,0f,0f,1f],start_interpolation:0}
execute if entity @s[tag=aj.tultaria.bone.left_arm] run data modify entity @s {} merge value {transformation:[-0.2329713822188183f,-0.23345028926499994f,0.9440472962246866f,0.17302652107217895f,-0.9067606256366638f,0.40296247621680314f,-0.12412256263962854f,1.4375f,-0.3514391879999433f,-0.8849419219379938f,-0.3055622554155378f,0.1338408962375059f,0f,0f,0f,1f],start_interpolation:0}
execute if entity @s[tag=aj.tultaria.bone.rod] run data modify entity @s {} merge value {transformation:[-7.784534318718679e-7f,0.00000908827687163218f,0.000004098442845638151f,-0.7116992725027065f,0.000009559832294341603f,-4.860832682036028e-7f,0.000002893670603305756f,1.4945516362859768f,0.000002829066411109909f,0.0000041433014084095f,-0.000008650400954903858f,-0.14346800393342718f,0f,0f,0f,1f],start_interpolation:0}
execute if entity @s[tag=aj.tultaria.bone.sword] run data modify entity @s {} merge value {transformation:[-0.7851688941497815f,0.557215092614986f,-0.27022425542812045f,-0.7306710588996924f,0.5005332802471955f,0.827950197963348f,0.2529128408314522f,1.5356285194618213f,0.36465907780362716f,0.06332306258011788f,-0.9289854394557984f,-0.17703270435612078f,0f,0f,0f,1f],start_interpolation:0}
execute if entity @s[tag=aj.tultaria.bone.right_hand] run data modify entity @s {} merge value {transformation:[-0.07784534318718679f,0.9324418933688203f,-0.352834547677575f,-0.40613788094909575f,0.9559832294341603f,0.17024213309495814f,0.23898468812857546f,1.588265522212658f,0.28290664111099084f,-0.31870006528089734f,-0.9046513697581233f,-0.3760619496335291f,0f,0f,0f,1f],start_interpolation:0}
execute if entity @s[tag=aj.tultaria.bone.right_arm] run data modify entity @s {} merge value {transformation:[-0.07784534318718679f,0.8139279865908441f,0.575726788666503f,-0.17302652107217895f,0.9559832294341603f,-0.1029290930255149f,0.27477566640730544f,1.4375f,0.28290664111099084f,0.5717751607521264f,-0.7700889545774416f,-0.1338408962375059f,0f,0f,0f,1f],start_interpolation:0}
execute if entity @s[tag=aj.tultaria.bone.skirt] run data modify entity @s {} merge value {transformation:[-0.5273073575209714f,0.2937519080417289f,0.7972808584345257f,-0.05131682487704493f,0f,0.9383366817485963f,-0.3457228249407804f,0.8879434029030169f,-0.8496746146050561f,-0.1823021892542083f,-0.494791836117849f,0.031847178740133195f,0f,0f,0f,1f],start_interpolation:0}
execute if entity @s[tag=aj.tultaria.bone.left_foot] run data modify entity @s {} merge value {transformation:[-0.5273073575209714f,0.38930261236418956f,0.7552419656710478f,-0.20638891946818233f,0f,0.8888602209471654f,-0.45817846699485587f,0.5547939001248318f,-0.8496746146050561f,-0.24160087670406705f,-0.46870253431315656f,0.27519993151150496f,0f,0f,0f,1f],start_interpolation:0}
execute if entity @s[tag=aj.tultaria.bone.left_leg] run data modify entity @s {} merge value {transformation:[-0.5273073575209714f,0.4160265803900289f,0.7408568249758043f,0.06822981257443082f,0f,0.871930045032789f,-0.48963046940434424f,0.8750594861511339f,-0.8496746146050561f,-0.25818574898335755f,-0.4597751279893815f,0.10477177533261332f,0f,0f,0f,1f],start_interpolation:0}
execute if entity @s[tag=aj.tultaria.bone.right_foot] run data modify entity @s {} merge value {transformation:[-0.5273073575209714f,-0.03371479998881871f,0.8490054552038899f,-0.3938368901345102f,0f,0.999212452167378f,0.039679660200852174f,0.6384801539575863f,-0.8496746146050561f,0.02092337676784145f,-0.5268920777544301f,0.09729970556968283f,0f,0f,0f,1f],start_interpolation:0}
execute if entity @s[tag=aj.tultaria.bone.right_leg] run data modify entity @s {} merge value {transformation:[-0.5273073575209714f,0.5764975509406004f,0.624177478337484f,-0.06359702680581202f,0f,0.7346076575767923f,-0.6784921439703913f,0.8750594861511339f,-0.8496746146050561f,-0.3577738995357655f,-0.3873640227314889f,-0.1076468783186507f,0f,0f,0f,1f],start_interpolation:0}
execute if entity @s[tag=aj.tultaria.bone.lower] run data modify entity @s {} merge value {transformation:[-0.5273073575209714f,-0.03706228614895052f,0.8488659126444317f,0f,0f,0.9990482215818578f,0.043619387365336f,0.9375f,-0.8496746146050561f,0.02300082388829897f,-0.5268054777583553f,0f,0f,0f,0f,1f],start_interpolation:0}