execute if entity @s[tag=aj.tultaria.bone.head] run data modify entity @s {} merge value {transformation:[-0.98463665865378f,0.032320483660722855f,-0.1715984754333681f,0f,3.469446951953614e-18f,0.9827206467064133f,0.18509492304471464f,1.15625f,0.17461572218766352f,0.18225124656052638f,-0.9676227739630846f,0f,0f,0f,0f,1f],start_interpolation:0}
execute if entity @s[tag=aj.tultaria.bone.bust] run data modify entity @s {} merge value {transformation:[-0.8852072555774338f,0f,-0.46519685582887116f,0.6752020557031525f,0f,1f,0f,0f,0.46519685582887116f,0f,-0.8852072555774338f,0.21000519987428135f,0f,0f,0f,1f],start_interpolation:0}
execute if entity @s[tag=aj.tultaria.bone.left_wing] run data modify entity @s {} merge value {transformation:[-0.8852072555774338f,0f,-0.46519685582887116f,-0.002824153505019189f,0f,1f,0f,1.0625f,0.46519685582887116f,0f,-0.8852072555774338f,-0.13972571043648363f,0f,0f,0f,1f],start_interpolation:0}
execute if entity @s[tag=aj.tultaria.bone.right_wing] run data modify entity @s {} merge value {transformation:[-0.8852072555774338f,0f,-0.46519685582887116f,-0.11347506045219846f,0f,1f,0f,1.0625f,0.46519685582887116f,0f,-0.8852072555774338f,-0.08157610345787475f,0f,0f,0f,1f],start_interpolation:0}
execute if entity @s[tag=aj.tultaria.bone.body] run data modify entity @s {} merge value {transformation:[-0.8852072555774338f,0f,-0.46519685582887116f,0.6752020557031525f,0f,1f,0f,0f,0.46519685582887116f,0f,-0.8852072555774338f,0.21000519987428135f,0f,0f,0f,1f],start_interpolation:0}
execute if entity @s[tag=aj.tultaria.bone.left_hand] run data modify entity @s {} merge value {transformation:[-0.8348713140543289f,-0.5075409203427905f,0.21305422583650221f,0.40093885680601465f,-0.5430838425584915f,0.6964134988149944f,-0.46911424900567816f,0.8140900361460199f,0.0897208388341405f,-0.5073563371495924f,-0.8570529261562829f,-0.34302200027414975f,0f,0f,0f,1f],start_interpolation:0}
execute if entity @s[tag=aj.tultaria.bone.left_arm] run data modify entity @s {} merge value {transformation:[-0.8348713140543289f,-0.458449217771041f,-0.3046542362980019f,0.19363908715756364f,-0.5430838425584915f,0.7762538136790607f,0.3201405264889433f,1f,0.0897208388341405f,0.43272893533231027f,-0.897048404270953f,-0.10176181221256557f,0f,0f,0f,1f],start_interpolation:0}
execute if entity @s[tag=aj.tultaria.bone.rod] run data modify entity @s {} merge value {transformation:[-0.000005490395912426647f,0.000003856739364218204f,-0.000007414925097484031f,-0.21164539350377026f,0.0000055290856499050395f,0.000008329014926151297f,2.3816430455277773e-7f,0.6013610434278612f,0.000006267755946175868f,-0.000003969013962741716f,-0.000006705383177920436f,0.5872221922344585f,0f,0f,0f,1f],start_interpolation:0}
execute if entity @s[tag=aj.tultaria.bone.sword] run data modify entity @s {} merge value {transformation:[-0.22260574396028096f,-0.08036322226919557f,-0.3224723790689704f,-0.2661635231182085f,0.23182833503493014f,0.2405496995818864f,-0.21998060165841085f,0.5918218016770971f,0.23812245973620816f,-0.30931795055828254f,-0.0872931820453457f,0.5977390613105565f,0f,0f,0f,1f],start_interpolation:0}
execute if entity @s[tag=aj.tultaria.bone.right_hand] run data modify entity @s {} merge value {transformation:[-0.5490395912426647f,-0.25160172607134945f,-0.7970270376129065f,-0.4056244204821396f,0.5529085649905039f,0.60579105296714f,-0.5721095340099706f,0.7570189965392924f,0.6267755946175868f,-0.75479386032405f,-0.19349052278829826f,0.27998817926440234f,0f,0f,0f,1f],start_interpolation:0}
execute if entity @s[tag=aj.tultaria.bone.right_arm] run data modify entity @s {} merge value {transformation:[-0.5490395912426647f,0.2493856602526629f,-0.7977232099597147f,-0.19363908715756364f,0.5529085649905039f,0.8241279263025179f,-0.12290353879548574f,1f,0.6267755946175868f,-0.5085469039809947f,-0.5903663273283084f,0.10176181221256557f,0f,0f,0f,1f],start_interpolation:0}
execute if entity @s[tag=aj.tultaria.bone.skirt] run data modify entity @s {} merge value {transformation:[-0.9012563522969195f,0.0017085088599997633f,-0.43328289654904f,0.026168694463552692f,0f,0.9999922257890921f,0.003943141054722377f,0.45044340290301693f,0.43328626500784767f,0.003553780923571316f,-0.9012493457399546f,0.05443214803074112f,0f,0f,0f,1f],start_interpolation:0}
execute if entity @s[tag=aj.tultaria.bone.left_foot] run data modify entity @s {} merge value {transformation:[-0.9012563522969195f,0.14655437652625222f,-0.4077484545224571f,0.1678947169408993f,0f,0.941060189191716f,0.33823914663807275f,0.0015822090840292846f,0.43328626500784767f,0.30484017950305226f,-0.8481364734027749f,0.060736243646223334f,0f,0f,0f,1f],start_interpolation:0}
execute if entity @s[tag=aj.tultaria.bone.left_leg] run data modify entity @s {} merge value {transformation:[-0.9012563522969195f,-0.005170230622259124f,-0.43325541676909646f,0.11147581394752387f,0f,0.9999288040234771f,-0.011932597545332942f,0.4375594861511339f,0.43328626500784767f,-0.010754329337133939f,-0.9011921864708201f,-0.05661779874762528f,0f,0f,0f,1f],start_interpolation:0}
execute if entity @s[tag=aj.tultaria.bone.right_foot] run data modify entity @s {} merge value {transformation:[-0.9012563522969195f,0.16738864240334272f,-0.39964738187409243f,0.008132484846701232f,0f,0.9223633753238266f,0.38632344461763873f,0.08008484028661805f,0.43328626500784767f,0.34817645850287404f,-0.8312858511366263f,0.3054088354858217f,0f,0f,0f,1f],start_interpolation:0}
execute if entity @s[tag=aj.tultaria.bone.right_leg] run data modify entity @s {} merge value {transformation:[-0.9012563522969195f,-0.16423172966960675f,-0.4009550179436342f,-0.113838274126706f,0f,0.9253813248300684f,-0.3790374699891126f,0.4375594861511339f,0.43328626500784767f,-0.3416099275862407f,-0.8340057973000382f,0.05170376750433664f,0f,0f,0f,1f],start_interpolation:0}
execute if entity @s[tag=aj.tultaria.bone.lower] run data modify entity @s {} merge value {transformation:[-0.9012563522969195f,0.018899681433456935f,-0.43287387249193576f,0f,0f,0.9990482215818578f,0.043619387365336f,0.5f,0.43328626500784767f,0.03931224994630906f,-0.9003985559515897f,0f,0f,0f,0f,1f],start_interpolation:0}