execute if entity @s[tag=aj.tultaria.bone.head] run data modify entity @s {} merge value {transformation:[-0.9925807740631666f,0.02389387178443348f,-0.11921614761144628f,0f,0f,0.9805004957559793f,0.19651660953283015f,1.59375f,0.12158703450683014f,0.1950586084063656f,-0.9732259410467884f,0f,0f,0f,0f,1f],start_interpolation:0}
execute if entity @s[tag=aj.tultaria.bone.bust] run data modify entity @s {} merge value {transformation:[-0.9546723321650141f,0f,-0.2976587613335324f,0.6261655467492733f,0f,1f,0f,0.4375f,0.2976587613335324f,0f,-0.9546723321650141f,0.32850678541574085f,0f,0f,0f,1f],start_interpolation:0}
execute if entity @s[tag=aj.tultaria.bone.left_wing] run data modify entity @s {} merge value {transformation:[-0.9546723321650141f,0f,-0.2976587613335324f,0.02245967559362183f,0f,1f,0f,1.5f,0.2976587613335324f,0f,-0.9546723321650141f,-0.13793771410397254f,0f,0f,0f,1f],start_interpolation:0}
execute if entity @s[tag=aj.tultaria.bone.right_wing] run data modify entity @s {} merge value {transformation:[-0.9546723321650141f,0f,-0.2976587613335324f,-0.09687436592700494f,0f,1f,0f,1.5f,0.2976587613335324f,0f,-0.9546723321650141f,-0.10073036893728099f,0f,0f,0f,1f],start_interpolation:0}
execute if entity @s[tag=aj.tultaria.bone.body] run data modify entity @s {} merge value {transformation:[-0.9546723321650141f,0f,-0.2976587613335324f,0.6261655467492733f,0f,1f,0f,0.4375f,0.2976587613335324f,0f,-0.9546723321650141f,0.32850678541574085f,0f,0f,0f,1f],start_interpolation:0}
execute if entity @s[tag=aj.tultaria.bone.left_hand] run data modify entity @s {} merge value {transformation:[-0.5578213526026078f,-0.4376185147128462f,0.7052129991436058f,0.5287617745557766f,-0.8048619154655837f,0.4926123389712703f,-0.33095374378653847f,1.3755099912636861f,-0.2025651391865554f,-0.7522121503098553f,-0.6270121572286735f,-0.23700238776820728f,0f,0f,0f,1f],start_interpolation:0}
execute if entity @s[tag=aj.tultaria.bone.left_arm] run data modify entity @s {} merge value {transformation:[-0.5578213526026078f,-0.817554935339638f,-0.14296596197136344f,0.20883457266109684f,-0.8048619154655837f,0.490824171710045f,0.33359995428389944f,1.4375f,-0.2025651391865554f,0.30115703572546443f,-0.9318110346091544f,-0.06511285404171022f,0f,0f,0f,1f],start_interpolation:0}
execute if entity @s[tag=aj.tultaria.bone.rod] run data modify entity @s {} merge value {transformation:[-0.000003145007710886535f,0.0000037855721495601724f,-0.000008705077254047698f,-0.09408302492434217f,0.000008304832593310077f,0.0000055389212971698505f,-5.916979473117382e-7f,1.2449737884048333f,0.000004597682252565839f,-0.0000074155103913508644f,-0.000004885849316158703f,0.6952765540175866f,0f,0f,0f,1f],start_interpolation:0}
execute if entity @s[tag=aj.tultaria.bone.sword] run data modify entity @s {} merge value {transformation:[-0.26368726341100457f,-0.2093527522551304f,-0.7256999739823733f,-0.14531221883983841f,0.6804203501689072f,0.2678237025204114f,-0.3244974752510103f,1.2506060663184007f,0.32786761686820687f,-0.7241836020592156f,0.08978271725506254f,0.7180290321523487f,0f,0f,0f,1f],start_interpolation:0}
execute if entity @s[tag=aj.tultaria.bone.right_hand] run data modify entity @s {} merge value {transformation:[-0.3145007710886535f,-0.3478615419464965f,-0.883222289471483f,-0.3349338893382138f,0.8304832593310076f,0.3498215178729098f,-0.43350024406456794f,1.3219693270991035f,0.45976822525658384f,-0.8698374866994979f,0.17887405003720303f,0.39144675275992524f,0f,0f,0f,1f],start_interpolation:0}
execute if entity @s[tag=aj.tultaria.bone.right_arm] run data modify entity @s {} merge value {transformation:[-0.3145007710886535f,0.022244196042581044f,-0.9489965546444631f,-0.20883457266109684f,0.8304832593310076f,0.4906599019966391f,-0.26372412961956104f,1.4375f,0.45976822525658384f,-0.8710671939150663f,-0.17278634995086684f,0.06511285404171022f,0f,0f,0f,1f],start_interpolation:0}
execute if entity @s[tag=aj.tultaria.bone.skirt] run data modify entity @s {} merge value {transformation:[-0.9768827962783614f,-0.011284748049095886f,-0.2134775322998602f,0.012911159473400406f,0f,0.9986057508790714f,-0.052787823513059766f,0.8879434029030169f,0.21377558872651808f,-0.05156751664288645f,-0.9755207782984001f,0.058999671780610025f,0f,0f,0f,1f],start_interpolation:0}
execute if entity @s[tag=aj.tultaria.bone.left_foot] run data modify entity @s {} merge value {transformation:[-0.9768827962783614f,0.04550559133453268f,-0.2088761439050997f,0.15667356391497805f,0f,0.9770813643849382f,0.21286617244566552f,0.45079319874657403f,0.21377558872651808f,0.20794530177179363f,-0.9544939754318349f,0.13122035769971255f,0f,0f,0f,1f],start_interpolation:0}
execute if entity @s[tag=aj.tultaria.bone.left_leg] run data modify entity @s {} merge value {transformation:[-0.9768827962783614f,-0.01950989661023999f,-0.21288345701258038f,0.1215275520214255f,0f,0.9958267839688703f,-0.09126344465456666f,0.8750594861511339f,0.21377558872651808f,-0.08915368901214854f,-0.9728060533323977f,-0.029385137909652165f,0f,0f,0f,1f],start_interpolation:0}
execute if entity @s[tag=aj.tultaria.bone.right_foot] run data modify entity @s {} merge value {transformation:[-0.9768827962783614f,0.07126856704123344f,-0.20154600885966117f,-0.05827699010627531f,0f,0.9427924397742993f,0.33338028661638697f,0.5341286243072376f,0.21377558872651808f,0.3256734666138977f,-0.920997714876816f,0.31841900823099684f,0f,0f,0f,1f],start_interpolation:0}
execute if entity @s[tag=aj.tultaria.bone.right_leg] run data modify entity @s {} merge value {transformation:[-0.9768827962783614f,-0.09212006254544618f,-0.19290903662605466f,-0.12269314704816485f,0f,0.9023903887961787f,-0.4309194660354548f,0.8750594861511339f,0.21377558872651808f,-0.4209578129514934f,-0.8815296463419288f,0.024058759271977356f,0f,0f,0f,1f],start_interpolation:0}
execute if entity @s[tag=aj.tultaria.bone.lower] run data modify entity @s {} merge value {transformation:[-0.9768827962783614f,0.009324760213914748f,-0.21357212173484255f,0f,0f,0.9990482215818578f,0.043619387365336f,0.9375f,0.21377558872651808f,0.04261102910139846f,-0.9759530203158092f,0f,0f,0f,0f,1f],start_interpolation:0}