execute if entity @s[tag=aj.tultaria.bone.head] run data modify entity @s {} merge value {transformation:[-0.9345873122015249f,0.03866591122589868f,-0.3536262195892723f,0f,-3.469446951953614e-18f,0.9940753239360046f,0.10869337763418507f,1.59375f,0.35573382728091707f,0.10158345165723838f,-0.9290501851232107f,0f,0f,0f,0f,1f],start_interpolation:0}
execute if entity @s[tag=aj.tultaria.bone.bust] run data modify entity @s {} merge value {transformation:[-0.5701627322013254f,0f,-0.8215317758971468f,0.6958472540492361f,0f,1f,0f,0.4375f,0.8215317758971468f,0f,-0.5701627322013254f,-0.12568452184791068f,0f,0f,0f,1f],start_interpolation:0}
execute if entity @s[tag=aj.tultaria.bone.left_wing] run data modify entity @s {} merge value {transformation:[-0.21237507868421063f,0f,-0.9771882244244838f,-0.06705630122456052f,0f,1f,0f,1.5f,0.9771882244244838f,0f,-0.21237507868421063f,-0.12261607751873732f,0f,0f,0f,1f],start_interpolation:0}
execute if entity @s[tag=aj.tultaria.bone.right_wing] run data modify entity @s {} merge value {transformation:[-0.9306832596795946f,0f,-0.3658260107649046f,-0.13832664274972617f,0f,1f,0f,1.5f,0.3658260107649046f,0f,-0.9306832596795946f,-0.019924605531593975f,0f,0f,0f,1f],start_interpolation:0}
execute if entity @s[tag=aj.tultaria.bone.body] run data modify entity @s {} merge value {transformation:[-0.5701627322013254f,0f,-0.8215317758971468f,0.6958472540492361f,0f,1f,0f,0.4375f,0.8215317758971468f,0f,-0.5701627322013254f,-0.12568452184791068f,0f,0f,0f,1f],start_interpolation:0}
execute if entity @s[tag=aj.tultaria.bone.left_hand] run data modify entity @s {} merge value {transformation:[-0.5222179701512031f,-0.6553052597285123f,-0.5457686398312972f,0.2294099834728004f,-0.6267922801564988f,0.7288838174261941f,-0.2754266113331025f,1.2336690082606598f,0.5782904367075202f,0.1982508443017726f,-0.7913765055561481f,-0.468216176861464f,0f,0f,0f,1f],start_interpolation:0}
execute if entity @s[tag=aj.tultaria.bone.left_arm] run data modify entity @s {} merge value {transformation:[-0.5222179701512031f,-0.3714804165518048f,-0.7676527156010423f,0.12472309766903994f,-0.6267922801564988f,0.7775732638662632f,0.05011244213350487f,1.4375f,0.5782904367075202f,0.5073284137901841f,-0.6389037888240775f,-0.17971007597750085f,0f,0f,0f,1f],start_interpolation:0}
execute if entity @s[tag=aj.tultaria.bone.rod] run data modify entity @s {} merge value {transformation:[-0.000002888985984750995f,0.000007866762439026511f,-0.000005455988334649739f,-0.33497598514479965f,0.0000065147307841824445f,0.000005791412360965436f,0.000004900798473196214f,0.9864838206057056f,0.000007015129563275217f,-0.000002138595705873002f,-0.0000067981148576118985f,0.6456075784275555f,0f,0f,0f,1f],start_interpolation:0}
execute if entity @s[tag=aj.tultaria.bone.sword] run data modify entity @s {} merge value {transformation:[-0.7838903062550424f,0.6158319531022179f,-0.07916434360040919f,-0.38816316361023145f,0.3865267331642938f,0.5837912167260892f,0.7139922267243606f,1.0038903584338044f,0.48591467595526994f,0.5290924501557169f,-0.6956637886792046f,0.6520855883631194f,0f,0f,0f,1f],start_interpolation:0}
execute if entity @s[tag=aj.tultaria.bone.right_hand] run data modify entity @s {} merge value {transformation:[-0.28889859847509947f,0.17046747171137405f,-0.9420607416124798f,-0.38880827595459433f,0.6514730784182444f,0.7560534786711974f,-0.06297591194605323f,1.262131886114148f,0.7015129563275216f,-0.6319208640941625f,-0.32947775892631626f,0.36745253452645493f,0f,0f,0f,1f],start_interpolation:0}
execute if entity @s[tag=aj.tultaria.bone.right_arm] run data modify entity @s {} merge value {transformation:[-0.28889859847509947f,0.4605572423750462f,-0.839300081195645f,-0.12472309766903994f,0.6514730784182444f,0.7369705323914193f,0.18015899223453682f,1.4375f,0.7015129563275216f,-0.49473372725396536f,-0.5129503984032178f,0.17971007597750085f,0f,0f,0f,1f],start_interpolation:0}
execute if entity @s[tag=aj.tultaria.bone.skirt] run data modify entity @s {} merge value {transformation:[-0.7886056070336925f,0.1820667959490736f,-0.5873268922566544f,0.03713737133160092f,0f,0.9551594146078212f,0.29609203414824303f,0.8879434029030169f,0.6148993385547112f,0.23349983832731597f,-0.7532440699707471f,0.04762850994673331f,0f,0f,0f,1f],start_interpolation:0}
execute if entity @s[tag=aj.tultaria.bone.left_foot] run data modify entity @s {} merge value {transformation:[-0.7886056070336925f,0.32913075112909357f,-0.5193978679357666f,0.10503825903459851f,0f,0.8446876348193578f,0.5352595628134813f,0.4202451788138452f,0.6148993385547112f,0.42210869245311433f,-0.6661254050105737f,-0.06857421585680633f,0f,0f,0f,1f],start_interpolation:0}
execute if entity @s[tag=aj.tultaria.bone.left_leg] run data modify entity @s {} merge value {transformation:[-0.7886056070336925f,0.1516551565174394f,-0.5959042792736869f,0.09689935510176739f,0f,0.9691086685413077f,0.24663411880373287f,0.8750594861511339f,0.6148993385547112f,0.1944970489744376f,-0.7642445298366315f,-0.07901232316006881f,0f,0f,0f,1f],start_interpolation:0}
execute if entity @s[tag=aj.tultaria.bone.right_foot] run data modify entity @s {} merge value {transformation:[-0.7886056070336925f,0.32913075112909357f,-0.5193978679357665f,0.06975029532157262f,0f,0.8446876348193577f,0.5352595628134815f,0.5136807647384498f,0.6148993385547112f,0.42210869245311444f,-0.6661254050105736f,0.29273974242018463f,0f,0f,0f,1f],start_interpolation:0}
execute if entity @s[tag=aj.tultaria.bone.right_leg] run data modify entity @s {} merge value {transformation:[-0.7886056070336925f,-0.22508477594529366f,-0.572222020017299f,-0.10025204665665574f,0f,0.9305946260444468f,-0.36605141985409134f,0.8750594861511339f,0.6148993385547112f,-0.2886702021595807f,-0.733872139974073f,0.074712511478609f,0f,0f,0f,1f],start_interpolation:0}
execute if entity @s[tag=aj.tultaria.bone.lower] run data modify entity @s {} merge value {transformation:[-0.7886056070336925f,0.02682153243910683f,-0.6143140906349449f,0f,0f,0.9990482215818578f,0.04361938736533599f,0.9375f,0.6148993385547112f,0.03439849345167857f,-0.7878550292364919f,0f,0f,0f,0f,1f],start_interpolation:0}