execute if entity @s[tag=aj.tultaria.bone.head] run data modify entity @s {} merge value {transformation:[-0.9519073267875369f,0.04518097182317884f,-0.30303650109074076f,0f,0f,0.9890673983243705f,0.14746417046815488f,1.59375f,0.30638609826198926f,0.14037222430728297f,-0.9415005031516555f,0f,0f,0f,0f,1f],start_interpolation:0}
execute if entity @s[tag=aj.tultaria.bone.bust] run data modify entity @s {} merge value {transformation:[-0.6865601207152131f,0f,-0.7270730366637949f,0.706816578689504f,0f,1f,0f,0.4375f,0.7270730366637949f,0f,-0.6865601207152131f,-0.020256457974290876f,0f,0f,0f,1f],start_interpolation:0}
execute if entity @s[tag=aj.tultaria.bone.left_wing] run data modify entity @s {} merge value {transformation:[-0.356060038116654f,0f,-0.9344630807347964f,-0.04797412203827356f,0f,1f,0f,1.5f,0.9344630807347964f,0f,-0.356060038116654f,-0.13126207988088878f,0f,0f,0f,1f],start_interpolation:0}
execute if entity @s[tag=aj.tultaria.bone.right_wing] run data modify entity @s {} merge value {transformation:[-0.9421652813934762f,0f,-0.3351485976947412f,-0.13379413712767518f,0f,1f,0f,1.5f,0.3351485976947412f,0f,-0.9421652813934762f,-0.04037795029791447f,0f,0f,0f,1f],start_interpolation:0}
execute if entity @s[tag=aj.tultaria.bone.body] run data modify entity @s {} merge value {transformation:[-0.6865601207152131f,0f,-0.7270730366637949f,0.706816578689504f,0f,1f,0f,0.4375f,0.7270730366637949f,0f,-0.6865601207152131f,-0.020256457974290876f,0f,0f,0f,1f],start_interpolation:0}
execute if entity @s[tag=aj.tultaria.bone.left_hand] run data modify entity @s {} merge value {transformation:[-0.7534053215102586f,-0.4881626180528562f,-0.44054248359926074f,0.2292710985023221f,-0.41015653875782804f,0.8725398226366513f,-0.26541641175217323f,1.1915975166973294f,0.5139572309387448f,-0.01927475678139523f,-0.8575992353755895f,-0.4217629465245183f,0f,0f,0f,1f],start_interpolation:0}
execute if entity @s[tag=aj.tultaria.bone.left_arm] run data modify entity @s {} merge value {transformation:[-0.7534053215102586f,-0.19579356167872336f,-0.6277302786429724f,0.15018502640645287f,-0.41015653875782804f,0.8860935224577559f,0.2158932216921245f,1.4375f,0.5139572309387448f,0.4201227804625291f,-0.7478935847446555f,-0.15904722677020514f,0f,0f,0f,1f],start_interpolation:0}
execute if entity @s[tag=aj.tultaria.bone.rod] run data modify entity @s {} merge value {transformation:[-0.000004436726176840597f,0.000006769600604355947f,-0.000005872645782715066f,-0.3327997638191302f,0.000004220954329772995f,0.000007359050223872045f,0.00000529414056750474f,0.8873454557200245f,0.000007905631244733594f,-1.2995176040522644e-7f,-0.0000061224265746727865f,0.4688853085298228f,0f,0f,0f,1f],start_interpolation:0}
execute if entity @s[tag=aj.tultaria.bone.sword] run data modify entity @s {} merge value {transformation:[-0.8681234813792895f,0.46628913690643947f,-0.17010603128916368f,-0.38856805569861186f,0.13204260105450044f,0.5473244864921146f,0.826438538545308f,0.8936916647792139f,0.4784625090690642f,0.6949894584014856f,-0.5367152691382509f,0.47372797065121747f,0f,0f,0f,1f],start_interpolation:0}
execute if entity @s[tag=aj.tultaria.bone.right_hand] run data modify entity @s {} merge value {transformation:[-0.44367261768405963f,0.06342428368002373f,-0.8939418149729043f,-0.42075838431073426f,0.4220954329772995f,0.8947157012229702f,-0.14601116205549053f,1.204612448421702f,0.7905631244733593f,-0.44210991192775184f,-0.4237319577258188f,0.25012759684118846f,0f,0f,0f,1f],start_interpolation:0}
execute if entity @s[tag=aj.tultaria.bone.right_arm] run data modify entity @s {} merge value {transformation:[-0.44367261768405963f,0.4556550877434599f,-0.7717078782355886f,-0.15018502640645287f,0.4220954329772995f,0.8658548533327289f,0.26857181240752825f,1.4375f,0.7905631244733593f,-0.20657641194884366f,-0.5764860208619644f,0.15904722677020514f,0f,0f,0f,1f],start_interpolation:0}
execute if entity @s[tag=aj.tultaria.bone.skirt] run data modify entity @s {} merge value {transformation:[-0.7980533018530153f,0.13326599183856738f,-0.5876658087899814f,0.036393748839552785f,0f,0.9752383347883679f,0.22115648387332268f,0.8879434029030169f,0.6025868629513094f,0.17649466218130824f,-0.7782921731714931f,0.048199111553750014f,0f,0f,0f,1f],start_interpolation:0}
execute if entity @s[tag=aj.tultaria.bone.left_foot] run data modify entity @s {} merge value {transformation:[-0.7980533018530153f,0.3025538756054342f,-0.5211257811293082f,0.12307715296855032f,0f,0.8648143747724161f,0.5020917218865445f,0.4219424296172915f,0.6025868629513094f,0.40069595648462264f,-0.6901679672770774f,-0.044438193623453595f,0f,0f,0f,1f],start_interpolation:0}
execute if entity @s[tag=aj.tultaria.bone.left_leg] run data modify entity @s {} merge value {transformation:[-0.7980533018530153f,0.11210321029390422f,-0.59206739282222f,0.09811388336935592f,0f,0.9825428153584896f,0.18603659851602578f,0.8750594861511339f,0.6025868629513094f,0.14846712171121812f,-0.7841215380088f,-0.07749902012589567f,0f,0f,0f,1f],start_interpolation:0}
execute if entity @s[tag=aj.tultaria.bone.right_foot] run data modify entity @s {} merge value {transformation:[-0.7980533018530153f,0.30255387560543406f,-0.5211257811293083f,0.06350404831457593f,0f,0.8648143747724162f,0.5020917218865444f,0.511546287736129f,0.6025868629513094f,0.4006959564846224f,-0.6901679672770775f,0.2915423920429478f,0f,0f,0f,1f],start_interpolation:0}
execute if entity @s[tag=aj.tultaria.bone.right_leg] run data modify entity @s {} merge value {transformation:[-0.7980533018530153f,-0.2162197364862573f,-0.56245884556589f,-0.1013994420938979f,0f,0.9334070822770959f,-0.35881920064979644f,0.8750594861511339f,0.6025868629513094f,-0.28635684784682963f,-0.7449086039842252f,0.07314769561193167f,0f,0f,0f,1f],start_interpolation:0}
execute if entity @s[tag=aj.tultaria.bone.lower] run data modify entity @s {} merge value {transformation:[-0.7980533018530153f,0.026284469796335804f,-0.6020133337800964f,0f,0f,0.9990482215818578f,0.043619387365336f,0.9375f,0.6025868629513094f,0.03481059611171209f,-0.7972937319437843f,0f,0f,0f,0f,1f],start_interpolation:0}