execute if entity @s[tag=aj.tultaria.bone.head] run data modify entity @s {} merge value {transformation:[-0.9285083753124634f,0.03504863457542537f,-0.36965360838088374f,0f,3.469446951953614e-18f,0.995535157669062f,0.09439147125050987f,1.59375f,0.3713114554852966f,0.08764327161416402f,-0.924362731813738f,0f,0f,0f,0f,1f],start_interpolation:0}
execute if entity @s[tag=aj.tultaria.bone.bust] run data modify entity @s {} merge value {transformation:[-0.526128135140016f,0f,-0.8504053065533452f,0.6882667208466806f,0f,1f,0f,0.4375f,0.8504053065533452f,0f,-0.526128135140016f,-0.16213858570666462f,0f,0f,0f,1f],start_interpolation:0}
execute if entity @s[tag=aj.tultaria.bone.left_wing] run data modify entity @s {} merge value {transformation:[-0.1606429939208726f,0f,-0.9870125776828472f,-0.07341765487291707f,0f,1f,0f,1.5f,0.9870125776828472f,0f,-0.1606429939208726f,-0.11891634855208605f,0f,0f,0f,1f],start_interpolation:0}
execute if entity @s[tag=aj.tultaria.bone.right_wing] run data modify entity @s {} merge value {transformation:[-0.9271533247371659f,0f,-0.3746821485323514f,-0.13918367176541913f,0f,1f,0f,1.5f,0.3746821485323514f,0f,-0.9271533247371659f,-0.01261568523291795f,0f,0f,0f,1f],start_interpolation:0}
execute if entity @s[tag=aj.tultaria.bone.body] run data modify entity @s {} merge value {transformation:[-0.526128135140016f,0f,-0.8504053065533452f,0.6882667208466806f,0f,1f,0f,0.4375f,0.8504053065533452f,0f,-0.526128135140016f,-0.16213858570666462f,0f,0f,0f,1f],start_interpolation:0}
execute if entity @s[tag=aj.tultaria.bone.left_hand] run data modify entity @s {} merge value {transformation:[-0.43001553704263024f,-0.6994002667686557f,-0.5708992071687186f,0.22869875593817618f,-0.6971181136844936f,0.6590414914072266f,-0.28229532085514986f,1.2554457738404534f,0.5736836876493105f,0.27659280440328127f,-0.7709626755410515f,-0.4855117483366933f,0f,0f,0f,1f],start_interpolation:0}
execute if entity @s[tag=aj.tultaria.bone.left_arm] run data modify entity @s {} merge value {transformation:[-0.43001553704263024f,-0.4297580481403223f,-0.7939739655433034f,0.1150905295618785f,-0.6971181136844936f,0.7168798402461349f,-0.010470445150494938f,1.4375f,0.5736836876493105f,0.5489911790796793f,-0.607861589358788f,-0.18602616080854428f,0f,0f,0f,1f],start_interpolation:0}
execute if entity @s[tag=aj.tultaria.bone.rod] run data modify entity @s {} merge value {transformation:[-0.0000023446322128134434f,0.00000806049907266493f,-0.000005434248290813126f,-0.31986291811184175f,0.000007250251431431654f,0.0000051737702221372305f,0.000004545982387729781f,1.0354976757132033f,0.0000064758438807356064f,-0.0000028741009704069075f,-0.000007057123326416034f,0.7067308057493012f,0f,0f,0f,1f],start_interpolation:0}
execute if entity @s[tag=aj.tultaria.bone.sword] run data modify entity @s {} merge value {transformation:[-0.7482994936079987f,0.6599081869595754f,-0.06759476791689276f,-0.3719190845789835f,0.4672815977067022f,0.5966954351489487f,0.6523821473010113f,1.0560738690855398f,0.4708458094861675f,0.45659143931542623f,-0.7548698439023663f,0.7131029265932142f,0f,0f,0f,1f],start_interpolation:0}
execute if entity @s[tag=aj.tultaria.bone.right_hand] run data modify entity @s {} merge value {transformation:[-0.23446322128134434f,0.18570397369438812f,-0.9542227371114615f,-0.3695017701153789f,0.7250251431431654f,0.6872902981892606f,-0.04439130348559256f,1.2876826245984767f,0.6475843880735606f,-0.7022436045768103f,-0.29578434737889814f,0.40641641061063505f,0f,0f,0f,1f],start_interpolation:0}
execute if entity @s[tag=aj.tultaria.bone.right_arm] run data modify entity @s {} merge value {transformation:[-0.23446322128134434f,0.439707040441899f,-0.8669975296690305f,-0.1150905295618785f,0.7250251431431654f,0.673208942069901f,0.14535564016355618f,1.4375f,0.6475843880735606f,-0.5945144564289003f,-0.4766413970905604f,0.18602616080854428f,0f,0f,0f,1f],start_interpolation:0}
execute if entity @s[tag=aj.tultaria.bone.skirt] run data modify entity @s {} merge value {transformation:[-0.7854723749220172f,0.1982018176877809f,-0.5863012772454326f,0.037378796514558076f,0f,0.947332987347586f,0.32025023197977315f,0.8879434029030169f,0.6188967185519454f,0.25154771028247935f,-0.7441038914138778f,0.047439275714228075f,0f,0f,0f,1f],start_interpolation:0}
execute if entity @s[tag=aj.tultaria.bone.left_foot] run data modify entity @s {} merge value {transformation:[-0.7854723749220172f,0.3378814328272809f,-0.5185260703040395f,0.09896870932386993f,0f,0.8378232664042125f,0.5459415484021858f,0.42007014831428113f,0.6188967185519454f,0.4288220045920683f,-0.6580870308274388f,-0.07636623596097837f,0f,0f,0f,1f],start_interpolation:0}
execute if entity @s[tag=aj.tultaria.bone.left_leg] run data modify entity @s {} merge value {transformation:[-0.7854723749220172f,0.16479380369665025f,-0.5965535604600445f,0.09649680338364885f,0f,0.9638984059502237f,0.2662702818690397f,0.8750594861511339f,0.6188967185519454f,0.20914795067082959f,-0.757115570105269f,-0.07950345380564905f,0f,0f,0f,1f],start_interpolation:0}
execute if entity @s[tag=aj.tultaria.bone.right_foot] run data modify entity @s {} merge value {transformation:[-0.7854723749220172f,0.337881432827281f,-0.5185260703040395f,0.07180363695125613f,0f,0.8378232664042123f,0.5459415484021858f,0.5143840295229349f,0.6188967185519454f,0.42882200459206843f,-0.6580870308274387f,0.29310185012544404f,0f,0f,0f,1f],start_interpolation:0}
execute if entity @s[tag=aj.tultaria.bone.right_leg] run data modify entity @s {} merge value {transformation:[-0.7854723749220172f,-0.2280098952295689f,-0.5753647850814013f,-0.09987129034685543f,0f,0.9296620386477449f,-0.36841348224151477f,0.8750594861511339f,0.6188967185519454f,-0.28937861284953303f,-0.7302238493714884f,0.0752207258323373f,0f,0f,0f,1f],start_interpolation:0}
execute if entity @s[tag=aj.tultaria.bone.lower] run data modify entity @s {} merge value {transformation:[-0.7854723749220172f,0.026995895705652632f,-0.6183076660121687f,0f,0f,0.9990482215818578f,0.043619387365336f,0.9375f,0.6188967185519454f,0.0342618237864939f,-0.7847247792675196f,0f,0f,0f,0f,1f],start_interpolation:0}