execute if entity @s[tag=aj.tultaria.bone.head] run data modify entity @s {} merge value {transformation:[-0.9620911643362491f,0.04549642192299841f,-0.26890642814615845f,0f,0f,0.9859874115632943f,0.16681973575903733f,1.59375f,0.272728054123738f,0.16049579381067763f,-0.948609776811814f,0f,0f,0f,0f,1f],start_interpolation:0}
execute if entity @s[tag=aj.tultaria.bone.bust] run data modify entity @s {} merge value {transformation:[-0.7452519110234083f,0f,-0.6667830150175976f,0.7060174630205029f,0f,1f,0f,0.4375f,0.6667830150175976f,0f,-0.7452519110234083f,0.03923444800290532f,0f,0f,0f,1f],start_interpolation:0}
execute if entity @s[tag=aj.tultaria.bone.left_wing] run data modify entity @s {} merge value {transformation:[-0.4333561743297721f,0f,-0.9012227394880048f,-0.03676963243823672f,0f,1f,0f,1.5f,0.9012227394880048f,0f,-0.4333561743297721f,-0.1348304273165259f,0f,0f,0f,1f],start_interpolation:0}
execute if entity @s[tag=aj.tultaria.bone.right_wing] run data modify entity @s {} merge value {transformation:[-0.9503629884759712f,0f,-0.31114335945833854f,-0.12992612131616266f,0f,1f,0f,1.5f,0.31114335945833854f,0f,-0.9503629884759712f,-0.0514825504393262f,0f,0f,0f,1f],start_interpolation:0}
execute if entity @s[tag=aj.tultaria.bone.body] run data modify entity @s {} merge value {transformation:[-0.7452519110234083f,0f,-0.6667830150175976f,0.7060174630205029f,0f,1f,0f,0.4375f,0.6667830150175976f,0f,-0.7452519110234083f,0.03923444800290532f,0f,0f,0f,1f],start_interpolation:0}
execute if entity @s[tag=aj.tultaria.bone.left_hand] run data modify entity @s {} merge value {transformation:[-0.8509565403834648f,-0.38177938047945686f,-0.36071799375596253f,0.23215884522745006f,-0.2923780040359396f,0.9148446247793554f,-0.27852183984075757f,1.1789904817715253f,0.4363348131132384f,-0.1315439742179117f,-0.8901169101373104f,-0.39910840385504287f,0f,0f,0f,1f],start_interpolation:0}
execute if entity @s[tag=aj.tultaria.bone.left_arm] run data modify entity @s {} merge value {transformation:[-0.8509565403834648f,-0.10915936392934164f,-0.5137676514195362f,0.16302385553637055f,-0.2923780040359396f,0.9110485583964901f,0.290698515647461f,1.4375f,0.4363348131132384f,0.39758616363024835f,-0.8071785263219139f,-0.14585878453509948f,0f,0f,0f,1f],start_interpolation:0}
execute if entity @s[tag=aj.tultaria.bone.rod] run data modify entity @s {} merge value {transformation:[-0.000005214774585127039f,0.0000057983691136038705f,-0.000006259795655508076f,-0.30705897888059636f,0.0000029575157700900285f,0.000008109788381947875f,0.000005048210858283565f,0.8606221838778295f,0.000008003700800003826f,7.811837315433303e-7f,-0.000005943948643922669f,0.38231371773480166f,0f,0f,0f,1f],start_interpolation:0}
execute if entity @s[tag=aj.tultaria.bone.sword] run data modify entity @s {} merge value {transformation:[-0.4473581587368747f,0.18430952579580953f,-0.1260978846471168f,-0.3633226966946048f,-0.007898375020497943f,0.2690935810836565f,0.4213386527386369f,0.859716628965089f,0.2231777172649396f,0.3789705045521325f,-0.23785092641382183f,0.3850344075454267f,0f,0f,0f,1f],start_interpolation:0}
execute if entity @s[tag=aj.tultaria.bone.right_hand] run data modify entity @s {} merge value {transformation:[-0.5214774585127039f,-0.032627783679992306f,-0.8526410076903777f,-0.4258745237218907f,0.29575157700900284f,0.930411048961509f,-0.21648622281113516f,1.1824655493870035f,0.8003700800003826f,-0.3650626079215402f,-0.47553867070692024f,0.18597290592585908f,0f,0f,0f,1f],start_interpolation:0}
execute if entity @s[tag=aj.tultaria.bone.right_arm] run data modify entity @s {} merge value {transformation:[-0.5214774585127039f,0.41984650979559857f,-0.7428257995489826f,-0.16302385553637055f,0.29575157700900284f,0.9055385529316733f,0.30418897720183574f,1.4375f,0.8003700800003826f,-0.06106420692079295f,-0.5963882105418546f,0.14585878453509948f,0f,0f,0f,1f],start_interpolation:0}
execute if entity @s[tag=aj.tultaria.bone.skirt] run data modify entity @s {} merge value {transformation:[-0.8040490707766664f,0.10229839345260325f,-0.5856962783561082f,0.03590913726171865f,2.168404344971009e-19f,0.985087090300816f,0.1720564573698764f,0.8879434029030169f,0.59456294181792f,0.13834183466937422f,-0.792058359590461f,0.04856123114467277f,0f,0f,0f,1f],start_interpolation:0}
execute if entity @s[tag=aj.tultaria.bone.left_foot] run data modify entity @s {} merge value {transformation:[-0.8040490707766664f,0.285556806687208f,-0.5215001456737898f,0.13428765091134004f,2.168404344971009e-19f,0.8771151193501308f,0.4802801967678931f,0.4239654726786283f,0.59456294181792f,0.3861688459236589f,-0.7052435966776374f,-0.028636394686653396f,0f,0f,0f,1f],start_interpolation:0}
execute if entity @s[tag=aj.tultaria.bone.left_leg] run data modify entity @s {} merge value {transformation:[-0.8040490707766664f,0.08712169562020625f,-0.5881453068208906f,0.09888522939256895f,2.168404344971009e-19f,0.9892061301745328f,0.14653065216918035f,0.8750594861511339f,0.59456294181792f,0.11781783471692837f,-0.7953702697734151f,-0.07651237571967412f,0f,0f,0f,1f],start_interpolation:0}
execute if entity @s[tag=aj.tultaria.bone.right_foot] run data modify entity @s {} merge value {transformation:[-0.8040490707766664f,0.28555680668720806f,-0.5215001456737897f,0.05949613817603709f,2.168404344971009e-19f,0.8771151193501305f,0.4802801967678932f,0.5101802770798743f,0.59456294181792f,0.386168845923659f,-0.7052435966776371f,0.2906972541658557f,0f,0f,0f,1f],start_interpolation:0}
execute if entity @s[tag=aj.tultaria.bone.right_leg] run data modify entity @s {} merge value {transformation:[-0.8040490707766664f,-0.21055846745244836f,-0.5560307757375086f,-0.10212703830159765f,2.168404344971009e-19f,0.9351924525221897f,-0.35413991125758754f,0.8750594861511339f,0.59456294181792f,-0.2847458665715943f,-0.7519406224478182f,0.07212835973480589f,0f,0f,0f,1f],start_interpolation:0}
execute if entity @s[tag=aj.tultaria.bone.lower] run data modify entity @s {} merge value {transformation:[-0.8040490707766664f,0.025934471272229583f,-0.5939970496416705f,0f,2.168404344971009e-19f,0.9990482215818578f,0.043619387365336f,0.9375f,0.59456294181792f,0.035072127878945876f,-0.8032837942239738f,0f,0f,0f,0f,1f],start_interpolation:0}