execute if entity @s[tag=aj.tultaria.bone.head] run data modify entity @s {} merge value {transformation:[-0.8947770399698642f,0.0070885602659514265f,-0.4464569419956685f,0f,0f,0.9998739784507912f,0.01587536509774736f,1.59375f,0.4465132122824227f,0.01420491219060328f,-0.8946642787810908f,0f,0f,0f,0f,1f],start_interpolation:0}
execute if entity @s[tag=aj.tultaria.bone.bust] run data modify entity @s {} merge value {transformation:[-0.2715056206712076f,0f,-0.9624368540033897f,0.6169712373372986f,0f,1f,0f,0.4375f,0.9624368540033897f,0f,-0.2715056206712076f,-0.3454656166660911f,0f,0f,0f,1f],start_interpolation:0}
execute if entity @s[tag=aj.tultaria.bone.left_wing] run data modify entity @s {} merge value {transformation:[0.11747015282477391f,0f,-0.993076413573157f,-0.10333550545847325f,0f,1f,0f,1.5f,0.993076413573157f,0f,0.11747015282477391f,-0.09409050595911284f,0f,0f,0f,1f],start_interpolation:0}
execute if entity @s[tag=aj.tultaria.bone.right_wing] run data modify entity @s {} merge value {transformation:[-0.9101420619440914f,0f,-0.4142963034835786f,-0.13727370804237427f,0f,1f,0f,1.5f,0.4142963034835786f,0f,-0.9101420619440914f,0.026214100791310924f,0f,0f,0f,1f],start_interpolation:0}
execute if entity @s[tag=aj.tultaria.bone.body] run data modify entity @s {} merge value {transformation:[-0.2715056206712076f,0f,-0.9624368540033897f,0.6169712373372986f,0f,1f,0f,0.4375f,0.9624368540033897f,0f,-0.2715056206712076f,-0.3454656166660911f,0f,0f,0f,1f],start_interpolation:0}
execute if entity @s[tag=aj.tultaria.bone.left_hand] run data modify entity @s {} merge value {transformation:[0.047278878321637324f,-0.772651414890021f,-0.633067530942076f,0.19575361060694754f,-0.9487966762093514f,0.16343120824455362f,-0.2703240784425479f,1.4304586744580061f,0.31232927316973547f,0.6134329883859964f,-0.725362250107552f,-0.552729027178109f,0f,0f,0f,1f],start_interpolation:0}
execute if entity @s[tag=aj.tultaria.bone.left_arm] run data modify entity @s {} merge value {transformation:[0.047278878321637324f,-0.6226108258764002f,-0.7811020849838737f,0.05939185452182666f,-0.9487966762093514f,0.21651591989618724f,-0.2300124423712667f,1.4375f,0.31232927316973547f,0.7519817922882274f,-0.5804944523320184f,-0.2105330618132415f,0f,0f,0f,1f],start_interpolation:0}
execute if entity @s[tag=aj.tultaria.bone.rod] run data modify entity @s {} merge value {transformation:[-3.05811472619332e-7f,0.00000765712012477809f,-0.000006424561521063736f,-0.10947983809426248f,0.000009801054740617219f,0.0000014908022405169159f,0.0000013102803711780345f,1.3881733867591182f,0.000001961072490918961f,-0.000006256678038255452f,-0.000007550375792698849f,0.9273017498833264f,0f,0f,0f,1f],start_interpolation:0}
execute if entity @s[tag=aj.tultaria.bone.sword] run data modify entity @s {} merge value {transformation:[-0.5896529836324376f,0.78879504102831f,-0.1735273527214391f,-0.1571101204256583f,0.7663797787953711f,0.614257981647267f,0.1880137405515439f,1.4182033317081002f,0.25489486763550556f,-0.022124991113489825f,-0.9667156206565121f,0.9291420586597636f,0f,0f,0f,1f],start_interpolation:0}
execute if entity @s[tag=aj.tultaria.bone.right_hand] run data modify entity @s {} merge value {transformation:[-0.0305811472619332f,0.08715505468962416f,-0.9957252582284897f,-0.2012623498642146f,0.9801054740617219f,0.1980664509393224f,-0.01276482379619952f,1.4608527028868392f,0.19610724909189609f,-0.9763061392075485f,-0.0914782454972734f,0.5497521669933366f,0f,0f,0f,1f],start_interpolation:0}
execute if entity @s[tag=aj.tultaria.bone.right_arm] run data modify entity @s {} merge value {transformation:[-0.0305811472619332f,0.1342439478002223f,-0.9904763277893899f,-0.05939185452182666f,0.9801054740617219f,0.198448838855114f,-0.0033642341333534886f,1.4375f,0.19610724909189609f,-0.9708741529343891f,-0.13764202126364194f,0.2105330618132415f,0f,0f,0f,1f],start_interpolation:0}
execute if entity @s[tag=aj.tultaria.bone.skirt] run data modify entity @s {} merge value {transformation:[-0.7694196585041041f,0.2799164192245271f,-0.5741430025315528f,0.03857746601134425f,0f,0.8988630190983359f,0.4382297033490825f,0.8879434029030169f,0.6387436020089969f,0.33718254869720593f,-0.6916028771966095f,0.04646975818003433f,0f,0f,0f,1f],start_interpolation:0}
execute if entity @s[tag=aj.tultaria.bone.left_foot] run data modify entity @s {} merge value {transformation:[-0.7694196585041041f,0.3821357401901233f,-0.5118258152699748f,0.06735083733009194f,0f,0.8013008876490721f,0.5982615543830384f,0.4220328283886979f,0.6387436020089969f,0.4603142008695319f,-0.6165366553339845f,-0.11456700546408677f,0f,0f,0f,1f],start_interpolation:0}
execute if entity @s[tag=aj.tultaria.bone.left_leg] run data modify entity @s {} merge value {transformation:[-0.7694196585041041f,0.23194947810931799f,-0.5951410158208245f,0.09443610702531549f,0f,0.9317369503960085f,0.3631339357134585f,0.8750594861511339f,0.6387436020089969f,0.2794023888079005f,-0.7168967261893522f,-0.08194055113429931f,0f,0f,0f,1f],start_interpolation:0}
execute if entity @s[tag=aj.tultaria.bone.right_foot] run data modify entity @s {} merge value {transformation:[-0.7694196585041041f,0.3821357401901234f,-0.5118258152699747f,0.08218734392767513f,0f,0.8013008876490721f,0.5982615543830386f,0.5179537506865546f,0.6387436020089969f,0.4603142008695321f,-0.6165366553339845f,0.2946981504098726f,0f,0f,0f,1f],start_interpolation:0}
execute if entity @s[tag=aj.tultaria.bone.right_leg] run data modify entity @s {} merge value {transformation:[-0.7694196585041041f,-0.24288152548264602f,-0.5907638730378243f,-0.09791880760071053f,0f,0.924884212037091f,-0.38024885841318373f,0.8750594861511339f,0.6387436020089969f,-0.29257094678684725f,-0.711624094581416f,0.07774534936794993f,0f,0f,0f,1f],start_interpolation:0}
execute if entity @s[tag=aj.tultaria.bone.lower] run data modify entity @s {} merge value {transformation:[-0.7694196585041041f,0.02786160460316045f,-0.6381356596338783f,0f,0f,0.9990482215818578f,0.043619387365336f,0.9375f,0.6387436020089969f,0.033561614130795066f,-0.7686873414786456f,0f,0f,0f,0f,1f],start_interpolation:0}