execute if entity @s[tag=aj.tultaria.bone.head] run data modify entity @s {} merge value {transformation:[-0.974936298754058f,0.03863397359584342f,-0.21910415207369743f,0f,0f,0.984807753012208f,0.17364817766693036f,1.15625f,0.22248418679029358f,0.16929591161998414f,-0.9601248257060226f,0f,0f,0f,0f,1f],start_interpolation:0}
execute if entity @s[tag=aj.tultaria.bone.bust] run data modify entity @s {} merge value {transformation:[-0.7895664791393856f,0f,-0.6136650348679109f,0.7016157570036483f,0f,1f,0f,0f,0.6136650348679109f,0f,-0.7895664791393856f,0.08795072213573735f,0f,0f,0f,1f],start_interpolation:0}
execute if entity @s[tag=aj.tultaria.bone.left_wing] run data modify entity @s {} merge value {transformation:[-0.4946248677681836f,0f,-0.8691065758497671f,-0.027360224412277256f,0f,1f,0f,1.0625f,0.8691065758497671f,0f,-0.4946248677681836f,-0.13704987457166762f,0f,0f,0f,1f],start_interpolation:0}
execute if entity @s[tag=aj.tultaria.bone.right_wing] run data modify entity @s {} merge value {transformation:[-0.9643037514995728f,0f,-0.26479855521480894f,-0.12605603430470036f,0f,1f,0f,1.0625f,0.26479855521480894f,0f,-0.9643037514995728f,-0.06034174521317881f,0f,0f,0f,1f],start_interpolation:0}
execute if entity @s[tag=aj.tultaria.bone.body] run data modify entity @s {} merge value {transformation:[-0.7895664791393856f,0f,-0.6136650348679109f,0.7016157570036483f,0f,1f,0f,0f,0.6136650348679109f,0f,-0.7895664791393856f,0.08795072213573735f,0f,0f,0f,1f],start_interpolation:0}
execute if entity @s[tag=aj.tultaria.bone.left_hand] run data modify entity @s {} merge value {transformation:[-0.8955037523626825f,-0.3523140672879255f,-0.2719334982958048f,0.24858855615827186f,-0.24999999999999994f,0.9037132296739925f,-0.34756639439422454f,0.7381777511514147f,0.3682024300630774f,-0.24326363580124494f,-0.8973571050548403f,-0.3820998842751081f,0f,0f,0f,1f],start_interpolation:0}
execute if entity @s[tag=aj.tultaria.bone.left_arm] run data modify entity @s {} merge value {transformation:[-0.8955037523626825f,-0.09506407161182245f,-0.434782533909698f,0.1727176673117406f,-0.24999999999999994f,0.9156751133619656f,0.31470476127563013f,1f,0.3682024300630774f,0.3905149280861535f,-0.8437565178637205f,-0.13423922637735552f,0f,0f,0f,1f],start_interpolation:0}
execute if entity @s[tag=aj.tultaria.bone.rod] run data modify entity @s {} merge value {transformation:[-0.0000057784735568804704f,0.00000478845451125593f,-0.000006609080627898704f,-0.2826188653207579f,0.0000024999999999999998f,0.00000874716999624297f,0.000004151748674573977f,0.4367616885593659f,0.000007769121144147077f,7.468068361092507e-7f,-0.000006251642679896807f,0.35441015437551615f,0f,0f,0f,1f],start_interpolation:0}
execute if entity @s[tag=aj.tultaria.bone.sword] run data modify entity @s {} merge value {transformation:[-0.00000900743242369045f,0.0000027894848547642825f,-0.0000033294046581469636f,-0.3384544438690166f,-0.0000011064449857964381f,0.000005938783368319916f,0.00000796910481783071f,0.42934237490798444f,0.00000420023102055779f,0.000007546497621361013f,-0.000005040677833856936f,0.3554918558702278f,0f,0f,0f,1f],start_interpolation:0}
execute if entity @s[tag=aj.tultaria.bone.right_hand] run data modify entity @s {} merge value {transformation:[-0.577847355688047f,-0.12873770730834355f,-0.80592743857082f,-0.43163643538273927f,0.24999999999999994f,0.912091286210843f,-0.32494535789613915f,0.7381777511514147f,0.7769121144147076f,-0.38925067544609515f,-0.49486511105595943f,0.14658301220123565f,0f,0f,0f,1f],start_interpolation:0}
execute if entity @s[tag=aj.tultaria.bone.right_arm] run data modify entity @s {} merge value {transformation:[-0.577847355688047f,0.40189658904577785f,-0.710332010568087f,-0.1727176673117406f,0.24999999999999994f,0.9156751133619656f,0.31470476127563013f,1f,0.7769121144147076f,0.0042683114835392055f,-0.629594590187009f,0.13423922637735552f,0f,0f,0f,1f],start_interpolation:0}
execute if entity @s[tag=aj.tultaria.bone.skirt] run data modify entity @s {} merge value {transformation:[-0.8119435063001896f,0.06171336911490431f,-0.5804646437548472f,0.0352552361400199f,0f,0.9943957928968962f,0.10572136524351686f,0.45044340290301693f,0.5837360213118205f,0.08583977598666406f,-0.8073932067348631f,0.04903802232838028f,0f,0f,0f,1f],start_interpolation:0}
execute if entity @s[tag=aj.tultaria.bone.left_foot] run data modify entity @s {} merge value {transformation:[-0.8119435063001896f,0.2630512666608306f,-0.5211062978750944f,0.14871606018836778f,0f,0.8927088253077492f,0.45063394592247336f,-0.009696847791075602f,0.5837360213118205f,0.36588930611018305f,-0.7248291337254973f,-0.0072823339528603065f,0f,0f,0f,1f],start_interpolation:0}
execute if entity @s[tag=aj.tultaria.bone.left_leg] run data modify entity @s {} merge value {transformation:[-0.8119435063001896f,0.054477795205632513f,-0.5811883622428164f,0.09990155031047994f,0f,0.9956355972974245f,0.09332608099669001f,0.4375594861511339f,0.5837360213118205f,0.07577550543370797f,-0.8083998578669545f,-0.07518053255898237f,0f,0f,0f,1f],start_interpolation:0}
execute if entity @s[tag=aj.tultaria.bone.right_foot] run data modify entity @s {} merge value {transformation:[-0.8119435063001896f,0.2630512666608307f,-0.5211062978750944f,0.0541651583633594f,0f,0.8927088253077491f,0.45063394592247347f,0.07086724940088851f,0.5837360213118205f,0.3658893061101831f,-0.7248291337254973f,0.28947853555637576f,0f,0f,0f,1f],start_interpolation:0}
execute if entity @s[tag=aj.tultaria.bone.right_leg] run data modify entity @s {} merge value {transformation:[-0.8119435063001896f,-0.20306217592224832f,-0.547278261295546f,-0.10308432626456747f,0f,0.9375440975282912f,-0.34786644734705596f,0.4375594861511339f,0.5837360213118205f,-0.2824479029831589f,-0.7612328418581676f,0.07075347276897274f,0f,0f,0f,1f],start_interpolation:0}
execute if entity @s[tag=aj.tultaria.bone.lower] run data modify entity @s {} merge value {transformation:[-0.8119435063001896f,0.025462207632700323f,-0.5831804339648436f,0f,0f,0.9990482215818578f,0.043619387365336f,0.5f,0.5837360213118205f,0.03541647832007709f,-0.8111707159941424f,0f,0f,0f,0f,1f],start_interpolation:0}