execute if entity @s[tag=aj.tultaria.bone.head] run data modify entity @s {} merge value {transformation:[-0.9463539139357585f,0.043796094635801384f,-0.32015023297371314f,0f,0f,0.990772388368952f,0.13553624771876527f,1.59375f,0.3231319692919147f,0.12826525850882003f,-0.9376213275524372f,0f,0f,0f,0f,1f],start_interpolation:0}
execute if entity @s[tag=aj.tultaria.bone.bust] run data modify entity @s {} merge value {transformation:[-0.651060870734228f,0f,-0.7590255217045002f,0.7050431962193642f,0f,1f,0f,0.4375f,0.7590255217045002f,0f,-0.651060870734228f,-0.053982325485136096f,0f,0f,0f,1f],start_interpolation:0}
execute if entity @s[tag=aj.tultaria.bone.left_wing] run data modify entity @s {} merge value {transformation:[-0.31103532099174885f,0f,-0.9503983528476676f,-0.054186885792173234f,0f,1f,0f,1.5f,0.9503983528476676f,0f,-0.31103532099174885f,-0.12882170394830977f,0f,0f,0f,1f],start_interpolation:0}
execute if entity @s[tag=aj.tultaria.bone.right_wing] run data modify entity @s {} merge value {transformation:[-0.9382079226471592f,0f,-0.34607209347490286f,-0.13556949463395174f,0f,1f,0f,1.5f,0.34607209347490286f,0f,-0.9382079226471592f,-0.03394351373524723f,0f,0f,0f,1f],start_interpolation:0}
execute if entity @s[tag=aj.tultaria.bone.body] run data modify entity @s {} merge value {transformation:[-0.651060870734228f,0f,-0.7590255217045002f,0.7050431962193642f,0f,1f,0f,0.4375f,0.7590255217045002f,0f,-0.651060870734228f,-0.053982325485136096f,0f,0f,0f,1f],start_interpolation:0}
execute if entity @s[tag=aj.tultaria.bone.left_hand] run data modify entity @s {} merge value {transformation:[-0.6865337637163164f,-0.5466062028852879f,-0.47947163653842595f,0.22912320645044376f,-0.4801334309093614f,0.836020455899976f,-0.26559684832467784f,1.2020071712419904f,0.5460249809310143f,0.04786915796338814f,-0.836400181680493f,-0.43579189537368584f,0f,0f,0f,1f],start_interpolation:0}
execute if entity @s[tag=aj.tultaria.bone.left_arm] run data modify entity @s {} merge value {transformation:[-0.6865337637163164f,-0.25109225351512987f,-0.6823665228469248f,0.14241956547311238f,-0.4801334309093614f,0.8613217305231168f,0.16612274092329746f,1.4375f,0.5460249809310143f,0.4416758503171271f,-0.7118842345816686f,-0.16603683287285942f,0f,0f,0f,1f],start_interpolation:0}
execute if entity @s[tag=aj.tultaria.bone.rod] run data modify entity @s {} merge value {transformation:[-0.000003957842434246746f,0.0000072075978539591335f,-0.000005690871325313856f,-0.34031721883812205f,0.000004966173910478932f,0.000006892429932750799f,0.000005275559336506342f,0.9120773819948902f,0.00000772480420182636f,-7.382024097254928e-7f,-0.000006307333608246932f,0.5237924853375826f,0f,0f,0f,1f],start_interpolation:0}
execute if entity @s[tag=aj.tultaria.bone.sword] run data modify entity @s {} merge value {transformation:[-0.8454392628078347f,0.5173835438599587f,-0.13246403831174325f,-0.39543826561821954f,0.2157330396035492f,0.5577272272247523f,0.8014983441253031f,0.9222374559515167f,0.4885608544760401f,0.649041299575843f,-0.5831412203905173f,0.5294732620505146f,0f,0f,0f,1f],start_interpolation:0}
execute if entity @s[tag=aj.tultaria.bone.right_hand] run data modify entity @s {} merge value {transformation:[-0.39578424342467455f,0.10724876136106071f,-0.9120595023589613f,-0.4141063711225945f,0.49661739104789315f,0.8604067725696867f,-0.11433001629055922f,1.2204386696722027f,0.7724804201826361f,-0.49819462954023663f,-0.39379704357920736f,0.28774486881259287f,0f,0f,0f,1f],start_interpolation:0}
execute if entity @s[tag=aj.tultaria.bone.right_arm] run data modify entity @s {} merge value {transformation:[-0.39578424342467455f,0.4667196298603547f,-0.7909030406818344f,-0.14241956547311238f,0.49661739104789315f,0.8332108708216979f,0.24316827846849595f,1.4375f,0.7724804201826361f,-0.29653403151672403f,-0.5615528190534674f,0.16603683287285942f,0f,0f,0f,1f],start_interpolation:0}
execute if entity @s[tag=aj.tultaria.bone.skirt] run data modify entity @s {} merge value {transformation:[-0.7949310331178543f,0.14940570683223045f,-0.5880158053591267f,0.036642153451558884f,4.336808689942018e-19f,0.9692038816442541f,0.24625969180056784f,0.8879434029030169f,0.6066998043399888f,0.1957594712183098f,-0.7704502429373017f,0.048010539463743784f,0f,0f,0f,1f],start_interpolation:0}
execute if entity @s[tag=aj.tultaria.bone.left_foot] run data modify entity @s {} merge value {transformation:[-0.7949310331178543f,0.31136677975018606f,-0.5207066170639468f,0.11716283794373974f,4.336808689942018e-19f,0.8582607301652396f,0.5132139115965482f,0.4211834647073369f,0.6066998043399888f,0.40796966495589926f,-0.682258088914738f,-0.052519588703389686f,0f,0f,0f,1f],start_interpolation:0}
execute if entity @s[tag=aj.tultaria.bone.left_leg] run data modify entity @s {} merge value {transformation:[-0.7949310331178543f,0.12515617521579822f,-0.5936502205773473f,0.09771238702848306f,4.336808689942018e-19f,0.9784908719777192f,0.20629011962835891f,0.8750594861511339f,0.6066998043399888f,0.16398641791817714f,-0.7778327597576385f,-0.078004625833892f,0f,0f,0f,1f],start_interpolation:0}
execute if entity @s[tag=aj.tultaria.bone.right_foot] run data modify entity @s {} merge value {transformation:[-0.7949310331178543f,0.311366779750186f,-0.5207066170639468f,0.06557753153274931f,4.336808689942018e-19f,0.8582607301652398f,0.5132139115965482f,0.5122540605204803f,0.6066998043399888f,0.40796966495589915f,-0.682258088914738f,0.29195594530204483f,0f,0f,0f,1f],start_interpolation:0}
execute if entity @s[tag=aj.tultaria.bone.right_leg] run data modify entity @s {} merge value {transformation:[-0.7949310331178543f,-0.21915693826381918f,-0.5657339383464715f,-0.10102037125098051f,4.336808689942018e-19f,0.9324775355118454f,-0.36122796924622996f,0.8750594861511339f,0.6066998043399888f,-0.2871513227839701f,-0.7412553306636219f,0.0736703252511052f,0f,0f,0f,1f],start_interpolation:0}
execute if entity @s[tag=aj.tultaria.bone.lower] run data modify entity @s {} merge value {transformation:[-0.7949310331178543f,0.02646387377997953f,-0.6061223605599269f,0f,4.336808689942018e-19f,0.9990482215818578f,0.043619387365336f,0.9375f,0.6066998043399888f,0.034674404662294434f,-0.7941744349166213f,0f,0f,0f,0f,1f],start_interpolation:0}