execute if entity @s[tag=aj.tultaria.bone.head] run data modify entity @s {} merge value {transformation:[-0.9104740393580661f,0.0213774090500893f,-0.4130133533401944f,0f,0f,0.9986631570270832f,0.051690413005694574f,1.59375f,0.4135662264438516f,0.04706277912538144f,-0.909256878536527f,0f,0f,0f,0f,1f],start_interpolation:0}
execute if entity @s[tag=aj.tultaria.bone.bust] run data modify entity @s {} merge value {transformation:[-0.39038327628459657f,0f,-0.9206524303977611f,0.6555178533411788f,0f,1f,0f,0.4375f,0.9206524303977611f,0f,-0.39038327628459657f,-0.2651345770565823f,0f,0f,0f,1f],start_interpolation:0}
execute if entity @s[tag=aj.tultaria.bone.left_wing] run data modify entity @s {} merge value {transformation:[-0.008348686714160447f,0f,-0.9999651491077821f,-0.09068259903193288f,0f,1f,0f,1.5f,0.9999651491077821f,0f,-0.008348686714160447f,-0.10633868643543465f,0f,0f,0f,1f],start_interpolation:0}
execute if entity @s[tag=aj.tultaria.bone.right_wing] run data modify entity @s {} merge value {transformation:[-0.9176815599337009f,0f,-0.39731669302667016f,-0.13948050856750738f,0f,1f,0f,1.5f,0.39731669302667016f,0f,-0.9176815599337009f,0.008742867364285534f,0f,0f,0f,1f],start_interpolation:0}
execute if entity @s[tag=aj.tultaria.bone.body] run data modify entity @s {} merge value {transformation:[-0.39038327628459657f,0f,-0.9206524303977611f,0.6555178533411788f,0f,1f,0f,0.4375f,0.9206524303977611f,0f,-0.39038327628459657f,-0.2651345770565823f,0f,0f,0f,1f],start_interpolation:0}
execute if entity @s[tag=aj.tultaria.bone.left_hand] run data modify entity @s {} merge value {transformation:[-0.1563549057870254f,-0.7727241849343753f,-0.6151832876906165f,0.21782022097102105f,-0.8652435946807948f,0.4075420182675018f,-0.2919983308347971f,1.340354002128487f,0.4763472108663877f,0.4866280277213352f,-0.7323158453398757f,-0.5311938088884416f,0f,0f,0f,1f],start_interpolation:0}
execute if entity @s[tag=aj.tultaria.bone.left_arm] run data modify entity @s {} merge value {transformation:[-0.1563549057870254f,-0.5637716165349913f,-0.8109961207218277f,0.0853963416872555f,-0.8652435946807948f,0.4741777850826321f,-0.16281569334061605f,1.4375f,0.4763472108663877f,0.6762521663726128f,-0.5619398029826339f,-0.20139271914951024f,0f,0f,0f,1f],start_interpolation:0}
execute if entity @s[tag=aj.tultaria.bone.rod] run data modify entity @s {} merge value {transformation:[-9.768992552094027e-7f,0.000008104489423877088f,-0.000005776064319537634f,-0.22857138600076238f,0.000008980597722148426f,0.000003219025756047006f,0.0000029977888075794354f,1.2132728931002472f,0.000004288884749922041f,-0.000004894397241762304f,-0.000007592782312282878f,0.8568838351941918f,0f,0f,0f,1f],start_interpolation:0}
execute if entity @s[tag=aj.tultaria.bone.sword] run data modify entity @s {} merge value {transformation:[-0.6482493949278477f,0.7554788011460656f,-0.0949973841459992f,-0.27763216654169587f,0.6617212708173069f,0.6206834904617317f,0.4205674314734437f,1.2406039571701934f,0.37669308690711023f,0.20977079321760858f,-0.902274089503432f,0.8613426326238656f,0f,0f,0f,1f],start_interpolation:0}
execute if entity @s[tag=aj.tultaria.bone.right_hand] run data modify entity @s {} merge value {transformation:[-0.09768992552094026f,0.1646445180763421f,-0.9815033678592866f,-0.28951761270454496f,0.8980597722148425f,0.4395951735319544f,-0.015643814651043794f,1.3761656063433496f,0.42888847499220406f,-0.8829769340559356f,-0.19080463816176374f,0.5019169051529955f,0f,0f,0f,1f],start_interpolation:0}
execute if entity @s[tag=aj.tultaria.bone.right_arm] run data modify entity @s {} merge value {transformation:[-0.09768992552094026f,0.309171287565483f,-0.9459755775900425f,-0.0853963416872555f,0.8980597722148425f,0.43701260214059623f,0.05008623662973989f,1.4375f,0.42888847499220406f,-0.8446496910053342f,-0.3203460246412544f,0.20139271914951024f,0f,0f,0f,1f],start_interpolation:0}
execute if entity @s[tag=aj.tultaria.bone.skirt] run data modify entity @s {} merge value {transformation:[-0.7766285953068004f,0.24346386622362157f,-0.5810106460257269f,0.03804689727875368f,8.673617379884035e-19f,0.9222995113674011f,0.386475887128102f,0.8879434029030169f,0.6299587486111977f,0.3001482253402474f,-0.7162841739654129f,0.04690514808235076f,0f,0f,0f,1f],start_interpolation:0}
execute if entity @s[tag=aj.tultaria.bone.left_foot] run data modify entity @s {} merge value {transformation:[-0.7766285953068004f,0.3623887718381752f,-0.5152886598765832f,0.08164431109063991f,8.673617379884035e-19f,0.8179720672386641f,0.575257939725569f,0.42057391629922947f,0.6299587486111977f,0.4467617656681527f,-0.6352604975797633f,-0.09777258193281974f,0f,0f,0f,1f],start_interpolation:0}
execute if entity @s[tag=aj.tultaria.bone.left_leg] run data modify entity @s {} merge value {transformation:[-0.7766285953068004f,0.20185127804620084f,-0.596744573919949f,0.09536117349585917f,8.673617379884035e-19f,0.9472756354849069f,0.32041983461806145f,0.8750594861511339f,0.6299587486111977f,0.24884720606786231f,-0.7356813461549999f,-0.08086209754750497f,0f,0f,0f,1f],start_interpolation:0}
execute if entity @s[tag=aj.tultaria.bone.right_foot] run data modify entity @s {} merge value {transformation:[-0.7766285953068004f,0.3623887718381752f,-0.5152886598765831f,0.0775520059513249f,8.673617379884035e-19f,0.8179720672386641f,0.575257939725569f,0.5163573533490367f,0.6299587486111977f,0.4467617656681526f,-0.6352604975797633f,0.29403370594274114f,0f,0f,0f,1f],start_interpolation:0}
execute if entity @s[tag=aj.tultaria.bone.right_leg] run data modify entity @s {} merge value {transformation:[-0.7766285953068004f,-0.23622664922771533f,-0.5839905779603229f,-0.09879597533084093f,8.673617379884035e-19f,0.9270298717936439f,-0.3749874888609752f,0.8750594861511339f,0.6299587486111977f,-0.2912260067317236f,-0.7199579071385409f,0.07662758960529446f,0f,0f,0f,1f],start_interpolation:0}
execute if entity @s[tag=aj.tultaria.bone.lower] run data modify entity @s {} merge value {transformation:[-0.7766285953068004f,0.027478414679854145f,-0.6293591674699496f,0f,8.673617379884035e-19f,0.9990482215818578f,0.043619387365335986f,0.9375f,0.6299587486111977f,0.03387606353768409f,-0.7758894169708752f,0f,0f,0f,0f,1f],start_interpolation:0}