execute if entity @s[tag=aj.tultaria.bone.head] run data modify entity @s {} merge value {transformation:[-0.9809306951480605f,0.03374988533296168f,-0.191405111103008f,0f,0f,0.984807753012208f,0.17364817766693036f,1.15625f,0.194357843464942f,0.1703368276300159f,-0.9660281537494647f,0f,0f,0f,0f,1f],start_interpolation:0}
execute if entity @s[tag=aj.tultaria.bone.bust] run data modify entity @s {} merge value {transformation:[-0.8068859535951367f,0f,-0.5907072522754965f,0.6987966029353165f,0f,1f,0f,0f,0.5907072522754965f,0f,-0.8068859535951367f,0.10808935065982012f,0f,0f,0f,1f],start_interpolation:0}
execute if entity @s[tag=aj.tultaria.bone.left_wing] run data modify entity @s {} merge value {transformation:[-0.5194115387736608f,0f,-0.8545242263322778f,-0.023408034434741154f,0f,1f,0f,1.0625f,0.8545242263322778f,0f,-0.5194115387736608f,-0.1377799474666106f,0f,0f,0f,1f],start_interpolation:0}
execute if entity @s[tag=aj.tultaria.bone.right_wing] run data modify entity @s {} merge value {transformation:[-0.9715192964211367f,0f,-0.23696045383434694f,-0.12426877863413321f,0f,1f,0f,1.0625f,0.23696045383434694f,0f,-0.9715192964211367f,-0.06394154093217352f,0f,0f,0f,1f],start_interpolation:0}
execute if entity @s[tag=aj.tultaria.bone.body] run data modify entity @s {} merge value {transformation:[-0.8068859535951367f,0f,-0.5907072522754965f,0.6987966029353165f,0f,1f,0f,0f,0.5907072522754965f,0f,-0.8068859535951367f,0.10808935065982012f,0f,0f,0f,1f],start_interpolation:0}
execute if entity @s[tag=aj.tultaria.bone.left_hand] run data modify entity @s {} merge value {transformation:[-0.9057211306517562f,-0.357112674912181f,-0.22834134734640477f,0.2594730636476287f,-0.24999999999999994f,0.8850839132653912f,-0.3925894375538159f,0.7381777511514147f,0.3422999174567597f,-0.29849121242657806f,-0.8909173713724563f,-0.37479370466593875f,0f,0f,0f,1f],start_interpolation:0}
execute if entity @s[tag=aj.tultaria.bone.left_arm] run data modify entity @s {} merge value {transformation:[-0.9057211306517562f,-0.10625403833394259f,-0.4103404840234919f,0.17650630234893616f,-0.24999999999999994f,0.9156751133619656f,0.31470476127563013f,1f,0.3422999174567597f,0.38761987320992763f,-0.8559098085673602f,-0.12921721143526485f,0f,0f,0f,1f],start_interpolation:0}
execute if entity @s[tag=aj.tultaria.bone.rod] run data modify entity @s {} merge value {transformation:[-0.000005999485567136006f,0.000004339467971570629f,-0.0000067212491884648545f,-0.2747525873775261f,0.0000024999999999999998f,0.000008997326781467912f,0.000003577444728780623f,0.45264421030618995f,0.0000075997482148902f,4.659705046383994e-7f,-0.000006482800209714956f,0.35507499733107944f,0f,0f,0f,1f],start_interpolation:0}
execute if entity @s[tag=aj.tultaria.bone.sword] run data modify entity @s {} merge value {transformation:[-0.000008997617579555511f,0.0000023901451674973767f,-0.0000036510387522405974f,-0.33016242403411133f,-0.0000013954094269751853f,0.00000635146732373986f,0.000007596821398886086f,0.4424921695904722f,0.000004134695928745237f,0.000007344798766048921f,-0.000005381284294948913f,0.3557920719415344f,0f,0f,0f,1f],start_interpolation:0}
execute if entity @s[tag=aj.tultaria.bone.right_hand] run data modify entity @s {} merge value {transformation:[-0.5999485567136006f,-0.16841736497686544f,-0.7821108108647501f,-0.43567295060194444f,0.24999999999999994f,0.8891706206768142f,-0.3832435352686447f,0.7381777511514147f,0.75997482148902f,-0.4254541085704288f,-0.4913522893029747f,0.13411067045429684f,0f,0f,0f,1f],start_interpolation:0}
execute if entity @s[tag=aj.tultaria.bone.right_arm] run data modify entity @s {} merge value {transformation:[-0.5999485567136006f,0.4016076644716908f,-0.6919342549222878f,-0.17650630234893616f,0.24999999999999994f,0.9156751133619656f,0.31470476127563013f,1f,0.75997482148902f,0.01582310358764058f,-0.6497598787979966f,0.12921721143526485f,0f,0f,0f,1f],start_interpolation:0}
execute if entity @s[tag=aj.tultaria.bone.skirt] run data modify entity @s {} merge value {transformation:[-0.8161194028545362f,0.04040181808863591f,-0.5764692649044595f,0.03490175665197175f,0f,0.9975530607360771f,0.06991345375594399f,0.45044340290301693f,0.577883310266316f,0.057057726130799236f,-0.8141224082436422f,0.049290229171447694f,0f,0f,0f,1f],start_interpolation:0}
execute if entity @s[tag=aj.tultaria.bone.left_foot] run data modify entity @s {} merge value {transformation:[-0.8161194028545362f,0.2510996166165932f,-0.5204787246558259f,0.15617667845773164f,0f,0.9006640534677577f,0.4345161248918482f,-0.0071072811945464f,0.577883310266316f,0.3546170403774022f,-0.7350494094886525f,0.0042548686197490665f,0f,0f,0f,1f],start_interpolation:0}
execute if entity @s[tag=aj.tultaria.bone.left_leg] run data modify entity @s {} merge value {transformation:[-0.8161194028545362f,0.037364742496091896f,-0.576674081524873f,0.10043949310916271f,0f,0.9979074863039641f,0.06465793670156775f,0.4375594861511339f,0.577883310266316f,0.052768596690689874f,-0.8144116618264624f,-0.07446032805638192f,0f,0f,0f,1f],start_interpolation:0}
execute if entity @s[tag=aj.tultaria.bone.right_foot] run data modify entity @s {} merge value {transformation:[-0.8161194028545362f,0.25109961661659325f,-0.520478724655826f,0.051319719085791984f,0f,0.9006640534677578f,0.4345161248918482f,0.06990121646259173f,0.577883310266316f,0.35461704037740216f,-0.7350494094886525f,0.2887832466005144f,0f,0f,0f,1f],start_interpolation:0}
execute if entity @s[tag=aj.tultaria.bone.right_leg] run data modify entity @s {} merge value {transformation:[-0.8161194028545362f,-0.19907724708318247f,-0.542510248730968f,-0.10359035760447134f,0f,0.9387885739094172f,-0.34449385117462256f,0.4375594861511339f,0.577883310266316f,-0.2811481161076924f,-0.7661635703456151f,0.07001049951019708f,0f,0f,0f,1f],start_interpolation:0}
execute if entity @s[tag=aj.tultaria.bone.lower] run data modify entity @s {} merge value {transformation:[-0.8161194028545362f,0.025206915962469083f,-0.5773332934033999f,0f,0f,0.9990482215818578f,0.043619387365335986f,0.5f,0.577883310266316f,0.03559862836947871f,-0.8153426380202722f,0f,0f,0f,0f,1f],start_interpolation:0}