execute if entity @s[tag=aj.tultaria.bone.head] run data modify entity @s {} merge value {transformation:[-0.9710856194417741f,0.04145528651570014f,-0.2351046127435335f,0f,0f,0.984807753012208f,0.17364817766693036f,1.59375f,0.23873148035687625f,0.1686272481746263f,-0.9563326468649218f,0f,0f,0f,0f,1f],start_interpolation:0}
execute if entity @s[tag=aj.tultaria.bone.bust] run data modify entity @s {} merge value {transformation:[-0.7792101755281818f,0f,-0.626762716148097f,0.7029864458381394f,0f,1f,0f,0.4375f,0.626762716148097f,0f,-0.7792101755281818f,0.07622372969004243f,0f,0f,0f,1f],start_interpolation:0}
execute if entity @s[tag=aj.tultaria.bone.left_wing] run data modify entity @s {} merge value {transformation:[-0.4800446252009941f,0f,-0.8772440696953367f,-0.02964470354800075f,0f,1f,0f,1.5f,0.8772440696953367f,0f,-0.4800446252009941f,-0.13657394170027876f,0f,0f,0f,1f],start_interpolation:0}
execute if entity @s[tag=aj.tultaria.bone.right_wing] run data modify entity @s {} merge value {transformation:[-0.9597480401890345f,0f,-0.28086242068547945f,-0.12704597548902352f,0f,1f,0f,1.5f,0.28086242068547945f,0f,-0.9597480401890345f,-0.058228602181766675f,0f,0f,0f,1f],start_interpolation:0}
execute if entity @s[tag=aj.tultaria.bone.body] run data modify entity @s {} merge value {transformation:[-0.7792101755281818f,0f,-0.626762716148097f,0.7029864458381394f,0f,1f,0f,0.4375f,0.626762716148097f,0f,-0.7792101755281818f,0.07622372969004243f,0f,0f,0f,1f],start_interpolation:0}
execute if entity @s[tag=aj.tultaria.bone.left_hand] run data modify entity @s {} merge value {transformation:[-0.889231118910772f,-0.3477929500442153f,-0.2971667563174556f,0.2421740605265057f,-0.24999999999999994f,0.9134821415584519f,-0.32101460567049644f,1.1756777511514147f,0.3831031416742705f,-0.21116448790771192f,-0.8992449843540842f,-0.38619725040969616f,0f,0f,0f,1f],start_interpolation:0}
execute if entity @s[tag=aj.tultaria.bone.left_arm] run data modify entity @s {} merge value {transformation:[-0.889231118910772f,-0.0885304732361141f,-0.44880995139288726f,0.17045222589678977f,-0.24999999999999994f,0.9156751133619656f,0.31470476127563013f,1.4375f,0.3831031416742705f,0.39204775484389776f,-0.8363794239226372f,-0.13710434415739622f,0f,0f,0f,1f],start_interpolation:0}
execute if entity @s[tag=aj.tultaria.bone.rod] run data modify entity @s {} merge value {transformation:[-0.000005647948635121467f,0.000005048996656881393f,-0.0000065275040385916316f,-0.2876011746392742f,0.0000024999999999999998f,0.000008585054999430435f,0.00000447736872021442f,0.865615096780689f,0.000007864520088030137f,8.969188455791515e-7f,-0.000006111044130867934f,0.35397212423823365f,0f,0f,0f,1f],start_interpolation:0}
execute if entity @s[tag=aj.tultaria.bone.sword] run data modify entity @s {} merge value {transformation:[-0.000009006537039473433f,0.000003015769344977221f,-0.0000031284861857596216f,-0.34362205542487134f,-9.325333154007144e-7f,0.000005690411784960606f,0.000008170042553943594f,0.8598124116727799f,0.000004244133854187549f,0.000007650120847115887f,-0.000004843859912534839f,0.3553204144682498f,0f,0f,0f,1f],start_interpolation:0}
execute if entity @s[tag=aj.tultaria.bone.right_hand] run data modify entity @s {} merge value {transformation:[-0.5647948635121467f,-0.1045462595641678f,-0.8185822144179759f,-0.4291287987780841f,0.24999999999999994f,0.9236528390892882f,-0.29045728230205814f,1.1756777511514147f,0.7864520088030136f,-0.36869433471839397f,-0.49553781429499943f,0.153769521931961f,0f,0f,0f,1f],start_interpolation:0}
execute if entity @s[tag=aj.tultaria.bone.right_arm] run data modify entity @s {} merge value {transformation:[-0.5647948635121467f,0.4019118313101625f,-0.7207451990843968f,-0.17045222589678977f,0.24999999999999994f,0.9156751133619656f,0.31470476127563013f,1.4375f,0.7864520088030136f,-0.002442667079806976f,-0.6176465585002815f,0.13710434415739622f,0f,0f,0f,1f],start_interpolation:0}
execute if entity @s[tag=aj.tultaria.bone.skirt] run data modify entity @s {} merge value {transformation:[-0.809499696216917f,0.07424242966701283f,-0.5824073346566454f,0.03545963229585501f,2.168404344971009e-19f,0.9919727503061949f,0.12645181948063683f,0.8879434029030169f,0.58712029587191f,0.10236270945565193f,-0.8030016400283243f,0.048890426328781836f,0f,0f,0f,1f],start_interpolation:0}
execute if entity @s[tag=aj.tultaria.bone.left_foot] run data modify entity @s {} merge value {transformation:[-0.809499696216917f,0.2700316126403699f,-0.5213378654956499f,0.14429305588404814f,2.168404344971009e-19f,0.8879574921208112f,0.4599255289571556f,0.42646924292923805f,0.58712029587191f,0.3723095759732223f,-0.718801320125332f,-0.013957642332024303f,0f,0f,0f,1f],start_interpolation:0}
execute if entity @s[tag=aj.tultaria.bone.left_leg] run data modify entity @s {} merge value {transformation:[-0.809499696216917f,0.06454623881388233f,-0.5835615005119001f,0.09958684780113415f,2.168404344971009e-19f,0.9939385584435898f,0.10993699122260314f,0.8750594861511339f,0.58712029587191f,0.0889939609976991f,-0.8045929611183662f,-0.07559690453532672f,0f,0f,0f,1f],start_interpolation:0}
execute if entity @s[tag=aj.tultaria.bone.right_foot] run data modify entity @s {} merge value {transformation:[-0.809499696216917f,0.2700316126403698f,-0.5213378654956499f,0.055822092467803466f,2.168404344971009e-19f,0.8879574921208113f,0.45992552895715555f,0.5089303061228048f,0.58712029587191f,0.37230957597322223f,-0.7188013201253322f,0.28986898952648177f,0f,0f,0f,1f],start_interpolation:0}
execute if entity @s[tag=aj.tultaria.bone.right_leg] run data modify entity @s {} merge value {transformation:[-0.809499696216917f,-0.20538790521815697f,-0.5500236815036389f,-0.10278807625309509f,2.168404344971009e-19f,0.9368159904723099f,-0.34982252642645106f,0.8750594861511339f,0.58712029587191f,-0.28318122887204655f,-0.758352259698485f,0.07118316943265077f,0f,0f,0f,1f],start_interpolation:0}
execute if entity @s[tag=aj.tultaria.bone.lower] run data modify entity @s {} merge value {transformation:[-0.809499696216917f,0.025609827615687523f,-0.5865614874454458f,0f,2.168404344971009e-19f,0.9990482215818578f,0.043619387365336f,0.9375f,0.58712029587191f,0.03530988082140751f,-0.808729231876565f,0f,0f,0f,0f,1f],start_interpolation:0}