execute if entity @s[tag=aj.tultaria.bone.head] run data modify entity @s {} merge value {transformation:[-0.9048448173501789f,0.01642028577195941f,-0.4254247650639168f,0f,0f,0.9992559519603437f,0.03856867215535749f,1.59375f,0.4257415372200857f,0.034898663111853384f,-0.9041715693376362f,0f,0f,0f,0f,1f],start_interpolation:0}
execute if entity @s[tag=aj.tultaria.bone.bust] run data modify entity @s {} merge value {transformation:[-0.3473991306295107f,0f,-0.9377173582897249f,0.6425582444596178f,0f,1f,0f,0.4375f,0.9377173582897249f,0f,-0.3473991306295107f,-0.29515911383010707f,0f,0f,0f,1f],start_interpolation:0}
execute if entity @s[tag=aj.tultaria.bone.left_wing] run data modify entity @s {} merge value {transformation:[0.03789395085781677f,0f,-0.9992817663143791f,-0.09550222412187126f,0f,1f,0f,1.5f,0.9992817663143791f,0f,0.03789395085781677f,-0.10203222622179664f,0f,0f,0f,1f],start_interpolation:0}
execute if entity @s[tag=aj.tultaria.bone.right_wing] run data modify entity @s {} merge value {transformation:[-0.9149399844525861f,0f,-0.4035899216406446f,-0.13892711545056002f,0f,1f,0f,1.5f,0.4035899216406446f,0f,-0.9149399844525861f,0.015182443564418946f,0f,0f,0f,1f],start_interpolation:0}
execute if entity @s[tag=aj.tultaria.bone.body] run data modify entity @s {} merge value {transformation:[-0.3473991306295107f,0f,-0.9377173582897249f,0.6425582444596178f,0f,1f,0f,0.4375f,0.9377173582897249f,0f,-0.3473991306295107f,-0.29515911383010707f,0f,0f,0f,1f],start_interpolation:0}
execute if entity @s[tag=aj.tultaria.bone.left_hand] run data modify entity @s {} merge value {transformation:[-0.07763871181244736f,-0.778631987979132f,-0.6226591826382784f,0.21115309606388852f,-0.9023935382860732f,0.32040373299933267f,-0.28814466842132236f,1.3717608682114062f,0.4238609825020997f,0.539512442095414f,-0.7275082077451756f,-0.5415070833474638f,0f,0f,0f,1f],start_interpolation:0}
execute if entity @s[tag=aj.tultaria.bone.left_arm] run data modify entity @s {} merge value {transformation:[-0.07763871181244736f,-0.5909976545705606f,-0.8029283920252168f,0.07599355982520548f,-0.9023935382860732f,0.3840506788659117f,-0.19542512152273012f,1.4375f,0.4238609825020997f,0.709384837979167f,-0.563129664604544f,-0.20512567212587732f,0f,0f,0f,1f],start_interpolation:0}
execute if entity @s[tag=aj.tultaria.bone.rod] run data modify entity @s {} merge value {transformation:[-6.706973927056821e-7f,0.00000798302099428259f,-0.000005985109924826882f,-0.18857387655400343f,0.000009352714759790046f,0.000002592358355193022f,0.0000024096482689941236f,1.2753508485711134f,0.000003475182244059044f,-0.000005436088112154215f,-0.000007640160627072734f,0.8895581047047963f,0f,0f,0f,1f],start_interpolation:0}
execute if entity @s[tag=aj.tultaria.bone.sword] run data modify entity @s {} merge value {transformation:[-0.623128266111298f,0.7729867775832306f,-0.11917468546054771f,-0.2369680563440389f,0.7064646985378195f,0.6216598844288421f,0.3382995977115349f,1.3039724780972894f,0.3355872370829903f,0.12661133351091314f,-0.9334617166941519f,0.8931125119290788f,0f,0f,0f,1f],start_interpolation:0}
execute if entity @s[tag=aj.tultaria.bone.right_hand] run data modify entity @s {} merge value {transformation:[-0.0670697392705682f,0.14127364654197982f,-0.9876960093403789f,-0.2590582602683083f,0.9352714759790045f,0.3536952803502761f,-0.012919554094241996f,1.4063716344406865f,0.34751822440590435f,-0.9246304155989417f,-0.1558514621525772f,0.523340266086121f,0f,0f,0f,1f],start_interpolation:0}
execute if entity @s[tag=aj.tultaria.bone.right_arm] run data modify entity @s {} merge value {transformation:[-0.0670697392705682f,0.25089031737946965f,-0.9656892350644731f,-0.07599355982520548f,0.9352714759790045f,0.35292011819247904f,0.026733058094073187f,1.4375f,0.34751822440590435f,-0.9013886169795111f,-0.2583208177548451f,0.20512567212587732f,0f,0f,0f,1f],start_interpolation:0}
execute if entity @s[tag=aj.tultaria.bone.skirt] run data modify entity @s {} merge value {transformation:[-0.7739921416981212f,0.2568496239128477f,-0.5787611210900264f,0.03824236568449865f,-8.673617379884035e-19f,0.9140327006868401f,0.4056405084247893f,0.8879434029030169f,0.6331952025951836f,0.3139625658752175f,-0.7074541275867251f,0.046745917212312436f,0f,0f,0f,1f],start_interpolation:0}
execute if entity @s[tag=aj.tultaria.bone.left_foot] run data modify entity @s {} merge value {transformation:[-0.7739921416981212f,0.3696358039800745f,-0.514106542465236f,0.07643241118508949f,-8.673617379884035e-19f,0.8119242539396122f,0.5837627993154448f,0.4210008317708703f,0.6331952025951836f,0.4518278192858516f,-0.6284229922033697f,-0.10398359637256353f,0f,0f,0f,1f],start_interpolation:0}
execute if entity @s[tag=aj.tultaria.bone.left_leg] run data modify entity @s {} merge value {transformation:[-0.7739921416981212f,0.21287492822863419f,-0.5963391899927502f,0.09502279353602318f,-8.673617379884035e-19f,0.9417936010074348f,0.33619163151608733f,0.8750594861511339f,0.6331952025951836f,0.26020968089812196f,-0.7289408462813304f,-0.08125946676480147f,0f,0f,0f,1f],start_interpolation:0}
execute if entity @s[tag=aj.tultaria.bone.right_foot] run data modify entity @s {} merge value {transformation:[-0.7739921416981212f,0.36963580398007445f,-0.5141065424652359f,0.0792524137794093f,-8.673617379884035e-19f,0.8119242539396121f,0.5837627993154446f,0.5169424150255509f,0.6331952025951836f,0.4518278192858516f,-0.6284229922033697f,0.29428641390860744f,0f,0f,0f,1f],start_interpolation:0}
execute if entity @s[tag=aj.tultaria.bone.right_leg] run data modify entity @s {} merge value {transformation:[-0.7739921416981212f,-0.2386649258466718f,-0.58649400487998f,-0.09847524188850713f,-8.673617379884035e-19f,0.9262451807534293f,-0.37692156363233836f,0.8750594861511339f,0.6331952025951836f,-0.2917343282879982f,-0.7169064911889103f,0.07703933388399442f,0f,0f,0f,1f],start_interpolation:0}
execute if entity @s[tag=aj.tultaria.bone.lower] run data modify entity @s {} merge value {transformation:[-0.7739921416981212f,0.02761958681987172f,-0.6325925410668822f,0f,-8.673617379884035e-19f,0.9990482215818578f,0.043619387365336f,0.9375f,0.6331952025951836f,0.03376106304645638f,-0.7732554726818412f,0f,0f,0f,0f,1f],start_interpolation:0}