execute if entity @s[tag=aj.blazing_inferno.bone.body] run data modify entity @s {} merge value {transformation:[-1f,1.545742093066996e-17f,1.2148524998859188e-16f,-1.932177616333745e-18f,0f,0.9920023477232345f,-0.12621942050093152f,0.8512659102382993f,-1.2246467991473532e-16f,-0.12621942050093152f,-0.9920023477232345f,0.01577742756261644f,0f,0f,0f,1f],start_interpolation:0}
execute if entity @s[tag=aj.blazing_inferno.bone.left_hand] run data modify entity @s {} merge value {transformation:[-0.20870198981648466f,-0.9775351317115037f,-0.029471099681095868f,1.1357698774722391f,-0.9700444208253979f,0.21074559355947653f,-0.12083094148761085f,1.4877921871258206f,0.1243273946970597f,0.003370617901372601f,-0.9922355253984834f,-0.07029441434275006f,0f,0f,0f,1f],start_interpolation:0}
execute if entity @s[tag=aj.blazing_inferno.bone.left_arm] run data modify entity @s {} merge value {transformation:[-0.20876228498794716f,-0.9779232232720617f,-0.009191177932814005f,0.614049515235457f,-0.9701546952427673f,0.20827111284045396f,-0.12418941522775714f,1.408664081529389f,0.12336197009218251f,-0.017009201667932315f,-0.9922159600578873f,-0.05555760458438009f,0f,0f,0f,1f],start_interpolation:0}
execute if entity @s[tag=aj.blazing_inferno.bone.right_hand] run data modify entity @s {} merge value {transformation:[-0.20872487711705f,0.977531023726963f,0.029445259784698356f,-1.1357718749519883f,0.9700538225422465f,0.21076472449367417f,-0.12072204554380976f,1.4877833878054227f,-0.12421556683302004f,0.0033657926884455153f,-0.9922495474405266f,-0.0702709242583026f,0f,0f,0f,1f],start_interpolation:0}
execute if entity @s[tag=aj.blazing_inferno.bone.right_arm] run data modify entity @s {} merge value {transformation:[-0.2087851470013777f,0.977918584408725f,0.009165405591072626f,-0.614049515235457f,0.9701639903753911f,0.20829247608742635f,-0.12408092594862043f,1.408664081529389f,-0.12325012848070878f,-0.017014307902605837f,-0.9922297713514164f,-0.05555760458438024f,0f,0f,0f,1f],start_interpolation:0}
execute if entity @s[tag=aj.blazing_inferno.bone.head] run data modify entity @s {} merge value {transformation:[-1f,8.735847023508375e-18f,1.2215270280841287e-16f,1.159306569800247e-17f,0f,0.9974525136019653f,-0.07133360434690732f,1.7192679644961295f,-1.2246467991473532e-16f,-0.07133360434690732f,-0.9974525136019653f,-0.09466456537569864f,0f,0f,0f,1f],start_interpolation:0}
execute if entity @s[tag=aj.blazing_inferno.bone.bottom] run data modify entity @s {} merge value {transformation:[-1f,-1.2094880879950424e-18f,1.2245870718402826e-16f,0f,0f,0.9999512289526155f,0.00987621972994283f,0.9752662037037036f,-1.2246467991473532e-16f,0.00987621972994283f,-0.9999512289526155f,0f,0f,0f,0f,1f],start_interpolation:0}