execute if entity @s[tag=aj.blazing_inferno.bone.body] run data modify entity @s {} merge value {transformation:[-1f,8.41953182543293e-18f,1.2217491277041738e-16f,-1.0524414781791163e-18f,0f,0.997633871704726f,-0.06875069474149556f,0.7900990067776501f,-1.2246467991473532e-16f,-0.06875069474149556f,-0.997633871704726f,0.008593836842686945f,0f,0f,0f,1f],start_interpolation:0}
execute if entity @s[tag=aj.blazing_inferno.bone.left_hand] run data modify entity @s {} merge value {transformation:[-0.4908801234024397f,-0.8590834836368163f,0.1449561057383835f,1.0729316161514038f,-0.8691656904849638f,0.4714538247449023f,-0.14927254810312132f,1.3161335307433006f,0.05989747016528632f,-0.19926580056757037f,-0.9781132009087515f,-0.044801673806970976f,0f,0f,0f,1f],start_interpolation:0}
execute if entity @s[tag=aj.blazing_inferno.bone.left_arm] run data modify entity @s {} merge value {transformation:[-0.4908801234024397f,-0.8706790106307192f,-0.03089927014538472f,0.561f,-0.8691656904849638f,0.49184887952464423f,-0.05133889552909875f,1.3903628369589873f,0.05989747016528632f,0.0016553420987257886f,-0.9982031621420234f,-0.03277259679958659f,0f,0f,0f,1f],start_interpolation:0}
execute if entity @s[tag=aj.blazing_inferno.bone.right_hand] run data modify entity @s {} merge value {transformation:[-0.4908801234024397f,0.8590834836368163f,-0.14495610573838327f,-1.0729316161514038f,0.8691656904849638f,0.4714538247449023f,-0.14927254810312132f,1.3161335307433006f,-0.059897470165286446f,-0.19926580056757018f,-0.9781132009087516f,-0.04480167380697123f,0f,0f,0f,1f],start_interpolation:0}
execute if entity @s[tag=aj.blazing_inferno.bone.right_arm] run data modify entity @s {} merge value {transformation:[-0.4908801234024397f,0.8706790106307192f,0.030899270145384964f,-0.561f,0.8691656904849638f,0.49184887952464423f,-0.05133889552909875f,1.3903628369589873f,-0.059897470165286446f,0.0016553420987259967f,-0.9982031621420234f,-0.03277259679958673f,0f,0f,0f,1f],start_interpolation:0}
execute if entity @s[tag=aj.blazing_inferno.bone.head] run data modify entity @s {} merge value {transformation:[-1f,-2.4703378578125055e-18f,1.224397617503678e-16f,6.314648869074698e-18f,0f,0.999796527746736f,0.02017183941959798f,1.6630286445192852f,-1.2246467991473532e-16f,0.02017183941959798f,-0.999796527746736f,-0.05156302105612167f,0f,0f,0f,1f],start_interpolation:0}
execute if entity @s[tag=aj.blazing_inferno.bone.bottom] run data modify entity @s {} merge value {transformation:[-1f,-1.6601081694694195e-19f,1.2246456739411296e-16f,0f,0f,0.999999081199392f,0.0013555811933900056f,0.9148032407407408f,-1.2246467991473532e-16f,0.0013555811933900056f,-0.999999081199392f,0f,0f,0f,0f,1f],start_interpolation:0}