execute if entity @s[tag=aj.blazing_inferno.bone.body] run data modify entity @s {} merge value {transformation:[-1f,3.1812605817061615e-17f,1.1826054260718928e-16f,-3.976575727132702e-18f,0f,0.9656706136783837f,-0.2597696400236443f,1.0203907103272392f,-1.2246467991473532e-16f,-0.2597696400236443f,-0.9656706136783837f,0.032471205002955535f,0f,0f,0f,1f],start_interpolation:0}
execute if entity @s[tag=aj.blazing_inferno.bone.left_hand] run data modify entity @s {} merge value {transformation:[-0.13289803277933393f,-0.8262378392926637f,-0.5474204470097671f,1.1288119623168873f,-0.94475281352281f,0.27257870366823f,-0.18205211244937888f,1.6921227872726872f,0.29963349983624515f,0.4929826398845473f,-0.8168156968058005f,-0.40318312625520586f,0f,0f,0f,1f],start_interpolation:0}
execute if entity @s[tag=aj.blazing_inferno.bone.left_arm] run data modify entity @s {} merge value {transformation:[-0.15876990303820085f,-0.893450086910844f,-0.4201655151107063f,0.6296312326869806f,-0.9545392546805275f,0.24764771307305988f,-0.1659078704692038f,1.6432587612540033f,0.2522834302192338f,0.37472330112856367f,-0.8921521834463718f,-0.15900342357705344f,0f,0f,0f,1f],start_interpolation:0}
execute if entity @s[tag=aj.blazing_inferno.bone.right_hand] run data modify entity @s {} merge value {transformation:[-0.13424963180965754f,0.8266838453179821f,0.5464163762637851f,-1.129211567642308f,0.9464653965498298f,0.27032122609495446f,-0.17643607300179287f,1.6931490284806592f,-0.2935647960719147f,0.49347771440339183f,-0.8187181785538046f,-0.4021561970232299f,0f,0f,0f,1f],start_interpolation:0}
execute if entity @s[tag=aj.blazing_inferno.bone.right_arm] run data modify entity @s {} merge value {transformation:[-0.160062559972271f,0.8937493533676707f,0.4190370750303532f,-0.6296312326869806f,0.9559320494292295f,0.2461914814486057f,-0.1599489647861905f,1.6432587612540033f,-0.2461176421330993f,0.37496912915200303f,-0.8937696898048356f,-0.1590034235770536f,0f,0f,0f,1f],start_interpolation:0}
execute if entity @s[tag=aj.blazing_inferno.bone.head] run data modify entity @s {} merge value {transformation:[-1f,6.965952114996264e-17f,1.0072313011308021e-16f,2.385945436279621e-17f,0f,0.8224667731398765f,-0.5688131565645075f,1.8653524972958249f,-1.2246467991473532e-16f,-0.5688131565645075f,-0.8224667731398765f,-0.19482723001773322f,0f,0f,0f,1f],start_interpolation:0}
execute if entity @s[tag=aj.blazing_inferno.bone.bottom] run data modify entity @s {} merge value {transformation:[-1f,-3.2012734702543748e-18f,1.224228315094338e-16f,0f,0f,0.9996582818382358f,0.026140381638879277f,1.1410995370370371f,-1.2246467991473532e-16f,0.026140381638879277f,-0.9996582818382358f,0f,0f,0f,0f,1f],start_interpolation:0}