execute if entity @s[tag=aj.blazing_inferno.bone.body] run data modify entity @s {} merge value {transformation:[-1f,-9.49008449340604e-18f,1.220964214173642e-16f,1.186260561675755e-18f,0f,0.996992941167792f,0.07749242067193093f,0.6033851416132853f,-1.2246467991473532e-16f,0.07749242067193093f,-0.996992941167792f,-0.009686552583991367f,0f,0f,0f,1f],start_interpolation:0}
execute if entity @s[tag=aj.blazing_inferno.bone.left_hand] run data modify entity @s {} merge value {transformation:[-0.8731739325247959f,0.05299147021924537f,0.48451954309726875f,0.7827679216485803f,-0.41395426035188954f,0.4441622403092351f,-0.7945827676334299f,0.9540501077427288f,-0.2573113948034624f,-0.8943778890197835f,-0.36589484519027143f,0.21138894143012088f,0f,0f,0f,1f],start_interpolation:0}
execute if entity @s[tag=aj.blazing_inferno.bone.left_arm] run data modify entity @s {} merge value {transformation:[-0.9137645502448755f,-0.39955597667148796f,0.07341231655433526f,0.421875f,-0.4059988083046128f,0.9044579457676308f,-0.130846444327049f,1.3070289588651434f,-0.014117874167691578f,-0.14936815538758816f,-0.9886808584093729f,0.13787683448468094f,0f,0f,0f,1f],start_interpolation:0}
execute if entity @s[tag=aj.blazing_inferno.bone.right_hand] run data modify entity @s {} merge value {transformation:[-0.8758277780069595f,-0.02938866706531467f,-0.48172814897981214f,-0.7868715955902075f,0.422540366259637f,0.43561645123370435f,-0.7947942792293649f,0.9573112373437757f,0.23320665117565553f,-0.8996524960576043f,-0.3691070904016317f,0.20655580189660058f,0f,0f,0f,1f],start_interpolation:0}
execute if entity @s[tag=aj.blazing_inferno.bone.right_arm] run data modify entity @s {} merge value {transformation:[-0.9109155759684324f,0.40933157864572733f,-0.05177327671198585f,-0.421875f,0.4124523939400535f,0.9001347064405087f,-0.14014468592985704f,1.3070289588651434f,-0.010762722295871385f,-0.14901398922469017f,-0.9887765140941231f,0.13787683448468085f,0f,0f,0f,1f],start_interpolation:0}
execute if entity @s[tag=aj.blazing_inferno.bone.head] run data modify entity @s {} merge value {transformation:[-1f,-3.535071303530131e-17f,1.1725154546748775e-16f,-7.11756337005453e-18f,0f,0.9574315267808062f,0.2886604779428147f,1.4757539651351033f,-1.2246467991473532e-16f,0.2886604779428147f,-0.9574315267808062f,0.0581193155039482f,0f,0f,0f,1f],start_interpolation:0}
execute if entity @s[tag=aj.blazing_inferno.bone.bottom] run data modify entity @s {} merge value {transformation:[-1f,1.4217281568715176e-17f,1.2163661755990443e-16f,0f,0f,0.993238357741943f,-0.11609291412523023f,0.7280092592592593f,-1.2246467991473532e-16f,-0.11609291412523023f,-0.993238357741943f,0f,0f,0f,0f,1f],start_interpolation:0}