execute if entity @s[tag=aj.blazing_inferno.bone.body] run data modify entity @s {} merge value {transformation:[-1f,3.216323506000837e-17f,1.181656639514763e-16f,-4.020404382501046e-18f,0f,0.9648958706604046f,-0.2626327450690409f,1.0281380161674494f,-1.2246467991473532e-16f,-0.2626327450690409f,-0.9648958706604046f,0.03282909313363011f,0f,0f,0f,1f],start_interpolation:0}
execute if entity @s[tag=aj.blazing_inferno.bone.left_hand] run data modify entity @s {} merge value {transformation:[-0.1431673610051087f,-0.8178329589374163f,-0.5573619631967212f,1.1240764004354449f,-0.9431088014315373f,0.2834904443779786f,-0.17372091586433994f,1.6997038102993247f,0.300081481276672f,0.5007818079983004f,-0.8118920404664354f,-0.41660468315241017f,0f,0f,0f,1f],start_interpolation:0}
execute if entity @s[tag=aj.blazing_inferno.bone.left_arm] run data modify entity @s {} merge value {transformation:[-0.16920522982024624f,-0.8818238235848106f,-0.4401776168318221f,0.6275536703601108f,-0.9520752818134413f,0.2617077669818385f,-0.15830888307747026f,1.6591321230889813f,0.254798445759259f,0.39229553764941616f,-0.8838449882072205f,-0.1620565966484891f,0f,0f,0f,1f],start_interpolation:0}
execute if entity @s[tag=aj.blazing_inferno.bone.right_hand] run data modify entity @s {} merge value {transformation:[-0.1444721629520664f,0.818302470232146f,0.5563352059180867f,-1.1244846636398573f,0.9447570224745298f,0.2812428414767551f,-0.16833488231243804f,1.7007678891499474f,-0.29421414414846403f,0.5012818880929664f,-0.8137287668830063f,-0.41563432147834506f,0f,0f,0f,1f],start_interpolation:0}
execute if entity @s[tag=aj.blazing_inferno.bone.right_arm] run data modify entity @s {} merge value {transformation:[-0.17045210792260443f,0.8821548391139824f,0.43903179694929295f,-0.6275536703601108f,0.9534277962173668f,0.26017009984107287f,-0.152600643998582f,1.6591321230889813f,-0.24884034300096253f,0.39257401719480955f,-0.8854174861152749f,-0.16205659664848926f,0f,0f,0f,1f],start_interpolation:0}
execute if entity @s[tag=aj.blazing_inferno.bone.head] run data modify entity @s {} merge value {transformation:[-1f,7.31192875437994e-17f,9.824035634964767e-17f,2.4122426295006276e-17f,0f,0.8021933868446512f,-0.5970642931064524f,1.8724219029953035f,-1.2246467991473532e-16f,-0.5970642931064524f,-0.8021933868446512f,-0.19697455880178066f,0f,0f,0f,1f],start_interpolation:0}
execute if entity @s[tag=aj.blazing_inferno.bone.bottom] run data modify entity @s {} merge value {transformation:[-1f,-2.853547591447792e-18f,1.2243143016710178e-16f,0f,0f,0.9997284952064817f,0.023300984360834023f,1.14875f,-1.2246467991473532e-16f,0.023300984360834023f,-0.9997284952064817f,0f,0f,0f,0f,1f],start_interpolation:0}