execute if entity @s[tag=aj.blazing_inferno.bone.body] run data modify entity @s {} merge value {transformation:[-1f,2.949916666988366e-17f,1.1885872703508567e-16f,-3.6873958337354576e-18f,0f,0.9705551602130487f,-0.2408789758028366f,0.9886343086770726f,-1.2246467991473532e-16f,-0.2408789758028366f,-0.9705551602130487f,0.030109871975354575f,0f,0f,0f,1f],start_interpolation:0}
execute if entity @s[tag=aj.blazing_inferno.bone.left_hand] run data modify entity @s {} merge value {transformation:[-0.11837781778087175f,-0.8779382767418765f,-0.4639084764141982f,1.1439695576923592f,-0.952983843601478f,0.2316923090252386f,-0.19529584678919001f,1.6623701932457424f,0.278941725261733f,0.4189785867679364f,-0.8640882233533509f,-0.3334772849349117f,0f,0f,0f,1f],start_interpolation:0}
execute if entity @s[tag=aj.blazing_inferno.bone.left_arm] run data modify entity @s {} merge value {transformation:[-0.1368060019329637f,-0.9355835714720665f,-0.3255264945080357f,0.6327475761772854f,-0.9623499767601779f,0.2034403521336146f,-0.1802624346707763f,1.5875157639106137f,0.23487579710307088f,0.2886094314386194f,-0.9281906894705817f,-0.13964885799980417f,0f,0f,0f,1f],start_interpolation:0}
execute if entity @s[tag=aj.blazing_inferno.bone.right_hand] run data modify entity @s {} merge value {transformation:[-0.11957249076305197f,0.8782045717382786f,0.4630973435798427f,-1.1442598229446714f,0.9544035960161009f,0.23018103141342602f,-0.1900801638493261f,1.6629693152544127f,-0.2735254930792652f,0.4192534113819928f,-0.8656849205573044f,-0.3324766103074379f,0f,0f,0f,1f],start_interpolation:0}
execute if entity @s[tag=aj.blazing_inferno.bone.right_arm] run data modify entity @s {} merge value {transformation:[-0.13795877024075617f,0.9357263859986966f,0.32462826164626646f,-0.6327475761772854f,0.9635085903025388f,0.20270455324379733f,-0.17482008038966024f,1.5875157639106137f,-0.22938738877033543f,0.2886641554472103f,-0.9295452819702092f,-0.13964885799980434f,0f,0f,0f,1f],start_interpolation:0}
execute if entity @s[tag=aj.blazing_inferno.bone.head] run data modify entity @s {} merge value {transformation:[-1f,5.322185350870159e-17f,1.1029520450009098e-16f,2.2124375002412747e-17f,0f,0.9006286921003083f,-0.4345894142356532f,1.83787007386349f,-1.2246467991473532e-16f,-0.4345894142356532f,-0.9006286921003083f,-0.18065923185212746f,0f,0f,0f,1f],start_interpolation:0}
execute if entity @s[tag=aj.blazing_inferno.bone.bottom] run data modify entity @s {} merge value {transformation:[-1f,-3.556875475880134e-18f,1.224130159070826e-16f,0f,0f,0.9995781313625391f,0.02904409237305457f,1.1099537037037037f,-1.2246467991473532e-16f,0.02904409237305457f,-0.9995781313625391f,0f,0f,0f,0f,1f],start_interpolation:0}