execute if entity @s[tag=aj.blazing_inferno.bone.body] run data modify entity @s {} merge value {transformation:[-1f,3.169619151431765e-17f,1.1829179713786698e-16f,-3.962023939289706e-18f,0f,0.9659258262890683f,-0.25881904510252074f,1.0408217717138666f,-1.2246467991473532e-16f,-0.25881904510252074f,-0.9659258262890683f,0.03235238063781509f,0f,0f,0f,1f],start_interpolation:0}
execute if entity @s[tag=aj.blazing_inferno.bone.left_hand] run data modify entity @s {} merge value {transformation:[-0.19087682985824075f,-0.8348965171396464f,-0.5162497859480002f,1.117180637996835f,-0.941553710360045f,0.3044331319945131f,-0.1442119227083664f,1.7154154971129592f,0.27756557122687364f,0.4585501867975839f,-0.8442091446184413f,-0.41582788114829394f,0f,0f,0f,1f],start_interpolation:0}
execute if entity @s[tag=aj.blazing_inferno.bone.left_arm] run data modify entity @s {} merge value {transformation:[-0.20656088129716602f,-0.8675084342671916f,-0.4525060428248706f,0.6182046398891967f,-0.9457313491205102f,0.2955911578741138f,-0.1349743778549855f,1.694913089282689f,0.2508481963428036f,0.4000687239236857f,-0.8814874919870594f,-0.15654234824245353f,0f,0f,0f,1f],start_interpolation:0}
execute if entity @s[tag=aj.blazing_inferno.bone.right_hand] run data modify entity @s {} merge value {transformation:[-0.19163238884319078f,0.8351927291457738f,0.5154901868399495f,-1.1174466848416658f,0.9424227209337411f,0.30325345325216907f,-0.14098495720635634f,1.7160674819741908f,-0.2740737904544973f,0.4587923803559388f,-0.8452177879772974f,-0.4152627672475043f,0f,0f,0f,1f],start_interpolation:0}
execute if entity @s[tag=aj.blazing_inferno.bone.right_arm] run data modify entity @s {} merge value {transformation:[-0.20729220334502682f,0.8677514405378325f,0.45170496994928067f,-0.6182046398891967f,0.9464985726775065f,0.2946333926654856f,-0.13164959493241318f,1.694913089282689f,-0.24732649342884133f,0.40024817472530994f,-0.8824007050525577f,-0.1565423482424537f,0f,0f,0f,1f],start_interpolation:0}
execute if entity @s[tag=aj.blazing_inferno.bone.head] run data modify entity @s {} merge value {transformation:[-1f,7.455177354798983e-17f,9.715776287805221e-17f,2.3772143635738236e-17f,0f,0.7933533402912352f,-0.6087614290087205f,1.8860068697168013f,-1.2246467991473532e-16f,-0.6087614290087205f,-0.7933533402912352f,-0.19411428382689055f,0f,0f,0f,1f],start_interpolation:0}
execute if entity @s[tag=aj.blazing_inferno.bone.bottom] run data modify entity @s {} merge value {transformation:[-1f,-9.565290836674034e-19f,1.2246094429952218e-16f,0f,0f,0.9999694963869115f,0.007810652706832502f,1.1615625f,-1.2246467991473532e-16f,0.007810652706832502f,-0.9999694963869115f,0f,0f,0f,0f,1f],start_interpolation:0}