execute if entity @s[tag=aj.blazing_inferno.bone.body] run data modify entity @s {} merge value {transformation:[-1f,-3.7612458301629276e-17f,1.165457026540523e-16f,4.7015572877036595e-18f,0f,0.9516678828148326f,0.30712902959299393f,0.7858337887006243f,-1.2246467991473532e-16f,0.30712902959299393f,-0.9516678828148326f,-0.03839112869912424f,0f,0f,0f,1f],start_interpolation:0}
execute if entity @s[tag=aj.blazing_inferno.bone.left_hand] run data modify entity @s {} merge value {transformation:[-0.062131326700504974f,0.9945350247518597f,0.08390341342432714f,0.5698487628620151f,-0.9534553941274742f,-0.03429124040010001f,-0.29957790679728974f,1.2552855587685594f,-0.2950635688316303f,-0.09861133491460802f,0.9503753442586256f,0.9983208484303752f,0f,0f,0f,1f],start_interpolation:0}
execute if entity @s[tag=aj.blazing_inferno.bone.left_arm] run data modify entity @s {} merge value {transformation:[-0.7177061429353835f,-0.053670659120575f,0.6942746954501352f,0.40798611111111105f,-0.6797942275282474f,0.2700927670815649f,-0.6818575403920507f,1.2651724516399678f,-0.15092282998966228f,-0.9613372756321199f,-0.2303322423546579f,0.4811609645739343f,0f,0f,0f,1f],start_interpolation:0}
execute if entity @s[tag=aj.blazing_inferno.bone.right_hand] run data modify entity @s {} merge value {transformation:[-0.039417516669291996f,-0.9876583719617472f,-0.15158231979191253f,-0.5999933156881156f,0.9725863745270782f,-0.00312951156965785f,-0.23252085979887682f,1.2957222209477246f,0.22917679521255996f,-0.15659229371590083f,0.9607064328320559f,0.9870775181068856f,0f,0f,0f,1f],start_interpolation:0}
execute if entity @s[tag=aj.blazing_inferno.bone.right_arm] run data modify entity @s {} merge value {transformation:[-0.6963139662805871f,0.12083695104238451f,-0.7074922555232515f,-0.40798611111111116f,0.7149516246580558f,0.20353792419609662f,-0.6688919851610947f,1.2651724516399678f,0.06317463701046216f,-0.9715815687201586f,-0.22811887375198026f,0.4811609645739342f,0f,0f,0f,1f],start_interpolation:0}
execute if entity @s[tag=aj.blazing_inferno.bone.head] run data modify entity @s {} merge value {transformation:[-1f,-8.978991502911049e-17f,8.32788627785208e-17f,-2.820934372622196e-17f,0f,0.6800235205489681f,0.7331902969217388f,1.6185431861636028f,-1.2246467991473532e-16f,0.7331902969217388f,-0.6800235205489681f,0.23034677219474545f,0f,0f,0f,1f],start_interpolation:0}
execute if entity @s[tag=aj.blazing_inferno.bone.bottom] run data modify entity @s {} merge value {transformation:[-1f,5.175581015019659e-17f,1.1099069304367545e-16f,0f,0f,0.9063077870366499f,-0.42261826174069944f,0.9047922740524783f,-1.2246467991473532e-16f,-0.42261826174069944f,-0.9063077870366499f,0f,0f,0f,0f,1f],start_interpolation:0}