execute if entity @s[tag=aj.blazing_inferno.bone.body] run data modify entity @s {} merge value {transformation:[-1f,2.5671475431406556e-17f,1.1974378136585326e-16f,-3.2089344289258196e-18f,0f,0.9777821772712225f,-0.2096235049099874f,0.9472100982114675f,-1.2246467991473532e-16f,-0.2096235049099874f,-0.9777821772712225f,0.026202938113748426f,0f,0f,0f,1f],start_interpolation:0}
execute if entity @s[tag=aj.blazing_inferno.bone.left_hand] run data modify entity @s {} merge value {transformation:[-0.1256213591566214f,-0.9380272534757831f,-0.3229924857644869f,1.1521957063775394f,-0.963728166200298f,0.19265825484772617f,-0.18469114356470653f,1.619575322674325f,0.23547249477561832f,0.28807580352349565f,-0.9282052766648327f,-0.2378095673834293f,0f,0f,0f,1f],start_interpolation:0}
execute if entity @s[tag=aj.blazing_inferno.bone.left_arm] run data modify entity @s {} merge value {transformation:[-0.13375873745557534f,-0.9702391105264111f,-0.20185308657340129f,0.631189404432133f,-0.9695199012876152f,0.17030566417449733f,-0.17614522916427752f,1.5248401185357738f,0.2052797144423749f,0.17213962110740771f,-0.9634459972844638f,-0.11133243762396516f,0f,0f,0f,1f],start_interpolation:0}
execute if entity @s[tag=aj.blazing_inferno.bone.right_hand] run data modify entity @s {} merge value {transformation:[-0.12639408242424374f,0.9381125315374258f,0.32244288502086077f,-1.1523454880125459f,0.964494753046301f,0.19220478810681188f,-0.18112755388115473f,1.6197044951247659f,-0.23189309449461526f,0.28810101978517555f,-0.9290981622651362f,-0.23709362608726242f,0f,0f,0f,1f],start_interpolation:0}
execute if entity @s[tag=aj.blazing_inferno.bone.right_arm] run data modify entity @s {} merge value {transformation:[-0.1345134489821531f,0.9702552964020377f,0.20127292874780742f,-0.631189404432133f,0.97017206359178f,0.17029218051252226f,-0.1725304039361118f,1.5248401185357738f,-0.20167374412400116f,0.17206171294069114f,-0.9642211716566497f,-0.11133243762396533f,0f,0f,0f,1f],start_interpolation:0}
execute if entity @s[tag=aj.blazing_inferno.bone.head] run data modify entity @s {} merge value {transformation:[-1f,3.326960574806141e-17f,1.1785894603290466e-16f,1.9253606573554917e-17f,0f,0.962391328789351f,-0.27166694732901764f,1.8027695033237872f,-1.2246467991473532e-16f,-0.27166694732901764f,-0.962391328789351f,-0.15721762868249056f,0f,0f,0f,1f],start_interpolation:0}
execute if entity @s[tag=aj.blazing_inferno.bone.bottom] run data modify entity @s {} merge value {transformation:[-1f,-3.130149731641126e-18f,1.224246706725245e-16f,0f,0f,0.9996732997445577f,0.02555961223938574f,1.0694328703703704f,-1.2246467991473532e-16f,0.02555961223938574f,-0.9996732997445577f,0f,0f,0f,0f,1f],start_interpolation:0}