execute if entity @s[tag=aj.blazing_inferno.bone.body] run data modify entity @s {} merge value {transformation:[-1f,-1.1855912292931643e-17f,1.2188943830505124e-16f,1.4819890366164554e-18f,0f,0.9953027957931658f,0.096810870703179f,1.035853354229558f,-1.2246467991473532e-16f,0.096810870703179f,-0.9953027957931658f,-0.012101358837897374f,0f,0f,0f,1f],start_interpolation:0}
execute if entity @s[tag=aj.blazing_inferno.bone.left_hand] run data modify entity @s {} merge value {transformation:[-0.23416453331106468f,-0.8811096951007317f,-0.41086819850008693f,1.1213703755180884f,-0.9676303740053361f,0.170314233273094f,0.18623780831746106f,1.8110752850370289f,-0.09411923629898701f,0.4411788380510716f,-0.8924700567606746f,-0.16227278613803348f,0f,0f,0f,1f],start_interpolation:0}
execute if entity @s[tag=aj.blazing_inferno.bone.left_arm] run data modify entity @s {} merge value {transformation:[-0.23416453331106468f,-0.8811096951007317f,-0.41086819850008693f,0.609375f,-0.9676303740053361f,0.170314233273094f,0.18623780831746106f,1.7201240263373596f,-0.09411923629898701f,0.4411788380510716f,-0.8924700567606746f,0.05445611477053826f,0f,0f,0f,1f],start_interpolation:0}
execute if entity @s[tag=aj.blazing_inferno.bone.right_hand] run data modify entity @s {} merge value {transformation:[-0.23416453331106468f,0.8811096951007317f,0.41086819850008716f,-1.1213703755180884f,0.9676303740053361f,0.170314233273094f,0.18623780831746106f,1.8110752850370289f,0.09411923629898696f,0.44117883805107183f,-0.8924700567606745f,-0.16227278613803375f,0f,0f,0f,1f],start_interpolation:0}
execute if entity @s[tag=aj.blazing_inferno.bone.right_arm] run data modify entity @s {} merge value {transformation:[-0.23416453331106468f,0.8811096951007317f,0.41086819850008716f,-0.609375f,0.9676303740053361f,0.170314233273094f,0.18623780831746106f,1.7201240263373596f,0.09411923629898696f,0.44117883805107183f,-0.8924700567606745f,0.054456114770538105f,0f,0f,0f,1f],start_interpolation:0}
execute if entity @s[tag=aj.blazing_inferno.bone.head] run data modify entity @s {} merge value {transformation:[-1f,-3.303228950877601e-17f,1.1792567861338338e-16f,-8.891934219698733e-18f,0f,0.9629362416615779f,0.2697291131759326f,1.906743300548578f,-1.2246467991473532e-16f,0.2697291131759326f,-0.9629362416615779f,0.07260815302738424f,0f,0f,0f,1f],start_interpolation:0}
execute if entity @s[tag=aj.blazing_inferno.bone.bottom] run data modify entity @s {} merge value {transformation:[-1f,1.4217281568715157e-17f,1.2163661755990443e-16f,0f,0f,0.993238357741943f,-0.1160929141252301f,1.1602662037037037f,-1.2246467991473532e-16f,-0.1160929141252301f,-0.993238357741943f,0f,0f,0f,0f,1f],start_interpolation:0}