execute if entity @s[tag=aj.blazing_inferno.bone.body] run data modify entity @s {} merge value {transformation:[-1f,2.7085546122207018e-17f,1.1943186768145416e-16f,-3.3856932652758772e-18f,0f,0.9752352087524931f,-0.22117026836688775f,0.9618455989059383f,-1.2246467991473532e-16f,-0.22117026836688775f,-0.9752352087524931f,0.027646283545860968f,0f,0f,0f,1f],start_interpolation:0}
execute if entity @s[tag=aj.blazing_inferno.bone.left_hand] run data modify entity @s {} merge value {transformation:[-0.1209378051087292f,-0.9194013880047288f,-0.3742661286176737f,1.1506924971892234f,-0.9601616913545821f,0.20402992037614615f,-0.19094846961002854f,1.6355197252229343f,0.2519197764181915f,0.33626311026676936f,-0.9074489224871707f,-0.27105745727215635f,0f,0f,0f,1f],start_interpolation:0}
execute if entity @s[tag=aj.blazing_inferno.bone.left_arm] run data modify entity @s {} merge value {transformation:[-0.1322869952353473f,-0.9606427697878276f,-0.24426546981915814f,0.6322281855955678f,-0.9673259100788208f,0.17889068736961997f,-0.17966275535738108f,1.5460754678754531f,0.21628854473083983f,0.21251727183171662f,-0.9529195530533624f,-0.12129378632579885f,0f,0f,0f,1f],start_interpolation:0}
execute if entity @s[tag=aj.blazing_inferno.bone.right_hand] run data modify entity @s {} merge value {transformation:[-0.12186647475585757f,0.9195391279470858f,0.3736259553415592f,-1.1508874453848261f,0.9611540516432019f,0.20325568404216005f,-0.186735149113419f,1.635781609005373f,-0.24765187530167654f,0.33635534644013987f,-0.9085888121591066f,-0.27022348511852456f,0f,0f,0f,1f],start_interpolation:0}
execute if entity @s[tag=aj.blazing_inferno.bone.right_arm] run data modify entity @s {} merge value {transformation:[-0.13319028328485658f,0.9606925506838133f,0.2435778551082351f,-0.6322281855955678f,0.9681553297092311f,0.17868370044733115f,-0.17534934488060808f,1.5460754678754531f,-0.21198020189185035f,0.2124663697037185f,-0.953898545837456f,-0.12129378632579901f,0f,0f,0f,1f],start_interpolation:0}
execute if entity @s[tag=aj.blazing_inferno.bone.head] run data modify entity @s {} merge value {transformation:[-1f,3.9776731269318494e-17f,1.1582490870338298e-16f,2.0314159591655262e-17f,0f,0.9457821535484743f,-0.32480165952348544f,1.8151764065643698f,-1.2246467991473532e-16f,-0.32480165952348544f,-0.9457821535484743f,-0.16587770127516582f,0f,0f,0f,1f],start_interpolation:0}
execute if entity @s[tag=aj.blazing_inferno.bone.bottom] run data modify entity @s {} merge value {transformation:[-1f,-3.33956651396759e-18f,1.2241913707471296e-16f,0f,0f,0.9996281144893854f,0.027269630037760492f,1.08375f,-1.2246467991473532e-16f,0.027269630037760492f,-0.9996281144893854f,0f,0f,0f,0f,1f],start_interpolation:0}