execute if entity @s[tag=aj.blazing_inferno.bone.body] run data modify entity @s {} merge value {transformation:[-1f,7.004131218922162e-19f,1.2246267695946083e-16f,-8.755164023652703e-20f,0f,0.9999836446289992f,-0.005719307169870293f,0.7248052851621158f,-1.2246467991473532e-16f,-0.005719307169870293f,-0.9999836446289992f,0.0007149133962337866f,0f,0f,0f,1f],start_interpolation:0}
execute if entity @s[tag=aj.blazing_inferno.bone.left_hand] run data modify entity @s {} merge value {transformation:[-0.9458970097512269f,-0.2859739726644008f,0.15328970579340223f,0.7592381663810792f,-0.32446171303044147f,0.8309651646443106f,-0.4519087207888395f,1.0909510846819825f,0.0018557265527795323f,-0.47719574820632504f,-0.8787950694973015f,-0.1145005669533305f,0f,0f,0f,1f],start_interpolation:0}
execute if entity @s[tag=aj.blazing_inferno.bone.left_arm] run data modify entity @s {} merge value {transformation:[-0.9458970097512269f,-0.3149280361484246f,-0.07809724061312187f,0.433875f,-0.32446171303044147f,0.9194502352516437f,0.22211677485739004f,1.4622307240982133f,0.0018557265527795323f,0.23543915762547588f,-0.9718873182296226f,-0.003502718184847384f,0f,0f,0f,1f],start_interpolation:0}
execute if entity @s[tag=aj.blazing_inferno.bone.right_hand] run data modify entity @s {} merge value {transformation:[-0.9458970097512269f,0.2859739726644009f,-0.15328970579340195f,-0.7592381663810792f,0.32446171303044147f,0.8309651646443106f,-0.4519087207888395f,1.0909510846819825f,-0.0018557265527797638f,-0.4771957482063249f,-0.8787950694973015f,-0.11450056695333068f,0f,0f,0f,1f],start_interpolation:0}
execute if entity @s[tag=aj.blazing_inferno.bone.right_arm] run data modify entity @s {} merge value {transformation:[-0.9458970097512269f,0.31492803614842446f,0.07809724061312212f,-0.433875f,0.32446171303044147f,0.9194502352516437f,0.22211677485739004f,1.4622307240982133f,-0.0018557265527797638f,0.23543915762547596f,-0.9718873182296225f,-0.0035027181848474908f,0f,0f,0f,1f],start_interpolation:0}
execute if entity @s[tag=aj.blazing_inferno.bone.head] run data modify entity @s {} merge value {transformation:[-1f,-1.3738190727988646e-17f,1.2169165929569693e-16f,5.253098414191621e-19f,0f,0.9936878076227644f,0.11218084052931596f,1.5997909742124903f,-1.2246467991473532e-16f,0.11218084052931596f,-0.9936878076227644f,-0.00428948037740272f,0f,0f,0f,1f],start_interpolation:0}
execute if entity @s[tag=aj.blazing_inferno.bone.bottom] run data modify entity @s {} merge value {transformation:[-1f,0f,1.2246467991473532e-16f,0f,0f,1f,0f,0.8498032407407408f,-1.2246467991473532e-16f,0f,-1f,0f,0f,0f,0f,1f],start_interpolation:0}