execute if entity @s[tag=aj.blazing_inferno.bone.body] run data modify entity @s {} merge value {transformation:[-1f,-3.5739650059294826e-17f,1.1713357861970122e-16f,4.467456257411853e-18f,0f,0.9564682543673341f,0.2918363897588934f,0.5492643545014594f,-1.2246467991473532e-16f,0.2918363897588934f,-0.9564682543673341f,-0.03647954871986168f,0f,0f,0f,1f],start_interpolation:0}
execute if entity @s[tag=aj.blazing_inferno.bone.left_hand] run data modify entity @s {} merge value {transformation:[-0.022820142037641322f,0.9958399550303354f,0.08821578703702584f,0.5724593497046987f,-0.9584323942724198f,0.0033102174062695777f,-0.28530052237940295f,1.0398512598795957f,-0.2844056728101938f,-0.0910594664266337f,0.9543697327804768f,0.982073433486577f,0f,0f,0f,1f],start_interpolation:0}
execute if entity @s[tag=aj.blazing_inferno.bone.left_arm] run data modify entity @s {} merge value {transformation:[-0.6896044955180558f,-0.056778507636038415f,0.7219569522013844f,0.4149305555555555f,-0.7088668336264733f,0.2568915525006935f,-0.6568976651185185f,1.0346546992781018f,-0.1481669731946551f,-0.9647709216826594f,-0.21740197039108597f,0.47464749165330244f,0f,0f,0f,1f],start_interpolation:0}
execute if entity @s[tag=aj.blazing_inferno.bone.right_hand] run data modify entity @s {} merge value {transformation:[-0.0004887033172727984f,-0.9881883975238956f,-0.15324311458667073f,-0.6004963380903539f,0.9759482604004897f,0.03293595630548207f,-0.21549992065776122f,1.0804773562115197f,0.2180017297874623f,-0.14966266662531164f,0.9644046516002892f,0.9704186446436351f,0f,0f,0f,1f],start_interpolation:0}
execute if entity @s[tag=aj.blazing_inferno.bone.right_arm] run data modify entity @s {} merge value {transformation:[-0.6679707145268055f,0.12133193310559875f,-0.7342299956712525f,-0.41493055555555564f,0.7417957438509859f,0.18759396487772537f,-0.6438536935873065f,1.0346546992781018f,0.05961710273999754f,-0.9747240975528988f,-0.2153107863312363f,0.47464749165330233f,0f,0f,0f,1f],start_interpolation:0}
execute if entity @s[tag=aj.blazing_inferno.bone.head] run data modify entity @s {} merge value {transformation:[-1f,-8.608739552653994e-17f,8.710085050144833e-17f,-2.6804737544471118e-17f,0f,0.7112324187030197f,0.7029569308185619f,1.3861740770728768f,-1.2246467991473532e-16f,0.7029569308185619f,-0.7112324187030197f,0.21887729231917008f,0f,0f,0f,1f],start_interpolation:0}
execute if entity @s[tag=aj.blazing_inferno.bone.bottom] run data modify entity @s {} merge value {transformation:[-1f,5.175581015019659e-17f,1.1099069304367545e-16f,0f,0f,0.9063077870366499f,-0.42261826174069944f,0.6688228862973762f,-1.2246467991473532e-16f,-0.42261826174069944f,-0.9063077870366499f,0f,0f,0f,0f,1f],start_interpolation:0}