execute if entity @s[tag=aj.blazing_inferno.bone.body] run data modify entity @s {} merge value {transformation:[-1f,-2.2434161495830864e-17f,1.2039230135103141e-16f,2.804270186978858e-18f,0f,0.98307774482286f,0.18318883053832666f,0.4546615781934388f,-1.2246467991473532e-16f,0.18318883053832666f,-0.98307774482286f,-0.022898603817290832f,0f,0f,0f,1f],start_interpolation:0}
execute if entity @s[tag=aj.blazing_inferno.bone.left_hand] run data modify entity @s {} merge value {transformation:[-0.5116590577116782f,0.6239678561659111f,0.5906514396268874f,0.7652404717738845f,-0.7462154591981527f,0.018025380377618416f,-0.6654604226518154f,0.8752831849887812f,-0.4258726301551769f,-0.7812420880456705f,0.4563916111748253f,0.6487702607968331f,0f,0f,0f,1f],start_interpolation:0}
execute if entity @s[tag=aj.blazing_inferno.bone.left_arm] run data modify entity @s {} merge value {transformation:[-0.8057017936184238f,-0.40052264902716805f,0.43637853679611105f,0.421875f,-0.5884445400783503f,0.6253957777858906f,-0.512457944010589f,1.065210874763339f,-0.06765828117853556f,-0.6696728520283923f,-0.7395678658812356f,0.3145652649144989f,0f,0f,0f,1f],start_interpolation:0}
execute if entity @s[tag=aj.blazing_inferno.bone.right_hand] run data modify entity @s {} merge value {transformation:[-0.5139706945494886f,-0.5872167833545809f,-0.6253083835124998f,-0.7841906302246163f,0.771071118430954f,0.0031532946791191785f,-0.636741224560107f,0.8942473617640359f,0.3758769153139816f,-0.8094235640746853f,0.45116520084629796f,0.638855590302399f,0f,0f,0f,1f],start_interpolation:0}
execute if entity @s[tag=aj.blazing_inferno.bone.right_arm] run data modify entity @s {} merge value {transformation:[-0.7948050503798575f,0.44424833440233347f,-0.41343481864911275f,-0.421875f,0.6067812049646579f,0.5930574917362259f,-0.5292441599084248f,1.065210874763339f,0.010074780012984341f,-0.6715104086135144f,-0.7409266292497532f,0.31456526491449877f,0f,0f,0f,1f],start_interpolation:0}
execute if entity @s[tag=aj.blazing_inferno.bone.head] run data modify entity @s {} merge value {transformation:[-1f,-6.164322348110018e-17f,1.0581923655686483e-16f,-1.6825621121873147e-17f,0f,0.8640796401912805f,0.50335511858618f,1.3148546049134413f,-1.2246467991473532e-16f,0.50335511858618f,-0.8640796401912805f,0.137391622903745f,0f,0f,0f,1f],start_interpolation:0}
execute if entity @s[tag=aj.blazing_inferno.bone.bottom] run data modify entity @s {} merge value {transformation:[-1f,3.341326285981807e-17f,1.1781829947711552e-16f,0f,0f,0.9620594244736131f,-0.27283999666746106f,0.5775462962962963f,-1.2246467991473532e-16f,-0.27283999666746106f,-0.9620594244736131f,0f,0f,0f,0f,1f],start_interpolation:0}