execute if entity @s[tag=aj.blazing_inferno.bone.body] run data modify entity @s {} merge value {transformation:[-1f,2.2520626568178814e-17f,1.2037615713086713e-16f,-2.8150783210223517e-18f,0f,0.9829459172610234f,-0.1838948714344295f,0.9161942603423721f,-1.2246467991473532e-16f,-0.1838948714344295f,-0.9829459172610234f,0.02298685892930369f,0f,0f,0f,1f],start_interpolation:0}
execute if entity @s[tag=aj.blazing_inferno.bone.left_hand] run data modify entity @s {} merge value {transformation:[-0.14199738210458981f,-0.9661711828976923f,-0.2152904754361336f,1.1511077270300762f,-0.9696878920931723f,0.17946468968379534f,-0.16582465764957688f,1.582254304682776f,0.19885204400091905f,0.1852179000387716f,-0.9623680138605419f,-0.17206854221844275f,0f,0f,0f,1f],start_interpolation:0}
execute if entity @s[tag=aj.blazing_inferno.bone.left_arm] run data modify entity @s {} merge value {transformation:[-0.14529778015439945f,-0.9820490867943141f,-0.1202836073979202f,0.6275536703601108f,-0.9727890816468069f,0.1639763783545995f,-0.16368613249286343f,1.4827271940473576f,0.18047148725204706f,0.09322734828451593f,-0.9791520330474078f,-0.09111463950786979f,0f,0f,0f,1f],start_interpolation:0}
execute if entity @s[tag=aj.blazing_inferno.bone.right_hand] run data modify entity @s {} merge value {transformation:[-0.14245326031663613f,0.9661844818365102f,0.21492932718332053f,-1.1511811116036705f,0.9700590735639933f,0.17943387327477944f,-0.16367308550209977f,1.5822287942678825f,-0.19670399696327465f,0.18517837935332665f,-0.9628169636014665f,-0.17162404704116713f,0f,0f,0f,1f],start_interpolation:0}
execute if entity @s[tag=aj.blazing_inferno.bone.right_arm] run data modify entity @s {} merge value {transformation:[-0.1457467357792601f,0.9820277275277466f,0.11991426677581123f,-0.6275536703601108f,0.9731194787140187f,0.16414943502371554f,-0.16153464993230268f,1.4827271940473576f,-0.17831536433254178f,0.09314776083237258f,-0.9795545546292295f,-0.09111463950786995f,0f,0f,0f,1f],start_interpolation:0}
execute if entity @s[tag=aj.blazing_inferno.bone.head] run data modify entity @s {} merge value {transformation:[-1f,2.2520626568178814e-17f,1.2037615713086713e-16f,1.689046992613411e-17f,0f,0.9829459172610234f,-0.1838948714344295f,1.7762719379457677f,-1.2246467991473532e-16f,-0.1838948714344295f,-0.9829459172610234f,-0.13792115357582213f,0f,0f,0f,1f],start_interpolation:0}
execute if entity @s[tag=aj.blazing_inferno.bone.bottom] run data modify entity @s {} merge value {transformation:[-1f,-2.56902735101845e-18f,1.2243773080667697e-16f,0f,0f,0.999779943832972f,0.02097770028719388f,1.0390625f,-1.2246467991473532e-16f,0.02097770028719388f,-0.999779943832972f,0f,0f,0f,0f,1f],start_interpolation:0}