execute if entity @s[tag=aj.blazing_inferno.bone.body] run data modify entity @s {} merge value {transformation:[-1f,1.9064701099998025e-17f,1.2097162889945026e-16f,-2.383087637499753e-18f,0f,0.9878083132514242f,-0.1556750984305974f,0.8838272015843125f,-1.2246467991473532e-16f,-0.1556750984305974f,-0.9878083132514242f,0.019459387303824675f,0f,0f,0f,1f],start_interpolation:0}
execute if entity @s[tag=aj.blazing_inferno.bone.left_hand] run data modify entity @s {} merge value {transformation:[-0.16893030131399042f,-0.9791874351033282f,-0.11249231188721359f,1.1451565612870926f,-0.9724764492434345f,0.18416952695804842f,-0.14272750613294855f,1.5379044083370013f,0.16047463651570182f,0.08528512341442902f,-0.9833485337149485f,-0.1137707837305676f,0f,0f,0f,1f],start_interpolation:0}
execute if entity @s[tag=aj.blazing_inferno.bone.left_arm] run data modify entity @s {} merge value {transformation:[-0.16975577311352166f,-0.984091144676907f,-0.052417520573999545f,0.6218403739612188f,-0.9735671294535836f,0.17571269388644034f,-0.14591810598647292f,1.4431171799941647f,0.15280713969621976f,0.026261534145308383f,-0.9879070350403396f,-0.07200358460775728f,0f,0f,0f,1f],start_interpolation:0}
execute if entity @s[tag=aj.blazing_inferno.bone.right_hand] run data modify entity @s {} merge value {transformation:[-0.16911581081972715f,0.9791751892357342f,0.11232003968994662f,-1.1451798028707159f,0.972590656811187f,0.18424929488672986f,-0.14184361676623802f,1.537858342208013f,-0.15958463840348422f,0.08525342291607876f,-0.9834961093297326f,-0.11358367392730367f,0f,0f,0f,1f],start_interpolation:0}
execute if entity @s[tag=aj.blazing_inferno.bone.right_arm] run data modify entity @s {} merge value {transformation:[-0.16993993584572317f,0.9840685411590383f,0.052244851477195764f,-0.6218403739612188f,0.9736744532260128f,0.17584522301215788f,-0.1450397072488428f,1.4431171799941647f,-0.15191602068174728f,0.02622143865098201f,-0.9880455246674091f,-0.07200358460775742f,0f,0f,0f,1f],start_interpolation:0}
execute if entity @s[tag=aj.blazing_inferno.bone.head] run data modify entity @s {} merge value {transformation:[-1f,1.5333084232789093e-17f,1.2150100557003125e-16f,1.429852582499852e-17f,0f,0.9921310018090522f,-0.12520413431419233f,1.7481594756793086f,-1.2246467991473532e-16f,-0.12520413431419233f,-0.9921310018090522f,-0.11675632382294805f,0f,0f,0f,1f],start_interpolation:0}
execute if entity @s[tag=aj.blazing_inferno.bone.bottom] run data modify entity @s {} merge value {transformation:[-1f,-1.8971911665000807e-18f,1.224499836353453e-16f,0f,0f,0.9998799957718401f,0.015491741519440373f,1.0073032407407405f,-1.2246467991473532e-16f,0.015491741519440373f,-0.9998799957718401f,0f,0f,0f,0f,1f],start_interpolation:0}