execute if entity @s[tag=aj.blazing_inferno.bone.body] run data modify entity @s {} merge value {transformation:[-1f,2.5671475431406556e-17f,1.1974378136585326e-16f,-3.2089344289258196e-18f,0f,0.9777821772712225f,-0.2096235049099874f,0.9472100982114675f,-1.2246467991473532e-16f,-0.2096235049099874f,-0.9777821772712225f,0.026202938113748426f,0f,0f,0f,1f],start_interpolation:0}
execute if entity @s[tag=aj.blazing_inferno.bone.left_hand] run data modify entity @s {} merge value {transformation:[-0.12562136002620275f,-0.9380272523375843f,-0.3229924887318106f,1.152195706404897f,-0.9637281655334242f,0.19265825692272978f,-0.18469114487997484f,1.6195753205219456f,0.23547249704105053f,0.2880758058419642f,-0.9282052753705697f,-0.23780956888292973f,0f,0f,0f,1f],start_interpolation:0}
execute if entity @s[tag=aj.blazing_inferno.bone.left_arm] run data modify entity @s {} merge value {transformation:[-0.13375874035938964f,-0.9702391095147332f,-0.2018530895119677f,0.631189404432133f,-0.9695199002894173f,0.17030566801928174f,-0.17614523094113066f,1.5248401185357738f,0.20527971726468117f,0.17213962300575436f,-0.963445996343941f,-0.11133243762396516f,0f,0f,0f,1f],start_interpolation:0}
execute if entity @s[tag=aj.blazing_inferno.bone.right_hand] run data modify entity @s {} merge value {transformation:[-0.1263940773998205f,0.938112532786508f,0.32244288335631127f,-1.1523454878330743f,0.964494753365371f,0.19220478350224118f,-0.18112755706829645f,1.6197044966693632f,-0.2318930959061106f,0.28810101878983374f,-0.9290981622214842f,-0.23709362566587272f,0f,0f,0f,1f],start_interpolation:0}
execute if entity @s[tag=aj.blazing_inferno.bone.right_arm] run data modify entity @s {} merge value {transformation:[-0.13451344584293676f,0.9702552972024693f,0.20127292698723276f,-0.631189404432133f,0.9701720636245157f,0.17029217750265402f,-0.17253040672285452f,1.5248401185357738f,-0.20167374606033472f,0.17206171140597548f,-0.964221171525516f,-0.11133243762396533f,0f,0f,0f,1f],start_interpolation:0}
execute if entity @s[tag=aj.blazing_inferno.bone.head] run data modify entity @s {} merge value {transformation:[-1f,3.326960574806141e-17f,1.1785894603290466e-16f,1.9253606573554917e-17f,0f,0.962391328789351f,-0.27166694732901764f,1.8027695033237872f,-1.2246467991473532e-16f,-0.27166694732901764f,-0.962391328789351f,-0.15721762868249056f,0f,0f,0f,1f],start_interpolation:0}
execute if entity @s[tag=aj.blazing_inferno.bone.bottom] run data modify entity @s {} merge value {transformation:[-1f,-3.130149731641126e-18f,1.224246706725245e-16f,0f,0f,0.9996732997445577f,0.02555961223938574f,1.0694328703703704f,-1.2246467991473532e-16f,0.02555961223938574f,-0.9996732997445577f,0f,0f,0f,0f,1f],start_interpolation:0}