execute if entity @s[tag=aj.blazing_inferno.bone.body] run data modify entity @s {} merge value {transformation:[-1f,2.0821281072454264e-17f,1.2068169737421012e-16f,-2.602660134056783e-18f,0f,0.9854408426840573f,-0.17001866241720348f,0.9001069317015299f,-1.2246467991473532e-16f,-0.17001866241720348f,-0.9854408426840573f,0.021252332802150435f,0f,0f,0f,1f],start_interpolation:0}
execute if entity @s[tag=aj.blazing_inferno.bone.left_hand] run data modify entity @s {} merge value {transformation:[-0.1540169367422019f,-0.9746379972014273f,-0.162356267534516f,1.1486598958004435f,-0.9716019074966391f,0.17926505498259024f,-0.15444666850075264f,1.5609054962461042f,0.17963439688834945f,0.13395825645804613f,-0.9745699918329516f,-0.14151566432398185f,0f,0f,0f,1f],start_interpolation:0}
execute if entity @s[tag=aj.blazing_inferno.bone.left_arm] run data modify entity @s {} merge value {transformation:[-0.1558058863963743f,-0.984214753288289f,-0.08393953284306917f,0.6249567174515236f,-0.9735803617626633f,0.16737015564059227f,-0.15533354496349316f,1.4624493597456865f,0.16693053930998283f,0.05752000009141611f,-0.9842894110144443f,-0.08131696647962518f,0f,0f,0f,1f],start_interpolation:0}
execute if entity @s[tag=aj.blazing_inferno.bone.right_hand] run data modify entity @s {} merge value {transformation:[-0.15432791264760568f,0.9746329574015238f,0.16209100445303037f,-1.1487045399454003f,0.971824750045098f,0.1793235934075751f,-0.15296961805266035f,1.5608564859337664f,-0.17815597261280652f,0.1339165680345566f,-0.97484706607151f,-0.1412066066340927f,0f,0f,0f,1f],start_interpolation:0}
execute if entity @s[tag=aj.blazing_inferno.bone.right_arm] run data modify entity @s {} merge value {transformation:[-0.15611339540954713f,0.9841888510858869f,0.08367145972160377f,-0.6249567174515236f,0.9737840364467653f,0.16754371410834734f,-0.1538627772537104f,1.4624493597456865f,-0.16544865709683748f,0.05745789119887669f,-0.9845432101253002f,-0.08131696647962534f,0f,0f,0f,1f],start_interpolation:0}
execute if entity @s[tag=aj.blazing_inferno.bone.head] run data modify entity @s {} merge value {transformation:[-1f,1.885711241102199e-17f,1.2100416165626974e-16f,1.56159608043407e-17f,0f,0.9880739633706431f,-0.15398000814725554f,1.76236766905008f,-1.2246467991473532e-16f,-0.15398000814725554f,-0.9880739633706431f,-0.1275139968129026f,0f,0f,0f,1f],start_interpolation:0}
execute if entity @s[tag=aj.blazing_inferno.bone.bottom] run data modify entity @s {} merge value {transformation:[-1f,-2.2410216228551653e-18f,1.2244417360047996e-16f,0f,0f,0.9998325532368219f,0.018299330259267013f,1.023287037037037f,-1.2246467991473532e-16f,0.018299330259267013f,-0.9998325532368219f,0f,0f,0f,0f,1f],start_interpolation:0}