execute if entity @s[tag=aj.blazing_inferno.bone.body] run data modify entity @s {} merge value {transformation:[-1f,-3.5739650059294826e-17f,1.1713357861970122e-16f,4.467456257411853e-18f,0f,0.9564682543673341f,0.2918363897588934f,0.5492643545014594f,-1.2246467991473532e-16f,0.2918363897588934f,-0.9564682543673341f,-0.03647954871986168f,0f,0f,0f,1f],start_interpolation:0}
execute if entity @s[tag=aj.blazing_inferno.bone.left_hand] run data modify entity @s {} merge value {transformation:[-0.02282021654824251f,0.9958399409051986f,0.08821592721624391f,0.5724594123444771f,-0.9584324052710957f,0.003310182412641194f,-0.28530048583669976f,1.0398512561017843f,-0.28440562976662964f,-0.091059622173197f,0.9543697307473247f,0.9820734140789383f,0f,0f,0f,1f],start_interpolation:0}
execute if entity @s[tag=aj.blazing_inferno.bone.left_arm] run data modify entity @s {} merge value {transformation:[-0.6896045468170371f,-0.05677861428443392f,0.7219568948138166f,0.4149305555555555f,-0.7088668024895699f,0.25689154835643074f,-0.656897700339443f,1.0346546992781018f,-0.14816688340341727f,-0.9647709165097045f,-0.21740205454305875f,0.47464749165330244f,0f,0f,0f,1f],start_interpolation:0}
execute if entity @s[tag=aj.blazing_inferno.bone.right_hand] run data modify entity @s {} merge value {transformation:[-0.0004886055518232846f,-0.9881883944180047f,-0.15324313492675873f,-0.6004963172232067f,0.9759482840557965f,0.032936038818766056f,-0.2154998009174848f,1.0804774085250992f,0.2180016241067061f,-0.14966266897424613f,0.9644046751246822f,0.9704186476189591f,0f,0f,0f,1f],start_interpolation:0}
execute if entity @s[tag=aj.blazing_inferno.bone.right_arm] run data modify entity @s {} merge value {transformation:[-0.6679706495251537f,0.12133191564773149f,-0.7342300576918628f,-0.41493055555555564f,0.7417958049419277f,0.18759388269270932f,-0.6438536471488163f,1.0346546992781018f,0.059617070906764186f,-0.9747241155432272f,-0.21531071370224947f,0.47464749165330233f,0f,0f,0f,1f],start_interpolation:0}
execute if entity @s[tag=aj.blazing_inferno.bone.head] run data modify entity @s {} merge value {transformation:[-1f,-8.608739552653994e-17f,8.710085050144833e-17f,-2.6804737544471118e-17f,0f,0.7112324187030197f,0.7029569308185619f,1.3861740770728768f,-1.2246467991473532e-16f,0.7029569308185619f,-0.7112324187030197f,0.21887729231917008f,0f,0f,0f,1f],start_interpolation:0}
execute if entity @s[tag=aj.blazing_inferno.bone.bottom] run data modify entity @s {} merge value {transformation:[-1f,5.175581015019659e-17f,1.1099069304367545e-16f,0f,0f,0.9063077870366499f,-0.42261826174069944f,0.6688228862973762f,-1.2246467991473532e-16f,-0.42261826174069944f,-0.9063077870366499f,0f,0f,0f,0f,1f],start_interpolation:0}