execute if entity @s[tag=aj.blazing_inferno.bone.body] run data modify entity @s {} merge value {transformation:[-1f,-3.7612458301629276e-17f,1.165457026540523e-16f,4.7015572877036595e-18f,0f,0.9516678828148326f,0.30712902959299393f,0.7858337887006243f,-1.2246467991473532e-16f,0.30712902959299393f,-0.9516678828148326f,-0.03839112869912424f,0f,0f,0f,1f],start_interpolation:0}
execute if entity @s[tag=aj.blazing_inferno.bone.left_hand] run data modify entity @s {} merge value {transformation:[-0.06213140077308621f,0.994535008157426f,0.08390355527200402f,0.5698488264909367f,-0.9534554028551215f,-0.0342912724555226f,-0.299577875350899f,1.2552855530479032f,-0.29506352503207145f,-0.09861149112902205f,0.9503753416482132f,0.9983208284061852f,0f,0f,0f,1f],start_interpolation:0}
execute if entity @s[tag=aj.blazing_inferno.bone.left_arm] run data modify entity @s {} merge value {transformation:[-0.7177061919703069f,-0.05367076616568938f,0.6942746364852086f,0.40798611111111105f,-0.6797941959375815f,0.2700927666831681f,-0.6818575720449312f,1.2651724516399678f,-0.1509227390987125f,-0.961337269767806f,-0.23033232638585993f,0.4811609645739343f,0f,0f,0f,1f],start_interpolation:0}
execute if entity @s[tag=aj.blazing_inferno.bone.right_hand] run data modify entity @s {} merge value {transformation:[-0.03941741886325395f,-0.9876583720701888f,-0.15158234451882346f,-0.5999932964866963f,0.9725864030592283f,-0.0031294287185501535f,-0.232520741569883f,1.2957222747528876f,0.22917669094930143f,-0.15659229468770167f,0.9607064575456794f,0.9870775221452474f,0f,0f,0f,1f],start_interpolation:0}
execute if entity @s[tag=aj.blazing_inferno.bone.right_arm] run data modify entity @s {} merge value {transformation:[-0.6963139032819683f,0.12083693651170996f,-0.7074923200082774f,-0.40798611111111116f,0.7149516886713541f,0.2035378419919644f,-0.6688919417538485f,1.2651724516399678f,0.06317460694146912f,-0.9715815877484092f,-0.2281188010359334f,0.4811609645739342f,0f,0f,0f,1f],start_interpolation:0}
execute if entity @s[tag=aj.blazing_inferno.bone.head] run data modify entity @s {} merge value {transformation:[-1f,-8.978991502911049e-17f,8.32788627785208e-17f,-2.820934372622196e-17f,0f,0.6800235205489681f,0.7331902969217388f,1.6185431861636028f,-1.2246467991473532e-16f,0.7331902969217388f,-0.6800235205489681f,0.23034677219474545f,0f,0f,0f,1f],start_interpolation:0}
execute if entity @s[tag=aj.blazing_inferno.bone.bottom] run data modify entity @s {} merge value {transformation:[-1f,5.175581015019659e-17f,1.1099069304367545e-16f,0f,0f,0.9063077870366499f,-0.42261826174069944f,0.9047922740524783f,-1.2246467991473532e-16f,-0.42261826174069944f,-0.9063077870366499f,0f,0f,0f,0f,1f],start_interpolation:0}