execute if entity @s[tag=aj.blazing_inferno.bone.body] run data modify entity @s {} merge value {transformation:[-1f,1.3646021417661451e-17f,1.217020292603509e-16f,-1.7057526772076814e-18f,0f,0.9937724848101883f,-0.11142822099532977f,0.8352691801394673f,-1.2246467991473532e-16f,-0.11142822099532977f,-0.9937724848101883f,0.013928527624416221f,0f,0f,0f,1f],start_interpolation:0}
execute if entity @s[tag=aj.blazing_inferno.bone.left_hand] run data modify entity @s {} merge value {transformation:[-0.23416453331106457f,-0.972196981757921f,1.217020292603509e-16f,1.1301873876269175f,-0.9661426102865345f,0.23270627012295475f,-0.11142822099532977f,1.46126500449303f,0.10833018013431418f,-0.02609253736705368f,-0.9937724848101883f,-0.056262187176411974f,0f,0f,0f,1f],start_interpolation:0}
execute if entity @s[tag=aj.blazing_inferno.bone.left_arm] run data modify entity @s {} merge value {transformation:[-0.23416453331106457f,-0.972196981757921f,1.217020292603509e-16f,0.609375f,-0.9661426102865345f,0.23270627012295475f,-0.11142822099532977f,1.3942662028451982f,0.10833018013431418f,-0.02609253736705368f,-0.9937724848101883f,-0.0487498466854567f,0f,0f,0f,1f],start_interpolation:0}
execute if entity @s[tag=aj.blazing_inferno.bone.right_hand] run data modify entity @s {} merge value {transformation:[-0.23416453331106457f,0.972196981757921f,1.217020292603509e-16f,-1.1301873876269175f,0.9661426102865345f,0.23270627012295475f,-0.11142822099532977f,1.46126500449303f,-0.10833018013431424f,-0.026092537367053446f,-0.9937724848101883f,-0.05626218717641225f,0f,0f,0f,1f],start_interpolation:0}
execute if entity @s[tag=aj.blazing_inferno.bone.right_arm] run data modify entity @s {} merge value {transformation:[-0.23416453331106457f,0.972196981757921f,1.217020292603509e-16f,-0.609375f,0.9661426102865345f,0.23270627012295475f,-0.11142822099532977f,1.3942662028451982f,-0.10833018013431424f,-0.026092537367053446f,-0.9937724848101883f,-0.04874984668545685f,0f,0f,0f,1f],start_interpolation:0}
execute if entity @s[tag=aj.blazing_inferno.bone.head] run data modify entity @s {} merge value {transformation:[-1f,5.676880341022106e-18f,1.223330325636224e-16f,1.0234516063246088e-17f,0f,0.9989250177993803f,-0.04635524581434067f,1.7048201043483822f,-1.2246467991473532e-16f,-0.04635524581434067f,-0.9989250177993803f,-0.08357116574649733f,0f,0f,0f,1f],start_interpolation:0}
execute if entity @s[tag=aj.blazing_inferno.bone.bottom] run data modify entity @s {} merge value {transformation:[-1f,-8.893361176817752e-19f,1.224614507013875e-16f,0f,0f,0.9999736314719472f,0.007261980501651297f,0.9594907407407408f,-1.2246467991473532e-16f,0.007261980501651297f,-0.9999736314719472f,0f,0f,0f,0f,1f],start_interpolation:0}