execute if entity @s[tag=aj.blazing_inferno.bone.body] run data modify entity @s {} merge value {transformation:[-1f,-3.7078335252714427e-17f,1.1671672922724443e-16f,4.634791906589303e-18f,0f,0.9530644207661111f,0.3027675839150505f,0.663574673351758f,-1.2246467991473532e-16f,0.3027675839150505f,-0.9530644207661111f,-0.03784594798938131f,0f,0f,0f,1f],start_interpolation:0}
execute if entity @s[tag=aj.blazing_inferno.bone.left_hand] run data modify entity @s {} merge value {transformation:[-0.04134382049525953f,0.9967054933294122f,0.06977713145314178f,0.5616755801712607f,-0.9599403122893891f,-0.020253597321656436f,-0.2794716240287776f,1.1459215823304811f,-0.2771376649764627f,-0.07853630601515105f,0.9576151436192352f,0.9977068272796097f,0f,0f,0f,1f],start_interpolation:0}
execute if entity @s[tag=aj.blazing_inferno.bone.left_arm] run data modify entity @s {} merge value {transformation:[-0.7038463379987827f,-0.03887540063482558f,0.7092876960100079f,0.41015624999999994f,-0.694059089570319f,0.25026599590128407f,-0.6750177119752924f,1.1416294839295897f,-0.15126900763382925f,-0.9673963171942618f,-0.20313062991202552f,0.4828974447591067f,0f,0f,0f,1f],start_interpolation:0}
execute if entity @s[tag=aj.blazing_inferno.bone.right_hand] run data modify entity @s {} merge value {transformation:[-0.01739190079211478f,-0.9904617769824982f,-0.13668573489398694f,-0.5909319749503038f,0.9775378488706676f,0.011874138066933715f,-0.21042518592239723f,1.1868515272645215f,0.21004112885848175f,-0.137275173217299f,0.9680073610288381f,0.9861670881121283f,0f,0f,0f,1f],start_interpolation:0}
execute if entity @s[tag=aj.blazing_inferno.bone.right_arm] run data modify entity @s {} merge value {transformation:[-0.681968940174039f,0.10521528322610374f,-0.7237735203871091f,-0.41015625000000006f,0.7287385413726861f,0.1817999122977474f,-0.6602188502356938f,1.1416294839295897f,0.062116849211047404f,-0.9776904091092347f,-0.20065632554173296f,0.48289744475910656f,0f,0f,0f,1f],start_interpolation:0}
execute if entity @s[tag=aj.blazing_inferno.bone.head] run data modify entity @s {} merge value {transformation:[-1f,-8.865022898719696e-17f,8.449103341264163e-17f,-2.780875143953582e-17f,0f,0.6899216449303388f,0.7238840541527458f,1.4975060415221053f,-1.2246467991473532e-16f,0.7238840541527458f,-0.6899216449303388f,0.22707568793628785f,0f,0f,0f,1f],start_interpolation:0}
execute if entity @s[tag=aj.blazing_inferno.bone.bottom] run data modify entity @s {} merge value {transformation:[-1f,5.236039766285425e-17f,1.1070675942871033e-16f,0f,0f,0.9039892931234433f,-0.4275550934302821f,0.7827077259475219f,-1.2246467991473532e-16f,-0.4275550934302821f,-0.9039892931234433f,0f,0f,0f,0f,1f],start_interpolation:0}