execute if entity @s[tag=aj.blazing_inferno.bone.body] run data modify entity @s {} merge value {transformation:[-1f,2.414363902524369e-17f,1.200611615854074e-16f,-3.0179548781554613e-18f,0f,0.9803737834369768f,-0.19714777388920163f,0.9319440178111186f,-1.2246467991473532e-16f,-0.19714777388920163f,-0.9803737834369768f,0.024643471736150203f,0f,0f,0f,1f],start_interpolation:0}
execute if entity @s[tag=aj.blazing_inferno.bone.left_hand] run data modify entity @s {} merge value {transformation:[-0.13260021841089875f,-0.9538457209373579f,-0.2694355632185063f,1.1523246438336197f,-0.966982580934236f,0.18417916716257837f,-0.17613268451103228f,1.601827353491498f,0.21762782507562256f,0.23718426388103986f,-0.9467743948375789f,-0.20448824526860876f,0f,0f,0f,1f],start_interpolation:0}
execute if entity @s[tag=aj.blazing_inferno.bone.left_arm] run data modify entity @s {} merge value {transformation:[-0.138021313536858f,-0.9774106222790316f,-0.16005809090975798f,0.6296312326869806f,-0.971383583114835f,0.16512758621596751f,-0.1707243823402878f,1.503626708570583f,0.19329783098768827f,0.13191419835106535f,-0.972231758794605f,-0.101193374410561f,0f,0f,0f,1f],start_interpolation:0}
execute if entity @s[tag=aj.blazing_inferno.bone.right_hand] run data modify entity @s {} merge value {transformation:[-0.13321265620393077f,0.953889202779818f,0.268979138683981f,-1.15243343574461f,0.9675378540291594f,0.18397780279390885f,-0.17327050845361522f,1.6018600550871631f,-0.21476705810654967f,0.23716567394799892f,-0.9474320840319106f,-0.2039049374150086f,0f,0f,0f,1f],start_interpolation:0}
execute if entity @s[tag=aj.blazing_inferno.bone.right_arm] run data modify entity @s {} merge value {transformation:[-0.1386219595895268f,0.9774030888339696f,0.15958431707838563f,-0.6296312326869806f,0.9718660648150675f,0.1652412280002628f,-0.16784423919169783f,1.503626708570583f,-0.19042138635256883f,0.13182768490260421f,-0.9728109565135383f,-0.10119337441056117f,0f,0f,0f,1f],start_interpolation:0}
execute if entity @s[tag=aj.blazing_inferno.bone.head] run data modify entity @s {} merge value {transformation:[-1f,2.7393045276691967e-17f,1.1936171453647805e-16f,1.8107729268932766e-17f,0f,0.9746623648515013f,-0.22368118951328722f,1.7897710783184733f,-1.2246467991473532e-16f,-0.22368118951328722f,-0.9746623648515013f,-0.14786083041690123f,0f,0f,0f,1f],start_interpolation:0}
execute if entity @s[tag=aj.blazing_inferno.bone.bottom] run data modify entity @s {} merge value {transformation:[-1f,-2.8693538338176893e-18f,1.2243106074520032e-16f,0f,0f,0.9997254786477342f,0.023430052124542727f,1.0544907407407407f,-1.2246467991473532e-16f,0.023430052124542727f,-0.9997254786477342f,0f,0f,0f,0f,1f],start_interpolation:0}