execute if entity @s[tag=aj.blazing_inferno.bone.body] run data modify entity @s {} merge value {transformation:[-1f,-3.169619151431765e-17f,1.1829179713786698e-16f,3.962023939289706e-18f,0f,0.9659258262890683f,0.25881904510252074f,0.4105092717138665f,-1.2246467991473532e-16f,0.25881904510252074f,-0.9659258262890683f,-0.03235238063781509f,0f,0f,0f,1f],start_interpolation:0}
execute if entity @s[tag=aj.blazing_inferno.bone.left_hand] run data modify entity @s {} merge value {transformation:[-0.06057698937935707f,0.9749956880088051f,0.21380794354272883f,0.6431578610278513f,-0.9253910818355839f,0.025431995217891246f,-0.37815943632071997f,0.8937962405057533f,-0.37414138239026806f,-0.22076372433775127f,0.9007117208072875f,0.9009679493877614f,0f,0f,0f,1f],start_interpolation:0}
execute if entity @s[tag=aj.blazing_inferno.bone.left_arm] run data modify entity @s {} merge value {transformation:[-0.703359580687831f,-0.1840341213824962f,0.6865979481629778f,0.42187499999999994f,-0.6994514792529123f,0.3513472013933672f,-0.6223526108597612f,0.9333319615499964f,-0.12670015163981163f,-0.9179796219089078f,-0.3758463586818786f,0.43126134326659427f,0f,0f,0f,1f],start_interpolation:0}
execute if entity @s[tag=aj.blazing_inferno.bone.right_hand] run data modify entity @s {} merge value {transformation:[-0.048563869763844025f,-0.9604023366746093f,-0.2743517856029213f,-0.6690885309616038f,0.947841434004367f,0.04231821746470266f,-0.3159205350323955f,0.9293029773130859f,0.3150208985735794f,-0.2753843136065688f,0.9082539916132129f,0.8895436918820953f,0f,0f,0f,1f],start_interpolation:0}
execute if entity @s[tag=aj.blazing_inferno.bone.right_arm] run data modify entity @s {} merge value {transformation:[-0.6846434545932468f,0.24463564266274995f,-0.6865979481629756f,-0.42187500000000006f,0.7274117815039299f,0.28904900602720407f,-0.6223526108597635f,0.9333319615499964f,0.046210823536307316f,-0.9255290781243282f,-0.37584635868187893f,0.43126134326659415f,0f,0f,0f,1f],start_interpolation:0}
execute if entity @s[tag=aj.blazing_inferno.bone.head] run data modify entity @s {} merge value {transformation:[-1f,-7.871877887341986e-17f,9.381338752702731e-17f,-2.3772143635738236e-17f,0f,0.766044443118978f,0.6427876096865393f,1.2556943697168013f,-1.2246467991473532e-16f,0.6427876096865393f,-0.766044443118978f,0.19411428382689055f,0f,0f,0f,1f],start_interpolation:0}
execute if entity @s[tag=aj.blazing_inferno.bone.bottom] run data modify entity @s {} merge value {transformation:[-1f,4.6865204053262974e-17f,1.1314261122877003e-16f,0f,0f,0.9238795325112867f,-0.3826834323650897f,0.53125f,-1.2246467991473532e-16f,-0.3826834323650897f,-0.9238795325112867f,0f,0f,0f,0f,1f],start_interpolation:0}