execute if entity @s[tag=aj.blazing_inferno.bone.body] run data modify entity @s {} merge value {transformation:[-1f,1.545742093066996e-17f,1.2148524998859188e-16f,-1.932177616333745e-18f,0f,0.9920023477232345f,-0.12621942050093152f,0.8512659102382993f,-1.2246467991473532e-16f,-0.12621942050093152f,-0.9920023477232345f,0.01577742756261644f,0f,0f,0f,1f],start_interpolation:0}
execute if entity @s[tag=aj.blazing_inferno.bone.left_hand] run data modify entity @s {} merge value {transformation:[-0.20870198984308627f,-0.9775351317027133f,-0.029471099784293374f,1.1357698774789793f,-0.9700444208089831f,0.2107455935989199f,-0.12083094155059743f,1.4877921870717556f,0.12432739478048005f,0.003370617984635258f,-0.9922355253877481f,-0.07029441439443358f,0f,0f,0f,1f],start_interpolation:0}
execute if entity @s[tag=aj.blazing_inferno.bone.left_arm] run data modify entity @s {} merge value {transformation:[-0.20876228507564035f,-0.9779232232524003f,-0.009191178032963515f,0.614049515235457f,-0.9701546952127336f,0.20827111293860284f,-0.12418941529777901f,1.408664081529389f,0.12336197017997717f,-0.017009201596556348f,-0.9922159600481955f,-0.05555760458438009f,0f,0f,0f,1f],start_interpolation:0}
execute if entity @s[tag=aj.blazing_inferno.bone.right_hand] run data modify entity @s {} merge value {transformation:[-0.20872487696121614f,0.9775310237617206f,0.029445259735441345f,-1.1357718749444388f,0.9700538225686727f,0.21076472433314364f,-0.1207220456117282f,1.4877833878581015f,-0.12421556688849991f,0.003365792646078003f,-0.9922495474337251f,-0.07027092424272817f,0f,0f,0f,1f],start_interpolation:0}
execute if entity @s[tag=aj.blazing_inferno.bone.right_arm] run data modify entity @s {} merge value {transformation:[-0.2087851469064884f,0.9779185844294803f,0.009165405538083198f,-0.614049515235457f,0.970163990388209f,0.2082924759855455f,-0.1240809260194257f,1.408664081529389f,-0.12325012854055484f,-0.017014307956905936f,-0.9922297713430515f,-0.05555760458438024f,0f,0f,0f,1f],start_interpolation:0}
execute if entity @s[tag=aj.blazing_inferno.bone.head] run data modify entity @s {} merge value {transformation:[-1f,8.735847023508375e-18f,1.2215270280841287e-16f,1.159306569800247e-17f,0f,0.9974525136019653f,-0.07133360434690732f,1.7192679644961295f,-1.2246467991473532e-16f,-0.07133360434690732f,-0.9974525136019653f,-0.09466456537569864f,0f,0f,0f,1f],start_interpolation:0}
execute if entity @s[tag=aj.blazing_inferno.bone.bottom] run data modify entity @s {} merge value {transformation:[-1f,-1.2094880879950424e-18f,1.2245870718402826e-16f,0f,0f,0.9999512289526155f,0.00987621972994283f,0.9752662037037036f,-1.2246467991473532e-16f,0.00987621972994283f,-0.9999512289526155f,0f,0f,0f,0f,1f],start_interpolation:0}