execute if entity @s[tag=aj.blazing_inferno.bone.body] run data modify entity @s {} merge value {transformation:[-1f,3.046254305398745e-17f,1.1861547663480738e-16f,-3.807817881748431e-18f,0f,0.9685688699581961f,-0.24874554096084403f,1.0004913912552256f,-1.2246467991473532e-16f,-0.24874554096084403f,-0.9685688699581961f,0.031093192620105504f,0f,0f,0f,1f],start_interpolation:0}
execute if entity @s[tag=aj.blazing_inferno.bone.left_hand] run data modify entity @s {} merge value {transformation:[-0.12063847330675306f,-0.85778383417343f,-0.4996531322717248f,1.1392205162354823f,-0.9497619131630471f,0.2461594903950623f,-0.19328169492559827f,1.6735501916235975f,0.2887882737631234f,0.4512343062303365f,-0.8443867205361191f,-0.3607837833728142f,0f,0f,0f,1f],start_interpolation:0}
execute if entity @s[tag=aj.blazing_inferno.bone.left_arm] run data modify entity @s {} merge value {transformation:[-0.14233563184145961f,-0.9213103188332651f,-0.361839556046102f,0.6322281855955678f,-0.9597289667465112f,0.2179065652169806f,-0.17730493287839438f,1.6072016939189249f,0.24220007905854748f,0.3220310936022879f,-0.9152240689893092f,-0.14748760554697216f,0f,0f,0f,1f],start_interpolation:0}
execute if entity @s[tag=aj.blazing_inferno.bone.right_hand] run data modify entity @s {} merge value {transformation:[-0.12192635562250163f,0.8581185461643277f,0.4987649993067236f,-1.1395556695207385f,0.9513447686944702f,0.24430850573923807f,-0.1877671033517993f,1.6743226674806386f,-0.28297896544139084f,0.45160371428087415f,-0.8461542355655018f,-0.35974265239570064f,0f,0f,0f,1f],start_interpolation:0}
execute if entity @s[tag=aj.blazing_inferno.bone.right_arm] run data modify entity @s {} merge value {transformation:[-0.1435738442680997f,0.9215078692338404f,0.36084594799191905f,-0.6322281855955678f,0.9610133066861125f,0.21688674154657434f,-0.17150383585661547f,1.6072016939189249f,-0.23630483620591197f,0.3221542926633398f,-0.9167205878043104f,-0.14748760554697232f,0f,0f,0f,1f],start_interpolation:0}
execute if entity @s[tag=aj.blazing_inferno.bone.head] run data modify entity @s {} merge value {transformation:[-1f,5.948333237977121e-17f,1.0704826479498038e-16f,2.2846907290490586e-17f,0f,0.8741154173555311f,-0.48571826930986f,1.8479891524686471f,-1.2246467991473532e-16f,-0.48571826930986f,-0.8741154173555311f,-0.18655915572063303f,0f,0f,0f,1f],start_interpolation:0}
execute if entity @s[tag=aj.blazing_inferno.bone.bottom] run data modify entity @s {} merge value {transformation:[-1f,-3.541071557423487e-18f,1.2241347409024785e-16f,0f,0f,0.9995818727120087f,0.02891504358553763f,1.1215625f,-1.2246467991473532e-16f,0.02891504358553763f,-0.9995818727120087f,0f,0f,0f,0f,1f],start_interpolation:0}