execute if entity @s[tag=aj.blazing_inferno.bone.body] run data modify entity @s {} merge value {transformation:[-1f,6.813328853568143e-18f,1.2227500307320263e-16f,-8.516661066960179e-19f,0f,0.9984511710505858f,-0.05563505214982677f,0.7764436036186769f,-1.2246467991473532e-16f,-0.05563505214982677f,-0.9984511710505858f,0.006954381518728347f,0f,0f,0f,1f],start_interpolation:0}
execute if entity @s[tag=aj.blazing_inferno.bone.left_hand] run data modify entity @s {} merge value {transformation:[-0.5969314711363842f,-0.7814767753288313f,0.1815678065864194f,1.0348240221901777f,-0.8010496143584176f,0.5679526994548961f,-0.1890747114717537f,1.2626024242447602f,0.04463556993231388f,-0.25830946711947633f,-0.965030509928712f,-0.052313035449700514f,0f,0f,0f,1f],start_interpolation:0}
execute if entity @s[tag=aj.blazing_inferno.bone.left_arm] run data modify entity @s {} merge value {transformation:[-0.5969314711363842f,-0.800491047418754f,-0.0537298964206913f,0.538875f,-0.8010496143584176f,0.5983947715547703f,-0.015595278520913011f,1.3994771343542425f,0.04463556993231388f,0.03373100025704223f,-0.9984337161366682f,-0.027761891022763493f,0f,0f,0f,1f],start_interpolation:0}
execute if entity @s[tag=aj.blazing_inferno.bone.right_hand] run data modify entity @s {} merge value {transformation:[-0.5969314711363842f,0.7814767753288314f,-0.18156780658641916f,-1.0348240221901777f,0.8010496143584176f,0.5679526994548961f,-0.1890747114717537f,1.2626024242447602f,-0.04463556993231403f,-0.2583094671194761f,-0.965030509928712f,-0.05231303544970077f,0f,0f,0f,1f],start_interpolation:0}
execute if entity @s[tag=aj.blazing_inferno.bone.right_arm] run data modify entity @s {} merge value {transformation:[-0.5969314711363842f,0.800491047418754f,0.05372989642069155f,-0.538875f,0.8010496143584176f,0.5983947715547703f,-0.015595278520913011f,1.3994771343542425f,-0.04463556993231403f,0.033731000257042426f,-0.9984337161366682f,-0.027761891022763625f,0f,0f,0f,1f],start_interpolation:0}
execute if entity @s[tag=aj.blazing_inferno.bone.head] run data modify entity @s {} merge value {transformation:[-1f,-4.826520982966191e-18f,1.2236953265343284e-16f,5.109996640176108e-18f,0f,0.999223063650934f,0.03941153470802032f,1.6500883782879394f,-1.2246467991473532e-16f,0.03941153470802032f,-0.999223063650934f,-0.04172628911237008f,0f,0f,0f,1f],start_interpolation:0}
execute if entity @s[tag=aj.blazing_inferno.bone.bottom] run data modify entity @s {} merge value {transformation:[-1f,-4.347903588887901e-20f,1.224646721964829e-16f,0f,0f,0.9999999369756862f,0.00035503327097372733f,0.9012500000000001f,-1.2246467991473532e-16f,0.00035503327097372733f,-0.9999999369756862f,0f,0f,0f,0f,1f],start_interpolation:0}