execute if entity @s[tag=aj.blazing_inferno.bone.body] run data modify entity @s {} merge value {transformation:[-1f,2.7085546122207018e-17f,1.1943186768145416e-16f,-3.3856932652758772e-18f,0f,0.9752352087524931f,-0.22117026836688775f,0.9618455989059383f,-1.2246467991473532e-16f,-0.22117026836688775f,-0.9752352087524931f,0.027646283545860968f,0f,0f,0f,1f],start_interpolation:0}
execute if entity @s[tag=aj.blazing_inferno.bone.left_hand] run data modify entity @s {} merge value {transformation:[-0.120937804053397f,-0.9194013895532409f,-0.3742661251546975f,1.1506924972349708f,-0.9601616921672078f,0.20402991778271895f,-0.19094846829493373f,1.635519727878169f,0.2519197738275948f,0.3362631076064493f,-0.9074489241921592f,-0.2710574555279813f,0f,0f,0f,1f],start_interpolation:0}
execute if entity @s[tag=aj.blazing_inferno.bone.left_arm] run data modify entity @s {} merge value {transformation:[-0.13228699175776373f,-0.9606427711457068f,-0.2442654663622722f,0.6322281855955678f,-0.9673259113070719f,0.1788906826507925f,-0.17966275344287833f,1.5460754678754531f,0.2162885413645956f,0.21251726966585668f,-0.9529195543004378f,-0.12129378632579885f,0f,0f,0f,1f],start_interpolation:0}
execute if entity @s[tag=aj.blazing_inferno.bone.right_hand] run data modify entity @s {} merge value {transformation:[-0.12186648072699989f,0.9195391263587992f,0.37362595730290493f,-1.1508874455528801f,0.9611540512969047f,0.20325568935955368f,-0.1867351451080373f,1.6357816072185514f,-0.24765187370735336f,0.3363553475690093f,-0.9085888121757653f,-0.2702234856095353f,0f,0f,0f,1f],start_interpolation:0}
execute if entity @s[tag=aj.blazing_inferno.bone.right_arm] run data modify entity @s {} merge value {transformation:[-0.1331902870436725f,0.960692549639371f,0.24357785717225822f,-0.6322281855955678f,0.9681553296996822f,0.17868370392092714f,-0.17534934139368202f,1.5460754678754531f,-0.21198019957374253f,0.21246637150500639f,-0.9538985459513883f,-0.12129378632579901f,0f,0f,0f,1f],start_interpolation:0}
execute if entity @s[tag=aj.blazing_inferno.bone.head] run data modify entity @s {} merge value {transformation:[-1f,3.9776731269318494e-17f,1.1582490870338298e-16f,2.0314159591655262e-17f,0f,0.9457821535484743f,-0.32480165952348544f,1.8151764065643698f,-1.2246467991473532e-16f,-0.32480165952348544f,-0.9457821535484743f,-0.16587770127516582f,0f,0f,0f,1f],start_interpolation:0}
execute if entity @s[tag=aj.blazing_inferno.bone.bottom] run data modify entity @s {} merge value {transformation:[-1f,-3.33956651396759e-18f,1.2241913707471296e-16f,0f,0f,0.9996281144893854f,0.027269630037760492f,1.08375f,-1.2246467991473532e-16f,0.027269630037760492f,-0.9996281144893854f,0f,0f,0f,0f,1f],start_interpolation:0}