execute if entity @s[tag=aj.blazing_inferno.bone.body] run data modify entity @s {} merge value {transformation:[-1f,2.0821281072454264e-17f,1.2068169737421012e-16f,-2.602660134056783e-18f,0f,0.9854408426840573f,-0.17001866241720348f,0.9001069317015299f,-1.2246467991473532e-16f,-0.17001866241720348f,-0.9854408426840573f,0.021252332802150435f,0f,0f,0f,1f],start_interpolation:0}
execute if entity @s[tag=aj.blazing_inferno.bone.left_hand] run data modify entity @s {} merge value {transformation:[-0.15401693709416242f,-0.9746379969297573f,-0.1623562688314908f,1.1486598958738554f,-0.9716019072487128f,0.1792650556755903f,-0.15444666925606224f,1.5609054954536563f,0.17963439792755953f,0.13395825750724735f,-0.974569991497186f,-0.14151566498139245f,0f,0f,0f,1f],start_interpolation:0}
execute if entity @s[tag=aj.blazing_inferno.bone.left_arm] run data modify entity @s {} merge value {transformation:[-0.1558058875775368f,-0.9842147529936035f,-0.08393953410590321f,0.6249567174515236f,-0.9735803613742848f,0.1673701570729123f,-0.15533354585441533f,1.4624493597456865f,0.16693054047265607f,0.05752000096600117f,-0.9842894107661517f,-0.08131696647962518f,0f,0f,0f,1f],start_interpolation:0}
execute if entity @s[tag=aj.blazing_inferno.bone.right_hand] run data modify entity @s {} merge value {transformation:[-0.15432791056655745f,0.9746329578447023f,0.16209100376963526f,-1.1487045398390867f,0.971824750252176f,0.17932359135742143f,-0.1529696191404453f,1.5608564866140169f,-0.17815597328593016f,0.13391656755444326f,-0.9748470660144488f,-0.14120660644608263f,0f,0f,0f,1f],start_interpolation:0}
execute if entity @s[tag=aj.blazing_inferno.bone.right_arm] run data modify entity @s {} merge value {transformation:[-0.1561133941319813f,0.9841888513510632f,0.08367145898613225f,-0.6249567174515236f,0.9737840365167715f,0.16754371278052618f,-0.15386277825653605f,1.4624493597456865f,-0.1654486578902837f,0.05745789052855909f,-0.9845432100310844f,-0.08131696647962534f,0f,0f,0f,1f],start_interpolation:0}
execute if entity @s[tag=aj.blazing_inferno.bone.head] run data modify entity @s {} merge value {transformation:[-1f,1.885711241102199e-17f,1.2100416165626974e-16f,1.56159608043407e-17f,0f,0.9880739633706431f,-0.15398000814725554f,1.76236766905008f,-1.2246467991473532e-16f,-0.15398000814725554f,-0.9880739633706431f,-0.1275139968129026f,0f,0f,0f,1f],start_interpolation:0}
execute if entity @s[tag=aj.blazing_inferno.bone.bottom] run data modify entity @s {} merge value {transformation:[-1f,-2.2410216228551653e-18f,1.2244417360047996e-16f,0f,0f,0.9998325532368219f,0.018299330259267013f,1.023287037037037f,-1.2246467991473532e-16f,0.018299330259267013f,-0.9998325532368219f,0f,0f,0f,0f,1f],start_interpolation:0}