execute if entity @s[tag=aj.blazing_inferno.bone.body] run data modify entity @s {} merge value {transformation:[-1f,3.227323984528733e-17f,1.181356669956501e-16f,-4.034154980660916e-18f,0f,0.9646509269276722f,-0.2635310023082346f,1.0342218748747816f,-1.2246467991473532e-16f,-0.2635310023082346f,-0.9646509269276722f,0.03294137528852933f,0f,0f,0f,1f],start_interpolation:0}
execute if entity @s[tag=aj.blazing_inferno.bone.left_hand] run data modify entity @s {} merge value {transformation:[-0.1563022364065898f,-0.8160241918371913f,-0.5564837187472399f,1.120289841203535f,-0.9420560789493831f,0.2924746108315578f,-0.16428312796341082f,1.706175282241772f,0.2968163658035253f,0.49856104977764504f,-0.8144549862551032f,-0.42374834549059276f,0f,0f,0f,1f],start_interpolation:0}
execute if entity @s[tag=aj.blazing_inferno.bone.left_arm] run data modify entity @s {} merge value {transformation:[-0.18080558337181687f,-0.8730589997912123f,-0.4528546388248054f,0.6249567174515236f,-0.9497596925572964f,0.2745915018441892f,-0.15018666221879448f,1.6732233633279185f,0.25547185249073256f,0.40294849546625755f,-0.8788439239059644f,-0.16287968003847025f,0f,0f,0f,1f],start_interpolation:0}
execute if entity @s[tag=aj.blazing_inferno.bone.right_hand] run data modify entity @s {} merge value {transformation:[-0.15749677670795115f,0.8164814222470119f,0.5554753391934718f,-1.1206826067888196f,0.9435410507278948f,0.2904127977427156f,-0.15934457160050564f,1.7071942612814182f,-0.2914190297799817f,0.4990175287830532f,-0.8161228186059674f,-0.4228700910035321f,0f,0f,0f,1f],start_interpolation:0}
execute if entity @s[tag=aj.blazing_inferno.bone.right_arm] run data modify entity @s {} merge value {transformation:[-0.18194841459474462f,0.8733967043170217f,0.4517443650059445f,-0.6249567174515236f,0.9509970986847398f,0.27310251299542965f,-0.14498115632311787f,1.6732233633279185f,-0.2499985854353301f,0.40322848892872926f,-0.8802883010676602f,-0.16287968003847042f,0f,0f,0f,1f],start_interpolation:0}
execute if entity @s[tag=aj.blazing_inferno.bone.head] run data modify entity @s {} merge value {transformation:[-1f,7.52302824427919e-17f,9.66333401585412e-17f,2.4204929883965498e-17f,0f,0.7890711038139413f,-0.6143018745908628f,1.8782914359364948f,-1.2246467991473532e-16f,-0.6143018745908628f,-0.7890711038139413f,-0.19764825173117595f,0f,0f,0f,1f],start_interpolation:0}
execute if entity @s[tag=aj.blazing_inferno.bone.bottom] run data modify entity @s {} merge value {transformation:[-1f,-2.371435596182567e-18f,1.2244171723653558e-16f,0f,0f,0.9998124955030648f,0.019364241165972528f,1.1548032407407407f,-1.2246467991473532e-16f,0.019364241165972528f,-0.9998124955030648f,0f,0f,0f,0f,1f],start_interpolation:0}