execute if entity @s[tag=aj.blazing_inferno.bone.body] run data modify entity @s {} merge value {transformation:[-1f,1.5396016681068935e-17f,1.2149304711371273e-16f,-1.924502085133617e-18f,0f,0.9920660160815423f,-0.12571801675216268f,1.0379824887305478f,-1.2246467991473532e-16f,-0.12571801675216268f,-0.9920660160815423f,0.015714752094020335f,0f,0f,0f,1f],start_interpolation:0}
execute if entity @s[tag=aj.blazing_inferno.bone.left_hand] run data modify entity @s {} merge value {transformation:[-0.2117370109643568f,-0.8552715189906769f,-0.4729461565456053f,1.1183609392964955f,-0.9677370772764162f,0.25109951915963546f,-0.020832204451266698f,1.7646972127572607f,0.13657374364195837f,0.4532765825422489f,-0.8808450217072471f,-0.3237701920710293f,0f,0f,0f,1f],start_interpolation:0}
execute if entity @s[tag=aj.blazing_inferno.bone.left_arm] run data modify entity @s {} merge value {transformation:[-0.2202477136194411f,-0.8718562055265676f,-0.4374445125158438f,0.614049515235457f,-0.9678780833818161f,0.2510783903686351f,-0.013101816631194113f,1.7165597841020317f,0.12125576421164809f,0.4205073112024461f,-0.8991499546075384f,-0.07771673715598519f,0f,0f,0f,1f],start_interpolation:0}
execute if entity @s[tag=aj.blazing_inferno.bone.right_hand] run data modify entity @s {} merge value {transformation:[-0.2121545968874608f,0.8554248866937603f,0.47248141788274206f,-1.1185098310685473f,0.9679271251754523f,0.25051635115004595f,-0.018937744217585165f,1.764999116110852f,-0.1345641384957477f,0.45330985101962457f,-0.8811371468729843f,-0.3234054589479253f,0f,0f,0f,1f],start_interpolation:0}
execute if entity @s[tag=aj.blazing_inferno.bone.right_arm] run data modify entity @s {} merge value {transformation:[-0.2206571388794358f,0.8719920158720884f,0.43696721995691234f,-0.614049515235457f,0.968035084736631f,0.2505653382316986f,-0.011184185074375005f,1.7165597841020317f,-0.11924135935355942f,0.4205317295189101f,-0.8994078956109678f,-0.07771673715598533f,0f,0f,0f,1f],start_interpolation:0}
execute if entity @s[tag=aj.blazing_inferno.bone.head] run data modify entity @s {} merge value {transformation:[-1f,3.6448150396475395e-17f,1.1691505531493572e-16f,1.1547012510801701e-17f,0f,0.954683876170146f,-0.29762173405305126f,1.9060402528018974f,-1.2246467991473532e-16f,-0.29762173405305126f,-0.954683876170146f,-0.09428851256412202f,0f,0f,0f,1f],start_interpolation:0}
execute if entity @s[tag=aj.blazing_inferno.bone.bottom] run data modify entity @s {} merge value {transformation:[-1f,0f,1.2246467991473532e-16f,0f,0f,1f,0f,1.1619907407407406f,-1.2246467991473532e-16f,0f,-1f,0f,0f,0f,0f,1f],start_interpolation:0}