execute if entity @s[tag=aj.blazing_inferno.bone.body] run data modify entity @s {} merge value {transformation:[-1f,-3.169619151431765e-17f,1.1829179713786698e-16f,3.962023939289706e-18f,0f,0.9659258262890683f,0.25881904510252074f,1.0355092717138665f,-1.2246467991473532e-16f,0.25881904510252074f,-0.9659258262890683f,-0.03235238063781509f,0f,0f,0f,1f],start_interpolation:0}
execute if entity @s[tag=aj.blazing_inferno.bone.left_hand] run data modify entity @s {} merge value {transformation:[-0.3394516349763629f,-0.2191759781023872f,0.9147319159921862f,1.0257366976026527f,-0.7786174175765035f,0.6111006201606637f,-0.14251648706640552f,1.5197822283468545f,-0.5277570506950814f,-0.760603656750422f,-0.37809333871349154f,0.48419866173840986f,0f,0f,0f,1f],start_interpolation:0}
execute if entity @s[tag=aj.blazing_inferno.bone.left_arm] run data modify entity @s {} merge value {transformation:[-0.48717286471564014f,-0.796788694512981f,0.3574777981652233f,0.515625f,-0.8506652350352775f,0.5255672388753924f,0.012154642046240172f,1.636503914936682f,-0.1975633007092474f,-0.29817252341085315f,-0.9338425394549509f,0.2904455518582446f,0f,0f,0f,1f],start_interpolation:0}
execute if entity @s[tag=aj.blazing_inferno.bone.right_hand] run data modify entity @s {} merge value {transformation:[-0.33769319310550755f,0.24175397763643816f,-0.9096803403543284f,-1.0308031767502752f,0.8022507041119357f,0.579401314364875f,-0.14383297488461538f,1.5340802494700068f,0.4922977910595471f,-0.7783631101286954f,-0.3896071787180962f,0.4788042593615136f,0f,0f,0f,1f],start_interpolation:0}
execute if entity @s[tag=aj.blazing_inferno.bone.right_arm] run data modify entity @s {} merge value {transformation:[-0.47833919171910366f,0.8095801706088436f,-0.3402522079611979f,-0.515625f,0.8640317351533741f,0.5031309446723915f,-0.01756169584397735f,1.636503914936682f,0.1569738141008366f,-0.3023891530297054f,-0.9401702089603846f,0.2904455518582445f,0f,0f,0f,1f],start_interpolation:0}
execute if entity @s[tag=aj.blazing_inferno.bone.head] run data modify entity @s {} merge value {transformation:[-1f,-7.871877887341986e-17f,9.381338752702731e-17f,-2.3772143635738236e-17f,0f,0.766044443118978f,0.6427876096865393f,1.8806943697168013f,-1.2246467991473532e-16f,0.6427876096865393f,-0.766044443118978f,0.19411428382689055f,0f,0f,0f,1f],start_interpolation:0}
execute if entity @s[tag=aj.blazing_inferno.bone.bottom] run data modify entity @s {} merge value {transformation:[-1f,3.341326285981807e-17f,1.1781829947711552e-16f,0f,0f,0.9620594244736131f,-0.27283999666746106f,1.15625f,-1.2246467991473532e-16f,-0.27283999666746106f,-0.9620594244736131f,0f,0f,0f,0f,1f],start_interpolation:0}