execute if entity @s[tag=aj.blazing_inferno.bone.body] run data modify entity @s {} merge value {transformation:[-1f,1.0107072471243359e-17f,1.2204689636643616e-16f,-1.2633840589054198e-18f,0f,0.9965885384374497f,-0.08253050984398355f,0.8045468030656892f,-1.2246467991473532e-16f,-0.08253050984398355f,-0.9965885384374497f,0.010316313730497944f,0f,0f,0f,1f],start_interpolation:0}
execute if entity @s[tag=aj.blazing_inferno.bone.left_hand] run data modify entity @s {} merge value {transformation:[-0.3888656984004285f,-0.9159750086156961f,0.09885976026180945f,1.1005054234439875f,-0.9181514921039979f,0.3764455340038156f,-0.12363898040579407f,1.3693260508354228f,0.07603490089918705f,-0.13884719485843988f,-0.9873905763805898f,-0.04222941612628664f,0f,0f,0f,1f],start_interpolation:0}
execute if entity @s[tag=aj.blazing_inferno.bone.left_arm] run data modify entity @s {} merge value {transformation:[-0.3888656984004285f,-0.921229568970051f,-0.010933885988110624f,0.580875f,-0.9181514921039979f,0.3884912737237381f,-0.07792539886140976f,1.3855579209747222f,0.07603490089918705f,-0.020263550916895294f,-0.9968992337992286f,-0.0377989735085444f,0f,0f,0f,1f],start_interpolation:0}
execute if entity @s[tag=aj.blazing_inferno.bone.right_hand] run data modify entity @s {} merge value {transformation:[-0.3888656984004285f,0.9159750086156961f,-0.09885976026180922f,-1.1005054234439875f,0.9181514921039979f,0.3764455340038156f,-0.12363898040579407f,1.3693260508354228f,-0.07603490089918713f,-0.13884719485843966f,-0.9873905763805898f,-0.0422294161262869f,0f,0f,0f,1f],start_interpolation:0}
execute if entity @s[tag=aj.blazing_inferno.bone.right_arm] run data modify entity @s {} merge value {transformation:[-0.3888656984004285f,0.921229568970051f,0.010933885988110867f,-0.580875f,0.9181514921039979f,0.3884912737237381f,-0.07792539886140976f,1.3855579209747222f,-0.07603490089918713f,-0.020263550916895072f,-0.9968992337992286f,-0.03779897350854454f,0f,0f,0f,1f],start_interpolation:0}
execute if entity @s[tag=aj.blazing_inferno.bone.head] run data modify entity @s {} merge value {transformation:[-1f,6.862912865772962e-20f,1.224646606848738e-16f,7.580304353432519e-18f,0f,0.9999998429762643f,-0.0005603993633553073f,1.6765617741984575f,-1.2246467991473532e-16f,-0.0005603993633553073f,-0.9999998429762643f,-0.061897882382987664f,0f,0f,0f,1f],start_interpolation:0}
execute if entity @s[tag=aj.blazing_inferno.bone.bottom] run data modify entity @s {} merge value {transformation:[-1f,-3.5573707355355817e-19f,1.224641632386923e-16f,0f,0f,0.9999957810199367f,0.0029048136475042126f,0.9291203703703703f,-1.2246467991473532e-16f,0.0029048136475042126f,-0.9999957810199367f,0f,0f,0f,0f,1f],start_interpolation:0}