execute if entity @s[tag=aj.blazing_inferno.bone.body] run data modify entity @s {} merge value {transformation:[-1f,3.212394087483398e-17f,1.1817635232688792e-16f,-4.015492609354247e-18f,0f,0.9649831478689765f,-0.262311883697405f,1.0384974768867483f,-1.2246467991473532e-16f,-0.262311883697405f,-0.9649831478689765f,0.032788985462175624f,0f,0f,0f,1f],start_interpolation:0}
execute if entity @s[tag=aj.blazing_inferno.bone.left_hand] run data modify entity @s {} merge value {transformation:[-0.17226698552824385f,-0.8216294925373407f,-0.5433682569766507f,1.1178812185406022f,-0.9415585254987882f,0.299441690973636f,-0.154279670622533f,1.7114641672444748f,0.28946783717290536f,0.48503572105534776f,-0.8251961709452844f,-0.42378050158571146f,0f,0f,0f,1f],start_interpolation:0}
execute if entity @s[tag=aj.blazing_inferno.bone.left_arm] run data modify entity @s {} merge value {transformation:[-0.19333568969485396f,-0.8680504325332407f,-0.4572852038597671f,0.6218403739612188f,-0.9476329556741104f,0.28596336721031745f,-0.14218556162313556f,1.6852525419627016f,0.25419105493814f,0.40584898569861017f,-0.8778801218827345f,-0.16114891026600725f,0f,0f,0f,1f],start_interpolation:0}
execute if entity @s[tag=aj.blazing_inferno.bone.right_hand] run data modify entity @s {} merge value {transformation:[-0.17328039538105988f,0.8220299109400062f,0.5424396096309241f,-1.118228131990873f,0.9427806640946631f,0.2977443218198519f,-0.15004312124607047f,1.712345489413114f,-0.28484824729285263f,0.4854020440253649f,-0.8265871591491051f,-0.4230345483349997f,0f,0f,0f,1f],start_interpolation:0}
execute if entity @s[tag=aj.blazing_inferno.bone.right_arm] run data modify entity @s {} merge value {transformation:[-0.19430904249691525f,0.868360826132248f,0.45628222805940216f,-0.6218403739612188f,0.9486754946811707f,0.28466854025359867f,-0.13776294124807936f,1.6852525419627016f,-0.24951713727792021f,0.40609518321300697f,-0.8791063077784314f,-0.16114891026600742f,0f,0f,0f,1f],start_interpolation:0}
execute if entity @s[tag=aj.blazing_inferno.bone.head] run data modify entity @s {} merge value {transformation:[-1f,7.578988167442753e-17f,9.619507088408872e-17f,2.4092955656125485e-17f,0f,0.7854923636028238f,-0.6188713490877158f,1.8828577312721027f,-1.2246467991473532e-16f,-0.6188713490877158f,-0.7854923636028238f,-0.19673391277305374f,0f,0f,0f,1f],start_interpolation:0}
execute if entity @s[tag=aj.blazing_inferno.bone.bottom] run data modify entity @s {} merge value {transformation:[-1f,-1.7430552545324595e-18f,1.2245227472365804e-16f,0f,0f,0.9998987039276475f,0.014233126283807237f,1.1591203703703703f,-1.2246467991473532e-16f,0.014233126283807237f,-0.9998987039276475f,0f,0f,0f,0f,1f],start_interpolation:0}