execute if entity @s[tag=aj.blazing_inferno.bone.body] run data modify entity @s {} merge value {transformation:[-1f,-9.49008449340604e-18f,1.220964214173642e-16f,1.186260561675755e-18f,0f,0.996992941167792f,0.07749242067193093f,0.6033851416132853f,-1.2246467991473532e-16f,0.07749242067193093f,-0.996992941167792f,-0.009686552583991367f,0f,0f,0f,1f],start_interpolation:0}
execute if entity @s[tag=aj.blazing_inferno.bone.left_hand] run data modify entity @s {} merge value {transformation:[-0.8731739409806718f,0.052991445147291066f,0.48451953060066f,0.7827679171802854f,-0.4139542559842338f,0.4441622484069151f,-0.7945827653823441f,0.9540501004280595f,-0.2573113731353936f,-0.8943778864838482f,-0.3658948666268259f,0.2113889282438884f,0f,0f,0f,1f],start_interpolation:0}
execute if entity @s[tag=aj.blazing_inferno.bone.left_arm] run data modify entity @s {} merge value {transformation:[-0.9137645581368538f,-0.3995559641343f,0.07341228655797598f,0.421875f,-0.40599879130408945f,0.9044579544666075f,-0.13084643694689788f,1.3070289588651434f,-0.01411785226508773f,-0.14936813624997153f,-0.9886808616134081f,0.13787683448468094f,0f,0f,0f,1f],start_interpolation:0}
execute if entity @s[tag=aj.blazing_inferno.bone.right_hand] run data modify entity @s {} merge value {transformation:[-0.8758277627501369f,-0.029388645202072815f,-0.4817281780519762f,-0.7868716038792404f,0.42254040476797944f,0.435616435856998f,-0.794794267184759f,0.957311247022983f,0.23320663870182157f,-0.8996525042172853f,-0.3691070783945567f,0.20655580713141056f,0f,0f,0f,1f],start_interpolation:0}
execute if entity @s[tag=aj.blazing_inferno.bone.right_arm] run data modify entity @s {} merge value {transformation:[-0.9109155664692702f,0.409331599871382f,-0.05177327602830868f,-0.421875f,0.41245241462023025f,0.9001346942118305f,-0.14014470361064713f,1.3070289588651434f,-0.010762733756360499f,-0.14901400478783622f,-0.9887765116239263f,0.13787683448468085f,0f,0f,0f,1f],start_interpolation:0}
execute if entity @s[tag=aj.blazing_inferno.bone.head] run data modify entity @s {} merge value {transformation:[-1f,-3.535071303530131e-17f,1.1725154546748775e-16f,-7.11756337005453e-18f,0f,0.9574315267808062f,0.2886604779428147f,1.4757539651351033f,-1.2246467991473532e-16f,0.2886604779428147f,-0.9574315267808062f,0.0581193155039482f,0f,0f,0f,1f],start_interpolation:0}
execute if entity @s[tag=aj.blazing_inferno.bone.bottom] run data modify entity @s {} merge value {transformation:[-1f,1.4217281568715176e-17f,1.2163661755990443e-16f,0f,0f,0.993238357741943f,-0.11609291412523023f,0.7280092592592593f,-1.2246467991473532e-16f,-0.11609291412523023f,-0.993238357741943f,0f,0f,0f,0f,1f],start_interpolation:0}