execute if entity @s[tag=aj.blazing_inferno.bone.body] run data modify entity @s {} merge value {transformation:[-1f,-3.385766000064217e-17f,1.1769136198506453e-16f,4.232207500080271e-18f,0f,0.9610229011908237f,0.2764687747047981f,0.4594093093628088f,-1.2246467991473532e-16f,0.2764687747047981f,-0.9610229011908237f,-0.03455859683809976f,0f,0f,0f,1f],start_interpolation:0}
execute if entity @s[tag=aj.blazing_inferno.bone.left_hand] run data modify entity @s {} merge value {transformation:[-0.02298462067998147f,0.9900967655850328f,0.13849224523508058f,0.6009856392372583f,-0.9481035714759698f,0.022355840077038114f,-0.31717476912415477f,0.9515450331670754f,-0.3171298235213906f,-0.13859513408668514f,0.9382004390538226f,0.9509422466726707f,0f,0f,0f,1f],start_interpolation:0}
execute if entity @s[tag=aj.blazing_inferno.bone.left_arm] run data modify entity @s {} merge value {transformation:[-0.6858457277545631f,-0.10719662351793452f,0.7198086701528178f,0.41970486111111105f,-0.7141186456829419f,0.2896523738141885f,-0.637288052792273f,0.9600053458227016f,-0.1401791625341471f,-0.9511100810369746f,-0.2752079507228404f,0.45720966500605054f,0f,0f,0f,1f],start_interpolation:0}
execute if entity @s[tag=aj.blazing_inferno.bone.right_hand] run data modify entity @s {} merge value {transformation:[-0.0047473448707037735f,-0.9795127444186768f,-0.20132621845668894f,-0.6278790471540037f,0.9673476751605301f,0.04652060264265534f,-0.24914716312107896f,0.9905653320010507f,0.25340863852322787f,-0.19593523687983253f,0.9473085267591795f,0.939325579613312f,0f,0f,0f,1f],start_interpolation:0}
execute if entity @s[tag=aj.blazing_inferno.bone.right_arm] run data modify entity @s {} merge value {transformation:[-0.6652493397082448f,0.16977374026794217f,-0.7270627160934451f,-0.41970486111111116f,0.7446323675659122f,0.2218995440726666f,-0.6295103092988446f,0.9600053458227016f,0.054460565466476124f,-0.9601757492541539f,-0.27403754734214014f,0.4572096650060504f,0f,0f,0f,1f],start_interpolation:0}
execute if entity @s[tag=aj.blazing_inferno.bone.head] run data modify entity @s {} merge value {transformation:[-1f,-8.25934105080528e-17f,9.042082927769935e-17f,-2.5393245000481627e-17f,0f,0.7383421027242618f,0.6744263780018659f,1.3003043479047796f,-1.2246467991473532e-16f,0.6744263780018659f,-0.7383421027242618f,0.20735158102859857f,0f,0f,0f,1f],start_interpolation:0}
execute if entity @s[tag=aj.blazing_inferno.bone.bottom] run data modify entity @s {} merge value {transformation:[-1f,4.9932882076639174e-17f,1.1182265027327434e-16f,0f,0f,0.9131012333607504f,-0.4077329243942367f,0.5795371720116618f,-1.2246467991473532e-16f,-0.4077329243942367f,-0.9131012333607504f,0f,0f,0f,0f,1f],start_interpolation:0}