execute if entity @s[tag=aj.blazing_inferno.bone.body] run data modify entity @s {} merge value {transformation:[-1f,1.6011400840563918e-18f,1.2245421257372e-16f,-2.0014251050704898e-19f,0f,0.9999145276742436f,-0.013074300975360144f,0.7324643877444234f,-1.2246467991473532e-16f,-0.013074300975360144f,-0.9999145276742436f,0.001634287621920018f,0f,0f,0f,1f],start_interpolation:0}
execute if entity @s[tag=aj.blazing_inferno.bone.left_hand] run data modify entity @s {} merge value {transformation:[-0.9111045539807884f,-0.37096384542776295f,0.17965054161041505f,0.8110598215434032f,-0.41214008713977324f,0.8142388482321076f,-0.40884672751786955f,1.1082344835010902f,0.005388904145447022f,-0.44654330519569746f,-0.8947457942326487f,-0.10388566542014278f,0f,0f,0f,1f],start_interpolation:0}
execute if entity @s[tag=aj.blazing_inferno.bone.left_arm] run data modify entity @s {} merge value {transformation:[-0.9111045539807884f,-0.4026833945316468f,-0.0879464353111525f,0.4503750000000001f,-0.41214008713977324f,0.8928364682385905f,0.18161384736759628f,1.4519028904060416f,0.005388904145447022f,0.20171545491535958f,-0.9794293414843159f,-0.00777267192985155f,0f,0f,0f,1f],start_interpolation:0}
execute if entity @s[tag=aj.blazing_inferno.bone.right_hand] run data modify entity @s {} merge value {transformation:[-0.9111045539807884f,0.3709638454277631f,-0.17965054161041488f,-0.8110598215434032f,0.41214008713977324f,0.8142388482321076f,-0.40884672751786955f,1.1082344835010902f,-0.005388904145447246f,-0.4465433051956973f,-0.8947457942326487f,-0.10388566542014299f,0f,0f,0f,1f],start_interpolation:0}
execute if entity @s[tag=aj.blazing_inferno.bone.right_arm] run data modify entity @s {} merge value {transformation:[-0.9111045539807884f,0.4026833945316468f,0.08794643531115275f,-0.4503750000000001f,0.41214008713977324f,0.8928364682385905f,0.18161384736759628f,1.4519028904060416f,-0.005388904145447246f,0.2017154549153597f,-0.9794293414843158f,-0.007772671929851661f,0f,0f,0f,1f],start_interpolation:0}
execute if entity @s[tag=aj.blazing_inferno.bone.head] run data modify entity @s {} merge value {transformation:[-1f,-1.234917996310931e-17f,1.2184045133229487e-16f,1.2008550630422939e-18f,0f,0.9949027868045296f,0.10083870689661124f,1.6073895994593865f,-1.2246467991473532e-16f,0.10083870689661124f,-0.9949027868045296f,-0.009805725731520108f,0f,0f,0f,1f],start_interpolation:0}
execute if entity @s[tag=aj.blazing_inferno.bone.bottom] run data modify entity @s {} merge value {transformation:[-1f,0f,1.2246467991473532e-16f,0f,0f,1f,0f,0.8574537037037038f,-1.2246467991473532e-16f,0f,-1f,0f,0f,0f,0f,1f],start_interpolation:0}