execute if entity @s[tag=aj.blazing_inferno.bone.body] run data modify entity @s {} merge value {transformation:[-1f,2.6825452029479827e-18f,1.2243529629095e-16f,-3.3531815036849783e-19f,0f,0.9997600645034489f,-0.021904643892554778f,0.7415924919370689f,-1.2246467991473532e-16f,-0.021904643892554778f,-0.9997600645034489f,0.0027380804865693473f,0f,0f,0f,1f],start_interpolation:0}
execute if entity @s[tag=aj.blazing_inferno.bone.left_hand] run data modify entity @s {} merge value {transformation:[-0.8584584335977484f,-0.47194512223522095f,0.20079073530241015f,0.8699723717460426f,-0.5127600835546776f,0.7811717308499863f,-0.3561570210368405f,1.1338536730555173f,0.011234522593338694f,-0.40870347260479545f,-0.9125980807468757f,-0.09083423592106936f,0f,0f,0f,1f],start_interpolation:0}
execute if entity @s[tag=aj.blazing_inferno.bone.left_arm] run data modify entity @s {} merge value {transformation:[-0.8584584335977484f,-0.5045498879358675f,-0.09207892467228158f,0.47024999999999995f,-0.5127600835546776f,0.8482402755128894f,0.1325350206957292f,1.439112591940319f,0.011234522593338694f,0.16099020337188485f,-0.9868920609268163f,-0.012544515749217408f,0f,0f,0f,1f],start_interpolation:0}
execute if entity @s[tag=aj.blazing_inferno.bone.right_hand] run data modify entity @s {} merge value {transformation:[-0.8584584335977484f,0.4719451222352211f,-0.20079073530240996f,-0.8699723717460426f,0.5127600835546776f,0.7811717308499863f,-0.3561570210368405f,1.1338536730555173f,-0.011234522593338906f,-0.40870347260479534f,-0.9125980807468758f,-0.09083423592106958f,0f,0f,0f,1f],start_interpolation:0}
execute if entity @s[tag=aj.blazing_inferno.bone.right_arm] run data modify entity @s {} merge value {transformation:[-0.8584584335977484f,0.5045498879358675f,0.09207892467228183f,-0.47024999999999995f,0.5127600835546776f,0.8482402755128894f,0.1325350206957292f,1.439112591940319f,-0.011234522593338906f,0.16099020337188497f,-0.9868920609268163f,-0.012544515749217522f,0f,0f,0f,1f],start_interpolation:0}
execute if entity @s[tag=aj.blazing_inferno.bone.head] run data modify entity @s {} merge value {transformation:[-1f,-1.0760491144944405e-17f,1.2199102285388931e-16f,2.011908902210987e-18f,0f,0.9961322965839965f,0.08786607822301318f,1.6163825483775867f,-1.2246467991473532e-16f,0.08786607822301318f,-0.9961322965839965f,-0.016428482919416083f,0f,0f,0f,1f],start_interpolation:0}
execute if entity @s[tag=aj.blazing_inferno.bone.bottom] run data modify entity @s {} merge value {transformation:[-1f,0f,1.2246467991473532e-16f,0f,0f,1f,0f,0.8665625f,-1.2246467991473532e-16f,0f,-1f,0f,0f,0f,0f,1f],start_interpolation:0}