execute if entity @s[tag=aj.blazing_inferno.bone.body] run data modify entity @s {} merge value {transformation:[-1f,-3.169619151431765e-17f,1.1829179713786698e-16f,3.962023939289706e-18f,0f,0.9659258262890683f,0.25881904510252074f,1.0355092717138665f,-1.2246467991473532e-16f,0.25881904510252074f,-0.9659258262890683f,-0.03235238063781509f,0f,0f,0f,1f],start_interpolation:0}
execute if entity @s[tag=aj.blazing_inferno.bone.left_hand] run data modify entity @s {} merge value {transformation:[-0.33945160857413115f,-0.21917593772470645f,0.914731935464664f,1.025736690116431f,-0.7786174059914646f,0.6111006364945112f,-0.14251648032114267f,1.5197822368925928f,-0.527757084768701f,-0.7606036552623838f,-0.3780932941456947f,0.48419868659623944f,0f,0f,0f,1f],start_interpolation:0}
execute if entity @s[tag=aj.blazing_inferno.bone.left_arm] run data modify entity @s {} merge value {transformation:[-0.487172835388207f,-0.796788690731687f,0.3574778465610128f,0.515625f,-0.8506652430114493f,0.525567225460946f,0.012154663860226261f,1.636503914936682f,-0.19756333868429862f,-0.2981725571600566f,-0.9338425206449672f,0.2904455518582446f,0f,0f,0f,1f],start_interpolation:0}
execute if entity @s[tag=aj.blazing_inferno.bone.right_hand] run data modify entity @s {} merge value {transformation:[-0.3376932500237522f,0.2417539599558863f,-0.9096803239237633f,-1.0308031772419444f,0.8022506660561554f,0.5794013575095996f,-0.14383301334703436f,1.5340802257918267f,0.49229781403216755f,-0.7783630835038883f,-0.38960720288191364f,0.4788042451412868f,0f,0f,0f,1f],start_interpolation:0}
execute if entity @s[tag=aj.blazing_inferno.bone.right_arm] run data modify entity @s {} merge value {transformation:[-0.478339224839212f,0.8095801597285212f,-0.34025218728784656f,-0.515625f,0.8640317137322178f,0.5031309820827864f,-0.017561677977282142f,1.636503914936682f,0.15697383108400148f,-0.30238911991398265f,-0.9401702167759084f,0.2904455518582445f,0f,0f,0f,1f],start_interpolation:0}
execute if entity @s[tag=aj.blazing_inferno.bone.head] run data modify entity @s {} merge value {transformation:[-1f,-7.871877887341986e-17f,9.381338752702731e-17f,-2.3772143635738236e-17f,0f,0.766044443118978f,0.6427876096865393f,1.8806943697168013f,-1.2246467991473532e-16f,0.6427876096865393f,-0.766044443118978f,0.19411428382689055f,0f,0f,0f,1f],start_interpolation:0}
execute if entity @s[tag=aj.blazing_inferno.bone.bottom] run data modify entity @s {} merge value {transformation:[-1f,3.341326285981807e-17f,1.1781829947711552e-16f,0f,0f,0.9620594244736131f,-0.27283999666746106f,1.15625f,-1.2246467991473532e-16f,-0.27283999666746106f,-0.9620594244736131f,0f,0f,0f,0f,1f],start_interpolation:0}