execute if entity @s[tag=aj.blazing_inferno.bone.body] run data modify entity @s {} merge value {transformation:[-1f,-3.7078335252714427e-17f,1.1671672922724443e-16f,4.634791906589303e-18f,0f,0.9530644207661111f,0.3027675839150505f,0.8995440611068601f,-1.2246467991473532e-16f,0.3027675839150505f,-0.9530644207661111f,-0.03784594798938131f,0f,0f,0f,1f],start_interpolation:0}
execute if entity @s[tag=aj.blazing_inferno.bone.left_hand] run data modify entity @s {} merge value {transformation:[-0.07180896503430773f,0.988834890482942f,0.13057194148931636f,0.5980228997365801f,-0.9386645942676662f,-0.02273093591148484f,-0.34408150781596136f,1.3539186952160995f,-0.33727177766457f,-0.1472713954445189f,0.9298165862549478f,0.9815419925350739f,0f,0f,0f,1f],start_interpolation:0}
execute if entity @s[tag=aj.blazing_inferno.bone.left_arm] run data modify entity @s {} merge value {transformation:[-0.7209902994028653f,-0.10076323420514671f,0.6855798704742471f,0.41102430555555547f,-0.6766993159528755f,0.315361684907912f,-0.6653007165793176f,1.3891979853167877f,-0.149167771170173f,-0.943606792220447f,-0.2955591272817697f,0.46836613375912983f,0f,0f,0f,1f],start_interpolation:0}
execute if entity @s[tag=aj.blazing_inferno.bone.right_hand] run data modify entity @s {} merge value {transformation:[-0.05327683811726658f,-0.9790235840282278f,-0.19665808001897586f,-0.6280490776082475f,0.9601607829104077f,0.003877451464090964f,-0.2794212524684134f,1.3933635573572265f,0.2743225282055773f,-0.20371005691096117f,0.9398134725743365f,0.9708056434428017f,0f,0f,0f,1f],start_interpolation:0}
execute if entity @s[tag=aj.blazing_inferno.bone.right_arm] run data modify entity @s {} merge value {transformation:[-0.7006985629736888f,0.16655588180267455f,-0.6937439456193769f,-0.4110243055555556f,0.7105243378610429f,0.2509852206662672f,-0.6573899788666026f,1.3891979853167877f,0.06462730965879762f,-0.9535541711114471f,-0.2942069910831951f,0.4683661337591297f,0f,0f,0f,1f],start_interpolation:0}
execute if entity @s[tag=aj.blazing_inferno.bone.head] run data modify entity @s {} merge value {transformation:[-1f,-8.899557485978342e-17f,8.412719822979525e-17f,-2.780875143953582e-17f,0f,0.6869507052022499f,0.7267040172051697f,1.7334754292772074f,-1.2246467991473532e-16f,0.7267040172051697f,-0.6869507052022499f,0.22707568793628785f,0f,0f,0f,1f],start_interpolation:0}
execute if entity @s[tag=aj.blazing_inferno.bone.bottom] run data modify entity @s {} merge value {transformation:[-1f,4.9932882076639174e-17f,1.1182265027327434e-16f,0f,0f,0.9131012333607504f,-0.4077329243942367f,1.018677113702624f,-1.2246467991473532e-16f,-0.4077329243942367f,-0.9131012333607504f,0f,0f,0f,0f,1f],start_interpolation:0}