execute if entity @s[tag=aj.blazing_inferno.bone.body] run data modify entity @s {} merge value {transformation:[-1f,2.949916666988366e-17f,1.1885872703508567e-16f,-3.6873958337354576e-18f,0f,0.9705551602130487f,-0.2408789758028366f,0.9886343086770726f,-1.2246467991473532e-16f,-0.2408789758028366f,-0.9705551602130487f,0.030109871975354575f,0f,0f,0f,1f],start_interpolation:0}
execute if entity @s[tag=aj.blazing_inferno.bone.left_hand] run data modify entity @s {} merge value {transformation:[-0.11837781637115327f,-0.8779382791510351f,-0.4639084722146347f,1.143969557965859f,-0.9529838446585149f,0.23169230553193534f,-0.19529584577551f,1.6623701968085056f,0.2789417222487036f,0.4189785836514981f,-0.8640882258371028f,-0.33347728283765543f,0f,0f,0f,1f],start_interpolation:0}
execute if entity @s[tag=aj.blazing_inferno.bone.left_arm] run data modify entity @s {} merge value {transformation:[-0.13680599748936986f,-0.9355835736043732f,-0.32552649024712055f,0.6327475761772854f,-0.9623499784332382f,0.20344034587341359f,-0.18026243280409734f,1.5875157639106137f,0.23487579283630813f,0.28860942893913916f,-0.9281906913274555f,-0.13964885799980417f,0f,0f,0f,1f],start_interpolation:0}
execute if entity @s[tag=aj.blazing_inferno.bone.right_hand] run data modify entity @s {} merge value {transformation:[-0.11957249826982003f,0.878204569463181f,0.4630973459560121f,-1.1442598230304861f,0.954403595596603f,0.2301810377130091f,-0.19008015832705255f,1.6629693131437038f,-0.27352549126139764f,0.41925341268897354f,-0.8656849204987114f,-0.3324766109057187f,0f,0f,0f,1f],start_interpolation:0}
execute if entity @s[tag=aj.blazing_inferno.bone.right_arm] run data modify entity @s {} merge value {transformation:[-0.1379587750418881f,0.9357263844295394f,0.3246282641289314f,-0.6327475761772854f,0.9635085903221936f,0.20270455731774967f,-0.17482007555756837f,1.5875157639106137f,-0.2293873858002668f,0.28866415767295506f,-0.9295452820119539f,-0.13964885799980434f,0f,0f,0f,1f],start_interpolation:0}
execute if entity @s[tag=aj.blazing_inferno.bone.head] run data modify entity @s {} merge value {transformation:[-1f,5.322185350870159e-17f,1.1029520450009098e-16f,2.2124375002412747e-17f,0f,0.9006286921003083f,-0.4345894142356532f,1.83787007386349f,-1.2246467991473532e-16f,-0.4345894142356532f,-0.9006286921003083f,-0.18065923185212746f,0f,0f,0f,1f],start_interpolation:0}
execute if entity @s[tag=aj.blazing_inferno.bone.bottom] run data modify entity @s {} merge value {transformation:[-1f,-3.556875475880134e-18f,1.224130159070826e-16f,0f,0f,0.9995781313625391f,0.02904409237305457f,1.1099537037037037f,-1.2246467991473532e-16f,0.02904409237305457f,-0.9995781313625391f,0f,0f,0f,0f,1f],start_interpolation:0}