execute if entity @s[tag=aj.blazing_inferno.bone.body] run data modify entity @s {} merge value {transformation:[-1f,-3.520285443287314e-17f,1.172960223809679e-16f,4.400356804109143e-18f,0f,0.9577947083406738f,0.28745312082947294f,0.988238489445754f,-1.2246467991473532e-16f,0.28745312082947294f,-0.9577947083406738f,-0.03593164010368412f,0f,0f,0f,1f],start_interpolation:0}
execute if entity @s[tag=aj.blazing_inferno.bone.left_hand] run data modify entity @s {} merge value {transformation:[-0.06057698937935707f,0.9749956880088051f,0.21380794354272883f,0.6494317515295274f,-0.9138455962411698f,0.031991293075010696f,-0.4047996830507768f,1.4306291922162362f,-0.4015179380654791f,-0.21990899374883752f,0.8890575796201392f,0.9422836335720278f,0f,0f,0f,1f],start_interpolation:0}
execute if entity @s[tag=aj.blazing_inferno.bone.left_arm] run data modify entity @s {} merge value {transformation:[-0.703359580687831f,-0.1840341213824962f,0.6865979481629778f,0.42187499999999994f,-0.6953706517827871f,0.3785132687768328f,-0.6108906301450847f,1.4970310818994648f,-0.1474617133150849f,-0.9071158401917859f,-0.3942028609476723f,0.4430374067711971f,0f,0f,0f,1f],start_interpolation:0}
execute if entity @s[tag=aj.blazing_inferno.bone.right_hand] run data modify entity @s {} merge value {transformation:[-0.048563869763844025f,-0.9604023366746093f,-0.2743517856029213f,-0.6774283824160158f,0.9380455985696269f,0.050495700633718166f,-0.34281283409706254f,1.4685754191458031f,0.34309183254299536f,-0.2740028027730022f,0.8984489181443923f,0.9322416842341243f,0f,0f,0f,1f],start_interpolation:0}
execute if entity @s[tag=aj.blazing_inferno.bone.right_arm] run data modify entity @s {} merge value {transformation:[-0.6846434545932468f,0.24463564266274995f,-0.6865979481629756f,-0.42187500000000006f,0.725714161594703f,0.3164673658717994f,-0.6108906301450872f,1.4970310818994648f,0.06784022216592353f,-0.9165161257049153f,-0.3942028609476727f,0.44303740677119696f,0f,0f,0f,1f],start_interpolation:0}
execute if entity @s[tag=aj.blazing_inferno.bone.head] run data modify entity @s {} merge value {transformation:[-1f,-8.561634719369325e-17f,8.756391334235556e-17f,-2.6402140824654857e-17f,0f,0.715013613748233f,0.6991105292832406f,1.8263088592438437f,-1.2246467991473532e-16f,0.6991105292832406f,-0.715013613748233f,0.2155898406221047f,0f,0f,0f,1f],start_interpolation:0}
execute if entity @s[tag=aj.blazing_inferno.bone.bottom] run data modify entity @s {} merge value {transformation:[-1f,4.6865204053262974e-17f,1.1314261122877003e-16f,0f,0f,0.9238795325112867f,-0.3826834323650897f,1.1079628279883382f,-1.2246467991473532e-16f,-0.3826834323650897f,-0.9238795325112867f,0f,0f,0f,0f,1f],start_interpolation:0}