execute if entity @s[tag=aj.blazing_inferno.bone.body] run data modify entity @s {} merge value {transformation:[-0.9876883405951378f,0.025442057932921244f,-0.1543516878448728f,-0.0031802572416151555f,-1.734723475976807e-18f,0.986685944207868f,0.16263716519488355f,0.7401604687017098f,0.15643446504023073f,0.16063483181043184f,-0.9745382029232159f,-0.02007935397630398f,0f,0f,0f,1f],start_interpolation:0}
execute if entity @s[tag=aj.blazing_inferno.bone.left_hand] run data modify entity @s {} merge value {transformation:[-0.587355672390709f,-0.8050047342212416f,0.08355053555690864f,0.9647757838679456f,-0.8082458082690891f,0.5887747316030494f,-0.009112016308364057f,1.331065493079969f,-0.0418572278812757f,-0.0728813646081432f,-0.9964618804384591f,-0.07477452188323915f,0f,0f,0f,1f],start_interpolation:0}
execute if entity @s[tag=aj.blazing_inferno.bone.left_arm] run data modify entity @s {} merge value {transformation:[-0.587355672390709f,-0.7944739583963071f,-0.1543516878448728f,0.43258230489664956f,-0.8082458082690891f,0.5659398076764162f,0.16263716519488355f,1.480174926857611f,-0.0418572278812757f,0.220279966218637f,-0.9745382029232159f,0.03440097994267256f,0f,0f,0f,1f],start_interpolation:0}
execute if entity @s[tag=aj.blazing_inferno.bone.right_hand] run data modify entity @s {} merge value {transformation:[-0.8747007717763321f,-0.009434767652792747f,-0.48457150660478043f,-0.7231175536043095f,0.07010127777408778f,0.9868341340404975f,-0.14575391160096307f,1.0374609007835827f,0.47956685739146854f,-0.16146014075269166f,-0.8625231893924894f,0.03416006498464902f,0f,0f,0f,1f],start_interpolation:0}
execute if entity @s[tag=aj.blazing_inferno.bone.right_arm] run data modify entity @s {} merge value {transformation:[-0.8747007717763321f,0.2980356261943514f,-0.3821954020822723f,-0.400779732480498f,0.07010127777408778f,0.858085676530202f,0.5086991081063004f,1.480174926857611f,0.47956685739146854f,0.4181671164171643f,-0.7714608817296084f,0.16639255982036721f,0f,0f,0f,1f],start_interpolation:0}
execute if entity @s[tag=aj.blazing_inferno.bone.head] run data modify entity @s {} merge value {transformation:[-0.9977208678435646f,0.0654518276792395f,-0.0164051248983762f,0.019081543449690933f,0.05258688832155424f,0.906572878121592f,0.41876035608804874f,1.6035106698835944f,0.042281071960637004f,0.41694325142371613f,-0.9079485866755228f,0.12047612385782389f,0f,0f,0f,1f],start_interpolation:0}
execute if entity @s[tag=aj.blazing_inferno.bone.bottom] run data modify entity @s {} merge value {transformation:[-1f,0f,1.2246467991473532e-16f,0f,0f,1f,0f,0.8634962117276933f,-1.2246467991473532e-16f,0f,-1f,0f,0f,0f,0f,1f],start_interpolation:0}