execute if entity @s[tag=aj.blazing_inferno.bone.body] run data modify entity @s {} merge value {transformation:[-0.9685831611286312f,-0.02444066408557624f,0.24748598731468457f,0.00305508301069703f,0f,0.9951590317407152f,0.09827767571977988f,0.7483575951387057f,-0.24868988716485474f,0.09519010181703891f,-0.9638942807891298f,-0.011898762727129863f,0f,0f,0f,1f],start_interpolation:0}
execute if entity @s[tag=aj.blazing_inferno.bone.left_hand] run data modify entity @s {} merge value {transformation:[-0.5355358579203112f,-0.5959005997476448f,0.5984177638589564f,0.9227086704602578f,-0.8151865552430604f,0.549871318434805f,-0.18196816566015678f,1.34433696969348f,-0.22061782573606586f,-0.5852725932274352f,-0.7802459654393121f,0.28499359309360484f,0f,0f,0f,1f],start_interpolation:0}
execute if entity @s[tag=aj.blazing_inferno.bone.left_arm] run data modify entity @s {} merge value {transformation:[-0.5355358579203112f,-0.8074354655106699f,0.24748598731468457f,0.3933456060476561f,-0.8151865552430604f,0.5707997710283972f,0.09827767571977988f,1.4947268689442421f,-0.22061782573606586f,-0.149116030088979f,-0.9638942807891298f,0.1644098597833224f,0f,0f,0f,1f],start_interpolation:0}
execute if entity @s[tag=aj.blazing_inferno.bone.right_hand] run data modify entity @s {} merge value {transformation:[-0.9810177430426732f,0.1913822533103729f,-0.031257334392168934f,-0.6945888059091855f,0.19167501827922767f,0.9325458036655309f,-0.3059722396451463f,1.0534197042466382f,-0.02940876065252207f,-0.3061554461113724f,-0.9515271764974604f,-0.2675853254037616f,0f,0f,0f,1f],start_interpolation:0}
execute if entity @s[tag=aj.blazing_inferno.bone.right_arm] run data modify entity @s {} merge value {transformation:[-0.9810177430426732f,0.1632970219935205f,0.10458618667638325f,-0.42389643615462647f,0.19167501827922767f,0.8983458458822761f,0.395266275507683f,1.4947268689442421f,-0.02940876065252207f,0.4078097887423811f,-0.9125931738747433f,-0.04542223251202378f,0f,0f,0f,1f],start_interpolation:0}
execute if entity @s[tag=aj.blazing_inferno.bone.head] run data modify entity @s {} merge value {transformation:[-0.9604714407681143f,-0.09113279071118513f,0.2630388296925269f,-0.01833049806418218f,0.012064789610434171f,0.9303811727334601f,0.36639502490449755f,1.6191217479118314f,-0.2781169759660111f,0.35508546559990706f,-0.8925050474922921f,0.07139257636277918f,0f,0f,0f,1f],start_interpolation:0}
execute if entity @s[tag=aj.blazing_inferno.bone.bottom] run data modify entity @s {} merge value {transformation:[-1f,0f,1.2246467991473532e-16f,0f,0f,1f,0f,0.8727524741062951f,-1.2246467991473532e-16f,0f,-1f,0f,0f,0f,0f,1f],start_interpolation:0}