execute if entity @s[tag=aj.blazing_inferno.bone.body] run data modify entity @s {} merge value {transformation:[-0.656642722789956f,0.002670236485420282f,0.7541970594241965f,-0.00033377956067753525f,0f,0.9999937324803646f,-0.0035404801918735925f,0.6876672123793425f,-0.7542017863987018f,-0.002324830553175781f,-0.6566386072687974f,0.00029060381914697265f,0f,0f,0f,1f],start_interpolation:0}
execute if entity @s[tag=aj.blazing_inferno.bone.left_hand] run data modify entity @s {} merge value {transformation:[-0.35204794346525026f,0.9355103644506162f,0.029708643647314237f,0.008304490790814856f,-0.8463040972969853f,-0.3045998137149069f,-0.4370221142953511f,1.5436438511047836f,-0.39978947009672816f,-0.17899528343037213f,0.8989599924965838f,0.7994705327182493f,0f,0f,0f,1f],start_interpolation:0}
execute if entity @s[tag=aj.blazing_inferno.bone.left_arm] run data modify entity @s {} merge value {transformation:[-0.35204794346525026f,0.6332132613446022f,0.6892773107822573f,0.27869004648040036f,-0.8463040972969853f,0.09920127788803212f,-0.5233817740079572f,1.437662511739616f,-0.39978947009672816f,-0.7675936894755676f,0.500967371669117f,0.31672585954121746f,0f,0f,0f,1f],start_interpolation:0}
execute if entity @s[tag=aj.blazing_inferno.bone.right_hand] run data modify entity @s {} merge value {transformation:[-0.6084642213423107f,0.7118813700996434f,0.35070814967911657f,-0.44520439099767223f,0.3513931093355157f,0.6379324792376492f,-0.6852481555212129f,1.0124704627510381f,-0.7115435152243422f,-0.2937125581904192f,-0.6383092973656468f,-0.6478769045068584f,0f,0f,0f,1f],start_interpolation:0}
execute if entity @s[tag=aj.blazing_inferno.bone.right_arm] run data modify entity @s {} merge value {transformation:[-0.6084642213423107f,0.10496959740680287f,0.7866083364461306f,-0.27535225087362497f,0.3513931093355157f,0.9243826013910346f,0.1484577009018456f,1.437662511739616f,-0.7115435152243422f,0.3667399485545545f,-0.5993393329962493f,-0.3196318977326872f,0f,0f,0f,1f],start_interpolation:0}
execute if entity @s[tag=aj.blazing_inferno.bone.head] run data modify entity @s {} merge value {transformation:[-0.7225817056557815f,-0.13767241801051577f,0.6774378081940211f,0.0020026773640652116f,-0.024308161430085816f,0.98442235816865f,0.17413137002149634f,1.5626617282996613f,-0.6908580114173031f,0.10935687475788705f,-0.7146721500126595f,-0.0017436229148818359f,0f,0f,0f,1f],start_interpolation:0}
execute if entity @s[tag=aj.blazing_inferno.bone.bottom] run data modify entity @s {} merge value {transformation:[-1f,0f,1.2246467991473532e-16f,0f,0f,1f,0f,0.812666428939388f,-1.2246467991473532e-16f,0f,-1f,0f,0f,0f,0f,1f],start_interpolation:0}