execute if entity @s[tag=aj.blazing_inferno.bone.body] run data modify entity @s {} merge value {transformation:[-0.593119097503189f,0.014251749242188314f,0.8049885861430213f,-0.0017814686552735392f,0f,0.9998433159372602f,-0.017701513369885475f,0.7860219973670812f,-0.80511473479064f,-0.010499105634387107f,-0.5930261651933036f,0.0013123882042983884f,0f,0f,0f,1f],start_interpolation:0}
execute if entity @s[tag=aj.blazing_inferno.bone.left_hand] run data modify entity @s {} merge value {transformation:[-0.34401070916935567f,0.9382006692227354f,-0.037896388308236495f,-0.02457046150858f,-0.8282972932799428f,-0.32222670839115f,-0.45835962119772833f,1.624578718614743f,-0.4422445318168641f,-0.12629114248202972f,0.8879585133375694f,0.8116708535409225f,0f,0f,0f,1f],start_interpolation:0}
execute if entity @s[tag=aj.blazing_inferno.bone.left_arm] run data modify entity @s {} merge value {transformation:[-0.34401070916935567f,0.6554389308486773f,0.6723514258962644f,0.2591294625355256f,-0.8282972932799428f,0.12542401542639575f,-0.5460699683185658f,1.5359044843200262f,-0.4422445318168641f,-0.7447607832601433f,0.4997510878385565f,0.3330958377183093f,0f,0f,0f,1f],start_interpolation:0}
execute if entity @s[tag=aj.blazing_inferno.bone.right_hand] run data modify entity @s {} merge value {transformation:[-0.5172470105686944f,0.7669770308141688f,0.3797390739194886f,-0.39385643967149175f,0.3677626434386018f,0.5998405583038551f,-0.710592670033101f,1.1143252465987186f,-0.7727911542899549f,-0.22789808866509043f,-0.5923312359094344f,-0.687371884727902f,0f,0f,0f,1f],start_interpolation:0}
execute if entity @s[tag=aj.blazing_inferno.bone.right_arm] run data modify entity @s {} merge value {transformation:[-0.5172470105686944f,0.10457948086036967f,0.8494225463458835f,-0.2413147759827902f,0.3677626434386018f,0.9233594981007914f,0.11026275598816887f,1.5359044843200262f,-0.7727911542899549f,0.36941896195245616f,-0.5160653664034907f,-0.3462197197612932f,0f,0f,0f,1f],start_interpolation:0}
execute if entity @s[tag=aj.blazing_inferno.bone.head] run data modify entity @s {} merge value {transformation:[-0.7127489273447948f,-0.17112273896250968f,0.6802249442491896f,0.010688811931641236f,-0.039524626288234534f,0.978041231436429f,0.20462930759568407f,1.6608848988121838f,-0.700304769715029f,0.11896368277874751f,-0.7038614009122093f,-0.00787432922579033f,0f,0f,0f,1f],start_interpolation:0}
execute if entity @s[tag=aj.blazing_inferno.bone.bottom] run data modify entity @s {} merge value {transformation:[-1f,0f,1.2246467991473532e-16f,0f,0f,1f,0f,0.9110024118592387f,-1.2246467991473532e-16f,0f,-1f,0f,0f,0f,0f,1f],start_interpolation:0}