execute if entity @s[tag=aj.blazing_inferno.bone.body] run data modify entity @s {} merge value {transformation:[-0.6058705235652636f,0.015021410593196371f,0.7954214391745699f,-0.0018776763241495464f,8.673617379884035e-19f,0.9998217289967107f,-0.01888147838565232f,0.7830388391808808f,-0.7955632650360079f,-0.011439731195201376f,-0.6057625144191642f,0.001429966399400172f,0f,0f,0f,1f],start_interpolation:0}
execute if entity @s[tag=aj.blazing_inferno.bone.left_hand] run data modify entity @s {} merge value {transformation:[-0.35981787499222756f,0.9329388796453486f,0.012495746562705301f,0.007353461248457649f,-0.8190060132322098f,-0.3094038157495897f,-0.48321675166437994f,1.6044228177653965f,-0.4469454632564905f,-0.18410411631920537f,0.8754115759051655f,0.8243528431281386f,0f,0f,0f,1f],start_interpolation:0}
execute if entity @s[tag=aj.blazing_inferno.bone.left_arm] run data modify entity @s {} merge value {transformation:[-0.35981787499222756f,0.6119574570586886f,0.7043004810351481f,0.2649900087498433f,-0.8190060132322098f,0.15443942709469496f,-0.5526098204412798f,1.5329051359284138f,-0.4469454632564905f,-0.7756652203811419f,0.4456267707011278f,0.328478420440065f,0f,0f,0f,1f],start_interpolation:0}
execute if entity @s[tag=aj.blazing_inferno.bone.right_hand] run data modify entity @s {} merge value {transformation:[-0.5274564698826746f,0.7529045603380022f,0.3936043640524668f,-0.40324415917385215f,0.3667230081564364f,0.6196768178223941f,-0.6939127299179673f,1.1108692972656047f,-0.7663575586288698f,-0.22166498252035907f,-0.6029599720185804f,-0.6813188582524595f,0f,0f,0f,1f],start_interpolation:0}
execute if entity @s[tag=aj.blazing_inferno.bone.right_arm] run data modify entity @s {} merge value {transformation:[-0.5274564698826746f,0.10942649517647594f,0.8425054982208128f,-0.24621324550834783f,0.3667230081564364f,0.9238520521263832f,0.10959754135273742f,1.5329051359284138f,-0.7663575586288698f,0.36677408296560887f,-0.5274209555915796f,-0.3427780844340667f,0f,0f,0f,1f],start_interpolation:0}
execute if entity @s[tag=aj.blazing_inferno.bone.head] run data modify entity @s {} merge value {transformation:[-0.7343909127282781f,-0.18166803277120583f,0.6539623178526166f,0.011266057944897278f,-0.04303356087187165f,0.9740378240748105f,0.22225757559708828f,1.6578828520530027f,-0.6773611296353028f,0.13508161659029908f,-0.7231423490008989f,-0.008579798396401031f,0f,0f,0f,1f],start_interpolation:0}
execute if entity @s[tag=aj.blazing_inferno.bone.bottom] run data modify entity @s {} merge value {transformation:[-1f,0f,1.2246467991473532e-16f,0f,0f,1f,0f,0.9080165553054697f,-1.2246467991473532e-16f,0f,-1f,0f,0f,0f,0f,1f],start_interpolation:0}