execute if entity @s[tag=aj.blazing_inferno.bone.body] run data modify entity @s {} merge value {transformation:[-0.7203090248879068f,0.011621728902002514f,0.6935559415666201f,-0.0014527161127503142f,-8.673617379884035e-19f,0.9998596355767804f,-0.016754376868981357f,0.7830341008583721f,-0.6936533058128049f,-0.012068328865100461f,-0.7202079191270886f,0.0015085411081375577f,0f,0f,0f,1f],start_interpolation:0}
execute if entity @s[tag=aj.blazing_inferno.bone.left_hand] run data modify entity @s {} merge value {transformation:[-0.42267224655495045f,0.8943118087824131f,0.1468147154222607f,0.13219086180409828f,-0.8190370644847659f,-0.30758680436083935f,-0.48432287245520833f,1.6033711363676102f,-0.38797739495023215f,-0.32495653010120434f,0.862482924209063f,0.8146170562973546f,0f,0f,0f,1f],start_interpolation:0}
execute if entity @s[tag=aj.blazing_inferno.bone.left_arm] run data modify entity @s {} merge value {transformation:[-0.42267224655495045f,0.48603131268384414f,0.7649325036125804f,0.31114395043833726f,-0.8190370644847659f,0.15647461790915898f,-0.5519909246992744f,1.5329288275409574f,-0.38797739495023215f,-0.8598193165084174f,0.3319401813077614f,0.2850922828490893f,0f,0f,0f,1f],start_interpolation:0}
execute if entity @s[tag=aj.blazing_inferno.bone.right_hand] run data modify entity @s {} merge value {transformation:[-0.6388946068303011f,0.7092815724084996f,0.29788140661155915f,-0.5029060771330752f,0.36681725020119005f,0.6212354306898594f,-0.6924677931936059f,1.1110645301170636f,-0.6762091291294376f,-0.3331459000157603f,-0.6570806822489126f,-0.6113979644605784f,0f,0f,0f,1f],start_interpolation:0}
execute if entity @s[tag=aj.blazing_inferno.bone.right_arm] run data modify entity @s {} merge value {transformation:[-0.6388946068303011f,0.16281703348999477f,0.7518672056744281f,-0.2966167893108341f,0.36681725020119005f,0.9235624128689259f,0.11170306392648881f,1.5329288275409574f,-0.6762091291294376f,0.3471643460110003f,-0.6497831411638515f,-0.3001776939304649f,0f,0f,0f,1f],start_interpolation:0}
execute if entity @s[tag=aj.blazing_inferno.bone.head] run data modify entity @s {} merge value {transformation:[-0.8291969045334638f,-0.16033336564423142f,0.5354677444751595f,0.008716296676501886f,-0.04340334261065223f,0.9735540308623176f,0.22429600719129167f,1.657911281988055f,-0.5572689147640877f,0.16274446489182606f,-0.8142269927880856f,-0.009051246648825347f,0f,0f,0f,1f],start_interpolation:0}
execute if entity @s[tag=aj.blazing_inferno.bone.bottom] run data modify entity @s {} merge value {transformation:[-1f,0f,1.2246467991473532e-16f,0f,0f,1f,0f,0.9080165553054697f,-1.2246467991473532e-16f,0f,-1f,0f,0f,0f,0f,1f],start_interpolation:0}