execute if entity @s[tag=aj.blazing_inferno.bone.body] run data modify entity @s {} merge value {transformation:[-0.9810905174433341f,0.03147833680876956f,-0.19097253963469346f,-0.003934792101096195f,0f,0.986685944207868f,0.16263716519488355f,0.7401604687017098f,0.1935494680508601f,0.1595617805565653f,-0.9680282235569619f,-0.019945222569570664f,0f,0f,0f,1f],start_interpolation:0}
execute if entity @s[tag=aj.blazing_inferno.bone.left_hand] run data modify entity @s {} merge value {transformation:[-0.5885159466806726f,-0.8071796682784373f,0.04593434031815011f,0.9612720188889741f,-0.8082458082690891f,0.5887747316030494f,-0.009112016308364057f,1.331065493079969f,-0.019689944591048947f,-0.04248880492163726f,-0.9989029019571084f,-0.11108396806916634f,0f,0f,0f,1f],start_interpolation:0}
execute if entity @s[tag=aj.blazing_inferno.bone.left_arm] run data modify entity @s {} merge value {transformation:[-0.5885159466806726f,-0.7856070707472197f,-0.19097253963469346f,0.4335715225518875f,-0.8082458082690891f,0.5659398076764162f,0.16263716519488355f,1.480174926857611f,-0.019689944591048947f,0.2500673198943713f,-0.9680282235569619f,0.018072431013896717f,0f,0f,0f,1f],start_interpolation:0}
execute if entity @s[tag=aj.blazing_inferno.bone.right_hand] run data modify entity @s {} merge value {transformation:[-0.8560043104891564f,-0.01551352619112803f,-0.5167358618570042f,-0.721316259709115f,0.07010127777408778f,0.9868341340404975f,-0.14575391160096307f,1.0374609007835827f,0.5121937438884079f,-0.16098982078895036f,-0.84364675446772f,0.0613902260110608f,0f,0f,0f,1f],start_interpolation:0}
execute if entity @s[tag=aj.blazing_inferno.bone.right_arm] run data modify entity @s {} merge value {transformation:[-0.8560043104891564f,0.31358465873218383f,-0.4110003433475494f,-0.39422360154092556f,0.07010127777408778f,0.858085676530202f,0.5086991081063004f,1.480174926857611f,0.5121937438884079f,0.40663698004673055f,-0.7565077231463343f,0.18137979468180992f,0f,0f,0f,1f],start_interpolation:0}
execute if entity @s[tag=aj.blazing_inferno.bone.head] run data modify entity @s {} merge value {transformation:[-0.9954183785442297f,0.08111998967410622f,-0.05061421669501062f,0.02360875260657717f,0.05258688832155424f,0.906572878121592f,0.41876035608804874f,1.6035106698835944f,0.07985531186485331f,0.4141801104949462f,-0.9066851522096085f,0.11967133541742397f,0f,0f,0f,1f],start_interpolation:0}
execute if entity @s[tag=aj.blazing_inferno.bone.bottom] run data modify entity @s {} merge value {transformation:[-1f,0f,1.2246467991473532e-16f,0f,0f,1f,0f,0.8634962117276933f,-1.2246467991473532e-16f,0f,-1f,0f,0f,0f,0f,1f],start_interpolation:0}