execute if entity @s[tag=aj.blazing_inferno.bone.left_hand] run data modify entity @s {} merge value {transformation:[-0.4055797876726388f,0.8946690848687465f,0.18727590451400017f,0.10862429751740343f,-0.8191520442889917f,-0.2648481240693883f,-0.5087685126991367f,1.5307121978421296f,-0.40557978767263897f,-0.3597536653837534f,0.8402870557579544f,0.8251527534244457f,0f,0f,0f,1f],start_interpolation:0}
execute if entity @s[tag=aj.blazing_inferno.bone.left_arm] run data modify entity @s {} merge value {transformation:[-0.4055797876726388f,0.5002025147939595f,0.7650506388633475f,0.29831067331307465f,-0.8191520442889917f,0.1724777608697532f,-0.5470295698977542f,1.46875f,-0.40557978767263897f,-0.8485569316192962f,0.3397884189201599f,0.2983106733130748f,0f,0f,0f,1f],start_interpolation:0}
execute if entity @s[tag=aj.blazing_inferno.bone.right_hand] run data modify entity @s {} merge value {transformation:[-0.6644630243886746f,0.6710100716628342f,0.3289899283371659f,-0.484194599333031f,0.34202014332566866f,0.6644630243886749f,-0.6644630243886746f,1.0412512195994537f,-0.6644630243886749f,-0.3289899283371653f,-0.6710100716628343f,-0.6146566410500649f,0f,0f,0f,1f],start_interpolation:0}