execute if entity @s[tag=aj.blazing_inferno.bone.body] run data modify entity @s {} merge value {transformation:[-0.8104571982525945f,0f,0.5857978574564391f,0f,0f,1f,0f,0.6198391947680189f,-0.5857978574564391f,0f,-0.8104571982525945f,0f,0f,0f,0f,1f],start_interpolation:0}
execute if entity @s[tag=aj.blazing_inferno.bone.left_hand] run data modify entity @s {} merge value {transformation:[-0.5540223018444977f,0.6773129040677792f,0.4840521862797393f,0.3731923311885521f,-0.7298640726978356f,-0.11549041516078629f,-0.6737658342413317f,1.296972280641755f,-0.4004469058987131f,-0.7265735984669828f,0.5583306203020634f,0.8048921492996792f,0f,0f,0f,1f],start_interpolation:0}
execute if entity @s[tag=aj.blazing_inferno.bone.left_arm] run data modify entity @s {} merge value {transformation:[-0.5540223018444977f,0.13665596408490271f,0.8212091308180578f,0.3419116305128133f,-0.7298640726978356f,0.3947603346016154f,-0.5580884460460986f,1.3698391947680189f,-0.4004469058987131f,-0.9085644862667956f,-0.11896575074743487f,0.24713347111443523f,0f,0f,0f,1f],start_interpolation:0}
execute if entity @s[tag=aj.blazing_inferno.bone.right_hand] run data modify entity @s {} merge value {transformation:[-0.7663742635750268f,0.5876934371536305f,0.25939720903738883f,-0.5636261968937832f,0.3253102921622629f,0.7032406105072939f,-0.6321596772545933f,0.9377367971969469f,-0.5539347452030232f,-0.40008632525978705f,-0.7301282287358717f,-0.5326382549059328f,0f,0f,0f,1f],start_interpolation:0}
execute if entity @s[tag=aj.blazing_inferno.bone.right_arm] run data modify entity @s {} merge value {transformation:[-0.7663742635750268f,0.146860031925934f,0.6253819785959208f,-0.3419116305128133f,0.3253102921622629f,0.9281846161910517f,0.18068351357988666f,1.3698391947680189f,-0.5539347452030232f,0.3419143888299871f,-0.7591118815878711f,-0.24713347111443523f,0f,0f,0f,1f],start_interpolation:0}
execute if entity @s[tag=aj.blazing_inferno.bone.head] run data modify entity @s {} merge value {transformation:[-0.8307548925688066f,-0.08865140014651882f,0.5495336547701626f,0f,-0.009629424596211132f,0.9893774277770444f,0.14505026572614454f,1.4948391947680189f,-0.5565551029816691f,0.11520952502871047f,-0.8227838006959801f,0f,0f,0f,0f,1f],start_interpolation:0}
execute if entity @s[tag=aj.blazing_inferno.bone.bottom] run data modify entity @s {} merge value {transformation:[-1f,0f,1.2246467991473532e-16f,0f,0f,1f,0f,0.7448391947680189f,-1.2246467991473532e-16f,0f,-1f,0f,0f,0f,0f,1f],start_interpolation:0}