execute if entity @s[tag=aj.blazing_inferno.bone.body] run data modify entity @s {} merge value {transformation:[-0.6281579541738279f,0.012396090329478212f,0.7779870960065433f,-0.0015495112911847765f,0f,0.9998730852794548f,-0.015931520132865994f,0.7781471074683565f,-0.7780858465543189f,-0.010007511093540254f,-0.6280782316826158f,0.0012509388866925317f,0f,0f,0f,1f],start_interpolation:0}
execute if entity @s[tag=aj.blazing_inferno.bone.left_hand] run data modify entity @s {} merge value {transformation:[-0.3704508835551711f,0.9266233867441711f,0.06430584741650963f,0.03643635098610057f,-0.8190480818362068f,-0.29322124128228083f,-0.49313440693314914f,1.5924982345885192f,-0.4380940338712948f,-0.23535165773718453f,0.867573175407548f,0.8293310755743603f,0f,0f,0f,1f],start_interpolation:0}
execute if entity @s[tag=aj.blazing_inferno.bone.left_arm] run data modify entity @s {} merge value {transformation:[-0.3704508835551711f,0.5755762504536499f,0.7290254610004442f,0.27275169337300753f,-0.8190480818362068f,0.16776508646346758f,-0.5486484442740501f,1.5280519214279475f,-0.4380940338712948f,-0.8003542063846623f,0.40927589937443687f,0.3220002720816406f,0f,0f,0f,1f],start_interpolation:0}
execute if entity @s[tag=aj.blazing_inferno.bone.right_hand] run data modify entity @s {} merge value {transformation:[-0.5557294308594883f,0.7274725047117467f,0.40242832226994996f,-0.42085309695133394f,0.36226532923918403f,0.6475828199175067f,-0.6703732710803106f,1.1048580178067415f,-0.7482837903548457f,-0.22676032773857877f,-0.6234188983789934f,-0.6684646163394474f,0f,0f,0f,1f],start_interpolation:0}
execute if entity @s[tag=aj.blazing_inferno.bone.right_arm] run data modify entity @s {} merge value {transformation:[-0.5557294308594883f,0.11180658485462613f,0.8238107108187744f,-0.25725658046115973f,0.36226532923918403f,0.9244586406655113f,0.11891195452981419f,1.5280519214279475f,-0.7482837903548457f,0.36452093119877255f,-0.5542525235036508f,-0.33450966094856593f,0f,0f,0f,1f],start_interpolation:0}
execute if entity @s[tag=aj.blazing_inferno.bone.head] run data modify entity @s {} merge value {transformation:[-0.7533915749508181f,-0.1851378250253426f,0.6309715687239886f,0.009297067747108659f,-0.043604010310272306f,0.9715008545816219f,0.2329909436695768f,1.6530360570878795f,-0.6561248547936492f,0.14802052321237036f,-0.7399933105305404f,-0.00750563332015519f,0f,0f,0f,1f],start_interpolation:0}
execute if entity @s[tag=aj.blazing_inferno.bone.bottom] run data modify entity @s {} merge value {transformation:[-1f,0f,1.2246467991473532e-16f,0f,0f,1f,0f,0.9031312431282883f,-1.2246467991473532e-16f,0f,-1f,0f,0f,0f,0f,1f],start_interpolation:0}