execute if entity @s[tag=aj.blazing_inferno.bone.body] run data modify entity @s {} merge value {transformation:[-0.8999132499088008f,0.006629631185281451f,0.4360185668396787f,-0.0008287038981601814f,0f,0.9998844251122682f,-0.015203171310910944f,0.7340726755201459f,-0.4360689654614052f,-0.013681535303322112f,-0.8998092425359743f,0.001710191912915264f,0f,0f,0f,1f],start_interpolation:0}
execute if entity @s[tag=aj.blazing_inferno.bone.left_hand] run data modify entity @s {} merge value {transformation:[-0.483435488656691f,0.7961751541341494f,0.363861583911698f,0.3213327161486115f,-0.84729921114037f,-0.3211534320817698f,-0.4230183445939506f,1.5986596460050693f,-0.21994129923271064f,-0.5128017131421884f,0.8298555463996513f,0.7234405447505986f,0f,0f,0f,1f],start_interpolation:0}
execute if entity @s[tag=aj.blazing_inferno.bone.left_arm] run data modify entity @s {} merge value {transformation:[-0.483435488656691f,0.28819926545053054f,0.8265780735665813f,0.38379442179607626f,-0.84729921114037f,0.0831904949423003f,-0.5245601856337949f,1.483985994354347f,-0.21994129923271064f,-0.9539499593506094f,0.20397377269344577f,0.175415635239454f,0f,0f,0f,1f],start_interpolation:0}
execute if entity @s[tag=aj.blazing_inferno.bone.right_hand] run data modify entity @s {} merge value {transformation:[-0.8320701985358121f,0.5511419405236432f,0.062463958443306766f,-0.6649425726459445f,0.35647142051957637f,0.6176256624615947f,-0.7010468368244961f,1.0592944490381435f,-0.42495565775893546f,-0.5610535647019003f,-0.7103742580316105f,-0.42327104778562075f,0f,0f,0f,1f],start_interpolation:0}
execute if entity @s[tag=aj.blazing_inferno.bone.right_arm] run data modify entity @s {} merge value {transformation:[-0.8320701985358121f,0.25114734608189215f,0.4945545422545388f,-0.3755073828144745f,0.35647142051957637f,0.9252328219550571f,0.12989361620124704f,1.483985994354347f,-0.42495565775893546f,0.2843751672229905f,-0.8593855090735278f,-0.19251755436860665f,0f,0f,0f,1f],start_interpolation:0}
execute if entity @s[tag=aj.blazing_inferno.bone.head] run data modify entity @s {} merge value {transformation:[-0.9423265125562744f,-0.08419091391324583f,0.32393306985854675f,0.004972223388961089f,-0.028067074804375806f,0.9843141388231994f,0.1741778270178749f,1.6089715474933803f,-0.333516091134229f,0.15504053059505318f,-0.92990830237575f,-0.010261151477491584f,0f,0f,0f,1f],start_interpolation:0}
execute if entity @s[tag=aj.blazing_inferno.bone.bottom] run data modify entity @s {} merge value {transformation:[-1f,0f,1.2246467991473532e-16f,0f,0f,1f,0f,0.8590582286591794f,-1.2246467991473532e-16f,0f,-1f,0f,0f,0f,0f,1f],start_interpolation:0}