execute if entity @s[tag=aj.blazing_inferno.bone.body] run data modify entity @s {} merge value {transformation:[-0.6968313620098715f,0.0054522808673286086f,0.7172142814757743f,-0.0006815351084160761f,0f,0.9999711058606314f,-0.0076018053030773485f,0.7718726168202587f,-0.7172350053639793f,-0.005297176343077253f,-0.6968112276673811f,0.0006621470428846566f,0f,0f,0f,1f],start_interpolation:0}
execute if entity @s[tag=aj.blazing_inferno.bone.left_hand] run data modify entity @s {} merge value {transformation:[-0.4041522963777779f,0.8639623883426838f,0.30038294369317003f,0.17444803100388392f,-0.81912837559566f,-0.19571388365263861f,-0.5391890021500967f,1.5383231730918228f,-0.40704990557250387f,-0.4639666661246331f,0.7867943232501164f,0.848816567753838f,0f,0f,0f,1f],start_interpolation:0}
execute if entity @s[tag=aj.blazing_inferno.bone.left_arm] run data modify entity @s {} merge value {transformation:[-0.4041522963777779f,0.37404975238954236f,0.8347141451238804f,0.29738340638999494f,-0.81912837559566f,0.2580975878552388f,-0.5122639353276032f,1.5218509462157321f,-0.40704990557250387f,-0.8907706875962125f,0.2020840332455447f,0.2992727826735055f,0f,0f,0f,1f],start_interpolation:0}
execute if entity @s[tag=aj.blazing_inferno.bone.right_hand] run data modify entity @s {} merge value {transformation:[-0.6353795149736523f,0.6726379154584998f,0.3792770842530438f,-0.4784356949322239f,0.35439068045373046f,0.6903863753221952f,-0.6306931887828051f,1.0970169196563706f,-0.6860758832369698f,-0.2663172684170618f,-0.6770339688549507f,-0.6246490371583231f,0f,0f,0f,1f],start_interpolation:0}
execute if entity @s[tag=aj.blazing_inferno.bone.right_arm] run data modify entity @s {} merge value {transformation:[-0.6353795149736523f,0.12938161048250335f,0.7612839620147006f,-0.2905680553058342f,0.35439068045373046f,0.9247666430954088f,0.13861421797777715f,1.5218509462157321f,-0.6860758832369698f,0.3578645759040738f,-0.6334294181308673f,-0.305894253102352f,0f,0f,0f,1f],start_interpolation:0}
execute if entity @s[tag=aj.blazing_inferno.bone.head] run data modify entity @s {} merge value {transformation:[-0.8067703267805292f,-0.18027387632839292f,0.5626926064379852f,0.004089210650496456f,-0.0435888817758354f,0.9678834999643776f,0.2475914778061617f,1.6468473344483112f,-0.5892551647732672f,0.1752223159595892f,-0.788717624234293f,-0.003972882257307939f,0f,0f,0f,1f],start_interpolation:0}
execute if entity @s[tag=aj.blazing_inferno.bone.bottom] run data modify entity @s {} merge value {transformation:[-1f,0f,1.2246467991473532e-16f,0f,0f,1f,0f,0.8968690050528376f,-1.2246467991473532e-16f,0f,-1f,0f,0f,0f,0f,1f],start_interpolation:0}