execute if entity @s[tag=aj.blazing_inferno.bone.body] run data modify entity @s {} merge value {transformation:[-0.6336517667770409f,0.005477926953433731f,0.7735990116181816f,-0.0006847408691792164f,0f,0.9999749300000219f,-0.00708091600368894f,0.7340613624091766f,-0.7736184062316088f,-0.004486834936137321f,-0.6336358811272617f,0.0005608543670171651f,0f,0f,0f,1f],start_interpolation:0}
execute if entity @s[tag=aj.blazing_inferno.bone.left_hand] run data modify entity @s {} merge value {transformation:[-0.3410854534424296f,0.939904054963544f,-0.015526780511733562f,-0.016752108462202875f,-0.8473759047242204f,-0.3145743056179995f,-0.42778158251350884f,1.5944852778810592f,-0.4069579702411305f,-0.1327530553623556f,0.9037487686017491f,0.7952971865481515f,0f,0f,0f,1f],start_interpolation:0}
execute if entity @s[tag=aj.blazing_inferno.bone.left_arm] run data modify entity @s {} merge value {transformation:[-0.3410854534424296f,0.6615551518825763f,0.6678364279279722f,0.2707455434549602f,-0.8473759047242204f,0.09118167372032968f,-0.5231060872044674f,1.484042559909193f,-0.4069579702411305f,-0.7443323742758878f,0.5294851528249288f,0.32356599329387414f,0f,0f,0f,1f],start_interpolation:0}
execute if entity @s[tag=aj.blazing_inferno.bone.right_hand] run data modify entity @s {} merge value {transformation:[-0.5789852961127828f,0.7318783102019499f,0.3593468602076995f,-0.42703055476481905f,0.3566187292740093f,0.6236586055199707f,-0.6956098228834009f,1.0600265730041127f,-0.7332115034668948f,-0.27459803862523136f,-0.6220906753576938f,-0.6623127498627099f,0f,0f,0f,1f],start_interpolation:0}
execute if entity @s[tag=aj.blazing_inferno.bone.right_arm] run data modify entity @s {} merge value {transformation:[-0.5789852961127828f,0.10272503902212554f,0.8088408948879231f,-0.2638981347631681f,0.3566187292740093f,0.9240131739180368f,0.137922936297436f,1.484042559909193f,-0.7332115034668948f,0.36830316423269904f,-0.5716237139937401f,-0.32917453696404575f,0f,0f,0f,1f],start_interpolation:0}
execute if entity @s[tag=aj.blazing_inferno.bone.head] run data modify entity @s {} merge value {transformation:[-0.7150253517334475f,-0.1476884304974596f,0.6833204766986403f,0.004108445215075298f,-0.028966011611935294f,0.9828501552512258f,0.1821168374806095f,1.6090394261591958f,-0.6984981865042722f,0.11042508691342992f,-0.707040722752519f,-0.0033651262021029906f,0f,0f,0f,1f],start_interpolation:0}
execute if entity @s[tag=aj.blazing_inferno.bone.bottom] run data modify entity @s {} merge value {transformation:[-1f,0f,1.2246467991473532e-16f,0f,0f,1f,0f,0.8590582286591794f,-1.2246467991473532e-16f,0f,-1f,0f,0f,0f,0f,1f],start_interpolation:0}