execute if entity @s[tag=aj.blazing_inferno.bone.body] run data modify entity @s {} merge value {transformation:[-0.8607420270039438f,0.1120841580224723f,-0.49654839086390723f,-0.014010519752809038f,0f,0.9754577437121731f,0.22018671674730153f,0.7318739805129157f,0.5090414157503711f,0.1895239608924155f,-0.8396174755795094f,-0.023690495111551937f,0f,0f,0f,1f],start_interpolation:0}
execute if entity @s[tag=aj.blazing_inferno.bone.left_hand] run data modify entity @s {} merge value {transformation:[-0.5855153116430167f,-0.695366508194264f,-0.4166980190897213f,0.88338182185904f,-0.7990482048793539f,0.581741009376065f,0.15198475018632335f,1.3160546767231485f,0.13672522119442013f,0.4219512025007558f,-0.8962496285062009f,-0.4012075227276087f,0f,0f,0f,1f],start_interpolation:0}
execute if entity @s[tag=aj.blazing_inferno.bone.left_arm] run data modify entity @s {} merge value {transformation:[-0.5855153116430167f,-0.6407897590957938f,-0.49654839086390723f,0.4331781414063339f,-0.7990482048793539f,0.5594995764494605f,0.22018671674730153f,1.4634672882970454f,0.13672522119442013f,0.5256887944314858f,-0.8396174755795094f,-0.09629937171192811f,0f,0f,0f,1f],start_interpolation:0}
execute if entity @s[tag=aj.blazing_inferno.bone.right_hand] run data modify entity @s {} merge value {transformation:[-0.55751893992654f,-0.04370695137309022f,-0.8290128672251458f,-0.6420628763261402f,-0.04786920904876579f,0.9986440913861996f,-0.020457701837629738f,1.0225216716146113f,0.8287829453169464f,0.02827863400346864f,-0.5588552123856996f,0.2992072247371636f,0f,0f,0f,1f],start_interpolation:0}
execute if entity @s[tag=aj.blazing_inferno.bone.right_arm] run data modify entity @s {} merge value {transformation:[-0.55751893992654f,0.460150835221968f,-0.6909658750384944f,-0.29307294387824356f,-0.04786920904876579f,0.8131202635026644f,0.5801241038833012f,1.4634672882970454f,0.8287829453169464f,0.3565061653406331f,-0.4313028908155898f,0.3332043228274475f,0f,0f,0f,1f],start_interpolation:0}
execute if entity @s[tag=aj.blazing_inferno.bone.head] run data modify entity @s {} merge value {transformation:[-0.934945601823736f,0.23839287357743794f,-0.2627652173670329f,0.08406311851685423f,0.09620788851678017f,0.8832211628458635f,0.4589819383029614f,1.585399506261067f,0.3414978240305422f,0.40384305779435203f,-0.8486990166447187f,0.1421429706693116f,0f,0f,0f,1f],start_interpolation:0}
execute if entity @s[tag=aj.blazing_inferno.bone.bottom] run data modify entity @s {} merge value {transformation:[-1f,0f,1.2246467991473532e-16f,0f,0f,1f,0f,0.8538061984769374f,-1.2246467991473532e-16f,0f,-1f,0f,0f,0f,0f,1f],start_interpolation:0}