execute if entity @s[tag=aj.blazing_inferno.bone.body] run data modify entity @s {} merge value {transformation:[-0.8270805742745615f,-0.02236136608637356f,0.5616384005429229f,0.002795170760796695f,0f,0.9992083428780468f,0.03978300545342979f,0.7565821458018431f,-0.562083377852131f,0.03290375099679073f,-0.8264258100475079f,-0.004112968874598841f,0f,0f,0f,1f],start_interpolation:0}
execute if entity @s[tag=aj.blazing_inferno.bone.left_hand] run data modify entity @s {} merge value {transformation:[-0.4560765696248324f,-0.19578535566352184f,0.8681372340517102f,0.7872013024592601f,-0.8185035567391679f,0.4752197946014605f,-0.3228282429160708f,1.354986565843853f,-0.34935095569438096f,-0.8578078114162018f,-0.37698762370768707f,0.5577752561100249f,0f,0f,0f,1f],start_interpolation:0}
execute if entity @s[tag=aj.blazing_inferno.bone.left_arm] run data modify entity @s {} merge value {transformation:[-0.4560765696248324f,-0.6903306958804836f,0.5616384005429229f,0.33494876346809715f,-0.8185035567391679f,0.5731223604802245f,0.03978300545342979f,1.5059884029603783f,-0.34935095569438096f,-0.4415589317891135f,-0.8264258100475079f,0.257693769404362f,0f,0f,0f,1f],start_interpolation:0}
execute if entity @s[tag=aj.blazing_inferno.bone.right_hand] run data modify entity @s {} merge value {transformation:[-0.8397597564503723f,0.4533309378827078f,0.29882204102909804f,-0.5783967662923928f,0.28738758654791174f,0.8380566220436045f,-0.4637558337606433f,1.0708471047928292f,-0.4606646573643108f,-0.30356574083260374f,-0.8340479089645718f,-0.5022145836810308f,0f,0f,0f,1f],start_interpolation:0}
execute if entity @s[tag=aj.blazing_inferno.bone.right_arm] run data modify entity @s {} merge value {transformation:[-0.8397597564503723f,0.10925428871884021f,0.5318524718782002f,-0.3629004710760641f,0.28738758654791174f,0.9205204153322963f,0.2646706255983522f,1.5059884029603783f,-0.4606646573643108f,0.37510753838465694f,-0.8044143261419611f,-0.21656408065837357f,0f,0f,0f,1f],start_interpolation:0}
execute if entity @s[tag=aj.blazing_inferno.bone.head] run data modify entity @s {} merge value {transformation:[-0.856888619268932f,-0.17434348856371046f,0.4851249758184159f,-0.01677102456478017f,-0.01709128962864109f,0.9501645584775059f,0.31127993772820683f,1.6308894458201342f,-0.515218188718346f,0.25844082457824225f,-0.8171649516499745f,0.024677813247593047f,0f,0f,0f,1f],start_interpolation:0}
execute if entity @s[tag=aj.blazing_inferno.bone.bottom] run data modify entity @s {} merge value {transformation:[-1f,0f,1.2246467991473532e-16f,0f,0f,1f,0f,0.881483188661599f,-1.2246467991473532e-16f,0f,-1f,0f,0f,0f,0f,1f],start_interpolation:0}