execute if entity @s[tag=aj.blazing_inferno.bone.body] run data modify entity @s {} merge value {transformation:[-0.7071067811865474f,0f,0.7071067811865477f,0f,0f,1f,0f,0.71875f,-0.7071067811865477f,0f,-0.7071067811865474f,0f,0f,0f,0f,1f],start_interpolation:0}
execute if entity @s[tag=aj.blazing_inferno.bone.left_hand] run data modify entity @s {} merge value {transformation:[-0.4055797876726388f,0.5411650574255513f,0.7366447016391398f,0.44778890519310555f,-0.8191520442889918f,0.1424002384226882f,-0.5556186645841976f,1.3601298740818863f,-0.40557978767263897f,-0.8287717132713697f,0.38554180462390286f,0.8305143363402592f,0f,0f,0f,1f],start_interpolation:0}
execute if entity @s[tag=aj.blazing_inferno.bone.left_arm] run data modify entity @s {} merge value {transformation:[-0.4055797876726388f,-0.1382249820073621f,0.9035479457009914f,0.29831067331307465f,-0.8191520442889918f,0.49357389971256405f,-0.292189551250036f,1.46875f,-0.40557978767263897f,-0.8586493229902392f,-0.3134108740293179f,0.2983106733130748f,0f,0f,0f,1f],start_interpolation:0}
execute if entity @s[tag=aj.blazing_inferno.bone.right_hand] run data modify entity @s {} merge value {transformation:[-0.6644630243886746f,0.626526399407218f,0.4073739805953281f,-0.484194599333031f,0.34202014332566866f,0.7396193211354598f,-0.5796425461977498f,1.0412512195994537f,-0.6644630243886749f,-0.24582093208054653f,-0.7057343399405378f,-0.6146566410500649f,0f,0f,0f,1f],start_interpolation:0}
execute if entity @s[tag=aj.blazing_inferno.bone.right_arm] run data modify entity @s {} merge value {transformation:[-0.6644630243886746f,0.11538279331215036f,0.7383601426321312f,-0.29831067331307465f,0.34202014332566866f,0.9254165783983234f,0.16317591116653482f,1.46875f,-0.6644630243886749f,0.36095840125009615f,-0.6543683380079065f,-0.2983106733130748f,0f,0f,0f,1f],start_interpolation:0}
execute if entity @s[tag=aj.blazing_inferno.bone.head] run data modify entity @s {} merge value {transformation:[-0.7849551917888411f,-0.18449593699100744f,0.5914444996088424f,0f,-0.0314859368563358f,0.9652774745208748f,0.2593222569755262f,1.59375f,-0.6187519556850084f,0.18493416779062816f,-0.7635085925643308f,0f,0f,0f,0f,1f],start_interpolation:0}