execute if entity @s[tag=aj.blazing_inferno.bone.body] run data modify entity @s {} merge value {transformation:[-0.6816338485550523f,0.000719597539098537f,0.7316930904986119f,-0.00008994969238731712f,0f,0.9999995163946237f,-0.0009834686160654176f,0.6549569532436408f,-0.7316934443494953f,-0.0006703654977017817f,-0.6816335189132584f,0.00008379568721272272f,0f,0f,0f,1f],start_interpolation:0}
execute if entity @s[tag=aj.blazing_inferno.bone.left_hand] run data modify entity @s {} merge value {transformation:[-0.37270433817493037f,0.9228165278190817f,0.09747375179770856f,0.048987841302696344f,-0.8378523197838503f,-0.28950460325152094f,-0.462807276227373f,1.4961191497378974f,-0.3988671038559181f,-0.2541588886506104f,0.8810835901215495f,0.8101991316327727f,0f,0f,0f,1f],start_interpolation:0}
execute if entity @s[tag=aj.blazing_inferno.bone.left_arm] run data modify entity @s {} merge value {transformation:[-0.37270433817493037f,0.5814743537434397f,0.7231729061878884f,0.28801402832109924f,-0.8378523197838503f,0.12411247202105057f,-0.5316009636199359f,1.4049565905396086f,-0.3988671038559181f,-0.8040420823734744f,0.44093237943489594f,0.3082641933988798f,0f,0f,0f,1f],start_interpolation:0}
execute if entity @s[tag=aj.blazing_inferno.bone.right_hand] run data modify entity @s {} merge value {transformation:[-0.63775994102714f,0.6908625862616267f,0.34054536338783925f,-0.46466625264457107f,0.34632649320117737f,0.6521269882613829f,-0.6743799754501263f,0.9785776921459721f,-0.6879827161550163f,-0.3121526518949257f,-0.6551644863596711f,-0.6316842852176497f,0f,0f,0f,1f],start_interpolation:0}
execute if entity @s[tag=aj.blazing_inferno.bone.right_arm] run data modify entity @s {} merge value {transformation:[-0.63775994102714f,0.10912326080895295f,0.7624659805994496f,-0.2871145313972261f,0.34632649320117737f,0.9248284534002019f,0.15732225490490928f,1.4049565905396086f,-0.6879827161550163f,0.364396001256616f,-0.627610816143376f,-0.30910215027100696f,0f,0f,0f,1f],start_interpolation:0}
execute if entity @s[tag=aj.blazing_inferno.bone.head] run data modify entity @s {} merge value {transformation:[-0.7323327675769867f,-0.12653830441217018f,0.6690865228425424f,0.0005396981543239027f,-0.019348743761346782f,0.9860525884765466f,0.1653055318903758f,1.5299565300889366f,-0.680671979479021f,0.10811267398041387f,-0.7245669783235472f,-0.0005027741232763363f,0f,0f,0f,1f],start_interpolation:0}
execute if entity @s[tag=aj.blazing_inferno.bone.bottom] run data modify entity @s {} merge value {transformation:[-1f,0f,1.2246467991473532e-16f,0f,0f,1f,0f,0.7799568927929688f,-1.2246467991473532e-16f,0f,-1f,0f,0f,0f,0f,1f],start_interpolation:0}