execute if entity @s[tag=aj.blazing_inferno.bone.body] run data modify entity @s {} merge value {transformation:[-0.9873014181578583f,0f,0.15885814333386192f,0f,0f,1f,0f,0.6026163583295769f,-0.15885814333386192f,0f,-0.9873014181578583f,0f,0f,0f,0f,1f],start_interpolation:0}
execute if entity @s[tag=aj.blazing_inferno.bone.left_hand] run data modify entity @s {} merge value {transformation:[-0.9079719668151344f,-0.1429602498237581f,0.39388992681736f,0.7884305547672535f,-0.3927384270845745f,0.6180637656474028f,-0.6809946471778517f,0.9382629003227814f,-0.14609392653012981f,-0.7730197594913606f,-0.6173305565634412f,0.15289561386567307f,0f,0f,0f,1f],start_interpolation:0}
execute if entity @s[tag=aj.blazing_inferno.bone.left_arm] run data modify entity @s {} merge value {transformation:[-0.9079719668151344f,-0.3796104003841305f,0.1774340762031259f,0.4165177857853465f,-0.3927384270845745f,0.918573012866171f,-0.044498853076227564f,1.352616358329577f,-0.14609392653012981f,-0.11008889114786025f,-0.9831261367072099f,0.06701827921897299f,0f,0f,0f,1f],start_interpolation:0}
execute if entity @s[tag=aj.blazing_inferno.bone.right_hand] run data modify entity @s {} merge value {transformation:[-0.9489807864355859f,0.3149583358444126f,-0.015385501558777104f,-0.714478784562543f,0.2758994890262368f,0.805690264044554f,-0.5241590124941842f,0.9088514217974817f,-0.15269230147966986f,-0.5016616839125099f,-0.851481424320523f,-0.2449922571268712f,0f,0f,0f,1f],start_interpolation:0}
execute if entity @s[tag=aj.blazing_inferno.bone.right_arm] run data modify entity @s {} merge value {transformation:[-0.9489807864355859f,0.22593336719157478f,0.21997631819260446f,-0.4165177857853465f,0.2758994890262368f,0.9326985237167333f,0.2322777126882553f,1.352616358329577f,-0.15269230147966986f,0.281118440245572f,-0.9474478791061481f,-0.06701827921897299f,0f,0f,0f,1f],start_interpolation:0}
execute if entity @s[tag=aj.blazing_inferno.bone.head] run data modify entity @s {} merge value {transformation:[-0.9885749260320261f,-0.021470959094662033f,0.1491932087473473f,0f,-0.002229491154786508f,0.9917771482634221f,0.12795748337500518f,1.477616358329577f,-0.15071378500311416f,0.12616293472343354f,-0.9804938902981526f,0f,0f,0f,0f,1f],start_interpolation:0}
execute if entity @s[tag=aj.blazing_inferno.bone.bottom] run data modify entity @s {} merge value {transformation:[-1f,0f,1.2246467991473532e-16f,0f,0f,1f,0f,0.7276163583295769f,-1.2246467991473532e-16f,0f,-1f,0f,0f,0f,0f,1f],start_interpolation:0}