execute if entity @s[tag=aj.blazing_inferno.bone.body] run data modify entity @s {} merge value {transformation:[-0.8235325976284275f,0.01069213459003861f,0.5671681751485032f,-0.0013365168237548263f,0f,0.999822352380809f,-0.01884843971540817f,0.7812219011170558f,-0.5672689491267564f,-0.015522304520072906f,-0.8233862990231325f,0.0019402880650091132f,0f,0f,0f,1f],start_interpolation:0}
execute if entity @s[tag=aj.blazing_inferno.bone.left_hand] run data modify entity @s {} merge value {transformation:[-0.4603859186765812f,0.8546983118189498f,0.2398657992673361f,0.2278877713690607f,-0.836212332440391f,-0.326842080795558f,-0.4403671074181529f,1.632523949540834f,-0.2979827863466636f,-0.40331755478167275f,0.8651827604882169f,0.7692090170586882f,0f,0f,0f,1f],start_interpolation:0}
execute if entity @s[tag=aj.blazing_inferno.bone.left_arm] run data modify entity @s {} merge value {transformation:[-0.4603859186765812f,0.4000846816490641f,0.7924500321118598f,0.354110398743267f,-0.836212332440391f,0.10419675895416848f,-0.5384161684961253f,1.5310886654026625f,-0.2979827863466636f,-0.9105357120581345f,0.286585024221198f,0.22961514758780477f,0f,0f,0f,1f],start_interpolation:0}
execute if entity @s[tag=aj.blazing_inferno.bone.right_hand] run data modify entity @s {} merge value {transformation:[-0.7454372903802451f,0.6465756050428738f,0.16205935046766048f,-0.5959493955093237f,0.3651535727841133f,0.599499395987892f,-0.7122242220629327f,1.108667815829956f,-0.5576612900260832f,-0.4717419434114315f,-0.6829885975862628f,-0.520705850031744f,0f,0f,0f,1f],start_interpolation:0}
execute if entity @s[tag=aj.blazing_inferno.bone.right_arm] run data modify entity @s {} merge value {transformation:[-0.7454372903802451f,0.2172887963431699f,0.6301657124076926f,-0.3407452305057187f,0.3651535727841133f,0.9240228601783107f,0.11333411732965121f,1.5310886654026625f,-0.5576612900260832f,0.31459073866156695f,-0.768144877451392f,-0.24901802823789593f,0f,0f,0f,1f],start_interpolation:0}
execute if entity @s[tag=aj.blazing_inferno.bone.head] run data modify entity @s {} merge value {transformation:[-0.8965963823816918f,-0.1170629852634248f,0.4270962240306959f,0.008019100942528959f,-0.03607850961624312f,0.9805321932871606f,0.19301543739126353f,1.6560664594502637f,-0.4413765605964296f,0.1576479476830742f,-0.8833650753495865f,-0.01164172839005468f,0f,0f,0f,1f],start_interpolation:0}
execute if entity @s[tag=aj.blazing_inferno.bone.bottom] run data modify entity @s {} merge value {transformation:[-1f,0f,1.2246467991473532e-16f,0f,0f,1f,0f,0.9061996951646569f,-1.2246467991473532e-16f,0f,-1f,0f,0f,0f,0f,1f],start_interpolation:0}