execute if entity @s[tag=aj.blazing_inferno.bone.body] run data modify entity @s {} merge value {transformation:[-0.6002220177359107f,0.01179874021950755f,0.7997464092787568f,-0.0014748425274384437f,0f,0.9998911907548547f,-0.014751496562679182f,0.7812132963203001f,-0.7998334385514475f,-0.008854173031475648f,-0.6001567080312412f,0.001106771628934456f,0f,0f,0f,1f],start_interpolation:0}
execute if entity @s[tag=aj.blazing_inferno.bone.left_hand] run data modify entity @s {} merge value {transformation:[-0.33889722676266537f,0.9396756914848927f,-0.04645712566403276f,-0.03109768920745709f,-0.8362699061655484f,-0.32349171422985884f,-0.4427253718350602f,1.6304519065020024f,-0.4310467651362662f,-0.11118770461258992f,0.8954529471773177f,0.8035259416210414f,0f,0f,0f,1f],start_interpolation:0}
execute if entity @s[tag=aj.blazing_inferno.bone.left_arm] run data modify entity @s {} merge value {transformation:[-0.33889722676266537f,0.6686753799435038f,0.6618322339913536f,0.26059287636952955f,-0.8362699061655484f,0.10819838172325433f,-0.5375367468688387f,1.531131689386441f,-0.4310467651362662f,-0.7356400930141587f,0.5225249657343471f,0.33189587374421964f,0f,0f,0f,1f],start_interpolation:0}
execute if entity @s[tag=aj.blazing_inferno.bone.right_hand] run data modify entity @s {} merge value {transformation:[-0.5304400094230594f,0.7611078031188646f,0.373293863376885f,-0.3999485076390239f,0.36529961104490644f,0.6025891210295671f,-0.7095368527337067f,1.1090379845018288f,-0.7649768562340332f,-0.24000263175304873f,-0.5976697634797211f,-0.6827747972553138f,0f,0f,0f,1f],start_interpolation:0}
execute if entity @s[tag=aj.blazing_inferno.bone.right_arm] run data modify entity @s {} merge value {transformation:[-0.5304400094230594f,0.10286410310975094f,0.8414584794835045f,-0.2458444510951451f,0.36529961104490644f,0.9234586013280606f,0.11738997318196313f,1.531131689386441f,-0.7649768562340332f,0.3696527937465758f,-0.5274156060467369f,-0.3429635900335642f,0f,0f,0f,1f],start_interpolation:0}
execute if entity @s[tag=aj.blazing_inferno.bone.head] run data modify entity @s {} merge value {transformation:[-0.7094281148148516f,-0.1643544472158038f,0.685346164788739f,0.008849055164630661f,-0.03667285133630053f,0.9797198888183927f,0.19698741439122877f,1.656118088230798f,-0.7038230259696762f,0.11461481201862023f,-0.7010681799802534f,-0.006640629773606736f,0f,0f,0f,1f],start_interpolation:0}
execute if entity @s[tag=aj.blazing_inferno.bone.bottom] run data modify entity @s {} merge value {transformation:[-1f,0f,1.2246467991473532e-16f,0f,0f,1f,0f,0.9061996951646569f,-1.2246467991473532e-16f,0f,-1f,0f,0f,0f,0f,1f],start_interpolation:0}