execute if entity @s[tag=aj.blazing_inferno.bone.body] run data modify entity @s {} merge value {transformation:[-0.7071067811865476f,0.18301270189221927f,-0.6830127018922191f,-0.02287658773652741f,0f,0.9659258262890683f,0.2588190451025207f,0.7230092717138664f,0.7071067811865474f,0.1830127018922193f,-0.6830127018922195f,-0.022876587736527412f,0f,0f,0f,1f],start_interpolation:0}
execute if entity @s[tag=aj.blazing_inferno.bone.left_hand] run data modify entity @s {} merge value {transformation:[-0.5554950165585022f,-0.4742561919812537f,-0.6830127018922191f,0.7687975295904721f,-0.7912401152362237f,0.5540322932223236f,0.2588190451025207f,1.3014815072631f,0.25566455878677563f,0.6841997386978845f,-0.6830127018922195f,-0.5953459505862092f,0f,0f,0f,1f],start_interpolation:0}
execute if entity @s[tag=aj.blazing_inferno.bone.left_arm] run data modify entity @s {} merge value {transformation:[-0.5554950165585022f,-0.4742561919812537f,-0.6830127018922191f,0.4126936119957118f,-0.7912401152362237f,0.5540322932223236f,0.2588190451025207f,1.4474536414306676f,0.25566455878677563f,0.6841997386978845f,-0.6830127018922195f,-0.1839277346304376f,0f,0f,0f,1f],start_interpolation:0}
execute if entity @s[tag=aj.blazing_inferno.bone.right_hand] run data modify entity @s {} merge value {transformation:[-0.2708660847496851f,0.016124425818475507f,-0.962481982701183f,-0.535012338491454f,-0.12940952255126031f,0.9901734167849102f,0.0530073595413994f,1.0084431151724533f,0.9538787866419041f,0.1389122297874483f,-0.26611774238116465f,0.45000542334599436f,0f,0f,0f,1f],start_interpolation:0}
execute if entity @s[tag=aj.blazing_inferno.bone.right_arm] run data modify entity @s {} merge value {transformation:[-0.2708660847496851f,0.5652653420620242f,-0.7791704930218282f,-0.1839277346304377f,-0.12940952255126031f,0.7806988061738407f,0.6113612266997268f,1.4474536414306676f,0.9538787866419041f,0.2664291033319046f,-0.13831411096604007f,0.4126936119957117f,0f,0f,0f,1f],start_interpolation:0}
execute if entity @s[tag=aj.blazing_inferno.bone.head] run data modify entity @s {} merge value {transformation:[-0.841506367621259f,0.35355307244939416f,-0.4084938900576943f,0.13725952641916445f,0.12940897124035589f,0.8660253950249412f,0.48296307657460447f,1.5681943697168013f,0.5245191621050531f,0.3535537301931462f,-0.7745188238197475f,0.13725952641916447f,0f,0f,0f,1f],start_interpolation:0}
execute if entity @s[tag=aj.blazing_inferno.bone.bottom] run data modify entity @s {} merge value {transformation:[-1f,0f,1.2246467991473532e-16f,0f,0f,1f,0f,0.84375f,-1.2246467991473532e-16f,0f,-1f,0f,0f,0f,0f,1f],start_interpolation:0}