execute if entity @s[tag=aj.blazing_inferno.bone.body] run data modify entity @s {} merge value {transformation:[-0.9810905174433341f,-0.019021591856838344f,0.19261250121942464f,0.002377698982104793f,-1.734723475976807e-18f,0.9951590317407152f,0.09827767571977986f,0.7193551210324106f,-0.19354946805086032f,0.09641929572504701f,-0.9763410893889056f,-0.012052411965630876f,0f,0f,0f,1f],start_interpolation:0}
execute if entity @s[tag=aj.blazing_inferno.bone.left_hand] run data modify entity @s {} merge value {transformation:[-0.5471488268777916f,-0.628026831740625f,0.5533628645473864f,0.9373411871049298f,-0.8151865552430604f,0.5498713184348049f,-0.18196816566015678f,1.3153344955871848f,-0.18999747734433026f,-0.5506576357198746f,-0.8128204763822013f,0.23238790330751058f,0f,0f,0f,1f],start_interpolation:0}
execute if entity @s[tag=aj.blazing_inferno.bone.left_arm] run data modify entity @s {} merge value {transformation:[-0.5471488268777916f,-0.8145726398672212f,0.19261250121942464f,0.4020090671358826f,-0.8151865552430604f,0.5707997710283972f,0.09827767571977986f,1.465724394837947f,-0.18999747734433026f,-0.10324260638745898f,-0.9763410893889056f,0.14191574166211107f,0f,0f,0f,1f],start_interpolation:0}
execute if entity @s[tag=aj.blazing_inferno.bone.right_hand] run data modify entity @s {} merge value {transformation:[-0.9811117753912263f,0.17377288123051968f,-0.08498629264487113f,-0.708602070948789f,0.19167501827922767f,0.9325458036655307f,-0.30597223964514636f,1.0244172301403431f,0.026083932915373198f,-0.31648271645486886f,-0.9482395892542208f,-0.22790046229192362f,0f,0f,0f,1f],start_interpolation:0}
execute if entity @s[tag=aj.blazing_inferno.bone.right_arm] run data modify entity @s {} merge value {transformation:[-0.9811117753912263f,0.18608481149365366f,0.05284058213198789f,-0.4257860569569305f,0.19167501827922767f,0.8983458458822761f,0.39526627550768295f,1.465724394837947f,0.026083932915373198f,0.3979286168616542f,-0.9170454974134256f,-0.021391622005802316f,0f,0f,0f,1f],start_interpolation:0}
execute if entity @s[tag=aj.blazing_inferno.bone.head] run data modify entity @s {} merge value {transformation:[-0.9722724747277067f,-0.06903722458133227f,0.22342805667365948f,-0.014266193892628759f,0.0159244312743349f,0.9336658374226324f,0.35779116327612603f,1.5901192738055365f,-0.23330805253023368f,0.3514284644874418f,-0.9066782157814032f,0.07231447179378525f,0f,0f,0f,1f],start_interpolation:0}