execute if entity @s[tag=aj.blazing_inferno.bone.body] run data modify entity @s {} merge value {transformation:[-0.9965123049855495f,0.00016829575003528353f,0.0834457769388465f,-0.00002103696875441044f,0f,0.9999979662093237f,-0.002016823546148921f,0.6098057999098926f,-0.08344594665043478f,-0.002009789480721991f,-0.9965102782881148f,0.00025122368509024887f,0f,0f,0f,1f],start_interpolation:0}
execute if entity @s[tag=aj.blazing_inferno.bone.left_hand] run data modify entity @s {} merge value {transformation:[-0.8163916222646064f,-0.0797928588230491f,0.5719596303735162f,0.8184133764661569f,-0.5735752698166376f,0.22728579155245626f,-0.7869895671564805f,1.0863366148365792f,-0.06720214989816543f,-0.9705535887519134f,-0.23132142661207622f,0.3242409581187516f,0f,0f,0f,1f],start_interpolation:0}
execute if entity @s[tag=aj.blazing_inferno.bone.left_arm] run data modify entity @s {} merge value {transformation:[-0.8163916222646064f,-0.46085860476610335f,0.34801446163802563f,0.42050881350955077f,-0.5735752698166376f,0.7172009841335072f,-0.3957703351853193f,1.3598042745668852f,-0.06720214989816543f,-0.5227160747202723f,-0.8498539735025631f,0.03394764031770093f,0f,0f,0f,1f],start_interpolation:0}
execute if entity @s[tag=aj.blazing_inferno.bone.right_hand] run data modify entity @s {} merge value {transformation:[-0.9503400693858379f,0.2886598139950721f,-0.11631536572633579f,-0.7443948553957856f,0.30070518793162176f,0.7554052253482155f,-0.5821849667138612f,0.9213033872414815f,-0.08018816914438766f,-0.5882503355723155f,-0.8046933578875427f,-0.17809779694940697f,0f,0f,0f,1f],start_interpolation:0}
execute if entity @s[tag=aj.blazing_inferno.bone.right_arm] run data modify entity @s {} merge value {transformation:[-0.9503400693858379f,0.27464969141446466f,0.14636017055763584f,-0.4202984438220067f,0.30070518793162176f,0.9315446777648616f,0.20445269203159966f,1.3598042745668852f,-0.08018816914438766f,0.23831084812466988f,-0.967872820775215f,-0.03645987716860342f,0f,0f,0f,1f],start_interpolation:0}
execute if entity @s[tag=aj.blazing_inferno.bone.head] run data modify entity @s {} merge value {transformation:[-0.9979919929251624f,-0.013858262406546747f,0.06180558729058537f,0.00012622181252646265f,-0.00547417006429428f,0.9909917964172729f,0.1338106606207945f,1.4848040203430508f,-0.06310321322539812f,0.133203633571827f,-0.98907774036417f,-0.0015073421105414931f,0f,0f,0f,1f],start_interpolation:0}
execute if entity @s[tag=aj.blazing_inferno.bone.bottom] run data modify entity @s {} merge value {transformation:[-1f,0f,1.2246467991473532e-16f,0f,0f,1f,0f,0.734805545686058f,-1.2246467991473532e-16f,0f,-1f,0f,0f,0f,0f,1f],start_interpolation:0}