execute if entity @s[tag=aj.blazing_inferno.bone.left_hand] run data modify entity @s {} merge value {transformation:[-0.40557978767263886f,0.8909312829192906f,0.2043195657473953f,0.11643086408530134f,-0.8191520442889917f,-0.25508830246634917f,-0.5137313366751167f,1.525181629000229f,-0.4055797876726389f,-0.3757278364196928f,0.8332668412764268f,0.8285163114796728f,0f,0f,0f,1f],start_interpolation:0}
execute if entity @s[tag=aj.blazing_inferno.bone.left_arm] run data modify entity @s {} merge value {transformation:[-0.40557978767263886f,0.485507801254387f,0.7744593021925348f,0.29831067331307465f,-0.8191520442889917f,0.18288824339568377f,-0.5436375803463249f,1.46875f,-0.4055797876726389f,-0.8548883350173706f,0.32352893299154123f,0.2983106733130748f,0f,0f,0f,1f],start_interpolation:0}
execute if entity @s[tag=aj.blazing_inferno.bone.right_hand] run data modify entity @s {} merge value {transformation:[-0.6644630243886746f,0.6610784356904841f,0.348517131695528f,-0.484194599333031f,0.34202014332566866f,0.6836541735967163f,-0.6447008550353256f,1.0412512195994537f,-0.6644630243886749f,-0.3091800006287815f,-0.6803650611483822f,-0.6146566410500649f,0f,0f,0f,1f],start_interpolation:0}