execute if entity @s[tag=aj.blazing_inferno.bone.body] run data modify entity @s {} merge value {transformation:[-0.8542774316992953f,0.11445687397996114f,-0.5070598521752548f,-0.014307109247495143f,0f,0.9754577437121731f,0.22018671674730153f,0.7318739805129157f,0.5198173426207094f,0.18810054287718497f,-0.8333115360296246f,-0.02351256785964812f,0f,0f,0f,1f],start_interpolation:0}
execute if entity @s[tag=aj.blazing_inferno.bone.left_hand] run data modify entity @s {} merge value {transformation:[-0.5837509872328188f,-0.6900093493385168f,-0.4279274269431048f,0.8782704840118646f,-0.7990482048793539f,0.581741009376065f,0.15198475018632335f,1.3160546767231485f,0.14407203470414212f,0.43065589028312856f,-0.8909426204760073f,-0.41227645627392634f,0f,0f,0f,1f],start_interpolation:0}
execute if entity @s[tag=aj.blazing_inferno.bone.left_arm] run data modify entity @s {} merge value {transformation:[-0.5837509872328188f,-0.6341333386731203f,-0.5070598521752548f,0.4319338377356159f,-0.7990482048793539f,0.5594995764494605f,0.22018671674730153f,1.4634672882970454f,0.14407203470414212f,0.5336994779238183f,-0.8333115360296246f,-0.10173510211987119f,0f,0f,0f,1f],start_interpolation:0}
execute if entity @s[tag=aj.blazing_inferno.bone.right_hand] run data modify entity @s {} merge value {transformation:[-0.5470604010292553f,-0.04334815001321135f,-0.8359700087420256f,-0.6382523318211054f,-0.04786920904876579f,0.9986440913861996f,-0.020457701837629738f,1.0225216716146113f,0.8357233133344768f,0.02882562453553994f,-0.5483936787740903f,0.30725178830404504f,0f,0f,0f,1f],start_interpolation:0}
execute if entity @s[tag=aj.blazing_inferno.bone.right_arm] run data modify entity @s {} merge value {transformation:[-0.5470604010292553f,0.46459437433873996f,-0.6963310886054888f,-0.28886274526066447f,-0.04786920904876579f,0.8131202635026644f,0.5801241038833012f,1.4634672882970454f,0.8357233133344768f,0.35069574336474685f,-0.4225861322086796f,0.3368607807163524f,0f,0f,0f,1f],start_interpolation:0}
execute if entity @s[tag=aj.blazing_inferno.bone.head] run data modify entity @s {} merge value {transformation:[-0.9305805071725094f,0.24344875904915908f,-0.273409256222206f,0.08584265548497086f,0.09620788851678017f,0.8832211628458635f,0.4589819383029614f,1.585399506261067f,0.35321942451923316f,0.4008155176869095f,-0.8453300887367471f,0.14107540715788874f,0f,0f,0f,1f],start_interpolation:0}
execute if entity @s[tag=aj.blazing_inferno.bone.bottom] run data modify entity @s {} merge value {transformation:[-1f,0f,1.2246467991473532e-16f,0f,0f,1f,0f,0.8538061984769374f,-1.2246467991473532e-16f,0f,-1f,0f,0f,0f,0f,1f],start_interpolation:0}