execute if entity @s[tag=aj.tultaria.bone.head] run data modify entity @s {} merge value {transformation:[-0.9979867850230482f,-0.0013711484515623856f,0.06340738814431485f,0f,0.0029563724013164988f,0.9976737580447481f,0.06810530354600944f,1.15625f,-0.06335326969924085f,0.06815564878125019f,-0.9956611726675003f,0f,0f,0f,0f,1f],start_interpolation:0}
execute if entity @s[tag=aj.tultaria.bone.bust] run data modify entity @s {} merge value {transformation:[-0.9780668884195238f,0f,0.20829105064152553f,0.38488791888899915f,0f,1f,0f,0f,-0.20829105064152553f,0f,-0.9780668884195238f,0.5931789695305247f,0f,0f,0f,1f],start_interpolation:0}
execute if entity @s[tag=aj.tultaria.bone.left_wing] run data modify entity @s {} merge value {transformation:[-0.9833255138282282f,0f,-0.18185415545004924f,0.08716556185641094f,0f,1f,0f,1.0625f,0.18185415545004924f,0f,-0.9833255138282282f,-0.10924017038734513f,0f,0f,0f,1f],start_interpolation:0}
execute if entity @s[tag=aj.tultaria.bone.right_wing] run data modify entity @s {} merge value {transformation:[-0.8239064454473688f,0f,0.5667258324360039f,-0.03509279919602948f,0f,1f,0f,1.0625f,-0.5667258324360039f,0f,-0.8239064454473688f,-0.13527655171753583f,0f,0f,0f,1f],start_interpolation:0}
execute if entity @s[tag=aj.tultaria.bone.body] run data modify entity @s {} merge value {transformation:[-0.9780668884195238f,0f,0.20829105064152553f,0.38488791888899915f,0f,1f,0f,0f,-0.20829105064152553f,0f,-0.9780668884195238f,0.5931789695305247f,0f,0f,0f,1f],start_interpolation:0}
execute if entity @s[tag=aj.tultaria.bone.left_hand] run data modify entity @s {} merge value {transformation:[-0.3118374281404445f,-0.9188104779146057f,0.24196017045184667f,0.5577295833923052f,-0.8420542323559891f,0.3852147746639849f,0.3775635670346669f,1.0484816104577273f,-0.4401159940085331f,-0.08600513388693118f,-0.8938126362739407f,-0.07776023446271621f,0f,0f,0f,1f],start_interpolation:0}
execute if entity @s[tag=aj.tultaria.bone.left_arm] run data modify entity @s {} merge value {transformation:[-0.3118374281404445f,-0.9441276199826255f,-0.10667921820437212f,0.21395213184177084f,-0.8420542323559891f,0.22260864039153072f,0.4913146272953821f,1f,-0.4401159940085331f,0.24303997697699262f,-0.8644243641920927f,0.04556366732783371f,0f,0f,0f,1f],start_interpolation:0}
execute if entity @s[tag=aj.tultaria.bone.rod] run data modify entity @s {} merge value {transformation:[-0.37965038240420473f,-0.8572840093508056f,0.6177051503131192f,-0.6703333046200417f,1.0052670995966597f,-0.49522260037338983f,-0.0694447465222676f,1.1128820464712292f,0.32547439819510443f,0.5295740190591209f,0.935012145765342f,-0.6031543059763549f,0f,0f,0f,1f],start_interpolation:0}
execute if entity @s[tag=aj.tultaria.bone.right_hand] run data modify entity @s {} merge value {transformation:[-0.3381349274258132f,0.5414271044619121f,0.7697541564738246f,-0.3710788708875966f,0.8953393267065747f,-0.06686973438845603f,0.4403361541770499f,1.1428479153476894f,0.2898831849337892f,0.83808420172248f,-0.4621499863851949f,-0.3466414786285742f,0f,0f,0f,1f],start_interpolation:0}
execute if entity @s[tag=aj.tultaria.bone.right_arm] run data modify entity @s {} merge value {transformation:[-0.3381349274258132f,0.5692604372065273f,0.7494046473609388f,-0.21395213184177084f,0.8953393267065747f,-0.05069499517015119f,0.4424901213782243f,1f,0.2898831849337892f,0.8205928174777861f,-0.4925395080564716f,-0.04556366732783371f,0f,0f,0f,1f],start_interpolation:0}
execute if entity @s[tag=aj.tultaria.bone.skirt] run data modify entity @s {} merge value {transformation:[-0.9993772160483045f,0f,0.03528710874441758f,-0.002205444296526099f,0f,1f,0f,0.453125f,-0.03528710874441758f,0f,-0.9993772160483045f,0.062461076003019034f,0f,0f,0f,1f],start_interpolation:0}
execute if entity @s[tag=aj.tultaria.bone.left_foot] run data modify entity @s {} merge value {transformation:[-0.9993772160483045f,0f,0.03528710874441758f,0.12051126341298588f,0f,1f,0f,0f,-0.03528710874441758f,0f,-0.9993772160483045f,0.12933304059909026f,0f,0f,0f,1f],start_interpolation:0}
execute if entity @s[tag=aj.tultaria.bone.left_leg] run data modify entity @s {} merge value {transformation:[-0.9993772160483045f,0f,0.03528710874441758f,0.12492215200603807f,0f,1f,0f,0.4375f,-0.03528710874441758f,0f,-0.9993772160483045f,0.004410888593052198f,0f,0f,0f,1f],start_interpolation:0}
execute if entity @s[tag=aj.tultaria.bone.right_foot] run data modify entity @s {} merge value {transformation:[-0.9993772160483045f,0f,0.03528710874441758f,-0.12933304059909026f,0f,1f,0f,0f,-0.03528710874441758f,0f,-0.9993772160483045f,0.12051126341298588f,0f,0f,0f,1f],start_interpolation:0}
execute if entity @s[tag=aj.tultaria.bone.right_leg] run data modify entity @s {} merge value {transformation:[-0.9993772160483045f,0f,0.03528710874441758f,-0.12492215200603807f,0f,1f,0f,0.4375f,-0.03528710874441758f,0f,-0.9993772160483045f,-0.004410888593052198f,0f,0f,0f,1f],start_interpolation:0}
execute if entity @s[tag=aj.tultaria.bone.lower] run data modify entity @s {} merge value {transformation:[-0.9993772160483045f,0f,0.03528710874441758f,0f,0f,1f,0f,0.5f,-0.03528710874441758f,0f,-0.9993772160483045f,0f,0f,0f,0f,1f],start_interpolation:0}