execute if entity @s[tag=aj.tultaria.bone.head] run data modify entity @s {} merge value {transformation:[-0.9980278094050661f,-0.00308035647059428f,0.06269771174563787f,0f,0.0017162875369810112f,0.9970828943407397f,0.07630698637859948f,1.15625f,-0.06274986861512488f,0.07626410175900211f,-0.9951111700567314f,0f,0f,0f,0f,1f],start_interpolation:0}
execute if entity @s[tag=aj.tultaria.bone.bust] run data modify entity @s {} merge value {transformation:[-0.979799523376125f,0f,0.19998223419073552f,0.3899086445926947f,0f,1f,0f,0f,-0.19998223419073552f,0f,-0.979799523376125f,0.5898908787834303f,0f,0f,0f,1f],start_interpolation:0}
execute if entity @s[tag=aj.tultaria.bone.left_wing] run data modify entity @s {} merge value {transformation:[-0.9817466134036658f,0f,-0.19019355160055507f,0.08623524948484973f,0f,1f,0f,1.0625f,0.19019355160055507f,0f,-0.9817466134036658f,-0.10997605078509454f,0f,0f,0f,1f],start_interpolation:0}
execute if entity @s[tag=aj.tultaria.bone.right_wing] run data modify entity @s {} merge value {transformation:[-0.828686837819366f,0f,0.5597125376699539f,-0.036239690937165836f,0f,1f,0f,1.0625f,-0.5597125376699539f,0f,-0.828686837819366f,-0.13497383005893648f,0f,0f,0f,1f],start_interpolation:0}
execute if entity @s[tag=aj.tultaria.bone.body] run data modify entity @s {} merge value {transformation:[-0.979799523376125f,0f,0.19998223419073552f,0.3899086445926947f,0f,1f,0f,0f,-0.19998223419073552f,0f,-0.979799523376125f,0.5898908787834303f,0f,0f,0f,1f],start_interpolation:0}
execute if entity @s[tag=aj.tultaria.bone.left_hand] run data modify entity @s {} merge value {transformation:[-0.33451507960294236f,-0.9069080281726302f,0.2561591106212483f,0.5585705735305384f,-0.8340889067993696f,0.411440347243638f,0.36744052064826405f,1.0400929205948093f,-0.43862895147546943f,-0.0907450775307751f,-0.8940749262961487f,-0.08128972741885336f,0f,0f,0f,1f],start_interpolation:0}
execute if entity @s[tag=aj.tultaria.bone.left_arm] run data modify entity @s {} merge value {transformation:[-0.33451507960294236f,-0.9371805049106895f,-0.09895636782735195f,0.21433114573852735f,-0.8340889067993696f,0.2455609401760822f,0.49395902685756365f,1f,-0.43862895147546943f,0.24777515185180218f,-0.8638357002650137f,0.04374611372922339f,0f,0f,0f,1f],start_interpolation:0}
execute if entity @s[tag=aj.tultaria.bone.rod] run data modify entity @s {} merge value {transformation:[-0.38297306521217217f,-0.8167962453895357f,0.6712308347219501f,-0.7034961932655674f,1.0052304765486735f,-0.502446769552986f,-0.037871380031241034f,1.0913971589875686f,0.3274425582933521f,0.5871681581330012f,0.9013269294406877f,-0.5745127360324511f,0f,0f,0f,1f],start_interpolation:0}
execute if entity @s[tag=aj.tultaria.bone.right_hand] run data modify entity @s {} merge value {transformation:[-0.3405886943586512f,0.5963459694891399f,0.7268912064051449f,-0.38900505390649687f,0.8939796728199666f,-0.03404807685612088f,0.44681212276202315f,1.1344806455117762f,0.29120385618974004f,0.802005120392917f,-0.5215247846495576f,-0.33895141396630196f,0f,0f,0f,1f],start_interpolation:0}
execute if entity @s[tag=aj.tultaria.bone.right_arm] run data modify entity @s {} merge value {transformation:[-0.3405886943586512f,0.6103107346757022f,0.7152063677112179f,-0.21433114573852735f,0.8939796728199666f,-0.02538896069039054f,0.447387690107548f,1f,0.29120385618974004f,0.7917551438510939f,-0.5369581979312342f,-0.04374611372922339f,0f,0f,0f,1f],start_interpolation:0}