execute if entity @s[tag=aj.tultaria.bone.head] run data modify entity @s {} merge value {transformation:[-0.9790527592959225f,0.03488501718565054f,-0.20059593737410925f,0f,-0.0024009350215186964f,0.9831662085645723f,0.18269767882429844f,1.5914664583333333f,0.2035925588671234f,0.17935228438110548f,-0.9624878326821676f,0f,0f,0f,0f,1f],start_interpolation:0}
execute if entity @s[tag=aj.tultaria.bone.bust] run data modify entity @s {} merge value {transformation:[-0.8049900006436179f,0f,-0.5932883774892176f,0.6991391890664178f,0f,1f,0f,0.43521645833333333f,0.5932883774892176f,0f,-0.8049900006436179f,0.10585081157720017f,0f,0f,0f,1f],start_interpolation:0}
execute if entity @s[tag=aj.tultaria.bone.left_wing] run data modify entity @s {} merge value {transformation:[-0.5117183781008972f,0.0008331491906124096f,-0.8591528428494046f,-0.023849172145925968f,-0.009449792745980751f,0.9999335814242373f,0.006598041918353169f,1.4977164583333333f,0.859101276294504f,0.011495155611148462f,-0.5116765174078544f,-0.13770427367352833f,0f,0f,0f,1f],start_interpolation:0}
execute if entity @s[tag=aj.tultaria.bone.right_wing] run data modify entity @s {} merge value {transformation:[-0.972076188149696f,0.010733343594218502f,-0.2344198792074716f,-0.12447292222637829f,0.009449792745980751f,0.9999335814242373f,0.006598041918353169f,1.4977164583333333f,0.23447512842392293f,0.004198580163196208f,-0.9721130521061829f,-0.06354322648737609f,0f,0f,0f,1f],start_interpolation:0}
execute if entity @s[tag=aj.tultaria.bone.body] run data modify entity @s {} merge value {transformation:[-0.8049900006436179f,0f,-0.5932883774892176f,0.6991391890664178f,0f,1f,0f,0.43521645833333333f,0.5932883774892176f,0f,-0.8049900006436179f,0.10585081157720017f,0f,0f,0f,1f],start_interpolation:0}
execute if entity @s[tag=aj.tultaria.bone.left_hand] run data modify entity @s {} merge value {transformation:[-0.8941516778672761f,-0.40585775099804394f,-0.1891355675750725f,0.2745830483295039f,-0.3032282489766226f,0.8596523248847134f,-0.41115752375808295f,1.1827553914926965f,0.3294622982826812f,-0.3102859427610555f,-0.8917271038468984f,-0.37939157692986336f,0f,0f,0f,1f],start_interpolation:0}
execute if entity @s[tag=aj.tultaria.bone.left_arm] run data modify entity @s {} merge value {transformation:[-0.8941516778672761f,-0.1570234613720212f,-0.41932852221842054f,0.17609156264079143f,-0.3032282489766226f,0.9014141756243749f,0.30903901534595923f,1.4352164583333333f,0.3294622982826812f,0.4034800076362868f,-0.8536149468279687f,-0.12978183257576634f,0f,0f,0f,1f],start_interpolation:0}
execute if entity @s[tag=aj.tultaria.bone.rod] run data modify entity @s {} merge value {transformation:[0.01115203252967031f,-0.012822577378960916f,-0.06170262295735687f,-0.26730404122346124f,-0.047341662235616734f,0.039656159011811694f,-0.016797501873751702f,0.20209509869768488f,0.041598067109253546f,0.048569234725188676f,-0.0025749273744269593f,0.5381570086265431f,0f,0f,0f,1f],start_interpolation:0}
execute if entity @s[tag=aj.tultaria.bone.sword] run data modify entity @s {} merge value {transformation:[-0.00000546416674274029f,-0.0000023025236300034215f,-0.000008052407512092696f,-0.2879798871315365f,0.0000038784635818822044f,0.000007825896800432276f,-0.000004869585147935844f,0.929007192912293f,0.000007422964505609903f,-0.000005783919449841929f,-0.0000033831750983648194f,0.4803072509847015f,0f,0f,0f,1f],start_interpolation:0}
execute if entity @s[tag=aj.tultaria.bone.right_hand] run data modify entity @s {} merge value {transformation:[-0.546416674274029f,-0.23025236300034213f,-0.8052407512092695f,-0.42015843587382556f,0.3878463581882204f,0.7825896800432275f,-0.4869585147935844f,1.1723144902668725f,0.7422964505609903f,-0.5783919449841929f,-0.3383175098364819f,0.2137824520796231f,0f,0f,0f,1f],start_interpolation:0}
execute if entity @s[tag=aj.tultaria.bone.right_arm] run data modify entity @s {} merge value {transformation:[-0.546416674274029f,0.3539819849634977f,-0.7590293620121769f,-0.17609156264079143f,0.3878463581882204f,0.9102031038215643f,0.14527736311526726f,1.4352164583333333f,0.7422964505609903f,-0.21500480021360632f,-0.6346407766364078f,0.12978183257576634f,0f,0f,0f,1f],start_interpolation:0}
execute if entity @s[tag=aj.tultaria.bone.skirt] run data modify entity @s {} merge value {transformation:[-0.8184435535836675f,0.020816979244072165f,-0.5742097203744381f,0.0347026694448958f,0f,0.9993434973167575f,0.03622946826427065f,0.8856598612363502f,0.5745869382411495f,0.029651774750656376f,-0.8179062431946573f,0.04943059824203611f,0f,0f,0f,1f],start_interpolation:0}
execute if entity @s[tag=aj.tultaria.bone.left_foot] run data modify entity @s {} merge value {transformation:[-0.8184435535836675f,0.23510185106360637f,-0.5242873918222756f,0.16340778518584392f,0f,0.9124596417509172f,0.4091667168475313f,0.431034480875352f,0.5745869382411495f,0.33487986174485584f,-0.7467967116963008f,0.015211011265749558f,0f,0f,0f,1f],start_interpolation:0}
execute if entity @s[tag=aj.tultaria.bone.left_leg] run data modify entity @s {} merge value {transformation:[-0.8184435535836675f,0.020816979244072165f,-0.5742097203744381f,0.10073899855832075f,0f,0.9993434973167575f,0.03622946826427065f,0.8727759444844673f,0.5745869382411495f,0.029651774750656376f,-0.8179062431946573f,-0.07405461768017044f,0f,0f,0f,1f],start_interpolation:0}
execute if entity @s[tag=aj.tultaria.bone.right_foot] run data modify entity @s {} merge value {transformation:[-0.8184435535836675f,0.2351018510636064f,-0.5242873918222757f,0.05115879776546503f,0f,0.9124596417509172f,0.40916671684753136f,0.5063983899977317f,0.5745869382411495f,0.33487986174485584f,-0.7467967116963009f,0.29041834600528493f,0f,0f,0f,1f],start_interpolation:0}
execute if entity @s[tag=aj.tultaria.bone.right_leg] run data modify entity @s {} merge value {transformation:[-0.8184435535836675f,-0.20050816563797783f,-0.538466921091567f,-0.10387188983759613f,0f,0.9371374203873336f,-0.34896053546178274f,0.8727759444844673f,0.5745869382411495f,-0.2856045007038009f,-0.7669940805380406f,0.06959211688011693f,0f,0f,0f,1f],start_interpolation:0}
execute if entity @s[tag=aj.tultaria.bone.lower] run data modify entity @s {} merge value {transformation:[-0.8184435535836675f,0.025063130234203094f,-0.5740400587939851f,0f,0f,0.9990482215818578f,0.043619387365336f,0.9352164583333333f,0.5745869382411495f,0.03570000640042812f,-0.8176645766728989f,0f,0f,0f,0f,1f],start_interpolation:0}