execute if entity @s[tag=aj.tultaria.bone.head] run data modify entity @s {} merge value {transformation:[-0.7748920616162295f,0.17841281136051562f,-0.6063919207794466f,0f,-0.0464318083352867f,0.9406806072894865f,0.33610129759374324f,1.55547768f,0.6303858976998651f,0.28859810084600324f,-0.7206419056433058f,0f,0f,0f,0f,1f],start_interpolation:0}
execute if entity @s[tag=aj.tultaria.bone.bust] run data modify entity @s {} merge value {transformation:[-0.5111108022433096f,0f,-0.8595148328156998f,0.6853128175295047f,0f,1f,0f,0.39922768f,0.8595148328156998f,0f,-0.5111108022433096f,-0.1742020152861951f,0f,0f,0f,1f],start_interpolation:0}
execute if entity @s[tag=aj.tultaria.bone.left_wing] run data modify entity @s {} merge value {transformation:[-0.04107001779783509f,0.08948101746465884f,-0.9951413975669864f,-0.07549492896175569f,-0.15097794892864203f,0.9839897466912703f,0.09470922523044017f,1.46172768f,0.9876836095508449f,0.1541341166644793f,-0.02690281592463556f,-0.11760852733139493f,0f,0f,0f,1f],start_interpolation:0}
execute if entity @s[tag=aj.tultaria.bone.right_wing] run data modify entity @s {} merge value {transformation:[-0.8481810435994541f,0.1781544942149105f,-0.4988485676731672f,-0.13938377924216938f,0.15097794892864203f,0.9839897466912703f,0.09470922523044017f,1.46172768f,0.5077347498604378f,0.005015435921164824f,-0.8614988503687508f,-0.010169173229432449f,0f,0f,0f,1f],start_interpolation:0}
execute if entity @s[tag=aj.tultaria.bone.body] run data modify entity @s {} merge value {transformation:[-0.5111108022433096f,0f,-0.8595148328156998f,0.6853128175295047f,0f,1f,0f,0.39922768f,0.8595148328156998f,0f,-0.5111108022433096f,-0.1742020152861951f,0f,0f,0f,1f],start_interpolation:0}
execute if entity @s[tag=aj.tultaria.bone.left_hand] run data modify entity @s {} merge value {transformation:[-0.5415983282296439f,-0.7772244512147872f,-0.32030205009135976f,0.24386799324967615f,-0.8059386180923919f,0.5884145191993813f,-0.06504842398311289f,1.327065123083677f,0.2390276024357452f,0.22291367393956352f,-0.9450795200640978f,-0.5243137515663805f,0f,0f,0f,1f],start_interpolation:0}
execute if entity @s[tag=aj.tultaria.bone.left_arm] run data modify entity @s {} merge value {transformation:[-0.5415983282296439f,-0.43298705425196926f,-0.7205508043913748f,0.11180548799072398f,-0.8059386180923919f,0.5111686920478297f,0.29861264564220463f,1.39922768f,0.2390276024357452f,0.7424478292245951f,-0.6258090972121658f,-0.18801886967843434f,0f,0f,0f,1f],start_interpolation:0}
execute if entity @s[tag=aj.tultaria.bone.rod] run data modify entity @s {} merge value {transformation:[0.3492310935083398f,0.6157576019521719f,-0.46688780125966034f,0.23756505163157915f,0.6820196266360767f,-0.004726590028334476f,0.5039155566460423f,1.5071485922603585f,0.36330548056718864f,-0.5830302179002514f,-0.4971809457380979f,0.2781367042802092f,0f,0f,0f,1f],start_interpolation:0}
execute if entity @s[tag=aj.tultaria.bone.sword] run data modify entity @s {} merge value {transformation:[0.000002033109187790719f,-0.00000906074791293726f,-0.0000037107026677873353f,0.45913077784578377f,0.000009052414384369169f,0.0000031836447868824473f,-0.0000028139295806082967f,1.2639906076847693f,0.000003730986577862099f,-0.0000027869792121864325f,0.00000884943422070889f,0.5400561187011474f,0f,0f,0f,1f],start_interpolation:0}
execute if entity @s[tag=aj.tultaria.bone.right_hand] run data modify entity @s {} merge value {transformation:[0.20331091877907187f,-0.906074791293726f,-0.3710702667787335f,0.0840094003067019f,0.9052414384369168f,0.3183644786882447f,-0.28139295806082965f,1.3331046673932052f,0.3730986577862099f,-0.27869792121864323f,0.8849434220708889f,0.49302127003762536f,0f,0f,0f,1f],start_interpolation:0}
execute if entity @s[tag=aj.tultaria.bone.right_arm] run data modify entity @s {} merge value {transformation:[0.20331091877907187f,-0.7007047490268293f,-0.6838695233715696f,-0.11180548799072398f,0.9052414384369168f,0.4006743411220637f,-0.14141432212849525f,1.39922768f,0.3730986577862099f,-0.5903159552795845f,0.7157684433533518f,0.18801886967843434f,0f,0f,0f,1f],start_interpolation:0}
execute if entity @s[tag=aj.tultaria.bone.skirt] run data modify entity @s {} merge value {transformation:[-0.7731526911314072f,-0.05088670575144423f,-0.6321751809222099f,0.03830425480981744f,0f,0.996775966350027f,-0.0802351101885583f,0.8496710829030168f,0.6342199273093387f,-0.062033991365508835f,-0.7706600208386323f,0.04669521787755f,0f,0f,0f,1f],start_interpolation:0}
execute if entity @s[tag=aj.tultaria.bone.left_foot] run data modify entity @s {} merge value {transformation:[-0.7731526911314072f,0.11879573105900729f,-0.6229947756429574f,0.1961998999802014f,0f,0.9823008530904986f,0.1873099944415103f,0.4107270696465669f,0.6342199273093387f,0.1448192262782626f,-0.759468548067596f,0.042087104993133506f,0f,0f,0f,1f],start_interpolation:0}
execute if entity @s[tag=aj.tultaria.bone.left_leg] run data modify entity @s {} merge value {transformation:[-0.7731526911314072f,-0.05088670575144423f,-0.6321751809222099f,0.09491506859866831f,0f,0.996775966350027f,-0.0802351101885583f,0.8367871661511339f,0.6342199273093387f,-0.062033991365508835f,-0.7706600208386323f,-0.08138526883410564f,0f,0f,0f,1f],start_interpolation:0}
execute if entity @s[tag=aj.tultaria.bone.right_foot] run data modify entity @s {} merge value {transformation:[-0.7731526911314072f,0.11879573105900731f,-0.6229947756429575f,0.0986089896206906f,0f,0.9823008530904989f,0.18730999444151042f,0.5042734526048905f,0.6342199273093387f,0.14481922627826277f,-0.7594685480675962f,0.3173028740183874f,0f,0f,0f,1f],start_interpolation:0}
execute if entity @s[tag=aj.tultaria.bone.right_leg] run data modify entity @s {} merge value {transformation:[-0.7731526911314072f,-0.28893615401201667f,-0.5645802113969344f,-0.09837310418418348f,0f,0.8901962664468004f,-0.4555772241938544f,0.8367871661511339f,0.6342199273093387f,-0.3522307569036549f,-0.6882576390384749f,0.07716971299322904f,0f,0f,0f,1f],start_interpolation:0}
execute if entity @s[tag=aj.tultaria.bone.lower] run data modify entity @s {} merge value {transformation:[-0.7731526911314072f,0.027664284684121288f,-0.63361629047017f,0f,0f,0.9990482215818578f,0.043619387365336f,0.89922768f,0.6342199273093387f,0.03372444672701283f,-0.7724168210860597f,0f,0f,0f,0f,1f],start_interpolation:0}