execute if entity @s[tag=aj.tultaria.bone.head] run data modify entity @s {} merge value {transformation:[-0.779747881991149f,0.19095093633627164f,-0.5962641867852021f,0f,-0.045224446418918623f,0.9326905857693943f,0.3578309945536389f,1.15625f,0.6244581571061583f,0.3059836778807737f,-0.7186278584177873f,0f,0f,0f,0f,1f],start_interpolation:0}
execute if entity @s[tag=aj.tultaria.bone.bust] run data modify entity @s {} merge value {transformation:[-0.7829631758690647f,0f,-0.6220680551459203f,0.7025156155074925f,0f,1f,0f,0f,0.6220680551459203f,0f,-0.7829631758690647f,0.08044756036157219f,0f,0f,0f,1f],start_interpolation:0}
execute if entity @s[tag=aj.tultaria.bone.left_wing] run data modify entity @s {} merge value {transformation:[-0.4853085143875472f,0f,-0.8743429795354632f,-0.028823308401423553f,0f,1f,0f,1.0625f,0.8743429795354632f,0f,-0.4853085143875472f,-0.1367496504302531f,0f,0f,0f,1f],start_interpolation:0}
execute if entity @s[tag=aj.tultaria.bone.right_wing] run data modify entity @s {} merge value {transformation:[-0.9614187914033806f,0f,-0.2750889084213731f,-0.12669370538505653f,0f,1f,0f,1.0625f,0.2750889084213731f,0f,-0.9614187914033806f,-0.05899114353701307f,0f,0f,0f,1f],start_interpolation:0}
execute if entity @s[tag=aj.tultaria.bone.body] run data modify entity @s {} merge value {transformation:[-0.7829631758690647f,0f,-0.6220680551459203f,0.7025156155074925f,0f,1f,0f,0f,0.6220680551459203f,0f,-0.7829631758690647f,0.08044756036157219f,0f,0f,0f,1f],start_interpolation:0}
execute if entity @s[tag=aj.tultaria.bone.left_hand] run data modify entity @s {} merge value {transformation:[-0.8981277680298154f,-0.35513192945083605f,-0.25932185595955515f,0.2340540451954089f,-0.20015127028973437f,0.8552395819464763f,-0.47802167991987776f,0.724397647320751f,0.3915430771897104f,-0.3774209455721062f,-0.8391945236643705f,-0.37239094044388f,0f,0f,0f,1f],start_interpolation:0}
execute if entity @s[tag=aj.tultaria.bone.left_arm] run data modify entity @s {} merge value {transformation:[-0.8981277680298154f,-0.05662056562894152f,-0.4360741036127238f,0.1712731947213579f,-0.20015127028973437f,0.9356324794012241f,0.2907427256027634f,1f,0.3915430771897104f,0.34840490099505883f,-0.8516501885559796f,-0.13607738706317007f,0f,0f,0f,1f],start_interpolation:0}
execute if entity @s[tag=aj.tultaria.bone.rod] run data modify entity @s {} merge value {transformation:[0.027779721353891985f,-0.3650886896787427f,-0.9639132010751532f,0.31133095618839063f,0.9287809828449874f,0.4270128467203555f,-0.1349668036891567f,0.89091587699649f,0.44697236653264066f,-0.8646157533038747f,0.3403607294500554f,0.5490230871250709f,0f,0f,0f,1f],start_interpolation:0}
execute if entity @s[tag=aj.tultaria.bone.right_hand] run data modify entity @s {} merge value {transformation:[0.026941540106145245f,-0.8708411430992923f,-0.4908256889184048f,-0.07658768358864454f,0.9007574187074232f,0.23406941936967107f,-0.36585185466180836f,0.9329604274273906f,0.43348613133553515f,-0.43225826817015633f,0.7907228108119104f,0.48576658791275107f,0f,0f,0f,1f],start_interpolation:0}
execute if entity @s[tag=aj.tultaria.bone.right_arm] run data modify entity @s {} merge value {transformation:[0.026941540106145245f,-0.5036048639580162f,-0.8635139225365951f,-0.1712731947213579f,0.9007574187074232f,0.38682346227335773f,-0.1974934978129459f,1f,0.43348613133553515f,-0.7724957928899548f,0.4640474371301613f,0.13607738706317007f,0f,0f,0f,1f],start_interpolation:0}