execute if entity @s[tag=aj.tultaria.bone.head] run data modify entity @s {} merge value {transformation:[-0.6791570631429835f,0.30080749351309255f,-0.669522617563715f,0f,-0.10290785585349105f,0.8641319982344497f,0.49263156905640354f,1.494870625f,0.7267431848917709f,0.4034733466707657f,-0.5559258959066914f,0f,0f,0f,0f,1f],start_interpolation:0}
execute if entity @s[tag=aj.tultaria.bone.bust] run data modify entity @s {} merge value {transformation:[-0.521977428285414f,0f,-0.8529592981851746f,0.6874683632352943f,0f,1f,0f,0.338620625f,0.8529592981851746f,0f,-0.521977428285414f,-0.16549093494988026f,0f,0f,0f,1f],start_interpolation:0}
execute if entity @s[tag=aj.tultaria.bone.left_wing] run data modify entity @s {} merge value {transformation:[0.13210032261151067f,0.22579472220133864f,-0.9651767963393834f,-0.07399632300530845f,-0.3443065131861158f,0.923534548321467f,0.168928869747841f,1.401120625f,0.9295173638741527f,0.31000109916367125f,0.19974180527311225f,-0.11855713467225015f,0f,0f,0f,1f],start_interpolation:0}
execute if entity @s[tag=aj.tultaria.bone.right_wing] run data modify entity @s {} merge value {transformation:[-0.8878057675678788f,0.3787952547578721f,-0.26137152493362487f,-0.1392435015409852f,0.3443065131861158f,0.923534548321467f,0.168928869747841f,1.401120625f,0.3053750874757612f,0.05998410647482186f,-0.9503409719251238f,-0.011937222399103331f,0f,0f,0f,1f],start_interpolation:0}
execute if entity @s[tag=aj.tultaria.bone.body] run data modify entity @s {} merge value {transformation:[-0.521977428285414f,0f,-0.8529592981851746f,0.6874683632352943f,0f,1f,0f,0.338620625f,0.8529592981851746f,0f,-0.521977428285414f,-0.16549093494988026f,0f,0f,0f,1f],start_interpolation:0}
execute if entity @s[tag=aj.tultaria.bone.left_hand] run data modify entity @s {} merge value {transformation:[-0.4476144287205888f,-0.8087043635831401f,-0.3816262248886067f,0.2882472285479109f,-0.8928353008876903f,0.42797307990065947f,0.14030027929099465f,1.3382220896458308f,0.04986430276187809f,0.40352979468923f,-0.9136067294564656f,-0.5113055274969709f,0f,0f,0f,1f],start_interpolation:0}
execute if entity @s[tag=aj.tultaria.bone.left_arm] run data modify entity @s {} merge value {transformation:[-0.4476144287205888f,-0.5717993419042184f,-0.6875222438576396f,0.11418256243743433f,-0.8928353008876903f,0.32864749284609185f,0.30795446243684366f,1.338620625f,0.04986430276187809f,0.7516889902372393f,-0.6576299972371935f,-0.18658484647800694f,0f,0f,0f,1f],start_interpolation:0}
execute if entity @s[tag=aj.tultaria.bone.rod] run data modify entity @s {} merge value {transformation:[0.19921661791390963f,-0.32055549815116224f,-1.050362282309148f,0.45435144700354957f,0.9915257238624867f,0.5114276303097633f,0.03197702644698089f,1.2262648394727775f,0.4721159713583033f,-0.9388237129016712f,0.3760592480282935f,0.4042806075769582f,0f,0f,0f,1f],start_interpolation:0}
execute if entity @s[tag=aj.tultaria.bone.sword] run data modify entity @s {} merge value {transformation:[0.0000017849174327776872f,-0.000009728905321403748f,-0.0000014705342584680422f,0.45303618464441087f,0.000008883754618976985f,0.000002235963501771225f,-0.000004009909112255797f,1.2352301236933816f,0.000004230008703060956f,-5.906508832709895e-7f,0.000009042021781997642f,0.45988386187713765f,0f,0f,0f,1f],start_interpolation:0}
execute if entity @s[tag=aj.tultaria.bone.right_hand] run data modify entity @s {} merge value {transformation:[0.1784917432777687f,-0.9728905321403747f,-0.1470534258468042f,0.07113581922005852f,0.8883754618976984f,0.22359635017712248f,-0.40099091122557967f,1.259989606886001f,0.42300087030609557f,-0.05906508832709895f,0.9042021781997641f,0.49515647172926663f,0f,0f,0f,1f],start_interpolation:0}
execute if entity @s[tag=aj.tultaria.bone.right_arm] run data modify entity @s {} merge value {transformation:[0.1784917432777687f,-0.6834702610698791f,-0.7078199628540682f,-0.11418256243743433f,0.8883754618976984f,0.4212040236585681f,-0.18269156836560213f,1.338620625f,0.42300087030609557f,-0.5962009499211687f,0.6823596493297227f,0.18658484647800694f,0f,0f,0f,1f],start_interpolation:0}
execute if entity @s[tag=aj.tultaria.bone.skirt] run data modify entity @s {} merge value {transformation:[-0.7764053107279406f,-0.17211615846566278f,-0.6062761923978816f,0.0380635164687422f,0f,0.9619859761556362f,-0.2730988496495138f,0.7890640279030169f,0.6302339196468643f,-0.2120353972215739f,-0.746891020733038f,0.04689166261928745f,0f,0f,0f,1f],start_interpolation:0}
execute if entity @s[tag=aj.tultaria.bone.left_foot] run data modify entity @s {} merge value {transformation:[-0.7764053107279406f,-0.1277765040979702f,-0.6171450060350092f,0.24641785612746459f,0f,0.9792316579545749f,-0.20274456850809702f,0.3894486027892324f,0.6302339196468643f,-0.1574119597109313f,-0.7602806596688582f,0.1052309786701387f,0f,0f,0f,1f],start_interpolation:0}
execute if entity @s[tag=aj.tultaria.bone.left_leg] run data modify entity @s {} merge value {transformation:[-0.7764053107279406f,-0.17211615846566278f,-0.6062761923978816f,0.09533251274900191f,0f,0.9619859761556362f,-0.2730988496495138f,0.776180111151134f,0.6302339196468643f,-0.2120353972215739f,-0.746891020733038f,-0.08089588520592966f,0f,0f,0f,1f],start_interpolation:0}
execute if entity @s[tag=aj.tultaria.bone.right_foot] run data modify entity @s {} merge value {transformation:[-0.7764053107279406f,-0.1277765040979701f,-0.6171450060350093f,0.1340877774332021f,0f,0.979231657954575f,-0.2027445685080969f,0.5106271001606352f,0.6302339196468643f,-0.15741195971093125f,-0.7602806596688583f,0.3635260739872876f,0f,0f,0f,1f],start_interpolation:0}
execute if entity @s[tag=aj.tultaria.bone.right_leg] run data modify entity @s {} merge value {transformation:[-0.7764053107279406f,-0.3910264502889539f,-0.4942601629181443f,-0.09876881493298324f,0f,0.7842487487742495f,-0.6204465327858832f,0.776180111151134f,0.6302339196468643f,-0.4817179830776971f,-0.6088948934800699f,0.0766625947057864f,0f,0f,0f,1f],start_interpolation:0}
execute if entity @s[tag=aj.tultaria.bone.lower] run data modify entity @s {} merge value {transformation:[-0.7764053107279406f,0.027490417471850614f,-0.6296340766037632f,0f,0f,0.9990482215818578f,0.043619387365336f,0.838620625f,0.6302339196468643f,0.03386632400114611f,-0.7756663449094587f,0f,0f,0f,0f,1f],start_interpolation:0}