execute if entity @s[tag=aj.tultaria.bone.head] run data modify entity @s {} merge value {transformation:[-0.7315353860234293f,0.20884790899483663f,-0.6490289129954354f,0f,-0.05418426631883076f,0.9311105386618955f,0.3606899362003946f,1.54898256f,0.6796469997572581f,0.29902460718348767f,-0.6698240366094057f,0f,0f,0f,0f,1f],start_interpolation:0}
execute if entity @s[tag=aj.tultaria.bone.bust] run data modify entity @s {} merge value {transformation:[-0.4660939992035175f,0f,-0.8847352055312772f,0.6754146023673974f,0f,1f,0f,0.39273256f,0.8847352055312772f,0f,-0.4660939992035175f,-0.20932060316387982f,0f,0f,0f,1f],start_interpolation:0}
execute if entity @s[tag=aj.tultaria.bone.left_wing] run data modify entity @s {} merge value {transformation:[0.02838164143280225f,0.11382030054425135f,-0.9930958773520289f,-0.08146102574118974f,-0.17472837173493735f,0.9787653051903185f,0.10718429673492405f,1.45523256f,0.9842075383476989f,0.17047995934924134f,0.047666601723257096f,-0.1135577002461445f,0f,0f,0f,1f],start_interpolation:0}
execute if entity @s[tag=aj.tultaria.bone.right_wing] run data modify entity @s {} merge value {transformation:[-0.8277650534018348f,0.20496839650912196f,-0.5222958671089948f,-0.1397227756416295f,0.17472837173493735f,0.9787653051903185f,0.10718429673492405f,1.45523256f,0.5331744672032925f,-0.002536491313219369f,-0.8460015092978871f,-0.0029657995547348326f,0f,0f,0f,1f],start_interpolation:0}
execute if entity @s[tag=aj.tultaria.bone.body] run data modify entity @s {} merge value {transformation:[-0.4660939992035175f,0f,-0.8847352055312772f,0.6754146023673974f,0f,1f,0f,0.39273256f,0.8847352055312772f,0f,-0.4660939992035175f,-0.20932060316387982f,0f,0f,0f,1f],start_interpolation:0}
execute if entity @s[tag=aj.tultaria.bone.left_hand] run data modify entity @s {} merge value {transformation:[-0.5036156823708235f,-0.7849645644779607f,-0.36083497195268527f,0.22795768245419154f,-0.840193952172313f,0.5422415575160728f,-0.0069437767542259166f,1.3466553043692615f,0.2011103358936058f,0.2996743662986023f,-0.9326038317422314f,-0.5366730724264522f,0f,0f,0f,1f],start_interpolation:0}
execute if entity @s[tag=aj.tultaria.bone.left_arm] run data modify entity @s {} merge value {transformation:[-0.5036156823708235f,-0.4330701546208123f,-0.7475436346106329f,0.10195806232576946f,-0.840193952172313f,0.44694356739367913f,0.3071084015433002f,1.39273256f,0.2011103358936058f,0.7827462479898052f,-0.5889507144529528f,-0.19353582620996687f,0f,0f,0f,1f],start_interpolation:0}
execute if entity @s[tag=aj.tultaria.bone.rod] run data modify entity @s {} merge value {transformation:[0.3010313075349779f,0.2424382697159248f,-0.8524669127074257f,0.34337474390142486f,0.8138209961193626f,0.28089802024999555f,0.3672705930168127f,1.32779716684086f,0.35095802905628143f,-0.8593113449715306f,-0.12045112803186514f,0.39599533382375973f,0f,0f,0f,1f],start_interpolation:0}
execute if entity @s[tag=aj.tultaria.bone.sword] run data modify entity @s {} merge value {transformation:[0.000002290054508419838f,-0.000009342749745940485f,-0.0000027328881303842197f,0.4953197532503246f,0.000009049254255549915f,0.0000030778266690707443f,-0.0000029390441326337117f,1.262243258922428f,0.000003587010979475492f,-0.000001800002827743854f,0.00000915933087366301f,0.4898917935664446f,0f,0f,0f,1f],start_interpolation:0}
execute if entity @s[tag=aj.tultaria.bone.right_hand] run data modify entity @s {} merge value {transformation:[0.22900545084198376f,-0.9342749745940485f,-0.27328881303842195f,0.11645952892011777f,0.9049254255549914f,0.3077826669070744f,-0.29390441326337113f,1.3264215571777864f,0.3587010979475492f,-0.1800002827743854f,0.9159330873663009f,0.4827395506656814f,0f,0f,0f,1f],start_interpolation:0}
execute if entity @s[tag=aj.tultaria.bone.right_arm] run data modify entity @s {} merge value {transformation:[0.22900545084198376f,-0.7441015461795655f,-0.6275901468775936f,-0.10195806232576946f,0.9049254255549914f,0.4003133968461645f,-0.14442700055599972f,1.39273256f,0.3587010979475492f,-0.5348477103612438f,0.7650303582555124f,0.19353582620996687f,0f,0f,0f,1f],start_interpolation:0}
execute if entity @s[tag=aj.tultaria.bone.skirt] run data modify entity @s {} merge value {transformation:[-0.765831769802926f,-0.06506551946857905f,-0.6397407119582137f,0.03883700975456976f,0f,0.9948677193093071f,-0.10118409497691723f,0.8431759629030169f,0.6430409787568115f,-0.07748999453207989f,-0.7619013061984473f,0.04625306457404462f,0f,0f,0f,1f],start_interpolation:0}
execute if entity @s[tag=aj.tultaria.bone.left_foot] run data modify entity @s {} merge value {transformation:[-0.765831769802926f,0.09377393759153069f,-0.6361667619336128f,0.20240965914113465f,0f,0.9893098308656957f,0.14582886734967257f,0.4076854308254268f,0.6430409787568115f,0.11168037957075588f,-0.7576448986553093f,0.04667159399900725f,0f,0f,0f,1f],start_interpolation:0}
execute if entity @s[tag=aj.tultaria.bone.left_leg] run data modify entity @s {} merge value {transformation:[-0.765831769802926f,-0.06506551946857905f,-0.6397407119582137f,0.09397590537885461f,0f,0.9948677193093071f,-0.10118409497691723f,0.830292046151134f,0.6430409787568115f,-0.07748999453207989f,-0.7619013061984473f,-0.08246794188358361f,0f,0f,0f,1f],start_interpolation:0}
execute if entity @s[tag=aj.tultaria.bone.right_foot] run data modify entity @s {} merge value {transformation:[-0.765831769802926f,0.09377393759153074f,-0.6361667619336129f,0.10669320164329246f,0f,0.9893098308656958f,0.1458288673496725f,0.5043850142300101f,0.6430409787568115f,0.11168037957075583f,-0.7576448986553092f,0.32145547526388263f,0f,0f,0f,1f],start_interpolation:0}
execute if entity @s[tag=aj.tultaria.bone.right_leg] run data modify entity @s {} merge value {transformation:[-0.765831769802926f,-0.30493087318509027f,-0.5661438535735389f,-0.09748203707187689f,0f,0.8804164466595307f,-0.47420130793936627f,0.830292046151134f,0.6430409787568115f,-0.3631584269020672f,-0.6742508855088718f,0.07829230280561927f,0f,0f,0f,1f],start_interpolation:0}
execute if entity @s[tag=aj.tultaria.bone.lower] run data modify entity @s {} merge value {transformation:[-0.765831769802926f,0.028049053544178162f,-0.6424289462312498f,0f,0f,0.9990482215818578f,0.043619387365336f,0.89273256f,0.6430409787568115f,0.03340511262371466f,-0.7651028676524999f,0f,0f,0f,0f,1f],start_interpolation:0}