execute if entity @s[tag=aj.tultaria.bone.head] run data modify entity @s {} merge value {transformation:[-0.7519432555817669f,0.21552626414557013f,-0.6230006178556711f,0f,-0.0486467539635271f,0.9243280660950373f,0.37848529635617345f,1.15625f,0.6574304782362209f,0.31490642370784105f,-0.6845576021005332f,0f,0f,0f,0f,1f],start_interpolation:0}
execute if entity @s[tag=aj.tultaria.bone.bust] run data modify entity @s {} merge value {transformation:[-0.7467538971716031f,0f,-0.6651004563665726f,0.7059271767690878f,0f,1f,0f,0f,0.6651004563665726f,0f,-0.7467538971716031f,0.04082672040251528f,0f,0f,0f,1f],start_interpolation:0}
execute if entity @s[tag=aj.tultaria.bone.left_wing] run data modify entity @s {} merge value {transformation:[-0.43538771590993464f,0f,-0.9002430432026289f,-0.03646543847259642f,0f,1f,0f,1.0625f,0.9002430432026289f,0f,-0.43538771590993464f,-0.1349130156693612f,0f,0f,0f,1f],start_interpolation:0}
execute if entity @s[tag=aj.tultaria.bone.right_wing] run data modify entity @s {} merge value {transformation:[-0.9444335669298298f,0f,-0.3287023541993562f,-0.12980967561904677f,0f,1f,0f,1.0625f,0.3287023541993562f,0f,-0.9444335669298298f,-0.051775458623539605f,0f,0f,0f,1f],start_interpolation:0}
execute if entity @s[tag=aj.tultaria.bone.body] run data modify entity @s {} merge value {transformation:[-0.7467538971716031f,0f,-0.6651004563665726f,0.7059271767690878f,0f,1f,0f,0f,0.6651004563665726f,0f,-0.7467538971716031f,0.04082672040251528f,0f,0f,0f,1f],start_interpolation:0}
execute if entity @s[tag=aj.tultaria.bone.left_hand] run data modify entity @s {} merge value {transformation:[-0.8742876983588352f,-0.3773654602475473f,-0.30531349447832706f,0.21358254490662978f,-0.20433655609125687f,0.8566582214916632f,-0.4736911054637877f,0.7255077775365006f,0.44030397720572023f,-0.35175559833909886f,-0.8260753032828954f,-0.3860590963116516f,0f,0f,0f,1f],start_interpolation:0}
execute if entity @s[tag=aj.tultaria.bone.left_arm] run data modify entity @s {} merge value {transformation:[-0.8742876983588352f,-0.039624130303598876f,-0.4837881238683873f,0.1633524150062882f,-0.20433655609125687f,0.9340959621063255f,0.2927649320212766f,1f,0.44030397720572023f,0.35481637768617946f,-0.8247652670805696f,-0.14549072483018774f,0f,0f,0f,1f],start_interpolation:0}
execute if entity @s[tag=aj.tultaria.bone.rod] run data modify entity @s {} merge value {transformation:[0.06463206955768783f,-0.4162083483617318f,-0.9247027070697622f,0.33940532790737377f,0.9187685548718694f,0.41616458290138797f,-0.12309822354781189f,0.8824703371209971f,0.4291489581564931f,-0.8282870521841869f,0.4028070518507383f,0.5433681949454918f,0f,0f,0f,1f],start_interpolation:0}
execute if entity @s[tag=aj.tultaria.bone.right_hand] run data modify entity @s {} merge value {transformation:[0.06360728551330677f,-0.8746928819601055f,-0.48048566625650097f,-0.04866521110972849f,0.904200874122124f,0.25426609854845705f,-0.3431756552637918f,0.9349231671686946f,0.4223445186887302f,-0.4126270875466992f,0.8070712447834536f,0.4895169427134114f,0f,0f,0f,1f],start_interpolation:0}
execute if entity @s[tag=aj.tultaria.bone.right_arm] run data modify entity @s {} merge value {transformation:[0.06360728551330677f,-0.5444000446496371f,-0.8364106076653393f,-0.1633524150062882f,0.904200874122124f,0.38612615344968304f,-0.1825578616738769f,1f,0.4223445186887302f,-0.7446711925458276f,0.5168074327309541f,0.14549072483018774f,0f,0f,0f,1f],start_interpolation:0}
execute if entity @s[tag=aj.tultaria.bone.skirt] run data modify entity @s {} merge value {transformation:[-0.9389896035915505f,0f,-0.3439455252608804f,0.021496595328805025f,0f,1f,0f,0.453125f,0.3439455252608804f,0f,-0.9389896035915505f,0.058686850224471905f,0f,0f,0f,1f],start_interpolation:0}
execute if entity @s[tag=aj.tultaria.bone.left_foot] run data modify entity @s {} merge value {transformation:[-0.9389896035915505f,0f,-0.3439455252608804f,0.16036689110655386f,0f,1f,0f,0f,0.3439455252608804f,0f,-0.9389896035915505f,0.07438050979133376f,0f,0f,0f,1f],start_interpolation:0}
execute if entity @s[tag=aj.tultaria.bone.left_leg] run data modify entity @s {} merge value {transformation:[-0.9389896035915505f,0f,-0.3439455252608804f,0.11737370044894381f,0f,1f,0f,0.4375f,0.3439455252608804f,0f,-0.9389896035915505f,-0.04299319065761005f,0f,0f,0f,1f],start_interpolation:0}
execute if entity @s[tag=aj.tultaria.bone.right_foot] run data modify entity @s {} merge value {transformation:[-0.9389896035915505f,0f,-0.3439455252608804f,-0.07438050979133376f,0f,1f,0f,0f,0.3439455252608804f,0f,-0.9389896035915505f,0.16036689110655386f,0f,0f,0f,1f],start_interpolation:0}
execute if entity @s[tag=aj.tultaria.bone.right_leg] run data modify entity @s {} merge value {transformation:[-0.9389896035915505f,0f,-0.3439455252608804f,-0.11737370044894381f,0f,1f,0f,0.4375f,0.3439455252608804f,0f,-0.9389896035915505f,0.04299319065761005f,0f,0f,0f,1f],start_interpolation:0}
execute if entity @s[tag=aj.tultaria.bone.lower] run data modify entity @s {} merge value {transformation:[-0.9389896035915505f,0f,-0.3439455252608804f,0f,0f,1f,0f,0.5f,0.3439455252608804f,0f,-0.9389896035915505f,0f,0f,0f,0f,1f],start_interpolation:0}