execute if entity @s[tag=aj.tultaria.bone.head] run data modify entity @s {} merge value {transformation:[-0.9868693747680615f,0.025935377822391498f,-0.1594245693803355f,0f,0f,0.987024406397454f,0.16057029979343448f,1.15625f,0.16152039234999277f,0.1584619113634669f,-0.9740641588222726f,0f,0f,0f,0f,1f],start_interpolation:0}
execute if entity @s[tag=aj.tultaria.bone.bust] run data modify entity @s {} merge value {transformation:[-0.8715977604136789f,0f,-0.4902217294672478f,0.6809097449404633f,0f,1f,0f,0f,0.4902217294672478f,0f,-0.8715977604136789f,0.19068801547321554f,0f,0f,0f,1f],start_interpolation:0}
execute if entity @s[tag=aj.tultaria.bone.left_wing] run data modify entity @s {} merge value {transformation:[-0.6176515973763973f,0f,-0.7864518448439071f,-0.0068028561575510516f,0f,1f,0f,1.0625f,0.7864518448439071f,0f,-0.6176515973763973f,-0.13958857814341288f,0f,0f,0f,1f],start_interpolation:0}
execute if entity @s[tag=aj.tultaria.bone.right_wing] run data modify entity @s {} merge value {transformation:[-0.992851065481351f,0f,-0.11935979965024363f,-0.11575257620926094f,0f,1f,0f,1.0625f,0.11935979965024363f,0f,-0.992851065481351f,-0.07831086196000689f,0f,0f,0f,1f],start_interpolation:0}
execute if entity @s[tag=aj.tultaria.bone.body] run data modify entity @s {} merge value {transformation:[-0.8715977604136789f,0f,-0.4902217294672478f,0.6809097449404633f,0f,1f,0f,0f,0.4902217294672478f,0f,-0.8715977604136789f,0.19068801547321554f,0f,0f,0f,1f],start_interpolation:0}
execute if entity @s[tag=aj.tultaria.bone.left_hand] run data modify entity @s {} merge value {transformation:[-0.9107847355870253f,-0.40307773595919305f,-0.08943994742665848f,0.32793803658157566f,-0.3626042434464572f,0.8844824698512151f,-0.2936135609274829f,0.7740198305444668f,0.1974571549888601f,-0.23498744498356822f,-0.9517308299323921f,-0.36381044293579795f,0f,0f,0f,1f],start_interpolation:0}
execute if entity @s[tag=aj.tultaria.bone.left_arm] run data modify entity @s {} merge value {transformation:[-0.9107847355870253f,-0.2421559824133609f,-0.3344123885311255f,0.19066201009049225f,-0.3626042434464572f,0.8564803294957972f,0.36736849051244586f,1f,0.1974571549888601f,0.4558529646368341f,-0.8678759972343484f,-0.10723600332096045f,0f,0f,0f,1f],start_interpolation:0}
execute if entity @s[tag=aj.tultaria.bone.rod] run data modify entity @s {} merge value {transformation:[-0.09624984925650798f,0.09531864436482722f,-0.06895159573607312f,-0.43499655281871413f,0.05895264644460909f,0.11617458813028088f,0.0783074105684532f,0.47573156638610437f,0.10180644378071647f,0.02284340406355779f,-0.11053337457760268f,0.3197947363395737f,0f,0f,0f,1f],start_interpolation:0}
execute if entity @s[tag=aj.tultaria.bone.right_hand] run data modify entity @s {} merge value {transformation:[-0.6332226924770293f,0.10457584371953194f,-0.7668721631683404f,-0.4916396318199322f,0.3878463581882196f,0.9003205834171676f,-0.19747923818848995f,0.7886668803939809f,0.6697792353994538f,-0.4224769105947911f,-0.6106627840649896f,0.08503304685840343f,0f,0f,0f,1f],start_interpolation:0}
execute if entity @s[tag=aj.tultaria.bone.right_arm] run data modify entity @s {} merge value {transformation:[-0.6332226924770293f,0.5560461142225337f,-0.5383695204877063f,-0.19066201009049225f,0.3878463581882196f,0.8299261056559248f,0.40099608675263404f,1f,0.6697792353994538f,0.045115163845560385f,-0.7411885035663407f,0.10723600332096045f,0f,0f,0f,1f],start_interpolation:0}