execute if entity @s[tag=aj.tultaria.bone.head] run data modify entity @s {} merge value {transformation:[-0.6635448041520652f,0.3104615612696633f,-0.6806775388220185f,0f,-0.104155477455453f,0.8626349651138155f,0.4949874275970178f,1.49758032f,0.7408508145361143f,0.3993426297518077f,-0.5400606768355631f,0f,0f,0f,0f,1f],start_interpolation:0}
execute if entity @s[tag=aj.tultaria.bone.bust] run data modify entity @s {} merge value {transformation:[-0.510652031255851f,0f,-0.8597874754695333f,0.6852197533626921f,0f,1f,0f,0.34133031999999996f,0.8597874754695333f,0f,-0.510652031255851f,-0.17456772210684113f,0f,0f,0f,1f],start_interpolation:0}
execute if entity @s[tag=aj.tultaria.bone.left_wing] run data modify entity @s {} merge value {transformation:[0.13569404824182307f,0.22394118631253285f,-0.9651100819827141f,-0.075557682480201f,-0.3371677089750802f,0.9264139017527809f,0.16755661330930627f,1.40383032f,0.9316142234295488f,0.30266752008123404f,0.2012145894104957f,-0.1175682211238272f,0f,0f,0f,1f],start_interpolation:0}
execute if entity @s[tag=aj.tultaria.bone.right_wing] run data modify entity @s {} merge value {transformation:[-0.8829799838207654f,0.3729226105153824f,-0.28508783688237754f,-0.13938918638718234f,0.3371677089750802f,0.9264139017527809f,0.16755661330930627f,1.40383032f,0.3265949849528868f,0.05182672289062085f,-0.9437423941934802f,-0.010094786690135582f,0f,0f,0f,1f],start_interpolation:0}
execute if entity @s[tag=aj.tultaria.bone.body] run data modify entity @s {} merge value {transformation:[-0.510652031255851f,0f,-0.8597874754695333f,0.6852197533626921f,0f,1f,0f,0.34133031999999996f,0.8597874754695333f,0f,-0.510652031255851f,-0.17456772210684113f,0f,0f,0f,1f],start_interpolation:0}
execute if entity @s[tag=aj.tultaria.bone.left_hand] run data modify entity @s {} merge value {transformation:[-0.44689216978025414f,-0.8005793456884427f,-0.39919932345403764f,0.2816373735786839f,-0.8928680262557451f,0.42681804659600486f,0.14357243046678875f,1.340976098361471f,0.05544435299709788f,0.4205937069869633f,-0.905553343190614f,-0.5149807819606887f,0f,0f,0f,1f],start_interpolation:0}
execute if entity @s[tag=aj.tultaria.bone.left_arm] run data modify entity @s {} merge value {transformation:[-0.44689216978025414f,-0.5622394550590685f,-0.6958262597545297f,0.1117051318372174f,-0.8928680262557451f,0.32853450757676017f,0.30798013738139995f,1.34133032f,0.05544435299709788f,0.7589149310075389f,-0.6488251314603618f,-0.1880785102589604f,0f,0f,0f,1f],start_interpolation:0}
execute if entity @s[tag=aj.tultaria.bone.rod] run data modify entity @s {} merge value {transformation:[0.19532003295580758f,-0.3152624381686796f,-1.0064188768013456f,0.4579348938331438f,0.9529321310834813f,0.4913005355991769f,0.03103889567391821f,1.2287711830719439f,0.4518735598049932f,-0.8998070096281209f,0.3695631301269946f,0.4017513564430908f,0f,0f,0f,1f],start_interpolation:0}
execute if entity @s[tag=aj.tultaria.bone.sword] run data modify entity @s {} merge value {transformation:[0.0000018210367652810393f,-0.000009732180595818147f,-0.0000014030274230661063f,0.45704894267902463f,0.000008884518496437376f,0.0000022399453013073534f,-0.000004005992527902824f,1.2377572133987662f,0.000004212974743095065f,-5.170163416487505e-7f,0.000009054476126011444f,0.45735975935594153f,0f,0f,0f,1f],start_interpolation:0}
execute if entity @s[tag=aj.tultaria.bone.right_hand] run data modify entity @s {} merge value {transformation:[0.1821036765281039f,-0.9732180595818146f,-0.1403027423066106f,0.07544027870163696f,0.8884518496437375f,0.22399453013073534f,-0.4005992527902824f,1.2626942252721844f,0.4212974743095065f,-0.051701634164875054f,0.9054476126011444f,0.4955441952064057f,0f,0f,0f,1f],start_interpolation:0}
execute if entity @s[tag=aj.tultaria.bone.right_arm] run data modify entity @s {} merge value {transformation:[0.1821036765281039f,-0.6866949005005724f,-0.7037672659490896f,-0.1117051318372174f,0.8884518496437375f,0.4215761822746227f,-0.1814575250668201f,1.34133032f,0.4212974743095065f,-0.5922192467028262f,0.6868659272195468f,0.1880785102589604f,0f,0f,0f,1f],start_interpolation:0}
execute if entity @s[tag=aj.tultaria.bone.skirt] run data modify entity @s {} merge value {transformation:[-0.7817226805320726f,-0.1650401913310745f,-0.6013912087710908f,0.03766443824024391f,0f,0.9643456262721067f,-0.264646014687277f,0.7917737229030168f,0.6236262107558912f,-0.20687979199346843f,-0.7538508479288115f,0.04721280971531075f,0f,0f,0f,1f],start_interpolation:0}
execute if entity @s[tag=aj.tultaria.bone.left_foot] run data modify entity @s {} merge value {transformation:[-0.7817226805320726f,-0.11569929476874029f,-0.6127995789259059f,0.2433941827916069f,0f,0.9826392290072886f,-0.18552667090195313f,0.39006934649299685f,0.6236262107558912f,-0.14503040648766646f,-0.7681513720955467f,0.10465684711785767f,0f,0f,0f,1f],start_interpolation:0}
execute if entity @s[tag=aj.tultaria.bone.left_leg] run data modify entity @s {} merge value {transformation:[-0.7817226805320726f,-0.1650401913310745f,-0.6013912087710908f,0.09601519798787546f,0f,0.9643456262721067f,-0.264646014687277f,0.7788898061511339f,0.6236262107558912f,-0.20687979199346843f,-0.7538508479288115f,-0.08008441787038623f,0f,0f,0f,1f],start_interpolation:0}
execute if entity @s[tag=aj.tultaria.bone.right_foot] run data modify entity @s {} merge value {transformation:[-0.7817226805320726f,-0.11569929476874027f,-0.6127995789259058f,0.12953750981065704f,0f,0.9826392290072885f,-0.18552667090195307f,0.5101045232346023f,0.6236262107558912f,-0.14503040648766646f,-0.7681513720955467f,0.3628173503554093f,0f,0f,0f,1f],start_interpolation:0}
execute if entity @s[tag=aj.tultaria.bone.right_leg] run data modify entity @s {} merge value {transformation:[-0.7817226805320726f,-0.3826197067792377f,-0.4924548819190662f,-0.0994154721451427f,0f,0.7896635411173089f,-0.6135401305783283f,0.7788898061511339f,0.6236262107558912f,-0.47961823548968874f,-0.6172979000806712f,0.07582213481858657f,0f,0f,0f,1f],start_interpolation:0}
execute if entity @s[tag=aj.tultaria.bone.lower] run data modify entity @s {} merge value {transformation:[-0.7817226805320726f,0.027202193258137886f,-0.623032656787506f,0f,0f,0.9990482215818578f,0.043619387365336f,0.84133032f,0.6236262107558912f,0.03409826441439728f,-0.7809786537557699f,0f,0f,0f,0f,1f],start_interpolation:0}