execute if entity @s[tag=aj.tultaria.bone.head] run data modify entity @s {} merge value {transformation:[-0.997858439036596f,-0.0013358926784002821f,0.06539687327540794f,0f,0.002817035318335795f,0.9979861210472049f,0.06337007581792109f,1.15625f,-0.06534982750905483f,0.06341859023902703f,-0.9958451096714946f,0f,0f,0f,0f,1f],start_interpolation:0}
execute if entity @s[tag=aj.tultaria.bone.bust] run data modify entity @s {} merge value {transformation:[-0.9694453498951389f,0f,0.24530738587880266f,0.3620689820081681f,0f,1f,0f,0f,-0.24530738587880266f,0f,-0.9694453498951389f,0.6073763678869708f,0f,0f,0f,1f],start_interpolation:0}
execute if entity @s[tag=aj.tultaria.bone.left_wing] run data modify entity @s {} merge value {transformation:[-0.9895257890689694f,0f,-0.14435620100097313f,0.09125375760329651f,0f,1f,0f,1.0625f,0.14435620100097313f,0f,-0.9895257890689694f,-0.10584895711946707f,0f,0f,0f,1f],start_interpolation:0}
execute if entity @s[tag=aj.tultaria.bone.right_wing] run data modify entity @s {} merge value {transformation:[-0.8017756442437539f,0f,0.5976251469755212f,-0.029926911133595746f,0f,1f,0f,1.0625f,-0.5976251469755212f,0f,-0.8017756442437539f,-0.13651238035431745f,0f,0f,0f,1f],start_interpolation:0}
execute if entity @s[tag=aj.tultaria.bone.body] run data modify entity @s {} merge value {transformation:[-0.9694453498951389f,0f,0.24530738587880266f,0.3620689820081681f,0f,1f,0f,0f,-0.24530738587880266f,0f,-0.9694453498951389f,0.6073763678869708f,0f,0f,0f,1f],start_interpolation:0}
execute if entity @s[tag=aj.tultaria.bone.left_hand] run data modify entity @s {} merge value {transformation:[-0.25028322468618425f,-0.9420478833215424f,0.22339224017428844f,0.5560152889286618f,-0.8589628608049389f,0.3225176367883442f,0.39769985883610465f,1.0678474712674135f,-0.4467002475916941f,-0.09234803457499008f,-0.8899048990266634f,-0.05964351909040603f,0f,0f,0f,1f],start_interpolation:0}
execute if entity @s[tag=aj.tultaria.bone.left_arm] run data modify entity @s {} merge value {transformation:[-0.25028322468618425f,-0.9620261596868485f,-0.10892187805422668f,0.21206617028956162f,-0.8589628608049389f,0.16873461903872888f,0.4834371025228111f,1f,-0.4467002475916941f,0.2145560449300599f,-0.8685761868630117f,0.05366099066098808f,0f,0f,0f,1f],start_interpolation:0}
execute if entity @s[tag=aj.tultaria.bone.rod] run data modify entity @s {} merge value {transformation:[-0.3154294933366593f,-1.0209883679497063f,-0.12740836623153595f,-0.613189258078763f,0.9779710485170217f,-0.2560970274218134f,-0.3689618480944119f,1.167211356397909f,0.3197229543478405f,-0.22392625928667176f,1.0028859194374913f,-0.6453069830233383f,0f,0f,0f,1f],start_interpolation:0}
execute if entity @s[tag=aj.tultaria.bone.right_hand] run data modify entity @s {} merge value {transformation:[-0.2931032678554802f,0.4437061191424209f,0.8468856795388682f,-0.3409387534579966f,0.9087498672245283f,-0.1459584085631284f,0.39098570535138644f,1.1613501663556591f,0.29709283598202235f,0.8842064367585721f,-0.3604369903365474f,-0.35878419303094217f,0f,0f,0f,1f],start_interpolation:0}
execute if entity @s[tag=aj.tultaria.bone.right_arm] run data modify entity @s {} merge value {transformation:[-0.2931032678554802f,0.514704151218609f,0.8057109351937393f,-0.21206617028956162f,0.9087498672245283f,-0.11188783816761827f,0.4020631672879016f,1f,0.29709283598202235f,0.8500357335950697f,-0.43494263807961037f,-0.05366099066098808f,0f,0f,0f,1f],start_interpolation:0}
execute if entity @s[tag=aj.tultaria.bone.skirt] run data modify entity @s {} merge value {transformation:[-0.9973144772244581f,0f,0.07323819712763181f,-0.004577387320476988f,0f,1f,0f,0.453125f,-0.07323819712763181f,0f,-0.9973144772244581f,0.06233215482652863f,0f,0f,0f,1f],start_interpolation:0}
execute if entity @s[tag=aj.tultaria.bone.left_foot] run data modify entity @s {} merge value {transformation:[-0.9973144772244581f,-0.028027044657033196f,0.06766327132424595f,0.11550953501210329f,0f,0.9238795325112867f,0.3826834323650897f,0f,-0.07323819712763181f,0.3816557272916507f,-0.9213984329848707f,0.13381908429401124f,0f,0f,0f,1f],start_interpolation:0}
execute if entity @s[tag=aj.tultaria.bone.left_leg] run data modify entity @s {} merge value {transformation:[-0.9973144772244581f,0f,0.07323819712763181f,0.12466430965305726f,0f,1f,0f,0.4375f,-0.07323819712763181f,0f,-0.9973144772244581f,0.009154774640953977f,0f,0f,0f,1f],start_interpolation:0}
execute if entity @s[tag=aj.tultaria.bone.right_foot] run data modify entity @s {} merge value {transformation:[-0.9973144772244581f,-0.02802704465703321f,0.06766327132424593f,-0.14538405060604004f,0f,0.9238795325112867f,0.38268343236508984f,0.08113813357194827f,-0.07323819712763181f,0.38165572729165087f,-0.9213984329848706f,0.272994410172252f,0f,0f,0f,1f],start_interpolation:0}
execute if entity @s[tag=aj.tultaria.bone.right_leg] run data modify entity @s {} merge value {transformation:[-0.9973144772244581f,0.028027044657033196f,0.06766327132424595f,-0.12466430965305726f,0f,0.9238795325112867f,-0.3826834323650897f,0.4375f,-0.07323819712763181f,-0.3816557272916507f,-0.9213984329848707f,-0.009154774640953977f,0f,0f,0f,1f],start_interpolation:0}
execute if entity @s[tag=aj.tultaria.bone.lower] run data modify entity @s {} merge value {transformation:[-0.9973144772244581f,0f,0.07323819712763181f,0f,0f,1f,0f,0.5f,-0.07323819712763181f,0f,-0.9973144772244581f,0f,0f,0f,0f,1f],start_interpolation:0}