execute if entity @s[tag=aj.tultaria.bone.head] run data modify entity @s {} merge value {transformation:[-0.9883811090175241f,-0.02094197920661217f,0.1505463943248026f,0f,0.003859095432505358f,0.9866860849698195f,0.16259051974015273f,1.4728300694444445f,-0.15194699970625258f,0.16128237111922678f,-0.9751410698183253f,0f,0f,0f,0f,1f],start_interpolation:0}
execute if entity @s[tag=aj.tultaria.bone.bust] run data modify entity @s {} merge value {transformation:[-0.8474020694281916f,0f,0.5309517235387962f,0.15822517294469773f,0f,1f,0f,0.3165800694444445f,-0.5309517235387962f,0f,-0.8474020694281916f,0.6891768964834939f,0f,0f,0f,1f],start_interpolation:0}
execute if entity @s[tag=aj.tultaria.bone.left_wing] run data modify entity @s {} merge value {transformation:[-0.897205797931937f,-0.34018836352228676f,-0.28159125249436356f,0.11933159478161148f,-0.3964332734061267f,0.901395504609966f,0.17414592732948997f,1.3790800694444445f,0.19458267110361893f,0.2678768776751239f,-0.943599259491659f,-0.07274077595734929f,0f,0f,0f,1f],start_interpolation:0}
execute if entity @s[tag=aj.tultaria.bone.right_wing] run data modify entity @s {} merge value {transformation:[-0.216246701949994f,-0.09266792486080563f,0.971931077596422f,0.013406336103087502f,0.3964332734061267f,0.901395504609966f,0.17414592732948997f,1.3790800694444445f,-0.8922320458447195f,0.4229643010597194f,-0.15818715623213364f,-0.13910974139969867f,0f,0f,0f,1f],start_interpolation:0}
execute if entity @s[tag=aj.tultaria.bone.body] run data modify entity @s {} merge value {transformation:[-0.8474020694281916f,0f,0.5309517235387962f,0.15822517294469773f,0f,1f,0f,0.3165800694444445f,-0.5309517235387962f,0f,-0.8474020694281916f,0.6891768964834939f,0f,0f,0f,1f],start_interpolation:0}
execute if entity @s[tag=aj.tultaria.bone.left_hand] run data modify entity @s {} merge value {transformation:[-0.09578464528371866f,-0.8839026638667364f,0.45775690332004726f,0.5490003013343349f,-0.8772556616304317f,0.2922687678670236f,0.38079058741891914f,1.3671839105923747f,-0.47036986071093645f,-0.3650959437446256f,-0.8034034764649675f,0.1470303597977349f,0f,0f,0f,1f],start_interpolation:0}
execute if entity @s[tag=aj.tultaria.bone.left_arm] run data modify entity @s {} merge value {transformation:[-0.09578464528371866f,-0.9578561179663897f,0.27080797440664406f,0.1853692026874169f,-0.8772556616304317f,0.20979105096140493f,0.4317524974726409f,1.3165800694444445f,-0.47036986071093645f,-0.19621256894212102f,-0.8603794639133989f,0.11614568952411167f,0f,0f,0f,1f],start_interpolation:0}
execute if entity @s[tag=aj.tultaria.bone.rod] run data modify entity @s {} merge value {transformation:[-0.20107599604879917f,-0.9742819395391515f,0.3082321736691551f,-0.7233462996866057f,1.0097966723936906f,-0.1412836639804474f,0.21216393072077436f,1.2356972693645356f,-0.15666221950302112f,0.3398198866518688f,0.9719276312567198f,-0.5702366756578225f,0f,0f,0f,1f],start_interpolation:0}
execute if entity @s[tag=aj.tultaria.bone.sword] run data modify entity @s {} merge value {transformation:[-0.0000019306903694847215f,0.000007546146863003625f,0.000006271212181002929f,-0.6999833999927942f,0.000009695860017299464f,0.000002447176245349811f,4.0335457469425216e-8f,1.2661859043754844f,-0.0000015042384193048025f,0.000006088267072507265f,-0.000007789112326299527f,-0.6114488847476791f,0f,0f,0f,1f],start_interpolation:0}
execute if entity @s[tag=aj.tultaria.bone.right_hand] run data modify entity @s {} merge value {transformation:[-0.19306903694847213f,0.7546146863003624f,0.6271212181002929f,-0.3619756400614331f,0.9695860017299464f,0.24471762453498105f,0.004033545746942521f,1.3279705717835213f,-0.15042384193048025f,0.6088267072507264f,-0.7789112326299527f,-0.4392905645175442f,0f,0f,0f,1f],start_interpolation:0}
execute if entity @s[tag=aj.tultaria.bone.right_arm] run data modify entity @s {} merge value {transformation:[-0.19306903694847213f,0.6592931444588793f,0.7266752346415233f,-0.1853692026874169f,0.9695860017299464f,0.24173794252929193f,0.03828514582761043f,1.3165800694444445f,-0.15042384193048025f,0.7119658115466136f,-0.6859135156618841f,-0.11614568952411167f,0f,0f,0f,1f],start_interpolation:0}
execute if entity @s[tag=aj.tultaria.bone.skirt] run data modify entity @s {} merge value {transformation:[-0.6660459640788934f,0.25436703854491577f,0.7011991039898061f,-0.045049914584513205f,0f,0.9400577081586122f,-0.3410154033640967f,0.7670234723474614f,-0.7459107009114546f,-0.22713193309939247f,-0.6261216425202978f,0.04022641551388034f,0f,0f,0f,1f],start_interpolation:0}
execute if entity @s[tag=aj.tultaria.bone.left_foot] run data modify entity @s {} merge value {transformation:[-0.6660459640788934f,0.25361730156753765f,0.7014706252437221f,-0.11364621136457687f,0f,0.9404217212416583f,-0.3400102736931294f,0.3854912336966977f,-0.7459107009114546f,-0.22646247053866875f,-0.6263640919651327f,0.26905848135306104f,0f,0f,0f,1f],start_interpolation:0}
execute if entity @s[tag=aj.tultaria.bone.left_leg] run data modify entity @s {} merge value {transformation:[-0.6660459640788934f,0.25436703854491577f,0.7011991039898061f,0.08528925599754955f,0f,0.9400577081586122f,-0.3410154033640967f,0.7541395555955784f,-0.7459107009114546f,-0.22713193309939247f,-0.6261216425202978f,0.09142305530703958f,0f,0f,0f,1f],start_interpolation:0}
execute if entity @s[tag=aj.tultaria.bone.right_foot] run data modify entity @s {} merge value {transformation:[-0.6660459640788934f,0.2536173015675376f,0.7014706252437221f,-0.3702444451349338f,0f,0.9404217212416583f,-0.34001027369312925f,0.5156151435548177f,-0.7459107009114546f,-0.2264624705386687f,-0.6263640919651327f,0.16302195189875246f,0f,0f,0f,1f],start_interpolation:0}
execute if entity @s[tag=aj.tultaria.bone.right_leg] run data modify entity @s {} merge value {transformation:[-0.6660459640788934f,0.5033417805433018f,0.5504814490005239f,-0.0812222350221738f,0f,0.7379991308984722f,-0.674801661818567f,0.7541395555955784f,-0.7459107009114546f,-0.44944892340798687f,-0.4915413426286584f,-0.09505461992082408f,0f,0f,0f,1f],start_interpolation:0}
execute if entity @s[tag=aj.tultaria.bone.lower] run data modify entity @s {} merge value {transformation:[-0.6660459640788934f,-0.03253616780300602f,0.7452007592044658f,0f,0f,0.9990482215818578f,0.043619387365336f,0.8165800694444445f,-0.7459107009114546f,0.029052516910275918f,-0.6654120359047924f,0f,0f,0f,0f,1f],start_interpolation:0}