execute if entity @s[tag=aj.tultaria.bone.head] run data modify entity @s {} merge value {transformation:[-0.9973577224797171f,-0.000046584890551402275f,0.07264689422074064f,0f,0.00422337118734788f,0.9982713098754713f,0.05862213758747362f,1.15625f,-0.07252404115798691f,0.058774056431037495f,-0.9956334032889594f,0f,0f,0f,0f,1f],start_interpolation:0}
execute if entity @s[tag=aj.tultaria.bone.bust] run data modify entity @s {} merge value {transformation:[-0.9726859214017671f,0f,0.23212517809749783f,0.3702803716521347f,0f,1f,0f,0f,-0.23212517809749783f,0f,-0.9726859214017671f,0.6024055497496325f,0f,0f,0f,1f],start_interpolation:0}
execute if entity @s[tag=aj.tultaria.bone.left_wing] run data modify entity @s {} merge value {transformation:[-0.987475074237683f,0f,-0.15777508599041268f,0.08980851734979772f,0f,1f,0f,1.0625f,0.15777508599041268f,0f,-0.987475074237683f,-0.10707791654412735f,0f,0f,0f,1f],start_interpolation:0}
execute if entity @s[tag=aj.tultaria.bone.right_wing] run data modify entity @s {} merge value {transformation:[-0.8098141544522666f,0f,0.5866864880400436f,-0.031777222825423224f,0f,1f,0f,1.0625f,-0.5866864880400436f,0f,-0.8098141544522666f,-0.13609356380631465f,0f,0f,0f,1f],start_interpolation:0}
execute if entity @s[tag=aj.tultaria.bone.body] run data modify entity @s {} merge value {transformation:[-0.9726859214017671f,0f,0.23212517809749783f,0.3702803716521347f,0f,1f,0f,0f,-0.23212517809749783f,0f,-0.9726859214017671f,0.6024055497496325f,0f,0f,0f,1f],start_interpolation:0}
execute if entity @s[tag=aj.tultaria.bone.left_hand] run data modify entity @s {} merge value {transformation:[-0.2723610063378837f,-0.9342323846872338f,0.23028098842114492f,0.5568297120650589f,-0.8531950913347129f,0.3451332496765892f,0.39107694395096726f,1.0609676012282934f,-0.4448343718160346f,-0.08996049893859712f,-0.891083323983651f,-0.06606235959754167f,0f,0f,0f,1f],start_interpolation:0}
execute if entity @s[tag=aj.tultaria.bone.left_arm] run data modify entity @s {} merge value {transformation:[-0.2723610063378837f,-0.9560989007170656f,-0.10814053021061978f,0.21277504530663655f,-0.8531950913347129f,0.1880181214734118f,0.48652576716959217f,1f,-0.4448343718160346f,0.22477561710565502f,-0.8669476936965722f,0.05077738270882765f,0f,0f,0f,1f],start_interpolation:0}
execute if entity @s[tag=aj.tultaria.bone.rod] run data modify entity @s {} merge value {transformation:[-0.3662990354888057f,-1.045537202109971f,-0.1048101469489589f,-0.6168582564325773f,1.0010339793965142f,-0.31347148141715614f,-0.3714495843733724f,1.145553745768289f,0.3194748503293934f,-0.21655433646460465f,1.0437184633150953f,-0.6436102608510749f,0f,0f,0f,1f],start_interpolation:0}
execute if entity @s[tag=aj.tultaria.bone.right_hand] run data modify entity @s {} merge value {transformation:[-0.3291708752439992f,0.4542628252832646f,0.8278235442754485f,-0.3430317539169221f,0.8995689292690043f,-0.11568435636480633f,0.4211803309584594f,1.154819653501294f,0.2870928009980683f,0.8833246375246907f,-0.3705608025101371f,-0.35868362209308297f,0f,0f,0f,1f],start_interpolation:0}
execute if entity @s[tag=aj.tultaria.bone.right_arm] run data modify entity @s {} merge value {transformation:[-0.3291708752439992f,0.5065003844361597f,0.796934059666872f,-0.21277504530663655f,0.8995689292690043f,-0.088390680935585f,0.42774154464765346f,1f,0.2870928009980683f,0.8576971773824171f,-0.4265363706945957f,-0.05077738270882765f,0f,0f,0f,1f],start_interpolation:0}
execute if entity @s[tag=aj.tultaria.bone.skirt] run data modify entity @s {} merge value {transformation:[-0.9982167508095258f,0f,0.059693537366059535f,-0.003730846085378721f,0f,1f,0f,0.453125f,-0.059693537366059535f,0f,-0.9982167508095258f,0.06238854692559536f,0f,0f,0f,1f],start_interpolation:0}
execute if entity @s[tag=aj.tultaria.bone.left_foot] run data modify entity @s {} merge value {transformation:[-0.9982167508095258f,-0.022843727769257402f,0.05514963739570011f,0.11731540168043328f,0f,0.9238795325112867f,0.3826834323650897f,0f,-0.059693537366059535f,0.38200101244411677f,-0.9222320250828403f,0.13223878602194816f,0f,0f,0f,1f],start_interpolation:0}
execute if entity @s[tag=aj.tultaria.bone.left_leg] run data modify entity @s {} merge value {transformation:[-0.9982167508095258f,0f,0.059693537366059535f,0.12477709385119072f,0f,1f,0f,0.4375f,-0.059693537366059535f,0f,-0.9982167508095258f,0.007461692170757442f,0f,0f,0f,1f],start_interpolation:0}
execute if entity @s[tag=aj.tultaria.bone.right_foot] run data modify entity @s {} merge value {transformation:[-0.9982167508095258f,-0.022843727769257412f,0.05514963739570011f,-0.14166492942470335f,0f,0.9238795325112867f,0.38268343236508984f,0.08113813357194827f,-0.059693537366059535f,0.382001012444117f,-0.9222320250828402f,0.2749427539088987f,0f,0f,0f,1f],start_interpolation:0}
execute if entity @s[tag=aj.tultaria.bone.right_leg] run data modify entity @s {} merge value {transformation:[-0.9982167508095258f,0.022843727769257402f,0.05514963739570011f,-0.12477709385119072f,0f,0.9238795325112867f,-0.3826834323650897f,0.4375f,-0.059693537366059535f,-0.38200101244411677f,-0.9222320250828403f,-0.007461692170757442f,0f,0f,0f,1f],start_interpolation:0}
execute if entity @s[tag=aj.tultaria.bone.lower] run data modify entity @s {} merge value {transformation:[-0.9982167508095258f,0f,0.059693537366059535f,0f,0f,1f,0f,0.5f,-0.059693537366059535f,0f,-0.9982167508095258f,0f,0f,0f,0f,1f],start_interpolation:0}