execute if entity @s[tag=aj.tultaria.bone.head] run data modify entity @s {} merge value {transformation:[-0.988926181162372f,0.025945202790559195f,-0.1461227383529492f,0f,0.00040337646633524515f,0.9850661183234309f,0.17217601406303584f,1.585444375f,0.14840770026866568f,0.17021042560126887f,-0.9741681402702519f,0f,0f,0f,0f,1f],start_interpolation:0}
execute if entity @s[tag=aj.tultaria.bone.bust] run data modify entity @s {} merge value {transformation:[-0.8621660951653887f,0f,-0.5066257241270583f,0.6843959096462235f,0f,1f,0f,0.429194375f,0.5066257241270583f,0f,-0.8621660951653887f,0.17777018551916518f,0f,0f,0f,1f],start_interpolation:0}
execute if entity @s[tag=aj.tultaria.bone.left_wing] run data modify entity @s {} merge value {transformation:[-0.5853493627732078f,-0.0009637366293780668f,-0.8107806082490558f,-0.00944283456804551f,-0.03414060926870498f,0.9991416447550028f,0.023460445755129764f,1.491694375f,0.8100620607705076f,0.04141310092201459f,-0.5848798276332172f,-0.13943486965361473f,0f,0f,0f,1f],start_interpolation:0}
execute if entity @s[tag=aj.tultaria.bone.right_wing] run data modify entity @s {} merge value {transformation:[-0.9925295224918804f,0.036647126885124934f,-0.11637067961091208f,-0.1172135964637191f,0.03414060926870498f,0.9991416447550028f,0.023460445755129764f,1.491694375f,0.11713055016007395f,0.019312219119855804f,-0.9929287348102407f,-0.07610665413773243f,0f,0f,0f,1f],start_interpolation:0}
execute if entity @s[tag=aj.tultaria.bone.body] run data modify entity @s {} merge value {transformation:[-0.8621660951653887f,0f,-0.5066257241270583f,0.6843959096462235f,0f,1f,0f,0.429194375f,0.5066257241270583f,0f,-0.8621660951653887f,0.17777018551916518f,0f,0f,0f,1f],start_interpolation:0}
execute if entity @s[tag=aj.tultaria.bone.left_hand] run data modify entity @s {} merge value {transformation:[-0.9228569937971633f,-0.36722890381182477f,-0.11609436336372261f,0.30906817366375217f,-0.30474396677960214f,0.8805699641311394f,-0.3629430437155623f,1.1822893489194546f,0.23551238547281383f,-0.29956546943072293f,-0.9245509427898797f,-0.3563182337616445f,0f,0f,0f,1f],start_interpolation:0}
execute if entity @s[tag=aj.tultaria.bone.left_arm] run data modify entity @s {} merge value {transformation:[-0.9228569937971633f,-0.1901175037631049f,-0.3349482105677657f,0.18859883331742877f,-0.30474396677960214f,0.8922519643029453f,0.3331929574720454f,1.429194375f,0.23551238547281383f,0.40956289744118834f,-0.8813581277372347f,-0.110824377152794f,0f,0f,0f,1f],start_interpolation:0}
execute if entity @s[tag=aj.tultaria.bone.rod] run data modify entity @s {} merge value {transformation:[-0.049867158999735754f,0.06963190162046726f,0.061388560457243314f,-0.6657309323550247f,0.0831280088998194f,0.00248258568889027f,0.06471059827917558f,1.0979769583290369f,0.04131453999074172f,0.07905141156244375f,-0.056105915377422697f,0.440469300399319f,0f,0f,0f,1f],start_interpolation:0}
execute if entity @s[tag=aj.tultaria.bone.sword] run data modify entity @s {} merge value {transformation:[-0.000004732351980995095f,0.000005615286170578479f,-0.000006787739384396097f,-0.712337060659991f,0.000007888779017776464f,0.000006130551611317955f,-4.2837197580684164e-7f,1.1206213991229939f,0.000003920715538860429f,-0.000005557418300207115f,-0.0000073309679783683055f,0.4183576240596564f,0f,0f,0f,1f],start_interpolation:0}
execute if entity @s[tag=aj.tultaria.bone.right_hand] run data modify entity @s {} merge value {transformation:[-0.4732351980995095f,0.5615286170578478f,-0.6787739384396096f,-0.5400044432632829f,0.7888779017776464f,0.6130551611317955f,-0.04283719758068416f,1.3225179940558747f,0.39207155388604287f,-0.5557418300207114f,-0.7330967978368305f,0.14042901441194838f,0f,0f,0f,1f],start_interpolation:0}
execute if entity @s[tag=aj.tultaria.bone.right_arm] run data modify entity @s {} merge value {transformation:[-0.4732351980995095f,0.7832369860119379f,-0.40322235927916195f,-0.18859883331742877f,0.7888779017776464f,0.5804970062933681f,0.2017297245606993f,1.429194375f,0.39207155388604287f,-0.2226276025729355f,-0.8925899658891595f,0.110824377152794f,0f,0f,0f,1f],start_interpolation:0}
execute if entity @s[tag=aj.tultaria.bone.skirt] run data modify entity @s {} merge value {transformation:[-0.8692660274149044f,0.008271652148579932f,-0.4942753821029767f,0.029856364205474193f,0f,0.999860000862632f,0.016732563311622626f,0.8796377779030169f,0.49434458991912794f,0.014545048838362575f,-0.8691443309209231f,0.05250006500564897f,0f,0f,0f,1f],start_interpolation:0}
execute if entity @s[tag=aj.tultaria.bone.left_foot] run data modify entity @s {} merge value {transformation:[-0.8692660274149044f,0.18452457685323298f,-0.45861449401370435f,0.1654761403647539f,0f,0.9277222879868701f,0.3732711566306819f,0.4272235403597796f,0.49434458991912794f,0.32447193547291936f,-0.8064374678226125f,0.03811670553510718f,0f,0f,0f,1f],start_interpolation:0}
execute if entity @s[tag=aj.tultaria.bone.left_leg] run data modify entity @s {} merge value {transformation:[-0.8692660274149044f,0.008271652148579932f,-0.4942753821029767f,0.10731056541688552f,0f,0.999860000862632f,0.016732563311622626f,0.866753861151134f,0.49434458991912794f,0.014545048838362575f,-0.8691443309209231f,-0.06416287696322459f,0f,0f,0f,1f],start_interpolation:0}
execute if entity @s[tag=aj.tultaria.bone.right_foot] run data modify entity @s {} merge value {transformation:[-0.8692660274149044f,0.18452457685323292f,-0.4586144940137044f,0.026881283177260712f,0f,0.9277222879868702f,0.3732711566306819f,0.5057080932730592f,0.49434458991912794f,0.3244719354729193f,-0.8064374678226125f,0.30012867393488524f,0f,0f,0f,1f],start_interpolation:0}
execute if entity @s[tag=aj.tultaria.bone.right_leg] run data modify entity @s {} merge value {transformation:[-0.8692660274149044f,-0.1815089896366074f,-0.4598163331846844f,-0.11000594143684059f,0f,0.9301534649340613f,-0.3671709842446162f,0.866753861151134f,0.49434458991912794f,-0.319169262856338f,-0.80855080734944f,0.0594232705165574f,0f,0f,0f,1f],start_interpolation:0}
execute if entity @s[tag=aj.tultaria.bone.lower] run data modify entity @s {} merge value {transformation:[-0.8692660274149044f,0.021563008159640615f,-0.49387408340731753f,0f,0f,0.9990482215818578f,0.043619387365336f,0.929194375f,0.49434458991912794f,0.0379168515733375f,-0.8684386787703867f,0f,0f,0f,0f,1f],start_interpolation:0}