execute if entity @s[tag=aj.tultaria.bone.head] run data modify entity @s {} merge value {transformation:[-0.8493962109985239f,0.12065395720572697f,-0.5137788428418882f,0f,-0.026691817863057958f,0.9624493423573885f,0.27014590549367135f,1.131211875f,0.5270802819310513f,0.2431745998381181f,-0.8142803512261945f,0f,0f,0f,0f,1f],start_interpolation:0}
execute if entity @s[tag=aj.tultaria.bone.bust] run data modify entity @s {} merge value {transformation:[-0.5892098952710823f,0f,-0.8079800117048938f,0.6985949534879881f,0f,1f,0f,-0.025038125000000022f,0.8079800117048938f,0f,-0.5892098952710823f,-0.10938505821690575f,0f,0f,0f,1f],start_interpolation:0}
execute if entity @s[tag=aj.tultaria.bone.left_wing] run data modify entity @s {} merge value {transformation:[-0.170324227092561f,0.048102716091731f,-0.9842132829676299f,-0.06417188300866905f,-0.10074443220393461f,0.9927239020843254f,0.06595311676014703f,1.037461875f,0.980224574801728f,0.1103874219966618f,-0.1642388505186954f,-0.12414998764044116f,0f,0f,0f,1f],start_interpolation:0}
execute if entity @s[tag=aj.tultaria.bone.right_wing] run data modify entity @s {} merge value {transformation:[-0.8812487878804153f,0.1198074794999471f,-0.45721629642344175f,-0.13782311991755436f,0.10074443220393461f,0.9927239020843254f,0.06595311676014703f,1.037461875f,0.46179122256622157f,0.01205910802424958f,-0.8869066719077345f,-0.023152486177329457f,0f,0f,0f,1f],start_interpolation:0}
execute if entity @s[tag=aj.tultaria.bone.body] run data modify entity @s {} merge value {transformation:[-0.5892098952710823f,0f,-0.8079800117048938f,0.6985949534879881f,0f,1f,0f,-0.025038125000000022f,0.8079800117048938f,0f,-0.5892098952710823f,-0.10938505821690575f,0f,0f,0f,1f],start_interpolation:0}
execute if entity @s[tag=aj.tultaria.bone.left_hand] run data modify entity @s {} merge value {transformation:[-0.5995431768589148f,-0.7694747454341626f,-0.22012858792294704f,0.2766641730573816f,-0.757957576025825f,0.634212974324707f,-0.15255889401560413f,0.87270462647584f,0.25699862261688433f,0.07538248693986693f,-0.9634672742941428f,-0.4983794834768498f,0f,0f,0f,1f],start_interpolation:0}
execute if entity @s[tag=aj.tultaria.bone.left_arm] run data modify entity @s {} merge value {transformation:[-0.5995431768589148f,-0.44736863051421943f,-0.6636333984315074f,0.12888966459054924f,-0.757957576025825f,0.5836406399816154f,0.29131411964905884f,0.974961875f,0.25699862261688433f,0.6776613548031806f,-0.6890042062130984f,-0.1767456275604455f,0f,0f,0f,1f],start_interpolation:0}
execute if entity @s[tag=aj.tultaria.bone.rod] run data modify entity @s {} merge value {transformation:[0.3476705528691044f,0.6448052201796319f,0.11796361598725158f,0.38136732418683544f,0.5187714480191056f,-0.3522813286625239f,0.3966586066076563f,1.2676006754787132f,0.4007060910291381f,-0.10338323609204339f,-0.6158819165288789f,0.11681822710807788f,0f,0f,0f,1f],start_interpolation:0}
execute if entity @s[tag=aj.tultaria.bone.sword] run data modify entity @s {} merge value {transformation:[0.000001480799030344809f,-0.000008432793037604747f,-0.000005166743250506534f,0.3814571960734799f,0.000009020634946176439f,0.000003293272188014175f,-0.000002789713867670443f,0.8326738614554238f,0.000004054057152970383f,-0.000004247629913325462f,0.000008094582183156365f,0.6152710414631164f,0f,0f,0f,1f],start_interpolation:0}
execute if entity @s[tag=aj.tultaria.bone.right_hand] run data modify entity @s {} merge value {transformation:[0.1480799030344809f,-0.8432793037604747f,-0.5166743250506534f,0.020234778548892052f,0.9020634946176438f,0.32932721880141747f,-0.27897138676704425f,0.9061874447079786f,0.4054057152970383f,-0.42476299133254614f,0.8094582183156364f,0.5065549144162882f,0f,0f,0f,1f],start_interpolation:0}
execute if entity @s[tag=aj.tultaria.bone.right_arm] run data modify entity @s {} merge value {transformation:[0.1480799030344809f,-0.6064819370892796f,-0.7811862788744655f,-0.12888966459054924f,0.9020634946176438f,0.40662606500221055f,-0.14469517939109972f,0.974961875f,0.4054057152970383f,-0.6832531765350627f,0.6072983638700533f,0.1767456275604455f,0f,0f,0f,1f],start_interpolation:0}
execute if entity @s[tag=aj.tultaria.bone.skirt] run data modify entity @s {} merge value {transformation:[-0.7944247971037798f,-0.022745951031195217f,-0.6069364575128972f,0.03668217927970903f,0f,0.9992984888596173f,-0.037450369329091154f,0.4254052779030169f,0.6073625290933071f,-0.029751502055724854f,-0.7938674992584152f,0.04797996490680848f,0f,0f,0f,1f],start_interpolation:0}
execute if entity @s[tag=aj.tultaria.bone.left_foot] run data modify entity @s {} merge value {transformation:[-0.7944247971037798f,0.16442910726321702f,-0.58468137513627f,0.18346571156400057f,0f,0.962656316663301f,0.27072645971209774f,-0.019990431558812305f,0.6073625290933071f,0.2150718128274079f,-0.7647580490459148f,0.03416363323517449f,0f,0f,0f,1f],start_interpolation:0}
execute if entity @s[tag=aj.tultaria.bone.left_leg] run data modify entity @s {} merge value {transformation:[-0.7944247971037798f,-0.022745951031195217f,-0.6069364575128972f,0.09764730079874052f,0f,0.9992984888596173f,-0.037450369329091154f,0.41252136115113386f,0.6073625290933071f,-0.029751502055724854f,-0.7938674992584152f,-0.07808608632150703f,0f,0f,0f,1f],start_interpolation:0}
execute if entity @s[tag=aj.tultaria.bone.right_foot] run data modify entity @s {} merge value {transformation:[-0.7944247971037798f,0.16442910726321702f,-0.5846813751362702f,0.07885464288482534f,0f,0.9626563166633012f,0.2707264597120978f,0.0670045309526171f,0.6073625290933071f,0.21507181282740795f,-0.764758049045915f,0.30894906202822603f,0f,0f,0f,1f],start_interpolation:0}
execute if entity @s[tag=aj.tultaria.bone.right_leg] run data modify entity @s {} merge value {transformation:[-0.7944247971037798f,-0.2532790453937692f,-0.5520316720180458f,-0.10095889847720442f,0f,0.9088997848486616f,-0.4170146053821815f,0.41252136115113386f,0.6073625290933071f,-0.3312867432700523f,-0.7220525271660672f,0.07375454595181975f,0f,0f,0f,1f],start_interpolation:0}
execute if entity @s[tag=aj.tultaria.bone.lower] run data modify entity @s {} merge value {transformation:[-0.7944247971037798f,0.02649278142771112f,-0.6067844545461278f,0f,0f,0.9990482215818578f,0.043619387365336f,0.474961875f,0.6073625290933071f,0.034652322957498226f,-0.7936686807270594f,0f,0f,0f,0f,1f],start_interpolation:0}