execute if entity @s[tag=aj.tultaria.bone.head] run data modify entity @s {} merge value {transformation:[-0.9871585864335519f,0.027809172362166387f,-0.15730408501702364f,0f,0.00018387085731637332f,0.984927498912519f,0.17296759256414979f,1.5886844444444446f,0.15974320461922475f,0.1707175205374692f,-0.9722847508623795f,0f,0f,0f,0f,1f],start_interpolation:0}
execute if entity @s[tag=aj.tultaria.bone.bust] run data modify entity @s {} merge value {transformation:[-0.8453802201497943f,0f,-0.5341650338420566f,0.6897726269959255f,0f,1f,0f,0.43243444444444445f,0.5341650338420566f,0f,-0.8453802201497943f,0.15560759315386885f,0f,0f,0f,1f],start_interpolation:0}
execute if entity @s[tag=aj.tultaria.bone.left_wing] run data modify entity @s {} merge value {transformation:[-0.5659803773217461f,0.00011447095646879152f,-0.8244187039260658f,-0.013934365470894994f,-0.020898822790997872f,0.9996766412146557f,0.014486276807203128f,1.4949344444444446f,0.8241537791533109f,0.025428328812263076f,-0.5657949702861728f,-0.13905784213385286f,0f,0f,0f,1f],start_interpolation:0}
execute if entity @s[tag=aj.tultaria.bone.right_wing] run data modify entity @s {} merge value {transformation:[-0.9873258842299758f,0.022916324328927044f,-0.15704279801617077f,-0.11960689298961924f,0.020898822790997872f,0.9996766412146557f,0.014486276807203128f,1.4949344444444446f,0.15732398906538975f,0.011020666451529597f,-0.9874855479324837f,-0.07228721290359574f,0f,0f,0f,1f],start_interpolation:0}
execute if entity @s[tag=aj.tultaria.bone.body] run data modify entity @s {} merge value {transformation:[-0.8453802201497943f,0f,-0.5341650338420566f,0.6897726269959255f,0f,1f,0f,0.43243444444444445f,0.5341650338420566f,0f,-0.8453802201497943f,0.15560759315386885f,0f,0f,0f,1f],start_interpolation:0}
execute if entity @s[tag=aj.tultaria.bone.left_hand] run data modify entity @s {} merge value {transformation:[-0.9197227270319815f,-0.3634464828183985f,-0.14838045527558807f,0.2926699416090712f,-0.2842094328531558f,0.8771961207529037f,-0.3869779890553786f,1.1797169400899026f,0.27080454881360966f,-0.31374132635499724f,-0.9100721270750273f,-0.36234298493354483f,0f,0f,0f,1f],start_interpolation:0}
execute if entity @s[tag=aj.tultaria.bone.left_arm] run data modify entity @s {} merge value {transformation:[-0.9197227270319815f,-0.16032879967839103f,-0.35833612903884193f,0.18492692315776751f,-0.2842094328531558f,0.9016152416975725f,0.32605974025616147f,1.4324344444444446f,0.27080454881360966f,0.4017270614886609f,-0.8748029860543133f,-0.11684860115294989f,0f,0f,0f,1f],start_interpolation:0}
execute if entity @s[tag=aj.tultaria.bone.rod] run data modify entity @s {} merge value {transformation:[-0.24207289230335463f,0.267953962491579f,-0.10477303468426549f,-0.3434885928847361f,0.12771436403212372f,0.2227731998096484f,0.2746582288343842f,0.9072354095297003f,0.25780953440817317f,0.14124013392670037f,-0.23443862424227166f,0.3648688261688717f,0f,0f,0f,1f],start_interpolation:0}
execute if entity @s[tag=aj.tultaria.bone.sword] run data modify entity @s {} merge value {transformation:[-0.0000064381088378551696f,-6.078205755722966e-7f,-0.000007627667319688383f,-0.3993623735640729f,0.000003396658617875627f,0.000008705431273213626f,-0.0000035606427202073264f,0.9011594549595898f,0.000006856636553408853f,-0.0000048832387301119276f,-0.000005398195502127764f,0.3609917739820505f,0f,0f,0f,1f],start_interpolation:0}
execute if entity @s[tag=aj.tultaria.bone.right_hand] run data modify entity @s {} merge value {transformation:[-0.6438108837855169f,-0.06078205755722965f,-0.7627667319688383f,-0.46162770596480207f,0.33966586178756264f,0.8705431273213625f,-0.3560642720207326f,1.1891810482726197f,0.6856636553408852f,-0.4883238730111927f,-0.5398195502127764f,0.11426993001307743f,0f,0f,0f,1f],start_interpolation:0}
execute if entity @s[tag=aj.tultaria.bone.right_arm] run data modify entity @s {} merge value {transformation:[-0.6438108837855169f,0.4632704635713887f,-0.6090057663944263f,-0.18492692315776751f,0.33966586178756264f,0.8862078321281533f,0.3150599635162029f,1.4324344444444446f,0.6856636553408852f,-0.004019434919158543f,-0.7279074088697727f,0.11684860115294989f,0f,0f,0f,1f],start_interpolation:0}
execute if entity @s[tag=aj.tultaria.bone.skirt] run data modify entity @s {} merge value {transformation:[-0.850711903684885f,0.014309692637343236f,-0.525437426936323f,0.03174600888394307f,0f,0.9996293644209887f,0.0272237724661754f,0.8828778473474613f,0.5256322449477763f,0.023159587300184227f,-0.8503965995858911f,0.05137947283797194f,0f,0f,0f,1f],start_interpolation:0}
execute if entity @s[tag=aj.tultaria.bone.left_foot] run data modify entity @s {} merge value {transformation:[-0.850711903684885f,0.20639379590282672f,-0.4834158230154049f,0.16432519101730783f,0f,0.9196844897965389f,0.39265817096767497f,0.42925311210312395f,0.5256322449477763f,0.3340389801213358f,-0.7823865431042759f,0.02814400413198792f,0f,0f,0f,1f],start_interpolation:0}
execute if entity @s[tag=aj.tultaria.bone.left_leg] run data modify entity @s {} merge value {transformation:[-0.850711903684885f,0.014309692637343236f,-0.525437426936323f,0.10490600317910512f,0f,0.9996293644209887f,0.0272237724661754f,0.8699939305955784f,0.5256322449477763f,0.023159587300184227f,-0.8503965995858911f,-0.06802325137241787f,0f,0f,0f,1f],start_interpolation:0}
execute if entity @s[tag=aj.tultaria.bone.right_foot] run data modify entity @s {} merge value {transformation:[-0.850711903684885f,0.20639379590282678f,-0.483415823015405f,0.03577954566633093f,0f,0.919684489796539f,0.39265817096767497f,0.5060622958552613f,0.5256322449477763f,0.33403898012133587f,-0.7823865431042759f,0.29571641941834853f,0f,0f,0f,1f],start_interpolation:0}
execute if entity @s[tag=aj.tultaria.bone.right_leg] run data modify entity @s {} merge value {transformation:[-0.850711903684885f,-0.18785576588890432f,-0.49091696665641155f,-0.10777197274211614f,0f,0.9339551965751001f,-0.35739011009031335f,0.8699939305955784f,0.5256322449477763f,-0.30403602091308113f,-0.7945268032347944f,0.0633848098645262f,0f,0f,0f,1f],start_interpolation:0}
execute if entity @s[tag=aj.tultaria.bone.lower] run data modify entity @s {} merge value {transformation:[-0.850711903684885f,0.02292775650408823f,-0.5251319595211553f,0f,0f,0.9990482215818578f,0.043619387365336f,0.9324344444444445f,0.5256322449477763f,0.03710753206313341f,-0.8499022144549011f,0f,0f,0f,0f,1f],start_interpolation:0}