execute if entity @s[tag=aj.tultaria.bone.head] run data modify entity @s {} merge value {transformation:[-0.999629550544648f,-0.0010189886246752301f,-0.027197855431777315f,0f,-0.004059466257562723f,0.993703103443315f,0.11197170598337772f,1.15625f,0.0269124954548772f,0.1120406349022847f,-0.9933391232198016f,0f,0f,0f,0f,1f],start_interpolation:0}
execute if entity @s[tag=aj.tultaria.bone.bust] run data modify entity @s {} merge value {transformation:[-0.9958378769806895f,0f,0.09114232151197973f,0.45234777773435486f,0f,1f,0f,0f,-0.09114232151197973f,0f,-0.9958378769806895f,0.5434900992463346f,0f,0f,0f,1f],start_interpolation:0}
execute if entity @s[tag=aj.tultaria.bone.left_wing] run data modify entity @s {} merge value {transformation:[-0.9549128886718786f,0f,-0.296886131451653f,0.07363265750029058f,0f,1f,0f,1.0625f,0.296886131451653f,0f,-0.9549128886718786f,-0.1187833395280875f,0f,0f,0f,1f],start_interpolation:0}
execute if entity @s[tag=aj.tultaria.bone.right_wing] run data modify entity @s {} merge value {transformation:[-0.8851555758120248f,0f,0.46529518223261546f,-0.050847077122295636f,0f,1f,0f,1.0625f,-0.46529518223261546f,0f,-0.8851555758120248f,-0.13017612971708492f,0f,0f,0f,1f],start_interpolation:0}
execute if entity @s[tag=aj.tultaria.bone.body] run data modify entity @s {} merge value {transformation:[-0.9958378769806895f,0f,0.09114232151197973f,0.45234777773435486f,0f,1f,0f,0f,-0.09114232151197973f,0f,-0.9958378769806895f,0.5434900992463346f,0f,0f,0f,1f],start_interpolation:0}
execute if entity @s[tag=aj.tultaria.bone.left_hand] run data modify entity @s {} merge value {transformation:[-0.6445941397519521f,-0.6427204158355132f,0.414015533604315f,0.5432283616224831f,-0.6619132999274872f,0.7401587130840422f,0.1184730468287149f,0.9100461661356283f,-0.38258225047242467f,-0.19767535636492345f,-0.9025271603167715f,-0.1276180547715157f,0f,0f,0f,1f],start_interpolation:0}
execute if entity @s[tag=aj.tultaria.bone.left_arm] run data modify entity @s {} merge value {transformation:[-0.6445941397519521f,-0.7641358471445268f,0.024388565069661493f,0.21783953558952582f,-0.6619132999274872f,0.5737586073073169f,0.4823606989793764f,1f,-0.38258225047242467f,0.29478376422300556f,-0.8756331160788577f,0.019937382830745566f,0f,0f,0f,1f],start_interpolation:0}
execute if entity @s[tag=aj.tultaria.bone.rod] run data modify entity @s {} merge value {transformation:[-0.3468036319124619f,0.27599607515651026f,1.033479565834084f,-0.8807956481419451f,1.0047188938794547f,-0.288843639499198f,0.41428963516914297f,0.8296925771547363f,0.3671427389722556f,1.0511527596049675f,-0.15751409714971823f,0.1070390395605012f,0f,0f,0f,1f],start_interpolation:0}
execute if entity @s[tag=aj.tultaria.bone.right_hand] run data modify entity @s {} merge value {transformation:[-0.30840375082792965f,0.9013993163807295f,-0.30391840830002004f,-0.580760705536674f,0.8934712525684426f,0.3841440935542165f,0.2326852728927804f,1.002832271349165f,0.32649080738826725f,-0.19978135001987238f,-0.9238458555815436f,-0.08335969864464388f,0f,0f,0f,1f],start_interpolation:0}
execute if entity @s[tag=aj.tultaria.bone.right_arm] run data modify entity @s {} merge value {transformation:[-0.30840375082792965f,0.9469202906852991f,-0.09071432942888766f,-0.21783953558952582f,0.8934712525684426f,0.32108001526227836f,0.3140330311176731f,1f,0.32649080738826725f,0.015798319139819786f,-0.9450683392238435f,-0.019937382830745566f,0f,0f,0f,1f],start_interpolation:0}
execute if entity @s[tag=aj.tultaria.bone.skirt] run data modify entity @s {} merge value {transformation:[-0.9995504490064688f,0f,-0.029981659243051403f,0.0018738537026907127f,0f,1f,0f,0.453125f,0.029981659243051403f,0f,-0.9995504490064688f,0.0624719030629043f,0f,0f,0f,1f],start_interpolation:0}
execute if entity @s[tag=aj.tultaria.bone.left_foot] run data modify entity @s {} merge value {transformation:[-0.9995504490064688f,0.011473484267131429f,-0.027699441325383028f,0.12869151353119002f,0f,0.9238795325112867f,0.3826834323650897f,0f,0.029981659243051403f,0.3825113966478621f,-0.9234642015495432f,0.12119609872042718f,0f,0f,0f,1f],start_interpolation:0}
execute if entity @s[tag=aj.tultaria.bone.left_leg] run data modify entity @s {} merge value {transformation:[-0.9995504490064688f,0f,-0.029981659243051403f,0.1249438061258086f,0f,1f,0f,0.4375f,0.029981659243051403f,0f,-0.9995504490064688f,-0.0037477074053814253f,0f,0f,0f,1f],start_interpolation:0}
execute if entity @s[tag=aj.tultaria.bone.right_foot] run data modify entity @s {} merge value {transformation:[-0.9995504490064688f,0.01147348426713143f,-0.027699441325383024f,-0.11646172659326573f,0f,0.9238795325112867f,0.38268343236508984f,0.08113813357194827f,0.029981659243051403f,0.38251139664786227f,-0.9234642015495431f,0.286529468632514f,0f,0f,0f,1f],start_interpolation:0}
execute if entity @s[tag=aj.tultaria.bone.right_leg] run data modify entity @s {} merge value {transformation:[-0.9995504490064688f,-0.011473484267131429f,-0.027699441325383028f,-0.1249438061258086f,0f,0.9238795325112867f,-0.3826834323650897f,0.4375f,0.029981659243051403f,-0.3825113966478621f,-0.9234642015495432f,0.0037477074053814253f,0f,0f,0f,1f],start_interpolation:0}
execute if entity @s[tag=aj.tultaria.bone.lower] run data modify entity @s {} merge value {transformation:[-0.9995504490064688f,0f,-0.029981659243051403f,0f,0f,1f,0f,0.5f,0.029981659243051403f,0f,-0.9995504490064688f,0f,0f,0f,0f,1f],start_interpolation:0}