execute if entity @s[tag=aj.tultaria.bone.head] run data modify entity @s {} merge value {transformation:[-0.8055112310551505f,0.14615147113041094f,-0.5742746765533305f,0f,-0.03204395342642921f,0.9569473283009013f,0.28848742764039453f,1.1262877777777778f,0.5917134793908455f,0.2507818939720005f,-0.7661485495404894f,0f,0f,0f,0f,1f],start_interpolation:0}
execute if entity @s[tag=aj.tultaria.bone.bust] run data modify entity @s {} merge value {transformation:[-0.5319993109024281f,0f,-0.8467447863431705f,0.6893720486227993f,0f,1f,0f,-0.029962222222222223f,0.8467447863431705f,0f,-0.5319993109024281f,-0.1573727377203712f,0f,0f,0f,1f],start_interpolation:0}
execute if entity @s[tag=aj.tultaria.bone.left_wing] run data modify entity @s {} merge value {transformation:[-0.08864735781283228f,0.06676061449515558f,-0.9938232570759413f,-0.07259314136149453f,-0.11970915425468368f,0.9898054003662734f,0.07716856739236289f,1.0325377777777778f,0.988843447842191f,0.12581053118873048f,-0.0797517767926047f,-0.11942146300925166f,0f,0f,0f,1f],start_interpolation:0}
execute if entity @s[tag=aj.tultaria.bone.right_wing] run data modify entity @s {} merge value {transformation:[-0.8524151259740117f,0.14231814693835576f,-0.5031242372046314f,-0.13909305522429805f,0.11970915425468368f,0.9898054003662734f,0.07716856739236289f,1.0325377777777778f,0.5089775745534748f,0.0055510771741957565f,-0.8607618800480583f,-0.013578364716355373f,0f,0f,0f,1f],start_interpolation:0}
execute if entity @s[tag=aj.tultaria.bone.body] run data modify entity @s {} merge value {transformation:[-0.5319993109024281f,0f,-0.8467447863431705f,0.6893720486227993f,0f,1f,0f,-0.029962222222222223f,0.8467447863431705f,0f,-0.5319993109024281f,-0.1573727377203712f,0f,0f,0f,1f],start_interpolation:0}
execute if entity @s[tag=aj.tultaria.bone.left_hand] run data modify entity @s {} merge value {transformation:[-0.5472876190142821f,-0.7947336957692412f,-0.2624397357159181f,0.25663057372099846f,-0.8059386180923919f,0.5849923019801929f,-0.09081272207813484f,0.8978752208614548f,0.2256971553675494f,0.16180963949307142f,-0.9606656206121453f,-0.5181865077796483f,0f,0f,0f,1f],start_interpolation:0}
execute if entity @s[tag=aj.tultaria.bone.left_arm] run data modify entity @s {} merge value {transformation:[-0.5472876190142821f,-0.4510330721104525f,-0.7050144891676235f,0.11637484925990615f,-0.8059386180923919f,0.5111686920478297f,0.29861264564220463f,0.9700377777777778f,0.2256971553675494f,0.7316254069759458f,-0.6432612672361657f,-0.18522542201256856f,0f,0f,0f,1f],start_interpolation:0}
execute if entity @s[tag=aj.tultaria.bone.rod] run data modify entity @s {} merge value {transformation:[0.3308442261101451f,0.645220640171356f,-0.43970037928849315f,0.2279925040164793f,0.6807118375146769f,-0.004433182517832285f,0.5056834396736323f,1.0772320566183438f,0.3824624064100569f,-0.5502496455152234f,-0.51966511841127f,0.2936156150821828f,0f,0f,0f,1f],start_interpolation:0}
execute if entity @s[tag=aj.tultaria.bone.sword] run data modify entity @s {} merge value {transformation:[0.0000018492926978327641f,-0.000008899122145838678f,-0.000004169621271912598f,0.4353003130003108f,0.000009041356217985665f,0.000003203423205475104f,-0.0000028270050417563104f,0.8331800248844955f,0.0000038514924713978605f,-0.0000032471071432995904f,0.000008638420048984557f,0.5661610870445718f,0f,0f,0f,1f],start_interpolation:0}
execute if entity @s[tag=aj.tultaria.bone.right_hand] run data modify entity @s {} merge value {transformation:[0.1849292697832764f,-0.8899122145838677f,-0.4169621271912598f,0.06322902666381583f,0.9041356217985663f,0.3203423205475104f,-0.28270050417563103f,0.9029681800198855f,0.38514924713978604f,-0.324710714329959f,0.8638420048984556f,0.49984631183041073f,0f,0f,0f,1f],start_interpolation:0}
execute if entity @s[tag=aj.tultaria.bone.right_arm] run data modify entity @s {} merge value {transformation:[0.1849292697832764f,-0.668506979072743f,-0.720346849863633f,-0.11637484925990615f,0.9041356217985663f,0.40299824658906913f,-0.14188442705616316f,0.9700377777777778f,0.38514924713978604f,-0.6250526635229794f,0.6789471446662729f,0.18522542201256856f,0f,0f,0f,1f],start_interpolation:0}
execute if entity @s[tag=aj.tultaria.bone.skirt] run data modify entity @s {} merge value {transformation:[-0.7884472451400114f,-0.03283520458173384f,-0.6142253584566519f,0.03714963437737966f,0f,0.9985741811195098f,-0.05338168975876048f,0.4204811806807947f,0.615102383047836f,-0.04208864623121346f,-0.7873230621716202f,0.04761894554475455f,0f,0f,0f,1f],start_interpolation:0}
execute if entity @s[tag=aj.tultaria.bone.left_foot] run data modify entity @s {} merge value {transformation:[-0.7884472451400114f,0.1475564086685916f,-0.5971415643647279f,0.18802257813437243f,0f,0.9708002778429955f,0.2398891838744774f,-0.022606229091028773f,0.615102383047836f,0.18913996616471734f,-0.7654248046464673f,0.037791893503948015f,0f,0f,0f,1f],start_interpolation:0}
execute if entity @s[tag=aj.tultaria.bone.left_leg] run data modify entity @s {} merge value {transformation:[-0.7884472451400114f,-0.03283520458173384f,-0.6142253584566519f,0.09687900632278237f,0f,0.9985741811195098f,-0.05338168975876048f,0.40759726392891166f,0.615102383047836f,-0.04208864623121346f,-0.7873230621716202f,-0.0790372719936604f,0f,0f,0f,1f],start_interpolation:0}
execute if entity @s[tag=aj.tultaria.bone.right_foot] run data modify entity @s {} merge value {transformation:[-0.7884472451400114f,0.14755640866859157f,-0.597141564364728f,0.0852382568892045f,0f,0.9708002778429956f,0.23988918387447744f,0.06684566241544271f,0.615102383047836f,0.18913996616471734f,-0.7654248046464674f,0.31247784778925525f,0f,0f,0f,1f],start_interpolation:0}
execute if entity @s[tag=aj.tultaria.bone.right_leg] run data modify entity @s {} merge value {transformation:[-0.7884472451400114f,-0.2653896418787539f,-0.5549047482357613f,-0.10023280496222048f,0f,0.902133959368203f,-0.431456045680959f,0.40759726392891166f,0.615102383047836f,-0.34018033061615505f,-0.7112850350111105f,0.07473832376829861f,0f,0f,0f,1f],start_interpolation:0}
execute if entity @s[tag=aj.tultaria.bone.lower] run data modify entity @s {} merge value {transformation:[-0.7884472451400114f,0.026830389115504845f,-0.6145169418747033f,0f,0f,0.9990482215818578f,0.043619387365336f,0.4700377777777778f,0.615102383047836f,0.03439158580289419f,-0.7876968180682434f,0f,0f,0f,0f,1f],start_interpolation:0}