execute if entity @s[tag=aj.tultaria.bone.head] run data modify entity @s {} merge value {transformation:[-0.9684940773065297f,0.03108861490431588f,-0.24708848667128344f,0f,-0.017214873969306314f,0.9814466158612125f,0.19096122205514535f,1.15625f,0.24844087895592942f,0.18919840971293808f,-0.9499900480666629f,0f,0f,0f,0f,1f],start_interpolation:0}
execute if entity @s[tag=aj.tultaria.bone.bust] run data modify entity @s {} merge value {transformation:[-0.9861117595409103f,0f,-0.16608310478531463f,0.5760974321631125f,0f,1f,0f,0f,0.16608310478531463f,0f,-0.9861117595409103f,0.41001432737779786f,0f,0f,0f,1f],start_interpolation:0}
execute if entity @s[tag=aj.tultaria.bone.left_wing] run data modify entity @s {} merge value {transformation:[-0.8474912188114435f,0f,-0.5308094140437731f,0.04087159687314257f,0f,1f,0f,1.0625f,0.5308094140437731f,0f,-0.8474912188114435f,-0.13364416399169599f,0f,0f,0f,1f],start_interpolation:0}
execute if entity @s[tag=aj.tultaria.bone.right_wing] run data modify entity @s {} merge value {transformation:[-0.9746057240056337f,0f,0.22392785162961407f,-0.08239237306947134f,0f,1f,0f,1.0625f,-0.22392785162961407f,0f,-0.9746057240056337f,-0.1128837758935316f,0f,0f,0f,1f],start_interpolation:0}
execute if entity @s[tag=aj.tultaria.bone.body] run data modify entity @s {} merge value {transformation:[-0.9861117595409103f,0f,-0.16608310478531463f,0.5760974321631125f,0f,1f,0f,0f,0.16608310478531463f,0f,-0.9861117595409103f,0.41001432737779786f,0f,0f,0f,1f],start_interpolation:0}
execute if entity @s[tag=aj.tultaria.bone.left_hand] run data modify entity @s {} merge value {transformation:[-0.9676568220974664f,-0.1605875978180016f,0.19455564261998665f,0.39486658430506405f,-0.23281750258098252f,0.8654521162467952f,-0.443608661971222f,0.7332892083015339f,-0.09714054323600624f,-0.47455690692580543f,-0.8748482479543673f,-0.21663918470283422f,0f,0f,0f,1f],start_interpolation:0}
execute if entity @s[tag=aj.tultaria.bone.left_arm] run data modify entity @s {} merge value {transformation:[-0.9676568220974664f,-0.25132714891087665f,0.021793092221211424f,0.21571194739957414f,-0.23281750258098252f,0.9229665380564825f,0.3064780255091477f,1f,-0.09714054323600624f,0.2914917389024287f,-0.9516282262582653f,-0.036330679171787575f,0f,0f,0f,1f],start_interpolation:0}
execute if entity @s[tag=aj.tultaria.bone.rod] run data modify entity @s {} merge value {transformation:[-0.2390764870186814f,-0.08117095368590299f,-1.083772070562794f,0.10557386189507795f,0.9942485276384182f,0.43178878130712206f,-0.25166744907831523f,0.949790618486231f,0.4388855089235488f,-1.022388339093551f,-0.020243157903013342f,0.562793326903866f,0f,0f,0f,1f],start_interpolation:0}
execute if entity @s[tag=aj.tultaria.bone.right_hand] run data modify entity @s {} merge value {transformation:[-0.21484363554816124f,-0.7468755638421405f,-0.6293004881612072f,-0.2531670355658757f,0.8934712525684425f,0.10990118363488274f,-0.43546624515504095f,0.9365702817049321f,0.3943999658953172f,-0.655819046666942f,0.6437002756956347f,0.397323718865717f,0f,0f,0f,1f],start_interpolation:0}
execute if entity @s[tag=aj.tultaria.bone.right_arm] run data modify entity @s {} merge value {transformation:[-0.21484363554816124f,-0.2097753293681651f,-0.9538535125756612f,-0.21571194739957414f,0.8934712525684425f,0.35218826234507405f,-0.27869795245056206f,1f,0.3943999658953172f,-0.9121171739720919f,0.11176281960892673f,0.036330679171787575f,0f,0f,0f,1f],start_interpolation:0}
execute if entity @s[tag=aj.tultaria.bone.skirt] run data modify entity @s {} merge value {transformation:[-0.9930886282291329f,0f,-0.1173668457528748f,0.007335427859554675f,0f,1f,0f,0.453125f,0.1173668457528748f,0f,-0.9930886282291329f,0.06206803926432081f,0f,0f,0f,1f],start_interpolation:0}
execute if entity @s[tag=aj.tultaria.bone.left_foot] run data modify entity @s {} merge value {transformation:[-0.9930886282291329f,0.04491434737857418f,-0.10843282658649027f,0.13880693424775095f,0f,0.9238795325112867f,0.3826834323650897f,0f,0.1173668457528748f,0.3800385648934631f,-0.9174942575906063f,0.10946522280953226f,0f,0f,0f,1f],start_interpolation:0}
execute if entity @s[tag=aj.tultaria.bone.left_leg] run data modify entity @s {} merge value {transformation:[-0.9930886282291329f,0f,-0.1173668457528748f,0.12413607852864161f,0f,1f,0f,0.4375f,0.1173668457528748f,0f,-0.9930886282291329f,-0.01467085571910935f,0f,0f,0f,1f],start_interpolation:0}
execute if entity @s[tag=aj.tultaria.bone.right_foot] run data modify entity @s {} merge value {transformation:[-0.9930886282291329f,0.04491434737857421f,-0.10843282658649026f,-0.09093194822720413f,0f,0.9238795325112867f,0.38268343236508984f,0.08113813357194827f,0.1173668457528748f,0.38003856489346327f,-0.9174942575906062f,0.2956245100588253f,0f,0f,0f,1f],start_interpolation:0}
execute if entity @s[tag=aj.tultaria.bone.right_leg] run data modify entity @s {} merge value {transformation:[-0.9930886282291329f,-0.04491434737857418f,-0.10843282658649027f,-0.12413607852864161f,0f,0.9238795325112867f,-0.3826834323650897f,0.4375f,0.1173668457528748f,-0.3800385648934631f,-0.9174942575906063f,0.01467085571910935f,0f,0f,0f,1f],start_interpolation:0}
execute if entity @s[tag=aj.tultaria.bone.lower] run data modify entity @s {} merge value {transformation:[-0.9930886282291329f,0f,-0.1173668457528748f,0f,0f,1f,0f,0.5f,0.1173668457528748f,0f,-0.9930886282291329f,0f,0f,0f,0f,1f],start_interpolation:0}