execute if entity @s[tag=aj.tultaria.bone.head] run data modify entity @s {} merge value {transformation:[-0.729796383456889f,0.23687384265691852f,-0.6413174107711334f,0f,-0.051716456785068796f,0.9162431548415804f,0.3972705492527051f,1.15625f,0.6817056892756898f,0.3230932742582136f,-0.656420664923236f,0f,0f,0f,0f,1f],start_interpolation:0}
execute if entity @s[tag=aj.tultaria.bone.bust] run data modify entity @s {} merge value {transformation:[-0.7152049734822901f,0f,-0.698914762976285f,0.7070598682292875f,0f,1f,0f,0f,0.698914762976285f,0f,-0.7152049734822901f,0.00814510525300255f,0f,0f,0f,1f],start_interpolation:0}
execute if entity @s[tag=aj.tultaria.bone.left_wing] run data modify entity @s {} merge value {transformation:[-0.3933001361241675f,0f,-0.9194101385805526f,-0.04266403452939249f,0f,1f,0f,1.0625f,0.9194101385805526f,0f,-0.3933001361241675f,-0.1330827943713041f,0f,0f,0f,1f],start_interpolation:0}
execute if entity @s[tag=aj.tultaria.bone.right_wing] run data modify entity @s {} merge value {transformation:[-0.9282263369769632f,0f,-0.37201595038698126f,-0.13206465621467878f,0f,1f,0f,1.0625f,0.37201595038698126f,0f,-0.9282263369769632f,-0.04571844899926847f,0f,0f,0f,1f],start_interpolation:0}
execute if entity @s[tag=aj.tultaria.bone.body] run data modify entity @s {} merge value {transformation:[-0.7152049734822901f,0f,-0.698914762976285f,0.7070598682292875f,0f,1f,0f,0f,0.698914762976285f,0f,-0.7152049734822901f,0.00814510525300255f,0f,0f,0f,1f],start_interpolation:0}
execute if entity @s[tag=aj.tultaria.bone.left_hand] run data modify entity @s {} merge value {transformation:[-0.8531833281787594f,-0.39252491884447155f,-0.3435147691205665f,0.19509758372200414f,-0.20215342367211267f,0.8559221957515766f,-0.4759529263671386f,0.7249276524682778f,0.4808452992548211f,-0.33663241511467756f,-0.8096088038544298f,-0.39492859160751465f,0f,0f,0f,1f],start_interpolation:0}
execute if entity @s[tag=aj.tultaria.bone.left_arm] run data modify entity @s {} merge value {transformation:[-0.8531833281787594f,-0.021872276876573005f,-0.521152388483493f,0.15645108794925094f,-0.20215342367211267f,0.9349005756547031f,0.2917103133900959f,1f,0.4808452992548211f,0.35423511562906795f,-0.8020631403074212f,-0.15288760440106233f,0f,0f,0f,1f],start_interpolation:0}
execute if entity @s[tag=aj.tultaria.bone.rod] run data modify entity @s {} merge value {transformation:[0.09630233989609675f,-0.22377283361189876f,-1.0000518162338408f,0.36033595673763885f,0.9335871532230475f,0.43337867943327113f,-0.0070713813591005426f,0.8738938950641942f,0.4226025834660602f,-0.9063998543880849f,0.24351266352663475f,0.5420471276631527f,0f,0f,0f,1f],start_interpolation:0}
execute if entity @s[tag=aj.tultaria.bone.right_hand] run data modify entity @s {} merge value {transformation:[0.09356128657837104f,-0.8718872824564585f,-0.48068581458629644f,-0.02670750100682015f,0.9070144638523725f,0.2737429986802388f,-0.3199836449510257f,0.9365495639504056f,0.4105740469347682f,-0.4060509048927762f,0.8164261231852914f,0.49183130372652295f,0f,0f,0f,1f],start_interpolation:0}
execute if entity @s[tag=aj.tultaria.bone.right_arm] run data modify entity @s {} merge value {transformation:[0.09356128657837104f,-0.5738161722260268f,-0.8136223240212074f,-0.15645108794925094f,0.9070144638523725f,0.38612712356640144f,-0.16801966197124157f,1f,0.4105740469347682f,-0.7222470802559245f,0.5565861182650885f,0.15288760440106233f,0f,0f,0f,1f],start_interpolation:0}
execute if entity @s[tag=aj.tultaria.bone.skirt] run data modify entity @s {} merge value {transformation:[-0.9282263369769633f,0f,-0.3720159503869812f,0.023250996899186326f,0f,1f,0f,0.453125f,0.3720159503869812f,0f,-0.9282263369769633f,0.05801414606106021f,0f,0f,0f,1f],start_interpolation:0}
execute if entity @s[tag=aj.tultaria.bone.left_foot] run data modify entity @s {} merge value {transformation:[-0.9282263369769633f,0.1423643407886509f,-0.34369792233026625f,0.16253028592049307f,0f,0.9238795325112867f,0.3826834323650897f,0f,0.3720159503869812f,0.3552168406460187f,-0.857569314270941f,0.06952629832374776f,0f,0f,0f,1f],start_interpolation:0}
execute if entity @s[tag=aj.tultaria.bone.left_leg] run data modify entity @s {} merge value {transformation:[-0.9282263369769633f,0f,-0.3720159503869812f,0.11602829212212042f,0f,1f,0f,0.4375f,0.3720159503869812f,0f,-0.9282263369769633f,-0.04650199379837265f,0f,0f,0f,1f],start_interpolation:0}
execute if entity @s[tag=aj.tultaria.bone.right_foot] run data modify entity @s {} merge value {transformation:[-0.9282263369769633f,0.14236434078865096f,-0.34369792233026625f,-0.010781652735802366f,0f,0.9238795325112867f,0.38268343236508984f,0.08113813357194827f,0.3720159503869812f,0.3552168406460189f,-0.8575693142709409f,0.3091055258648735f,0f,0f,0f,1f],start_interpolation:0}
execute if entity @s[tag=aj.tultaria.bone.right_leg] run data modify entity @s {} merge value {transformation:[-0.9282263369769633f,-0.1423643407886509f,-0.34369792233026625f,-0.11602829212212042f,0f,0.9238795325112867f,-0.3826834323650897f,0.4375f,0.3720159503869812f,-0.3552168406460187f,-0.857569314270941f,0.04650199379837265f,0f,0f,0f,1f],start_interpolation:0}
execute if entity @s[tag=aj.tultaria.bone.lower] run data modify entity @s {} merge value {transformation:[-0.9282263369769633f,0f,-0.3720159503869812f,0f,0f,1f,0f,0.5f,0.3720159503869812f,0f,-0.9282263369769633f,0f,0f,0f,0f,1f],start_interpolation:0}