execute if entity @s[tag=aj.tultaria.bone.head] run data modify entity @s {} merge value {transformation:[-0.9962438491308065f,-0.00605405237575532f,0.0863802148577224f,0f,0.007201893460397948f,0.9883038271889574f,0.15232753491816406f,1.5146209027777777f,-0.08629209581195574f,0.1523774708199707f,-0.9845480082692205f,0f,0f,0f,0f,1f],start_interpolation:0}
execute if entity @s[tag=aj.tultaria.bone.bust] run data modify entity @s {} merge value {transformation:[-0.9873552445635994f,0f,0.1585232507639014f,0.414415996899849f,0f,1f,0f,0.3583709027777777f,-0.1585232507639014f,0f,-0.9873552445635994f,0.5729392476637504f,0f,0f,0f,1f],start_interpolation:0}
execute if entity @s[tag=aj.tultaria.bone.left_wing] run data modify entity @s {} merge value {transformation:[-0.8569029862306534f,-0.18291150447443433f,-0.4819342836112486f,0.08152510913071265f,-0.28880557804633994f,0.9447676089412862f,0.15493709428243552f,1.4208709027777777f,0.4269761237801334f,0.2719513681272147f,-0.8624000481768471f,-0.11351170239770614f,0f,0f,0f,1f],start_interpolation:0}
execute if entity @s[tag=aj.tultaria.bone.right_wing] run data modify entity @s {} merge value {transformation:[-0.6801761421467623f,0.08858752740893855f,0.7276762093417085f,-0.041894296439737244f,0.28880557804633994f,0.9447676089412862f,0.15493709428243552f,1.4208709027777777f,-0.6737594182968182f,0.3155414633339578f,-0.6681929595359394f,-0.13332710874319376f,0f,0f,0f,1f],start_interpolation:0}
execute if entity @s[tag=aj.tultaria.bone.body] run data modify entity @s {} merge value {transformation:[-0.9873552445635994f,0f,0.1585232507639014f,0.414415996899849f,0f,1f,0f,0.3583709027777777f,-0.1585232507639014f,0f,-0.9873552445635994f,0.5729392476637504f,0f,0f,0f,1f],start_interpolation:0}
execute if entity @s[tag=aj.tultaria.bone.left_hand] run data modify entity @s {} merge value {transformation:[-0.6013607588313788f,-0.67352697778416f,0.42979838056312325f,0.5542575015790132f,-0.6853918221061727f,0.7113279421068897f,0.15572607028997404f,1.2661615149894911f,-0.41061330705145027f,-0.2009327473930339f,-0.8893945935845116f,-0.07850708017775009f,0f,0f,0f,1f],start_interpolation:0}
execute if entity @s[tag=aj.tultaria.bone.left_arm] run data modify entity @s {} merge value {transformation:[-0.6013607588313788f,-0.7926140852858752f,0.10063870798148734f,0.21598395974828735f,-0.6853918221061727f,0.5764937250892266f,0.4448517001459336f,1.3583709027777777f,-0.41061330705145027f,0.19853940852934504f,-0.8899319161222892f,0.03467696110460343f,0f,0f,0f,1f],start_interpolation:0}
execute if entity @s[tag=aj.tultaria.bone.rod] run data modify entity @s {} merge value {transformation:[-0.15946148058689644f,-0.7252618064199141f,0.4989200727396707f,-0.8943146690197432f,0.8782643941951002f,-0.09662236468293688f,0.14024857631074839f,1.3160821275082821f,-0.05981288091330412f,0.514794445790357f,0.7292208091416824f,-0.24941666130308504f,0f,0f,0f,1f],start_interpolation:0}
execute if entity @s[tag=aj.tultaria.bone.sword] run data modify entity @s {} merge value {transformation:[-0.0000017824393526549832f,0.000009386994304370975f,0.000002950804616340056f,-0.886052895357696f,0.000009817123310829678f,0.0000019002335034963915f,-1.149022721899719e-7f,1.3462220334537343f,-6.685804768847742e-7f,0.00000287636064531149f,-0.00000955403315799311f,-0.2962905057214426f,0f,0f,0f,1f],start_interpolation:0}
execute if entity @s[tag=aj.tultaria.bone.right_hand] run data modify entity @s {} merge value {transformation:[-0.1782439352654983f,0.9386994304370975f,0.2950804616340056f,-0.505417324901581f,0.9817123310829677f,0.19002335034963913f,-0.011490227218997189f,1.385904605487022f,-0.06685804768847742f,0.287636064531149f,-0.9554033157993109f,-0.260978551578818f,0f,0f,0f,1f],start_interpolation:0}
execute if entity @s[tag=aj.tultaria.bone.right_arm] run data modify entity @s {} merge value {transformation:[-0.1782439352654983f,0.9011494388563774f,0.3951693161037495f,-0.21598395974828735f,0.9817123310829677f,0.19014841121633286f,0.009191338942192345f,1.3583709027777777f,-0.06685804768847742f,0.3895808909080894f,-0.9185623173734836f,-0.03467696110460343f,0f,0f,0f,1f],start_interpolation:0}
execute if entity @s[tag=aj.tultaria.bone.skirt] run data modify entity @s {} merge value {transformation:[-0.9591156373750035f,0.05972951965672548f,0.2766397994221325f,-0.017092901329293052f,0f,0.9774757900687849f,-0.21104757717018413f,0.8088143056807946f,-0.2830144769137099f,-0.20241903149403137f,-0.9375123154104578f,0.057926609026546165f,0f,0f,0f,1f],start_interpolation:0}
execute if entity @s[tag=aj.tultaria.bone.left_foot] run data modify entity @s {} merge value {transformation:[-0.9591156373750035f,0.021552530396502366f,0.2821926338093337f,0.05994937227544754f,0f,0.9970961093109495f,-0.07615345558126224f,0.3946656779200913f,-0.2830144769137099f,-0.07303997008813135f,-0.9563304704059075f,0.23850942303698397f,0f,0f,0f,1f],start_interpolation:0}
execute if entity @s[tag=aj.tultaria.bone.left_leg] run data modify entity @s {} merge value {transformation:[-0.9591156373750035f,0.05972951965672548f,0.2766397994221325f,0.12066101205303151f,0f,0.9774757900687849f,-0.21104757717018413f,0.7959303889289117f,-0.2830144769137099f,-0.20241903149403137f,-0.9375123154104578f,0.032762057332038026f,0f,0f,0f,1f],start_interpolation:0}
execute if entity @s[tag=aj.tultaria.bone.right_foot] run data modify entity @s {} merge value {transformation:[-0.9591156373750035f,0.02155253039650243f,0.2821926338093337f,-0.21866709370455567f,0f,0.9970961093109495f,-0.07615345558126235f,0.507302539018891f,-0.2830144769137099f,-0.0730399700881314f,-0.9563304704059075f,0.2993734803793004f,0f,0f,0f,1f],start_interpolation:0}
execute if entity @s[tag=aj.tultaria.bone.right_leg] run data modify entity @s {} merge value {transformation:[-0.9591156373750035f,0.16104834866923093f,0.23272435096838207f,-0.11911789729071937f,0f,0.8223054647460274f,-0.5690463273309301f,0.7959303889289117f,-0.2830144769137099f,-0.5457812309339098f,-0.7886860299368346f,-0.03799156189638945f,0f,0f,0f,1f],start_interpolation:0}
execute if entity @s[tag=aj.tultaria.bone.lower] run data modify entity @s {} merge value {transformation:[-0.9591156373750035f,-0.012344918098497054f,0.2827451098425616f,0f,0f,0.9990482215818578f,0.043619387365336f,0.8583709027777777f,-0.2830144769137099f,0.04183603651481141f,-0.9582027718108472f,0f,0f,0f,0f,1f],start_interpolation:0}