execute if entity @s[tag=aj.tultaria.bone.head] run data modify entity @s {} merge value {transformation:[-0.6715607954498205f,0.2807643310133691f,-0.6856948945744158f,0f,-0.0838062621346016f,0.8907063849786026f,0.44678702553383964f,1.52222608f,0.7361946810741236f,0.3575101763432261f,-0.574633679285512f,0f,0f,0f,0f,1f],start_interpolation:0}
execute if entity @s[tag=aj.tultaria.bone.bust] run data modify entity @s {} merge value {transformation:[-0.4500576770882275f,0f,-0.8929994889662303f,0.6715285830272288f,0f,1f,0f,0.36597608000000004f,0.8929994889662303f,0f,-0.4500576770882275f,-0.22147090593900137f,0f,0f,0f,1f],start_interpolation:0}
execute if entity @s[tag=aj.tultaria.bone.left_wing] run data modify entity @s {} merge value {transformation:[0.12450473225968095f,0.18505058001315658f,-0.9748101633044965f,-0.08349633130276468f,-0.26537289632105443f,0.9528748128624996f,0.14699257433772359f,1.42847608f,0.9560731130740576f,0.24038692528723477f,0.16774483183642153f,-0.11206967769641785f,0f,0f,0f,1f],start_interpolation:0}
execute if entity @s[tag=aj.tultaria.bone.right_wing] run data modify entity @s {} merge value {transformation:[-0.8425613964482965f,0.30330950599779216f,-0.44507711330338195f,-0.1397535409387931f,0.26537289632105443f,0.9528748128624996f,0.14699257433772359f,1.42847608f,0.46868701615606034f,0.00573886605798983f,-0.8833456550541793f,-0.0004447415756390072f,0f,0f,0f,1f],start_interpolation:0}
execute if entity @s[tag=aj.tultaria.bone.body] run data modify entity @s {} merge value {transformation:[-0.4500576770882275f,0f,-0.8929994889662303f,0.6715285830272288f,0f,1f,0f,0.36597608000000004f,0.8929994889662303f,0f,-0.4500576770882275f,-0.22147090593900137f,0f,0f,0f,1f],start_interpolation:0}
execute if entity @s[tag=aj.tultaria.bone.left_hand] run data modify entity @s {} merge value {transformation:[-0.4482153852598052f,-0.7998021356988494f,-0.39927373085135887f,0.24196772956187582f,-0.8902285868424584f,0.43994301160084365f,0.11808136903025507f,1.3680707200884665f,0.08121595646720947f,0.40837077549102224f,-0.909195951453798f,-0.5346672224611604f,0f,0f,0f,1f],start_interpolation:0}
execute if entity @s[tag=aj.tultaria.bone.left_arm] run data modify entity @s {} merge value {transformation:[-0.4482153852598052f,-0.49776933752867447f,-0.7425150874108004f,0.09845011686304977f,-0.8902285868424584f,0.32401466628412556f,0.3201680171429777f,1.36597608f,0.08121595646720947f,0.8045123881265289f,-0.5883568524000252f,-0.19534363821136286f,0f,0f,0f,1f],start_interpolation:0}
execute if entity @s[tag=aj.tultaria.bone.rod] run data modify entity @s {} merge value {transformation:[0.24852064375565996f,-0.3073262645634169f,-0.9689556027149897f,0.5070347567066604f,0.9370120248523058f,0.4560017272636126f,0.09569635996621803f,1.2436556235863414f,0.3941228973371813f,-0.8903369559543727f,0.38347640077643247f,0.3532797753952642f,0f,0f,0f,1f],start_interpolation:0}
execute if entity @s[tag=aj.tultaria.bone.sword] run data modify entity @s {} merge value {transformation:[0.0000023748609006679634f,-0.000009674234913145298f,-8.770487715966191e-7f,0.5103450309043887f,0.00000895407796973719f,0.000002530216485909786f,-0.0000036636719621572956f,1.2544636549191577f,0.0000037662346467454336f,8.475482116624966e-8f,0.000009263276591246931f,0.40847086768781365f,0f,0f,0f,1f],start_interpolation:0}
execute if entity @s[tag=aj.tultaria.bone.right_hand] run data modify entity @s {} merge value {transformation:[0.23748609006679633f,-0.9674234913145296f,-0.08770487715966191f,0.13328783781875403f,0.8954077969737189f,0.2530216485909786f,-0.36636719621572955f,1.2927428422809921f,0.37662346467454333f,0.008475482116624966f,0.9263276591246931f,0.47224903857958517f,0f,0f,0f,1f],start_interpolation:0}
execute if entity @s[tag=aj.tultaria.bone.right_arm] run data modify entity @s {} merge value {transformation:[0.23748609006679633f,-0.7706544742934562f,-0.5913476458702291f,-0.09845011686304977f,0.8954077969737189f,0.40969959235130204f,-0.17433049402169565f,1.36597608f,0.37662346467454333f,-0.4880962254296311f,0.7873479793445142f,0.19534363821136286f,0f,0f,0f,1f],start_interpolation:0}
execute if entity @s[tag=aj.tultaria.bone.skirt] run data modify entity @s {} merge value {transformation:[-0.7514600897185951f,-0.12331886949176402f,-0.6481513634849458f,0.039847889613793715f,0f,0.9823771394004167f,-0.1869094860713446f,0.8164194829030169f,0.6597785488784256f,-0.1404550191724291f,-0.738217213311334f,0.04538507466661479f,0f,0f,0f,1f],start_interpolation:0}
execute if entity @s[tag=aj.tultaria.bone.left_foot] run data modify entity @s {} merge value {transformation:[-0.7514600897185951f,-0.017788534433856473f,-0.6595387036427935f,0.22710474104691014f,0f,0.9996364761539461f,-0.026961371302682863f,0.39710925342236975f,0.6597785488784256f,-0.020260394498050366f,-0.7511869160566247f,0.0692052646456122f,0f,0f,0f,1f],start_interpolation:0}
execute if entity @s[tag=aj.tultaria.bone.left_leg] run data modify entity @s {} merge value {transformation:[-0.7514600897185951f,-0.12331886949176402f,-0.6481513634849458f,0.09213381520864518f,0f,0.9823771394004167f,-0.1869094860713446f,0.803535566151134f,0.6597785488784256f,-0.1404550191724291f,-0.738217213311334f,-0.0845209579062423f,0f,0f,0f,1f],start_interpolation:0}
execute if entity @s[tag=aj.tultaria.bone.right_foot] run data modify entity @s {} merge value {transformation:[-0.7514600897185951f,-0.01778853443385653f,-0.6595387036427933f,0.13158275256936458f,0f,0.999636476153946f,-0.02696137130268278f,0.5063321804010684f,0.6597785488784256f,-0.02026039449805045f,-0.7511869160566246f,0.3393247437822469f,0f,0f,0f,1f],start_interpolation:0}
execute if entity @s[tag=aj.tultaria.bone.right_leg] run data modify entity @s {} merge value {transformation:[-0.7514600897185951f,-0.3619685679664033f,-0.5516216904405339f,-0.0957312072210036f,0f,0.8360709686276551f,-0.5486213041962684f,0.803535566151134f,0.6597785488784256f,-0.4122670144728606f,-0.6282739650960504f,0.0804236793133641f,0f,0f,0f,1f],start_interpolation:0}
execute if entity @s[tag=aj.tultaria.bone.lower] run data modify entity @s {} merge value {transformation:[-0.7514600897185951f,0.028779136098867317f,-0.6591505858948499f,0f,0f,0.9990482215818578f,0.043619387365336f,0.86597608f,0.6597785488784256f,0.03277822874302554f,-0.7507448662231058f,0f,0f,0f,0f,1f],start_interpolation:0}