execute if entity @s[tag=aj.tultaria.bone.head] run data modify entity @s {} merge value {transformation:[-0.7987905869768295f,0.2263953644100641f,-0.5573856269503605f,0f,-0.059102629706457216f,0.892478469845523f,0.4472013640676594f,1.15625f,0.5986989872373208f,0.39016319641379316f,-0.6995228394021015f,0f,0f,0f,0f,1f],start_interpolation:0}
execute if entity @s[tag=aj.tultaria.bone.bust] run data modify entity @s {} merge value {transformation:[-0.7510355474966918f,0f,-0.660261771115324f,0.7056486593060078f,0f,1f,0f,0f,0.660261771115324f,0f,-0.7510355474966918f,0.04538688819068387f,0f,0f,0f,1f],start_interpolation:0}
execute if entity @s[tag=aj.tultaria.bone.left_wing] run data modify entity @s {} merge value {transformation:[-0.4411951296907364f,0f,-0.8974111975773281f,-0.03559299967087237f,0f,1f,0f,1.0625f,0.8974111975773281f,0f,-0.4411951296907364f,-0.13514580413179422f,0f,0f,0f,1f],start_interpolation:0}
execute if entity @s[tag=aj.tultaria.bone.right_wing] run data modify entity @s {} merge value {transformation:[-0.9465376113504673f,0f,-0.3225934752888714f,-0.1294724431079588f,0f,1f,0f,1.0625f,0.3225934752888714f,0f,-0.9465376113504673f,-0.05261308274237875f,0f,0f,0f,1f],start_interpolation:0}
execute if entity @s[tag=aj.tultaria.bone.body] run data modify entity @s {} merge value {transformation:[-0.7510355474966918f,0f,-0.660261771115324f,0.7056486593060078f,0f,1f,0f,0f,0.660261771115324f,0f,-0.7510355474966918f,0.04538688819068387f,0f,0f,0f,1f],start_interpolation:0}
execute if entity @s[tag=aj.tultaria.bone.left_hand] run data modify entity @s {} merge value {transformation:[-0.874139706508589f,-0.385532155596839f,-0.2953721897977753f,0.22132414495633157f,-0.23084026802076502f,0.8648909601668843f,-0.44573130659816373f,0.7327361085074806f,0.42730848829057866f,-0.32144763807261f,-0.8450318762108094f,-0.3915338508756062f,0f,0f,0f,1f],start_interpolation:0}
execute if entity @s[tag=aj.tultaria.bone.left_arm] run data modify entity @s {} merge value {transformation:[-0.874139706508589f,-0.058994489865384886f,-0.4820782339730776f,0.16428902601490133f,-0.23084026802076502f,0.9237774748190006f,0.30552896372869787f,1f,0.42730848829057866f,0.37835806742099953f,-0.8211288745698003f,-0.14443226243147714f,0f,0f,0f,1f],start_interpolation:0}
execute if entity @s[tag=aj.tultaria.bone.rod] run data modify entity @s {} merge value {transformation:[0.2806364845075086f,0.4246206289884754f,0.36099374648419924f,0.6645243229141836f,0.35315083697939686f,-0.4481605439758948f,0.2526115855695885f,1.1651342748106788f,0.43116545536953493f,0.09069425704343934f,-0.44186751615763786f,0.30867527376679854f,0f,0f,0f,1f],start_interpolation:0}
execute if entity @s[tag=aj.tultaria.bone.right_hand] run data modify entity @s {} merge value {transformation:[0.05523801750739485f,-0.7252202703128012f,-0.6862975454926823f,-0.08893222904676029f,0.9026675386661036f,0.3300649128412561f,-0.2761312513091779f,0.9318118400936957f,0.42677872025246416f,-0.6042455732883126f,0.6728649278281249f,0.498570534154959f,0f,0f,0f,1f],start_interpolation:0}
execute if entity @s[tag=aj.tultaria.bone.right_arm] run data modify entity @s {} merge value {transformation:[0.05523801750739485f,-0.4475745708826852f,-0.8925389430837363f,-0.16428902601490133f,0.9026675386661036f,0.4044675235106715f,-0.14696032479422044f,1f,0.42677872025246416f,-0.7975481339231664f,0.42635302041306616f,0.14443226243147714f,0f,0f,0f,1f],start_interpolation:0}