execute if entity @s[tag=aj.tultaria.bone.head] run data modify entity @s {} merge value {transformation:[-0.9972794023463608f,0.00004403387417036865f,0.07371425721462174f,0f,0.004231843868693481f,0.9983847801078328f,0.05665617659624808f,1.15625f,-0.07359269768908117f,0.056813985162565146f,-0.9956687631621228f,0f,0f,0f,0f,1f],start_interpolation:0}
execute if entity @s[tag=aj.tultaria.bone.bust] run data modify entity @s {} merge value {transformation:[-0.9694453498951389f,0f,0.2453073858788027f,0.36206898200816806f,0f,1f,0f,0f,-0.2453073858788027f,0f,-0.9694453498951389f,0.6073763678869708f,0f,0f,0f,1f],start_interpolation:0}
execute if entity @s[tag=aj.tultaria.bone.left_wing] run data modify entity @s {} merge value {transformation:[-0.9895257890689694f,0f,-0.1443562010009731f,0.09125375760329646f,0f,1f,0f,1.0625f,0.1443562010009731f,0f,-0.9895257890689694f,-0.10584895711946718f,0f,0f,0f,1f],start_interpolation:0}
execute if entity @s[tag=aj.tultaria.bone.right_wing] run data modify entity @s {} merge value {transformation:[-0.8017756442437539f,0f,0.5976251469755212f,-0.0299269111335958f,0f,1f,0f,1.0625f,-0.5976251469755212f,0f,-0.8017756442437539f,-0.13651238035431745f,0f,0f,0f,1f],start_interpolation:0}
execute if entity @s[tag=aj.tultaria.bone.body] run data modify entity @s {} merge value {transformation:[-0.9694453498951389f,0f,0.2453073858788027f,0.36206898200816806f,0f,1f,0f,0f,-0.2453073858788027f,0f,-0.9694453498951389f,0.6073763678869708f,0f,0f,0f,1f],start_interpolation:0}
execute if entity @s[tag=aj.tultaria.bone.left_hand] run data modify entity @s {} merge value {transformation:[-0.25028322468618425f,-0.9420478833215424f,0.22339224017428844f,0.5560152889286618f,-0.8589628608049389f,0.3225176367883442f,0.39769985883610465f,1.0678474712674135f,-0.4467002475916941f,-0.0923480345749901f,-0.8899048990266634f,-0.05964351909040602f,0f,0f,0f,1f],start_interpolation:0}
execute if entity @s[tag=aj.tultaria.bone.left_arm] run data modify entity @s {} merge value {transformation:[-0.25028322468618425f,-0.9620261596868485f,-0.10892187805422665f,0.21206617028956162f,-0.8589628608049389f,0.16873461903872888f,0.4834371025228111f,1f,-0.4467002475916941f,0.21455604493005986f,-0.8685761868630117f,0.05366099066098809f,0f,0f,0f,1f],start_interpolation:0}
execute if entity @s[tag=aj.tultaria.bone.rod] run data modify entity @s {} merge value {transformation:[-0.3469873038748711f,-0.8739349716586574f,0.580398549499936f,-0.5944426433667369f,0.9991419659049469f,-0.4616950993919934f,-0.09786708928446948f,1.1643562201200266f,0.31990645963663356f,0.4940650772007664f,0.9351922564763651f,-0.6579039576746039f,0f,0f,0f,1f],start_interpolation:0}
execute if entity @s[tag=aj.tultaria.bone.right_hand] run data modify entity @s {} merge value {transformation:[-0.31401565961526795f,0.4165171166521836f,0.8531750447898364f,-0.33160184402343856f,0.9042008741221239f,-0.14282102797323784f,0.40252072394530675f,1.1611134251232258f,0.28950810826844664f,0.8978394319166529f,-0.3317671016577846f,-0.3626850584130821f,0f,0f,0f,1f],start_interpolation:0}
execute if entity @s[tag=aj.tultaria.bone.right_arm] run data modify entity @s {} merge value {transformation:[-0.31401565961526795f,0.48473949228929986f,0.81634661151468f,-0.21206617028956162f,0.9042008741221239f,-0.10950294035216612f,0.4128315459010081f,1f,0.28950810826844664f,0.8677768899143034f,-0.4039162346050031f,-0.05366099066098809f,0f,0f,0f,1f],start_interpolation:0}
execute if entity @s[tag=aj.tultaria.bone.skirt] run data modify entity @s {} merge value {transformation:[-0.9973144772244581f,0f,0.07323819712763183f,-0.004577387320476989f,0f,1f,0f,0.453125f,-0.07323819712763183f,0f,-0.9973144772244581f,0.06233215482652863f,0f,0f,0f,1f],start_interpolation:0}
execute if entity @s[tag=aj.tultaria.bone.left_foot] run data modify entity @s {} merge value {transformation:[-0.9973144772244581f,0f,0.07323819712763183f,0.11550953501210329f,0f,1f,0f,0f,-0.07323819712763183f,0f,-0.9973144772244581f,0.13381908429401124f,0f,0f,0f,1f],start_interpolation:0}
execute if entity @s[tag=aj.tultaria.bone.left_leg] run data modify entity @s {} merge value {transformation:[-0.9973144772244581f,0f,0.07323819712763183f,0.12466430965305726f,0f,1f,0f,0.4375f,-0.07323819712763183f,0f,-0.9973144772244581f,0.009154774640953978f,0f,0f,0f,1f],start_interpolation:0}
execute if entity @s[tag=aj.tultaria.bone.right_foot] run data modify entity @s {} merge value {transformation:[-0.9973144772244581f,0f,0.07323819712763183f,-0.13381908429401124f,0f,1f,0f,0f,-0.07323819712763183f,0f,-0.9973144772244581f,0.11550953501210329f,0f,0f,0f,1f],start_interpolation:0}
execute if entity @s[tag=aj.tultaria.bone.right_leg] run data modify entity @s {} merge value {transformation:[-0.9973144772244581f,0f,0.07323819712763183f,-0.12466430965305726f,0f,1f,0f,0.4375f,-0.07323819712763183f,0f,-0.9973144772244581f,-0.009154774640953978f,0f,0f,0f,1f],start_interpolation:0}
execute if entity @s[tag=aj.tultaria.bone.lower] run data modify entity @s {} merge value {transformation:[-0.9973144772244581f,0f,0.07323819712763183f,0f,0f,1f,0f,0.5f,-0.07323819712763183f,0f,-0.9973144772244581f,0f,0f,0f,0f,1f],start_interpolation:0}