execute if entity @s[tag=aj.tultaria.bone.head] run data modify entity @s {} merge value {transformation:[-0.7469502226750042f,0.18976124596339916f,-0.637225261878545f,0f,-0.045790113420613766f,0.941448920524126f,0.33403172836855655f,1.5533333333333332f,0.6633013118927846f,0.27868369090130873f,-0.6945262918471373f,0f,0f,0f,0f,1f],start_interpolation:0}
execute if entity @s[tag=aj.tultaria.bone.bust] run data modify entity @s {} merge value {transformation:[-0.47248756360002553f,0f,-0.881337337370494f,0.6769124504852597f,0f,1f,0f,0.39708333333333334f,0.881337337370494f,0f,-0.47248756360002553f,-0.20442488688523425f,0f,0f,0f,1f],start_interpolation:0}
execute if entity @s[tag=aj.tultaria.bone.left_wing] run data modify entity @s {} merge value {transformation:[0.008842419030610449f,0.10163351073013324f,-0.994782609981877f,-0.08063669444631028f,-0.15888820098877737f,0.9823256757029749f,0.09894850398689048f,1.4595833333333332f,0.9872569833696985f,0.1571842751402369f,0.024834500929177716f,-0.11414452903565908f,0f,0f,0f,1f],start_interpolation:0}
execute if entity @s[tag=aj.tultaria.bone.right_wing] run data modify entity @s {} merge value {transformation:[-0.8271233210234678f,0.1871649110753336f,-0.5299399096890817f,-0.13969763989631345f,0.15888820098877737f,0.9823256757029749f,0.09894850398689048f,1.4595833333333332f,0.5390932678170444f,-0.0023585836547126426f,-0.8422427712230509f,-0.003977361864347273f,0f,0f,0f,1f],start_interpolation:0}
execute if entity @s[tag=aj.tultaria.bone.body] run data modify entity @s {} merge value {transformation:[-0.47248756360002553f,0f,-0.881337337370494f,0.6769124504852597f,0f,1f,0f,0.39708333333333334f,0.881337337370494f,0f,-0.47248756360002553f,-0.20442488688523425f,0f,0f,0f,1f],start_interpolation:0}
execute if entity @s[tag=aj.tultaria.bone.left_hand] run data modify entity @s {} merge value {transformation:[-0.4848683887692816f,-0.8161707554410779f,-0.31427367617256935f,0.23977388428415436f,-0.8621447413005985f,0.5064429085628688f,0.014900517242893596f,1.3709189563982995f,0.14700030823098592f,0.2781741870287785f,-0.949215481885369f,-0.5340372528499722f,0f,0f,0f,1f],start_interpolation:0}
execute if entity @s[tag=aj.tultaria.bone.left_arm] run data modify entity @s {} merge value {transformation:[-0.4848683887692816f,-0.4663912647785872f,-0.7398525756598476f,0.10335665453750559f,-0.8621447413005985f,0.3970735027365292f,0.3147047480929825f,1.3970833333333332f,0.14700030823098592f,0.7904503915887279f,-0.5946251658122299f,-0.19279254254979555f,0f,0f,0f,1f],start_interpolation:0}
execute if entity @s[tag=aj.tultaria.bone.rod] run data modify entity @s {} merge value {transformation:[0.224587458044488f,-0.12734439007710127f,-0.9660972414850415f,0.49541955331948456f,0.9051714383423427f,0.3944147674832831f,0.1584350289562327f,1.257426427811413f,0.36086720673728456f,-0.9100661500720698f,0.20384911477519627f,0.4302367158796782f,0f,0f,0f,1f],start_interpolation:0}
execute if entity @s[tag=aj.tultaria.bone.sword] run data modify entity @s {} merge value {transformation:[0.00000224587458044488f,-0.00000941290056110788f,-0.0000025205853279757357f,0.4906226676584886f,0.000009051714383423428f,0.000002973108774814781f,-0.0000030376127031016994f,1.2714742257138216f,0.000003608672067372846f,-0.000001599352131275147f,0.000009188011682096878f,0.4845826208500474f,0f,0f,0f,1f],start_interpolation:0}
execute if entity @s[tag=aj.tultaria.bone.right_hand] run data modify entity @s {} merge value {transformation:[0.224587458044488f,-0.941290056110788f,-0.25205853279757356f,0.11092846567824244f,0.9051714383423427f,0.2973108774814781f,-0.3037612703101699f,1.3309478480781958f,0.36086720673728456f,-0.15993521312751469f,0.9188011682096877f,0.4851111569830711f,0f,0f,0f,1f],start_interpolation:0}
execute if entity @s[tag=aj.tultaria.bone.right_arm] run data modify entity @s {} merge value {transformation:[0.224587458044488f,-0.7362275130579655f,-0.6383803902890495f,-0.10335665453750559f,0.9051714383423427f,0.40022553819770135f,-0.14312297433890514f,1.3970833333333332f,0.36086720673728456f,-0.5457000710929439f,0.7562977532101933f,0.19279254254979555f,0f,0f,0f,1f],start_interpolation:0}
execute if entity @s[tag=aj.tultaria.bone.skirt] run data modify entity @s {} merge value {transformation:[-0.7737947867126381f,-0.05520761684412626f,-0.6310259480391714f,0.03825693087278641f,0f,0.9961946980917455f,-0.08715574274765817f,0.8475267362363502f,0.6334363646463178f,-0.06744065937020571f,-0.7708502639341632f,0.046733997789212625f,0f,0f,0f,1f],start_interpolation:0}
execute if entity @s[tag=aj.tultaria.bone.left_foot] run data modify entity @s {} merge value {transformation:[-0.7737947867126381f,0.10999507038879827f,-0.623813042943562f,0.19802904257823156f,0f,0.9848077530122081f,0.17364817766693036f,0.40970210691278586f,0.6334363646463178f,0.13436805460082069f,-0.762039105195034f,0.04457249747651465f,0f,0f,0f,1f],start_interpolation:0}
execute if entity @s[tag=aj.tultaria.bone.left_leg] run data modify entity @s {} merge value {transformation:[-0.7737947867126381f,-0.05520761684412626f,-0.6310259480391714f,0.09499746670402989f,0f,0.9961946980917455f,-0.08715574274765817f,0.8346428194844673f,0.6334363646463178f,-0.06744065937020571f,-0.7708502639341632f,-0.08128907398972074f,0f,0f,0f,1f],start_interpolation:0}
execute if entity @s[tag=aj.tultaria.bone.right_foot] run data modify entity @s {} merge value {transformation:[-0.7737947867126381f,0.1099950703887983f,-0.6238130429435619f,0.09974554351194398f,0f,0.9848077530122081f,0.17364817766693047f,0.5042941566233745f,0.6334363646463178f,0.13436805460082074f,-0.7620391051950339f,0.31918372997143996f,0f,0f,0f,1f],start_interpolation:0}
execute if entity @s[tag=aj.tultaria.bone.right_leg] run data modify entity @s {} merge value {transformation:[-0.7737947867126381f,-0.29248836294807845f,-0.5618649175703142f,-0.09845122997412964f,0f,0.8870108331782218f,-0.4617486132350339f,0.8346428194844673f,0.6334363646463178f,-0.35729866969305946f,-0.6863643584709416f,0.07707001717185871f,0f,0f,0f,1f],start_interpolation:0}
execute if entity @s[tag=aj.tultaria.bone.lower] run data modify entity @s {} merge value {transformation:[-0.7737947867126381f,0.027630106160797963f,-0.6328334735851809f,0f,0f,0.9990482215818578f,0.043619387365336f,0.8970833333333333f,0.6334363646463178f,0.03375245454289611f,-0.7730583055345741f,0f,0f,0f,0f,1f],start_interpolation:0}