execute if entity @s[tag=aj.tultaria.bone.head] run data modify entity @s {} merge value {transformation:[-0.8257664060991096f,0.17967888010478061f,-0.5346263579383757f,0f,-0.09452212893675872f,0.8904053020153786f,0.44524596043553855f,1.480078125f,0.5560354392477364f,0.4182031781170418f,-0.7182831559443549f,0f,0f,0f,0f,1f],start_interpolation:0}
execute if entity @s[tag=aj.tultaria.bone.bust] run data modify entity @s {} merge value {transformation:[-0.8352709556927376f,0f,-0.5498385495544493f,0.6925547526235935f,0f,1f,0f,0.3238281249999999f,0.5498385495544493f,0f,-0.8352709556927376f,0.14271620306914412f,0f,0f,0f,1f],start_interpolation:0}
execute if entity @s[tag=aj.tultaria.bone.left_wing] run data modify entity @s {} merge value {transformation:[-0.22278864234360335f,0.09210448050408629f,-0.9705060460985115f,-0.01652538396351011f,-0.3804821753897781f,0.9083577782154494f,0.17354959223851424f,1.386328125f,0.897551410813529f,0.4079251296825985f,-0.16732768306553175f,-0.1387737788087453f,0f,0f,0f,1f],start_interpolation:0}
execute if entity @s[tag=aj.tultaria.bone.right_wing] run data modify entity @s {} merge value {transformation:[-0.9125070434364184f,0.33827681315598934f,0.22999933339023843f,-0.12093425342510222f,0.3804821753897781f,0.9083577782154494f,0.17354959223851424f,1.386328125f,-0.1502138804824254f,0.24587587200967936f,-0.957591168335366f,-0.07004396011443914f,0f,0f,0f,1f],start_interpolation:0}
execute if entity @s[tag=aj.tultaria.bone.body] run data modify entity @s {} merge value {transformation:[-0.8352709556927376f,0f,-0.5498385495544493f,0.6925547526235935f,0f,1f,0f,0.3238281249999999f,0.5498385495544493f,0f,-0.8352709556927376f,0.14271620306914412f,0f,0f,0f,1f],start_interpolation:0}
execute if entity @s[tag=aj.tultaria.bone.left_hand] run data modify entity @s {} merge value {transformation:[-0.40413387397427947f,-0.8957353092205939f,-0.18529454315232338f,0.45305497896470237f,-0.9007591436955149f,0.3544910380139754f,0.25093638440189775f,1.3505733713504051f,-0.15908732493653924f,0.26831764717077644f,-0.9501036065931305f,-0.36916160783358426f,0f,0f,0f,1f],start_interpolation:0}
execute if entity @s[tag=aj.tultaria.bone.left_arm] run data modify entity @s {} merge value {transformation:[-0.40413387397427947f,-0.7981022099635366f,-0.446887764833476f,0.18271552155778634f,-0.9007591436955149f,0.26227219226525267f,0.3461881890147339f,1.323828125f,-0.15908732493653924f,0.542444614330069f,-0.8248909403241367f,-0.12027718271503579f,0f,0f,0f,1f],start_interpolation:0}
execute if entity @s[tag=aj.tultaria.bone.rod] run data modify entity @s {} merge value {transformation:[-0.0847655752816752f,0.8394120609475534f,-0.744195665925936f,0.009195051705546353f,1.032775251299814f,0.3497664997581765f,0.27688206144407235f,1.1867111006841595f,0.4379669822598184f,-0.6623260432616963f,-0.7969530317826349f,0.7215718922654228f,0f,0f,0f,1f],start_interpolation:0}
execute if entity @s[tag=aj.tultaria.bone.sword] run data modify entity @s {} merge value {transformation:[-7.534717802815574e-7f,-0.000004944013116381757f,-0.00000865961977117728f,-0.03375151528522702f,0.000009180224455998349f,0.0000030465409245212596f,-0.000002538122797011005f,1.2035018514981655f,0.0000038930398423094975f,-0.00000814096571054456f,0.000004309166750768477f,0.7539368609168673f,0f,0f,0f,1f],start_interpolation:0}
execute if entity @s[tag=aj.tultaria.bone.right_hand] run data modify entity @s {} merge value {transformation:[-0.07534717802815574f,-0.49440131163817563f,-0.865961977117728f,-0.28445068729848555f,0.9180224455998348f,0.30465409245212594f,-0.2538122797011005f,1.2692298503910693f,0.3893039842309497f,-0.8140965710544559f,0.4309166750768476f,0.47015026250460784f,0f,0f,0f,1f],start_interpolation:0}
execute if entity @s[tag=aj.tultaria.bone.right_arm] run data modify entity @s {} merge value {transformation:[-0.07534717802815574f,0.0034572423926331197f,-0.9971513677663144f,-0.18271552155778634f,0.9180224455998348f,0.3906519473502337f,-0.0680135678109039f,1.323828125f,0.3893039842309497f,-0.9205319676722306f,-0.032608347940360216f,0.12027718271503579f,0f,0f,0f,1f],start_interpolation:0}
execute if entity @s[tag=aj.tultaria.bone.skirt] run data modify entity @s {} merge value {transformation:[-0.9624922394561608f,-0.08650854919011072f,-0.25714773944891384f,0.01638595189843439f,0f,0.9478031974340072f,-0.3188559219049762f,0.7742715279030168f,0.27130921286728227f,-0.30689635033817925f,-0.9122532220619674f,0.058130541796455694f,0f,0f,0f,1f],start_interpolation:0}
execute if entity @s[tag=aj.tultaria.bone.left_foot] run data modify entity @s {} merge value {transformation:[-0.9624922394561608f,-0.08017177299451007f,-0.2591933174323386f,0.1895628412805676f,0f,0.9553428528766161f,-0.295499633599719f,0.3865807025118777f,0.27130921286728227f,-0.2844161041018684f,-0.9195100819136518f,0.21176119680797853f,0f,0f,0f,1f],start_interpolation:0}
execute if entity @s[tag=aj.tultaria.bone.left_leg] run data modify entity @s {} merge value {transformation:[-0.9624922394561608f,-0.08650854919011072f,-0.25714773944891384f,0.11957188357877994f,0f,0.9478031974340072f,-0.3188559219049762f,0.7613876111511338f,0.27130921286728227f,-0.30689635033817925f,-0.9122532220619674f,-0.036537609222720785f,0f,0f,0f,1f],start_interpolation:0}
execute if entity @s[tag=aj.tultaria.bone.right_foot] run data modify entity @s {} merge value {transformation:[-0.9624922394561608f,-0.08017177299451006f,-0.25919331743233864f,-0.017473433014049952f,0f,0.9553428528766164f,-0.295499633599719f,0.5138338866138112f,0.27130921286728227f,-0.28441610410186846f,-0.9195100819136519f,0.3987404452064802f,0f,0f,0f,1f],start_interpolation:0}
execute if entity @s[tag=aj.tultaria.bone.right_leg] run data modify entity @s {} merge value {transformation:[-0.9624922394561608f,-0.1783296575412233f,-0.20446814477540093f,-0.12105117628526026f,0f,0.7536350963335022f,-0.6572930408686776f,0.7613876111511338f,0.27130921286728227f,-0.6326394508846432f,-0.725367931602792f,0.03128969399409978f,0f,0f,0f,1f],start_interpolation:0}
execute if entity @s[tag=aj.tultaria.bone.lower] run data modify entity @s {} merge value {transformation:[-0.9624922394561608f,0.011834341651842387f,-0.27105098661383203f,0f,0f,0.9990482215818578f,0.043619387365336f,0.8238281249999999f,0.27130921286728227f,0.04198332182896801f,-0.9615761601150171f,0f,0f,0f,0f,1f],start_interpolation:0}