execute if entity @s[tag=aj.tultaria.bone.head] run data modify entity @s {} merge value {transformation:[-0.9859649184064658f,-0.017867665638965927f,0.1659937534859225f,0f,0.0076390026343263855f,0.9883871612297044f,0.15176450558361482f,1.4866929861111111f,-0.1667777722314453f,0.1509025050849071f,-0.9743785756309585f,0f,0f,0f,0f,1f],start_interpolation:0}
execute if entity @s[tag=aj.tultaria.bone.bust] run data modify entity @s {} merge value {transformation:[-0.904924671131525f,0f,0.42557177958307024f,0.23967644577422736f,0f,1f,0f,0.3304429861111111f,-0.42557177958307024f,0f,-0.904924671131525f,0.6652482253572976f,0f,0f,0f,1f],start_interpolation:0}
execute if entity @s[tag=aj.tultaria.bone.left_wing] run data modify entity @s {} merge value {transformation:[-0.8945854132151148f,-0.2933533984389999f,-0.33713605871670227f,0.10975426439360408f,-0.3648971080884846f,0.9150096039518018f,0.17206837357465685f,1.3929429861111111f,0.2580058894122442f,0.2769498299336113f,-0.9255980513853411f,-0.08651734766749886f,0f,0f,0f,1f],start_interpolation:0}
execute if entity @s[tag=aj.tultaria.bone.right_wing] run data modify entity @s {} merge value {transformation:[-0.371824784175562f,-0.026218376539726f,0.9279326088700719f,-0.003361319497836579f,0.3648971080884846f,0.9150096039518018f,0.17206837357465685f,1.3929429861111111f,-0.8535786023451254f,0.4025792113455289f,-0.3306562387298241f,-0.13971382011538258f,0f,0f,0f,1f],start_interpolation:0}
execute if entity @s[tag=aj.tultaria.bone.body] run data modify entity @s {} merge value {transformation:[-0.904924671131525f,0f,0.42557177958307024f,0.23967644577422736f,0f,1f,0f,0.3304429861111111f,-0.42557177958307024f,0f,-0.904924671131525f,0.6652482253572976f,0f,0f,0f,1f],start_interpolation:0}
execute if entity @s[tag=aj.tultaria.bone.left_hand] run data modify entity @s {} merge value {transformation:[-0.29802750875521444f,-0.8117390424826693f,0.5022542492945979f,0.565964087156402f,-0.8093540331063213f,0.4938483298212192f,0.317899160469675f,1.3192506342805626f,-0.5060885822854458f,-0.3117588074812192f,-0.8041646553027529f,0.07952096688020731f,0f,0f,0f,1f],start_interpolation:0}
execute if entity @s[tag=aj.tultaria.bone.left_arm] run data modify entity @s {} merge value {transformation:[-0.29802750875521444f,-0.9247389249739225f,0.23672246336846645f,0.1979522718100211f,-0.8093540331063213f,0.3762799279574174f,0.450953949878358f,1.3304429861111111f,-0.5060885822854458f,-0.057195598208560905f,-0.8605829480217885f,0.09309382678379662f,0f,0f,0f,1f],start_interpolation:0}
execute if entity @s[tag=aj.tultaria.bone.rod] run data modify entity @s {} merge value {transformation:[-0.19013108309690577f,-0.9749666787443982f,0.32452295231387596f,-0.7783778049846687f,1.0191106519275155f,-0.13668618526028317f,0.18642791069704412f,1.265880246533361f,-0.13148631247499115f,0.35040242878311856f,0.9756815502686416f,-0.4992835611857764f,0f,0f,0f,1f],start_interpolation:0}
execute if entity @s[tag=aj.tultaria.bone.sword] run data modify entity @s {} merge value {transformation:[-0.000001819436201884266f,0.000008062364741324849f,0.000005629203023973718f,-0.7576766539406803f,0.00000975225504236857f,0.00000221207158700691f,-1.6151859133529784e-8f,1.2962803317010745f,-0.000001258242224641064f,0.00000548680362978288f,-0.000008265096032855983f,-0.5419582057917921f,0f,0f,0f,1f],start_interpolation:0}
execute if entity @s[tag=aj.tultaria.bone.right_hand] run data modify entity @s {} merge value {transformation:[-0.18194362018842658f,0.8062364741324848f,0.5629203023973717f,-0.4056740893853154f,0.9752255042368569f,0.221207158700691f,-0.0016151859133529782f,1.348631032806951f,-0.12582422246410638f,0.5486803629782879f,-0.8265096032855982f,-0.39684212547961817f,0f,0f,0f,1f],start_interpolation:0}
execute if entity @s[tag=aj.tultaria.bone.right_arm] run data modify entity @s {} merge value {transformation:[-0.18194362018842658f,0.7333204696069288f,0.6550859546106927f,-0.1979522718100211f,0.9752255042368569f,0.21981998136779612f,0.024786925534021897f,1.3304429861111111f,-0.12582422246410638f,0.6433663533686966f,-0.7551476679394357f,-0.09309382678379662f,0f,0f,0f,1f],start_interpolation:0}
execute if entity @s[tag=aj.tultaria.bone.skirt] run data modify entity @s {} merge value {transformation:[-0.808735292045394f,0.17555701735505122f,0.561361702521333f,-0.03552319839917486f,0f,0.9544163125225253f,-0.29847864645717176f,0.780886389014128f,-0.5881727870279713f,-0.24139021531185473f,-0.7718701552407925f,0.0488442594852266f,0f,0f,0f,1f],start_interpolation:0}
execute if entity @s[tag=aj.tultaria.bone.left_foot] run data modify entity @s {} merge value {transformation:[-0.808735292045394f,0.14957620342496958f,0.5688358170590381f,-0.04428101286263214f,0f,0.9671236575451874f,-0.25430656896041726f,0.38775516634078666f,-0.5881727870279713f,-0.2056666973172652f,-0.7821470336288167f,0.27340880335879775f,0f,0f,0f,1f],start_interpolation:0}
execute if entity @s[tag=aj.tultaria.bone.left_leg] run data modify entity @s {} merge value {transformation:[-0.808735292045394f,0.17555701735505122f,0.561361702521333f,0.1026953950453694f,0f,0.9544163125225253f,-0.29847864645717176f,0.768002472262245f,-0.5881727870279713f,-0.24139021531185473f,-0.7718701552407925f,0.07131681475476227f,0f,0f,0f,1f],start_interpolation:0}
execute if entity @s[tag=aj.tultaria.bone.right_foot] run data modify entity @s {} merge value {transformation:[-0.808735292045394f,0.14957620342496958f,0.5688358170590381f,-0.32086450036169933f,0f,0.9671236575451873f,-0.2543065689604171f,0.5123271722263594f,-0.5881727870279713f,-0.2056666973172651f,-0.7821470336288167f,0.228664855588809f,0f,0f,0f,1f],start_interpolation:0}
execute if entity @s[tag=aj.tultaria.bone.right_leg] run data modify entity @s {} merge value {transformation:[-0.808735292045394f,0.3770173582422347f,0.45144782531794053f,-0.09948842796597909f,0f,0.7675428637205403f,-0.6409976227348055f,0.768002472262245f,-0.5881727870279713f,-0.5183973996228363f,-0.6207390020483893f,-0.07572638200223054f,0f,0f,0f,1f],start_interpolation:0}
execute if entity @s[tag=aj.tultaria.bone.lower] run data modify entity @s {} merge value {transformation:[-0.808735292045394f,-0.025655736635122352f,0.5876129768631395f,0f,0f,0.9990482215818578f,0.043619387365336f,0.8304429861111111f,-0.5881727870279713f,0.03527653797974618f,-0.8079655552484353f,0f,0f,0f,0f,1f],start_interpolation:0}