execute if entity @s[tag=aj.tultaria.bone.head] run data modify entity @s {} merge value {transformation:[-0.9982686158490505f,0.000488973509943029f,0.05881778230881668f,0f,0.0038978609371690736f,0.9983173293795474f,0.05785599831134886f,1.15625f,-0.05869052130399993f,0.05798509088890769f,-0.996590764528585f,0f,0f,0f,0f,1f],start_interpolation:0}
execute if entity @s[tag=aj.tultaria.bone.bust] run data modify entity @s {} merge value {transformation:[-0.9719619268219271f,0f,0.23513828443834228f,0.3684118211917924f,0f,1f,0f,0f,-0.23513828443834228f,0f,-0.9719619268219271f,0.6035501056301347f,0f,0f,0f,1f],start_interpolation:0}
execute if entity @s[tag=aj.tultaria.bone.left_wing] run data modify entity @s {} merge value {transformation:[-0.987959256340315f,0f,-0.15471427798199958f,0.09013990598116323f,0f,1f,0f,1.0625f,0.15471427798199958f,0f,-0.987959256340315f,-0.10679909807534449f,0f,0f,0f,1f],start_interpolation:0}
execute if entity @s[tag=aj.tultaria.bone.right_wing] run data modify entity @s {} merge value {transformation:[-0.8079922048017079f,0f,0.5891931745868029f,-0.0313553348715776f,0f,1f,0f,1.0625f,-0.5891931745868029f,0f,-0.8079922048017079f,-0.13619138363013727f,0f,0f,0f,1f],start_interpolation:0}
execute if entity @s[tag=aj.tultaria.bone.body] run data modify entity @s {} merge value {transformation:[-0.9719619268219271f,0f,0.23513828443834228f,0.3684118211917924f,0f,1f,0f,0f,-0.23513828443834228f,0f,-0.9719619268219271f,0.6035501056301347f,0f,0f,0f,1f],start_interpolation:0}
execute if entity @s[tag=aj.tultaria.bone.left_hand] run data modify entity @s {} merge value {transformation:[-0.2517319763758448f,-0.9446878508148164f,0.21022815366357084f,0.5550075177330118f,-0.8600800936936255f,0.31796711301613023f,0.3989475497758467f,1.0692181631097786f,-0.4437265424806987f,-0.08038519492462734f,-0.8925497050221092f,-0.06569394809809333f,0f,0f,0f,1f],start_interpolation:0}
execute if entity @s[tag=aj.tultaria.bone.left_arm] run data modify entity @s {} merge value {transformation:[-0.2517319763758448f,-0.9602626993709673f,-0.12052618083509561f,0.21261667149229654f,-0.8600800936936255f,0.16487334373466256f,0.48278257317110773f,1f,-0.4437265424806987f,0.22519398020936277f,-0.867406725115496f,0.051436499720887374f,0f,0f,0f,1f],start_interpolation:0}
execute if entity @s[tag=aj.tultaria.bone.rod] run data modify entity @s {} merge value {transformation:[-0.3317106933567069f,-0.8383214310519064f,0.6263395592924114f,-0.6029460207285954f,0.9947807074591938f,-0.4565455090579911f,-0.08422346234085436f,1.1686937846937144f,0.324800568599432f,0.5421249171369815f,0.8976197492476544f,-0.6498747220605643f,0f,0f,0f,1f],start_interpolation:0}
execute if entity @s[tag=aj.tultaria.bone.right_hand] run data modify entity @s {} merge value {transformation:[-0.3021656113573241f,0.4270801103359472f,0.852231495937864f,-0.3362620423603821f,0.9061767578069579f,-0.14879500710568314f,0.39585821890026396f,1.1623779343916163f,0.29587096329907775f,0.8918871146147669f,-0.3420493354190606f,-0.35817322100740934f,0f,0f,0f,1f],start_interpolation:0}
execute if entity @s[tag=aj.tultaria.bone.right_arm] run data modify entity @s {} merge value {transformation:[-0.3021656113573241f,0.4988289484861188f,0.8123211332135138f,-0.21261667149229654f,0.9061767578069579f,-0.11418028433744465f,0.40719349979965286f,1f,0.29587096329907775f,0.8591464036011864f,-0.4175258438176283f,-0.051436499720887374f,0f,0f,0f,1f],start_interpolation:0}