execute if entity @s[tag=aj.tultaria.bone.head] run data modify entity @s {} merge value {transformation:[-0.9785533420145842f,0.03518095841283579f,-0.20296713280046752f,0f,-0.0031416512851066766f,0.9826445908343285f,0.18547166395769957f,1.5909486400000001f,0.20596962605998753f,0.1821315685684098f,-0.961459622070277f,0f,0f,0f,0f,1f],start_interpolation:0}
execute if entity @s[tag=aj.tultaria.bone.bust] run data modify entity @s {} merge value {transformation:[-0.8045670919422975f,0f,-0.5938617638504056f,0.6992144278963515f,0f,1f,0f,0.43469864f,0.5938617638504056f,0f,-0.8045670919422975f,0.10535266404594595f,0f,0f,0f,1f],start_interpolation:0}
execute if entity @s[tag=aj.tultaria.bone.left_wing] run data modify entity @s {} merge value {transformation:[-0.5099692130536781f,0.0010408920073274944f,-0.8601920240744165f,-0.023947277234907194f,-0.011586184410535197f,0.9999002410630996f,0.00807887694920273f,1.4971986400000001f,0.8601146214710091f,0.014086321939540137f,-0.5099062791003837f,-0.13768724673343752f,0f,0f,0f,1f],start_interpolation:0}
execute if entity @s[tag=aj.tultaria.bone.right_wing] run data modify entity @s {} merge value {transformation:[-0.9721940382797845f,0.013154229730247127f,-0.23380701053101244f,-0.12451816372769442f,0.011586184410535197f,0.9999002410630996f,0.00807887694920273f,1.4971986400000001f,0.23388995759555414f,0.0051453048655226135f,-0.9722494605674981f,-0.06345452625213682f,0f,0f,0f,1f],start_interpolation:0}
execute if entity @s[tag=aj.tultaria.bone.body] run data modify entity @s {} merge value {transformation:[-0.8045670919422975f,0f,-0.5938617638504056f,0.6992144278963515f,0f,1f,0f,0.43469864f,0.5938617638504056f,0f,-0.8045670919422975f,0.10535266404594595f,0f,0f,0f,1f],start_interpolation:0}
execute if entity @s[tag=aj.tultaria.bone.left_hand] run data modify entity @s {} merge value {transformation:[-0.893916716576669f,-0.4055785250884084f,-0.1908375325031701f,0.27431267082487343f,-0.3032282489766226f,0.8607300378312053f,-0.40889660184166743f,1.1822375731593633f,0.33009927725967314f,-0.3076521769177054f,-0.8924038352620625f,-0.37958711477100443f,0f,0f,0f,1f],start_interpolation:0}
execute if entity @s[tag=aj.tultaria.bone.left_arm] run data modify entity @s {} merge value {transformation:[-0.893916716576669f,-0.15673595125004486f,-0.4199365968935439f,0.17599905136237756f,-0.3032282489766226f,0.9014141756243749f,0.30903901534595923f,1.4346986400000001f,0.33009927725967314f,0.40359178084937786f,-0.8533159681990425f,-0.12990726084227622f,0f,0f,0f,1f],start_interpolation:0}
execute if entity @s[tag=aj.tultaria.bone.rod] run data modify entity @s {} merge value {transformation:[0.011181667369558924f,-0.012787969656714401f,-0.06170444187330034f,-0.2669205488312599f,-0.047341662235616734f,0.039656159011811694f,-0.016797501873751702f,0.20157728036435169f,0.041590110983325435f,0.048578358190544735f,-0.0025309650147355353f,0.5383473200452304f,0f,0f,0f,1f],start_interpolation:0}
execute if entity @s[tag=aj.tultaria.bone.sword] run data modify entity @s {} merge value {transformation:[-0.000005458876663612331f,-0.0000023066439557779036f,-0.000008054815903094372f,-0.28763760611938094f,0.0000038784635818822044f,0.000007825896800432276f,-0.000004869585147935844f,0.9284893745789597f,0.000007426855715272931f,-0.000005782277486445731f,-0.0000033774370836864834f,0.48051230815316825f,0f,0f,0f,1f],start_interpolation:0}
execute if entity @s[tag=aj.tultaria.bone.right_hand] run data modify entity @s {} merge value {transformation:[-0.5458876663612331f,-0.23066439557779034f,-0.8054815903094372f,-0.42000601413018857f,0.3878463581882204f,0.7825896800432275f,-0.4869585147935844f,1.1717966719335393f,0.7426855715272931f,-0.578227748644573f,-0.3377437083686483f,0.21408175108492483f,0f,0f,0f,1f],start_interpolation:0}
execute if entity @s[tag=aj.tultaria.bone.right_arm] run data modify entity @s {} merge value {transformation:[-0.5458876663612331f,0.3538287091211686f,-0.7594813363844664f,-0.17599905136237756f,0.3878463581882204f,0.9102031038215643f,0.14527736311526726f,1.4346986400000001f,0.7426855715272931f,-0.21525694970253131f,-0.6340998245149891f,0.12990726084227622f,0f,0f,0f,1f],start_interpolation:0}
execute if entity @s[tag=aj.tultaria.bone.skirt] run data modify entity @s {} merge value {transformation:[-0.8180339658149614f,0.019874094670451484f,-0.5748264530569872f,0.03473787880645617f,0f,0.999402851867484f,0.03455343223385802f,0.8851420429030169f,0.5751699146974282f,0.028265881202781395f,-0.8175454783599404f,0.049405860838520485f,0f,0f,0f,1f],start_interpolation:0}
execute if entity @s[tag=aj.tultaria.bone.left_foot] run data modify entity @s {} merge value {transformation:[-0.8180339658149614f,0.23357872984385303f,-0.5256057531435316f,0.1638446009837914f,0f,0.9138269226408164f,0.4061038727429418f,0.4307001994298775f,0.5751699146974282f,0.33220676155272305f,-0.747541461596349f,0.015700488654541864f,0f,0f,0f,1f],start_interpolation:0}
execute if entity @s[tag=aj.tultaria.bone.left_leg] run data modify entity @s {} merge value {transformation:[-0.8180339658149614f,0.019874094670451484f,-0.5748264530569872f,0.10068621076999051f,0f,0.999402851867484f,0.03455343223385802f,0.872258126151134f,0.5751699146974282f,0.028265881202781395f,-0.8175454783599404f,-0.07412637311423383f,0f,0f,0f,1f],start_interpolation:0}
execute if entity @s[tag=aj.tultaria.bone.right_foot] run data modify entity @s {} merge value {transformation:[-0.8180339658149614f,0.23357872984385308f,-0.5256057531435316f,0.0517188942172645f,0f,0.9138269226408164f,0.40610387274294185f,0.5063335855480893f,0.5751699146974282f,0.332206761552723f,-0.7475414615963489f,0.29088415069854046f,0f,0f,0f,1f],start_interpolation:0}
execute if entity @s[tag=aj.tultaria.bone.right_leg] run data modify entity @s {} merge value {transformation:[-0.8180339658149614f,-0.20161529077687623f,-0.5386758814890477f,-0.10382228068374982f,0f,0.9365508656210253f,-0.3505317048492309f,0.872258126151134f,0.5751699146974282f,-0.28674684066169587f,-0.7661304187914022f,0.06966610556012322f,0f,0f,0f,1f],start_interpolation:0}
execute if entity @s[tag=aj.tultaria.bone.lower] run data modify entity @s {} merge value {transformation:[-0.8180339658149614f,0.025088559310074383f,-0.5746224803858545f,0f,0f,0.9990482215818578f,0.043619387365336f,0.93469864f,0.5751699146974282f,0.035682140432884826f,-0.8172553787409914f,0f,0f,0f,0f,1f],start_interpolation:0}