execute if entity @s[tag=aj.tultaria.bone.head] run data modify entity @s {} merge value {transformation:[-0.9998822002347199f,0.0030067950972272987f,0.015051406479760922f,0f,0.005334545828489542f,0.9875691008120557f,0.15709491952979054f,1.5367422916666666f,-0.014391951729332747f,0.1571567062027928f,-0.9874688052900252f,0f,0f,0f,0f,1f],start_interpolation:0}
execute if entity @s[tag=aj.tultaria.bone.bust] run data modify entity @s {} merge value {transformation:[-0.9982912716748712f,0f,-0.058434038862367796f,0.5283626552686195f,0f,1f,0f,0.38049229166666665f,0.058434038862367796f,0f,-0.9982912716748712f,0.4699286164062517f,0f,0f,0f,1f],start_interpolation:0}
execute if entity @s[tag=aj.tultaria.bone.left_wing] run data modify entity @s {} merge value {transformation:[-0.800615361460234f,-0.10220629984913918f,-0.5903972520812125f,0.05508894962188343f,-0.2177031030365825f,0.9676237385158976f,0.1277092776142792f,1.4429922916666666f,0.5582297035469737f,0.23077732326133293f,-0.7969450577964532f,-0.12843853638825686f,0f,0f,0f,1f],start_interpolation:0}
execute if entity @s[tag=aj.tultaria.bone.right_wing] run data modify entity @s {} merge value {transformation:[-0.8602756563330836f,0.12843274237614238f,0.49338709529782576f,-0.06969745933747551f,0.2177031030365825f,0.9676237385158976f,0.1277092776142792f,1.4429922916666666f,-0.4610110129367036f,0.21727708426399078f,-0.86038335328202f,-0.12113428153046091f,0f,0f,0f,1f],start_interpolation:0}
execute if entity @s[tag=aj.tultaria.bone.body] run data modify entity @s {} merge value {transformation:[-0.9982912716748712f,0f,-0.058434038862367796f,0.5283626552686195f,0f,1f,0f,0.38049229166666665f,0.058434038862367796f,0f,-0.9982912716748712f,0.4699286164062517f,0f,0f,0f,1f],start_interpolation:0}
execute if entity @s[tag=aj.tultaria.bone.left_hand] run data modify entity @s {} merge value {transformation:[-0.777383180265944f,-0.5498166844302893f,0.3055765117964577f,0.5054146921132278f,-0.5770412808065464f,0.8167135902630687f,0.0015072241867145064f,1.2336210874928264f,-0.25039718705438235f,-0.17515857101978277f,-0.9521663319575843f,-0.19105176453569453f,0f,0f,0f,1f],start_interpolation:0}
execute if entity @s[tag=aj.tultaria.bone.left_arm] run data modify entity @s {} merge value {transformation:[-0.777383180265944f,-0.6286830017630516f,-0.020810438097402975f,0.21837621567887808f,-0.5770412808065464f,0.6995762848810588f,0.4214455859030393f,1.3804922916666666f,-0.25039718705438235f,0.3396331917322196f,-0.9066148817381271f,-0.012782446001142955f,0f,0f,0f,1f],start_interpolation:0}
execute if entity @s[tag=aj.tultaria.bone.rod] run data modify entity @s {} merge value {transformation:[-0.23768517558321317f,-0.3237986497788667f,0.553793469927517f,-0.8967931425537605f,0.6407954987774401f,-0.14766832510524433f,0.18868547938880556f,1.227523041246347f,0.030230806796191532f,0.5842734939965996f,0.35459497762723136f,0.042853740292043696f,0f,0f,0f,1f],start_interpolation:0}
execute if entity @s[tag=aj.tultaria.bone.sword] run data modify entity @s {} merge value {transformation:[-0.0000034742945453420534f,0.000009310915583137446f,-0.0000011118131209401848f,-0.9128619370123616f,0.000009366643504877622f,0.000003501828637992172f,5.64414977809706e-8f,1.2570583717199377f,4.418901048228254e-7f,-0.0000010217862760020736f,-0.000009937841110695699f,-0.0023489833367711654f,0f,0f,0f,1f],start_interpolation:0}
execute if entity @s[tag=aj.tultaria.bone.right_hand] run data modify entity @s {} merge value {transformation:[-0.3474294545342053f,0.9310915583137445f,-0.11118131209401848f,-0.5615314721978587f,0.9366643504877621f,0.3501828637992172f,0.00564414977809706f,1.3595471338933154f,0.044189010482282534f,-0.10217862760020735f,-0.9937841110695698f,-0.11968625894173038f,0f,0f,0f,1f],start_interpolation:0}
execute if entity @s[tag=aj.tultaria.bone.right_arm] run data modify entity @s {} merge value {transformation:[-0.3474294545342053f,0.9319090953248007f,0.10410673452268128f,-0.21837621567887808f,0.9366643504877621f,0.33966609485118426f,0.08536298105083379f,1.3804922916666666f,0.044189010482282534f,0.12717068081699406f,-0.9908960335439532f,0.012782446001142955f,0f,0f,0f,1f],start_interpolation:0}
execute if entity @s[tag=aj.tultaria.bone.skirt] run data modify entity @s {} merge value {transformation:[-0.9995208419859225f,0.004349946109670136f,0.030645789345285227f,-0.0018694311718702014f,0f,0.9900758474209708f,-0.14053403983962978f,0.8309356945696835f,-0.030952971355794452f,-0.14046670182818993f,-0.9896014446441344f,0.06036691590814399f,0f,0f,0f,1f],start_interpolation:0}
execute if entity @s[tag=aj.tultaria.bone.left_foot] run data modify entity @s {} merge value {transformation:[-0.9995208419859225f,-0.002074282925053089f,0.030883390132876685f,0.11929066451007875f,0f,0.9977520341385661f,0.06701401623804945f,0.4024603495510796f,-0.030952971355794452f,0.06698190593511344f,-0.9972739532553464f,0.18629857862567978f,0f,0f,0f,1f],start_interpolation:0}
execute if entity @s[tag=aj.tultaria.bone.left_leg] run data modify entity @s {} merge value {transformation:[-0.9995208419859225f,0.004349946109670136f,0.030645789345285227f,0.1250244896012201f,0f,0.9900758474209708f,-0.14053403983962978f,0.8180517778178006f,-0.030952971355794452f,-0.14046670182818993f,-0.9896014446441344f,0.0011442159953298846f,0f,0f,0f,1f],start_interpolation:0}
execute if entity @s[tag=aj.tultaria.bone.right_foot] run data modify entity @s {} merge value {transformation:[-0.9995208419859225f,-0.0020742829250530934f,0.030883390132876685f,-0.13507584368769288f,0f,0.9977520341385662f,0.06701401623804948f,0.5049848376235068f,-0.030952971355794452f,0.06698190593511355f,-0.9972739532553465f,0.32343004810772485f,0f,0f,0f,1f],start_interpolation:0}
execute if entity @s[tag=aj.tultaria.bone.right_leg] run data modify entity @s {} merge value {transformation:[-0.9995208419859225f,0.01574646203244258f,0.02664836522590975f,-0.12485572089526052f,0f,0.8609307623360407f,-0.5087221466217916f,0.8180517778178006f,-0.030952971355794452f,-0.5084783883282991f,-0.8605182404617016f,-0.006594026843618728f,0f,0f,0f,1f],start_interpolation:0}
execute if entity @s[tag=aj.tultaria.bone.lower] run data modify entity @s {} merge value {transformation:[-0.9995208419859225f,-0.0013501496476765477f,0.030923510985680632f,0f,0f,0.9990482215818578f,0.043619387365336f,0.8804922916666666f,-0.030952971355794452f,0.04359848678631075f,-0.9985695196200369f,0f,0f,0f,0f,1f],start_interpolation:0}