execute if entity @s[tag=aj.tultaria.bone.head] run data modify entity @s {} merge value {transformation:[-0.9965706656028587f,-0.00509409790301368f,0.08258909508179528f,0f,0.007511402634899977f,0.9884129959292891f,0.15160253397797643f,1.50936f,-0.08240441305131495f,0.15170299813992338f,-0.984985133423356f,0f,0f,0f,0f,1f],start_interpolation:0}
execute if entity @s[tag=aj.tultaria.bone.bust] run data modify entity @s {} merge value {transformation:[-0.9818163501499169f,0f,0.18983322833027882f,0.395991560909819f,0f,1f,0f,0.35311000000000003f,-0.18983322833027882f,0f,-0.9818163501499169f,0.5858247892400978f,0f,0f,0f,1f],start_interpolation:0}
execute if entity @s[tag=aj.tultaria.bone.left_wing] run data modify entity @s {} merge value {transformation:[-0.858426708044564f,-0.19779197243568097f,-0.4732672844765162f,0.08509267542565463f,-0.3043609068327772f,0.939093759973208f,0.1595849252633605f,1.41561f,0.4128777365125206f,0.2810360219249227f,-0.8663433090137604f,-0.1108624669980971f,0f,0f,0f,1f],start_interpolation:0}
execute if entity @s[tag=aj.tultaria.bone.right_wing] run data modify entity @s {} merge value {transformation:[-0.6426516203464314f,0.07877669436084433f,0.7620978462715167f,-0.03763436834308492f,0.3043609068327772f,0.939093759973208f,0.1595849252633605f,1.41561f,-0.7031097590405325f,0.334510302389868f,-0.6274866726369599f,-0.134591620539382f,0f,0f,0f,1f],start_interpolation:0}
execute if entity @s[tag=aj.tultaria.bone.body] run data modify entity @s {} merge value {transformation:[-0.9818163501499169f,0f,0.18983322833027882f,0.395991560909819f,0f,1f,0f,0.35311000000000003f,-0.18983322833027882f,0f,-0.9818163501499169f,0.5858247892400978f,0f,0f,0f,1f],start_interpolation:0}
execute if entity @s[tag=aj.tultaria.bone.left_hand] run data modify entity @s {} merge value {transformation:[-0.5596822040155994f,-0.7065635805705984f,0.433040110289447f,0.5598795809680743f,-0.7097610983698294f,0.6784380941738639f,0.18963368797391636f,1.274898301800288f,-0.4277791646972702f,-0.20122042387638195f,-0.8812010708492783f,-0.06107076850390346f,0f,0f,0f,1f],start_interpolation:0}
execute if entity @s[tag=aj.tultaria.bone.left_arm] run data modify entity @s {} merge value {transformation:[-0.5596822040155994f,-0.8214383127513909f,0.10952136253895409f,0.21477232659529433f,-0.7097610983698294f,0.5433658288904293f,0.4483221600981487f,1.35311f,-0.4277791646972702f,0.17318393210215796f,-0.8871371438016451f,0.04152601869724849f,0f,0f,0f,1f],start_interpolation:0}
execute if entity @s[tag=aj.tultaria.bone.rod] run data modify entity @s {} merge value {transformation:[-0.1913094424320925f,-0.7851493655661667f,0.6020032603279902f,-0.8978425011544646f,0.9876863851745025f,-0.11572703647954258f,0.16294051683589655f,1.3055258462516517f,-0.05781916840813578f,0.6209786479717887f,0.7915233521418577f,-0.2281884887699024f,0f,0f,0f,1f],start_interpolation:0}
execute if entity @s[tag=aj.tultaria.bone.sword] run data modify entity @s {} merge value {transformation:[-0.000001898469180265546f,0.000009504915054757204f,0.000002460163525750218f,-0.8922432008158403f,0.00000980135710074668f,0.0000019811973365162677f,-9.086306963507527e-8f,1.3357291665525706f,-5.737715183106682e-7f,0.0000023940440504783362f,-0.000009692230874733886f,-0.27541385698993837f,0f,0f,0f,1f],start_interpolation:0}
execute if entity @s[tag=aj.tultaria.bone.right_hand] run data modify entity @s {} merge value {transformation:[-0.1898469180265546f,0.9504915054757204f,0.24601635257502175f,-0.5106561425291918f,0.9801357100746679f,0.19811973365162677f,-0.009086306963507526f,1.3786849580005731f,-0.057377151831066814f,0.2394044050478336f,-0.9692230874733885f,-0.2595647228111384f,0f,0f,0f,1f],start_interpolation:0}
execute if entity @s[tag=aj.tultaria.bone.right_arm] run data modify entity @s {} merge value {transformation:[-0.1898469180265546f,0.9097015745364813f,0.36932532136541296f,-0.21477232659529433f,0.9801357100746679f,0.1975855825413393f,0.017144311249689084f,1.35311f,-0.057377151831066814f,0.3652437307574854f,-0.9291420126063121f,-0.04152601869724849f,0f,0f,0f,1f],start_interpolation:0}
execute if entity @s[tag=aj.tultaria.bone.skirt] run data modify entity @s {} merge value {transformation:[-0.9396744023582222f,0.0778795069759257f,0.33308677539930154f,-0.020659621853040246f,0f,0.9737380845862745f,-0.22767112822282376f,0.8035534029030169f,-0.3420701938969808f,-0.21393673134700414f,-0.9149967526870475f,0.05675243901416634f,0f,0f,0f,1f],start_interpolation:0}
execute if entity @s[tag=aj.tultaria.bone.left_foot] run data modify entity @s {} merge value {transformation:[-0.9396744023582222f,0.037655518713655516f,0.3399912932166404f,0.042683724836255585f,0f,0.9939225903997752f,-0.11008126222478183f,0.39311796517249187f,-0.3420701938969808f,-0.10344054429191067f,-0.9339636161242446f,0.24816893692770822f,0f,0f,0f,1f],start_interpolation:0}
execute if entity @s[tag=aj.tultaria.bone.left_leg] run data modify entity @s {} merge value {transformation:[-0.9396744023582222f,0.0778795069759257f,0.33308677539930154f,0.11839185606313578f,0f,0.9737380845862745f,-0.22767112822282376f,0.790669486151134f,-0.3420701938969808f,-0.21393673134700414f,-0.9149967526870475f,0.04019702287751298f,0f,0f,0f,1f],start_interpolation:0}
execute if entity @s[tag=aj.tultaria.bone.right_foot] run data modify entity @s {} merge value {transformation:[-0.9396744023582222f,0.03765551871365558f,0.3399912932166404f,-0.23851325861884268f,0f,0.993922590399775f,-0.1100812622247821f,0.5080765632039455f,-0.3420701938969808f,-0.10344054429191085f,-0.9339636161242446f,0.2897791316393556f,0f,0f,0f,1f],start_interpolation:0}
execute if entity @s[tag=aj.tultaria.bone.right_leg] run data modify entity @s {} merge value {transformation:[-0.9396744023582222f,0.19941807298235223f,0.27792885730115047f,-0.11652674452641977f,0f,0.8124907175772603f,-0.5829741279429034f,0.790669486151134f,-0.3420701938969808f,-0.5478058652650535f,-0.7634767294610152f,-0.04532052559673222f,0f,0f,0f,1f],start_interpolation:0}
execute if entity @s[tag=aj.tultaria.bone.lower] run data modify entity @s {} merge value {transformation:[-0.9396744023582222f,-0.014920892293728f,0.3417446188689399f,0f,0f,0.9990482215818578f,0.043619387365336f,0.85311f,-0.3420701938969808f,0.04098802175375389f,-0.938780040541977f,0f,0f,0f,0f,1f],start_interpolation:0}