execute if entity @s[tag=aj.tultaria.bone.head] run data modify entity @s {} merge value {transformation:[-0.9911649678160795f,-0.012263543830337939f,0.1320666955249171f,0f,0.007869900754568815f,0.9885242744414875f,0.15085696371743623f,1.4994444444444444f,-0.13240117535831403f,0.15056348937458916f,-0.9796941177893663f,0f,0f,0f,0f,1f],start_interpolation:0}
execute if entity @s[tag=aj.tultaria.bone.bust] run data modify entity @s {} merge value {transformation:[-0.9522316704988194f,0f,0.30537656376845246f,0.3234275533651835f,0f,1f,0f,0.34319444444444447f,-0.30537656376845246f,0f,-0.9522316704988194f,0.6288041171336359f,0f,0f,0f,1f],start_interpolation:0}
execute if entity @s[tag=aj.tultaria.bone.left_wing] run data modify entity @s {} merge value {transformation:[-0.8815585797795568f,-0.24279319641422187f,-0.40485297848974233f,0.09768654987723277f,-0.33216677738981637f,0.9284063122912042f,0.1665141174084383f,1.4056944444444444f,0.33543956596608426f,0.2812706580374356f,-0.8990923837468945f,-0.09994292357682422f,0f,0f,0f,1f],start_interpolation:0}
execute if entity @s[tag=aj.tultaria.bone.right_wing] run data modify entity @s {} merge value {transformation:[-0.5220549312627069f,0.03392895306789655f,0.8522367481445556f,-0.021342408935119628f,0.33216677738981637f,0.9284063122912042f,0.1665141174084383f,1.4056944444444444f,-0.7855723268692416f,0.37001425032228613f,-0.49594916454782134f,-0.13811499404788063f,0f,0f,0f,1f],start_interpolation:0}
execute if entity @s[tag=aj.tultaria.bone.body] run data modify entity @s {} merge value {transformation:[-0.9522316704988194f,0f,0.30537656376845246f,0.3234275533651835f,0f,1f,0f,0.34319444444444447f,-0.30537656376845246f,0f,-0.9522316704988194f,0.6288041171336359f,0f,0f,0f,1f],start_interpolation:0}
execute if entity @s[tag=aj.tultaria.bone.left_hand] run data modify entity @s {} merge value {transformation:[-0.44740016895652235f,-0.7536749154502693f,0.48146361299552487f,0.5681740944607487f,-0.7542738893931971f,0.6072416984117297f,0.24965660313658203f,1.2926820236382723f,-0.4805247013394152f,-0.2514590255510174f,-0.840157348281617f,0.006123228562313926f,0f,0f,0f,1f],start_interpolation:0}
execute if entity @s[tag=aj.tultaria.bone.left_arm] run data modify entity @s {} merge value {transformation:[-0.44740016895652235f,-0.8767291113786195f,0.17657619907261374f,0.20830067792161674f,-0.7542738893931971f,0.4759895818873582f,0.45222208892794796f,1.3431944444444444f,-0.4805247013394152f,0.06913742254346758f,-0.8742516961417414f,0.06680112332434898f,0f,0f,0f,1f],start_interpolation:0}
execute if entity @s[tag=aj.tultaria.bone.rod] run data modify entity @s {} merge value {transformation:[-0.16479887643766972f,-0.8663454115693231f,0.4714731786408023f,-0.8576083852912977f,0.9826951592763344f,-0.10323480309913087f,0.15379466624022925f,1.3048308296245632f,-0.08456686265755353f,0.4886595985774389f,0.8683664217704382f,-0.35585711015908406f,0f,0f,0f,1f],start_interpolation:0}
execute if entity @s[tag=aj.tultaria.bone.sword] run data modify entity @s {} merge value {transformation:[-0.0000016479887643766974f,0.00000902945532698467f,0.000003969013672246087f,-0.8441535985913212f,0.000009826951592763345f,0.000001848133611082356f,-1.2419560810944723e-7f,1.3349578864389355f,-8.456686265755354e-7f,0.000003879863226142888f,-0.00000917777238334281f,-0.401520632664052f,0f,0f,0f,1f],start_interpolation:0}
execute if entity @s[tag=aj.tultaria.bone.right_hand] run data modify entity @s {} merge value {transformation:[-0.16479887643766972f,0.9029455326984669f,0.39690136722460867f,-0.4693911396262964f,0.9826951592763344f,0.18481336110823557f,-0.012419560810944722f,1.3725833949387833f,-0.08456686265755353f,0.3879863226142888f,-0.9177772383342809f,-0.3250843939705109f,0f,0f,0f,1f],start_interpolation:0}
execute if entity @s[tag=aj.tultaria.bone.right_arm] run data modify entity @s {} merge value {transformation:[-0.16479887643766972f,0.8507154222185708f,0.4991238330558465f,-0.20830067792161674f,0.9826951592763344f,0.1850046774973202f,0.009137463486788039f,1.3431944444444444f,-0.08456686265755353f,0.49199241833954255f,-0.8664824903231841f,-0.06680112332434898f,0f,0f,0f,1f],start_interpolation:0}
execute if entity @s[tag=aj.tultaria.bone.skirt] run data modify entity @s {} merge value {transformation:[-0.8922643647609234f,0.11686025356768134f,0.43612840369996897f,-0.02726953472325637f,0f,0.9659258262890684f,-0.25881904510252074f,0.7936378473474613f,-0.4515133479508506f,-0.2309350108664294f,-0.8618611937999856f,0.05388906925476078f,0f,0f,0f,1f],start_interpolation:0}
execute if entity @s[tag=aj.tultaria.bone.left_foot] run data modify entity @s {} merge value {transformation:[-0.8922643647609234f,0.07840447006395984f,0.4446538456504964f,0.007121555173314226f,0f,0.9848077530122082f,-0.17364817766693036f,0.3905137622319261f,-0.4515133479508506f,-0.15494008093787554f,-0.8787088641530703f,0.2627733834129929f,0f,0f,0f,1f],start_interpolation:0}
execute if entity @s[tag=aj.tultaria.bone.left_leg] run data modify entity @s {} merge value {transformation:[-0.8922643647609234f,0.11686025356768134f,0.43612840369996897f,0.11276396657167093f,0f,0.9659258262890684f,-0.25881904510252074f,0.7807539305955784f,-0.4515133479508506f,-0.2309350108664294f,-0.8618611937999856f,0.05400666693393181f,0f,0f,0f,1f],start_interpolation:0}
execute if entity @s[tag=aj.tultaria.bone.right_foot] run data modify entity @s {} merge value {transformation:[-0.8922643647609234f,0.0784044700639599f,0.4446538456504965f,-0.27533128849176447f,0f,0.9848077530122081f,-0.17364817766693036f,0.5097570228442531f,-0.4515133479508506f,-0.15494008093787548f,-0.8787088641530703f,0.267253000985579f,0f,0f,0f,1f],start_interpolation:0}
execute if entity @s[tag=aj.tultaria.bone.right_leg] run data modify entity @s {} merge value {transformation:[-0.8922643647609234f,0.27486391091507156f,0.3582096227828861f,-0.11030212461855993f,0f,0.7933533402912353f,-0.6087614290087207f,0.7807539305955784f,-0.4515133479508506f,-0.5431761297454181f,-0.7078809142059158f,-0.058871670053780835f,0f,0f,0f,1f],start_interpolation:0}
execute if entity @s[tag=aj.tultaria.bone.lower] run data modify entity @s {} merge value {transformation:[-0.8922643647609234f,-0.01969473562488789f,0.45108360729076785f,0f,0f,0.9990482215818578f,0.043619387365336f,0.8431944444444445f,-0.4515133479508506f,0.038920024958792175f,-0.8914151267952666f,0f,0f,0f,0f,1f],start_interpolation:0}