execute if entity @s[tag=aj.tultaria.bone.head] run data modify entity @s {} merge value {transformation:[-0.9823797408163195f,-0.023930868871713425f,0.1853573800761814f,0f,0.005656175665230096f,0.9875074044478636f,0.15747105714221815f,1.475349375f,-0.18681020451384656f,0.15574479020400184f,-0.9699719108375287f,0f,0f,0f,0f,1f],start_interpolation:0}
execute if entity @s[tag=aj.tultaria.bone.bust] run data modify entity @s {} merge value {transformation:[-0.8472473317368463f,0f,0.5311986058573521f,0.1580243629397471f,0f,1f,0f,0.31909937499999996f,-0.5311986058573521f,0f,-0.8472473317368463f,0.6892229687970992f,0f,0f,0f,1f],start_interpolation:0}
execute if entity @s[tag=aj.tultaria.bone.left_wing] run data modify entity @s {} merge value {transformation:[-0.9013919863683458f,-0.3378299900566787f,-0.2708567605381714f,0.11935278396572191f,-0.3910239073432964f,0.9037724489617831f,0.17405649767705403f,1.381599375f,0.18599137290989892f,0.2628046010174206f,-0.9467528457243555f,-0.07270600360102131f,0f,0f,0f,1f],start_interpolation:0}
execute if entity @s[tag=aj.tultaria.bone.right_wing] run data modify entity @s {} merge value {transformation:[-0.22528361099506922f,-0.08937620120920474f,0.9701851314437023f,0.013446867498616122f,0.3910239073432964f,0.9037724489617831f,0.17405649767705403f,1.381599375f,-0.8923831007493381f,0.4185776572573278f,-0.16865688939964357f,-0.13910582933319027f,0f,0f,0f,1f],start_interpolation:0}
execute if entity @s[tag=aj.tultaria.bone.body] run data modify entity @s {} merge value {transformation:[-0.8472473317368463f,0f,0.5311986058573521f,0.1580243629397471f,0f,1f,0f,0.31909937499999996f,-0.5311986058573521f,0f,-0.8472473317368463f,0.6892229687970992f,0f,0f,0f,1f],start_interpolation:0}
execute if entity @s[tag=aj.tultaria.bone.left_hand] run data modify entity @s {} merge value {transformation:[-0.13714009068357852f,-0.8572723248219797f,0.4962627898821531f,0.5509889007551142f,-0.8604515186612898f,0.35129815909422213f,0.3690701660260425f,1.3523370026415853f,-0.49072984376414275f,-0.3763957551717725f,-0.7858183351945227f,0.1467763400508838f,0f,0f,0f,1f],start_interpolation:0}
execute if entity @s[tag=aj.tultaria.bone.left_arm] run data modify entity @s {} merge value {transformation:[-0.13714009068357852f,-0.9478809165114958f,0.2876010494428466f,0.18533535381743513f,-0.8604515186612898f,0.2578358638353859f,0.43948134357870106f,1.319099375f,-0.49072984376414275f,-0.18719624844955418f,-0.8509652078702354f,0.11619969503129578f,0f,0f,0f,1f],start_interpolation:0}
execute if entity @s[tag=aj.tultaria.bone.rod] run data modify entity @s {} merge value {transformation:[-0.2086364640595871f,-1.0290008537578699f,0.29071853460203023f,-0.7220263797620265f,1.0566212851127228f,-0.15295764176398918f,0.2168977113839641f,1.2389860284232748f,-0.1640471982153759f,0.32349714113487676f,1.027291250797996f,-0.5722365353401193f,0f,0f,0f,1f],start_interpolation:0}
execute if entity @s[tag=aj.tultaria.bone.sword] run data modify entity @s {} merge value {transformation:[-0.0000019150720821379747f,0.00000752433521666619f,0.000006302132850666726f,-0.6984697322812075f,0.00000969871653851556f,0.0000024358528629885147f,3.896582342807709e-8f,1.269477169903455f,-0.0000015057876429764235f,0.000006119722246728822f,-0.000007764122822132058f,-0.6133364474531646f,0f,0f,0f,1f],start_interpolation:0}
execute if entity @s[tag=aj.tultaria.bone.right_hand] run data modify entity @s {} merge value {transformation:[-0.19150720821379744f,0.7524335216666189f,0.6302132850666725f,-0.3610871485037105f,0.9698716538515559f,0.24358528629885146f,0.0038965823428077084f,1.330817583578195f,-0.15057876429764233f,0.6119722246728821f,-0.7764122822132058f,-0.4397984863644392f,0f,0f,0f,1f],start_interpolation:0}
execute if entity @s[tag=aj.tultaria.bone.right_arm] run data modify entity @s {} merge value {transformation:[-0.19150720821379744f,0.6577310222227719f,0.728501813043691f,-0.18533535381743513f,0.9698716538515559f,0.24068944930513791f,0.03765055176803063f,1.319099375f,-0.15057876429764233f,0.7137636103073463f,-0.6840084387956176f,-0.11619969503129578f,0f,0f,0f,1f],start_interpolation:0}
execute if entity @s[tag=aj.tultaria.bone.skirt] run data modify entity @s {} merge value {transformation:[-0.703414730190936f,0.23692689498124322f,0.6701293634701884f,-0.04292814500134369f,0f,0.9428088707403317f,-0.33333381654632765f,0.7695427779030168f,-0.7107796545698342f,-0.23447191662945f,-0.6631856474334314f,0.04248333409598285f,0f,0f,0f,1f],start_interpolation:0}
execute if entity @s[tag=aj.tultaria.bone.left_foot] run data modify entity @s {} merge value {transformation:[-0.703414730190936f,0.2307326531604592f,0.6722872601172419f,-0.09755710989644535f,0f,0.9458448279925966f,-0.32461910196360255f,0.3858467072705297f,-0.7107796545698342f,-0.2283418580225514f,-0.6653211844849046f,0.27240946880112493f,0f,0f,0f,1f],start_interpolation:0}
execute if entity @s[tag=aj.tultaria.bone.left_leg] run data modify entity @s {} merge value {transformation:[-0.703414730190936f,0.23692689498124322f,0.6701293634701884f,0.08986457709162209f,0f,0.9428088707403317f,-0.33333381654632765f,0.7566588611511339f,-0.7107796545698342f,-0.23447191662945f,-0.6631856474334314f,0.08692979934656166f,0f,0f,0f,1f],start_interpolation:0}
execute if entity @s[tag=aj.tultaria.bone.right_foot] run data modify entity @s {} merge value {transformation:[-0.703414730190936f,0.23073265316045913f,0.6722872601172418f,-0.36000640600111067f,0f,0.9458448279925964f,-0.32461910196360244f,0.514980850069009f,-0.7107796545698342f,-0.22834185802255133f,-0.6653211844849044f,0.1804128862156124f,0f,0f,0f,1f],start_interpolation:0}
execute if entity @s[tag=aj.tultaria.bone.right_leg] run data modify entity @s {} merge value {transformation:[-0.703414730190936f,0.47533931391602613f,0.5284508056538985f,-0.08598910545611192f,0f,0.7434804897077679f,-0.6687576253201885f,0.7566588611511339f,-0.7107796545698342f,-0.4704139645777314f,-0.5229751280700146f,-0.09076511429589688f,0f,0f,0f,1f],start_interpolation:0}
execute if entity @s[tag=aj.tultaria.bone.lower] run data modify entity @s {} merge value {transformation:[-0.703414730190936f,-0.03100377308408131f,0.71010314983456f,0f,0f,0.9990482215818578f,0.043619387365336f,0.819099375f,-0.7107796545698342f,0.030682519594681747f,-0.7027452352317369f,0f,0f,0f,0f,1f],start_interpolation:0}