execute if entity @s[tag=aj.tultaria.bone.head] run data modify entity @s {} merge value {transformation:[-0.7639470427346808f,0.24322978453060437f,-0.5976823469152585f,0f,-0.058124873153371934f,0.8965347427584485f,0.43914343231790115f,1.15625f,0.6426557515636501f,0.3702225370560771f,-0.6707673650662512f,0f,0f,0f,0f,1f],start_interpolation:0}
execute if entity @s[tag=aj.tultaria.bone.bust] run data modify entity @s {} merge value {transformation:[-0.7225773107614324f,0f,-0.6912901199733554f,0.7069337153673939f,0f,1f,0f,0f,0.6912901199733554f,0f,-0.7225773107614324f,0.01564359539403848f,0f,0f,0f,1f],start_interpolation:0}
execute if entity @s[tag=aj.tultaria.bone.left_wing] run data modify entity @s {} merge value {transformation:[-0.40302911219805665f,0f,-0.915187158301976f,-0.041250183074079905f,0f,1f,0f,1.0625f,0.915187158301976f,0f,-0.40302911219805665f,-0.13352779634351375f,0f,0f,0f,1f],start_interpolation:0}
execute if entity @s[tag=aj.tultaria.bone.right_wing] run data modify entity @s {} merge value {transformation:[-0.9321196639410132f,0f,-0.3621504274393339f,-0.1315723469192589f,0f,1f,0f,1.0625f,0.3621504274393339f,0f,-0.9321196639410132f,-0.04711653134684435f,0f,0f,0f,1f],start_interpolation:0}
execute if entity @s[tag=aj.tultaria.bone.body] run data modify entity @s {} merge value {transformation:[-0.7225773107614324f,0f,-0.6912901199733554f,0.7069337153673939f,0f,1f,0f,0f,0.6912901199733554f,0f,-0.7225773107614324f,0.01564359539403848f,0f,0f,0f,1f],start_interpolation:0}
execute if entity @s[tag=aj.tultaria.bone.left_hand] run data modify entity @s {} merge value {transformation:[-0.8565764881793244f,-0.39483514082269766f,-0.33223776346149475f,0.20256091243180382f,-0.21961067665308298f,0.86156297305727f,-0.45769028191200734f,0.7296314374016722f,0.46695596216169105f,-0.31908377431050644f,-0.8247045982492222f,-0.3975183813465534f,0f,0f,0f,1f],start_interpolation:0}
execute if entity @s[tag=aj.tultaria.bone.left_arm] run data modify entity @s {} merge value {transformation:[-0.8565764881793244f,-0.03622005349097335f,-0.5147473434836616f,0.15806378672906335f,-0.21961067665308298f,0.928274227115452f,0.3001301550547448f,1f,0.46695596216169105f,0.3701284466213332f,-0.8030921879854941f,-0.1512197137441715f,0f,0f,0f,1f],start_interpolation:0}
execute if entity @s[tag=aj.tultaria.bone.rod] run data modify entity @s {} merge value {transformation:[0.35920182384537286f,0.8421142505970167f,0.030037708496534754f,0.35896759532493183f,0.6485670235058774f,-0.29713998321961654f,0.5745896550035622f,1.178277193783185f,0.537977221646999f,-0.20404912290380253f,-0.71276159385541f,0.2914371550201403f,0f,0f,0f,1f],start_interpolation:0}
execute if entity @s[tag=aj.tultaria.bone.right_hand] run data modify entity @s {} merge value {transformation:[0.09029775928720166f,-0.7841258669698203f,-0.6139975076631323f,-0.051772491962371575f,0.907294162288834f,0.3190024847970503f,-0.273961161061035f,0.9357422238322712f,0.41068676353677774f,-0.532338275387122f,0.7402380311856122f,0.4980846533947483f,0f,0f,0f,1f],start_interpolation:0}
execute if entity @s[tag=aj.tultaria.bone.right_arm] run data modify entity @s {} merge value {transformation:[0.09029775928720166f,-0.5167703968223458f,-0.8513487367910907f,-0.15806378672906335f,0.907294162288834f,0.39519722822473613f,-0.1436539379205753f,1f,0.41068676353677774f,-0.759452110255519f,0.5045481884658052f,0.1512197137441715f,0f,0f,0f,1f],start_interpolation:0}
execute if entity @s[tag=aj.tultaria.bone.skirt] run data modify entity @s {} merge value {transformation:[-0.8929607174556603f,0f,-0.45013459884913576f,0.028133412428070985f,0f,1f,0f,0.453125f,0.45013459884913576f,0f,-0.8929607174556603f,0.05581004484097877f,0f,0f,0f,1f],start_interpolation:0}
execute if entity @s[tag=aj.tultaria.bone.left_foot] run data modify entity @s {} merge value {transformation:[-0.8929607174556603f,0.17225905331387004f,-0.41587014275189516f,0.1678869145380995f,0f,0.9238795325112867f,0.3826834323650897f,0f,0.45013459884913576f,0.34172127232312516f,-0.8249881301938786f,0.05535326482581557f,0f,0f,0f,1f],start_interpolation:0}
execute if entity @s[tag=aj.tultaria.bone.left_leg] run data modify entity @s {} merge value {transformation:[-0.8929607174556603f,0f,-0.45013459884913576f,0.11162008968195754f,0f,1f,0f,0.4375f,0.45013459884913576f,0f,-0.8929607174556603f,-0.05626682485614197f,0f,0f,0f,1f],start_interpolation:0}
execute if entity @s[tag=aj.tultaria.bone.right_foot] run data modify entity @s {} merge value {transformation:[-0.8929607174556603f,0.17225905331387015f,-0.41587014275189516f,0.01572701398684749f,0f,0.9238795325112867f,0.38268343236508984f,0.08113813357194827f,0.45013459884913576f,0.3417212723231253f,-0.8249881301938786f,0.30889339777174407f,0f,0f,0f,1f],start_interpolation:0}
execute if entity @s[tag=aj.tultaria.bone.right_leg] run data modify entity @s {} merge value {transformation:[-0.8929607174556603f,-0.17225905331387004f,-0.41587014275189516f,-0.11162008968195754f,0f,0.9238795325112867f,-0.3826834323650897f,0.4375f,0.45013459884913576f,-0.34172127232312516f,-0.8249881301938786f,0.05626682485614197f,0f,0f,0f,1f],start_interpolation:0}
execute if entity @s[tag=aj.tultaria.bone.lower] run data modify entity @s {} merge value {transformation:[-0.8929607174556603f,0f,-0.45013459884913576f,0f,0f,1f,0f,0.5f,0.45013459884913576f,0f,-0.8929607174556603f,0f,0f,0f,0f,1f],start_interpolation:0}