execute if entity @s[tag=aj.tultaria.bone.head] run data modify entity @s {} merge value {transformation:[-0.7639595307974243f,0.17390264805185518f,-0.6213885292667803f,0f,-0.03975618771703142f,0.9484836701082673f,0.314321766787093f,1.558648125f,0.6440382603867473f,0.2648331484888252f,-0.7176894332644924f,0f,0f,0f,0f,1f],start_interpolation:0}
execute if entity @s[tag=aj.tultaria.bone.bust] run data modify entity @s {} merge value {transformation:[-0.4857961694097187f,0f,-0.8740721261925952f,0.6799341478011569f,0f,1f,0f,0.40239812499999994f,0.8740721261925952f,0f,-0.4857961694097187f,-0.19413797839143826f,0f,0f,0f,1f],start_interpolation:0}
execute if entity @s[tag=aj.tultaria.bone.left_wing] run data modify entity @s {} merge value {transformation:[-0.021146404591940282f,0.08611151706900474f,-0.9960610604781761f,-0.07889675518596695f,-0.13916145827198417f,0.9863318265335815f,0.0882248065939712f,1.464898125f,0.990043897059342f,0.14047894715936377f,-0.00887396757645098f,-0.11535402906325204f,0f,0f,0f,1f],start_interpolation:0}
execute if entity @s[tag=aj.tultaria.bone.right_wing] run data modify entity @s {} merge value {transformation:[-0.8296212531182133f,0.16476783087669614f,-0.533460531138672f,-0.1396212763621818f,0.13916145827198417f,0.9863318265335815f,0.0882248065939712f,1.464898125f,0.5407057100735856f,-0.0010439708412024046f,-0.8412111775402789f,-0.006095013289177664f,0f,0f,0f,1f],start_interpolation:0}
execute if entity @s[tag=aj.tultaria.bone.body] run data modify entity @s {} merge value {transformation:[-0.4857961694097187f,0f,-0.8740721261925952f,0.6799341478011569f,0f,1f,0f,0.40239812499999994f,0.8740721261925952f,0f,-0.4857961694097187f,-0.19413797839143826f,0f,0f,0f,1f],start_interpolation:0}
execute if entity @s[tag=aj.tultaria.bone.left_hand] run data modify entity @s {} merge value {transformation:[-0.5079944189017072f,-0.8057812206772865f,-0.3043982502718096f,0.23992260043412422f,-0.840193952172313f,0.541399366323441f,-0.030997562446838767f,1.3563208693692614f,0.1897782735135561f,0.24000698020765743f,-0.9520403648763089f,-0.5314318747106367f,0f,0f,0f,1f],start_interpolation:0}
execute if entity @s[tag=aj.tultaria.bone.left_arm] run data modify entity @s {} merge value {transformation:[-0.5079944189017072f,-0.4504959366498436f,-0.7341628439431522f,0.10626791205837596f,-0.840193952172313f,0.44694356739367913f,0.3071084015433002f,1.402398125f,0.1897782735135561f,0.7728485353724831f,-0.605548799251408f,-0.1912032776046302f,0f,0f,0f,1f],start_interpolation:0}
execute if entity @s[tag=aj.tultaria.bone.rod] run data modify entity @s {} merge value {transformation:[0.2857805929020146f,0.28386842530804246f,-0.844892993126174f,0.3287311774105978f,0.8139384927431558f,0.27845589741391447f,0.36886643006162984f,1.3369386280378275f,0.363221121015247f,-0.847335252605805f,-0.16183135338951926f,0.41485168969101754f,0f,0f,0f,1f],start_interpolation:0}
execute if entity @s[tag=aj.tultaria.bone.sword] run data modify entity @s {} merge value {transformation:[0.0000021367600083809537f,-0.000009238980428138183f,-0.0000031741923878466226f,0.47586491464845687f,0.000009052173003137478f,0.0000030942542986030525f,-0.0000029126884929297777f,1.271261281361655f,0.0000036732030420129016f,-0.000002250962235146594f,0.000009024452804912384f,0.5160410930968273f,0f,0f,0f,1f],start_interpolation:0}
execute if entity @s[tag=aj.tultaria.bone.right_hand] run data modify entity @s {} merge value {transformation:[0.21367600083809535f,-0.9238980428138183f,-0.3174192387846622f,0.09792739553703278f,0.9052173003137478f,0.30942542986030525f,-0.29126884929297775f,1.336252398073451f,0.36732030420129014f,-0.22509622351465935f,0.9024452804912384f,0.4906547873109177f,0f,0f,0f,1f],start_interpolation:0}
execute if entity @s[tag=aj.tultaria.bone.right_arm] run data modify entity @s {} merge value {transformation:[0.21367600083809535f,-0.7167731876597271f,-0.663761074572735f,-0.10626791205837596f,0.9052173003137478f,0.4007507428308267f,-0.1413523304839036f,1.402398125f,0.36732030420129014f,-0.5706444072911381f,0.7344663059316044f,0.1912032776046302f,0f,0f,0f,1f],start_interpolation:0}
execute if entity @s[tag=aj.tultaria.bone.skirt] run data modify entity @s {} merge value {transformation:[-0.7800444833665322f,-0.043798100172387375f,-0.624189338575027f,0.03779113986628373f,0f,0.9975472811823205f,-0.06999586991930715f,0.8528415279030168f,0.6257240637608882f,-0.05459989218899694f,-0.7781312535835521f,0.0471114535625284f,0f,0f,0f,1f],start_interpolation:0}
execute if entity @s[tag=aj.tultaria.bone.left_foot] run data modify entity @s {} merge value {transformation:[-0.7800444833665322f,0.12980156996095066f,-0.612112862473182f,0.19298504029805197f,0f,0.9782472785113989f,0.2074421897422064f,0.4122801593737821f,0.6257240637608882f,0.16181413572588157f,-0.7630763929711404f,0.040811785155384264f,0f,0f,0f,1f],start_interpolation:0}
execute if entity @s[tag=aj.tultaria.bone.left_leg] run data modify entity @s {} merge value {transformation:[-0.7800444833665322f,-0.043798100172387375f,-0.624189338575027f,0.09579970415075413f,0f,0.9975472811823205f,-0.06999586991930715f,0.8399576111511339f,0.6257240637608882f,-0.05459989218899694f,-0.7781312535835521f,-0.0803420743752459f,0f,0f,0f,1f],start_interpolation:0}
execute if entity @s[tag=aj.tultaria.bone.right_foot] run data modify entity @s {} merge value {transformation:[-0.7800444833665322f,0.12980156996095069f,-0.612112862473182f,0.09298530218027805f,0f,0.9782472785113989f,0.20744218974220663f,0.5042722577676639f,0.6257240637608882f,0.16181413572588166f,-0.7630763929711404f,0.31568655169282456f,0f,0f,0f,1f],start_interpolation:0}
execute if entity @s[tag=aj.tultaria.bone.right_leg] run data modify entity @s {} merge value {transformation:[-0.7800444833665322f,-0.2793310868437342f,-0.5599149470161859f,-0.09921141669087892f,0f,0.8948272560445266f,-0.446412569088084f,0.8399576111511339f,0.6257240637608882f,-0.34822166182264086f,-0.6980050646435444f,0.07608894156497614f,0f,0f,0f,1f],start_interpolation:0}
execute if entity @s[tag=aj.tultaria.bone.lower] run data modify entity @s {} merge value {transformation:[-0.7800444833665322f,0.027293700320998385f,-0.6251285131012884f,0f,0f,0.9990482215818578f,0.043619387365336f,0.9023981249999999f,0.6257240637608882f,0.03402506248215816f,-0.7793020538620731f,0f,0f,0f,0f,1f],start_interpolation:0}