execute if entity @s[tag=aj.tultaria.bone.head] run data modify entity @s {} merge value {transformation:[-0.931865286482487f,0.07061541427997059f,-0.35586591732699074f,0f,-0.01808919640382721f,0.970611953440789f,0.2399691997138786f,1.57858696f,0.36235323763197735f,0.23005629551030268f,-0.9032022099583792f,0f,0f,0f,0f,1f],start_interpolation:0}
execute if entity @s[tag=aj.tultaria.bone.bust] run data modify entity @s {} merge value {transformation:[-0.7173108444379753f,0f,-0.6967532938219085f,0.7070320691299419f,0f,1f,0f,0.42233696f,0.6967532938219085f,0f,-0.7173108444379753f,0.010278775308033394f,0f,0f,0f,1f],start_interpolation:0}
execute if entity @s[tag=aj.tultaria.bone.left_wing] run data modify entity @s {} merge value {transformation:[-0.35934543489736026f,0.01671656412172713f,-0.933054883113738f,-0.0422622339503651f,-0.06181494986938664f,0.99721727499626f,0.04167275394881832f,1.48483696f,0.9311550732241503f,0.07265165471617092f,-0.3573121417975185f,-0.1332109364186162f,0f,0f,0f,1f],start_interpolation:0}
execute if entity @s[tag=aj.tultaria.bone.right_wing] run data modify entity @s {} merge value {transformation:[-0.9412076173169376f,0.07213500576851979f,-0.3300375161210449f,-0.13192608950511198f,0.06181494986938664f,0.99721727499626f,0.04167275394881832f,1.48483696f,0.33212517681925086f,0.01882146093716301f,-0.9430475171119281f,-0.04611677469087766f,0f,0f,0f,1f],start_interpolation:0}
execute if entity @s[tag=aj.tultaria.bone.body] run data modify entity @s {} merge value {transformation:[-0.7173108444379753f,0f,-0.6967532938219085f,0.7070320691299419f,0f,1f,0f,0.42233696f,0.6967532938219085f,0f,-0.7173108444379753f,0.010278775308033394f,0f,0f,0f,1f],start_interpolation:0}
execute if entity @s[tag=aj.tultaria.bone.left_hand] run data modify entity @s {} merge value {transformation:[-0.7715847217789826f,-0.6070680176808029f,-0.19006693301663616f,0.2909451024673041f,-0.540229110388573f,0.7830921237173378f,-0.3080896526348146f,1.2284067779316332f,0.33587129291742257f,-0.13503757877335493f,-0.9321777335428094f,-0.43555491028263743f,0f,0f,0f,1f],start_interpolation:0}
execute if entity @s[tag=aj.tultaria.bone.left_arm] run data modify entity @s {} merge value {transformation:[-0.7715847217789826f,-0.32811286733080525f,-0.5449761126959671f,0.1569117472208071f,-0.540229110388573f,0.7903234936185033f,0.2890350908166943f,1.42233696f,0.33587129291742257f,0.517427020676927f,-0.7870576553641911f,-0.1524147830235425f,0f,0f,0f,1f],start_interpolation:0}
execute if entity @s[tag=aj.tultaria.bone.rod] run data modify entity @s {} merge value {transformation:[0.1837724522609129f,-0.3098434271084807f,0.10770671505380787f,1.1138810000642687f,0.0579507852250666f,-0.0908497246407518f,-0.3602277529903794f,0.9642487727784488f,0.32287055034767226f,0.1926638996033539f,0.0033510457800598192f,0.5833141993001856f,0f,0f,0f,1f],start_interpolation:0}
execute if entity @s[tag=aj.tultaria.bone.sword] run data modify entity @s {} merge value {transformation:[-5.981770883441423e-7f,-0.000006285457777483092f,-0.000007754689207083506f,0.13767761443259835f,0.000008453664668598769f,0.0000038121972900123483f,-0.0000037420189060061402f,1.2251276171068122f,0.000005308270701637681f,-0.000006779393213960954f,0.0000050854783264345146f,0.7351579087632243f,0f,0f,0f,1f],start_interpolation:0}
execute if entity @s[tag=aj.tultaria.bone.right_hand] run data modify entity @s {} merge value {transformation:[-0.05981770883441423f,-0.6285457777483092f,-0.7754689207083506f,-0.15674125825228208f,0.8453664668598768f,0.3812197290012348f,-0.374201890600614f,1.312432790689731f,0.5308270701637681f,-0.6779393213960954f,0.5085478326434514f,0.5040726167223404f,0f,0f,0f,1f],start_interpolation:0}
execute if entity @s[tag=aj.tultaria.bone.right_arm] run data modify entity @s {} merge value {transformation:[-0.05981770883441423f,-0.2782577075010894f,-0.9586420030053134f,-0.1569117472208071f,0.8453664668598768f,0.49657906047178524f,-0.1968877177728663f,1.42233696f,0.5308270701637681f,-0.822181175238887f,0.2055255134141567f,0.1524147830235425f,0f,0f,0f,1f],start_interpolation:0}
execute if entity @s[tag=aj.tultaria.bone.skirt] run data modify entity @s {} merge value {transformation:[-0.8039907916872749f,-0.003256328188847718f,-0.5946328305843829f,0.03591389674810887f,0f,0.9999850059551055f,-0.005476117691175092f,0.8727803629030169f,0.5946417466694286f,-0.004402748197900555f,-0.8039787366132497f,0.04855771132923651f,0f,0f,0f,1f],start_interpolation:0}
execute if entity @s[tag=aj.tultaria.bone.left_foot] run data modify entity @s {} merge value {transformation:[-0.8039907916872749f,0.1972474542141589f,-0.5609743743595621f,0.17463147707335475f,0f,0.9433820909843003f,0.33170804996274855f,0.42308752075717215f,0.5946417466694286f,0.2666902176985924f,-0.7584705141940644f,0.025901476968260978f,0f,0f,0f,1f],start_interpolation:0}
execute if entity @s[tag=aj.tultaria.bone.left_leg] run data modify entity @s {} merge value {transformation:[-0.8039907916872749f,-0.003256328188847718f,-0.5946328305843829f,0.098877729667686f,0f,0.9999850059551055f,-0.005476117691175092f,0.8598964461511339f,0.5946417466694286f,-0.004402748197900555f,-0.8039787366132497f,-0.07652206744497672f,0f,0f,0f,1f],start_interpolation:0}
execute if entity @s[tag=aj.tultaria.bone.right_foot] run data modify entity @s {} merge value {transformation:[-0.8039907916872749f,0.19724745421415896f,-0.5609743743595622f,0.06726740864365545f,0f,0.9433820909843005f,0.33170804996274866f,0.5050891656978846f,0.5946417466694286f,0.26669021769859247f,-0.7584705141940646f,0.3011601155371268f,0f,0f,0f,1f],start_interpolation:0}
execute if entity @s[tag=aj.tultaria.bone.right_leg] run data modify entity @s {} merge value {transformation:[-0.8039907916872749f,-0.23056458756981657f,-0.5481229586879475f,-0.10211996825413273f,0f,0.9217700603060052f,-0.38773696744502417f,0.8598964461511339f,0.5946417466694286f,-0.31173695142254815f,-0.7410946405390523f,0.07213836922238043f,0f,0f,0f,1f],start_interpolation:0}
execute if entity @s[tag=aj.tultaria.bone.lower] run data modify entity @s {} merge value {transformation:[-0.8039907916872749f,0.025937908691573804f,-0.5940757794884223f,0f,0f,0.9990482215818578f,0.043619387365336f,0.92233696f,0.5946417466694286f,0.03506958578077041f,-0.803225570603362f,0f,0f,0f,0f,1f],start_interpolation:0}