execute if entity @s[tag=aj.tultaria.bone.head] run data modify entity @s {} merge value {transformation:[-0.9976105671438875f,-0.0007578924363526064f,0.06908387599075555f,0f,0.0034088572621720093f,0.9981819309738891f,0.06017651011320247f,1.15625f,-0.06900388405747393f,0.060268219455141867f,-0.9957942587245066f,0f,0f,0f,0f,1f],start_interpolation:0}
execute if entity @s[tag=aj.tultaria.bone.bust] run data modify entity @s {} merge value {transformation:[-0.9687757789199973f,0f,0.24793848063169294f,0.3604186491441522f,0f,1f,0f,0f,-0.24793848063169294f,0f,-0.9687757789199973f,0.6083571297758451f,0f,0f,0f,1f],start_interpolation:0}
execute if entity @s[tag=aj.tultaria.bone.left_wing] run data modify entity @s {} merge value {transformation:[-0.9899140625203864f,0f,-0.14166915269170074f,0.0915407962614615f,0f,1f,0f,1.0625f,0.14166915269170074f,0f,-0.9899140625203864f,-0.10560081732551896f,0f,0f,0f,1f],start_interpolation:0}
execute if entity @s[tag=aj.tultaria.bone.right_wing] run data modify entity @s {} merge value {transformation:[-0.8001501649533431f,0f,0.5997997278468351f,-0.029556176103538223f,0f,1f,0f,1.0625f,-0.5997997278468351f,0f,-0.8001501649533431f,-0.1365931274044806f,0f,0f,0f,1f],start_interpolation:0}
execute if entity @s[tag=aj.tultaria.bone.body] run data modify entity @s {} merge value {transformation:[-0.9687757789199973f,0f,0.24793848063169294f,0.3604186491441522f,0f,1f,0f,0f,-0.24793848063169294f,0f,-0.9687757789199973f,0.6083571297758451f,0f,0f,0f,1f],start_interpolation:0}
execute if entity @s[tag=aj.tultaria.bone.left_hand] run data modify entity @s {} merge value {transformation:[-0.24585710617897644f,-0.9435453445902703f,0.22198303098058533f,0.5558257683138264f,-0.8600800936936255f,0.31796711301613023f,0.3989475497758467f,1.0692181631097786f,-0.4470084068261622f,-0.09283909597909401f,-0.8896990426456133f,-0.0583674124423808f,0f,0f,0f,1f],start_interpolation:0}
execute if entity @s[tag=aj.tultaria.bone.left_arm] run data modify entity @s {} merge value {transformation:[-0.24585710617897644f,-0.9631495768202033f,-0.10907417665223396f,0.2119197016387494f,-0.8600800936936255f,0.16487334373466256f,0.48278257317110773f,1f,-0.4470084068261622f,0.21250805442809695f,-0.8689210614491522f,0.05423654263818283f,0f,0f,0f,1f],start_interpolation:0}
execute if entity @s[tag=aj.tultaria.bone.rod] run data modify entity @s {} merge value {transformation:[-0.3255447207615572f,-0.8035497569297473f,0.65971025492506f,-0.600829553572471f,0.9889233750875048f,-0.45266453329908884f,-0.06336068204746957f,1.1696722431808952f,0.32084324914307005f,0.5799067217769821f,0.8646716145728711f,-0.653485491715804f,0f,0f,0f,1f],start_interpolation:0}
execute if entity @s[tag=aj.tultaria.bone.right_hand] run data modify entity @s {} merge value {transformation:[-0.29881718376889493f,0.42470514085367345f,0.8545957137833584f,-0.3347406615294237f,0.907731807831468f,-0.1498618011259719f,0.39187294575448123f,1.162458185977966f,0.2945017075255105f,0.8928420822831667f,-0.3407370839354261f,-0.3612618463515446f,0f,0f,0f,1f],start_interpolation:0}
execute if entity @s[tag=aj.tultaria.bone.right_arm] run data modify entity @s {} merge value {transformation:[-0.29881718376889493f,0.49784563188208597f,0.8141609285026843f,-0.2119197016387494f,0.907731807831468f,-0.1150019352379068f,0.403481746727843f,1f,0.2945017075255105f,0.8596070507548568f,-0.4175457610335612f,-0.05423654263818283f,0f,0f,0f,1f],start_interpolation:0}
execute if entity @s[tag=aj.tultaria.bone.skirt] run data modify entity @s {} merge value {transformation:[-0.9971119633460552f,0f,0.07594558941883986f,-0.004746599338677491f,0f,1f,0f,0.453125f,-0.07594558941883986f,0f,-0.9971119633460552f,0.06231949770912845f,0f,0f,0f,1f],start_interpolation:0}
execute if entity @s[tag=aj.tultaria.bone.left_foot] run data modify entity @s {} merge value {transformation:[-0.9971119633460552f,0f,0.07594558941883986f,0.11514579674090192f,0f,1f,0f,0f,-0.07594558941883986f,0f,-0.9971119633460552f,0.1341321940956119f,0f,0f,0f,1f],start_interpolation:0}
execute if entity @s[tag=aj.tultaria.bone.left_leg] run data modify entity @s {} merge value {transformation:[-0.9971119633460552f,0f,0.07594558941883986f,0.1246389954182569f,0f,1f,0f,0.4375f,-0.07594558941883986f,0f,-0.9971119633460552f,0.009493198677354982f,0f,0f,0f,1f],start_interpolation:0}
execute if entity @s[tag=aj.tultaria.bone.right_foot] run data modify entity @s {} merge value {transformation:[-0.9971119633460552f,0f,0.07594558941883986f,-0.1341321940956119f,0f,1f,0f,0f,-0.07594558941883986f,0f,-0.9971119633460552f,0.11514579674090192f,0f,0f,0f,1f],start_interpolation:0}
execute if entity @s[tag=aj.tultaria.bone.right_leg] run data modify entity @s {} merge value {transformation:[-0.9971119633460552f,0f,0.07594558941883986f,-0.1246389954182569f,0f,1f,0f,0.4375f,-0.07594558941883986f,0f,-0.9971119633460552f,-0.009493198677354982f,0f,0f,0f,1f],start_interpolation:0}
execute if entity @s[tag=aj.tultaria.bone.lower] run data modify entity @s {} merge value {transformation:[-0.9971119633460552f,0f,0.07594558941883986f,0f,0f,1f,0f,0.5f,-0.07594558941883986f,0f,-0.9971119633460552f,0f,0f,0f,0f,1f],start_interpolation:0}