execute if entity @s[tag=aj.tultaria.bone.head] run data modify entity @s {} merge value {transformation:[-0.9822590543511689f,0.018491957026989723f,-0.18661510568670364f,0f,-0.01346124985818562f,0.9856064513318225f,0.16851919132652937f,1.15625f,0.1870453017250182f,0.16804157407738088f,-0.9678719359937f,0f,0f,0f,0f,1f],start_interpolation:0}
execute if entity @s[tag=aj.tultaria.bone.bust] run data modify entity @s {} merge value {transformation:[-0.9955412572259891f,0f,-0.09432711784474898f,0.544934187535369f,0f,1f,0f,0f,0.09432711784474898f,0f,-0.9955412572259891f,0.45060706969062003f,0f,0f,0f,1f],start_interpolation:0}
execute if entity @s[tag=aj.tultaria.bone.left_wing] run data modify entity @s {} merge value {transformation:[-0.8836627660997106f,0f,-0.4681240389138419f,0.05043043884603071f,0f,1f,0f,1.0625f,0.4681240389138419f,0f,-0.8836627660997106f,-0.13033810201854545f,0f,0f,0f,1f],start_interpolation:0}
execute if entity @s[tag=aj.tultaria.bone.right_wing] run data modify entity @s {} merge value {transformation:[-0.9558576165435803f,0f,0.29383025183875444f,-0.07401221830721783f,0f,1f,0f,1.0625f,-0.29383025183875444f,0f,-0.9558576165435803f,-0.11854721228795184f,0f,0f,0f,1f],start_interpolation:0}
execute if entity @s[tag=aj.tultaria.bone.body] run data modify entity @s {} merge value {transformation:[-0.9955412572259891f,0f,-0.09432711784474898f,0.544934187535369f,0f,1f,0f,0f,0.09432711784474898f,0f,-0.9955412572259891f,0.45060706969062003f,0f,0f,0f,1f],start_interpolation:0}
execute if entity @s[tag=aj.tultaria.bone.left_hand] run data modify entity @s {} merge value {transformation:[-0.9532662928174478f,-0.14425831065962127f,0.2654673516342679f,0.41476964437665254f,-0.24999999999999994f,0.8700099527916981f,-0.4249502112523149f,0.7381777511514147f,-0.16965663847335843f,-0.47145755042105253f,-0.8654157400769302f,-0.18911037496544306f,0f,0f,0f,1f],start_interpolation:0}
execute if entity @s[tag=aj.tultaria.bone.left_arm] run data modify entity @s {} merge value {transformation:[-0.9532662928174478f,-0.28971979423415833f,0.08570773481429068f,0.2177746500181851f,-0.24999999999999994f,0.9156751133619656f,0.31470476127563013f,1f,-0.16965663847335843f,0.2785705074096472f,-0.9453121692982969f,-0.02063405702853884f,0f,0f,0f,1f],start_interpolation:0}
execute if entity @s[tag=aj.tultaria.bone.rod] run data modify entity @s {} merge value {transformation:[-0.2712599995030286f,0.26856143322101944f,-1.0499527034167484f,-0.017115323919403458f,0.9981749149788068f,0.4834664226668016f,-0.13421984732917558f,0.9106727879242176f,0.4221051550655579f,-0.9706919618994931f,-0.3573405425179795f,0.6089503951772701f,0f,0f,0f,1f],start_interpolation:0}
execute if entity @s[tag=aj.tultaria.bone.right_hand] run data modify entity @s {} merge value {transformation:[-0.2428061534013123f,-0.5654220730862263f,-0.7882531643687404f,-0.3276802468728308f,0.8934712525684425f,0.1861351456106544f,-0.4087331995351967f,0.9293818175863134f,0.3778283905481917f,-0.803524478056129f,0.4599936091516799f,0.36512791705018177f,0f,0f,0f,1f],start_interpolation:0}
execute if entity @s[tag=aj.tultaria.bone.right_arm] run data modify entity @s {} merge value {transformation:[-0.2428061534013123f,-0.011043206093644564f,-0.9700119687249388f,-0.2177746500181851f,0.8934712525684425f,0.38691271704875585f,-0.2280519024689946f,1f,0.3778283905481917f,-0.9220502139173997f,-0.08407800134779875f,0.02063405702853884f,0f,0f,0f,1f],start_interpolation:0}
execute if entity @s[tag=aj.tultaria.bone.skirt] run data modify entity @s {} merge value {transformation:[-0.995692394104561f,0f,-0.09271815530049994f,0.005794884706281246f,0f,1f,0f,0.453125f,0.09271815530049994f,0f,-0.995692394104561f,0.06223077463153506f,0f,0f,0f,1f],start_interpolation:0}
execute if entity @s[tag=aj.tultaria.bone.left_foot] run data modify entity @s {} merge value {transformation:[-0.995692394104561f,0.03548170191295476f,-0.08566040597433477f,0.1360513186756326f,0f,0.9238795325112867f,0.3826834323650897f,0f,0.09271815530049994f,0.38103498295574706f,-0.9198998235903657f,0.11287177985050763f,0f,0f,0f,1f],start_interpolation:0}
execute if entity @s[tag=aj.tultaria.bone.left_leg] run data modify entity @s {} merge value {transformation:[-0.995692394104561f,0f,-0.09271815530049994f,0.12446154926307013f,0f,1f,0f,0.4375f,0.09271815530049994f,0f,-0.995692394104561f,-0.011589769412562493f,0f,0f,0f,1f],start_interpolation:0}
execute if entity @s[tag=aj.tultaria.bone.right_foot] run data modify entity @s {} merge value {transformation:[-0.995692394104561f,0.03548170191295477f,-0.08566040597433476f,-0.09823075392936056f,0f,0.9238795325112867f,0.38268343236508984f,0.08113813357194827f,0.09271815530049994f,0.3810349829557471f,-0.9198998235903656f,0.29328005240449756f,0f,0f,0f,1f],start_interpolation:0}
execute if entity @s[tag=aj.tultaria.bone.right_leg] run data modify entity @s {} merge value {transformation:[-0.995692394104561f,-0.03548170191295476f,-0.08566040597433477f,-0.12446154926307013f,0f,0.9238795325112867f,-0.3826834323650897f,0.4375f,0.09271815530049994f,-0.38103498295574706f,-0.9198998235903657f,0.011589769412562493f,0f,0f,0f,1f],start_interpolation:0}
execute if entity @s[tag=aj.tultaria.bone.lower] run data modify entity @s {} merge value {transformation:[-0.995692394104561f,0f,-0.09271815530049994f,0f,0f,1f,0f,0.5f,0.09271815530049994f,0f,-0.995692394104561f,0f,0f,0f,0f,1f],start_interpolation:0}