execute if entity @s[tag=aj.tultaria.bone.head] run data modify entity @s {} merge value {transformation:[-0.6845646292878615f,0.27116738582486494f,-0.6766383947078984f,0f,-0.08155861630578892f,0.8939140264616163f,0.44075606110576154f,1.52003f,0.7243752207483758f,0.35691170078899015f,-0.589825887364782f,0f,0f,0f,0f,1f],start_interpolation:0}
execute if entity @s[tag=aj.tultaria.bone.bust] run data modify entity @s {} merge value {transformation:[-0.4605100300025131f,0f,-0.887654500505171f,0.6740822652538421f,0f,1f,0f,0.36378f,0.887654500505171f,0f,-0.4605100300025131f,-0.21357223525132896f,0f,0f,0f,1f],start_interpolation:0}
execute if entity @s[tag=aj.tultaria.bone.left_wing] run data modify entity @s {} merge value {transformation:[0.11990565978249912f,0.18760746181037913f,-0.9748979808293743f,-0.08217493568798928f,-0.2722519351272469f,0.9505511214203548f,0.14943710846364489f,1.42628f,0.954725885566948f,0.2474995067461206f,0.16505295389308888f,-0.11304216003188733f,0f,0f,0f,1f],start_interpolation:0}
execute if entity @s[tag=aj.tultaria.bone.right_wing] run data modify entity @s {} merge value {transformation:[-0.8495828537522158f,0.3103784532363074f,-0.42646710351078515f,-0.13973868943830348f,0.2722519351272469f,0.9505511214203548f,0.14943710846364489f,1.42628f,0.45176084207211975f,0.010852710866099638f,-0.8920730688890603f,-0.00208534746874095f,0f,0f,0f,1f],start_interpolation:0}
execute if entity @s[tag=aj.tultaria.bone.body] run data modify entity @s {} merge value {transformation:[-0.4605100300025131f,0f,-0.887654500505171f,0.6740822652538421f,0f,1f,0f,0.36378f,0.887654500505171f,0f,-0.4605100300025131f,-0.21357223525132896f,0f,0f,0f,1f],start_interpolation:0}
execute if entity @s[tag=aj.tultaria.bone.left_hand] run data modify entity @s {} merge value {transformation:[-0.44551060671505727f,-0.8128132154608121f,-0.3753065095047476f,0.25091242374511086f,-0.8924589891947633f,0.43643479121894124f,0.11419993703649789f,1.3671057925524135f,0.07097360009075601f,0.3858229513467733f,-0.9198387893018116f,-0.5305943073585482f,0f,0f,0f,1f],start_interpolation:0}
execute if entity @s[tag=aj.tultaria.bone.left_arm] run data modify entity @s {} merge value {transformation:[-0.44551060671505727f,-0.5150809379571939f,-0.7322649292827829f,0.10073656906304974f,-0.8924589891947633f,0.3203507527632583f,0.3176355581629277f,1.36378f,0.07097360009075601f,0.7950264288419291f,-0.6024082714679525f,-0.19417442198550616f,0f,0f,0f,1f],start_interpolation:0}
execute if entity @s[tag=aj.tultaria.bone.rod] run data modify entity @s {} merge value {transformation:[0.2512544539927575f,-0.38154797239222693f,-0.9786175678538486f,0.4969759705446255f,0.9667049392950279f,0.4775309723151223f,0.06201395667404749f,1.251743274579637f,0.4107952771045428f,-0.8903849253233989f,0.45261675296595866f,0.33871970128150863f,0f,0f,0f,1f],start_interpolation:0}
execute if entity @s[tag=aj.tultaria.bone.sword] run data modify entity @s {} merge value {transformation:[0.000002326430129562569f,-0.000009717227513604607f,-4.0399542213882593e-7f,0.5023523361582328f,0.000008950971660139148f,0.0000023017396615061955f,-0.000003818651708395937f,1.2618151311344659f,0.0000038036599731902106f,5.267674814327306e-7f,0.000009233346458833639f,0.39388745022351074f,0f,0f,0f,1f],start_interpolation:0}
execute if entity @s[tag=aj.tultaria.bone.right_hand] run data modify entity @s {} merge value {transformation:[0.2326430129562569f,-0.9717227513604606f,-0.04039954221388259f,0.12752999600771747f,0.8950971660139146f,0.23017396615061952f,-0.3818651708395937f,1.2903253655311702f,0.38036599731902104f,0.052676748143273056f,0.9233346458833638f,0.4738903125706565f,0f,0f,0f,1f],start_interpolation:0}
execute if entity @s[tag=aj.tultaria.bone.right_arm] run data modify entity @s {} merge value {transformation:[0.2326430129562569f,-0.764543199363717f,-0.6011247165350354f,-0.10073656906304974f,0.8950971660139146f,0.410047324368789f,-0.17510641099587348f,1.36378f,0.38036599731902104f,-0.4973277471493913f,0.7797350960414811f,0.19417442198550616f,0f,0f,0f,1f],start_interpolation:0}
execute if entity @s[tag=aj.tultaria.bone.skirt] run data modify entity @s {} merge value {transformation:[-0.7513067956456362f,-0.1279595753027962f,-0.6474291049257939f,0.03985843198930069f,0f,0.981022896163595f,-0.19389192144798734f,0.8142234029030169f,0.6599531034980337f,-0.14567231820466278f,-0.7370491685716722f,0.045375816340001866f,0f,0f,0f,1f],start_interpolation:0}
execute if entity @s[tag=aj.tultaria.bone.left_foot] run data modify entity @s {} merge value {transformation:[-0.7513067956456362f,-0.027175630901835626f,-0.659393345357514f,0.2290251298873748f,0f,0.9991518213376787f,-0.04117812426033482f,0.3963784592605596f,0.6599531034980337f,-0.030937404588729997f,-0.7506695532527126f,0.07132042596440252f,0f,0f,0f,1f],start_interpolation:0}
execute if entity @s[tag=aj.tultaria.bone.left_leg] run data modify entity @s {} merge value {transformation:[-0.7513067956456362f,-0.1279595753027962f,-0.6474291049257939f,0.09211417757667725f,0f,0.981022896163595f,-0.19389192144798734f,0.8013394861511339f,0.6599531034980337f,-0.14567231820466278f,-0.7370491685716722f,-0.08454235932159648f,0f,0f,0f,1f],start_interpolation:0}
execute if entity @s[tag=aj.tultaria.bone.right_foot] run data modify entity @s {} merge value {transformation:[-0.7513067956456362f,-0.0271756309018355f,-0.6593933453575139f,0.1330508756342954f,0f,0.9991518213376787f,-0.04117812426033468f,0.506594094462073f,0.6599531034980337f,-0.0309374045887299f,-0.7506695532527126f,0.34087577713969913f,0f,0f,0f,1f],start_interpolation:0}
execute if entity @s[tag=aj.tultaria.bone.right_leg] run data modify entity @s {} merge value {transformation:[-0.7513067956456362f,-0.36597962469715073f,-0.5491784893121899f,-0.09571252133473179f,0f,0.8321477486829125f,-0.5545539868777072f,0.8013394861511339f,0.6599531034980337f,-0.4166401788936024f,-0.6251982585666892f,0.08044591655291194f,0f,0f,0f,1f],start_interpolation:0}
execute if entity @s[tag=aj.tultaria.bone.lower] run data modify entity @s {} merge value {transformation:[-0.7513067956456362f,0.028786750064436414f,-0.6593249743771383f,0f,0f,0.9990482215818578f,0.043619387365336f,0.86378f,0.6599531034980337f,0.03277154214947634f,-0.7505917180521371f,0f,0f,0f,0f,1f],start_interpolation:0}