execute if entity @s[tag=aj.tultaria.bone.head] run data modify entity @s {} merge value {transformation:[-0.9978273489875248f,0.005647364629351811f,-0.06564060393743833f,0f,0.00012242803560149045f,0.9964766618861997f,0.08387041986011853f,1.15625f,0.0658829767383396f,0.08368016245729697f,-0.9943123572536026f,0f,0f,0f,0f,1f],start_interpolation:0}
execute if entity @s[tag=aj.tultaria.bone.bust] run data modify entity @s {} merge value {transformation:[-0.9966479056939144f,0f,0.08181046434249317f,0.4574187206757106f,0f,1f,0f,0f,-0.08181046434249317f,0f,-0.9966479056939144f,0.5392291850182038f,0f,0f,0f,1f],start_interpolation:0}
execute if entity @s[tag=aj.tultaria.bone.left_wing] run data modify entity @s {} merge value {transformation:[-0.9520901104888138f,0f,-0.3058176278591515f,0.07251680214868128f,0f,1f,0f,1.0625f,0.3058176278591515f,0f,-0.9520901104888138f,-0.11946783419033336f,0f,0f,0f,1f],start_interpolation:0}
execute if entity @s[tag=aj.tultaria.bone.right_wing] run data modify entity @s {} merge value {transformation:[-0.8894750918928795f,0f,0.4569836549616993f,-0.052064186063058016f,0f,1f,0f,1.0625f,-0.4569836549616993f,0f,-0.8894750918928795f,-0.12969414223314502f,0f,0f,0f,1f],start_interpolation:0}
execute if entity @s[tag=aj.tultaria.bone.body] run data modify entity @s {} merge value {transformation:[-0.9966479056939144f,0f,0.08181046434249317f,0.4574187206757106f,0f,1f,0f,0f,-0.08181046434249317f,0f,-0.9966479056939144f,0.5392291850182038f,0f,0f,0f,1f],start_interpolation:0}
execute if entity @s[tag=aj.tultaria.bone.left_hand] run data modify entity @s {} merge value {transformation:[-0.3843963246462372f,-0.9112596589135026f,0.14780155491506666f,0.5449051973456953f,-0.8340889067993696f,0.41144034724363787f,0.36744052064826405f,1.0400929205948093f,-0.3956452465943414f,0.017963148300937648f,-0.9182277300051558f,-0.14726653151247604f,0f,0f,0f,1f],start_interpolation:0}
execute if entity @s[tag=aj.tultaria.bone.left_arm] run data modify entity @s {} merge value {transformation:[-0.3843963246462372f,-0.9009804214492902f,-0.20118087822535222f,0.21801672937054378f,-0.8340889067993696f,0.2455609401760822f,0.49395902685756365f,1f,-0.3956452465943414f,0.3576787732378006f,-0.8458904976546343f,0.01789603907492038f,0f,0f,0f,1f],start_interpolation:0}
execute if entity @s[tag=aj.tultaria.bone.rod] run data modify entity @s {} merge value {transformation:[-0.2835975339832391f,-0.17603781013736608f,0.9597212711220497f,-0.7836536325388157f,0.914724939790226f,-0.39582322506858736f,0.19769686174931328f,1.095241477000015f,0.33960640949170856f,0.9191389742698322f,0.2689476207996769f,-0.4662755874587382f,0f,0f,0f,1f],start_interpolation:0}
execute if entity @s[tag=aj.tultaria.bone.right_hand] run data modify entity @s {} merge value {transformation:[-0.27910090823938244f,0.7130358167056338f,0.6431816284028035f,-0.4358674977238525f,0.900221373221655f,-0.03883859121240712f,0.4336969483724251f,1.1348891238419154f,0.3342217261263398f,0.7000510609431041f,-0.6310501959888485f,-0.2826377141036802f,0f,0f,0f,1f],start_interpolation:0}
execute if entity @s[tag=aj.tultaria.bone.right_arm] run data modify entity @s {} merge value {transformation:[-0.27910090823938244f,0.7283107964093662f,0.6258322993050989f,-0.21801672937054378f,0.900221373221655f,-0.028388126958088344f,0.434506148912452f,1f,0.3342217261263398f,0.6846586726839634f,-0.647717793258579f,-0.01789603907492038f,0f,0f,0f,1f],start_interpolation:0}