execute if entity @s[tag=aj.tultaria.bone.head] run data modify entity @s {} merge value {transformation:[-0.9982408622112022f,0.012675778867743133f,-0.0579180942532779f,0f,0.00303328300533748f,0.9865177028795092f,0.16362646821204013f,1.558648125f,0.059211318225868226f,0.1631629447375608f,-0.984820731533675f,0f,0f,0f,0f,1f],start_interpolation:0}
execute if entity @s[tag=aj.tultaria.bone.bust] run data modify entity @s {} merge value {transformation:[-0.963211964238803f,0f,-0.26874283608540495f,0.6159774001621039f,0f,1f,0f,0.40239812499999994f,0.26874283608540495f,0f,-0.963211964238803f,0.347234564076699f,0f,0f,0f,1f],start_interpolation:0}
execute if entity @s[tag=aj.tultaria.bone.left_wing] run data modify entity @s {} merge value {transformation:[-0.7191423193093606f,-0.039410100314059955f,-0.6937443106588977f,0.026607893254249504f,-0.13916145827198437f,0.9863318265335815f,0.08822480659397132f,1.464898125f,0.6807851446014141f,0.15998866197379308f,-0.7147973243723476f,-0.13719792278518822f,0f,0f,0f,1f],start_interpolation:0}
execute if entity @s[tag=aj.tultaria.bone.right_wing] run data modify entity @s {} merge value {transformation:[-0.9677165698613049f,0.11654564263580303f,0.22347651688371573f,-0.09379360227560085f,0.13916145827198437f,0.9863318265335815f,0.08822480659397132f,1.464898125f,-0.21013978430436436f,0.11647592519287658f,-0.9707083135025569f,-0.1036050682745126f,0f,0f,0f,1f],start_interpolation:0}
execute if entity @s[tag=aj.tultaria.bone.body] run data modify entity @s {} merge value {transformation:[-0.963211964238803f,0f,-0.26874283608540495f,0.6159774001621039f,0f,1f,0f,0.40239812499999994f,0.26874283608540495f,0f,-0.963211964238803f,0.347234564076699f,0f,0f,0f,1f],start_interpolation:0}
execute if entity @s[tag=aj.tultaria.bone.left_hand] run data modify entity @s {} merge value {transformation:[-0.8864442235003074f,-0.443123920595247f,0.13363319055995884f,0.4291868099532248f,-0.46065326345123236f,0.8726944800883013f,-0.16187314568865036f,1.2072544975033304f,-0.04489108480162382f,-0.20505008027237331f,-0.9777214608903839f,-0.2822283369031667f,0f,0f,0f,1f],start_interpolation:0}
execute if entity @s[tag=aj.tultaria.bone.left_arm] run data modify entity @s {} merge value {transformation:[-0.8864442235003074f,-0.43610735905199105f,-0.15500648374708337f,0.21070261717723815f,-0.46065326345123236f,0.7988322676738471f,0.3868663580550636f,1.402398125f,-0.04489108480162382f,0.41433969095870704f,-0.9090145273875311f,-0.05878749539368233f,0f,0f,0f,1f],start_interpolation:0}
execute if entity @s[tag=aj.tultaria.bone.rod] run data modify entity @s {} merge value {transformation:[-0.24415638347584878f,-0.0011168820913024236f,0.36318322319097907f,-0.7563825608957148f,0.3452326917654428f,-0.1366002372434841f,0.23166873838826585f,1.0711807083290372f,0.11277273415760176f,0.41575806472565047f,0.07709204025838784f,0.25513976652297177f,0f,0f,0f,1f],start_interpolation:0}
execute if entity @s[tag=aj.tultaria.bone.sword] run data modify entity @s {} merge value {transformation:[-0.000005579123301361867f,0.000006852033771429393f,-0.0000046822020869877175f,-0.7957651434952255f,0.00000788877901777647f,0.000006130551611317948f,-4.283719758068389e-7f,1.0938251491229942f,0.0000025769262303936415f,-0.000003932679765269225f,-0.000008825728359005347f,0.22182205931011423f,0f,0f,0f,1f],start_interpolation:0}
execute if entity @s[tag=aj.tultaria.bone.right_hand] run data modify entity @s {} merge value {transformation:[-0.5579123301361867f,0.6852033771429392f,-0.4682202086987717f,-0.557958820554459f,0.7888779017776468f,0.6130551611317948f,-0.04283719758068388f,1.2957217440558748f,0.25769262303936413f,-0.39326797652692247f,-0.8825728359005347f,-0.002657329162191073f,0f,0f,0f,1f],start_interpolation:0}
execute if entity @s[tag=aj.tultaria.bone.right_arm] run data modify entity @s {} merge value {transformation:[-0.5579123301361867f,0.8141340037521655f,-0.1609958254628961f,-0.21070261717723815f,0.7888779017776468f,0.5804970062933674f,0.201729724560699f,1.402398125f,0.25769262303936413f,-0.014458548298738938f,-0.9661187620640566f,0.05878749539368233f,0f,0f,0f,1f],start_interpolation:0}
execute if entity @s[tag=aj.tultaria.bone.skirt] run data modify entity @s {} merge value {transformation:[-0.9765366297747028f,-0.015073706180386464f,-0.2148231693515678f,0.01300632987102459f,0f,0.9975472811823204f,-0.06999586991930726f,0.8528415279030168f,0.21535136569862984f,-0.06835353090914881f,-0.9741414600067009f,0.05897876475862631f,0f,0f,0f,1f],start_interpolation:0}
execute if entity @s[tag=aj.tultaria.bone.left_foot] run data modify entity @s {} merge value {transformation:[-0.9765366297747028f,0.04467295886449839f,-0.21066688741839767f,0.154927627929699f,0f,0.9782472785113989f,0.20744218974220613f,0.4122801593737821f,0.21535136569862984f,0.20257489684393837f,-0.9552943004437965f,0.12209118596560009f,0f,0f,0f,1f],start_interpolation:0}
execute if entity @s[tag=aj.tultaria.bone.left_leg] run data modify entity @s {} merge value {transformation:[-0.9765366297747028f,-0.015073706180386464f,-0.2148231693515678f,0.12147998530683393f,0f,0.9975472811823204f,-0.06999586991930726f,0.8399576111511339f,0.21535136569862984f,-0.06835353090914881f,-0.9741414600067009f,-0.029581166307990132f,0f,0f,0f,1f],start_interpolation:0}
execute if entity @s[tag=aj.tultaria.bone.right_foot] run data modify entity @s {} merge value {transformation:[-0.9765366297747028f,0.04467295886449839f,-0.21066688741839767f,-0.0565070822472066f,0f,0.9782472785113989f,0.20744218974220618f,0.504272257767664f,0.21535136569862984f,0.20257489684393837f,-0.9552943004437965f,0.32420859796922635f,0f,0f,0f,1f],start_interpolation:0}
execute if entity @s[tag=aj.tultaria.bone.right_leg] run data modify entity @s {} merge value {transformation:[-0.9765366297747028f,-0.09613555641815286f,-0.19270227165354628f,-0.12265417213684177f,0f,0.8948272560445265f,-0.44641256908808413f,0.8399576111511339f,0.21535136569862984f,-0.43593822570634433f,-0.8738315928482668f,0.024256675116667327f,0f,0f,0f,1f],start_interpolation:0}
execute if entity @s[tag=aj.tultaria.bone.lower] run data modify entity @s {} merge value {transformation:[-0.9765366297747028f,0.009393494640062667f,-0.21514639891644044f,0f,0f,0.9990482215818578f,0.043619387365336f,0.9023981249999999f,0.21535136569862984f,0.04259592953058247f,-0.9756071832859579f,0f,0f,0f,0f,1f],start_interpolation:0}