execute if entity @s[tag=aj.tultaria.bone.head] run data modify entity @s {} merge value {transformation:[-0.9999141186045796f,-0.0030295471340888638f,0.012750578786437455f,0f,-0.0017653057590550367f,0.9951829732559211f,0.09801904629755245f,1.15625f,-0.012986112228217564f,0.09798811961491567f,-0.9951028536304822f,0f,0f,0f,0f,1f],start_interpolation:0}
execute if entity @s[tag=aj.tultaria.bone.bust] run data modify entity @s {} merge value {transformation:[-0.9905047999955422f,0f,0.13747814803011757f,0.4265133259827123f,0f,1f,0f,0f,-0.13747814803011757f,0f,-0.9905047999955422f,0.5639914740128299f,0f,0f,0f,1f],start_interpolation:0}
execute if entity @s[tag=aj.tultaria.bone.left_wing] run data modify entity @s {} merge value {transformation:[-0.9677177211334284f,0f,-0.2520365295038083f,0.07909131850348605f,0f,1f,0f,1.0625f,0.2520365295038083f,0f,-0.9677177211334284f,-0.11522071574756032f,0f,0f,0f,1f],start_interpolation:0}
execute if entity @s[tag=aj.tultaria.bone.right_wing] run data modify entity @s {} merge value {transformation:[-0.8624965020067058f,0f,0.5060630237689733f,-0.044721781495956736f,0f,1f,0f,1.0625f,-0.5060630237689733f,0f,-0.8624965020067058f,-0.13240548425132503f,0f,0f,0f,1f],start_interpolation:0}
execute if entity @s[tag=aj.tultaria.bone.body] run data modify entity @s {} merge value {transformation:[-0.9905047999955422f,0f,0.13747814803011757f,0.4265133259827123f,0f,1f,0f,0f,-0.13747814803011757f,0f,-0.9905047999955422f,0.5639914740128299f,0f,0f,0f,1f],start_interpolation:0}
execute if entity @s[tag=aj.tultaria.bone.left_hand] run data modify entity @s {} merge value {transformation:[-0.48719935279849463f,-0.8067139841420284f,0.3344388410792368f,0.5571531790728141f,-0.7680576182167547f,0.5780776035758992f,0.275524553067692f,0.9816021587717308f,-0.4156011137279757f,-0.12263291578381641f,-0.9012418555717582f,-0.10948633240374836f,0f,0f,0f,1f],start_interpolation:0}
execute if entity @s[tag=aj.tultaria.bone.left_arm] run data modify entity @s {} merge value {transformation:[-0.48719935279849463f,-0.8717512842655706f,-0.05183135165183468f,0.21667292499902485f,-0.7680576182167547f,0.3994899062237267f,0.5004950648353728f,1f,-0.4156011137279757f,0.2836503361652974f,-0.8641864388321423f,0.030073344881588217f,0f,0f,0f,1f],start_interpolation:0}
execute if entity @s[tag=aj.tultaria.bone.rod] run data modify entity @s {} merge value {transformation:[-0.36370377588899766f,-0.6568955444117013f,0.8377546222708296f,-0.8818920315035854f,1.0051551591394976f,-0.5035500700635956f,0.04153833162512349f,0.9540299185105691f,0.3507244922433227f,0.761938692199709f,0.7497111176110842f,-0.2874459785310932f,0f,0f,0f,1f],start_interpolation:0}
execute if entity @s[tag=aj.tultaria.bone.right_hand] run data modify entity @s {} merge value {transformation:[-0.3232922452346646f,0.8961295738739796f,0.3040294574536635f,-0.507839759119135f,0.8934712525684424f,0.1832156928094793f,0.4100501563737305f,1.07399207286084f,0.3117551042162868f,0.4042076158817173f,-0.8598982255234104f,-0.24335540076587556f,0f,0f,0f,1f],start_interpolation:0}
execute if entity @s[tag=aj.tultaria.bone.right_arm] run data modify entity @s {} merge value {transformation:[-0.3232922452346646f,0.8640803503863671f,0.3858072993701678f,-0.21667292499902485f,0.8934712525684424f,0.14440737773134227f,0.4252712429621074f,1f,0.3117551042162868f,0.4821946259892681f,-0.8187167383547022f,-0.030073344881588217f,0f,0f,0f,1f],start_interpolation:0}
execute if entity @s[tag=aj.tultaria.bone.skirt] run data modify entity @s {} merge value {transformation:[-0.9999069181743891f,0f,-0.013643862612748161f,0.0008527414132967601f,0f,1f,0f,0.453125f,0.013643862612748161f,0f,-0.9999069181743891f,0.06249418238589932f,0f,0f,0f,1f],start_interpolation:0}
execute if entity @s[tag=aj.tultaria.bone.left_foot] run data modify entity @s {} merge value {transformation:[-0.9999069181743891f,0.005221280175364188f,-0.012605285412313995f,0.12669384759839217f,0f,0.9238795325112867f,0.3826834323650897f,0f,0.013643862612748161f,0.38264781149257415f,-0.923793536117756f,0.12328288194520512f,0f,0f,0f,1f],start_interpolation:0}
execute if entity @s[tag=aj.tultaria.bone.left_leg] run data modify entity @s {} merge value {transformation:[-0.9999069181743891f,0f,-0.013643862612748161f,0.12498836477179864f,0f,1f,0f,0.4375f,0.013643862612748161f,0f,-0.9999069181743891f,-0.0017054828265935201f,0f,0f,0f,1f],start_interpolation:0}
execute if entity @s[tag=aj.tultaria.bone.right_foot] run data modify entity @s {} merge value {transformation:[-0.9999069181743891f,0.0052212801753641885f,-0.012605285412313993f,-0.12112839401853756f,0f,0.9238795325112867f,0.38268343236508984f,0.08113813357194827f,0.013643862612748161f,0.38264781149257426f,-0.9237935361177559f,0.2845880923693142f,0f,0f,0f,1f],start_interpolation:0}
execute if entity @s[tag=aj.tultaria.bone.right_leg] run data modify entity @s {} merge value {transformation:[-0.9999069181743891f,-0.005221280175364188f,-0.012605285412313995f,-0.12498836477179864f,0f,0.9238795325112867f,-0.3826834323650897f,0.4375f,0.013643862612748161f,-0.38264781149257415f,-0.923793536117756f,0.0017054828265935201f,0f,0f,0f,1f],start_interpolation:0}
execute if entity @s[tag=aj.tultaria.bone.lower] run data modify entity @s {} merge value {transformation:[-0.9999069181743891f,0f,-0.013643862612748161f,0f,0f,1f,0f,0.5f,0.013643862612748161f,0f,-0.9999069181743891f,0f,0f,0f,0f,1f],start_interpolation:0}