execute if entity @s[tag=aj.tultaria.bone.head] run data modify entity @s {} merge value {transformation:[-0.9494705759199218f,0.0735739697646432f,-0.3051106298301711f,0f,-0.02403603270652832f,0.9522351759820727f,0.30441819714682256f,1.15625f,0.31293432952302164f,0.2963697700432053f,-0.9023508546072945f,0f,0f,0f,0f,1f],start_interpolation:0}
execute if entity @s[tag=aj.tultaria.bone.bust] run data modify entity @s {} merge value {transformation:[-0.8044594117704682f,0f,-0.5940076218483332f,0.6992335168094007f,0f,1f,0f,0f,0.5940076218483332f,0f,-0.8044594117704682f,0.10522589496106749f,0f,0f,0f,1f],start_interpolation:0}
execute if entity @s[tag=aj.tultaria.bone.left_wing] run data modify entity @s {} merge value {transformation:[-0.5159067096908605f,0f,-0.8566447728761032f,-0.023972239495387404f,0f,1f,0f,1.0625f,0.8566447728761032f,0f,-0.5159067096908605f,-0.13768290283682932f,0f,0f,0f,1f],start_interpolation:0}
execute if entity @s[tag=aj.tultaria.bone.right_wing] run data modify entity @s {} merge value {transformation:[-0.9705404608507493f,0f,-0.24093819508665548f,-0.1245296659666959f,0f,1f,0f,1.0625f,0.24093819508665548f,0f,-0.9705404608507493f,-0.06343195010578767f,0f,0f,0f,1f],start_interpolation:0}
execute if entity @s[tag=aj.tultaria.bone.body] run data modify entity @s {} merge value {transformation:[-0.8044594117704682f,0f,-0.5940076218483332f,0.6992335168094007f,0f,1f,0f,0f,0.5940076218483332f,0f,-0.8044594117704682f,0.10522589496106749f,0f,0f,0f,1f],start_interpolation:0}
execute if entity @s[tag=aj.tultaria.bone.left_hand] run data modify entity @s {} merge value {transformation:[-0.9047418258538471f,-0.36528000192958976f,-0.21911811595795994f,0.25737613552894584f,-0.2473780988294267f,0.8693518005902394f,-0.42782183561623743f,0.7374222447810146f,0.34676548958941317f,-0.33286328575081314f,-0.876901207793094f,-0.37523296235231973f,0f,0f,0f,1f],start_interpolation:0}
execute if entity @s[tag=aj.tultaria.bone.left_arm] run data modify entity @s {} merge value {transformation:[-0.9047418258538471f,-0.10279179640732944f,-0.4133715945030587f,0.17597549632478993f,-0.2473780988294267f,0.9168162073555725f,0.31345193913849423f,1f,0.34676548958941317f,0.38585215889184554f,-0.8549104085857866f,-0.1299391672793229f,0f,0f,0f,1f],start_interpolation:0}
execute if entity @s[tag=aj.tultaria.bone.rod] run data modify entity @s {} merge value {transformation:[0.026534951274884373f,-0.10093126992380984f,-0.11051142525733057f,0.0007990459812474149f,-0.07410585902124425f,0.08865067162967331f,-0.09875920249947001f,-0.09674182105505968f,0.1300316039259802f,0.07111917583306834f,-0.033731955313354246f,0.782024150210215f,0f,0f,0f,1f],start_interpolation:0}
execute if entity @s[tag=aj.tultaria.bone.right_hand] run data modify entity @s {} merge value {transformation:[-0.4411964743454253f,-0.287057906906249f,-0.8502608006416442f,-0.3843115312288179f,0.5712968218988532f,0.6408288762929853f,-0.5127945910375223f,0.7669625451170047f,0.6920734154072361f,-0.7119944588209046f,-0.11873617096272876f,0.32495667593463207f,0f,0f,0f,1f],start_interpolation:0}
execute if entity @s[tag=aj.tultaria.bone.right_arm] run data modify entity @s {} merge value {transformation:[-0.4411964743454253f,0.25074136346862874f,-0.8616695652459008f,-0.17597549632478993f,0.5712968218988532f,0.8189514420229866f,-0.05420771989985196f,1f,0.6920734154072361f,-0.5161853390540686f,-0.5045662329488563f,0.1299391672793229f,0f,0f,0f,1f],start_interpolation:0}
execute if entity @s[tag=aj.tultaria.bone.skirt] run data modify entity @s {} merge value {transformation:[-0.8359805669381497f,0f,-0.5487590470340966f,0.03429744043963104f,0f,1f,0f,0.453125f,0.5487590470340966f,0f,-0.8359805669381497f,0.05224878543363436f,0f,0f,0f,1f],start_interpolation:0}
execute if entity @s[tag=aj.tultaria.bone.left_foot] run data modify entity @s {} merge value {transformation:[-0.8359805669381497f,0f,-0.5487590470340966f,0.1730924517465308f,0f,1f,0f,0f,0.5487590470340966f,0f,-0.8359805669381497f,0.035902689988006636f,0f,0f,0f,1f],start_interpolation:0}
execute if entity @s[tag=aj.tultaria.bone.left_leg] run data modify entity @s {} merge value {transformation:[-0.8359805669381497f,0f,-0.5487590470340966f,0.10449757086726871f,0f,1f,0f,0.4375f,0.5487590470340966f,0f,-0.8359805669381497f,-0.06859488087926208f,0f,0f,0f,1f],start_interpolation:0}
execute if entity @s[tag=aj.tultaria.bone.right_foot] run data modify entity @s {} merge value {transformation:[-0.8359805669381497f,0f,-0.5487590470340966f,-0.035902689988006636f,0f,1f,0f,0f,0.5487590470340966f,0f,-0.8359805669381497f,0.1730924517465308f,0f,0f,0f,1f],start_interpolation:0}
execute if entity @s[tag=aj.tultaria.bone.right_leg] run data modify entity @s {} merge value {transformation:[-0.8359805669381497f,0f,-0.5487590470340966f,-0.10449757086726871f,0f,1f,0f,0.4375f,0.5487590470340966f,0f,-0.8359805669381497f,0.06859488087926208f,0f,0f,0f,1f],start_interpolation:0}
execute if entity @s[tag=aj.tultaria.bone.lower] run data modify entity @s {} merge value {transformation:[-0.8359805669381497f,0f,-0.5487590470340966f,0f,0f,1f,0f,0.5f,0.5487590470340966f,0f,-0.8359805669381497f,0f,0f,0f,0f,1f],start_interpolation:0}