execute if entity @s[tag=aj.tultaria.bone.head] run data modify entity @s {} merge value {transformation:[-0.7310134659372626f,0.254535085943778f,-0.6331123143976778f,0f,-0.05652338259298593f,0.902047026397798f,0.4279208681370158f,1.15625f,0.6800179555266445f,0.34860156653475294f,-0.645021339159317f,0f,0f,0f,0f,1f],start_interpolation:0}
execute if entity @s[tag=aj.tultaria.bone.bust] run data modify entity @s {} merge value {transformation:[-0.6972792075712451f,0f,-0.7167996279915443f,0.7070394177813947f,0f,1f,0f,0f,0.7167996279915443f,0f,-0.6972792075712451f,-0.009760210210149611f,0f,0f,0f,1f],start_interpolation:0}
execute if entity @s[tag=aj.tultaria.bone.left_wing] run data modify entity @s {} merge value {transformation:[-0.36989464636293873f,0f,-0.9290737056832661f,-0.046020003025740164f,0f,1f,0f,1.0625f,0.9290737056832661f,0f,-0.36989464636293873f,-0.13195987769587714f,0f,0f,0f,1f],start_interpolation:0}
execute if entity @s[tag=aj.tultaria.bone.right_wing] run data modify entity @s {} merge value {transformation:[-0.9185093302785861f,0f,-0.3953993047429183f,-0.13317990397214585f,0f,1f,0f,1.0625f,0.3953993047429183f,0f,-0.9185093302785861f,-0.04235992419693413f,0f,0f,0f,1f],start_interpolation:0}
execute if entity @s[tag=aj.tultaria.bone.body] run data modify entity @s {} merge value {transformation:[-0.6972792075712451f,0f,-0.7167996279915443f,0.7070394177813947f,0f,1f,0f,0f,0.7167996279915443f,0f,-0.6972792075712451f,-0.009760210210149611f,0f,0f,0f,1f],start_interpolation:0}
execute if entity @s[tag=aj.tultaria.bone.left_hand] run data modify entity @s {} merge value {transformation:[-0.8392246789863246f,-0.40612472498523566f,-0.36161394599208535f,0.1882000628182557f,-0.219888067281142f,0.8616480445969986f,-0.45739685734549224f,0.7297073805895025f,0.4973441223616341f,-0.3043441390890175f,-0.8124182844781993f,-0.4046138037150792f,0f,0f,0f,1f],start_interpolation:0}
execute if entity @s[tag=aj.tultaria.bone.left_arm] run data modify entity @s {} merge value {transformation:[-0.8392246789863246f,-0.023060045055351724f,-0.5432956584607918f,0.15252982665620984f,-0.219888067281142f,0.928165371199434f,0.3002636867381416f,1f,0.4973441223616341f,0.37145292841524613f,-0.7840099144297051f,-0.15679991862315032f,0f,0f,0f,1f],start_interpolation:0}
execute if entity @s[tag=aj.tultaria.bone.rod] run data modify entity @s {} merge value {transformation:[0.2589745672160554f,0.43374330599940386f,-0.6811041902939405f,0.22056713712884263f,0.6875311298958675f,0.25667891455203284f,0.4248774885169865f,1.0452217251262619f,0.4234821353485511f,-0.6819726382525164f,-0.2732767859067684f,0.3944523771029179f,0f,0f,0f,1f],start_interpolation:0}
execute if entity @s[tag=aj.tultaria.bone.right_hand] run data modify entity @s {} merge value {transformation:[0.1117404541831804f,-0.8322401707985478f,-0.543038091673264f,-0.023350309368994238f,0.90901605499374f,0.3063903179903335f,-0.2825151054464168f,0.9373830435789324f,0.40150203319853095f,-0.4620619776079677f,0.7907558701561812f,0.49611386850143646f,0f,0f,0f,1f],start_interpolation:0}
execute if entity @s[tag=aj.tultaria.bone.right_arm] run data modify entity @s {} merge value {transformation:[0.1117404541831804f,-0.5677514675934435f,-0.8155809842955066f,-0.15252982665620984f,0.90901605499374f,0.3899955927234555f,-0.1469464168324573f,1f,0.40150203319853095f,-0.7249563495147632f,0.5596734839490558f,0.15679991862315032f,0f,0f,0f,1f],start_interpolation:0}
execute if entity @s[tag=aj.tultaria.bone.skirt] run data modify entity @s {} merge value {transformation:[-0.905043333610052f,0f,-0.4253193674029012f,0.026582460462681326f,0f,1f,0f,0.453125f,0.4253193674029012f,0f,-0.905043333610052f,0.05656520835062825f,0f,0f,0f,1f],start_interpolation:0}
execute if entity @s[tag=aj.tultaria.bone.left_foot] run data modify entity @s {} merge value {transformation:[-0.905043333610052f,0f,-0.4253193674029012f,0.16629533762661913f,0f,1f,0f,0f,0.4253193674029012f,0f,-0.905043333610052f,0.05996549577589384f,0f,0f,0f,1f],start_interpolation:0}
execute if entity @s[tag=aj.tultaria.bone.left_leg] run data modify entity @s {} merge value {transformation:[-0.905043333610052f,0f,-0.4253193674029012f,0.1131304167012565f,0f,1f,0f,0.4375f,0.4253193674029012f,0f,-0.905043333610052f,-0.05316492092536265f,0f,0f,0f,1f],start_interpolation:0}
execute if entity @s[tag=aj.tultaria.bone.right_foot] run data modify entity @s {} merge value {transformation:[-0.905043333610052f,0f,-0.4253193674029012f,-0.05996549577589384f,0f,1f,0f,0f,0.4253193674029012f,0f,-0.905043333610052f,0.16629533762661913f,0f,0f,0f,1f],start_interpolation:0}
execute if entity @s[tag=aj.tultaria.bone.right_leg] run data modify entity @s {} merge value {transformation:[-0.905043333610052f,0f,-0.4253193674029012f,-0.1131304167012565f,0f,1f,0f,0.4375f,0.4253193674029012f,0f,-0.905043333610052f,0.05316492092536265f,0f,0f,0f,1f],start_interpolation:0}
execute if entity @s[tag=aj.tultaria.bone.lower] run data modify entity @s {} merge value {transformation:[-0.905043333610052f,0f,-0.4253193674029012f,0f,0f,1f,0f,0.5f,0.4253193674029012f,0f,-0.905043333610052f,0f,0f,0f,0f,1f],start_interpolation:0}