execute if entity @s[tag=aj.tultaria.bone.head] run data modify entity @s {} merge value {transformation:[-0.9950987521326892f,0.018430575598181093f,-0.09715342190105569f,0f,0.001963084963319192f,0.9859656953413765f,0.16693649663097287f,1.568711875f,0.0988666769007211f,0.16592757906121502f,-0.981169413865665f,0f,0f,0f,0f,1f],start_interpolation:0}
execute if entity @s[tag=aj.tultaria.bone.bust] run data modify entity @s {} merge value {transformation:[-0.930336602941045f,0f,-0.36670670191328136f,0.6485216524271632f,0f,1f,0f,0.412461875f,0.36670670191328136f,0f,-0.930336602941045f,0.28181495051388183f,0f,0f,0f,1f],start_interpolation:0}
execute if entity @s[tag=aj.tultaria.bone.left_wing] run data modify entity @s {} merge value {transformation:[-0.6688651090726059f,-0.018505801577860317f,-0.7431534169828271f,0.012307699944655082f,-0.10074443220393459f,0.9927239020843254f,0.06595311676014712f,1.474961875f,0.7365256446622872f,0.11898230766980286f,-0.6658627375190554f,-0.13921124423721065f,0f,0f,0f,1f],start_interpolation:0}
execute if entity @s[tag=aj.tultaria.bone.right_wing] run data modify entity @s {} merge value {transformation:[-0.9915225971527448f,0.09471287743498868f,0.08895172951359892f,-0.10398437542297545f,0.10074443220393459f,0.9927239020843254f,0.06595311676014712f,1.474961875f,-0.08205789855573009f,0.07435539710374478f,-0.9938499767098462f,-0.09337290649805052f,0f,0f,0f,1f],start_interpolation:0}
execute if entity @s[tag=aj.tultaria.bone.body] run data modify entity @s {} merge value {transformation:[-0.930336602941045f,0f,-0.36670670191328136f,0.6485216524271632f,0f,1f,0f,0.412461875f,0.36670670191328136f,0f,-0.930336602941045f,0.28181495051388183f,0f,0f,0f,1f],start_interpolation:0}
execute if entity @s[tag=aj.tultaria.bone.left_hand] run data modify entity @s {} merge value {transformation:[-0.9124604804341764f,-0.40745574986882405f,0.037358848278100515f,0.38506607127407133f,-0.4041417667043496f,0.8832312009996679f,-0.23784885533836664f,1.1969827647919262f,0.0639163832747045f,-0.23212595175791623f,-0.9705834526044437f,-0.31759599606754607f,0f,0f,0f,1f],start_interpolation:0}
execute if entity @s[tag=aj.tultaria.bone.left_arm] run data modify entity @s {} merge value {transformation:[-0.9124604804341764f,-0.34098500654563796f,-0.22615281770719342f,0.2035111318933536f,-0.4041417667043496f,0.8374215416860324f,0.3679600439249832f,1.412461875f,0.0639163832747045f,0.42714679775372266f,-0.9019203452178142f,-0.0802170910435303f,0f,0f,0f,1f],start_interpolation:0}
execute if entity @s[tag=aj.tultaria.bone.rod] run data modify entity @s {} merge value {transformation:[-0.6585890494953613f,0.27878631951929544f,0.7688915482538518f,-0.6378119555384365f,0.7023293630557103f,-0.3130906193844756f,0.7150967003739631f,0.9979841821205746f,0.4191055842112826f,0.9627606208943396f,0.009902382571317148f,0.3272157847989379f,0f,0f,0f,1f],start_interpolation:0}
execute if entity @s[tag=aj.tultaria.bone.sword] run data modify entity @s {} merge value {transformation:[-0.00000627183420442112f,0.000004747442451211812f,-0.000006174616254042453f,-0.6863549511180765f,0.0000066883792333888895f,0.000007345183869592633f,-0.000001146236080503696f,1.0135123855975539f,0.000003991200188242322f,-0.000004848717778372772f,-0.000007782047093346727f,0.3032099396371323f,0f,0f,0f,1f],start_interpolation:0}
execute if entity @s[tag=aj.tultaria.bone.right_hand] run data modify entity @s {} merge value {transformation:[-0.627183420442112f,0.4747442451211812f,-0.6174616254042453f,-0.5369655667935243f,0.6688379233388889f,0.7345183869592632f,-0.11462360805036959f,1.259100626224002f,0.3991200188242322f,-0.4848717778372772f,-0.7782047093346727f,0.0481132794431248f,0f,0f,0f,1f],start_interpolation:0}
execute if entity @s[tag=aj.tultaria.bone.right_arm] run data modify entity @s {} merge value {transformation:[-0.627183420442112f,0.7143394432300384f,-0.3104192599829005f,-0.2035111318933536f,0.6688379233388889f,0.6981865356525933f,0.255326053776642f,1.412461875f,0.3991200188242322f,-0.04748390547573683f,-0.9156683293062591f,0.0802170910435303f,0f,0f,0f,1f],start_interpolation:0}
execute if entity @s[tag=aj.tultaria.bone.skirt] run data modify entity @s {} merge value {transformation:[-0.9460685704996467f,-0.012132663155752123f,-0.3237391826725706f,0.019566230684716048f,0f,0.9992984888596173f,-0.037450369329091085f,0.8629052779030169f,0.3239664487454758f,-0.03543061737585701f,-0.9454048928578752f,0.057138620266504195f,0f,0f,0f,1f],start_interpolation:0}
execute if entity @s[tag=aj.tultaria.bone.left_foot] run data modify entity @s {} merge value {transformation:[-0.9460685704996467f,0.0877062897343635f,-0.3118683482718098f,0.16315080815084365f,0f,0.962656316663301f,0.2707264597120979f,0.41750956844118775f,0.3239664487454758f,0.2561257947362547f,-0.9107388853881043f,0.09060151740031275f,0f,0f,0f,1f],start_interpolation:0}
execute if entity @s[tag=aj.tultaria.bone.left_leg] run data modify entity @s {} merge value {transformation:[-0.9460685704996467f,-0.012132663155752123f,-0.3237391826725706f,0.11737537018613076f,0f,0.9992984888596173f,-0.037450369329091085f,0.8500213611511339f,0.3239664487454758f,-0.03543061737585701f,-0.9454048928578752f,-0.043074989308859085f,0f,0f,0f,1f],start_interpolation:0}
execute if entity @s[tag=aj.tultaria.bone.right_foot] run data modify entity @s {} merge value {transformation:[-0.9460685704996467f,0.08770628973436351f,-0.31186834827180987f,-0.023229443901873106f,0f,0.9626563166633011f,0.2707264597120979f,0.504504530952617f,0.3239664487454758f,0.25612579473625474f,-0.9107388853881044f,0.3180062429711462f,0f,0f,0f,1f],start_interpolation:0}
execute if entity @s[tag=aj.tultaria.bone.right_leg] run data modify entity @s {} merge value {transformation:[-0.9460685704996467f,-0.13509874078066128f,-0.29445303556294794f,-0.11914177243878091f,0f,0.9088997848486617f,-0.41701460538218144f,0.8500213611511339f,0.3239664487454758f,-0.3945244115913946f,-0.8598815201792098f,0.03791662287750987f,0f,0f,0f,1f],start_interpolation:0}
execute if entity @s[tag=aj.tultaria.bone.lower] run data modify entity @s {} merge value {transformation:[-0.9460685704996467f,0.01413121802120118f,-0.3236581044713577f,0f,0f,0.9990482215818578f,0.043619387365336f,0.912461875f,0.3239664487454758f,0.04126693145079378f,-0.9451681228521625f,0f,0f,0f,0f,1f],start_interpolation:0}