execute if entity @s[tag=aj.tultaria.bone.head] run data modify entity @s {} merge value {transformation:[-0.8684199138809852f,0.17396672095293697f,-0.46430855384735825f,0f,-0.053717394022414475f,0.897906123642208f,0.4368970527541523f,1.15625f,0.4929110414206431f,0.4043515464626132f,-0.7704145196703592f,0f,0f,0f,0f,1f],start_interpolation:0}
execute if entity @s[tag=aj.tultaria.bone.bust] run data modify entity @s {} merge value {transformation:[-0.7806555915822981f,0f,-0.6249614766777967f,0.7028085341300474f,0f,1f,0f,0f,0.6249614766777967f,0f,-0.7806555915822981f,0.07784705745225073f,0f,0f,0f,1f],start_interpolation:0}
execute if entity @s[tag=aj.tultaria.bone.left_wing] run data modify entity @s {} merge value {transformation:[-0.48206932001236136f,0f,-0.8761330781923597f,-0.029329210110830894f,0f,1f,0f,1.0625f,0.8761330781923597f,0f,-0.48206932001236136f,-0.13664204124014956f,0f,0f,0f,1f],start_interpolation:0}
execute if entity @s[tag=aj.tultaria.bone.right_wing] run data modify entity @s {} merge value {transformation:[-0.9603941259943898f,0f,-0.2786451556289327f,-0.12691115905861827f,0f,1f,0f,1.0625f,0.2786451556289327f,0f,-0.9603941259943898f,-0.058521856655424975f,0f,0f,0f,1f],start_interpolation:0}
execute if entity @s[tag=aj.tultaria.bone.body] run data modify entity @s {} merge value {transformation:[-0.7806555915822981f,0f,-0.6249614766777967f,0.7028085341300474f,0f,1f,0f,0f,0.6249614766777967f,0f,-0.7806555915822981f,0.07784705745225073f,0f,0f,0f,1f],start_interpolation:0}
execute if entity @s[tag=aj.tultaria.bone.left_hand] run data modify entity @s {} merge value {transformation:[-0.8915353179615487f,-0.37478031203270334f,-0.25437078161587257f,0.24112107516546608f,-0.24049922710264968f,0.8675608449661558f,-0.43531402693301546f,0.7354564809964623f,0.38382925707953586f,-0.3269218530387339f,-0.8635955091450467f,-0.38330597718208165f,0f,0f,0f,1f],start_interpolation:0}
execute if entity @s[tag=aj.tultaria.bone.left_arm] run data modify entity @s {} merge value {transformation:[-0.8915353179615487f,-0.08295885113023446f,-0.44528935069946596f,0.17076841065862772f,-0.24049922710264968f,0.9197611098954057f,0.3101606398094374f,1f,0.38382925707953586f,0.38361090931192643f,-0.8399510531374127f,-0.13671032302326802f,0f,0f,0f,1f],start_interpolation:0}
execute if entity @s[tag=aj.tultaria.bone.rod] run data modify entity @s {} merge value {transformation:[0.1491798542591578f,-0.2910501915601026f,0.1855024449327934f,0.8331378119777901f,0.056652847709529136f,-0.17869837567809116f,-0.32593457223254596f,0.5354842973020439f,0.34045825871847696f,0.1572662599632845f,-0.027046211334367354f,0.7907359155552094f,0f,0f,0f,1f],start_interpolation:0}
execute if entity @s[tag=aj.tultaria.bone.right_hand] run data modify entity @s {} merge value {transformation:[-0.11030797703802142f,-0.5516313705624376f,-0.8267617439221447f,-0.2081744071325636f,0.8453664668598768f,0.3853757349252172f,-0.36992036932250355f,0.8898716579844386f,0.5226735950003866f,-0.7397218219994969f,0.4238206450222977f,0.48630255293219404f,0f,0f,0f,1f],start_interpolation:0}
execute if entity @s[tag=aj.tultaria.bone.right_arm] run data modify entity @s {} merge value {transformation:[-0.11030797703802142f,-0.1874642003999029f,-0.9760580534836053f,-0.17076841065862772f,0.8453664668598768f,0.49874729257029937f,-0.19132870893476733f,1f,0.5226735950003866f,-0.8462318309554546f,0.10346014385815777f,0.13671032302326802f,0f,0f,0f,1f],start_interpolation:0}