execute if entity @s[tag=aj.tultaria.bone.head] run data modify entity @s {} merge value {transformation:[-0.9994253764235178f,0.00952259687797094f,-0.032530556549334566f,0f,0.004188629337548726f,0.9870666080806845f,0.16025594090817702f,1.5478838194444444f,0.03363587883469704f,0.16002759562273053f,-0.9865393029647758f,0f,0f,0f,0f,1f],start_interpolation:0}
execute if entity @s[tag=aj.tultaria.bone.bust] run data modify entity @s {} merge value {transformation:[-0.9841899337806571f,0f,-0.17711627323548185f,0.5806531035080695f,0f,1f,0f,0.3916338194444444f,0.17711627323548185f,0f,-0.9841899337806571f,0.40353683027258763f,0f,0f,0f,1f],start_interpolation:0}
execute if entity @s[tag=aj.tultaria.bone.left_wing] run data modify entity @s {} merge value {transformation:[-0.7557061852233479f,-0.06532973019478318f,-0.6516442188555439f,0.039372336706855915f,-0.17868324808801916f,0.9778295474758542f,0.10918641369640111f,1.4541338194444444f,0.630063852691051f,0.1989507537956142f,-0.7506251655095681f,-0.1340935087997998f,0f,0f,0f,1f],start_interpolation:0}
execute if entity @s[tag=aj.tultaria.bone.right_wing] run data modify entity @s {} merge value {transformation:[-0.9279534039709868f,0.1305915405320457f,0.34906780086413847f,-0.08365140501572632f,0.17868324808801916f,0.9778295474758542f,0.10918641369640111f,1.4541338194444444f,-0.3270699877875898f,0.16369247271830592f,-0.9307147777187126f,-0.11195397464536455f,0f,0f,0f,1f],start_interpolation:0}
execute if entity @s[tag=aj.tultaria.bone.body] run data modify entity @s {} merge value {transformation:[-0.9841899337806571f,0f,-0.17711627323548185f,0.5806531035080695f,0f,1f,0f,0.3916338194444444f,0.17711627323548185f,0f,-0.9841899337806571f,0.40353683027258763f,0f,0f,0f,1f],start_interpolation:0}
execute if entity @s[tag=aj.tultaria.bone.left_hand] run data modify entity @s {} merge value {transformation:[-0.8430629270244279f,-0.4939022660041045f,0.21285077569277266f,0.4670580865032965f,-0.5189550723507375f,0.8509653363271525f,-0.0808927020877453f,1.2195148502585476f,-0.14117554306056332f,-0.17865762789656303f,-0.9737304134286493f,-0.2454586207532454f,0f,0f,0f,1f],start_interpolation:0}
execute if entity @s[tag=aj.tultaria.bone.left_arm] run data modify entity @s {} merge value {transformation:[-0.8430629270244279f,-0.5289730038866604f,-0.09712086406188652f,0.21529154801451875f,-0.5189550723507375f,0.7527214141950798f,0.40508777504832194f,1.3916338194444444f,-0.14117554306056332f,0.3919158503700538f,-0.9091047421888595f,-0.038744184770261654f,0f,0f,0f,1f],start_interpolation:0}
execute if entity @s[tag=aj.tultaria.bone.rod] run data modify entity @s {} merge value {transformation:[-0.48775764049693787f,-0.2661674974847791f,0.9167504280989185f,-0.8431984716428271f,0.9426261537075371f,-0.2968907289980291f,0.41532617228095975f,1.1528850149807104f,0.1507727378652872f,0.9950853020307904f,0.36912981889695196f,0.16664839349079386f,0f,0f,0f,1f],start_interpolation:0}
execute if entity @s[tag=aj.tultaria.bone.sword] run data modify entity @s {} merge value {transformation:[-0.0000045499779897102415f,0.000008375343605315054f,-0.0000030251148384913616f,-0.8715973786660999f,0.000008793154418913593f,0.000004762223360403615f,-4.079253321944837e-8f,1.1801724075403495f,0.000001406462106952306f,-0.0000026785907038094407f,-0.000009531370110491616f,0.12636529018209045f,0f,0f,0f,1f],start_interpolation:0}
execute if entity @s[tag=aj.tultaria.bone.right_hand] run data modify entity @s {} merge value {transformation:[-0.4549977989710241f,0.8375343605315053f,-0.3025114838491361f,-0.5669370219246547f,0.8793154418913592f,0.4762223360403615f,-0.004079253321944837f,1.330958484330603f,0.1406462106952306f,-0.26785907038094403f,-0.9531370110491615f,-0.052940884283205265f,0f,0f,0f,1f],start_interpolation:0}
execute if entity @s[tag=aj.tultaria.bone.right_arm] run data modify entity @s {} merge value {transformation:[-0.4549977989710241f,0.8898812937728291f,-0.03298917890338546f,-0.21529154801451875f,0.8793154418913592f,0.4548295531807973f,0.1411893452239221f,1.3916338194444444f,0.1406462106952306f,0.03523294688998116f,-0.9894328086689468f,0.038744184770261654f,0f,0f,0f,1f],start_interpolation:0}
execute if entity @s[tag=aj.tultaria.bone.skirt] run data modify entity @s {} merge value {transformation:[-0.9954268541790603f,-0.010003927942500433f,-0.09500157580219948f,0.005769425442401118f,0f,0.994501352081665f,-0.10472373516896856f,0.8420772223474613f,0.09552684428567601f,-0.10424481825712739f,-0.9899533523794738f,0.0601196560139183f,0f,0f,0f,1f],start_interpolation:0}
execute if entity @s[tag=aj.tultaria.bone.left_foot] run data modify entity @s {} merge value {transformation:[-0.9954268541790603f,0.01325761789287907f,-0.0946023971524306f,0.1404198458209586f,0f,0.9903226455332195f,0.1387842128777095f,0.407189430955971f,0.09552684428567601f,0.1381495324345754f,-0.9857937556654173f,0.15469667715257457f,0f,0f,0f,1f],start_interpolation:0}
execute if entity @s[tag=aj.tultaria.bone.left_leg] run data modify entity @s {} merge value {transformation:[-0.9954268541790603f,-0.010003927942500433f,-0.09500157580219948f,0.12416793037083972f,0f,0.994501352081665f,-0.10472373516896856f,0.8291933055955784f,0.09552684428567601f,-0.10424481825712739f,-0.9899533523794738f,-0.014654599882352893f,0f,0f,0f,1f],start_interpolation:0}
execute if entity @s[tag=aj.tultaria.bone.right_foot] run data modify entity @s {} merge value {transformation:[-0.9954268541790603f,0.013257617892879082f,-0.09460239715243057f,-0.09424696932594362f,0f,0.9903226455332195f,0.13878421287770976f,0.5044182288496202f,0.09552684428567601f,0.13814953243457556f,-0.9857937556654173f,0.32644264595100336f,0f,0f,0f,1f],start_interpolation:0}
execute if entity @s[tag=aj.tultaria.bone.right_leg] run data modify entity @s {} merge value {transformation:[-0.9954268541790603f,-0.04559795337887184f,-0.08394167395780253f,-0.12468878317392536f,0f,0.8787234058184978f,-0.47733130639707655f,0.8291933055955784f,0.09552684428567601f,-0.4751484007280231f,-0.874704875547417f,0.00922711118906611f,0f,0f,0f,1f],start_interpolation:0}
execute if entity @s[tag=aj.tultaria.bone.lower] run data modify entity @s {} merge value {transformation:[-0.9954268541790603f,0.004166822424685036f,-0.09543592389693167f,0f,0f,0.9990482215818578f,0.043619387365336f,0.8916338194444444f,0.09552684428567601f,0.043419909546294266f,-0.9944794283824134f,0f,0f,0f,0f,1f],start_interpolation:0}