execute if entity @s[tag=aj.tultaria.bone.head] run data modify entity @s {} merge value {transformation:[-0.9998354655500316f,-0.0035261019577477563f,0.01779349412947248f,0f,-0.0017653057590550367f,0.9951829732559211f,0.09801904629755245f,1.15625f,-0.01805340754342656f,0.097971507830023f,-0.9950254560208914f,0f,0f,0f,0f,1f],start_interpolation:0}
execute if entity @s[tag=aj.tultaria.bone.bust] run data modify entity @s {} merge value {transformation:[-0.9897953549197617f,0f,0.1424961591737239f,0.42364959787301887f,0f,1f,0f,0f,-0.1424961591737239f,0f,-0.9897953549197617f,0.5661457570467427f,0f,0f,0f,1f],start_interpolation:0}
execute if entity @s[tag=aj.tultaria.bone.left_wing] run data modify entity @s {} merge value {transformation:[-0.9689825890765553f,0f,-0.24712899883764267f,0.07967422957920062f,0f,1f,0f,1.0625f,0.24712899883764267f,0f,-0.9689825890765553f,-0.11481840941661248f,0f,0f,0f,1f],start_interpolation:0}
execute if entity @s[tag=aj.tultaria.bone.right_wing] run data modify entity @s {} merge value {transformation:[-0.8599207504936697f,0f,0.5104275686817905f,-0.04405018978576958f,0f,1f,0f,1.0625f,-0.5104275686817905f,0f,-0.8599207504936697f,-0.13263042931332802f,0f,0f,0f,1f],start_interpolation:0}
execute if entity @s[tag=aj.tultaria.bone.body] run data modify entity @s {} merge value {transformation:[-0.9897953549197617f,0f,0.1424961591737239f,0.42364959787301887f,0f,1f,0f,0f,-0.1424961591737239f,0f,-0.9897953549197617f,0.5661457570467427f,0f,0f,0f,1f],start_interpolation:0}
execute if entity @s[tag=aj.tultaria.bone.left_hand] run data modify entity @s {} merge value {transformation:[-0.6920971768442471f,-0.5190255189703962f,0.5016114118137006f,0.5376123451100364f,-0.5922714387793591f,0.8055725246637037f,0.016353908192668687f,0.8716346051004695f,-0.41257246710178175f,-0.2857716188925302f,-0.864938460946842f,-0.09596182299848527f,0f,0f,0f,1f],start_interpolation:0}
execute if entity @s[tag=aj.tultaria.bone.left_arm] run data modify entity @s {} merge value {transformation:[-0.6920971768442471f,-0.7102343159800719f,0.12871951758976713f,0.21651773388869786f,-0.5922714387793591f,0.6607233301783302f,0.4611498929461927f,1f,-0.41257246710178175f,0.24292364512821027f,-0.8779362516875429f,0.031171034819252104f,0f,0f,0f,1f],start_interpolation:0}
execute if entity @s[tag=aj.tultaria.bone.rod] run data modify entity @s {} merge value {transformation:[-0.3652960587225148f,0.6221866668375664f,0.862448751946069f,-0.8069000569996806f,1.0046587862214043f,-0.09710905951345336f,0.49558638245065073f,0.7936891076606893f,0.3487044900655958f,0.9315733416172597f,-0.5243582710686664f,0.24707138631618453f,0f,0f,0f,1f],start_interpolation:0}
execute if entity @s[tag=aj.tultaria.bone.right_hand] run data modify entity @s {} merge value {transformation:[-0.3248680364133037f,0.775575563257448f,-0.541242371396454f,-0.5837145172026943f,0.8934712525684425f,0.43933160973985014f,0.09325694353328572f,0.9700955792547938f,0.31011268879351406f,-0.453288299387139f,-0.8356792673555883f,-0.027371634373441138f,0f,0f,0f,1f],start_interpolation:0}
execute if entity @s[tag=aj.tultaria.bone.right_arm] run data modify entity @s {} merge value {transformation:[-0.3248680364133037f,0.9024342812810913f,-0.28297195423865773f,-0.21651773388869786f,0.8934712525684425f,0.3909550994438984f,0.22105029077698576f,1f,0.31011268879351406f,-0.18101513248204423f,-0.9333079031390259f,-0.031171034819252104f,0f,0f,0f,1f],start_interpolation:0}