execute if entity @s[tag=aj.tultaria.bone.head] run data modify entity @s {} merge value {transformation:[-0.971539527079172f,0.02870868551565419f,-0.23513136477029675f,0f,-0.017214873969306314f,0.9814466158612125f,0.19096122205514535f,1.15625f,0.23625112790630226f,0.1895741321766683f,-0.9530199646242796f,0f,0f,0f,0f,1f],start_interpolation:0}
execute if entity @s[tag=aj.tultaria.bone.bust] run data modify entity @s {} merge value {transformation:[-0.9881209072204928f,0f,-0.15367847186170955f,0.5708996895411012f,0f,1f,0f,0f,0.15367847186170955f,0f,-0.9881209072204928f,0.41722121767939163f,0f,0f,0f,1f],start_interpolation:0}
execute if entity @s[tag=aj.tultaria.bone.left_wing] run data modify entity @s {} merge value {transformation:[-0.8540944767348366f,0f,-0.5201178951074897f,0.042547747718567064f,0f,1f,0f,1.0625f,0.5201178951074897f,0f,-0.8540944767348366f,-0.13312001789391842f,0f,0f,0f,1f],start_interpolation:0}
execute if entity @s[tag=aj.tultaria.bone.right_wing] run data modify entity @s {} merge value {transformation:[-0.9717148869201584f,0f,0.23615710562619943f,-0.08096736568399454f,0f,1f,0f,1.0625f,-0.23615710562619943f,0f,-0.9717148869201584f,-0.11391020891120479f,0f,0f,0f,1f],start_interpolation:0}
execute if entity @s[tag=aj.tultaria.bone.body] run data modify entity @s {} merge value {transformation:[-0.9881209072204928f,0f,-0.15367847186170955f,0.5708996895411012f,0f,1f,0f,0f,0.15367847186170955f,0f,-0.9881209072204928f,0.41722121767939163f,0f,0f,0f,1f],start_interpolation:0}
execute if entity @s[tag=aj.tultaria.bone.left_hand] run data modify entity @s {} merge value {transformation:[-0.9732649750299444f,-0.12646515184331447f,0.19173380961429098f,0.38892173568747673f,-0.20459003734582298f,0.8567431187456485f,-0.47342807806552256f,0.7255752849218808f,-0.10439446823848722f,-0.49999779384636f,-0.8597115802116291f,-0.2084991004749486f,0f,0f,0f,1f],start_interpolation:0}
execute if entity @s[tag=aj.tultaria.bone.left_arm] run data modify entity @s {} merge value {transformation:[-0.9732649750299444f,-0.22601493960494648f,0.04089664357052003f,0.2161514484544828f,-0.20459003734582298f,0.9340020958152889f,0.29288735314363207f,1f,-0.10439446823848722f,0.27668995660851203f,-0.9552719313960728f,-0.033617165719748966f,0f,0f,0f,1f],start_interpolation:0}
execute if entity @s[tag=aj.tultaria.bone.rod] run data modify entity @s {} merge value {transformation:[-0.24285990349972075f,0.4028055892694954f,-0.9998958568397814f,0.10255318564330401f,0.9872857340881289f,0.4946193637818429f,-0.04054089587206011f,0.9529764687566854f,0.4327943467031085f,-0.9022883919375776f,-0.4686040025827032f,0.5590861095201669f,0f,0f,0f,1f],start_interpolation:0}
execute if entity @s[tag=aj.tultaria.bone.right_hand] run data modify entity @s {} merge value {transformation:[-0.2197827180992948f,-0.7488228160737109f,-0.6252679001454681f,-0.25641385790252114f,0.8934712525684425f,0.10281871946463805f,-0.4371926712119388f,0.9368844046544322f,0.39166909203901223f,-0.6547462875458626f,0.6464538817937799f,0.39436298691469096f,0f,0f,0f,1f],start_interpolation:0}
execute if entity @s[tag=aj.tultaria.bone.right_arm] run data modify entity @s {} merge value {transformation:[-0.2197827180992948f,-0.20304585108790296f,-0.954184436668758f,-0.2161514484544828f,0.8934712525684425f,0.350797614939653f,-0.2804463481424376f,1f,0.39166909203901223f,-0.914173624487515f,0.10431637758614735f,0.033617165719748966f,0f,0f,0f,1f],start_interpolation:0}