execute if entity @s[tag=aj.tultaria.bone.head] run data modify entity @s {} merge value {transformation:[-0.729796383456889f,0.23687384265691852f,-0.6413174107711334f,0f,-0.051716456785068796f,0.9162431548415804f,0.3972705492527051f,1.15625f,0.6817056892756898f,0.3230932742582136f,-0.656420664923236f,0f,0f,0f,0f,1f],start_interpolation:0}
execute if entity @s[tag=aj.tultaria.bone.bust] run data modify entity @s {} merge value {transformation:[-0.7152049734822901f,0f,-0.698914762976285f,0.7070598682292875f,0f,1f,0f,0f,0.698914762976285f,0f,-0.7152049734822901f,0.00814510525300255f,0f,0f,0f,1f],start_interpolation:0}
execute if entity @s[tag=aj.tultaria.bone.left_wing] run data modify entity @s {} merge value {transformation:[-0.3933001361241675f,0f,-0.9194101385805526f,-0.04266403452939249f,0f,1f,0f,1.0625f,0.9194101385805526f,0f,-0.3933001361241675f,-0.1330827943713041f,0f,0f,0f,1f],start_interpolation:0}
execute if entity @s[tag=aj.tultaria.bone.right_wing] run data modify entity @s {} merge value {transformation:[-0.9282263369769632f,0f,-0.37201595038698126f,-0.13206465621467878f,0f,1f,0f,1.0625f,0.37201595038698126f,0f,-0.9282263369769632f,-0.04571844899926847f,0f,0f,0f,1f],start_interpolation:0}
execute if entity @s[tag=aj.tultaria.bone.body] run data modify entity @s {} merge value {transformation:[-0.7152049734822901f,0f,-0.698914762976285f,0.7070598682292875f,0f,1f,0f,0f,0.698914762976285f,0f,-0.7152049734822901f,0.00814510525300255f,0f,0f,0f,1f],start_interpolation:0}
execute if entity @s[tag=aj.tultaria.bone.left_hand] run data modify entity @s {} merge value {transformation:[-0.8525685202778762f,-0.3947778541451489f,-0.34245782821793397f,0.19640045383217392f,-0.20914929141656768f,0.8582500803147424f,-0.4686825935958001f,0.7267948364091911f,0.4789399671473869f,-0.32795921319013105f,-0.8142845094637192f,-0.39682442870783163f,0f,0f,0f,1f],start_interpolation:0}
execute if entity @s[tag=aj.tultaria.bone.left_arm] run data modify entity @s {} merge value {transformation:[-0.8525685202778762f,-0.026051937541448383f,-0.521965721845342f,0.15645108794925094f,-0.20914929141656768f,0.932297977684474f,0.2950882151245414f,1f,0.4789399671473869f,0.36075168378786043f,-0.800296651569331f,-0.15288760440106233f,0f,0f,0f,1f],start_interpolation:0}
execute if entity @s[tag=aj.tultaria.bone.rod] run data modify entity @s {} merge value {transformation:[0.09356128657837104f,-0.438498193278874f,-0.8938487680502574f,0.36033595673763885f,0.9070144638523725f,0.40777221574034417f,-0.10510272324161518f,0.8738938950641942f,0.4105740469347682f,-0.8009002151088321f,0.4358758968126516f,0.5420471276631527f,0f,0f,0f,1f],start_interpolation:0}
execute if entity @s[tag=aj.tultaria.bone.right_hand] run data modify entity @s {} merge value {transformation:[0.09356128657837104f,-0.8718872824564585f,-0.48068581458629644f,-0.02670750100682015f,0.9070144638523725f,0.2737429986802388f,-0.3199836449510257f,0.9365495639504056f,0.4105740469347682f,-0.4060509048927762f,0.8164261231852914f,0.49183130372652295f,0f,0f,0f,1f],start_interpolation:0}
execute if entity @s[tag=aj.tultaria.bone.right_arm] run data modify entity @s {} merge value {transformation:[0.09356128657837104f,-0.5738161722260268f,-0.8136223240212074f,-0.15645108794925094f,0.9070144638523725f,0.38612712356640144f,-0.16801966197124157f,1f,0.4105740469347682f,-0.7222470802559245f,0.5565861182650885f,0.15288760440106233f,0f,0f,0f,1f],start_interpolation:0}