execute if entity @s[tag=aj.tultaria.bone.head] run data modify entity @s {} merge value {transformation:[-0.996917436925473f,-0.000114070805908556f,0.07845770160919105f,0f,0.004358085629285365f,0.9983745131710617f,0.05682726933518263f,1.15625f,-0.07833665198100717f,0.05699402107499356f,-0.9952964636318717f,0f,0f,0f,0f,1f],start_interpolation:0}
execute if entity @s[tag=aj.tultaria.bone.bust] run data modify entity @s {} merge value {transformation:[-0.9696897847948059f,0f,0.24433935676555035f,0.36267521401462777f,0f,1f,0f,0f,-0.24433935676555035f,0f,-0.9696897847948059f,0.6070145707801782f,0f,0f,0f,1f],start_interpolation:0}
execute if entity @s[tag=aj.tultaria.bone.left_wing] run data modify entity @s {} merge value {transformation:[-0.9893811687661146f,0f,-0.14534408447197636f,0.09114803114536912f,0f,1f,0f,1.0625f,0.14534408447197636f,0f,-0.9893811687661146f,-0.10594001330150382f,0f,0f,0f,1f],start_interpolation:0}
execute if entity @s[tag=aj.tultaria.bone.right_wing] run data modify entity @s {} merge value {transformation:[-0.8023719213482766f,0f,0.5968243458773067f,-0.03006319195398166f,0f,1f,0f,1.0625f,-0.5968243458773067f,0f,-0.8023719213482766f,-0.13648243289719764f,0f,0f,0f,1f],start_interpolation:0}
execute if entity @s[tag=aj.tultaria.bone.body] run data modify entity @s {} merge value {transformation:[-0.9696897847948059f,0f,0.24433935676555035f,0.36267521401462777f,0f,1f,0f,0f,-0.24433935676555035f,0f,-0.9696897847948059f,0.6070145707801782f,0f,0f,0f,1f],start_interpolation:0}
execute if entity @s[tag=aj.tultaria.bone.left_hand] run data modify entity @s {} merge value {transformation:[-0.2571462275248161f,-0.9385729437294066f,0.23012311263511093f,0.556637952881658f,-0.8566920388165876f,0.33159177484329694f,0.3951273788091016f,1.065100722772484f,-0.44716279842808293f,-0.0955391236896628f,-0.8893355427208434f,-0.05973740703827773f,0f,0f,0f,1f],start_interpolation:0}
execute if entity @s[tag=aj.tultaria.bone.left_arm] run data modify entity @s {} merge value {transformation:[-0.2571462275248161f,-0.9606768092578407f,-0.10476586192042822f,0.2121196404238638f,-0.8566920388165876f,0.17645282120136385f,0.4847093484949083f,1f,-0.44716279842808293f,0.21439326025846586f,-0.8683783516749548f,0.05344923429246414f,0f,0f,0f,1f],start_interpolation:0}
execute if entity @s[tag=aj.tultaria.bone.rod] run data modify entity @s {} merge value {transformation:[-0.35916831899245183f,-0.8918526008278156f,0.5569245534750329f,-0.5989113951299798f,1.0021573591494222f,-0.4684619017062237f,-0.10388443284252015f,1.1566608056320276f,0.3181927833395349f,0.46873263837823026f,0.9558299888495813f,-0.6560884736653646f,0f,0f,0f,1f],start_interpolation:0}
execute if entity @s[tag=aj.tultaria.bone.right_hand] run data modify entity @s {} merge value {transformation:[-0.3232514870932066f,0.42533827269844593f,0.8453377016730844f,-0.3337423301589269f,0.9019416232344799f,-0.1318505198755653f,0.4112380681377812f,1.1586216191959133f,0.2863735050055814f,0.8953785759032017f,-0.34100941547759744f,-0.3629476846363636f,0f,0f,0f,1f],start_interpolation:0}
execute if entity @s[tag=aj.tultaria.bone.right_arm] run data modify entity @s {} merge value {transformation:[-0.3232514870932066f,0.48694650640551534f,0.8114133200727565f,-0.2121196404238638f,0.9019416232344799f,-0.10094386741451178f,0.4198948010020518f,1f,0.2863735050055814f,0.8675790658671201f,-0.4065670671610693f,-0.05344923429246414f,0f,0f,0f,1f],start_interpolation:0}