execute if entity @s[tag=aj.tultaria.bone.head] run data modify entity @s {} merge value {transformation:[-0.9893440850835777f,-0.014206676233231741f,0.14490152401042128f,0f,0.007902238483097918f,0.988521661264983f,0.15087239587437637f,1.494870625f,-0.14538169051532873f,0.1504097588599969f,-0.9778757940058557f,0f,0f,0f,0f,1f],start_interpolation:0}
execute if entity @s[tag=aj.tultaria.bone.bust] run data modify entity @s {} merge value {transformation:[-0.9371719732226442f,0f,0.34886772938461263f,0.2941521219190158f,0f,1f,0f,0.338620625f,-0.34886772938461263f,0f,-0.9371719732226442f,0.6430198513036285f,0f,0f,0f,1f],start_interpolation:0}
execute if entity @s[tag=aj.tultaria.bone.left_wing] run data modify entity @s {} merge value {transformation:[-0.8869818996259278f,-0.26099185025309224f,-0.3809807919534107f,0.10218171449949182f,-0.3443065131861158f,0.923534548321467f,0.16892886974784105f,1.401120625f,0.30775986533919547f,0.28101101785896476f,-0.909019621970983f,-0.09534226356629216f,0f,0f,0f,1f],start_interpolation:0}
execute if entity @s[tag=aj.tultaria.bone.right_wing] run data modify entity @s {} merge value {transformation:[-0.46983148855299994f,0.013709321157941115f,0.8826496625940898f,-0.01496478215333874f,0.3443065131861158f,0.923534548321467f,0.16892886974784105f,1.401120625f,-0.8128415573417069f,0.3832701300258766f,-0.43862582013403667f,-0.13895072973936873f,0f,0f,0f,1f],start_interpolation:0}
execute if entity @s[tag=aj.tultaria.bone.body] run data modify entity @s {} merge value {transformation:[-0.9371719732226442f,0f,0.34886772938461263f,0.2941521219190158f,0f,1f,0f,0.338620625f,-0.34886772938461263f,0f,-0.9371719732226442f,0.6430198513036285f,0f,0f,0f,1f],start_interpolation:0}
execute if entity @s[tag=aj.tultaria.bone.left_hand] run data modify entity @s {} merge value {transformation:[-0.3960776566852702f,-0.7756507458124111f,0.49141470307201407f,0.5689212347054536f,-0.7742415014381913f,0.5698328743327314f,0.2753917079006424f,1.301609233136026f,-0.4936320363645784f,-0.2713971551994383f,-0.8262390675973943f,0.03228851690603337f,0f,0f,0f,1f],start_interpolation:0}
execute if entity @s[tag=aj.tultaria.bone.left_arm] run data modify entity @s {} merge value {transformation:[-0.3960776566852702f,-0.8965069230313374f,0.19848885820516188f,0.20500636914245343f,-0.7742415014381913f,0.4422881150065803f,0.4526934070368832f,1.338620625f,-0.4936320363645784f,0.025623432260523105f,-0.8692933063090673f,0.07631481580288402f,0f,0f,0f,1f],start_interpolation:0}
execute if entity @s[tag=aj.tultaria.bone.rod] run data modify entity @s {} merge value {transformation:[-0.1610390641756537f,-0.9085117699793968f,0.4256225719364403f,-0.8355959412306542f,0.9985987573261963f,-0.10360646569734712f,0.156678052884689f,1.3004486087118474f,-0.09668884009782434f,0.44311832979246635f,0.9092739983777876f,-0.40550885822223853f,0f,0f,0f,1f],start_interpolation:0}
execute if entity @s[tag=aj.tultaria.bone.sword] run data modify entity @s {} merge value {transformation:[-0.0000015848568371578826f,0.000008761682130166677f,0.000004552049544505406f,-0.8192108866069034f,0.000009827653161220086f,0.0000018441435484121474f,-1.279371549265997e-7f,1.3305603194269418f,-9.515577483656855e-7f,0.000004453320202137704f,-0.000008902947659553964f,-0.4502150433400406f,0f,0f,0f,1f],start_interpolation:0}
execute if entity @s[tag=aj.tultaria.bone.right_hand] run data modify entity @s {} merge value {transformation:[-0.15848568371578825f,0.8761682130166676f,0.45520495445054054f,-0.45013224204308616f,0.9827653161220086f,0.18441435484121474f,-0.012793715492659967f,1.3680047773407205f,-0.09515577483656854f,0.4453320202137704f,-0.8902947659553964f,-0.3497961963864992f,0f,0f,0f,1f],start_interpolation:0}
execute if entity @s[tag=aj.tultaria.bone.right_arm] run data modify entity @s {} merge value {transformation:[-0.15848568371578825f,0.8199045099203894f,0.5501262424838005f,-0.20500636914245343f,0.9827653161220086f,0.18469028434556112f,0.007863351446067438f,1.338620625f,-0.09515577483656854f,0.5418912192318324f,-0.8350444808719415f,-0.07631481580288402f,0f,0f,0f,1f],start_interpolation:0}
execute if entity @s[tag=aj.tultaria.bone.skirt] run data modify entity @s {} merge value {transformation:[-0.8654222349045544f,0.13683433982237758f,0.4819965962309073f,-0.030260936531171848f,0f,0.9619859761556362f,-0.27309884964951375f,0.7890640279030169f,-0.5010432669269254f,-0.23634581681354508f,-0.8325240534314501f,0.05226791587028965f,0f,0f,0f,1f],start_interpolation:0}
execute if entity @s[tag=aj.tultaria.bone.left_foot] run data modify entity @s {} merge value {transformation:[-0.8654222349045544f,0.10158380095698669f,0.49063742897982976f,-0.010570868816404372f,0f,0.9792316579545749f,-0.20274456850809688f,0.3894486027892324f,-0.5010432669269254f,-0.17545965759303672f,-0.8474488499163404f,0.26773788566954315f,0f,0f,0f,1f],start_interpolation:0}
execute if entity @s[tag=aj.tultaria.bone.left_leg] run data modify entity @s {} merge value {transformation:[-0.8654222349045544f,0.13683433982237758f,0.4819965962309073f,0.10954372938474924f,0f,0.9619859761556362f,-0.27309884964951375f,0.776180111151134f,-0.5010432669269254f,-0.23634581681354508f,-0.8325240534314501f,0.06027108413468588f,0f,0f,0f,1f],start_interpolation:0}
execute if entity @s[tag=aj.tultaria.bone.right_foot] run data modify entity @s {} merge value {transformation:[-0.8654222349045544f,0.10158380095698658f,0.49063742897982976f,-0.29193551774901844f,0f,0.979231657954575f,-0.2027445685080967f,0.5106271001606351f,-0.5010432669269254f,-0.17545965759303656f,-0.8474488499163404f,0.25476340396964264f,0f,0f,0f,1f],start_interpolation:0}
execute if entity @s[tag=aj.tultaria.bone.right_leg] run data modify entity @s {} merge value {transformation:[-0.8654222349045544f,0.3108705577405226f,0.39294255516920357f,-0.10681182934138936f,0f,0.7842487487742497f,-0.6204465327858831f,0.776180111151134f,-0.5010432669269254f,-0.5369482250423409f,-0.6787063048853116f,-0.06498973259704545f,0f,0f,0f,1f],start_interpolation:0}
execute if entity @s[tag=aj.tultaria.bone.lower] run data modify entity @s {} merge value {transformation:[-0.8654222349045544f,-0.021855200346879f,0.5005663847589088f,0f,0f,0.9990482215818578f,0.043619387365336f,0.838620625f,-0.5010432669269254f,0.037749187698876564f,-0.8645985446987918f,0f,0f,0f,0f,1f],start_interpolation:0}