execute if entity @s[tag=aj.tultaria.bone.head] run data modify entity @s {} merge value {transformation:[-0.8259974346005131f,0.1447789041596436f,-0.5447635330523728f,0f,-0.038816258507701436f,0.9495476741998442f,0.31121136305914304f,1.56175552f,0.5623357859045022f,0.2782054696299107f,-0.7787041675496327f,0f,0f,0f,0f,1f],start_interpolation:0}
execute if entity @s[tag=aj.tultaria.bone.bust] run data modify entity @s {} merge value {transformation:[-0.5715246348467129f,0f,-0.8205849083204805f,0.6960547715835967f,0f,1f,0f,0.40550551999999995f,0.8205849083204805f,0f,-0.5715246348467129f,-0.12453013673688379f,0f,0f,0f,1f],start_interpolation:0}
execute if entity @s[tag=aj.tultaria.bone.left_wing] run data modify entity @s {} merge value {transformation:[-0.12972087957620654f,0.06497297734009813f,-0.9894195296321668f,-0.06685282386214042f,-0.12744363104668338f,0.9884817903409872f,0.08162028589703353f,1.46800552f,0.983326301035222f,0.13668307276264954f,-0.1199463351359602f,-0.12272713612586916f,0f,0f,0f,1f],start_interpolation:0}
execute if entity @s[tag=aj.tultaria.bone.right_wing] run data modify entity @s {} merge value {transformation:[-0.8773528503103751f,0.1507318600213198f,-0.4555566731228657f,-0.13829340321797967f,0.12744363104668338f,0.9884817903409872f,0.08162028589703353f,1.46800552f,0.46261225335900585f,0.013551993904585065f,-0.8864571317911052f,-0.020154022585809117f,0f,0f,0f,1f],start_interpolation:0}
execute if entity @s[tag=aj.tultaria.bone.body] run data modify entity @s {} merge value {transformation:[-0.5715246348467129f,0f,-0.8205849083204805f,0.6960547715835967f,0f,1f,0f,0.40550551999999995f,0.8205849083204805f,0f,-0.5715246348467129f,-0.12453013673688379f,0f,0f,0f,1f],start_interpolation:0}
execute if entity @s[tag=aj.tultaria.bone.left_hand] run data modify entity @s {} merge value {transformation:[-0.5938207383927437f,-0.758236666093659f,-0.2691729719824585f,0.2657759866715119f,-0.757957576025825f,0.6394123467825458f,-0.12904326300544805f,1.30324827147584f,0.26995785522883436f,0.12739312765298744f,-0.9544075373901011f,-0.5042700656522858f,0f,0f,0f,1f],start_interpolation:0}
execute if entity @s[tag=aj.tultaria.bone.left_arm] run data modify entity @s {} merge value {transformation:[-0.5938207383927437f,-0.43254685465207243f,-0.6784394955965457f,0.12502101387271844f,-0.757957576025825f,0.5836406399816154f,0.29131411964905884f,1.40550552f,0.26995785522883436f,0.6872167211967773f,-0.6744300812595759f,-0.1795029486951051f,0f,0f,0f,1f],start_interpolation:0}
execute if entity @s[tag=aj.tultaria.bone.rod] run data modify entity @s {} merge value {transformation:[0.3645807134043548f,0.6398387564059819f,0.09083649714964914f,0.3820125137697235f,0.5206497591166999f,-0.352589816528067f,0.39391401296783857f,1.697992783903337f,0.38284295963918963f,-0.1298105815469234f,-0.6222093547779196f,0.09608138213367509f,0f,0f,0f,1f],start_interpolation:0}
execute if entity @s[tag=aj.tultaria.bone.sword] run data modify entity @s {} merge value {transformation:[0.0000016521882376586842f,-0.000008611337530220771f,-0.000004807820708798689f,0.40401566267167355f,0.000009039117911615346f,0.0000032721482998787797f,-0.0000027545222604863887f,1.2653110367724711f,0.000003945202327797261f,-0.000003890746900559279f,0.00000832451002453186f,0.5960002924681842f,0f,0f,0f,1f],start_interpolation:0}
execute if entity @s[tag=aj.tultaria.bone.right_hand] run data modify entity @s {} merge value {transformation:[0.1652188237658684f,-0.8611337530220771f,-0.4807820708798688f,0.03836631775822155f,0.9039117911615346f,0.32721482998787793f,-0.27545222604863884f,1.3382496493840774f,0.39452023277972603f,-0.3890746900559279f,0.8324510024531859f,0.5028037609895f,0f,0f,0f,1f],start_interpolation:0}
execute if entity @s[tag=aj.tultaria.bone.right_arm] run data modify entity @s {} merge value {transformation:[0.1652188237658684f,-0.6358612652554819f,-0.7539119256392754f,-0.12502101387271844f,0.9039117911615346f,0.4034069973846348f,-0.1421487539877137f,1.40550552f,0.39452023277972603f,-0.6579842291490053f,0.6414129248141324f,0.1795029486951051f,0f,0f,0f,1f],start_interpolation:0}
execute if entity @s[tag=aj.tultaria.bone.skirt] run data modify entity @s {} merge value {transformation:[-0.7810478044498442f,-0.03743897843110858f,-0.6233479365956969f,0.03771547438682439f,0f,0.9982011958345689f,-0.05995308694668292f,0.8559489229030168f,0.6244712380599109f,-0.04682622692969731f,-0.779642852405799f,0.04717204999726089f,0f,0f,0f,1f],start_interpolation:0}
execute if entity @s[tag=aj.tultaria.bone.left_foot] run data modify entity @s {} merge value {transformation:[-0.7810478044498442f,0.1418106620139786f,-0.6081562819730099f,0.19022657989233727f,0f,0.9738739671380416f,0.22708918100784248f,0.41384611884184536f,0.6244712380599109f,0.1773675062404886f,-0.7606421238440272f,0.03775362440415715f,0f,0f,0f,1f],start_interpolation:0}
execute if entity @s[tag=aj.tultaria.bone.left_leg] run data modify entity @s {} merge value {transformation:[-0.7810478044498442f,-0.03743897843110858f,-0.6233479365956969f,0.09592853475426515f,0f,0.9982011958345689f,-0.05995308694668292f,0.8430650061511339f,0.6244712380599109f,-0.04682622692969731f,-0.779642852405799f,-0.0801882064283103f,0f,0f,0f,1f],start_interpolation:0}
execute if entity @s[tag=aj.tultaria.bone.right_foot] run data modify entity @s {} merge value {transformation:[-0.7810478044498442f,0.14181066201397868f,-0.60815628197301f,0.09035911387559721f,0f,0.9738739671380416f,0.22708918100784264f,0.5043054294038947f,0.6244712380599109f,0.1773675062404887f,-0.7606421238440271f,0.313184620179105f,0f,0f,0f,1f],start_interpolation:0}
execute if entity @s[tag=aj.tultaria.bone.right_leg] run data modify entity @s {} merge value {transformation:[-0.7810478044498442f,-0.27313403382477036f,-0.5615711234836486f,-0.09933341635819591f,0f,0.8992746010662098f,-0.4373844897538199f,0.8430650061511339f,0.6244712380599109f,-0.34161819542263644f,-0.7023764527602727f,0.07592960308666742f,0f,0f,0f,1f],start_interpolation:0}
execute if entity @s[tag=aj.tultaria.bone.lower] run data modify entity @s {} merge value {transformation:[-0.7810478044498442f,0.027239052831446207f,-0.623876879812775f,0f,0f,0.9990482215818578f,0.043619387365336f,0.90550552f,0.6244712380599109f,0.03406882673314296f,-0.7803044200060315f,0f,0f,0f,0f,1f],start_interpolation:0}