execute if entity @s[tag=aj.tultaria.bone.head] run data modify entity @s {} merge value {transformation:[-0.9875843762398329f,-0.01607762208295619f,0.15626455092290734f,0f,0.007827235813489583f,0.9884768869979798f,0.1511693694182229f,1.4906066666666666f,-0.15689434083643777f,0.1505156268928272f,-0.976078486534028f,0f,0f,0f,0f,1f],start_interpolation:0}
execute if entity @s[tag=aj.tultaria.bone.bust] run data modify entity @s {} merge value {transformation:[-0.9212256192898833f,0f,0.38902873719555825f,0.2660984410471625f,0f,1f,0f,0.33435666666666664f,-0.38902873719555825f,0f,-0.9212256192898833f,0.6551271782427208f,0f,0f,0f,1f],start_interpolation:0}
execute if entity @s[tag=aj.tultaria.bone.left_wing] run data modify entity @s {} merge value {transformation:[-0.8912681130730581f,-0.277907359075686f,-0.35834152758334903f,0.10620519335506245f,-0.3552231348061344f,0.9190542269720389f,0.17075084885098213f,1.3968566666666666f,0.2818823781609864f,0.2794759876204139f,-0.9178428499617464f,-0.09083890633651293f,0f,0f,0f,1f],start_interpolation:0}
execute if entity @s[tag=aj.tultaria.bone.right_wing] run data modify entity @s {} merge value {transformation:[-0.41944925460371285f,-0.006530526522303209f,0.9077552946888996f,-0.008948009056172934f,0.3552231348061344f,0.9190542269720389f,0.17075084885098213f,1.3968566666666666f,-0.8353914335872091f,0.3940769976897529f,-0.38317681634062617f,-0.13946749848595774f,0f,0f,0f,1f],start_interpolation:0}
execute if entity @s[tag=aj.tultaria.bone.body] run data modify entity @s {} merge value {transformation:[-0.9212256192898833f,0f,0.38902873719555825f,0.2660984410471625f,0f,1f,0f,0.33435666666666664f,-0.38902873719555825f,0f,-0.9212256192898833f,0.6551271782427208f,0f,0f,0f,1f],start_interpolation:0}
execute if entity @s[tag=aj.tultaria.bone.left_hand] run data modify entity @s {} merge value {transformation:[-0.3460530857515497f,-0.7949916738490403f,0.4982323758574221f,0.5680891234313306f,-0.7926093410197116f,0.5318660869553299f,0.29814241240575634f,1.3104832940773523f,-0.5020136396255874f,-0.2917305332966134f,-0.8141717273231394f,0.05685224952822287f,0f,0f,0f,1f],start_interpolation:0}
execute if entity @s[tag=aj.tultaria.bone.left_arm] run data modify entity @s {} merge value {transformation:[-0.3460530857515497f,-0.912400755579033f,0.21856834871646003f,0.201518104219662f,-0.7926093410197116f,0.4089556030302286f,0.4522452291384407f,1.3343566666666666f,-0.5020136396255874f,-0.016738457784145788f,-0.8646977099893807f,0.08510003626152837f,0f,0f,0f,1f],start_interpolation:0}
execute if entity @s[tag=aj.tultaria.bone.rod] run data modify entity @s {} merge value {transformation:[-0.16013729354101158f,-0.9443945305375172f,0.3816610294030195f,-0.8120377962251106f,1.0127897013336613f,-0.1064168451225843f,0.16162487247765958f,1.2940651622073265f,-0.10864249420288413f,0.39998068606092496f,0.9441410819831948f,-0.45057872482082595f,0f,0f,0f,1f],start_interpolation:0}
execute if entity @s[tag=aj.tultaria.bone.sword] run data modify entity @s {} merge value {transformation:[-0.0000015530556485658452f,0.000008476385995039003f,0.000005073351812713604f,-0.7931097585047837f,0.000009822313913796284f,0.00000187276054715874f,-1.221364476709281e-7f,1.3241873785894824f,-0.0000010536448791227988f,0.000004964236939964933f,-0.000008616622544395565f,-0.49426178324493897f,0f,0f,0f,1f],start_interpolation:0}
execute if entity @s[tag=aj.tultaria.bone.right_hand] run data modify entity @s {} merge value {transformation:[-0.1553055648565845f,0.8476385995039002f,0.5073351812713603f,-0.4307564237522278f,0.9822313913796283f,0.18727605471587397f,-0.01221364476709281f,1.3627669771298927f,-0.10536448791227987f,0.4964236939964933f,-0.8616622544395565f,-0.37212762137708555f,0f,0f,0f,1f],start_interpolation:0}
execute if entity @s[tag=aj.tultaria.bone.right_arm] run data modify entity @s {} merge value {transformation:[-0.1553055648565845f,0.787265193978308f,0.5967358677630116f,-0.201518104219662f,0.9822313913796283f,0.18749117945350735f,0.008279578224309275f,1.3343566666666666f,-0.10536448791227987f,0.5874185662518934f,-0.8023950103967203f,-0.08510003626152837f,0f,0f,0f,1f],start_interpolation:0}
execute if entity @s[tag=aj.tultaria.bone.skirt] run data modify entity @s {} merge value {transformation:[-0.8373464393815865f,0.15654371013588064f,0.5237795407152444f,-0.03301675960787192f,0f,0.9581228928381097f,-0.28635733309893135f,0.7848000695696835f,-0.5466726081074292f,-0.23978029326119707f,-0.8022807928079766f,0.05057225419301858f,0f,0f,0f,1f],start_interpolation:0}
execute if entity @s[tag=aj.tultaria.bone.left_foot] run data modify entity @s {} merge value {transformation:[-0.8373464393815865f,0.1255761755607275f,0.5320540993043098f,-0.027801665585213978f,0f,0.9732591159931563f,-0.22971001966875565f,0.388532053838494f,-0.5466726081074292f,-0.1923468670599067f,-0.8149550553725399f,0.27124026974755133f,0f,0f,0f,1f],start_interpolation:0}
execute if entity @s[tag=aj.tultaria.bone.left_leg] run data modify entity @s {} merge value {transformation:[-0.8373464393815865f,0.15654371013588064f,0.5237795407152444f,0.10615865018863933f,0f,0.9581228928381097f,-0.28635733309893135f,0.7719161528178006f,-0.5466726081074292f,-0.23978029326119707f,-0.8022807928079766f,0.06605129234478051f,0f,0f,0f,1f],start_interpolation:0}
execute if entity @s[tag=aj.tultaria.bone.right_foot] run data modify entity @s {} merge value {transformation:[-0.8373464393815865f,0.1255761755607275f,0.5320540993043097f,-0.3071460847242637f,0f,0.9732591159931563f,-0.22971001966875548f,0.5114907409499254f,-0.5466726081074292f,-0.19234686705990672f,-0.8149550553725399f,0.24180410441907574f,0f,0f,0f,1f],start_interpolation:0}
execute if entity @s[tag=aj.tultaria.bone.right_leg] run data modify entity @s {} merge value {transformation:[-0.8373464393815865f,0.3450692821814398f,0.42400251290501195f,-0.10317795965675729f,0f,0.7756059232104221f,-0.6312174362934763f,0.7719161528178006f,-0.5466726081074292f,-0.5285476727559159f,-0.6494508581635151f,-0.0706168596820768f,0f,0f,0f,1f],start_interpolation:0}
execute if entity @s[tag=aj.tultaria.bone.lower] run data modify entity @s {} merge value {transformation:[-0.8373464393815865f,-0.023845524255056476f,0.5461522969172431f,0f,0f,0.9990482215818578f,0.043619387365336f,0.8343566666666666f,-0.5466726081074292f,0.03652453869837026f,-0.8365494711120749f,0f,0f,0f,0f,1f],start_interpolation:0}