execute if entity @s[tag=aj.tultaria.bone.head] run data modify entity @s {} merge value {transformation:[-0.8105934234799121f,0.16467633506033932f,-0.5619786530485037f,0f,-0.04151873617172846f,0.9410719981289408f,0.33564816234310757f,1.15625f,0.5841356831745669f,0.2954068364285051f,-0.7559896193953224f,0f,0f,0f,0f,1f],start_interpolation:0}
execute if entity @s[tag=aj.tultaria.bone.bust] run data modify entity @s {} merge value {transformation:[-0.8208973194098221f,0f,-0.5710758189468088f,0.6959865691783155f,0f,1f,0f,0f,0.5710758189468088f,0f,-0.8208973194098221f,0.12491075023150666f,0f,0f,0f,1f],start_interpolation:0}
execute if entity @s[tag=aj.tultaria.bone.left_wing] run data modify entity @s {} merge value {transformation:[-0.5398689771608456f,0f,-0.84174906444813f,-0.020078394905237218f,0f,1f,0f,1.0625f,0.84174906444813f,0f,-0.5398689771608456f,-0.13830440361040325f,0f,0f,0f,1f],start_interpolation:0}
execute if entity @s[tag=aj.tultaria.bone.right_wing] run data modify entity @s {} merge value {transformation:[-0.9769514862313842f,0f,-0.2134614568260258f,-0.12269055983146493f,0f,1f,0f,1.0625f,0.2134614568260258f,0f,-0.9769514862313842f,-0.06691992624205217f,0f,0f,0f,1f],start_interpolation:0}
execute if entity @s[tag=aj.tultaria.bone.body] run data modify entity @s {} merge value {transformation:[-0.8208973194098221f,0f,-0.5710758189468088f,0.6959865691783155f,0f,1f,0f,0f,0.5710758189468088f,0f,-0.8208973194098221f,0.12491075023150666f,0f,0f,0f,1f],start_interpolation:0}
execute if entity @s[tag=aj.tultaria.bone.left_hand] run data modify entity @s {} merge value {transformation:[-0.9216065415117349f,-0.3286999371930487f,-0.20639218476498697f,0.2564633108899613f,-0.19678651368263977f,0.8540760897854565f,-0.4814863454859515f,0.723511300042629f,0.3345391616469004f,-0.40312576715718706f,-0.8518058259829633f,-0.35597218771410666f,0f,0f,0f,1f],start_interpolation:0}
execute if entity @s[tag=aj.tultaria.bone.left_arm] run data modify entity @s {} merge value {transformation:[-0.9216065415117349f,-0.0761345433319898f,-0.38058496285902843f,0.1795712886208986f,-0.19678651368263977f,0.9368495747184499f,0.2891157940730527f,1f,0.3345391616469004f,0.3413449950731502f,-0.8783889478261324f,-0.12492283539461443f,0f,0f,0f,1f],start_interpolation:0}
execute if entity @s[tag=aj.tultaria.bone.rod] run data modify entity @s {} merge value {transformation:[-0.013714203122276591f,-0.2867117712164887f,-1.0048050959656925f,0.2783221956315152f,0.9376667699562741f,0.44006874310224997f,-0.13836737283107528f,0.8987524097621403f,0.46110513893524196f,-0.9034162172500058f,0.25148795052089756f,0.5568956726862164f,0f,0f,0f,1f],start_interpolation:0}
execute if entity @s[tag=aj.tultaria.bone.right_hand] run data modify entity @s {} merge value {transformation:[-0.013123639351460853f,-0.8603621789383769f,-0.5095141716798279f,-0.10800289293035459f,0.8972887750777743f,0.214728207160158f,-0.385700208930734f,0.9310629613308579f,0.4412489367801359f,-0.46224313743114964f,0.7691753101135053f,0.47970140991372345f,0f,0f,0f,1f],start_interpolation:0}
execute if entity @s[tag=aj.tultaria.bone.right_arm] run data modify entity @s {} merge value {transformation:[-0.013123639351460853f,-0.4546603786811172f,-0.8905681951134993f,-0.1795712886208986f,0.8972887750777743f,0.3876750968512338f,-0.21114183242743256f,1f,0.4412489367801359f,-0.8018677941774003f,0.40287394610655836f,0.12492283539461443f,0f,0f,0f,1f],start_interpolation:0}