execute if entity @s[tag=aj.tultaria.bone.head] run data modify entity @s {} merge value {transformation:[-0.6789024292604484f,0.28135776775496024f,-0.6781808741539439f,0f,-0.08679127975530926f,0.8864362527315309f,0.4546405652839582f,1.5146209027777777f,0.7290807673383639f,0.3675167701850179f,-0.5773843246314151f,0f,0f,0f,0f,1f],start_interpolation:0}
execute if entity @s[tag=aj.tultaria.bone.bust] run data modify entity @s {} merge value {transformation:[-0.4665128140678524f,0f,-0.8845144398541458f,0.6755136269609991f,0f,1f,0f,0.3583709027777777f,0.8845144398541458f,0f,-0.4665128140678524f,-0.2090008128931467f,0f,0f,0f,1f],start_interpolation:0}
execute if entity @s[tag=aj.tultaria.bone.left_wing] run data modify entity @s {} merge value {transformation:[0.12991746041559055f,0.19901049673934312f,-0.9713476595260437f,-0.08140725410252736f,-0.28880557804634005f,0.9447676089412862f,0.15493709428243546f,1.4208709027777777f,0.9485319138376329f,0.2604015884800337f,0.18021714998465693f,-0.11359625424936565f,0f,0f,0f,1f],start_interpolation:0}
execute if entity @s[tag=aj.tultaria.bone.right_wing] run data modify entity @s {} merge value {transformation:[-0.8561678283277456f,0.32729034138289026f,-0.399822063140621f,-0.13972135586100887f,0.28880557804634005f,0.9447676089412862f,0.15493709428243546f,1.4208709027777777f,0.4284483490759079f,0.017181313478196625f,-0.9034029082537274f,-0.003031949267597478f,0f,0f,0f,1f],start_interpolation:0}
execute if entity @s[tag=aj.tultaria.bone.body] run data modify entity @s {} merge value {transformation:[-0.4665128140678524f,0f,-0.8845144398541458f,0.6755136269609991f,0f,1f,0f,0.3583709027777777f,0.8845144398541458f,0f,-0.4665128140678524f,-0.2090008128931467f,0f,0f,0f,1f],start_interpolation:0}
execute if entity @s[tag=aj.tultaria.bone.left_hand] run data modify entity @s {} merge value {transformation:[-0.4444287817605762f,-0.8108232469092582f,-0.3808526226958902f,0.25589270977364703f,-0.8932714867994916f,0.4331314192296072f,0.12026314708659522f,1.3615044408886385f,0.06744708158131027f,0.3936531924774322f,-0.9167813562886681f,-0.5282481796091514f,0f,0f,0f,1f],start_interpolation:0}
execute if entity @s[tag=aj.tultaria.bone.left_arm] run data modify entity @s {} merge value {transformation:[-0.4444287817605762f,-0.5244107183010799f,-0.7262757441039563f,0.1020496780773427f,-0.8932714867994916f,0.32047269147523316f,0.31521945512554556f,1.3583709027777777f,0.06744708158131027f,0.7888540121908271f,-0.6108684298902658f,-0.1934875337180944f,0f,0f,0f,1f],start_interpolation:0}
execute if entity @s[tag=aj.tultaria.bone.rod] run data modify entity @s {} merge value {transformation:[0.24691431279195655f,-0.39631475812648026f,-0.9843054059388727f,0.4923616887002059f,0.9728673095454352f,0.48801329965661244f,0.04755433636332346f,1.2479277641289424f,0.4236174190081972f,-0.889756612439761f,0.4645111951970788f,0.3417658123242226f,0f,0f,0f,1f],start_interpolation:0}
execute if entity @s[tag=aj.tultaria.bone.sword] run data modify entity @s {} merge value {transformation:[0.0000022664240847808353f,-0.000009730923674393568f,-4.1526655421805453e-7f,0.4974977019922489f,0.000008929939608270186f,0.0000022463012718615685f,-0.00000390003963937297f,1.2575523895952259f,0.000003888380184674936f,5.130838519773174e-7f,0.000009198763204924205f,0.397036202924414f,0f,0f,0f,1f],start_interpolation:0}
execute if entity @s[tag=aj.tultaria.bone.right_hand] run data modify entity @s {} merge value {transformation:[0.22664240847808353f,-0.9730923674393567f,-0.04152665542180545f,0.12226121898272145f,0.8929939608270185f,0.22463012718615682f,-0.39000396393729697f,1.283413566331589f,0.3888380184674936f,0.05130838519773173f,0.9198763204924205f,0.4759909968349246f,0f,0f,0f,1f],start_interpolation:0}
execute if entity @s[tag=aj.tultaria.bone.right_arm] run data modify entity @s {} merge value {transformation:[0.22664240847808353f,-0.7576505427362059f,-0.6120448298701543f,-0.1020496780773427f,0.8929939608270185f,0.4125170965324372f,-0.17997619563409306f,1.3583709027777777f,0.3888380184674936f,-0.5057620983822143f,0.7700712273772424f,0.1934875337180944f,0f,0f,0f,1f],start_interpolation:0}
execute if entity @s[tag=aj.tultaria.bone.skirt] run data modify entity @s {} merge value {transformation:[-0.7521914096023711f,-0.1390686769252757f,-0.6441024657759442f,0.03979752702416741f,0f,0.9774757900687849f,-0.21104757717018413f,0.8088143056807946f,0.6589446739449359f,-0.15874817456480597f,-0.7352488923840307f,0.045429243356322285f,0f,0f,0f,1f],start_interpolation:0}
execute if entity @s[tag=aj.tultaria.bone.left_foot] run data modify entity @s {} merge value {transformation:[-0.7521914096023711f,-0.05018091395777498f,-0.6570311706416678f,0.23358285789052696f,0f,0.9970961093109495f,-0.07615345558126221f,0.3946656779200913f,0.6589446739449359f,-0.05728197509976114f,-0.7500071279716429f,0.07693972064771921f,0f,0f,0f,1f],start_interpolation:0}
execute if entity @s[tag=aj.tultaria.bone.left_leg] run data modify entity @s {} merge value {transformation:[-0.7521914096023711f,-0.1390686769252757f,-0.6441024657759442f,0.09222750351372581f,0f,0.9774757900687849f,-0.21104757717018413f,0.7959303889289117f,0.6589446739449359f,-0.15874817456480597f,-0.7352488923840307f,-0.08441871727238724f,0f,0f,0f,1f],start_interpolation:0}
execute if entity @s[tag=aj.tultaria.bone.right_foot] run data modify entity @s {} merge value {transformation:[-0.7521914096023711f,-0.050180913957774964f,-0.6570311706416678f,0.13596077230431564f,0f,0.9970961093109494f,-0.07615345558126213f,0.507302539018891f,0.6589446739449359f,-0.05728197509976107f,-0.7500071279716429f,0.34489773414452335f,0f,0f,0f,1f],start_interpolation:0}
execute if entity @s[tag=aj.tultaria.bone.right_leg] run data modify entity @s {} merge value {transformation:[-0.7521914096023711f,-0.374970046622643f,-0.5418538063502101f,-0.09582034888686695f,0f,0.8223054647460274f,-0.56904632733093f,0.7959303889289117f,0.6589446739449359f,-0.42803175908410446f,-0.6185311066510472f,0.08031745121384674f,0f,0f,0f,1f],start_interpolation:0}
execute if entity @s[tag=aj.tultaria.bone.lower] run data modify entity @s {} merge value {transformation:[-0.7521914096023711f,0.028742762985129188f,-0.6583175046255254f,0f,0f,0.9990482215818578f,0.043619387365336f,0.8583709027777777f,0.6589446739449359f,0.03281012846832394f,-0.7514754900523996f,0f,0f,0f,0f,1f],start_interpolation:0}