execute if entity @s[tag=aj.tultaria.bone.head] run data modify entity @s {} merge value {transformation:[-0.9537163464469043f,0.04466099443840916f,-0.29737270570067603f,0f,-0.021166982428721018f,0.9764859693662398f,0.21453929823166956f,1.15625f,0.299961813194331f,0.2109041185151381f,-0.9303452925761068f,0f,0f,0f,0f,1f],start_interpolation:0}
execute if entity @s[tag=aj.tultaria.bone.bust] run data modify entity @s {} merge value {transformation:[-0.9735512394917776f,0f,-0.22846878142105875f,0.6010100104564182f,0f,1f,0f,0f,0.22846878142105875f,0f,-0.9735512394917776f,0.3725412290353594f,0f,0f,0f,1f],start_interpolation:0}
execute if entity @s[tag=aj.tultaria.bone.left_wing] run data modify entity @s {} merge value {transformation:[-0.8120128465549671f,0f,-0.583639560884712f,0.03228835479060388f,0f,1f,0f,1.0625f,0.583639560884712f,0f,-0.8120128465549671f,-0.1359732037752885f,0f,0f,0f,1f],start_interpolation:0}
execute if entity @s[tag=aj.tultaria.bone.right_wing] run data modify entity @s {} merge value {transformation:[-0.9868752814799274f,0f,0.1614842989392898f,-0.08940555014586837f,0f,1f,0f,1.0625f,-0.1614842989392898f,0f,-0.9868752814799274f,-0.10741460609765607f,0f,0f,0f,1f],start_interpolation:0}
execute if entity @s[tag=aj.tultaria.bone.body] run data modify entity @s {} merge value {transformation:[-0.9735512394917776f,0f,-0.22846878142105875f,0.6010100104564182f,0f,1f,0f,0f,0.22846878142105875f,0f,-0.9735512394917776f,0.3725412290353594f,0f,0f,0f,1f],start_interpolation:0}
execute if entity @s[tag=aj.tultaria.bone.left_hand] run data modify entity @s {} merge value {transformation:[-0.979570130346092f,-0.15907624819739472f,0.12303295084318415f,0.37024089223243734f,-0.1990089042219159f,0.8548468546331363f,-0.47919965689076394f,0.7240961113070232f,-0.028945047488867698f,-0.49389432309277903f,-0.869040034660425f,-0.23674830333926797f,0f,0f,0f,1f],start_interpolation:0}
execute if entity @s[tag=aj.tultaria.bone.left_arm] run data modify entity @s {} merge value {transformation:[-0.979570130346092f,-0.1987469354937156f,-0.030692268824531965f,0.21296433363882633f,-0.1990089042219159f,0.936047509168547f,0.29019048333767117f,1f,-0.028945047488867698f,0.2903699643751325f,-0.9564765904164364f,-0.0499775459358566f,0f,0f,0f,1f],start_interpolation:0}
execute if entity @s[tag=aj.tultaria.bone.rod] run data modify entity @s {} merge value {transformation:[-0.20783421056982354f,0.2897369425170167f,-1.0382550237973447f,0.1262353113093337f,0.9808328861529124f,0.48939835709606366f,-0.059767440093561996f,0.942668551284298f,0.4470881789317204f,-0.9389663474242729f,-0.3515258284208336f,0.5636268398176649f,0f,0f,0f,1f],start_interpolation:0}
execute if entity @s[tag=aj.tultaria.bone.right_hand] run data modify entity @s {} merge value {transformation:[-0.18932266145024412f,-0.7695542334119972f,-0.609871471458593f,-0.23858146015248946f,0.8934712525684425f,0.12260120947576925f,-0.4320625698540165f,0.9346361836059593f,0.40726655975561576f,-0.6267018631476627f,0.6643633975709933f,0.4116590658336655f,0f,0f,0f,1f],start_interpolation:0}
execute if entity @s[tag=aj.tultaria.bone.right_arm] run data modify entity @s {} merge value {transformation:[-0.18932266145024412f,-0.23698909900751408f,-0.9528867177230476f,-0.21296433363882633f,0.8934712525684425f,0.3609279218881275f,-0.2672829138484091f,1f,0.40726655975561576f,-0.9019796018498004f,0.14341111237174414f,0.0499775459358566f,0f,0f,0f,1f],start_interpolation:0}