execute if entity @s[tag=aj.tultaria.bone.head] run data modify entity @s {} merge value {transformation:[-0.9906904443399135f,-0.02164897592903487f,0.134401507933538f,0f,0.0014550486445775931f,0.9855339150537294f,0.16947207767744615f,1.4729733600000001f,-0.1361261412331471f,0.16808992866942535f,-0.9763275319035518f,0f,0f,0f,0f,1f],start_interpolation:0}
execute if entity @s[tag=aj.tultaria.bone.bust] run data modify entity @s {} merge value {transformation:[-0.8437407128436425f,0f,0.5367509753042858f,0.15349486876967833f,0f,1f,0f,0.31672336f,-0.5367509753042858f,0f,-0.8437407128436425f,0.6902458440739642f,0f,0f,0f,1f],start_interpolation:0}
execute if entity @s[tag=aj.tultaria.bone.left_wing] run data modify entity @s {} merge value {transformation:[-0.898752775542209f,-0.3418821449710491f,-0.274517845330992f,0.11982766646576337f,-0.3961294874261926f,0.901529394307969f,0.17414413682397833f,1.3792233600000001f,0.1879491357964645f,0.2652571396752613f,-0.9456816442147226f,-0.07192065314893747f,0f,0f,0f,1f],start_interpolation:0}
execute if entity @s[tag=aj.tultaria.bone.right_wing] run data modify entity @s {} merge value {transformation:[-0.21065223123455235f,-0.09537003838844459f,0.9728978328959785f,0.014360077360308088f,0.3961294874261926f,0.901529394307969f,0.17414413682397833f,1.3792233600000001f,-0.8937041270282726f,0.42207737084152375f,-0.15213029401187728f,-0.1390145250619731f,0f,0f,0f,1f],start_interpolation:0}
execute if entity @s[tag=aj.tultaria.bone.body] run data modify entity @s {} merge value {transformation:[-0.8437407128436425f,0f,0.5367509753042858f,0.15349486876967833f,0f,1f,0f,0.31672336f,-0.5367509753042858f,0f,-0.8437407128436425f,0.6902458440739642f,0f,0f,0f,1f],start_interpolation:0}
execute if entity @s[tag=aj.tultaria.bone.left_hand] run data modify entity @s {} merge value {transformation:[-0.058355989200676917f,-0.8975802591726887f,0.4369716888631342f,0.5457322349697387f,-0.8891366258287071f,0.24575320697954278f,0.38605883213470454f,1.3807427862938355f,-0.4539059805007557f,-0.3659986879795599f,-0.8124126545437906f,0.15211728526593113f,0f,0f,0f,1f],start_interpolation:0}
execute if entity @s[tag=aj.tultaria.bone.left_arm] run data modify entity @s {} merge value {transformation:[-0.058355989200676917f,-0.9617804632153911f,0.2675311553849351f,0.1845682809345468f,-0.8891366258287071f,0.17192283245754592f,0.42412097364987333f,1.3167233600000001f,-0.4539059805007557f,-0.21312174984492416f,-0.865186962805546f,0.11741427584781253f,0f,0f,0f,1f],start_interpolation:0}
execute if entity @s[tag=aj.tultaria.bone.rod] run data modify entity @s {} merge value {transformation:[-0.22229595078814113f,-0.9497558986396094f,0.3998784196808628f,-0.7423896201904789f,1.018977616406981f,-0.14157182372358787f,0.23020978096754388f,1.228194838304562f,-0.1536998203926846f,0.4350582248284078f,0.9478687744009775f,-0.5405712897940387f,0f,0f,0f,1f],start_interpolation:0}
execute if entity @s[tag=aj.tultaria.bone.sword] run data modify entity @s {} merge value {transformation:[-0.0000021086536128367564f,0.000007886522857363007f,0.000005775494538250498f,-0.7219065320825446f,0.000009665811836060635f,0.000002563447634072358f,2.8596804698008963e-8f,1.2585345478142733f,-0.0000014579648455777664f,0.000005588514422246727f,-0.000008163506909496664f,-0.5833938685747349f,0f,0f,0f,1f],start_interpolation:0}
execute if entity @s[tag=aj.tultaria.bone.right_hand] run data modify entity @s {} merge value {transformation:[-0.21086536128367564f,0.7886522857363006f,0.5775494538250497f,-0.374451331311235f,0.9665811836060635f,0.2563447634072358f,0.002859680469800896f,1.3246815846410005f,-0.14579648455777663f,0.5588514422246726f,-0.8163506909496663f,-0.4330458353284947f,0f,0f,0f,1f],start_interpolation:0}
execute if entity @s[tag=aj.tultaria.bone.right_arm] run data modify entity @s {} merge value {transformation:[-0.21086536128367564f,0.685053141127542f,0.6973076747333222f,-0.1845682809345468f,0.9665811836060635f,0.252519586300046f,0.04421169566477477f,1.3167233600000001f,-0.14579648455777663f,0.6833271927606432f,-0.7154071097804751f,-0.11741427584781253f,0f,0f,0f,1f],start_interpolation:0}
execute if entity @s[tag=aj.tultaria.bone.skirt] run data modify entity @s {} merge value {transformation:[-0.6455060576096855f,0.2601190430876477f,0.7180947103358778f,-0.04612764536270496f,0f,0.9402158663892174f,-0.340579101810392f,0.7671667629030169f,-0.763755150286531f,-0.21984587331387384f,-0.6069150372149785f,0.03898589029969448f,0f,0f,0f,1f],start_interpolation:0}
execute if entity @s[tag=aj.tultaria.bone.left_foot] run data modify entity @s {} merge value {transformation:[-0.6455060576096855f,0.2590178288282625f,0.7184926540600778f,-0.12079350470708124f,0f,0.9407369021217433f,-0.33913725980255477f,0.38551079233215035f,-0.763755150286531f,-0.21891515556369875f,-0.6072513689365551f,0.2657565568391618f,0f,0f,0f,1f],start_interpolation:0}
execute if entity @s[tag=aj.tultaria.bone.left_leg] run data modify entity @s {} merge value {transformation:[-0.6455060576096855f,0.2601190430876477f,0.7180947103358778f,0.08277041543574935f,0f,0.9402158663892174f,-0.340579101810392f,0.754282846151134f,-0.763755150286531f,-0.21984587331387384f,-0.6069150372149785f,0.09370960761246963f,0f,0f,0f,1f],start_interpolation:0}
execute if entity @s[tag=aj.tultaria.bone.right_foot] run data modify entity @s {} merge value {transformation:[-0.6455060576096855f,0.2590178288282624f,0.7184926540600776f,-0.37445802229047226f,0f,0.9407369021217432f,-0.33913725980255477f,0.5155786389366385f,-0.763755150286531f,-0.21891515556369875f,-0.6072513689365551f,0.15281719758649823f,0f,0f,0f,1f],start_interpolation:0}
execute if entity @s[tag=aj.tultaria.bone.right_leg] run data modify entity @s {} merge value {transformation:[-0.6455060576096855f,0.5151216084396477f,0.5638897570516348f,-0.07860609896667202f,0f,0.7383122154267443f,-0.6744590962776412f,0.754282846151134f,-0.763755150286531f,-0.4353674322571715f,-0.4765850074651906f,-0.09722917995916311f,0f,0f,0f,1f],start_interpolation:0}
execute if entity @s[tag=aj.tultaria.bone.lower] run data modify entity @s {} merge value {transformation:[-0.6455060576096855f,-0.03331453175261861f,0.7630282246177433f,0f,0f,0.9990482215818578f,0.043619387365336f,0.81672336f,-0.763755150286531f,0.02815657877354777f,-0.6448916788752725f,0f,0f,0f,0f,1f],start_interpolation:0}