execute if entity @s[tag=aj.tultaria.bone.head] run data modify entity @s {} merge value {transformation:[-0.9684940773065297f,0.03108861490431588f,-0.24708848667128344f,0f,-0.017214873969306314f,0.9814466158612125f,0.19096122205514535f,1.15625f,0.24844087895592942f,0.18919840971293808f,-0.9499900480666629f,0f,0f,0f,0f,1f],start_interpolation:0}
execute if entity @s[tag=aj.tultaria.bone.bust] run data modify entity @s {} merge value {transformation:[-0.9861117595409103f,0f,-0.16608310478531463f,0.5760974321631125f,0f,1f,0f,0f,0.16608310478531463f,0f,-0.9861117595409103f,0.41001432737779786f,0f,0f,0f,1f],start_interpolation:0}
execute if entity @s[tag=aj.tultaria.bone.left_wing] run data modify entity @s {} merge value {transformation:[-0.8474912188114435f,0f,-0.5308094140437731f,0.04087159687314257f,0f,1f,0f,1.0625f,0.5308094140437731f,0f,-0.8474912188114435f,-0.13364416399169599f,0f,0f,0f,1f],start_interpolation:0}
execute if entity @s[tag=aj.tultaria.bone.right_wing] run data modify entity @s {} merge value {transformation:[-0.9746057240056337f,0f,0.22392785162961407f,-0.08239237306947134f,0f,1f,0f,1.0625f,-0.22392785162961407f,0f,-0.9746057240056337f,-0.1128837758935316f,0f,0f,0f,1f],start_interpolation:0}
execute if entity @s[tag=aj.tultaria.bone.body] run data modify entity @s {} merge value {transformation:[-0.9861117595409103f,0f,-0.16608310478531463f,0.5760974321631125f,0f,1f,0f,0f,0.16608310478531463f,0f,-0.9861117595409103f,0.41001432737779786f,0f,0f,0f,1f],start_interpolation:0}
execute if entity @s[tag=aj.tultaria.bone.left_hand] run data modify entity @s {} merge value {transformation:[-0.9744999551704292f,-0.13273815890562285f,0.1809155011135781f,0.38627102004997094f,-0.20459003734582298f,0.8567431187456485f,-0.47342807806552256f,0.7255752849218808f,-0.09215613919683383f,-0.4983691499805394f,-0.8620530356979254f,-0.21336984430461853f,0f,0f,0f,1f],start_interpolation:0}
execute if entity @s[tag=aj.tultaria.bone.left_arm] run data modify entity @s {} merge value {transformation:[-0.9744999551704292f,-0.22252019738537487f,0.02888942935409536f,0.21571194739957414f,-0.20459003734582298f,0.9340020958152889f,0.29288735314363207f,1f,-0.09215613919683383f,0.2795082230780012f,-0.9557104159943597f,-0.036330679171787575f,0f,0f,0f,1f],start_interpolation:0}
execute if entity @s[tag=aj.tultaria.bone.rod] run data modify entity @s {} merge value {transformation:[-0.23740221728071806f,0.39143559351411367f,-1.0057054058522565f,0.10957058682533921f,0.9872857340881289f,0.4946193637818429f,-0.04054089587206011f,0.9529764687566854f,0.4358119623143254f,-0.9072788221392025f,-0.45600227236433644f,0.5577532790102958f,0f,0f,0f,1f],start_interpolation:0}
execute if entity @s[tag=aj.tultaria.bone.right_hand] run data modify entity @s {} merge value {transformation:[-0.21484363554816113f,-0.7569912601348454f,-0.6170951663592151f,-0.2514380315201298f,0.8934712525684425f,0.10281871946463805f,-0.4371926712119388f,0.9368844046544322f,0.3943999658953171f,-0.6452848541590842f,0.6542599818838548f,0.39755395643612107f,0f,0f,0f,1f],start_interpolation:0}
execute if entity @s[tag=aj.tultaria.bone.right_arm] run data modify entity @s {} merge value {transformation:[-0.21484363554816113f,-0.21451736166668758f,-0.9527982545156201f,-0.21571194739957414f,0.8934712525684425f,0.350797614939653f,-0.2804463481424376f,1f,0.3943999658953171f,-0.9115499629182234f,0.11629846089075395f,0.036330679171787575f,0f,0f,0f,1f],start_interpolation:0}
execute if entity @s[tag=aj.tultaria.bone.skirt] run data modify entity @s {} merge value {transformation:[-0.9930886282291329f,0f,-0.1173668457528748f,0.007335427859554675f,0f,1f,0f,0.453125f,0.1173668457528748f,0f,-0.9930886282291329f,0.06206803926432081f,0f,0f,0f,1f],start_interpolation:0}
execute if entity @s[tag=aj.tultaria.bone.left_foot] run data modify entity @s {} merge value {transformation:[-0.9930886282291329f,0f,-0.1173668457528748f,0.13880693424775095f,0f,1f,0f,0f,0.1173668457528748f,0f,-0.9930886282291329f,0.10946522280953226f,0f,0f,0f,1f],start_interpolation:0}
execute if entity @s[tag=aj.tultaria.bone.left_leg] run data modify entity @s {} merge value {transformation:[-0.9930886282291329f,0f,-0.1173668457528748f,0.12413607852864161f,0f,1f,0f,0.4375f,0.1173668457528748f,0f,-0.9930886282291329f,-0.01467085571910935f,0f,0f,0f,1f],start_interpolation:0}
execute if entity @s[tag=aj.tultaria.bone.right_foot] run data modify entity @s {} merge value {transformation:[-0.9930886282291329f,0f,-0.1173668457528748f,-0.10946522280953226f,0f,1f,0f,0f,0.1173668457528748f,0f,-0.9930886282291329f,0.13880693424775095f,0f,0f,0f,1f],start_interpolation:0}
execute if entity @s[tag=aj.tultaria.bone.right_leg] run data modify entity @s {} merge value {transformation:[-0.9930886282291329f,0f,-0.1173668457528748f,-0.12413607852864161f,0f,1f,0f,0.4375f,0.1173668457528748f,0f,-0.9930886282291329f,0.01467085571910935f,0f,0f,0f,1f],start_interpolation:0}
execute if entity @s[tag=aj.tultaria.bone.lower] run data modify entity @s {} merge value {transformation:[-0.9930886282291329f,0f,-0.1173668457528748f,0f,0f,1f,0f,0.5f,0.1173668457528748f,0f,-0.9930886282291329f,0f,0f,0f,0f,1f],start_interpolation:0}