execute if entity @s[tag=aj.tultaria.bone.head] run data modify entity @s {} merge value {transformation:[-0.9998544941486884f,0.007306129443695752f,-0.015414636006810298f,0f,0.004768947649258244f,0.9873260170700351f,0.15863351838416542f,1.54234f,0.016378268192611983f,0.15853692468687752f,-0.987217197906235f,0f,0f,0f,0f,1f],start_interpolation:0}
execute if entity @s[tag=aj.tultaria.bone.bust] run data modify entity @s {} merge value {transformation:[-0.9921602618241384f,0f,-0.12497205630482841f,0.5585661590644834f,0f,1f,0f,0.38609000000000004f,0.12497205630482841f,0f,-0.9921602618241384f,0.433594102759655f,0f,0f,0f,1f],start_interpolation:0}
execute if entity @s[tag=aj.tultaria.bone.left_wing] run data modify entity @s {} merge value {transformation:[-0.775075224996114f,-0.08150020391008744f,-0.6265908652061865f,0.0463885093259051f,-0.19834987603793608f,0.9729038534880844f,0.11880832691260071f,1.44859f,0.5999297644499384f,0.21636961115334608f,-0.7702392284844959f,-0.13183078624706907f,0f,0f,0f,1f],start_interpolation:0}
execute if entity @s[tag=aj.tultaria.bone.right_wing] run data modify entity @s {} merge value {transformation:[-0.8996383046264548f,0.13261079610002535f,0.4160111748577864f,-0.07763152340211221f,0.19834987603793608f,0.9729038534880844f,0.11880832691260071f,1.44859f,-0.38898360829805356f,0.1894002867625958f,-0.9015649082842971f,-0.11620927920896545f,0f,0f,0f,1f],start_interpolation:0}
execute if entity @s[tag=aj.tultaria.bone.body] run data modify entity @s {} merge value {transformation:[-0.9921602618241384f,0f,-0.12497205630482841f,0.5585661590644834f,0f,1f,0f,0.38609000000000004f,0.12497205630482841f,0f,-0.9921602618241384f,0.433594102759655f,0f,0f,0f,1f],start_interpolation:0}
execute if entity @s[tag=aj.tultaria.bone.left_hand] run data modify entity @s {} merge value {transformation:[-0.8141524121538832f,-0.5221237172536836f,0.25405250178891975f,0.48564264523035344f,-0.5481456664809647f,0.8354432286932201f,-0.03963508482123934f,1.226351551026805f,-0.19155202453159467f,-0.17152677782737963f,-0.9663779728377526f,-0.22246779672809586f,0f,0f,0f,1f],start_interpolation:0}
execute if entity @s[tag=aj.tultaria.bone.left_arm] run data modify entity @s {} merge value {transformation:[-0.8141524121538832f,-0.5770272926621849f,-0.06477154704778068f,0.21703505727403027f,-0.5481456664809647f,0.726979005292975f,0.4135672305458637f,1.38609f,-0.19155202453159467f,0.372211001162225f,-0.9081667206585262f,-0.027337637316681214f,0f,0f,0f,1f],start_interpolation:0}
execute if entity @s[tag=aj.tultaria.bone.rod] run data modify entity @s {} merge value {transformation:[-0.4267109138775716f,-0.3854741082740445f,0.8980385707930028f,-0.8742696322036089f,0.9724967721306277f,-0.26425591184556224f,0.3486611651073592f,1.1921065856912676f,0.0965069478178566f,0.958501065053577f,0.45728315529645386f,0.1120082291131117f,0f,0f,0f,1f],start_interpolation:0}
execute if entity @s[tag=aj.tultaria.bone.sword] run data modify entity @s {} merge value {transformation:[-0.000004001526352700206f,0.000008914598010776531f,-0.0000021254950376100424f,-0.8967376600445941f,0.00000911969048608188f,0.000004102422712217035f,3.7058445103225066e-8f,1.2207793299216947f,9.050040257995722e-7f,-0.0000019235566528035903f,-0.00000977143272589755f,0.06903277579109057f,0f,0f,0f,1f],start_interpolation:0}
execute if entity @s[tag=aj.tultaria.bone.right_hand] run data modify entity @s {} merge value {transformation:[-0.4001526352700206f,0.8914598010776531f,-0.21254950376100423f,-0.5665408947696146f,0.911969048608188f,0.4102422712217035f,0.0037058445103225063f,1.3464106679631966f,0.09050040257995721f,-0.19235566528035902f,-0.9771432725897549f,-0.08226805444074231f,0f,0f,0f,1f],start_interpolation:0}
execute if entity @s[tag=aj.tultaria.bone.right_arm] run data modify entity @s {} merge value {transformation:[-0.4001526352700206f,0.9159396470304233f,0.030535741095340144f,-0.21703505727403027f,0.911969048608188f,0.3946852947609104f,0.11196415712257955f,1.38609f,0.09050040257995721f,0.07265040328365015f,-0.9932429692857577f,0.027337637316681214f,0f,0f,0f,1f],start_interpolation:0}
execute if entity @s[tag=aj.tultaria.bone.skirt] run data modify entity @s {} merge value {transformation:[-0.9994617954889659f,-0.0040205634220469195f,-0.03255694131428528f,0.001981241225566331f,0f,0.9924608289187784f,-0.12256224158300678f,0.8365334029030169f,0.0328042582292683f,-0.12249627803170435f,-0.9919266820236297f,0.06036334974447164f,0f,0f,0f,1f],start_interpolation:0}
execute if entity @s[tag=aj.tultaria.bone.left_foot] run data modify entity @s {} merge value {transformation:[-0.9994617954889659f,0.0033834229042116245f,-0.03262930902461425f,0.1306719072446185f,0f,0.994666875152874f,0.10313974730246753f,0.4047681536970443f,0.0328042582292683f,0.10308423702520245f,-0.9941315409536906f,0.17075768016227286f,0f,0f,0f,1f],start_interpolation:0}
execute if entity @s[tag=aj.tultaria.bone.left_leg] run data modify entity @s {} merge value {transformation:[-0.9994617954889659f,-0.0040205634220469195f,-0.03255694131428528f,0.1248432930831873f,0f,0.9924608289187784f,-0.12256224158300678f,0.823649486151134f,0.0328042582292683f,-0.12249627803170435f,-0.9919266820236297f,-0.0068252767295515025f,0f,0f,0f,1f],start_interpolation:0}
execute if entity @s[tag=aj.tultaria.bone.right_foot] run data modify entity @s {} merge value {transformation:[-0.9994617954889659f,0.0033834229042116297f,-0.03262930902461426f,-0.11437873044206275f,0f,0.994666875152874f,0.10313974730246761f,0.5046482470462754f,0.0328042582292683f,0.10308423702520247f,-0.9941315409536906f,0.3256537194642676f,0f,0f,0f,1f],start_interpolation:0}
execute if entity @s[tag=aj.tultaria.bone.right_leg] run data modify entity @s {} merge value {transformation:[-0.9994617954889659f,-0.01617351830425217f,-0.028540088711048836f,-0.12502215578905418f,0f,0.8700117073699007f,-0.4930310629557838f,0.823649486151134f,0.0328042582292683f,-0.49276571141362113f,-0.8695434631443418f,0.0013757878277655734f,0f,0f,0f,1f],start_interpolation:0}
execute if entity @s[tag=aj.tultaria.bone.lower] run data modify entity @s {} merge value {transformation:[-0.9994617954889659f,0.0014309016469349653f,-0.03277303584426252f,0f,0f,0.9990482215818578f,0.043619387365336f,0.88609f,0.0328042582292683f,0.04359591121428743f,-0.9985105293222618f,0f,0f,0f,0f,1f],start_interpolation:0}