execute if entity @s[tag=aj.tultaria.bone.head] run data modify entity @s {} merge value {transformation:[-0.6739831024178373f,0.29595688881761123f,-0.6768724382161138f,0f,-0.0959671604256705f,0.873404406990086f,0.477446380204238f,1.5042877083333335f,0.732486915770555f,0.3867483184342192f,-0.5602576696603477f,0f,0f,0f,0f,1f],start_interpolation:0}
execute if entity @s[tag=aj.tultaria.bone.bust] run data modify entity @s {} merge value {transformation:[-0.4875793644818066f,0f,-0.873078669612033f,0.6803290170469198f,0f,1f,0f,0.34803770833333336f,0.873078669612033f,0f,-0.4875793644818066f,-0.19274965256511317f,0f,0f,0f,1f],start_interpolation:0}
execute if entity @s[tag=aj.tultaria.bone.left_wing] run data modify entity @s {} merge value {transformation:[0.1393260304252829f,0.21671584476888556f,-0.9662414293912475f,-0.0786611234213912f,-0.3188359204521375f,0.9336146342704921f,0.16342389820773978f,1.4105377083333335f,0.9375136868736217f,0.28530327250503756f,0.19917361678331014f,-0.1155148374109779f,0f,0f,0f,1f],start_interpolation:0}
execute if entity @s[tag=aj.tultaria.bone.right_wing] run data modify entity @s {} merge value {transformation:[-0.87127110839046f,0.35657898766950097f,-0.3372507690675487f,-0.13960854398161704f,0.3188359204521375f,0.9336146342704921f,0.16342389820773978f,1.4105377083333335f,0.3731357816043611f,0.034858861550103926f,-0.9271216469579021f,-0.0063800037094737805f,0f,0f,0f,1f],start_interpolation:0}
execute if entity @s[tag=aj.tultaria.bone.body] run data modify entity @s {} merge value {transformation:[-0.4875793644818066f,0f,-0.873078669612033f,0.6803290170469198f,0f,1f,0f,0.34803770833333336f,0.873078669612033f,0f,-0.4875793644818066f,-0.19274965256511317f,0f,0f,0f,1f],start_interpolation:0}
execute if entity @s[tag=aj.tultaria.bone.left_hand] run data modify entity @s {} merge value {transformation:[-0.44497559454766444f,-0.8081270578431821f,-0.3859111019894021f,0.2694404893584306f,-0.8934599122347806f,0.42997939288242115f,0.12979640567397455f,1.3493139931003053f,0.06104183390406004f,0.4025523320988053f,-0.9133594661662199f,-0.5215043626878848f,0f,0f,0f,1f],start_interpolation:0}
execute if entity @s[tag=aj.tultaria.bone.left_arm] run data modify entity @s {} merge value {transformation:[-0.44497559454766444f,-0.5458234010844695f,-0.7099813624916747f,0.10665798598039519f,-0.8934599122347806f,0.32461529699793346f,0.31040988093867417f,1.3480377083333335f,0.06104183390406004f,0.7724647071442978f,-0.6321172128095416f,-0.1909859589776322f,0f,0f,0f,1f],start_interpolation:0}
execute if entity @s[tag=aj.tultaria.bone.rod] run data modify entity @s {} merge value {transformation:[0.22938211069485312f,-0.39135775300279696f,-1.0075951351896137f,0.47808372305222063f,0.983021590552116f,0.5038903265949186f,0.028072963371443937f,1.238595091183241f,0.44953019898730084f,-0.9021965683423253f,0.4527570565654054f,0.3623847177916753f,0f,0f,0f,1f],start_interpolation:0}
execute if entity @s[tag=aj.tultaria.bone.sword] run data modify entity @s {} merge value {transformation:[0.0000020758562053832864f,-0.000009755580486220238f,-7.207429440866098e-7f,0.4811922911436374f,0.000008896122991421864f,0.0000021891116169944283f,-0.000004008339562691184f,1.2476063838313194f,0.000004068146597170144f,1.9089186787018544e-7f,0.000009133112479254488f,0.4179091406543374f,0f,0f,0f,1f],start_interpolation:0}
execute if entity @s[tag=aj.tultaria.bone.right_hand] run data modify entity @s {} merge value {transformation:[0.20758562053832863f,-0.9755580486220237f,-0.07207429440866098f,0.10324016801787914f,0.8896122991421864f,0.2189111616994428f,-0.40083395626911844f,1.2705825322868922f,0.40681465971701436f,0.01908918678701854f,0.9133112479254486f,0.4837070688274883f,0f,0f,0f,1f],start_interpolation:0}
execute if entity @s[tag=aj.tultaria.bone.right_arm] run data modify entity @s {} merge value {transformation:[0.20758562053832863f,-0.73121516915293f,-0.6497942647841461f,-0.10665798598039519f,0.8896122991421864f,0.4173648643489657f,-0.18546300769135232f,1.3480377083333335f,0.40681465971701436f,-0.5395655163255167f,0.7371369521545561f,0.1909859589776322f,0f,0f,0f,1f],start_interpolation:0}
execute if entity @s[tag=aj.tultaria.bone.skirt] run data modify entity @s {} merge value {transformation:[-0.7598477081632633f,-0.15838814658235162f,-0.630511423703999f,0.0392634127512053f,0f,0.9698667001988561f,-0.2436361710530318f,0.7984811112363502f,0.6501011155189907f,-0.18512638620031902f,-0.7369509893699676f,0.04589165205454885f,0f,0f,0f,1f],start_interpolation:0}
execute if entity @s[tag=aj.tultaria.bone.left_foot] run data modify entity @s {} merge value {transformation:[-0.7598477081632633f,-0.09275130482374389f,-0.64345058540072f,0.2413173923391579f,0f,0.9897700066043393f,-0.14267212070494353f,0.3917350345290967f,0.6501011155189907f,-0.10840908393644381f,-0.7520744711270453f,0.08977752247394692f,0f,0f,0f,1f],start_interpolation:0}
execute if entity @s[tag=aj.tultaria.bone.left_leg] run data modify entity @s {} merge value {transformation:[-0.7598477081632633f,-0.15838814658235162f,-0.630511423703999f,0.09320865024637917f,0f,0.9698667001988561f,-0.2436361710530318f,0.7855971944844673f,0.6501011155189907f,-0.18512638620031902f,-0.7369509893699676f,-0.0833341451599386f,0f,0f,0f,1f],start_interpolation:0}
execute if entity @s[tag=aj.tultaria.bone.right_foot] run data modify entity @s {} merge value {transformation:[-0.7598477081632633f,-0.09275130482374383f,-0.64345058540072f,0.1380675393122596f,0f,0.9897700066043394f,-0.1426721207049434f,0.5089005386988539f,0.6501011155189907f,-0.10840908393644383f,-0.7520744711270453f,0.3536531438415068f,0f,0f,0f,1f],start_interpolation:0}
execute if entity @s[tag=aj.tultaria.bone.right_leg] run data modify entity @s {} merge value {transformation:[-0.7598477081632633f,-0.3876178425882779f,-0.5219040797945972f,-0.09675327679443665f,0f,0.8028044673911212f,-0.5962423895840165f,0.7855971944844673f,0.6501011155189907f,-0.45305341323520265f,-0.6100091346503727f,0.07919113371980908f,0f,0f,0f,1f],start_interpolation:0}
execute if entity @s[tag=aj.tultaria.bone.lower] run data modify entity @s {} merge value {transformation:[-0.7598477081632633f,0.028357012384459906f,-0.6494823633076297f,0f,0f,0.9990482215818578f,0.043619387365336f,0.8480377083333334f,0.6501011155189907f,0.033144091521036166f,-0.7591245015135587f,0f,0f,0f,0f,1f],start_interpolation:0}