execute if entity @s[tag=aj.tultaria.bone.head] run data modify entity @s {} merge value {transformation:[-0.6955357308129538f,0.2482274850487679f,-0.6742500744003326f,0f,-0.06955596060132727f,0.9107541021154909f,0.4070490557962671f,1.5356198399999998f,0.7151167845235609f,0.330015274110411f,-0.6161963188355748f,0f,0f,0f,0f,1f],start_interpolation:0}
execute if entity @s[tag=aj.tultaria.bone.bust] run data modify entity @s {} merge value {transformation:[-0.4483157619511582f,0f,-0.8938752584036278f,0.671095510177393f,0f,1f,0f,0.37936983999999996f,0.8938752584036278f,0f,-0.4483157619511582f,-0.2227797482262348f,0f,0f,0f,1f],start_interpolation:0}
execute if entity @s[tag=aj.tultaria.bone.left_wing] run data modify entity @s {} merge value {transformation:[0.08666180982804617f,0.15167961478564085f,-0.9846232909980381f,-0.08371467217850603f,-0.2215208180347024f,0.9665326229821066f,0.12939557909204313f,1.4418698399999998f,0.9712972036892538f,0.20690090181004167f,0.11736165871198173f,-0.11190667389412151f,0f,0f,0f,1f],start_interpolation:0}
execute if entity @s[tag=aj.tultaria.bone.right_wing] run data modify entity @s {} merge value {transformation:[-0.8302981232444191f,0.25653460578865744f,-0.49476764503113335f,-0.13975414242240092f,0.2215208180347024f,0.9665326229821066f,0.12939557909204313f,1.4418698399999998f,0.5114035135917936f,-0.002164426988151752f,-0.8593379786450621f,-0.00017226659366798014f,0f,0f,0f,1f],start_interpolation:0}
execute if entity @s[tag=aj.tultaria.bone.body] run data modify entity @s {} merge value {transformation:[-0.4483157619511582f,0f,-0.8938752584036278f,0.671095510177393f,0f,1f,0f,0.37936983999999996f,0.8938752584036278f,0f,-0.4483157619511582f,-0.2227797482262348f,0f,0f,0f,1f],start_interpolation:0}
execute if entity @s[tag=aj.tultaria.bone.left_hand] run data modify entity @s {} merge value {transformation:[-0.46565823330727896f,-0.7968225104076614f,-0.3850146707085019f,0.23145303228035632f,-0.8765959904619326f,0.4750039971501143f,0.07714060018873037f,1.3679195322276958f,0.12141614085123559f,0.3734234722122414f,-0.9196809398599854f,-0.5387840981914531f,0f,0f,0f,1f],start_interpolation:0}
execute if entity @s[tag=aj.tultaria.bone.left_arm] run data modify entity @s {} merge value {transformation:[-0.46565823330727896f,-0.46617994988118483f,-0.7522224831005251f,0.09806907292681585f,-0.8765959904619326f,0.3595983046332959f,0.31979451028890826f,1.3793698399999998f,0.12141614085123559f,0.8083101593037386f,-0.5761013861354246f,-0.19553521277579358f,0f,0f,0f,1f],start_interpolation:0}
execute if entity @s[tag=aj.tultaria.bone.rod] run data modify entity @s {} merge value {transformation:[0.24607688875579095f,-0.2138816419985421f,-0.9648339477134279f,0.5127321044277428f,0.9177613472620915f,0.4182546788078111f,0.14135371148663078f,1.2459717012535176f,0.36655697090076056f,-0.9036157399555311f,0.2937997961413123f,0.37995839261690234f,0f,0f,0f,1f],start_interpolation:0}
execute if entity @s[tag=aj.tultaria.bone.sword] run data modify entity @s {} merge value {transformation:[0.000002416232883057396f,-0.000009576115646212895f,-0.0000015683838130983009f,0.5129310330633988f,0.000009011513260208747f,0.000002813871369665235f,-0.0000032976895966813225f,1.2586747602072264f,0.00000359922872514572f,-6.165525487214408e-7f,0.000009309426165921883f,0.4348439175357416f,0f,0f,0f,1f],start_interpolation:0}
execute if entity @s[tag=aj.tultaria.bone.right_hand] run data modify entity @s {} merge value {transformation:[0.24162328830573956f,-0.9576115646212895f,-0.15683838130983008f,0.1340229700310304f,0.9011513260208747f,0.2813871369665235f,-0.32976895966813224f,1.3102707576574475f,0.35992287251457195f,-0.06165525487214407f,0.9309426165921882f,0.4732054991138719f,0f,0f,0f,1f],start_interpolation:0}
execute if entity @s[tag=aj.tultaria.bone.right_arm] run data modify entity @s {} merge value {transformation:[0.24162328830573956f,-0.7702445088679478f,-0.5902046959378547f,-0.09806907292681585f,0.9011513260208747f,0.4037098656760665f,-0.1579386968625221f,1.3793698399999998f,0.35992287251457195f,-0.49370207708149894f,0.791652565792768f,0.19553521277579358f,0f,0f,0f,1f],start_interpolation:0}
execute if entity @s[tag=aj.tultaria.bone.skirt] run data modify entity @s {} merge value {transformation:[-0.7547329512939546f,-0.09455546873424002f,-0.6491821281917466f,0.0396216222080979f,0f,0.9895584163580287f,-0.14413237184959712f,0.8298132429030168f,0.6560321426813759f,-0.10878145038304414f,-0.7468523440556669f,0.04558274193997166f,0f,0f,0f,1f],start_interpolation:0}
execute if entity @s[tag=aj.tultaria.bone.left_foot] run data modify entity @s {} merge value {transformation:[-0.7547329512939546f,0.039203142902463864f,-0.6548597451498193f,0.2150689199972095f,0f,0.9982128962054134f,0.059757960550881395f,0.402014065475696f,0.6560321426813759f,0.045101301929874424f,-0.7533841651727976f,0.05688684790437605f,0f,0f,0f,1f],start_interpolation:0}
execute if entity @s[tag=aj.tultaria.bone.left_leg] run data modify entity @s {} merge value {transformation:[-0.7547329512939546f,-0.09455546873424002f,-0.6491821281917466f,0.09255313640201118f,0f,0.9895584163580287f,-0.14413237184959712f,0.8169293261511339f,0.6560321426813759f,-0.10878145038304414f,-0.7468523440556669f,-0.08406157964516413f,0f,0f,0f,1f],start_interpolation:0}
execute if entity @s[tag=aj.tultaria.bone.right_foot] run data modify entity @s {} merge value {transformation:[-0.7547329512939546f,0.03920314290246385f,-0.6548597451498193f,0.12122529174403471f,0f,0.9982128962054134f,0.05975796055088134f,0.5050647789624856f,0.6560321426813759f,0.04510130192987438f,-0.7533841651727976f,0.3300032241173173f,0f,0f,0f,1f],start_interpolation:0}
execute if entity @s[tag=aj.tultaria.bone.right_leg] run data modify entity @s {} merge value {transformation:[-0.7547329512939546f,-0.33578910729706657f,-0.5635812697843642f,-0.09613010142147746f,0f,0.8590756963231395f,-0.5118485596218018f,0.8169293261511339f,0.6560321426813759f,-0.3863089740189221f,-0.6483727356708722f,0.07994645602517984f,0f,0f,0f,1f],start_interpolation:0}
execute if entity @s[tag=aj.tultaria.bone.lower] run data modify entity @s {} merge value {transformation:[-0.7547329512939546f,0.02861572015573031f,-0.6554077454463642f,0f,0f,0.9990482215818578f,0.043619387365336f,0.87936984f,0.6560321426813759f,0.032920988959874276f,-0.7540146127594523f,0f,0f,0f,0f,1f],start_interpolation:0}