execute if entity @s[tag=aj.tultaria.bone.head] run data modify entity @s {} merge value {transformation:[-0.9890108206831414f,-0.015378339862680883f,0.1470411617021809f,0f,0.007332383658246212f,0.9882493223149199f,0.15267453322014707f,1.4831699999999999f,-0.1476612092648144f,0.1520749276086278f,-0.9772765134143371f,0f,0f,0f,0f,1f],start_interpolation:0}
execute if entity @s[tag=aj.tultaria.bone.bust] run data modify entity @s {} merge value {transformation:[-0.9011175769250064f,0f,0.4335748061832064f,0.2337713853709f,0f,1f,0f,0.32692f,-0.4335748061832064f,0f,-0.9011175769250064f,0.6673461915541063f,0f,0f,0f,1f],start_interpolation:0}
execute if entity @s[tag=aj.tultaria.bone.left_wing] run data modify entity @s {} merge value {transformation:[-0.8902448782664154f,-0.29951521597370234f,-0.34315403555931173f,0.1105166993307137f,-0.3733182661981264f,0.9114352738537052f,0.1729717135778168f,1.3894199999999999f,0.2609550322244042f,0.2820928516915093f,-0.9232150855468686f,-0.08554127172917547f,0f,0f,0f,1f],start_interpolation:0}
execute if entity @s[tag=aj.tultaria.bone.right_wing] run data modify entity @s {} merge value {transformation:[-0.35162450727308997f,-0.03352319954502078f,0.9355406997972997f,-0.002122997784912123f,0.3733182661981264f,0.9114352738537052f,0.1729717135778168f,1.3894199999999999f,-0.8584833591909521f,0.41007552556509164f,-0.30796815634856184f,-0.1397381225020763f,0f,0f,0f,1f],start_interpolation:0}
execute if entity @s[tag=aj.tultaria.bone.body] run data modify entity @s {} merge value {transformation:[-0.9011175769250064f,0f,0.4335748061832064f,0.2337713853709f,0f,1f,0f,0.32692f,-0.4335748061832064f,0f,-0.9011175769250064f,0.6673461915541063f,0f,0f,0f,1f],start_interpolation:0}
execute if entity @s[tag=aj.tultaria.bone.left_hand] run data modify entity @s {} merge value {transformation:[-0.26649047590328606f,-0.8348579665237579f,0.4816585948414662f,0.5654046951972795f,-0.824476670862876f,0.4562891490484295f,0.33472142396854243f,1.3278618619565732f,-0.4992204377383889f,-0.3079162031989805f,-0.8099176293622798f,0.08448624274897978f,0f,0f,0f,1f],start_interpolation:0}
execute if entity @s[tag=aj.tultaria.bone.left_arm] run data modify entity @s {} merge value {transformation:[-0.26649047590328606f,-0.9362092705044132f,0.22911793485983242f,0.19711946995234514f,-0.824476670862876f,0.34454861321455243f,0.44891477179393124f,1.3269199999999999f,-0.4992204377383889f,-0.06927088099283213f,-0.8637016264838038f,0.09484448885257639f,0f,0f,0f,1f],start_interpolation:0}
execute if entity @s[tag=aj.tultaria.bone.rod] run data modify entity @s {} merge value {transformation:[-0.161717180779493f,-0.9449561523094258f,0.32019529846220046f,-0.7791625029193058f,0.9902785507949452f,-0.11244681290712931f,0.16829649909161057f,1.2773914620060367f,-0.12171914713879738f,0.34063644840738017f,0.9438065822721359f,-0.5029864419607648f,0f,0f,0f,1f],start_interpolation:0}
execute if entity @s[tag=aj.tultaria.bone.sword] run data modify entity @s {} merge value {transformation:[-0.0000015999689417334128f,0.000008074815970205934f,0.000005677802958257328f,-0.7575477044953914f,0.000009797443396549751f,0.0000020007388946986243f,-8.453855122884134e-8f,1.3076121981613698f,-0.0000012042434458581077f,0.000005549269404394363f,-0.00000823136724976844f,-0.545334236712361f,0f,0f,0f,1f],start_interpolation:0}
execute if entity @s[tag=aj.tultaria.bone.right_hand] run data modify entity @s {} merge value {transformation:[-0.15999689417334126f,0.8074815970205933f,0.5677802958257328f,-0.40538436705836667f,0.979744339654975f,0.20007388946986243f,-0.008453855122884133f,1.3513624386668748f,-0.12042434458581075f,0.5549269404394362f,-0.823136724976844f,-0.3977809299180817f,0f,0f,0f,1f],start_interpolation:0}
execute if entity @s[tag=aj.tultaria.bone.right_arm] run data modify entity @s {} merge value {transformation:[-0.15999689417334126f,0.7403046073373099f,0.6529548852792482f,-0.19711946995234514f,0.979744339654975f,0.19979340377553634f,0.013550819968656952f,1.3269199999999999f,-0.12042434458581075f,0.6418969420108942f,-0.757275572739634f,-0.09484448885257639f,0f,0f,0f,1f],start_interpolation:0}
execute if entity @s[tag=aj.tultaria.bone.skirt] run data modify entity @s {} merge value {transformation:[-0.7803110371803926f,0.19346424700053325f,0.5947152851465788f,-0.03777106197369177f,0f,0.9509485910757393f,-0.30934895689345177f,0.7773634029030169f,-0.6253916255071376f,-0.24138840540420198f,-0.7420356814075431f,0.04712755230803764f,0f,0f,0f,1f],start_interpolation:0}
execute if entity @s[tag=aj.tultaria.bone.left_foot] run data modify entity @s {} merge value {transformation:[-0.7803110371803926f,0.1728009443165912f,0.601044523224157f,-0.059736189085504515f,0f,0.961069030524294f,-0.27630837585403356f,0.3871080971671794f,-0.6253916255071376f,-0.21560647534429078f,-0.7499327720103662f,0.27440854764140976f,0f,0f,0f,1f],start_interpolation:0}
execute if entity @s[tag=aj.tultaria.bone.left_leg] run data modify entity @s {} merge value {transformation:[-0.7803110371803926f,0.19346424700053325f,0.5947152851465788f,0.09924382962055114f,0f,0.9509485910757393f,-0.30934895689345177f,0.7644794861511339f,-0.6253916255071376f,-0.24138840540420198f,-0.7420356814075431f,0.07604666010112852f,0f,0f,0f,1f],start_interpolation:0}
execute if entity @s[tag=aj.tultaria.bone.right_foot] run data modify entity @s {} merge value {transformation:[-0.7803110371803926f,0.17280094431659124f,0.601044523224157f,-0.3330274826625176f,0f,0.9610690305242938f,-0.27630837585403367f,0.5131152578403184f,-0.6253916255071376f,-0.21560647534429078f,-0.7499327720103661f,0.2156489068695166f,0f,0f,0f,1f],start_interpolation:0}
execute if entity @s[tag=aj.tultaria.bone.right_leg] run data modify entity @s {} merge value {transformation:[-0.7803110371803926f,0.40632534467637665f,0.4754097175364462f,-0.09583392967454701f,0f,0.7601792191427743f,-0.6497134405131866f,0.7644794861511339f,-0.6253916255071376f,-0.506978568636886f,-0.5931762349322792f,-0.08030124627565587f,0f,0f,0f,1f],start_interpolation:0}
execute if entity @s[tag=aj.tultaria.bone.lower] run data modify entity @s {} merge value {transformation:[-0.7803110371803926f,-0.02727919956803298f,0.624796391255093f,0f,0f,0.9990482215818578f,0.043619387365336f,0.82692f,-0.6253916255071376f,0.03403668939621865f,-0.7795683539757662f,0f,0f,0f,0f,1f],start_interpolation:0}