execute if entity @s[tag=aj.tultaria.bone.head] run data modify entity @s {} merge value {transformation:[-0.6870786827581545f,0.2980874742512695f,-0.6626211145095044f,0f,-0.10774071148761986f,0.8600885118204553f,0.498637835430301f,1.48744576f,0.7185505012088298f,0.41399469746480233f,-0.5588323251956406f,0f,0f,0f,0f,1f],start_interpolation:0}
execute if entity @s[tag=aj.tultaria.bone.bust] run data modify entity @s {} merge value {transformation:[-0.5752908051330228f,0f,-0.8179489528872803f,0.6966198790101515f,0f,1f,0f,0.33119575999999995f,0.8179489528872803f,0f,-0.5752908051330228f,-0.12132907387712877f,0f,0f,0f,1f],start_interpolation:0}
execute if entity @s[tag=aj.tultaria.bone.left_wing] run data modify entity @s {} merge value {transformation:[0.09730370820864542f,0.22068082879560194f,-0.9704802729426977f,-0.06628794379009617f,-0.3630623204304768f,0.915781884265205f,0.1718408913364584f,1.39369576f,0.9266702433187787f,0.33562406387766197f,0.16922986702635706f,-0.12303316019708288f,0f,0f,0f,1f],start_interpolation:0}
execute if entity @s[tag=aj.tultaria.bone.right_wing] run data modify entity @s {} merge value {transformation:[-0.905001673936471f,0.3904695106126743f,-0.16883581211959708f,-0.13819929443172396f,0.3630623204304768f,0.915781884265205f,0.1718408913364584f,1.39369576f,0.2217154068977235f,0.09421837259032516f,-0.9705489048010965f,-0.020789541086172814f,0f,0f,0f,1f],start_interpolation:0}
execute if entity @s[tag=aj.tultaria.bone.body] run data modify entity @s {} merge value {transformation:[-0.5752908051330228f,0f,-0.8179489528872803f,0.6966198790101515f,0f,1f,0f,0.33119575999999995f,0.8179489528872803f,0f,-0.5752908051330228f,-0.12132907387712877f,0f,0f,0f,1f],start_interpolation:0}
execute if entity @s[tag=aj.tultaria.bone.left_hand] run data modify entity @s {} merge value {transformation:[-0.44849712219198923f,-0.8076389768965805f,-0.3828441123785872f,0.3118873297540168f,-0.8934712525684424f,0.41646327711579534f,0.1681292944366053f,1.3343173401041528f,0.02365274232055034f,0.4174657133363368f,-0.9083847895959622f,-0.49692105672340503f,0f,0f,0f,1f],start_interpolation:0}
execute if entity @s[tag=aj.tultaria.bone.left_arm] run data modify entity @s {} merge value {transformation:[-0.44849712219198923f,-0.5996530214273029f,-0.6627718953596405f,0.12584486362284875f,-0.8934712525684424f,0.3204216022937386f,0.31470481028622954f,1.33119576f,0.02365274232055034f,0.7333118372674885f,-0.6794809026779913f,-0.17892633344409256f,0f,0f,0f,1f],start_interpolation:0}
execute if entity @s[tag=aj.tultaria.bone.rod] run data modify entity @s {} merge value {transformation:[0.13890641727084577f,-0.05681176532784016f,-1.063188246993594f,0.40078275057614815f,0.9593451010778088f,0.47172265066274954f,0.10013259146610784f,1.2065279847467667f,0.4617941124169803f,-0.9628821226692514f,0.11178565903088572f,0.49748705210988026f,0f,0f,0f,1f],start_interpolation:0}
execute if entity @s[tag=aj.tultaria.bone.sword] run data modify entity @s {} merge value {transformation:[0.0000012936834772944895f,-0.000009350587690349085f,-0.0000033004382899347475f,0.38935470695862423f,0.000008934712525684426f,0.0000025428310975668947f,-0.000003702015949806885f,1.2170957616248108f,0.000004300848188898681f,-0.0000024699230462382647f,0.000008683443153594548f,0.5516308424826631f,0f,0f,0f,1f],start_interpolation:0}
execute if entity @s[tag=aj.tultaria.bone.right_hand] run data modify entity @s {} merge value {transformation:[0.12936834772944894f,-0.9350587690349084f,-0.33004382899347473f,0.00888023356387313f,0.8934712525684426f,0.25428310975668944f,-0.37020159498068844f,1.2556089515329392f,0.4300848188898681f,-0.24699230462382643f,0.8683443153594547f,0.5134079772958773f,0f,0f,0f,1f],start_interpolation:0}
execute if entity @s[tag=aj.tultaria.bone.right_arm] run data modify entity @s {} merge value {transformation:[0.12936834772944894f,-0.5766499389115621f,-0.8066837537468099f,-0.12584486362284875f,0.8934712525684426f,0.4206354407658508f,-0.1574005934089725f,1.33119576f,0.4300848188898681f,-0.7003860891858218f,0.5696370551811559f,0.17892633344409256f,0f,0f,0f,1f],start_interpolation:0}
execute if entity @s[tag=aj.tultaria.bone.skirt] run data modify entity @s {} merge value {transformation:[-0.8191520442889919f,-0.16986514719666285f,-0.5478464749407643f,0.03464163931919707f,0f,0.95514118122779f,-0.29615084656772805f,0.7816391629030168f,0.5735764363510459f,-0.24259257138387003f,-0.7824058511873467f,0.049473388143990576f,0f,0f,0f,1f],start_interpolation:0}
execute if entity @s[tag=aj.tultaria.bone.left_foot] run data modify entity @s {} merge value {transformation:[-0.8191520442889919f,-0.14315766476847389f,-0.5554239924194873f,0.24362712600470793f,0f,0.9683521797948325f,-0.24958777190919523f,0.38789983518494175f,0.5735764363510459f,-0.20445033358895187f,-0.7932276676706385f,0.13000474493929642f,0f,0f,0f,1f],start_interpolation:0}
execute if entity @s[tag=aj.tultaria.bone.left_leg] run data modify entity @s {} merge value {transformation:[-0.8191520442889919f,-0.16986514719666285f,-0.5478464749407643f,0.10083031473857242f,0f,0.95514118122779f,-0.29615084656772805f,0.7687552461511339f,0.5735764363510459f,-0.24259257138387003f,-0.7824058511873467f,-0.07393023643956502f,0f,0f,0f,1f],start_interpolation:0}
execute if entity @s[tag=aj.tultaria.bone.right_foot] run data modify entity @s {} merge value {transformation:[-0.8191520442889919f,-0.14315766476847394f,-0.5554239924194873f,0.11156643183668967f,0f,0.9683521797948323f,-0.24958777190919534f,0.5121630751437662f,0.5735764363510459f,-0.20445033358895198f,-0.7932276676706382f,0.3772642266995357f,0f,0f,0f,1f],start_interpolation:0}
execute if entity @s[tag=aj.tultaria.bone.right_leg] run data modify entity @s {} merge value {transformation:[-0.8191520442889919f,-0.3665867022214606f,-0.44113956758780953f,-0.10395769633367556f,0f,0.7691033655326436f,-0.6391244113053114f,0.7687552461511339f,0.5735764363510459f,-0.5235400680757443f,-0.6300125941456087f,0.06946387264819646f,0f,0f,0f,1f],start_interpolation:0}
execute if entity @s[tag=aj.tultaria.bone.lower] run data modify entity @s {} merge value {transformation:[-0.8191520442889919f,0.02501905276082526f,-0.5730305186777721f,0f,0f,0.9990482215818578f,0.043619387365336f,0.83119576f,0.5735764363510459f,0.03573091033094841f,-0.8183723930520606f,0f,0f,0f,0f,1f],start_interpolation:0}