execute if entity @s[tag=aj.tultaria.bone.head] run data modify entity @s {} merge value {transformation:[-0.9009738902827226f,0.08860827046517397f,-0.4247288822696037f,0f,-0.029395411620936732f,0.9642080437621041f,0.26351234908461496f,1.15625f,0.4328763782010425f,0.24990282661391974f,-0.8661215956468935f,0f,0f,0f,0f,1f],start_interpolation:0}
execute if entity @s[tag=aj.tultaria.bone.bust] run data modify entity @s {} merge value {transformation:[-0.9228675144086058f,0f,-0.38511758055077355f,0.6539925474796897f,0f,1f,0f,0f,0.38511758055077355f,0f,-0.9228675144086058f,0.2688749669289161f,0f,0f,0f,1f],start_interpolation:0}
execute if entity @s[tag=aj.tultaria.bone.left_wing] run data modify entity @s {} merge value {transformation:[-0.705240290192367f,0f,-0.7089683583132507f,0.009539522081691176f,0f,1f,0f,1.0625f,0.7089683583132507f,0f,-0.705240290192367f,-0.13942828808549906f,0f,0f,0f,1f],start_interpolation:0}
execute if entity @s[tag=aj.tultaria.bone.right_wing] run data modify entity @s {} merge value {transformation:[-0.9999965253709849f,0f,-0.0026361422490023267f,-0.10581891721938463f,0f,1f,0f,1.0625f,0.0026361422490023267f,0f,-0.9999965253709849f,-0.09128859051665239f,0f,0f,0f,1f],start_interpolation:0}
execute if entity @s[tag=aj.tultaria.bone.body] run data modify entity @s {} merge value {transformation:[-0.9228675144086058f,0f,-0.38511758055077355f,0.6539925474796897f,0f,1f,0f,0f,0.38511758055077355f,0f,-0.9228675144086058f,0.2688749669289161f,0f,0f,0f,1f],start_interpolation:0}
execute if entity @s[tag=aj.tultaria.bone.left_hand] run data modify entity @s {} merge value {transformation:[-0.9706921749227073f,-0.23945499229024939f,-0.020445249108305474f,0.32692102165970865f,-0.20099585969729644f,0.8555284214779186f,-0.47714964573815355f,0.7246209885174761f,0.13174735643787616f,-0.4590560169639183f,-0.8785842061867796f,-0.2946551344483622f,0f,0f,0f,1f],start_interpolation:0}
execute if entity @s[tag=aj.tultaria.bone.left_arm] run data modify entity @s {} merge value {transformation:[-0.9706921749227073f,-0.15019602791070946f,-0.18761091317849676f,0.20187726877688253f,-0.20099585969729644f,0.9353244330600585f,0.29115093904266354f,1f,0.13174735643787616f,0.32032695503301845f,-0.9381008879384485f,-0.08424447074548172f,0f,0f,0f,1f],start_interpolation:0}
execute if entity @s[tag=aj.tultaria.bone.rod] run data modify entity @s {} merge value {transformation:[-0.13117361655494553f,-0.1227379037039345f,-1.0788966362975927f,0.18849637400788125f,0.977234182496734f,0.4604295685941603f,-0.17119295378062596f,0.9253164019042341f,0.4733876819054717f,-0.9844943279971495f,0.05444339502276396f,0.5631947236337911f,0f,0f,0f,1f],start_interpolation:0}
execute if entity @s[tag=aj.tultaria.bone.right_hand] run data modify entity @s {} merge value {transformation:[-0.11993016370737877f,-0.8200401320295252f,-0.5595989078743098f,-0.1889685389874794f,0.8934712525684425f,0.15658235175437388f,-0.42094071786042275f,0.9314171940795715f,0.4328115948850027f,-0.5504690263584939f,0.7139033368412224f,0.4460067558545088f,0f,0f,0f,1f],start_interpolation:0}
execute if entity @s[tag=aj.tultaria.bone.right_arm] run data modify entity @s {} merge value {transformation:[-0.11993016370737877f,-0.3260053946752369f,-0.9377298323481899f,-0.20187726877688253f,0.8934712525684425f,0.37634050961792087f,-0.2451059804539703f,1f,0.4328115948850027f,-0.8672302482404349f,0.24614186939635793f,0.08424447074548172f,0f,0f,0f,1f],start_interpolation:0}
execute if entity @s[tag=aj.tultaria.bone.skirt] run data modify entity @s {} merge value {transformation:[-0.9800253494368182f,0f,-0.1988726086248238f,0.012429538039051488f,0f,1f,0f,0.453125f,0.1988726086248238f,0f,-0.9800253494368182f,0.061251584339801136f,0f,0f,0f,1f],start_interpolation:0}
execute if entity @s[tag=aj.tultaria.bone.left_foot] run data modify entity @s {} merge value {transformation:[-0.9800253494368182f,0.07610525247194672f,-0.18373433268560233f,0.14736224475770526f,0f,0.9238795325112867f,0.3826834323650897f,0f,0.1988726086248238f,0.37503946452727804f,-0.905425361686898f,0.0976440926014993f,0f,0f,0f,1f],start_interpolation:0}
execute if entity @s[tag=aj.tultaria.bone.left_leg] run data modify entity @s {} merge value {transformation:[-0.9800253494368182f,0f,-0.1988726086248238f,0.12250316867960227f,0f,1f,0f,0.4375f,0.1988726086248238f,0f,-0.9800253494368182f,-0.024859076078102976f,0f,0f,0f,1f],start_interpolation:0}
execute if entity @s[tag=aj.tultaria.bone.right_foot] run data modify entity @s {} merge value {transformation:[-0.9800253494368182f,0.07610525247194676f,-0.1837343326856023f,-0.0662403291374253f,0f,0.9238795325112867f,0.38268343236508984f,0.08113813357194827f,0.1988726086248238f,0.3750394645272782f,-0.9054253616868979f,0.30211701201964936f,0f,0f,0f,1f],start_interpolation:0}
execute if entity @s[tag=aj.tultaria.bone.right_leg] run data modify entity @s {} merge value {transformation:[-0.9800253494368182f,-0.07610525247194672f,-0.18373433268560233f,-0.12250316867960227f,0f,0.9238795325112867f,-0.3826834323650897f,0.4375f,0.1988726086248238f,-0.37503946452727804f,-0.905425361686898f,0.024859076078102976f,0f,0f,0f,1f],start_interpolation:0}
execute if entity @s[tag=aj.tultaria.bone.lower] run data modify entity @s {} merge value {transformation:[-0.9800253494368182f,0f,-0.1988726086248238f,0f,0f,1f,0f,0.5f,0.1988726086248238f,0f,-0.9800253494368182f,0f,0f,0f,0f,1f],start_interpolation:0}