execute if entity @s[tag=aj.tultaria.bone.head] run data modify entity @s {} merge value {transformation:[-0.8746780777244173f,0.11137189293504843f,-0.47173569062811266f,0f,-0.033534818044551475f,0.9570073220630979f,0.2881187281249466f,1.15625f,0.4835428381509099f,0.2678307058230669f,-0.8333384886654887f,0f,0f,0f,0f,1f],start_interpolation:0}
execute if entity @s[tag=aj.tultaria.bone.bust] run data modify entity @s {} merge value {transformation:[-0.8942641969263299f,0f,-0.4475394352408582f,0.670901816083594f,0f,1f,0f,0f,0.4475394352408582f,0f,-0.8942641969263299f,0.22336238084273582f,0f,0f,0f,1f],start_interpolation:0}
execute if entity @s[tag=aj.tultaria.bone.left_wing] run data modify entity @s {} merge value {transformation:[-0.6549264610011735f,0f,-0.7556926165316677f,-0.000050917097211611306f,0f,1f,0f,1.0625f,0.7556926165316677f,0f,-0.6549264610011735f,-0.13975423931834488f,0f,0f,0f,1f],start_interpolation:0}
execute if entity @s[tag=aj.tultaria.bone.right_wing] run data modify entity @s {} merge value {transformation:[-0.9974583153945843f,0f,-0.07125243188971092f,-0.11183394171300287f,0f,1f,0f,1.0625f,0.07125243188971092f,0f,-0.9974583153945843f,-0.08381180991323764f,0f,0f,0f,1f],start_interpolation:0}
execute if entity @s[tag=aj.tultaria.bone.body] run data modify entity @s {} merge value {transformation:[-0.8942641969263299f,0f,-0.4475394352408582f,0.670901816083594f,0f,1f,0f,0f,0.4475394352408582f,0f,-0.8942641969263299f,0.22336238084273582f,0f,0f,0f,1f],start_interpolation:0}
execute if entity @s[tag=aj.tultaria.bone.left_hand] run data modify entity @s {} merge value {transformation:[-0.960581426414111f,-0.265175980483213f,-0.08345671095243422f,0.30391363368534297f,-0.1932912152338564f,0.8528459118352376f,-0.48506943500837196f,0.7225963458921977f,0.19980447778178181f,-0.4498172407108122f,-0.8704841300205653f,-0.31483692123452467f,0f,0f,0f,1f],start_interpolation:0}
execute if entity @s[tag=aj.tultaria.bone.left_arm] run data modify entity @s {} merge value {transformation:[-0.960581426414111f,-0.12128075443429291f,-0.25014855952429604f,0.19562029307763465f,-0.1932912152338564f,0.9380967794760855f,0.28742466569523173f,1f,0.19980447778178181f,0.32444631441957456f,-0.9245608469527054f,-0.09789925145893773f,0f,0f,0f,1f],start_interpolation:0}
execute if entity @s[tag=aj.tultaria.bone.rod] run data modify entity @s {} merge value {transformation:[-0.09619303232815746f,-0.05468809998055729f,-1.063704626296754f,0.20398726054326155f,0.9555178673301399f,0.4674394258532619f,-0.11044187667692207f,0.9106727879242176f,0.470578288382987f,-0.9603233906510741f,0.0068175966475650385f,0.5740232709877493f,0f,0f,0f,1f],start_interpolation:0}
execute if entity @s[tag=aj.tultaria.bone.right_hand] run data modify entity @s {} merge value {transformation:[-0.08994673152762775f,-0.8174770588255934f,-0.5688944047724094f,-0.1736784371128872f,0.8934712525684425f,0.1861351456106544f,-0.4087331995351967f,0.9293818175863134f,0.440021256669806f,-0.5450550117762036f,0.7136500037247718f,0.4588338920372695f,0f,0f,0f,1f],start_interpolation:0}
execute if entity @s[tag=aj.tultaria.bone.right_arm] run data modify entity @s {} merge value {transformation:[-0.08994673152762775f,-0.3433335785469292f,-0.9348965928538066f,-0.19562029307763465f,0.8934712525684425f,0.38691271704875585f,-0.2280519024689946f,1f,0.440021256669806f,-0.8558157530848032f,0.27195714818812106f,0.09789925145893773f,0f,0f,0f,1f],start_interpolation:0}