execute if entity @s[tag=aj.tultaria.bone.head] run data modify entity @s {} merge value {transformation:[-0.9984870126780627f,-0.002485243480308404f,0.05493185849834176f,0f,0.0017162875369810112f,0.9970828943407397f,0.07630698637859948f,1.15625f,-0.054961257903441946f,0.0762858137397573f,-0.99557005517027f,0f,0f,0f,0f,1f],start_interpolation:0}
execute if entity @s[tag=aj.tultaria.bone.bust] run data modify entity @s {} merge value {transformation:[-0.9813299804535452f,0f,0.19233166526353462f,0.3944991575950053f,0f,1f,0f,0f,-0.19233166526353462f,0f,-0.9813299804535452f,0.5868308228585399f,0f,0f,0f,1f],start_interpolation:0}
execute if entity @s[tag=aj.tultaria.bone.left_wing] run data modify entity @s {} merge value {transformation:[-0.9802328253962744f,0f,-0.19784743621193748f,0.08537458193628844f,0f,1f,0f,1.0625f,0.19784743621193748f,0f,-0.9802328253962744f,-0.1106455184777222f,0f,0f,0f,1f],start_interpolation:0}
execute if entity @s[tag=aj.tultaria.bone.right_wing] run data modify entity @s {} merge value {transformation:[-0.8330285417651886f,0f,0.5532300141935208f,-0.03729166562040476f,0f,1f,0f,1.0625f,-0.5532300141935208f,0f,-0.8330285417651886f,-0.1346869766356641f,0f,0f,0f,1f],start_interpolation:0}
execute if entity @s[tag=aj.tultaria.bone.body] run data modify entity @s {} merge value {transformation:[-0.9813299804535452f,0f,0.19233166526353462f,0.3944991575950053f,0f,1f,0f,0f,-0.19233166526353462f,0f,-0.9813299804535452f,0.5868308228585399f,0f,0f,0f,1f],start_interpolation:0}
execute if entity @s[tag=aj.tultaria.bone.left_hand] run data modify entity @s {} merge value {transformation:[-0.33792711973540707f,-0.9075884259197334f,0.2491756627037891f,0.5579193428486158f,-0.8340889067993696f,0.411440347243638f,0.36744052064826405f,1.0400929205948093f,-0.43600568494179565f,-0.08366653928886567f,-0.8960462894861294f,-0.08564527000036225f,0f,0f,0f,1f],start_interpolation:0}
execute if entity @s[tag=aj.tultaria.bone.left_arm] run data modify entity @s {} merge value {transformation:[-0.33792711973540707f,-0.935218816637732f,-0.10569307808012879f,0.214665933224213f,-0.8340889067993696f,0.2455609401760822f,0.49395902685756365f,1f,-0.43600568494179565f,0.25507957516539614f,-0.8630373416207879f,0.042072551776398195f,0f,0f,0f,1f],start_interpolation:0}
execute if entity @s[tag=aj.tultaria.bone.rod] run data modify entity @s {} merge value {transformation:[-0.3804066730966388f,-0.8121902471160394f,0.6782426366685519f,-0.7079571800582274f,1.0052304765486735f,-0.502446769552986f,-0.037871380031241034f,1.0913971589875686f,0.33042058156726406f,0.5935230028375739f,0.8960624939262861f,-0.5690065105134038f,0f,0f,0f,1f],start_interpolation:0}
execute if entity @s[tag=aj.tultaria.bone.right_hand] run data modify entity @s {} merge value {transformation:[-0.3383063298290266f,0.6025851331918942f,0.7228000999264741f,-0.39163774262045775f,0.8939796728199666f,-0.03404807685612088f,0.44681212276202315f,1.1344806455117762f,0.2938522958602151f,0.797327966221245f,-0.5271801802981345f,-0.33590604571770366f,0f,0f,0f,1f],start_interpolation:0}
execute if entity @s[tag=aj.tultaria.bone.right_arm] run data modify entity @s {} merge value {transformation:[-0.3383063298290266f,0.6164695021172415f,0.7109952040323015f,-0.214665933224213f,0.8939796728199666f,-0.02538896069039054f,0.447387690107548f,1f,0.2938522958602151f,0.7869693473283328f,-0.5425219576969197f,-0.042072551776398195f,0f,0f,0f,1f],start_interpolation:0}
execute if entity @s[tag=aj.tultaria.bone.skirt] run data modify entity @s {} merge value {transformation:[-0.9998194161946289f,0f,0.01900355230559516f,-0.0011877220190996975f,0f,1f,0f,0.453125f,-0.01900355230559516f,0f,-0.9998194161946289f,0.062488713512164305f,0f,0f,0f,1f],start_interpolation:0}
execute if entity @s[tag=aj.tultaria.bone.left_foot] run data modify entity @s {} merge value {transformation:[-0.9998194161946289f,0f,0.01900355230559516f,0.12260198298612922f,0f,1f,0f,0f,-0.01900355230559516f,0f,-0.9998194161946289f,0.12735287106252802f,0f,0f,0f,1f],start_interpolation:0}
execute if entity @s[tag=aj.tultaria.bone.left_leg] run data modify entity @s {} merge value {transformation:[-0.9998194161946289f,0f,0.01900355230559516f,0.12497742702432861f,0f,1f,0f,0.4375f,-0.01900355230559516f,0f,-0.9998194161946289f,0.002375444038199395f,0f,0f,0f,1f],start_interpolation:0}
execute if entity @s[tag=aj.tultaria.bone.right_foot] run data modify entity @s {} merge value {transformation:[-0.9998194161946289f,0f,0.01900355230559516f,-0.12735287106252802f,0f,1f,0f,0f,-0.01900355230559516f,0f,-0.9998194161946289f,0.12260198298612922f,0f,0f,0f,1f],start_interpolation:0}
execute if entity @s[tag=aj.tultaria.bone.right_leg] run data modify entity @s {} merge value {transformation:[-0.9998194161946289f,0f,0.01900355230559516f,-0.12497742702432861f,0f,1f,0f,0.4375f,-0.01900355230559516f,0f,-0.9998194161946289f,-0.002375444038199395f,0f,0f,0f,1f],start_interpolation:0}
execute if entity @s[tag=aj.tultaria.bone.lower] run data modify entity @s {} merge value {transformation:[-0.9998194161946289f,0f,0.01900355230559516f,0f,0f,1f,0f,0.5f,-0.01900355230559516f,0f,-0.9998194161946289f,0f,0f,0f,0f,1f],start_interpolation:0}