execute if entity @s[tag=aj.tultaria.bone.head] run data modify entity @s {} merge value {transformation:[-0.9997289648716141f,0.007803481115709249f,-0.02193404839986801f,0f,0.004188629337548726f,0.9870666080806845f,0.16025594090817702f,1.5478838194444444f,0.022900920964092436f,0.16012063232003945f,-0.9868317642457742f,0f,0f,0f,0f,1f],start_interpolation:0}
execute if entity @s[tag=aj.tultaria.bone.bust] run data modify entity @s {} merge value {transformation:[-0.9860352639078057f,0f,-0.16653665761706626f,0.576285960762436f,0f,1f,0f,0.3916338194444444f,0.16653665761706626f,0f,-0.9860352639078057f,0.4097493031453697f,0f,0f,0f,1f],start_interpolation:0}
execute if entity @s[tag=aj.tultaria.bone.left_wing] run data modify entity @s {} merge value {transformation:[-0.7624289810157269f,-0.0674625326257296f,-0.6435455349849322f,0.04081012179210464f,-0.17868324808801916f,0.9778295474758542f,0.10918641369640111f,1.4541338194444444f,0.6219118472581429f,0.1982376926189584f,-0.7575800099428942f,-0.13366294908954235f,0f,0f,0f,1f],start_interpolation:0}
execute if entity @s[tag=aj.tultaria.bone.right_wing] run data modify entity @s {} merge value {transformation:[-0.9243874254322327f,0.12882608530819034f,0.35904279333658135f,-0.08244428619637112f,0.17868324808801916f,0.9778295474758542f,0.10918641369640111f,1.4541338194444444f,-0.337016593887428f,0.16508548036497067f,-0.9269124012641019f,-0.11284586688740905f,0f,0f,0f,1f],start_interpolation:0}
execute if entity @s[tag=aj.tultaria.bone.body] run data modify entity @s {} merge value {transformation:[-0.9860352639078057f,0f,-0.16653665761706626f,0.576285960762436f,0f,1f,0f,0.3916338194444444f,0.16653665761706626f,0f,-0.9860352639078057f,0.4097493031453697f,0f,0f,0f,1f],start_interpolation:0}
execute if entity @s[tag=aj.tultaria.bone.left_hand] run data modify entity @s {} merge value {transformation:[-0.8414981994552853f,-0.49195514619695463f,0.2232955764090408f,0.46966717934563856f,-0.5189550723507375f,0.8509653363271525f,-0.0808927020877453f,1.2195148502585476f,-0.15022121419744144f,-0.18395143516686396f,-0.9713884168061186f,-0.2404286407974683f,0f,0f,0f,1f],start_interpolation:0}
execute if entity @s[tag=aj.tultaria.bone.left_arm] run data modify entity @s {} merge value {transformation:[-0.8414981994552853f,-0.5331513581937205f,-0.08735221559699527f,0.2156952139798325f,-0.5189550723507375f,0.7527214141950798f,0.40508777504832194f,1.3916338194444444f,-0.15022121419744144f,0.3862125086896464f,-0.910095316401912f,-0.03642989385373324f,0f,0f,0f,1f],start_interpolation:0}
execute if entity @s[tag=aj.tultaria.bone.rod] run data modify entity @s {} merge value {transformation:[-0.25671405743347153f,-0.1452304887460546f,0.4788231808085594f,-0.8449395157490781f,0.494505021633653f,-0.1557499288435323f,0.21788158221688866f,1.1528850149807104f,0.07634341438620937f,0.5204956343993834f,0.1988004483798736f,0.15758351550709637f,0f,0f,0f,1f],start_interpolation:0}
execute if entity @s[tag=aj.tultaria.bone.sword] run data modify entity @s {} merge value {transformation:[-0.000004564819869899473f,0.000008403626518758276f,-0.000002922581203079511f,-0.8729041772319492f,0.000008793154418913593f,0.000004762223360403615f,-4.079253321944837e-8f,1.1801724075403495f,0.0000013575179264051462f,-0.0000025884918386676065f,-0.000009563307747878863f,0.11699775395893042f,0f,0f,0f,1f],start_interpolation:0}
execute if entity @s[tag=aj.tultaria.bone.right_hand] run data modify entity @s {} merge value {transformation:[-0.45648198698994724f,0.8403626518758275f,-0.29225812030795106f,-0.5663357863341367f,0.8793154418913592f,0.4762223360403615f,-0.004079253321944837f,1.330958484330603f,0.1357517926405146f,-0.25884918386676065f,-0.9563307747878862f,-0.05902627529142451f,0f,0f,0f,1f],start_interpolation:0}
execute if entity @s[tag=aj.tultaria.bone.right_arm] run data modify entity @s {} merge value {transformation:[-0.45648198698994724f,0.8894516039239514f,-0.022361570401476766f,-0.2156952139798325f,0.8793154418913592f,0.4548295531807973f,0.1411893452239221f,1.3916338194444444f,0.1357517926405146f,0.04478751869066627f,-0.9897300283230877f,0.03642989385373324f,0f,0f,0f,1f],start_interpolation:0}
execute if entity @s[tag=aj.tultaria.bone.skirt] run data modify entity @s {} merge value {transformation:[-0.9954268541790603f,-0.010003927942500433f,-0.09500157580219948f,0.005769425442401118f,0f,0.994501352081665f,-0.10472373516896856f,0.8420772223474613f,0.09552684428567601f,-0.10424481825712739f,-0.9899533523794738f,0.0601196560139183f,0f,0f,0f,1f],start_interpolation:0}
execute if entity @s[tag=aj.tultaria.bone.left_foot] run data modify entity @s {} merge value {transformation:[-0.9954268541790603f,0.01325761789287907f,-0.0946023971524306f,0.1404198458209586f,0f,0.9903226455332195f,0.1387842128777095f,0.407189430955971f,0.09552684428567601f,0.1381495324345754f,-0.9857937556654173f,0.15469667715257457f,0f,0f,0f,1f],start_interpolation:0}
execute if entity @s[tag=aj.tultaria.bone.left_leg] run data modify entity @s {} merge value {transformation:[-0.9954268541790603f,-0.010003927942500433f,-0.09500157580219948f,0.12416793037083972f,0f,0.994501352081665f,-0.10472373516896856f,0.8291933055955784f,0.09552684428567601f,-0.10424481825712739f,-0.9899533523794738f,-0.014654599882352893f,0f,0f,0f,1f],start_interpolation:0}
execute if entity @s[tag=aj.tultaria.bone.right_foot] run data modify entity @s {} merge value {transformation:[-0.9954268541790603f,0.013257617892879082f,-0.09460239715243057f,-0.09424696932594362f,0f,0.9903226455332195f,0.13878421287770976f,0.5044182288496202f,0.09552684428567601f,0.13814953243457556f,-0.9857937556654173f,0.32644264595100336f,0f,0f,0f,1f],start_interpolation:0}
execute if entity @s[tag=aj.tultaria.bone.right_leg] run data modify entity @s {} merge value {transformation:[-0.9954268541790603f,-0.04559795337887184f,-0.08394167395780253f,-0.12468878317392536f,0f,0.8787234058184978f,-0.47733130639707655f,0.8291933055955784f,0.09552684428567601f,-0.4751484007280231f,-0.874704875547417f,0.00922711118906611f,0f,0f,0f,1f],start_interpolation:0}
execute if entity @s[tag=aj.tultaria.bone.lower] run data modify entity @s {} merge value {transformation:[-0.9954268541790603f,0.004166822424685036f,-0.09543592389693167f,0f,0f,0.9990482215818578f,0.043619387365336f,0.8916338194444444f,0.09552684428567601f,0.043419909546294266f,-0.9944794283824134f,0f,0f,0f,0f,1f],start_interpolation:0}