execute if entity @s[tag=aj.tultaria.bone.head] run data modify entity @s {} merge value {transformation:[-0.9970618668895338f,0.015096676260557051f,-0.07509809558598224f,0f,0.0024819836734273903f,0.986239037249536f,0.16530699066329033f,1.5637877777777778f,0.07656025961164337f,0.1646349044734811f,-0.9833788053833606f,0f,0f,0f,0f,1f],start_interpolation:0}
execute if entity @s[tag=aj.tultaria.bone.bust] run data modify entity @s {} merge value {transformation:[-0.9486088800743342f,0f,-0.3164509324431157f,0.632529906258725f,0f,1f,0f,0.4075377777777778f,0.3164509324431157f,0f,-0.9486088800743342f,0.31607897381560923f,0f,0f,0f,1f],start_interpolation:0}
execute if entity @s[tag=aj.tultaria.bone.left_wing] run data modify entity @s {} merge value {transformation:[-0.6962849486764098f,-0.02829424978707374f,-0.7172075750266975f,0.019731688449256435f,-0.11970915425468352f,0.9898054003662734f,0.07716856739236286f,1.4700377777777778f,0.7077125042235142f,0.1395876242177219f,-0.6925736831059452f,-0.13835429328698656f,0f,0f,0f,1f],start_interpolation:0}
execute if entity @s[tag=aj.tultaria.bone.right_wing] run data modify entity @s {} merge value {transformation:[-0.9817251737628951f,0.10643251538587911f,0.15775868555755534f,-0.09884442156003526f,0.11970915425468352f,0.9898054003662734f,0.07716856739236286f,1.4700377777777778f,-0.1479371541832592f,0.09464348405672665f,-0.984457825068074f,-0.0987979267315971f,0f,0f,0f,1f],start_interpolation:0}
execute if entity @s[tag=aj.tultaria.bone.body] run data modify entity @s {} merge value {transformation:[-0.9486088800743342f,0f,-0.3164509324431157f,0.632529906258725f,0f,1f,0f,0.4075377777777778f,0.3164509324431157f,0f,-0.9486088800743342f,0.31607897381560923f,0f,0f,0f,1f],start_interpolation:0}
execute if entity @s[tag=aj.tultaria.bone.left_hand] run data modify entity @s {} merge value {transformation:[-0.901820602136888f,-0.4230555190218376f,0.08799789421698942f,0.4080704387668477f,-0.4320449507373472f,0.879237560404934f,-0.20069497481387838f,1.201866646294311f,0.0075340629028426975f,-0.21900990890446875f,-0.9756935470206987f,-0.2999103523012062f,0f,0f,0f,1f],start_interpolation:0}
execute if entity @s[tag=aj.tultaria.bone.left_arm] run data modify entity @s {} merge value {transformation:[-0.901820602136888f,-0.3888817024926675f,-0.18838955127040685f,0.2075081925162606f,-0.4320449507373472f,0.8190793209658007f,0.37742049031361014f,1.4075377777777778f,0.0075340629028426975f,0.4217583282314733f,-0.906676982427352f,-0.06922364147193155f,0f,0f,0f,1f],start_interpolation:0}
execute if entity @s[tag=aj.tultaria.bone.rod] run data modify entity @s {} merge value {transformation:[-0.07790711735207866f,-0.10611394450838699f,0.3522020894980046f,-0.8888836444389118f,0.36726024308644317f,-0.04264911341221997f,0.06838835407610133f,1.3486822108354783f,0.02064933204672846f,0.35818554396572533f,0.11248431526217946f,0.2523439729140695f,0f,0f,0f,1f],start_interpolation:0}
execute if entity @s[tag=aj.tultaria.bone.sword] run data modify entity @s {} merge value {transformation:[-0.000002071997801916986f,0.000009364783628190632f,-0.000002829779621458877f,-0.9086232295454909f,0.000009767559656554344f,0.0000021426746668212226f,-6.10215356623491e-8f,1.3789197963137934f,5.49184362944906e-7f,-0.000002776647775526333f,-0.000009591069995895217f,0.2091020334425136f,0f,0f,0f,1f],start_interpolation:0}
execute if entity @s[tag=aj.tultaria.bone.right_hand] run data modify entity @s {} merge value {transformation:[-0.2071997801916986f,0.9364783628190632f,-0.28297796214588766f,-0.5730765036499991f,0.9767559656554343f,0.21426746668212224f,-0.006102153566234909f,1.4282697416454948f,0.0549184362944906f,-0.2776647775526333f,-0.9591069995895217f,0.028331306383141908f,0f,0f,0f,1f],start_interpolation:0}
execute if entity @s[tag=aj.tultaria.bone.right_arm] run data modify entity @s {} merge value {transformation:[-0.2071997801916986f,0.9675859315696961f,-0.14438045614596f,-0.2075081925162606f,0.9767559656554343f,0.2128925429124664f,0.02499097294592445f,1.4075377777777778f,0.0549184362944906f,-0.1358463477634471f,-0.989206619040886f,0.06922364147193155f,0f,0f,0f,1f],start_interpolation:0}
execute if entity @s[tag=aj.tultaria.bone.skirt] run data modify entity @s {} merge value {transformation:[-0.9624922394561607f,-0.014482944229974766f,-0.27092237506912553f,0.016385951898434413f,0f,0.9985741811195098f,-0.053381689758760384f,0.8579811806807947f,0.27130921286728266f,-0.051379462121863284f,-0.9611198998488187f,0.05813054179645569f,0f,0f,0f,1f],start_interpolation:0}
execute if entity @s[tag=aj.tultaria.bone.left_foot] run data modify entity @s {} merge value {transformation:[-0.9624922394561607f,0.06508414565235936f,-0.26338705923292244f,0.1597734685630346f,0f,0.9708002778429955f,0.2398891838744776f,0.4148937709089712f,0.27130921286728266f,0.23089147780865665f,-0.9343877334857676f,0.10608089293669667f,0f,0f,0f,1f],start_interpolation:0}
execute if entity @s[tag=aj.tultaria.bone.left_leg] run data modify entity @s {} merge value {transformation:[-0.9624922394561607f,-0.014482944229974766f,-0.27092237506912553f,0.11957188357877993f,0f,0.9985741811195098f,-0.053381689758760384f,0.8450972639289117f,0.27130921286728266f,-0.051379462121863284f,-0.9611198998488187f,-0.036537609222720834f,0f,0f,0f,1f],start_interpolation:0}
execute if entity @s[tag=aj.tultaria.bone.right_foot] run data modify entity @s {} merge value {transformation:[-0.9624922394561607f,0.06508414565235936f,-0.26338705923292244f,-0.03924364442164875f,0f,0.9708002778429956f,0.2398891838744776f,0.5043456624154428f,0.27130921286728266f,0.2308914778086567f,-0.9343877334857678f,0.3215087901893542f,0f,0f,0f,1f],start_interpolation:0}
execute if entity @s[tag=aj.tultaria.bone.right_leg] run data modify entity @s {} merge value {transformation:[-0.9624922394561607f,-0.11705800014053133f,-0.24475725441703228f,-0.12105117628526024f,0f,0.902133959368203f,-0.43145604568095897f,0.8450972639289117f,0.27130921286728266f,-0.41527309563436576f,-0.8682969348417547f,0.03128969399409983f,0f,0f,0f,1f],start_interpolation:0}
execute if entity @s[tag=aj.tultaria.bone.lower] run data modify entity @s {} merge value {transformation:[-0.9624922394561607f,0.011834341651842405f,-0.2710509866138324f,0f,0f,0.9990482215818578f,0.043619387365336f,0.9075377777777778f,0.27130921286728266f,0.04198332182896801f,-0.961576160115017f,0f,0f,0f,0f,1f],start_interpolation:0}