execute if entity @s[tag=aj.tultaria.bone.head] run data modify entity @s {} merge value {transformation:[-0.9990141961692888f,0.0007358553939629999f,0.044385745111115565f,0f,0.0034088572621720093f,0.9981819309738891f,0.06017651011320247f,1.15625f,-0.044260767553171515f,0.06026849254857298f,-0.9972004278285919f,0f,0f,0f,0f,1f],start_interpolation:0}
execute if entity @s[tag=aj.tultaria.bone.bust] run data modify entity @s {} merge value {transformation:[-0.9746224660820079f,0f,0.22385497226603057f,0.37538374690798865f,0f,1f,0f,0f,-0.22385497226603057f,0f,-0.9746224660820079f,0.5992387191740192f,0f,0f,0f,1f],start_interpolation:0}
execute if entity @s[tag=aj.tultaria.bone.left_wing] run data modify entity @s {} merge value {transformation:[-0.9860993374775994f,0f,-0.1661568434529236f,0.0888957756633793f,0f,1f,0f,1.0625f,0.1661568434529236f,0f,-0.9860993374775994f,-0.10783687249362417f,0f,0f,0f,1f],start_interpolation:0}
execute if entity @s[tag=aj.tultaria.bone.right_wing] run data modify entity @s {} merge value {transformation:[-0.8147681592000863f,0f,0.5797868977078584f,-0.03293203259687166f,0f,1f,0f,1.0625f,-0.5797868977078584f,0f,-0.8147681592000863f,-0.135818744026878f,0f,0f,0f,1f],start_interpolation:0}
execute if entity @s[tag=aj.tultaria.bone.body] run data modify entity @s {} merge value {transformation:[-0.9746224660820079f,0f,0.22385497226603057f,0.37538374690798865f,0f,1f,0f,0f,-0.22385497226603057f,0f,-0.9746224660820079f,0.5992387191740192f,0f,0f,0f,1f],start_interpolation:0}
execute if entity @s[tag=aj.tultaria.bone.left_hand] run data modify entity @s {} merge value {transformation:[-0.25685898072339763f,-0.9455562407051147f,0.19986710506070873f,0.5542086635428816f,-0.8600800936936255f,0.31796711301613023f,0.3989475497758467f,1.0692181631097786f,-0.4407785117876114f,-0.06942845744936718f,-0.8949268086511319f,-0.0721234830751227f,0f,0f,0f,1f],start_interpolation:0}
execute if entity @s[tag=aj.tultaria.bone.left_arm] run data modify entity @s {} merge value {transformation:[-0.25685898072339763f,-0.9575876025177797f,-0.1305735330225383f,0.21319866445543922f,-0.8600800936936255f,0.16487334373466256f,0.48278257317110773f,1f,-0.4407785117876114f,0.23631073617168227f,-0.86595123391349f,0.04896827518319419f,0f,0f,0f,1f],start_interpolation:0}
execute if entity @s[tag=aj.tultaria.bone.rod] run data modify entity @s {} merge value {transformation:[-0.3174938851879575f,-0.7889322384726093f,0.6809352050655906f,-0.6168391534314571f,0.9889233750875048f,-0.45266453329908884f,-0.06336068204746957f,1.1696722431808952f,0.32881208707202114f,0.5996415103397862f,0.8480577032275726f,-0.6383955663404189f,0f,0f,0f,1f],start_interpolation:0}
execute if entity @s[tag=aj.tultaria.bone.right_hand] run data modify entity @s {} merge value {transformation:[-0.2914273295962894f,0.4467003572185573f,0.8458894150095442f,-0.343590342598305f,0.907731807831468f,-0.1498618011259719f,0.39187294575448123f,1.162458185977966f,0.3018162961395401f,0.8820432140343766f,-0.36181029830633127f,-0.3528556483658191f,0f,0f,0f,1f],start_interpolation:0}
execute if entity @s[tag=aj.tultaria.bone.right_arm] run data modify entity @s {} merge value {transformation:[-0.2914273295962894f,0.518994784921173f,0.8035636407833551f,-0.21319866445543922f,0.907731807831468f,-0.1150019352379068f,0.403481746727843f,1f,0.3018162961395401f,0.8470058843456529f,-0.43759336748681166f,-0.04896827518319419f,0f,0f,0f,1f],start_interpolation:0}