execute if entity @s[tag=aj.tultaria.bone.head] run data modify entity @s {} merge value {transformation:[-0.8872477740237372f,0.09877197279562995f,-0.4505945903802916f,0f,-0.02285740004058054f,0.9661940133764862f,0.25680083290134215f,1.57338f,0.4607265205664943f,0.2381453881676014f,-0.8549958171483614f,0f,0f,0f,0f,1f],start_interpolation:0}
execute if entity @s[tag=aj.tultaria.bone.bust] run data modify entity @s {} merge value {transformation:[-0.6442279237494595f,0f,-0.7648335650724677f,0.7045307444109636f,0f,1f,0f,0.41713f,0.7648335650724677f,0f,-0.6442279237494595f,-0.06030282066150411f,0f,0f,0f,1f],start_interpolation:0}
execute if entity @s[tag=aj.tultaria.bone.left_wing] run data modify entity @s {} merge value {transformation:[-0.2509713672148019f,0.03244368213762568f,-0.9674506604099693f,-0.055339950399717175f,-0.08248507167529812f,0.9950862492342533f,0.054768326025417605f,1.47963f,0.9644737351473363f,0.0935455187288959f,-0.24706203702043705f,-0.12833058828571164f,0f,0f,0f,1f],start_interpolation:0}
execute if entity @s[tag=aj.tultaria.bone.right_wing] run data modify entity @s {} merge value {transformation:[-0.9077945035372894f,0.0976983358853643f,-0.4078776464979621f,-0.13586844086839966f,0.08248507167529812f,0.9950862492342533f,0.054768326025417605f,1.47963f,0.4112242117120622f,0.016074568427676086f,-0.9113924818384542f,-0.032726392651653224f,0f,0f,0f,1f],start_interpolation:0}
execute if entity @s[tag=aj.tultaria.bone.body] run data modify entity @s {} merge value {transformation:[-0.6442279237494595f,0f,-0.7648335650724677f,0.7045307444109636f,0f,1f,0f,0.41713f,0.7648335650724677f,0f,-0.6442279237494595f,-0.06030282066150411f,0f,0f,0f,1f],start_interpolation:0}
execute if entity @s[tag=aj.tultaria.bone.left_hand] run data modify entity @s {} merge value {transformation:[-0.6593428753579119f,-0.7276642898287708f,-0.18913395787840775f,0.2919500537548976f,-0.696165908513421f,0.6858860297975413f,-0.21192777532038906f,1.283073917384156f,0.2839366135926187f,-0.008064455130790293f,-0.958809138475953f,-0.47546727576692194f,0f,0f,0f,1f],start_interpolation:0}
execute if entity @s[tag=aj.tultaria.bone.left_arm] run data modify entity @s {} merge value {transformation:[-0.6593428753579119f,-0.4280889649184052f,-0.6180669954218955f,0.14092485832019425f,-0.696165908513421f,0.6580781351238703f,0.2868557057051022f,1.41713f,0.2839366135926187f,0.6194134372024692f,-0.7319200730097368f,-0.16730734235960232f,0f,0f,0f,1f],start_interpolation:0}
execute if entity @s[tag=aj.tultaria.bone.rod] run data modify entity @s {} merge value {transformation:[0.3304627225772878f,0.2673374591142055f,0.4568381244392449f,0.7783500793714089f,0.3490212335335845f,-0.5149482836771808f,0.048871706340384874f,1.7083852842360678f,0.39793789406074626f,0.22964091119024532f,-0.42223984224396943f,0.05746132557432948f,0f,0f,0f,1f],start_interpolation:0}
execute if entity @s[tag=aj.tultaria.bone.sword] run data modify entity @s {} merge value {transformation:[0.0000010739936471833485f,-0.000007908089553352131f,-0.00000602566654088763f,0.3226011126493704f,0.000008988467598155164f,0.000003362501917313136f,-0.000002810877281736119f,1.269719902815198f,0.000004248998456427651f,-0.0000051142644116459576f,0.000007469291241145112f,0.6561677068340747f,0f,0f,0f,1f],start_interpolation:0}
execute if entity @s[tag=aj.tultaria.bone.right_hand] run data modify entity @s {} merge value {transformation:[0.10739936471833483f,-0.7908089553352131f,-0.602566654088763f,-0.02438399559946708f,0.8988467598155163f,0.33625019173131354f,-0.2810877281736119f,1.3457647847066423f,0.42489984564276506f,-0.5114264411645957f,0.7469291241145111f,0.509458509042461f,0f,0f,0f,1f],start_interpolation:0}
execute if entity @s[tag=aj.tultaria.bone.right_arm] run data modify entity @s {} merge value {transformation:[0.10739936471833483f,-0.5377938472786229f,-0.8362076023855292f,-0.14092485832019425f,0.8988467598155163f,0.411972666919749f,-0.14950927757225307f,1.41713f,0.42489984564276506f,-0.7355652925065774f,0.52763985978361f,0.16730734235960232f,0f,0f,0f,1f],start_interpolation:0}
execute if entity @s[tag=aj.tultaria.bone.skirt] run data modify entity @s {} merge value {transformation:[-0.7987175624168524f,-0.013441125644319707f,-0.60155597547385f,0.03634055564810641f,0f,0.9997504677881223f,-0.022338356193573695f,0.8675734029030169f,0.601706120533007f,-0.01784203740733059f,-0.798518256656837f,0.04823923013848967f,0f,0f,0f,1f],start_interpolation:0}
execute if entity @s[tag=aj.tultaria.bone.left_foot] run data modify entity @s {} merge value {transformation:[-0.7987175624168524f,0.18033547895471794f,-0.5740464881149036f,0.17927430643375125f,0f,0.9540313261337582f,0.29970690475106365f,0.4200909510180272f,0.601706120533007f,0.23938116840226933f,-0.7620015752788725f,0.03022993520927604f,0f,0f,0f,1f],start_interpolation:0}
execute if entity @s[tag=aj.tultaria.bone.left_leg] run data modify entity @s {} merge value {transformation:[-0.7987175624168524f,-0.013441125644319707f,-0.60155597547385f,0.09819931703013013f,0f,0.9997504677881223f,-0.022338356193573695f,0.8546894861511339f,0.601706120533007f,-0.01784203740733059f,-0.798518256656837f,-0.07739073823853572f,0f,0f,0f,1f],start_interpolation:0}
execute if entity @s[tag=aj.tultaria.bone.right_foot] run data modify entity @s {} merge value {transformation:[-0.7987175624168524f,0.18033547895471796f,-0.5740464881149037f,0.07349539635859212f,0f,0.954031326133758f,0.2997069047510636f,0.504736264231918f,0.601706120533007f,0.23938116840226936f,-0.7620015752788725f,0.30530196978163865f,0f,0f,0f,1f],start_interpolation:0}
execute if entity @s[tag=aj.tultaria.bone.right_leg] run data modify entity @s {} merge value {transformation:[-0.7987175624168524f,-0.24262348633076225f,-0.550621557303733f,-0.10148007357408298f,0f,0.9151004759864798f,-0.40322589059895214f,0.8546894861511339f,0.601706120533007f,-0.3220636004425595f,-0.7309068215464226f,0.07303579189471603f,0f,0f,0f,1f],start_interpolation:0}
execute if entity @s[tag=aj.tultaria.bone.lower] run data modify entity @s {} merge value {transformation:[-0.7987175624168524f,0.026246052351622785f,-0.6011334296334196f,0f,0f,0.9990482215818578f,0.043619387365336f,0.91713f,0.601706120533007f,0.03483957075055762f,-0.797957360278753f,0f,0f,0f,0f,1f],start_interpolation:0}