execute if entity @s[tag=aj.tultaria.bone.head] run data modify entity @s {} merge value {transformation:[-0.998123414389849f,-0.0019466731330475863f,0.061203432178782324f,0f,0.002174145949446025f,0.99773774546702f,0.06719125210753603f,1.15625f,-0.06119577384215552f,0.06719822716486669f,-0.995861172819665f,0f,0f,0f,0f,1f],start_interpolation:0}
execute if entity @s[tag=aj.tultaria.bone.bust] run data modify entity @s {} merge value {transformation:[-0.9707630496616199f,0f,0.24003979130900605f,0.3653616291763069f,0f,1f,0f,0f,-0.24003979130900605f,0f,-0.9707630496616199f,0.605401420485313f,0f,0f,0f,1f],start_interpolation:0}
execute if entity @s[tag=aj.tultaria.bone.left_wing] run data modify entity @s {} merge value {transformation:[-0.9887273637429387f,0f,-0.14972708567903942f,0.09067766451747694f,0f,1f,0f,1.0625f,0.14972708567903942f,0f,-0.9887273637429387f,-0.10634289425088961f,0f,0f,0f,1f],start_interpolation:0}
execute if entity @s[tag=aj.tultaria.bone.right_wing] run data modify entity @s {} merge value {transformation:[-0.8050088612582781f,0f,0.5932627860363822f,-0.0306677166902255f,0f,1f,0f,1.0625f,-0.5932627860363822f,0f,-0.8050088612582781f,-0.13634786816451538f,0f,0f,0f,1f],start_interpolation:0}
execute if entity @s[tag=aj.tultaria.bone.body] run data modify entity @s {} merge value {transformation:[-0.9707630496616199f,0f,0.24003979130900605f,0.3653616291763069f,0f,1f,0f,0f,-0.24003979130900605f,0f,-0.9707630496616199f,0.605401420485313f,0f,0f,0f,1f],start_interpolation:0}
execute if entity @s[tag=aj.tultaria.bone.left_hand] run data modify entity @s {} merge value {transformation:[-0.25912529806485246f,-0.9389871080523488f,0.22617977543159812f,0.5563677617528509f,-0.8566920388165876f,0.33159177484329694f,0.3951273788091016f,1.065100722772484f,-0.4460188679092849f,-0.09137891314608124f,-0.8903465975119805f,-0.06220355351635972f,0f,0f,0f,1f],start_interpolation:0}
execute if entity @s[tag=aj.tultaria.bone.left_arm] run data modify entity @s {} merge value {transformation:[-0.25912529806485246f,-0.9597172956603753f,-0.10861303933293279f,0.21235441711347935f,-0.8566920388165876f,0.17645282120136385f,0.4847093484949083f,1f,-0.4460188679092849f,0.21864838051176003f,-0.8679055565950159f,0.052508704348845074f,0f,0f,0f,1f],start_interpolation:0}
execute if entity @s[tag=aj.tultaria.bone.rod] run data modify entity @s {} merge value {transformation:[-0.3097869674605654f,-0.6777064387929757f,0.7671097948554793f,-0.6304870306977609f,0.9722505148240145f,-0.44546550172823696f,-0.0009181217431819544f,1.1611446167207438f,0.32011309090556056f,0.6971268818096452f,0.7451530979888198f,-0.6333801511672668f,0f,0f,0f,1f],start_interpolation:0}
execute if entity @s[tag=aj.tultaria.bone.right_hand] run data modify entity @s {} merge value {transformation:[-0.28967093061247673f,0.47099707743962316f,0.8332181617088259f,-0.349710856444299f,0.9091173645107669f,-0.13685285261935293f,0.3934169725303463f,1.1590019185547797f,0.29932652656104364f,0.8714545597868424f,-0.3885493285589636f,-0.35515335731707126f,0f,0f,0f,1f],start_interpolation:0}
execute if entity @s[tag=aj.tultaria.bone.right_arm] run data modify entity @s {} merge value {transformation:[-0.28967093061247673f,0.5367130312139766f,0.792483358868315f,-0.21235441711347935f,0.9091173645107669f,-0.10465193094971048f,0.40317935325794474f,1f,0.29932652656104364f,0.8372497210949681f,-0.45762051420724f,-0.052508704348845074f,0f,0f,0f,1f],start_interpolation:0}
execute if entity @s[tag=aj.tultaria.bone.skirt] run data modify entity @s {} merge value {transformation:[-0.9976974499728977f,0f,0.06782181299240948f,-0.004238863312025593f,0f,1f,0f,0.453125f,-0.06782181299240948f,0f,-0.9976974499728977f,0.062356090623306104f,0f,0f,0f,1f],start_interpolation:0}
execute if entity @s[tag=aj.tultaria.bone.left_foot] run data modify entity @s {} merge value {transformation:[-0.9976974499728977f,0f,0.06782181299240948f,0.11623445462256102f,0f,1f,0f,0f,-0.06782181299240948f,0f,-0.9976974499728977f,0.1331899078706634f,0f,0f,0f,1f],start_interpolation:0}
execute if entity @s[tag=aj.tultaria.bone.left_leg] run data modify entity @s {} merge value {transformation:[-0.9976974499728977f,0f,0.06782181299240948f,0.12471218124661221f,0f,1f,0f,0.4375f,-0.06782181299240948f,0f,-0.9976974499728977f,0.008477726624051185f,0f,0f,0f,1f],start_interpolation:0}
execute if entity @s[tag=aj.tultaria.bone.right_foot] run data modify entity @s {} merge value {transformation:[-0.9976974499728977f,0f,0.06782181299240948f,-0.1331899078706634f,0f,1f,0f,0f,-0.06782181299240948f,0f,-0.9976974499728977f,0.11623445462256102f,0f,0f,0f,1f],start_interpolation:0}
execute if entity @s[tag=aj.tultaria.bone.right_leg] run data modify entity @s {} merge value {transformation:[-0.9976974499728977f,0f,0.06782181299240948f,-0.12471218124661221f,0f,1f,0f,0.4375f,-0.06782181299240948f,0f,-0.9976974499728977f,-0.008477726624051185f,0f,0f,0f,1f],start_interpolation:0}
execute if entity @s[tag=aj.tultaria.bone.lower] run data modify entity @s {} merge value {transformation:[-0.9976974499728977f,0f,0.06782181299240948f,0f,0f,1f,0f,0.5f,-0.06782181299240948f,0f,-0.9976974499728977f,0f,0f,0f,0f,1f],start_interpolation:0}