execute if entity @s[tag=aj.tultaria.bone.head] run data modify entity @s {} merge value {transformation:[-0.9912522761918211f,-0.012247723295808303f,0.13141125605747359f,0f,0.007827235813489583f,0.9884768869979798f,0.1511693694182229f,1.4906066666666666f,-0.13174846991162215f,0.15087556841600444f,-0.9797340983813383f,0f,0f,0f,0f,1f],start_interpolation:0}
execute if entity @s[tag=aj.tultaria.bone.bust] run data modify entity @s {} merge value {transformation:[-0.9308136439729005f,0f,0.3654941315450774f,0.2826597562139115f,0f,1f,0f,0.33435666666666664f,-0.3654941315450774f,0f,-0.9308136439729005f,0.648153887758989f,0f,0f,0f,1f],start_interpolation:0}
execute if entity @s[tag=aj.tultaria.bone.left_wing] run data modify entity @s {} merge value {transformation:[-0.8838174908791482f,-0.27071594155124096f,-0.381548845898021f,0.10386261919144094f,-0.3552231348061344f,0.9190542269720389f,0.17075084885098213f,1.3968566666666666f,0.304439102801512f,0.28644756391851744f,-0.9084407662641285f,-0.09350832227504524f,0f,0f,0f,1f],start_interpolation:0}
execute if entity @s[tag=aj.tultaria.bone.right_wing] run data modify entity @s {} merge value {transformation:[-0.44054169288544653f,0.003485354102643279f,0.8977253862604109f,-0.012489086305171648f,0.3552231348061344f,0.9190542269720389f,0.17075084885098213f,1.3968566666666666f,-0.8244631837311643f,0.3941156939169097f,-0.40611978341403776f,-0.13919508871817987f,0f,0f,0f,1f],start_interpolation:0}
execute if entity @s[tag=aj.tultaria.bone.body] run data modify entity @s {} merge value {transformation:[-0.9308136439729005f,0f,0.3654941315450774f,0.2826597562139115f,0f,1f,0f,0.33435666666666664f,-0.3654941315450774f,0f,-0.9308136439729005f,0.648153887758989f,0f,0f,0f,1f],start_interpolation:0}
execute if entity @s[tag=aj.tultaria.bone.left_hand] run data modify entity @s {} merge value {transformation:[-0.358697861236522f,-0.8021480446173983f,0.4773828221258377f,0.5693503406038262f,-0.7926093410197116f,0.5318660869553299f,0.29814241240575634f,1.3104832940773523f,-0.4930580867125529f,-0.27143503838544836f,-0.8265692608995611f,0.04239835010591701f,0f,0f,0f,1f],start_interpolation:0}
execute if entity @s[tag=aj.tultaria.bone.left_arm] run data modify entity @s {} merge value {transformation:[-0.358697861236522f,-0.9125314736891194f,0.19652519907408522f,0.20361548461907197f,-0.7926093410197116f,0.4089556030302286f,0.4522452291384407f,1.3343566666666666f,-0.4930580867125529f,0.006451687914501236f,-0.8699724701681142f,0.07995184127548569f,0f,0f,0f,1f],start_interpolation:0}
execute if entity @s[tag=aj.tultaria.bone.rod] run data modify entity @s {} merge value {transformation:[-0.15839775551143928f,-0.9084135167632542f,0.39445113860496783f,-0.8232251062830931f,0.9851230805958501f,-0.10350983047754599f,0.15720972682328713f,1.2940651622073265f,-0.10168251699422659f,0.41227086325900686f,0.9086198700124228f,-0.4297987833213186f,0f,0f,0f,1f],start_interpolation:0}
execute if entity @s[tag=aj.tultaria.bone.sword] run data modify entity @s {} merge value {transformation:[-0.0000015793280134428171f,0.000008599793666254354f,0.0000048527592072764464f,-0.8054131975409935f,0.000009822313913796284f,0.00000187276054715874f,-1.221364476709281e-7f,1.3241873785894824f,-0.0000010138404237347906f,0.000004747243076866537f,-0.000008742757617842555f,-0.47394871097912683f,0f,0f,0f,1f],start_interpolation:0}
execute if entity @s[tag=aj.tultaria.bone.right_hand] run data modify entity @s {} merge value {transformation:[-0.1579328013442817f,0.8599793666254353f,0.48527592072764464f,-0.44007335370759926f,0.9822313913796283f,0.18727605471587397f,-0.01221364476709281f,1.3627669771298927f,-0.10138404237347906f,0.47472430768665363f,-0.8742757617842554f,-0.36106163816185544f,0f,0f,0f,1f],start_interpolation:0}
execute if entity @s[tag=aj.tultaria.bone.right_arm] run data modify entity @s {} merge value {transformation:[-0.1579328013442817f,0.8019376992015749f,0.5761537614724322f,-0.20361548461907197f,0.9822313913796283f,0.18749117945350735f,0.008279578224309275f,1.3343566666666666f,-0.10138404237347906f,0.5672239277625878f,-0.8172993892849763f,-0.07995184127548569f,0f,0f,0f,1f],start_interpolation:0}
execute if entity @s[tag=aj.tultaria.bone.skirt] run data modify entity @s {} merge value {transformation:[-0.8373464393815865f,0.15654371013588064f,0.5237795407152444f,-0.03301675960787192f,0f,0.9581228928381097f,-0.28635733309893135f,0.7848000695696835f,-0.5466726081074292f,-0.23978029326119707f,-0.8022807928079766f,0.05057225419301858f,0f,0f,0f,1f],start_interpolation:0}
execute if entity @s[tag=aj.tultaria.bone.left_foot] run data modify entity @s {} merge value {transformation:[-0.8373464393815865f,0.1255761755607275f,0.5320540993043098f,-0.027801665585213978f,0f,0.9732591159931563f,-0.22971001966875565f,0.388532053838494f,-0.5466726081074292f,-0.1923468670599067f,-0.8149550553725399f,0.27124026974755133f,0f,0f,0f,1f],start_interpolation:0}
execute if entity @s[tag=aj.tultaria.bone.left_leg] run data modify entity @s {} merge value {transformation:[-0.8373464393815865f,0.15654371013588064f,0.5237795407152444f,0.10615865018863933f,0f,0.9581228928381097f,-0.28635733309893135f,0.7719161528178006f,-0.5466726081074292f,-0.23978029326119707f,-0.8022807928079766f,0.06605129234478051f,0f,0f,0f,1f],start_interpolation:0}
execute if entity @s[tag=aj.tultaria.bone.right_foot] run data modify entity @s {} merge value {transformation:[-0.8373464393815865f,0.1255761755607275f,0.5320540993043097f,-0.3071460847242637f,0f,0.9732591159931563f,-0.22971001966875548f,0.5114907409499254f,-0.5466726081074292f,-0.19234686705990672f,-0.8149550553725399f,0.24180410441907574f,0f,0f,0f,1f],start_interpolation:0}
execute if entity @s[tag=aj.tultaria.bone.right_leg] run data modify entity @s {} merge value {transformation:[-0.8373464393815865f,0.3450692821814398f,0.42400251290501195f,-0.10317795965675729f,0f,0.7756059232104221f,-0.6312174362934763f,0.7719161528178006f,-0.5466726081074292f,-0.5285476727559159f,-0.6494508581635151f,-0.0706168596820768f,0f,0f,0f,1f],start_interpolation:0}
execute if entity @s[tag=aj.tultaria.bone.lower] run data modify entity @s {} merge value {transformation:[-0.8373464393815865f,-0.023845524255056476f,0.5461522969172431f,0f,0f,0.9990482215818578f,0.043619387365336f,0.8343566666666666f,-0.5466726081074292f,0.03652453869837026f,-0.8365494711120749f,0f,0f,0f,0f,1f],start_interpolation:0}