execute if entity @s[tag=aj.tultaria.bone.head] run data modify entity @s {} merge value {transformation:[-0.9312212357821342f,0.06405855001466704f,-0.35878059060993395f,0f,-0.025249900910699723f,0.9707268666304784f,0.23885517140261647f,1.15625f,0.36357867447416997f,0.23148618224808118f,-0.9023440003101996f,0f,0f,0f,0f,1f],start_interpolation:0}
execute if entity @s[tag=aj.tultaria.bone.bust] run data modify entity @s {} merge value {transformation:[-0.9527623992615303f,0f,-0.30371666163286504f,0.6282395304471977f,0f,1f,0f,0f,0.30371666163286504f,0f,-0.9527623992615303f,0.3245228688143326f,0f,0f,0f,1f],start_interpolation:0}
execute if entity @s[tag=aj.tultaria.bone.left_wing] run data modify entity @s {} merge value {transformation:[-0.7640103454839432f,0f,-0.6452039925430604f,0.021583067249737575f,0f,1f,0f,1.0625f,0.6452039925430604f,0f,-0.7640103454839432f,-0.13807759125974534f,0f,0f,0f,1f],start_interpolation:0}
execute if entity @s[tag=aj.tultaria.bone.right_wing] run data modify entity @s {} merge value {transformation:[-0.9964650145642059f,0f,0.0840087778125404f,-0.09751223265795361f,0f,1f,0f,1.0625f,-0.0840087778125404f,0f,-0.9964650145642059f,-0.10011300855563715f,0f,0f,0f,1f],start_interpolation:0}
execute if entity @s[tag=aj.tultaria.bone.body] run data modify entity @s {} merge value {transformation:[-0.9527623992615303f,0f,-0.30371666163286504f,0.6282395304471977f,0f,1f,0f,0f,0.30371666163286504f,0f,-0.9527623992615303f,0.3245228688143326f,0f,0f,0f,1f],start_interpolation:0}
execute if entity @s[tag=aj.tultaria.bone.left_hand] run data modify entity @s {} merge value {transformation:[-0.9795365844542261f,-0.1940954162586671f,0.05324517915382933f,0.3495952072179219f,-0.1953888279010926f,0.8535867981972052f,-0.4829210948745986f,0.7231447258979034f,0.04828338893642273f,-0.48344239298061f,-0.8740435727250646f,-0.2643319179017148f,0f,0f,0f,1f],start_interpolation:0}
execute if entity @s[tag=aj.tultaria.bone.left_arm] run data modify entity @s {} merge value {transformation:[-0.9795365844542261f,-0.17204109699144443f,-0.10445066137525913f,0.20841677483845975f,-0.1953888279010926f,0.937350391066574f,0.2884396822539817f,1f,0.04828338893642273f,0.3029457134757333f,-0.9517839087941615f,-0.06643801973218923f,0f,0f,0f,1f],start_interpolation:0}
execute if entity @s[tag=aj.tultaria.bone.rod] run data modify entity @s {} merge value {transformation:[-0.17101663537299625f,0.1810481273946442f,-1.0605960982030136f,0.14788123024694122f,0.9733872923815088f,0.48360185657739735f,-0.07440175317795769f,0.9302141712766621f,0.45843176917264244f,-0.9592914142285707f,-0.23767518408839816f,0.5703231278061462f,0f,0f,0f,1f],start_interpolation:0}
execute if entity @s[tag=aj.tultaria.bone.right_hand] run data modify entity @s {} merge value {transformation:[-0.15697600391198024f,-0.7832316397351057f,-0.6015868455291251f,-0.221028990344864f,0.8934712525684425f,0.14691332546735889f,-0.4244120587753136f,0.9322551609800075f,0.42079407675204306f,-0.6041230614022108f,0.6767330874520738f,0.42836861571182633f,0f,0f,0f,1f],start_interpolation:0}
execute if entity @s[tag=aj.tultaria.bone.right_arm] run data modify entity @s {} merge value {transformation:[-0.15697600391198024f,-0.2655484955649209f,-0.9512321118943751f,-0.20841677483845975f,0.8934712525684425f,0.37220028042325526f,-0.25134850722975965f,1f,0.42079407675204306f,-0.8893542307517613f,0.17883343427429427f,0.06643801973218923f,0f,0f,0f,1f],start_interpolation:0}