execute if entity @s[tag=aj.tultaria.bone.head] run data modify entity @s {} merge value {transformation:[-0.7020202266873984f,0.2901082967197401f,-0.6503881744744019f,0f,-0.10702836163735793f,0.8599134937989139f,0.49909289013946906f,1.0456699999999999f,0.7040685557010743f,0.41998328461608625f,-0.572626850152948f,0f,0f,0f,0f,1f],start_interpolation:0}
execute if entity @s[tag=aj.tultaria.bone.bust] run data modify entity @s {} merge value {transformation:[-0.5782586737273039f,0f,-0.8158534833284341f,0.697056078527869f,0f,1f,0f,-0.11058000000000001f,0.8158534833284341f,0f,-0.5782586737273039f,-0.11879740480056511f,0f,0f,0f,1f],start_interpolation:0}
execute if entity @s[tag=aj.tultaria.bone.left_wing] run data modify entity @s {} merge value {transformation:[0.10829661532582896f,0.22799232947748993f,-0.9676214863304747f,-0.06584051830809767f,-0.37331826619812636f,0.9114352738537052f,0.17297171357781685f,0.95192f,0.9213605782926649f,0.34249852448536056f,0.18381905639393475f,-0.12327317692394013f,0f,0f,0f,1f],start_interpolation:0}
execute if entity @s[tag=aj.tultaria.bone.right_wing] run data modify entity @s {} merge value {transformation:[-0.9052200825998231f,0.39868280825715463f,-0.14706672111037944f,-0.1381228525240108f,0.37331826619812636f,0.9114352738537052f,0.17297171357781685f,0.95192f,0.20300264574826132f,0.10167477551197411f,-0.9738850886238044f,-0.021291491507885896f,0f,0f,0f,1f],start_interpolation:0}
execute if entity @s[tag=aj.tultaria.bone.body] run data modify entity @s {} merge value {transformation:[-0.5782586737273039f,0f,-0.8158534833284341f,0.697056078527869f,0f,1f,0f,-0.11058000000000001f,0.8158534833284341f,0f,-0.5782586737273039f,-0.11879740480056511f,0f,0f,0f,1f],start_interpolation:0}
execute if entity @s[tag=aj.tultaria.bone.left_hand] run data modify entity @s {} merge value {transformation:[-0.4498019059108377f,-0.8177761690235489f,-0.35905484652925357f,0.3171159140828105f,-0.8928301152800462f,0.42210346718029745f,0.1571083964764164f,0.8902393420047273f,0.023078793035970907f,0.39124263618826044f,-0.9199981352918404f,-0.4937532717010511f,0f,0f,0f,1f],start_interpolation:0}
execute if entity @s[tag=aj.tultaria.bone.left_arm] run data modify entity @s {} merge value {transformation:[-0.4498019059108377f,-0.6098249524356102f,-0.6525272199884719f,0.12649408487784772f,-0.8928301152800462f,0.32589985123009546f,0.31087565394739575f,0.88942f,0.023078793035970907f,0.7224284146924921f,-0.69106045680309f,-0.17846794947809497f,0f,0f,0f,1f],start_interpolation:0}
execute if entity @s[tag=aj.tultaria.bone.rod] run data modify entity @s {} merge value {transformation:[0.1515404936855702f,-0.14109082353524371f,-1.1052167963479633f,0.40967982695731187f,1.0015868893153792f,0.5058716303255061f,0.07275235683695688f,0.7693906539465776f,0.4880927069390105f,-0.9942648448919112f,0.1938510672835919f,0.47428147968126416f,0f,0f,0f,1f],start_interpolation:0}
execute if entity @s[tag=aj.tultaria.bone.sword] run data modify entity @s {} merge value {transformation:[0.0000013476921375198934f,-0.000009490703406563154f,-0.0000028478544118542367f,0.4005420473314948f,0.000008907393284425312f,0.0000024194288254055428f,-0.000003847688791387844f,0.7791902167507762f,0.000004340745417441794f,-0.000002018145933139461f,0.000008779807299338107f,0.5290016558264171f,0f,0f,0f,1f],start_interpolation:0}
execute if entity @s[tag=aj.tultaria.bone.right_hand] run data modify entity @s {} merge value {transformation:[0.13476921375198933f,-0.9490703406563152f,-0.28478544118542365f,0.018180269063015703f,0.890739328442531f,0.24194288254055424f,-0.3847688791387843f,0.8120231250069374f,0.43407454174417937f,-0.20181459331394608f,0.8779807299338106f,0.5083485984302607f,0f,0f,0f,1f],start_interpolation:0}
execute if entity @s[tag=aj.tultaria.bone.right_arm] run data modify entity @s {} merge value {transformation:[0.13476921375198933f,-0.599320168355547f,-0.789083389019785f,-0.12649408487784772f,0.890739328442531f,0.42213303699368376f,-0.1684848593916915f,0.88942f,0.43407454174417937f,-0.6801610359913071f,0.5907285817774626f,0.17846794947809497f,0f,0f,0f,1f],start_interpolation:0}
execute if entity @s[tag=aj.tultaria.bone.skirt] run data modify entity @s {} merge value {transformation:[-0.8031636543240969f,-0.18429725860571922f,-0.5665356695241522f,0.03598134169130967f,0f,0.9509485910757393f,-0.30934895689345177f,0.3398634029030169f,0.5957584614361451f,-0.2484578386798923f,-0.763767345482742f,0.04850775566093024f,0f,0f,0f,1f],start_interpolation:0}
execute if entity @s[tag=aj.tultaria.bone.left_foot] run data modify entity @s {} merge value {transformation:[-0.8031636543240969f,-0.16461305288071915f,-0.5725650069590809f,0.2502183024269358f,0f,0.961069030524294f,-0.27630837585403356f,-0.050391902832820634f,0.5957584614361451f,-0.2219208448712817f,-0.7718957146136091f,0.1275118207685449f,0f,0f,0f,1f],start_interpolation:0}
execute if entity @s[tag=aj.tultaria.bone.left_leg] run data modify entity @s {} merge value {transformation:[-0.8031636543240969f,-0.18429725860571922f,-0.5665356695241522f,0.09877129309641462f,0f,0.9509485910757393f,-0.30934895689345177f,0.32697948615113387f,0.5957584614361451f,-0.2484578386798923f,-0.763767345482742f,-0.07665940183925074f,0f,0f,0f,1f],start_interpolation:0}
execute if entity @s[tag=aj.tultaria.bone.right_foot] run data modify entity @s {} merge value {transformation:[-0.8031636543240969f,-0.16461305288071917f,-0.5725650069590809f,0.12393490213327175f,0f,0.9610690305242939f,-0.2763083758540334f,0.07561525784031836f,0.5957584614361451f,-0.2219208448712816f,-0.771895714613609f,0.3768977252196772f,0f,0f,0f,1f],start_interpolation:0}
execute if entity @s[tag=aj.tultaria.bone.right_leg] run data modify entity @s {} merge value {transformation:[-0.8031636543240969f,-0.38707227969452035f,-0.4528832020122294f,-0.1020196204846096f,0f,0.7601792191427744f,-0.6497134405131864f,0.32697948615113387f,0.5957584614361451f,-0.5218262211460526f,-0.6105483195879492f,0.07228021351978553f,0f,0f,0f,1f],start_interpolation:0}
execute if entity @s[tag=aj.tultaria.bone.lower] run data modify entity @s {} merge value {transformation:[-0.8031636543240969f,0.025986619105559803f,-0.5951914313901245f,0f,0f,0.9990482215818578f,0.043619387365336f,0.38942f,0.5957584614361451f,0.0350335065557216f,-0.802399220491675f,0f,0f,0f,0f,1f],start_interpolation:0}