execute if entity @s[tag=aj.tultaria.bone.head] run data modify entity @s {} merge value {transformation:[-0.9948099157835048f,0.010211887812535465f,-0.10123709204693926f,0f,-4.336808689942018e-19f,0.9949510169813002f,0.10036171485121481f,1.15625f,0.10175083026106599f,0.09984082909902514f,-0.9897871374118795f,0f,0f,0f,0f,1f],start_interpolation:0}
execute if entity @s[tag=aj.tultaria.bone.bust] run data modify entity @s {} merge value {transformation:[-0.9983618494271823f,0f,-0.05721553642443751f,0.5277886929258099f,0f,1f,0f,0f,0.05721553642443751f,0f,-0.9983618494271823f,0.4705731565013724f,0f,0f,0f,1f],start_interpolation:0}
execute if entity @s[tag=aj.tultaria.bone.left_wing] run data modify entity @s {} merge value {transformation:[-0.9004706408623753f,0f,-0.43491680232534485f,0.05524567353614418f,0f,1f,0f,1.0625f,0.43491680232534485f,0f,-0.9004706408623753f,-0.1283712022049252f,0f,0f,0f,1f],start_interpolation:0}
execute if entity @s[tag=aj.tultaria.bone.right_wing] run data modify entity @s {} merge value {transformation:[-0.9442615165894024f,0f,0.3291962762369612f,-0.06954955764225368f,0f,1f,0f,1.0625f,-0.3291962762369612f,0f,-0.9442615165894024f,-0.12121926015187051f,0f,0f,0f,1f],start_interpolation:0}
execute if entity @s[tag=aj.tultaria.bone.body] run data modify entity @s {} merge value {transformation:[-0.9983618494271823f,0f,-0.05721553642443751f,0.5277886929258099f,0f,1f,0f,0f,0.05721553642443751f,0f,-0.9983618494271823f,0.4705731565013724f,0f,0f,0f,1f],start_interpolation:0}
execute if entity @s[tag=aj.tultaria.bone.left_hand] run data modify entity @s {} merge value {transformation:[-0.5585460449752679f,-0.8151811953196881f,0.15331645195363228f,0.5253442012158652f,-0.768057618216755f,0.5780776035758985f,0.2755245530676924f,0.9816021587717312f,-0.31323124164375954f,0.03613728048858761f,-0.9489890864584258f,-0.21545392125239196f,0f,0f,0f,1f],start_interpolation:0}
execute if entity @s[tag=aj.tultaria.bone.left_arm] run data modify entity @s {} merge value {transformation:[-0.5585460449752679f,-0.800195286484592f,-0.21843493111296897f,0.21839165456219614f,-0.768057618216755f,0.39948990622372604f,0.5004950648353726f,1f,-0.31323124164375954f,0.4473201519194056f,-0.8377295929744325f,-0.012515898592845706f,0f,0f,0f,1f],start_interpolation:0}
execute if entity @s[tag=aj.tultaria.bone.rod] run data modify entity @s {} merge value {transformation:[-0.3329977498780547f,0.26619794061343294f,0.7330451247974581f,-0.8718199344082789f,0.7168707638971763f,-0.20939389577369427f,0.4016895620777263f,0.9233068253890625f,0.3071039017102074f,0.7774296449363658f,-0.14280875578368718f,-0.2581125491851225f,0f,0f,0f,1f],start_interpolation:0}
execute if entity @s[tag=aj.tultaria.bone.right_hand] run data modify entity @s {} merge value {transformation:[-0.39268602579959244f,0.8779621709034651f,0.2738249652683197f,-0.5083559996609395f,0.8453664668598769f,0.22734224385944318f,0.48339532565572263f,1.068984582543319f,0.3621508274884518f,0.42130503274875336f,-0.8314739006908163f,-0.20405739949069196f,0f,0f,0f,1f],start_interpolation:0}
execute if entity @s[tag=aj.tultaria.bone.right_arm] run data modify entity @s {} merge value {transformation:[-0.39268602579959244f,0.8391015912338673f,0.3764388459371769f,-0.21839165456219614f,0.8453664668598769f,0.16815314872317866f,0.507030625587182f,1f,0.3621508274884518f,0.5173326184992324f,-0.7753797392156679f,0.012515898592845706f,0f,0f,0f,1f],start_interpolation:0}