execute if entity @s[tag=aj.tultaria.bone.head] run data modify entity @s {} merge value {transformation:[-0.7789075622453595f,0.1913621739468308f,-0.5972298785721745f,0f,-0.045224446418918623f,0.9326905857693943f,0.3578309945536389f,1.15625f,0.6255060023078066f,0.30572665830687196f,-0.7178255021085692f,0f,0f,0f,0f,1f],start_interpolation:0}
execute if entity @s[tag=aj.tultaria.bone.bust] run data modify entity @s {} merge value {transformation:[-0.7821260668274327f,0f,-0.6231202256298942f,0.7026231462286634f,0f,1f,0f,0f,0.6231202256298942f,0f,-0.7821260668274327f,0.07950292059876923f,0f,0f,0f,1f],start_interpolation:0}
execute if entity @s[tag=aj.tultaria.bone.left_wing] run data modify entity @s {} merge value {transformation:[-0.48413247826526284f,0f,-0.8749947105490037f,-0.029007149027022283f,0f,1f,0f,1.0625f,0.8749947105490037f,0f,-0.48413247826526284f,-0.1367107724552975f,0f,0f,0f,1f],start_interpolation:0}
execute if entity @s[tag=aj.tultaria.bone.right_wing] run data modify entity @s {} merge value {transformation:[-0.961048051705577f,0f,-0.27638133495754463f,-0.12677290738045133f,0f,1f,0f,1.0625f,0.27638133495754463f,0f,-0.961048051705577f,-0.0588207442515607f,0f,0f,0f,1f],start_interpolation:0}
execute if entity @s[tag=aj.tultaria.bone.body] run data modify entity @s {} merge value {transformation:[-0.7821260668274327f,0f,-0.6231202256298942f,0.7026231462286634f,0f,1f,0f,0f,0.6231202256298942f,0f,-0.7821260668274327f,0.07950292059876923f,0f,0f,0f,1f],start_interpolation:0}
execute if entity @s[tag=aj.tultaria.bone.left_hand] run data modify entity @s {} merge value {transformation:[-0.8976005071425015f,-0.3556390696022341f,-0.26044996016505967f,0.23355313556567014f,-0.20015127028973437f,0.8552395819464763f,-0.47802167991987776f,0.724397647320751f,0.39275030054594423f,-0.3769431119472455f,-0.8388450940290448f,-0.3727053010951892f,0f,0f,0f,1f],start_interpolation:0}
execute if entity @s[tag=aj.tultaria.bone.left_arm] run data modify entity @s {} merge value {transformation:[-0.8976005071425015f,-0.0561520668008306f,-0.43721879530907515f,0.1710900771185009f,-0.20015127028973437f,0.9356324794012241f,0.2907427256027634f,1f,0.39275030054594423f,0.3484807152246924f,-0.8510630955091153f,-0.13630754935653935f,0f,0f,0f,1f],start_interpolation:0}
execute if entity @s[tag=aj.tultaria.bone.rod] run data modify entity @s {} merge value {transformation:[0.02838067273214877f,-0.3662508783833969f,-0.9634546979258811f,0.31206886351180196f,0.9287809828449874f,0.4270128467203555f,-0.1349668036891567f,0.89091587699649f,0.44693461129963963f,-0.8641240919427942f,0.3416564508439316f,0.548603990966137f,0f,0f,0f,1f],start_interpolation:0}
execute if entity @s[tag=aj.tultaria.bone.right_hand] run data modify entity @s {} merge value {transformation:[0.027524359330747733f,-0.8714215485941696f,-0.48976207926826165f,-0.07593447711954437f,0.9007574187074232f,0.23406941936967107f,-0.36585185466180836f,0.9329604274273906f,0.43344951526904707f,-0.4310869883929278f,0.79138203552478f,0.4858691247593866f,0f,0f,0f,1f],start_interpolation:0}
execute if entity @s[tag=aj.tultaria.bone.right_arm] run data modify entity @s {} merge value {transformation:[0.027524359330747733f,-0.5046430676067741f,-0.8628892072333831f,-0.1710900771185009f,0.9007574187074232f,0.38682346227335773f,-0.1974934978129459f,1f,0.43344951526904707f,-0.7718179729387474f,0.46520805491924944f,0.13630754935653935f,0f,0f,0f,1f],start_interpolation:0}
execute if entity @s[tag=aj.tultaria.bone.skirt] run data modify entity @s {} merge value {transformation:[-0.9490151897056189f,0f,-0.3152303438884144f,0.0197018964930259f,0f,1f,0f,0.453125f,0.3152303438884144f,0f,-0.9490151897056189f,0.05931344935660118f,0f,0f,0f,1f],start_interpolation:0}
execute if entity @s[tag=aj.tultaria.bone.left_foot] run data modify entity @s {} merge value {transformation:[-0.9490151897056189f,0f,-0.3152303438884144f,0.15803069169925416f,0f,1f,0f,0f,0.3152303438884144f,0f,-0.9490151897056189f,0.07922310572715056f,0f,0f,0f,1f],start_interpolation:0}
execute if entity @s[tag=aj.tultaria.bone.left_leg] run data modify entity @s {} merge value {transformation:[-0.9490151897056189f,0f,-0.3152303438884144f,0.11862689871320237f,0f,1f,0f,0.4375f,0.3152303438884144f,0f,-0.9490151897056189f,-0.0394037929860518f,0f,0f,0f,1f],start_interpolation:0}
execute if entity @s[tag=aj.tultaria.bone.right_foot] run data modify entity @s {} merge value {transformation:[-0.9490151897056189f,0f,-0.3152303438884144f,-0.07922310572715056f,0f,1f,0f,0f,0.3152303438884144f,0f,-0.9490151897056189f,0.15803069169925416f,0f,0f,0f,1f],start_interpolation:0}
execute if entity @s[tag=aj.tultaria.bone.right_leg] run data modify entity @s {} merge value {transformation:[-0.9490151897056189f,0f,-0.3152303438884144f,-0.11862689871320237f,0f,1f,0f,0.4375f,0.3152303438884144f,0f,-0.9490151897056189f,0.0394037929860518f,0f,0f,0f,1f],start_interpolation:0}
execute if entity @s[tag=aj.tultaria.bone.lower] run data modify entity @s {} merge value {transformation:[-0.9490151897056189f,0f,-0.3152303438884144f,0f,0f,1f,0f,0.5f,0.3152303438884144f,0f,-0.9490151897056189f,0f,0f,0f,0f,1f],start_interpolation:0}