execute if entity @s[tag=aj.tultaria.bone.head] run data modify entity @s {} merge value {transformation:[-0.9834559736812192f,-0.021154888585243108f,0.17990780561073733f,0f,0.006902716953350995f,0.9880597194582593f,0.15391667642827964f,1.480078125f,-0.1810157460813473f,0.15261212754238032f,-0.9715672072469311f,0f,0f,0f,0f,1f],start_interpolation:0}
execute if entity @s[tag=aj.tultaria.bone.bust] run data modify entity @s {} merge value {transformation:[-0.8734757992922713f,0f,0.4868675672610857f,0.19330411601559278f,0f,1f,0f,0.323828125f,-0.4868675672610857f,0f,-0.8734757992922713f,0.6801716832766784f,0f,0f,0f,1f],start_interpolation:0}
execute if entity @s[tag=aj.tultaria.bone.left_wing] run data modify entity @s {} merge value {transformation:[-0.8989754969739895f,-0.31926171654754526f,-0.299858320190525f,0.1154506833634027f,-0.38048217538977797f,0.9083577782154495f,0.1735495922385143f,1.386328125f,0.21697089678348752f,0.27010757690706716f,-0.9380647775321073f,-0.07875525195771615f,0f,0f,0f,1f],start_interpolation:0}
execute if entity @s[tag=aj.tultaria.bone.right_wing] run data modify entity @s {} merge value {transformation:[-0.2882480019531789f,-0.061829593999442434f,0.9555575287107858f,0.00626620845186876f,0.38048217538977797f,0.9083577782154495f,0.1735495922385143f,1.386328125f,-0.878718614563651f,0.41359793043650067f,-0.23830725620085758f,-0.13961369786535183f,0f,0f,0f,1f],start_interpolation:0}
execute if entity @s[tag=aj.tultaria.bone.body] run data modify entity @s {} merge value {transformation:[-0.8734757992922713f,0f,0.4868675672610857f,0.19330411601559278f,0f,1f,0f,0.323828125f,-0.4868675672610857f,0f,-0.8734757992922713f,0.6801716832766784f,0f,0f,0f,1f],start_interpolation:0}
execute if entity @s[tag=aj.tultaria.bone.left_hand] run data modify entity @s {} merge value {transformation:[-0.2103886512722086f,-0.8381847568719121f,0.5031728617119913f,0.559108722283092f,-0.8380011562336052f,0.4196906297944805f,0.3487317556716814f,1.336272307151464f,-0.5034785770685799f,-0.3482902361684661f,-0.7906979409500899f,0.11820324731138214f,0f,0f,0f,1f],start_interpolation:0}
execute if entity @s[tag=aj.tultaria.bone.left_arm] run data modify entity @s {} merge value {transformation:[-0.2103886512722086f,-0.9405074147082829f,0.26680033413510373f,0.19107283109518433f,-0.8380011562336052f,0.31404603006426146f,0.44623889695096947f,1.323828125f,-0.5034785770685799f,-0.1296953888140166f,-0.8542180216744312f,0.1065022803383625f,0f,0f,0f,1f],start_interpolation:0}
execute if entity @s[tag=aj.tultaria.bone.rod] run data modify entity @s {} merge value {transformation:[-0.1714630614115562f,-1.017294829111873f,0.2818209874844466f,-0.7440329123087084f,1.0458742448645901f,-0.1250285440232804f,0.18500364013020973f,1.2681229824305353f,-0.14303461907309858f,0.305271213177316f,1.0149197031809707f,-0.5519102706289325f,0f,0f,0f,1f],start_interpolation:0}
execute if entity @s[tag=aj.tultaria.bone.sword] run data modify entity @s {} merge value {transformation:[-0.000001603290963848318f,0.000007680196650612746f,0.000006200325595737622f,-0.7199791703407142f,0.000009779603328603962f,0.000002087143977027601f,-5.646905626746101e-8f,1.298419544131169f,-0.0000013374665679562465f,0.000006054618850685331f,-0.000007845557580728418f,-0.5928659048134601f,0f,0f,0f,1f],start_interpolation:0}
execute if entity @s[tag=aj.tultaria.bone.right_hand] run data modify entity @s {} merge value {transformation:[-0.16032909638483178f,0.7680196650612746f,0.6200325595737621f,-0.3785214679640101f,0.9779603328603961f,0.2087143977027601f,-0.0056469056267461f,1.3456850183657272f,-0.13374665679562464f,0.605461885068533f,-0.7845557580728418f,-0.4229315334873378f,0f,0f,0f,1f],start_interpolation:0}
execute if entity @s[tag=aj.tultaria.bone.right_arm] run data modify entity @s {} merge value {transformation:[-0.16032909638483178f,0.6932163787993668f,0.7026703587150351f,-0.19107283109518433f,0.9779603328603961f,0.2080202657019773f,0.017920837281278607f,1.323828125f,-0.13374665679562464f,0.6900569695478566f,-0.7112898217846377f,-0.1065022803383625f,0f,0f,0f,1f],start_interpolation:0}
execute if entity @s[tag=aj.tultaria.bone.skirt] run data modify entity @s {} merge value {transformation:[-0.7528038933734225f,0.20988527225710302f,0.6238865847342596f,-0.039755261272926855f,0f,0.9478031974340072f,-0.3188559219049762f,0.7742715279030169f,-0.6582448618271294f,-0.24003597943523802f,-0.7135099371800993f,0.045466234837389055f,0f,0f,0f,1f],start_interpolation:0}
execute if entity @s[tag=aj.tultaria.bone.left_foot] run data modify entity @s {} merge value {transformation:[-0.7528038933734225f,0.19451111548881433f,0.628849524189304f,-0.07391562818200724f,0f,0.9553428528766161f,-0.2954996335997189f,0.3865807025118778f,-0.6582448618271294f,-0.22245327466428821f,-0.7191858191519893f,0.27443278808912097f,0f,0f,0f,1f],start_interpolation:0}
execute if entity @s[tag=aj.tultaria.bone.left_leg] run data modify entity @s {} merge value {transformation:[-0.7528038933734225f,0.20988527225710302f,0.6238865847342596f,0.09589500152225779f,0f,0.9478031974340072f,-0.3188559219049762f,0.761387611151134f,-0.6582448618271294f,-0.24003597943523802f,-0.7135099371800993f,0.0802283049386919f,0f,0f,0f,1f],start_interpolation:0}
execute if entity @s[tag=aj.tultaria.bone.right_foot] run data modify entity @s {} merge value {transformation:[-0.7528038933734225f,0.19451111548881433f,0.628849524189304f,-0.3436041735569727f,0f,0.9553428528766164f,-0.295499633599719f,0.5138338866138115f,-0.6582448618271294f,-0.22245327466428816f,-0.7191858191519893f,0.2030651014305223f,0f,0f,0f,1f],start_interpolation:0}
execute if entity @s[tag=aj.tultaria.bone.right_leg] run data modify entity @s {} merge value {transformation:[-0.7528038933734225f,0.43265976686653634f,0.49607642985412154f,-0.09230597182109783f,0f,0.7536350963335022f,-0.6572930408686776f,0.761387611151134f,-0.6582448618271294f,-0.4948127602531964f,-0.5673394347027146f,-0.08433291051809044f,0f,0f,0f,1f],start_interpolation:0}
execute if entity @s[tag=aj.tultaria.bone.lower] run data modify entity @s {} merge value {transformation:[-0.7528038933734225f,-0.02871223760927963f,0.6576183585737894f,0f,0f,0.9990482215818578f,0.043619387365336f,0.823828125f,-0.6582448618271294f,0.03283684463518841f,-0.7520873908746162f,0f,0f,0f,0f,1f],start_interpolation:0}