execute if entity @s[tag=aj.tultaria.bone.head] run data modify entity @s {} merge value {transformation:[-0.9946850149193397f,-0.008183665482266199f,0.1026389239722798f,0f,0.007511402634899977f,0.9884129959292891f,0.15160253397797643f,1.50936f,-0.10269031076673928f,0.1515677310556619f,-0.9830981247959276f,0f,0f,0f,0f,1f],start_interpolation:0}
execute if entity @s[tag=aj.tultaria.bone.bust] run data modify entity @s {} merge value {transformation:[-0.9777451288437002f,0f,0.20979624167848204f,0.3839744435826091f,0f,1f,0f,0.35311000000000003f,-0.20979624167848204f,0f,-0.9777451288437002f,0.5937706852610911f,0f,0f,0f,1f],start_interpolation:0}
execute if entity @s[tag=aj.tultaria.bone.left_wing] run data modify entity @s {} merge value {transformation:[-0.8666600457735799f,-0.20347643024601142f,-0.4555191624883377f,0.0873336007625416f,-0.3043609068327772f,0.939093759973208f,0.1595849252633605f,1.41561f,0.3953034321273545f,0.27694810400817493f,-0.8758053118328359f,-0.10910587600055743f,0f,0f,0f,1f],start_interpolation:0}
execute if entity @s[tag=aj.tultaria.bone.right_wing] run data modify entity @s {} merge value {transformation:[-0.6281938781532687f,0.0719454108241731f,0.7747233759943593f,-0.03488454034292099f,0.3043609068327772f,0.939093759973208f,0.1595849252633605f,1.41561f,-0.7160564850922626f,0.3360457823581837f,-0.6118303215080063f,-0.13533040621036774f,0f,0f,0f,1f],start_interpolation:0}
execute if entity @s[tag=aj.tultaria.bone.body] run data modify entity @s {} merge value {transformation:[-0.9777451288437002f,0f,0.20979624167848204f,0.3839744435826091f,0f,1f,0f,0.35311000000000003f,-0.20979624167848204f,0f,-0.9777451288437002f,0.5937706852610911f,0f,0f,0f,1f],start_interpolation:0}
execute if entity @s[tag=aj.tultaria.bone.left_hand] run data modify entity @s {} merge value {transformation:[-0.550850955290526f,-0.7023174977198832f,0.45090282484366523f,0.5610075654547597f,-0.7097610983698294f,0.6784380941738639f,0.18963368797391636f,1.274898301800288f,-0.4390927103657818f,-0.2155733860434013f,-0.8721959108671711f,-0.049651741693190504f,0f,0f,0f,1f],start_interpolation:0}
execute if entity @s[tag=aj.tultaria.bone.left_arm] run data modify entity @s {} merge value {transformation:[-0.550850955290526f,-0.8247960776064024f,0.1275721577014689f,0.2138817469345594f,-0.7097610983698294f,0.5433658288904293f,0.4483221600981487f,1.35311f,-0.4390927103657818f,0.15641293539637363f,-0.8847217558895686f,0.04589292786716795f,0f,0f,0f,1f],start_interpolation:0}
execute if entity @s[tag=aj.tultaria.bone.rod] run data modify entity @s {} merge value {transformation:[-0.17656570955342377f,-0.7408811931500388f,0.5440731640565184f,-0.8930073019030881f,0.9174070246298891f,-0.1074924164183696f,0.15134639596724409f,1.3055258462516517f,-0.0573140590922509f,0.5618153059939848f,0.746441330970663f,-0.24643275357420236f,0f,0f,0f,1f],start_interpolation:0}
execute if entity @s[tag=aj.tultaria.bone.sword] run data modify entity @s {} merge value {transformation:[-0.0000018863857858271773f,0.000009454168786499315f,0.0000026571114435437757f,-0.8864470475921866f,0.00000980135710074668f,0.0000019811973365162677f,-9.086306963507527e-8f,1.3357291665525706f,-6.123296911565269e-7f,0.0000025871895311636813f,-0.00000964009868617356f,-0.2935342464505051f,0f,0f,0f,1f],start_interpolation:0}
execute if entity @s[tag=aj.tultaria.bone.right_hand] run data modify entity @s {} merge value {transformation:[-0.1886385785827177f,0.9454168786499314f,0.26571114435437754f,-0.5052620793650666f,0.9801357100746679f,0.19811973365162677f,-0.009086306963507526f,1.3786849580005731f,-0.06123296911565268f,0.2587189531163681f,-0.9640098686173559f,-0.2699143797327338f,0f,0f,0f,1f],start_interpolation:0}
execute if entity @s[tag=aj.tultaria.bone.right_arm] run data modify entity @s {} merge value {transformation:[-0.1886385785827177f,0.9020717058758513f,0.38817795420209483f,-0.2138817469345594f,0.9801357100746679f,0.1975855825413393f,0.017144311249689084f,1.35311f,-0.06123296911565268f,0.3837011532821232f,-0.9214249554159308f,-0.04589292786716795f,0f,0f,0f,1f],start_interpolation:0}
execute if entity @s[tag=aj.tultaria.bone.skirt] run data modify entity @s {} merge value {transformation:[-0.9396744023582222f,0.0778795069759257f,0.33308677539930154f,-0.020659621853040246f,0f,0.9737380845862745f,-0.22767112822282376f,0.8035534029030169f,-0.3420701938969808f,-0.21393673134700414f,-0.9149967526870475f,0.05675243901416634f,0f,0f,0f,1f],start_interpolation:0}
execute if entity @s[tag=aj.tultaria.bone.left_foot] run data modify entity @s {} merge value {transformation:[-0.9396744023582222f,0.037655518713655516f,0.3399912932166404f,0.042683724836255585f,0f,0.9939225903997752f,-0.11008126222478183f,0.39311796517249187f,-0.3420701938969808f,-0.10344054429191067f,-0.9339636161242446f,0.24816893692770822f,0f,0f,0f,1f],start_interpolation:0}
execute if entity @s[tag=aj.tultaria.bone.left_leg] run data modify entity @s {} merge value {transformation:[-0.9396744023582222f,0.0778795069759257f,0.33308677539930154f,0.11839185606313578f,0f,0.9737380845862745f,-0.22767112822282376f,0.790669486151134f,-0.3420701938969808f,-0.21393673134700414f,-0.9149967526870475f,0.04019702287751298f,0f,0f,0f,1f],start_interpolation:0}
execute if entity @s[tag=aj.tultaria.bone.right_foot] run data modify entity @s {} merge value {transformation:[-0.9396744023582222f,0.03765551871365558f,0.3399912932166404f,-0.23851325861884268f,0f,0.993922590399775f,-0.1100812622247821f,0.5080765632039455f,-0.3420701938969808f,-0.10344054429191085f,-0.9339636161242446f,0.2897791316393556f,0f,0f,0f,1f],start_interpolation:0}
execute if entity @s[tag=aj.tultaria.bone.right_leg] run data modify entity @s {} merge value {transformation:[-0.9396744023582222f,0.19941807298235223f,0.27792885730115047f,-0.11652674452641977f,0f,0.8124907175772603f,-0.5829741279429034f,0.790669486151134f,-0.3420701938969808f,-0.5478058652650535f,-0.7634767294610152f,-0.04532052559673222f,0f,0f,0f,1f],start_interpolation:0}
execute if entity @s[tag=aj.tultaria.bone.lower] run data modify entity @s {} merge value {transformation:[-0.9396744023582222f,-0.014920892293728f,0.3417446188689399f,0f,0f,0.9990482215818578f,0.043619387365336f,0.85311f,-0.3420701938969808f,0.04098802175375389f,-0.938780040541977f,0f,0f,0f,0f,1f],start_interpolation:0}