execute if entity @s[tag=aj.tultaria.bone.head] run data modify entity @s {} merge value {transformation:[-0.9966731371722356f,-0.0013176478115399376f,0.0814918489390129f,0f,0.0037740876909588385f,0.9980505862154642f,0.062295935798968936f,1.15625f,-0.08141507170883724f,0.06239624314983275f,-0.994725235901569f,0f,0f,0f,0f,1f],start_interpolation:0}
execute if entity @s[tag=aj.tultaria.bone.bust] run data modify entity @s {} merge value {transformation:[-0.9723399911074065f,0f,0.23356999313535276f,0.3693849989860269f,0f,1f,0f,0f,-0.23356999313535276f,0f,-0.9723399911074065f,0.6029549921213797f,0f,0f,0f,1f],start_interpolation:0}
execute if entity @s[tag=aj.tultaria.bone.left_wing] run data modify entity @s {} merge value {transformation:[-0.9877083830968667f,0f,-0.156307869156269f,0.08996749858613201f,0f,1f,0f,1.0625f,0.156307869156269f,0f,-0.9877083830968667f,-0.10694437431746617f,0f,0f,0f,1f],start_interpolation:0}
execute if entity @s[tag=aj.tultaria.bone.right_wing] run data modify entity @s {} merge value {transformation:[-0.8089416497558122f,0f,0.5878889412893773f,-0.03157500030229382f,0f,1f,0f,1.0625f,-0.5878889412893773f,0f,-0.8089416497558122f,-0.13614062345938527f,0f,0f,0f,1f],start_interpolation:0}
execute if entity @s[tag=aj.tultaria.bone.body] run data modify entity @s {} merge value {transformation:[-0.9723399911074065f,0f,0.23356999313535276f,0.3693849989860269f,0f,1f,0f,0f,-0.23356999313535276f,0f,-0.9723399911074065f,0.6029549921213797f,0f,0f,0f,1f],start_interpolation:0}
execute if entity @s[tag=aj.tultaria.bone.left_hand] run data modify entity @s {} merge value {transformation:[-0.28446147708542757f,-0.9264318283330524f,0.24658819011837274f,0.5581571245813495f,-0.8483636728070311f,0.3630515509276031f,0.3853214891884784f,1.0554336677239613f,-0.44649831658780237f,-0.09958734267234995f,-0.8892252889249825f,-0.06435455182668916f,0f,0f,0f,1f],start_interpolation:0}
execute if entity @s[tag=aj.tultaria.bone.left_arm] run data modify entity @s {} merge value {transformation:[-0.28446147708542757f,-0.9537878457648556f,-0.09680089527278499f,0.21269937305474518f,-0.8483636728070311f,0.20341295300306372f,0.4887762772597889f,1f,-0.44649831658780237f,0.2211603848382647f,-0.8670221089813392f,0.051093435998358416f,0f,0f,0f,1f],start_interpolation:0}
execute if entity @s[tag=aj.tultaria.bone.rod] run data modify entity @s {} merge value {transformation:[-0.37894645388328096f,-0.8888897960571254f,0.5662813042603547f,-0.6319599217189202f,1.0049634280871074f,-0.48606873187936833f,-0.09047483681440215f,1.1309678495615751f,0.31756588811882225f,0.4775061448344983f,0.9620497847557575f,-0.6352090610513842f,0f,0f,0f,1f],start_interpolation:0}
execute if entity @s[tag=aj.tultaria.bone.right_hand] run data modify entity @s {} merge value {transformation:[-0.33834504811007227f,0.4809723341703401f,0.8088190416787475f,-0.35049291619519923f,0.8972887750777743f,-0.09408387491541588f,0.4313016097817488f,1.1495990976910129f,0.2835409715346627f,0.8716730110790601f,-0.399738263389364f,-0.35829896482040713f,0f,0f,0f,1f],start_interpolation:0}
execute if entity @s[tag=aj.tultaria.bone.right_arm] run data modify entity @s {} merge value {transformation:[-0.33834504811007227f,0.5220970540659955f,0.7829031195205457f,-0.21269937305474518f,0.8972887750777743f,-0.07168646688874225f,0.4355845550343088f,1f,0.2835409715346627f,0.8498680583482464f,-0.444217065026279f,-0.051093435998358416f,0f,0f,0f,1f],start_interpolation:0}