execute if entity @s[tag=aj.tultaria.bone.head] run data modify entity @s {} merge value {transformation:[-0.6594933456062088f,0.30320698361615467f,-0.6878474047254396f,0f,-0.09575158417928156f,0.873705351632516f,0.4769387724392511f,1.50936f,0.7455871251760505f,0.38040042536134827f,-0.5471703164067088f,0f,0f,0f,0f,1f],start_interpolation:0}
execute if entity @s[tag=aj.tultaria.bone.bust] run data modify entity @s {} merge value {transformation:[-0.46963322416127706f,0f,-0.8828616169954857f,0.6762474205783814f,0f,1f,0f,0.35311000000000003f,0.8828616169954857f,0f,-0.46963322416127706f,-0.20661419641710432f,0f,0f,0f,1f],start_interpolation:0}
execute if entity @s[tag=aj.tultaria.bone.left_wing] run data modify entity @s {} merge value {transformation:[0.142748829629404f,0.2106078129924189f,-0.9670920952763422f,-0.08100562561435598f,-0.3043609068327772f,0.939093759973208f,0.1595849252633606f,1.41561f,0.9417999840897031f,0.2715644658012775f,0.19815532009689252f,-0.1138830040823775f,0f,0f,0f,1f],start_interpolation:0}
execute if entity @s[tag=aj.tultaria.bone.right_wing] run data modify entity @s {} merge value {transformation:[-0.860761169689988f,0.3428991877182578f,-0.37617862222099085f,-0.1397097786345155f,0.3043609068327772f,0.939093759973208f,0.1595849252633606f,1.41561f,0.4079885380079365f,0.02287044034429403f,-0.9127005510092588f,-0.003525301957941762f,0f,0f,0f,1f],start_interpolation:0}
execute if entity @s[tag=aj.tultaria.bone.body] run data modify entity @s {} merge value {transformation:[-0.46963322416127706f,0f,-0.8828616169954857f,0.6762474205783814f,0f,1f,0f,0.35311000000000003f,0.8828616169954857f,0f,-0.46963322416127706f,-0.20661419641710432f,0f,0f,0f,1f],start_interpolation:0}
execute if entity @s[tag=aj.tultaria.bone.left_hand] run data modify entity @s {} merge value {transformation:[-0.444001227642288f,-0.7995357491627979f,-0.4044817618420201f,0.2584353993592218f,-0.8935258067736874f,0.42878262500614217f,0.13325574329939172f,1.3556640092396335f,0.06689202106060593f,0.42058060619044907f,-0.9047858372095033f,-0.5270304551101455f,0f,0f,0f,1f],start_interpolation:0}
execute if entity @s[tag=aj.tultaria.bone.left_arm] run data modify entity @s {} merge value {transformation:[-0.444001227642288f,-0.5290836806767426f,-0.7231413200016246f,0.10273226778527936f,-0.8935258067736874f,0.3216911969059636f,0.31325134710427005f,1.35311f,0.06689202106060593f,0.7852294140407372f,-0.6155812089754431f,-0.1931259787177625f,0f,0f,0f,1f],start_interpolation:0}
execute if entity @s[tag=aj.tultaria.bone.rod] run data modify entity @s {} merge value {transformation:[0.2320920347747559f,-0.35013749666080574f,-0.9775648422617388f,0.49055313797250727f,0.9471736429866636f,0.48189786117498024f,0.0522737164008063f,1.2367562496910243f,0.42554832560531347f,-0.881631547091575f,0.4168098340339756f,0.36293134319202347f,0f,0f,0f,1f],start_interpolation:0}
execute if entity @s[tag=aj.tultaria.bone.sword] run data modify entity @s {} merge value {transformation:[0.000002181316116304097f,-0.000009719642359431649f,-8.777313971221558e-7f,0.49325538491194754f,0.00000890200792280699f,0.0000023502472099746236f,-0.000003902639234452514f,1.2462814030382998f,0.000003999514338395804f,6.993180069540695e-8f,0.000009165096540692733f,0.41839121553400754f,0f,0f,0f,1f],start_interpolation:0}
execute if entity @s[tag=aj.tultaria.bone.right_hand] run data modify entity @s {} merge value {transformation:[0.21813161163040967f,-0.9719642359431648f,-0.08777313971221556f,0.11509490702979355f,0.8902007922806988f,0.23502472099746236f,-0.3902639234452514f,1.2761075296344162f,0.3999514338395803f,0.006993180069540694f,0.9165096540692732f,0.4801174924767604f,0f,0f,0f,1f],start_interpolation:0}
execute if entity @s[tag=aj.tultaria.bone.right_arm] run data modify entity @s {} merge value {transformation:[0.21813161163040967f,-0.7458418861651563f,-0.6293953295418725f,-0.10273226778527936f,0.8902007922806988f,0.41636717110962596f,-0.18488084877829697f,1.35311f,0.3999514338395803f,-0.5199598635123384f,0.7547718800444901f,0.1931259787177625f,0f,0f,0f,1f],start_interpolation:0}
execute if entity @s[tag=aj.tultaria.bone.skirt] run data modify entity @s {} merge value {transformation:[-0.7595368582715987f,-0.14809193323604666f,-0.6333818281552761f,0.0392853455157102f,0f,0.9737380845862744f,-0.22767112822282393f,0.8035534029030169f,0.6504642656802212f,-0.17292461344951404f,-0.739589965546063f,0.04587287800954456f,0f,0f,0f,1f],start_interpolation:0}
execute if entity @s[tag=aj.tultaria.bone.left_foot] run data modify entity @s {} merge value {transformation:[-0.7595368582715987f,-0.0716039273981948f,-0.646511127907373f,0.23713175329587888f,0f,0.993922590399775f,-0.11008126222478211f,0.3931179651724919f,0.6504642656802212f,-0.0836107760647831f,-0.754920841677414f,0.08472457258994266f,0f,0f,0f,1f],start_interpolation:0}
execute if entity @s[tag=aj.tultaria.bone.left_leg] run data modify entity @s {} merge value {transformation:[-0.7595368582715987f,-0.14809193323604666f,-0.6333818281552761f,0.09316880398569893f,0f,0.9737380845862744f,-0.22767112822282393f,0.790669486151134f,0.6504642656802212f,-0.17292461344951404f,-0.739589965546063f,-0.0833786914874776f,0f,0f,0f,1f],start_interpolation:0}
execute if entity @s[tag=aj.tultaria.bone.right_foot] run data modify entity @s {} merge value {transformation:[-0.7595368582715987f,-0.07160392739819482f,-0.6465111279073729f,0.1352482908092001f,0f,0.993922590399775f,-0.1100812622247821f,0.5080765632039455f,0.6504642656802212f,-0.08361077606478295f,-0.754920841677414f,0.35009772850423915f,0f,0f,0f,1f],start_interpolation:0}
execute if entity @s[tag=aj.tultaria.bone.right_leg] run data modify entity @s {} merge value {transformation:[-0.7595368582715987f,-0.379203838042948f,-0.5284961779808885f,-0.09671541058220073f,0f,0.8124907175772603f,-0.5829741279429034f,0.790669486151134f,0.6504642656802212f,-0.4427903375913778f,-0.6171166470034691f,0.0792373749325777f,0f,0f,0f,1f],start_interpolation:0}
execute if entity @s[tag=aj.tultaria.bone.lower] run data modify entity @s {} merge value {transformation:[-0.7595368582715987f,0.0283728527720144f,-0.649845167830374f,0f,0f,0.9990482215818578f,0.043619387365336f,0.85311f,0.6504642656802212f,0.033130532439199174f,-0.7588139474821123f,0f,0f,0f,0f,1f],start_interpolation:0}