execute if entity @s[tag=aj.tultaria.bone.head] run data modify entity @s {} merge value {transformation:[-0.9956509834118605f,0.0174758339459127f,-0.09150800215767918f,0f,0.001963084963319192f,0.9859656953413765f,0.16693649663097287f,1.568711875f,0.09314110547133153f,0.1660308490548998f,-0.981712020723841f,0f,0f,0f,0f,1f],start_interpolation:0}
execute if entity @s[tag=aj.tultaria.bone.bust] run data modify entity @s {} merge value {transformation:[-0.9324305558418038f,0f,-0.36134921963738154f,0.6468898877395927f,0f,1f,0f,0.412461875f,0.36134921963738154f,0f,-0.9324305558418038f,0.2855406681022111f,0f,0f,0f,1f],start_interpolation:0}
execute if entity @s[tag=aj.tultaria.bone.left_wing] run data modify entity @s {} merge value {transformation:[-0.6730906337123511f,-0.019189896938562316f,-0.7393109945511378f,0.013108257285440073f,-0.10074443220393459f,0.9927239020843254f,0.06595311676014712f,1.474961875f,0.7326660618512448f,0.11887389152357268f,-0.670126435626464f,-0.13913814570756183f,0f,0f,0f,1f],start_interpolation:0}
execute if entity @s[tag=aj.tultaria.bone.right_wing] run data modify entity @s {} merge value {transformation:[-0.991034186201576f,0.09428360874733122f,0.0946670106286231f,-0.10344556219478551f,0.10074443220393459f,0.9927239020843254f,0.06595311676014712f,1.474961875f,-0.0877599063336243f,0.0748989676300744f,-0.9933218730543802f,-0.09396949325288911f,0f,0f,0f,1f],start_interpolation:0}
execute if entity @s[tag=aj.tultaria.bone.body] run data modify entity @s {} merge value {transformation:[-0.9324305558418038f,0f,-0.36134921963738154f,0.6468898877395927f,0f,1f,0f,0.412461875f,0.36134921963738154f,0f,-0.9324305558418038f,0.2855406681022111f,0f,0f,0f,1f],start_interpolation:0}
execute if entity @s[tag=aj.tultaria.bone.left_hand] run data modify entity @s {} merge value {transformation:[-0.9128130402727744f,-0.4061137907878173f,0.04294115089192288f,0.3868865538404439f,-0.4041417667043496f,0.8832312009996679f,-0.23784885533836664f,1.1969827647919262f,0.05866673600142619f,-0.23446584935259351f,-0.9703525027402699f,-0.31537579238433977f,0f,0f,0f,1f],start_interpolation:0}
execute if entity @s[tag=aj.tultaria.bone.left_arm] run data modify entity @s {} merge value {transformation:[-0.9128130402727744f,-0.343436368652877f,-0.22096111466613097f,0.20396918409039458f,-0.4041417667043496f,0.8374215416860324f,0.3679600439249832f,1.412461875f,0.05866673600142619f,0.42517834164820006f,-0.9032062842342412f,-0.0790451417956772f,0f,0f,0f,1f],start_interpolation:0}
execute if entity @s[tag=aj.tultaria.bone.rod] run data modify entity @s {} merge value {transformation:[-0.06775203947441251f,-0.06489875658870467f,0.30162033778460257f,-0.872223178825798f,0.3076551710389648f,-0.0373624954230624f,0.061068447612061025f,1.3449956823529738f,0.023129472649480134f,0.30687002289894943f,0.07122381740650563f,0.2992850640420738f,0f,0f,0f,1f],start_interpolation:0}
execute if entity @s[tag=aj.tultaria.bone.sword] run data modify entity @s {} merge value {transformation:[-0.000002144900339514444f,0.000009156351184530144f,-0.000003400093457407341f,-0.8948639304683776f,0.000009739775893596032f,0.0000022660584307505377f,-4.176997665817365e-8f,1.3752366852548763f,7.322349869245786e-7f,-0.000003320574072954523f,-0.00000940412780378626f,0.257491449295965f,0f,0f,0f,1f],start_interpolation:0}
execute if entity @s[tag=aj.tultaria.bone.right_hand] run data modify entity @s {} merge value {transformation:[-0.21449003395144436f,0.9156351184530144f,-0.34000934574073405f,-0.5713611776235095f,0.9739775893596031f,0.22660584307505374f,-0.004176997665817365f,1.4294507487978918f,0.07322349869245785f,-0.3320574072954523f,-0.9404127803786259f,0.05721193875895095f,0f,0f,0f,1f],start_interpolation:0}
execute if entity @s[tag=aj.tultaria.bone.right_arm] run data modify entity @s {} merge value {transformation:[-0.21449003395144436f,0.9569590614330938f,-0.19550800514710368f,-0.20396918409039458f,0.9739775893596031f,0.22456393159542243f,0.030638147001125424f,1.412461875f,0.07322349869245785f,-0.18384883836320018f,-0.9802234050826053f,0.0790451417956772f,0f,0f,0f,1f],start_interpolation:0}
execute if entity @s[tag=aj.tultaria.bone.skirt] run data modify entity @s {} merge value {transformation:[-0.9460685704996467f,-0.012132663155752123f,-0.3237391826725706f,0.019566230684716048f,0f,0.9992984888596173f,-0.037450369329091085f,0.8629052779030169f,0.3239664487454758f,-0.03543061737585701f,-0.9454048928578752f,0.057138620266504195f,0f,0f,0f,1f],start_interpolation:0}
execute if entity @s[tag=aj.tultaria.bone.left_foot] run data modify entity @s {} merge value {transformation:[-0.9460685704996467f,0.0877062897343635f,-0.3118683482718098f,0.16315080815084365f,0f,0.962656316663301f,0.2707264597120979f,0.41750956844118775f,0.3239664487454758f,0.2561257947362547f,-0.9107388853881043f,0.09060151740031275f,0f,0f,0f,1f],start_interpolation:0}
execute if entity @s[tag=aj.tultaria.bone.left_leg] run data modify entity @s {} merge value {transformation:[-0.9460685704996467f,-0.012132663155752123f,-0.3237391826725706f,0.11737537018613076f,0f,0.9992984888596173f,-0.037450369329091085f,0.8500213611511339f,0.3239664487454758f,-0.03543061737585701f,-0.9454048928578752f,-0.043074989308859085f,0f,0f,0f,1f],start_interpolation:0}
execute if entity @s[tag=aj.tultaria.bone.right_foot] run data modify entity @s {} merge value {transformation:[-0.9460685704996467f,0.08770628973436351f,-0.31186834827180987f,-0.023229443901873106f,0f,0.9626563166633011f,0.2707264597120979f,0.504504530952617f,0.3239664487454758f,0.25612579473625474f,-0.9107388853881044f,0.3180062429711462f,0f,0f,0f,1f],start_interpolation:0}
execute if entity @s[tag=aj.tultaria.bone.right_leg] run data modify entity @s {} merge value {transformation:[-0.9460685704996467f,-0.13509874078066128f,-0.29445303556294794f,-0.11914177243878091f,0f,0.9088997848486617f,-0.41701460538218144f,0.8500213611511339f,0.3239664487454758f,-0.3945244115913946f,-0.8598815201792098f,0.03791662287750987f,0f,0f,0f,1f],start_interpolation:0}
execute if entity @s[tag=aj.tultaria.bone.lower] run data modify entity @s {} merge value {transformation:[-0.9460685704996467f,0.01413121802120118f,-0.3236581044713577f,0f,0f,0.9990482215818578f,0.043619387365336f,0.912461875f,0.3239664487454758f,0.04126693145079378f,-0.9451681228521625f,0f,0f,0f,0f,1f],start_interpolation:0}