execute if entity @s[tag=aj.tultaria.bone.head] run data modify entity @s {} merge value {transformation:[-0.8715341159472452f,0.11310086055089531f,-0.4771126492587475f,0f,-0.033534818044551475f,0.9570073220630979f,0.2881187281249466f,1.15625f,0.4891867748813049f,0.26710518688386603f,-0.8302717136100461f,0f,0f,0f,0f,1f],start_interpolation:0}
execute if entity @s[tag=aj.tultaria.bone.bust] run data modify entity @s {} merge value {transformation:[-0.8913525568843333f,0f,-0.45331073154709367f,0.6723316442157135f,0f,1f,0f,0f,0.45331073154709367f,0f,-0.8913525568843333f,0.21902091266861984f,0f,0f,0f,1f],start_interpolation:0}
execute if entity @s[tag=aj.tultaria.bone.left_wing] run data modify entity @s {} merge value {transformation:[-0.6500278768806664f,0f,-0.7599103626599739f,-0.0009543066381159093f,0f,1f,0f,1.0625f,0.7599103626599739f,0f,-0.6500278768806664f,-0.13975099033223498f,0f,0f,0f,1f],start_interpolation:0}
execute if entity @s[tag=aj.tultaria.bone.right_wing] run data modify entity @s {} merge value {transformation:[-0.9969768902334095f,0f,-0.07769865082818272f,-0.11237337624865762f,0f,1f,0f,1.0625f,0.07769865082818272f,0f,-0.9969768902334095f,-0.08308714888884833f,0f,0f,0f,1f],start_interpolation:0}
execute if entity @s[tag=aj.tultaria.bone.body] run data modify entity @s {} merge value {transformation:[-0.8913525568843333f,0f,-0.45331073154709367f,0.6723316442157135f,0f,1f,0f,0f,0.45331073154709367f,0f,-0.8913525568843333f,0.21902091266861984f,0f,0f,0f,1f],start_interpolation:0}
execute if entity @s[tag=aj.tultaria.bone.left_hand] run data modify entity @s {} merge value {transformation:[-0.9588335829618815f,-0.26996734317554155f,-0.08806698475149476f,0.3026102599635679f,-0.1961200050962003f,0.853843200750377f,-0.4821708536747299f,0.7233363759285025f,0.20536578046390047f,-0.4450499097304602f,-0.87163953218252f,-0.3173723537147462f,0f,0f,0f,1f],start_interpolation:0}
execute if entity @s[tag=aj.tultaria.bone.left_arm] run data modify entity @s {} merge value {transformation:[-0.9588335829618815f,-0.12158443586941817f,-0.256623040935135f,0.1949833718184479f,-0.1961200050962003f,0.9370887444733307f,0.28879340121003994f,1f,0.20536578046390047f,0.32723372371397186f,-0.9223572985989437f,-0.09916172252592674f,0f,0f,0f,1f],start_interpolation:0}
execute if entity @s[tag=aj.tultaria.bone.rod] run data modify entity @s {} merge value {transformation:[-0.0945431636341114f,-0.10361965041917642f,-1.0763477898625733f,0.20769356398000322f,0.9698176730759999f,0.46973158111376745f,-0.13040678348459675f,0.9106727879242176f,0.47824186107501304f,-0.9730443033266022f,0.05166732588532291f,0.5726926763812368f,0f,0f,0f,1f],start_interpolation:0}
execute if entity @s[tag=aj.tultaria.bone.right_hand] run data modify entity @s {} merge value {transformation:[-0.08710049443214582f,-0.8209832899629741f,-0.5642693873242164f,-0.1707088431716392f,0.8934712525684425f,0.1861351456106544f,-0.4087331995351967f,0.9293818175863134f,0.44059349144472637f,-0.5397593400489438f,0.7173125052070918f,0.4599469870137693f,0f,0f,0f,1f],start_interpolation:0}
execute if entity @s[tag=aj.tultaria.bone.right_arm] run data modify entity @s {} merge value {transformation:[-0.08710049443214582f,-0.34885851597686024f,-0.933119091917049f,-0.1949833718184479f,0.8934712525684425f,0.38691271704875585f,-0.2280519024689946f,1f,0.44059349144472637f,-0.8535785173118943f,0.2779947662819817f,0.09916172252592674f,0f,0f,0f,1f],start_interpolation:0}
execute if entity @s[tag=aj.tultaria.bone.skirt] run data modify entity @s {} merge value {transformation:[-0.9737380845862744f,0f,-0.2276711282228238f,0.014229445513926487f,0f,1f,0f,0.453125f,0.2276711282228238f,0f,-0.9737380845862744f,0.06085863028664215f,0f,0f,0f,1f],start_interpolation:0}
execute if entity @s[tag=aj.tultaria.bone.left_foot] run data modify entity @s {} merge value {transformation:[-0.9737380845862744f,0.08712596879874265f,-0.21034069550881968f,0.1501761516011373f,0f,0.9238795325112867f,0.3826834323650897f,0f,0.2276711282228238f,0.3726334324340836f,-0.899616686376003f,0.09325836954543133f,0f,0f,0f,1f],start_interpolation:0}
execute if entity @s[tag=aj.tultaria.bone.left_leg] run data modify entity @s {} merge value {transformation:[-0.9737380845862744f,0f,-0.2276711282228238f,0.1217172605732843f,0f,1f,0f,0.4375f,0.2276711282228238f,0f,-0.9737380845862744f,-0.028458891027852973f,0f,0f,0f,1f],start_interpolation:0}
execute if entity @s[tag=aj.tultaria.bone.right_foot] run data modify entity @s {} merge value {transformation:[-0.9737380845862744f,0.0871259687987427f,-0.21034069550881965f,-0.05730706228523194f,0f,0.9238795325112867f,0.38268343236508984f,0.08113813357194827f,0.2276711282228238f,0.3726334324340837f,-0.8996166863760029f,0.3039381035147649f,0f,0f,0f,1f],start_interpolation:0}
execute if entity @s[tag=aj.tultaria.bone.right_leg] run data modify entity @s {} merge value {transformation:[-0.9737380845862744f,-0.08712596879874265f,-0.21034069550881968f,-0.1217172605732843f,0f,0.9238795325112867f,-0.3826834323650897f,0.4375f,0.2276711282228238f,-0.3726334324340836f,-0.899616686376003f,0.028458891027852973f,0f,0f,0f,1f],start_interpolation:0}
execute if entity @s[tag=aj.tultaria.bone.lower] run data modify entity @s {} merge value {transformation:[-0.9737380845862744f,0f,-0.2276711282228238f,0f,0f,1f,0f,0.5f,0.2276711282228238f,0f,-0.9737380845862744f,0f,0f,0f,0f,1f],start_interpolation:0}