execute if entity @s[tag=aj.tultaria.bone.head] run data modify entity @s {} merge value {transformation:[-0.9875843762398329f,-0.01607762208295619f,0.15626455092290734f,0f,0.007827235813489583f,0.9884768869979798f,0.1511693694182229f,1.4906066666666666f,-0.15689434083643777f,0.1505156268928272f,-0.976078486534028f,0f,0f,0f,0f,1f],start_interpolation:0}
execute if entity @s[tag=aj.tultaria.bone.bust] run data modify entity @s {} merge value {transformation:[-0.9212256192898833f,0f,0.38902873719555825f,0.2660984410471625f,0f,1f,0f,0.33435666666666664f,-0.38902873719555825f,0f,-0.9212256192898833f,0.6551271782427208f,0f,0f,0f,1f],start_interpolation:0}
execute if entity @s[tag=aj.tultaria.bone.left_wing] run data modify entity @s {} merge value {transformation:[-0.8912681130730581f,-0.277907359075686f,-0.35834152758334903f,0.10620519335506245f,-0.3552231348061344f,0.9190542269720389f,0.17075084885098213f,1.3968566666666666f,0.2818823781609864f,0.2794759876204139f,-0.9178428499617464f,-0.09083890633651293f,0f,0f,0f,1f],start_interpolation:0}
execute if entity @s[tag=aj.tultaria.bone.right_wing] run data modify entity @s {} merge value {transformation:[-0.41944925460371285f,-0.006530526522303209f,0.9077552946888996f,-0.008948009056172934f,0.3552231348061344f,0.9190542269720389f,0.17075084885098213f,1.3968566666666666f,-0.8353914335872091f,0.3940769976897529f,-0.38317681634062617f,-0.13946749848595774f,0f,0f,0f,1f],start_interpolation:0}
execute if entity @s[tag=aj.tultaria.bone.body] run data modify entity @s {} merge value {transformation:[-0.9212256192898833f,0f,0.38902873719555825f,0.2660984410471625f,0f,1f,0f,0.33435666666666664f,-0.38902873719555825f,0f,-0.9212256192898833f,0.6551271782427208f,0f,0f,0f,1f],start_interpolation:0}
execute if entity @s[tag=aj.tultaria.bone.left_hand] run data modify entity @s {} merge value {transformation:[-0.3460530857515497f,-0.7949916738490403f,0.4982323758574221f,0.5680891234313306f,-0.7926093410197116f,0.5318660869553299f,0.29814241240575634f,1.3104832940773523f,-0.5020136396255874f,-0.2917305332966134f,-0.8141717273231394f,0.05685224952822287f,0f,0f,0f,1f],start_interpolation:0}
execute if entity @s[tag=aj.tultaria.bone.left_arm] run data modify entity @s {} merge value {transformation:[-0.3460530857515497f,-0.912400755579033f,0.21856834871646003f,0.201518104219662f,-0.7926093410197116f,0.4089556030302286f,0.4522452291384407f,1.3343566666666666f,-0.5020136396255874f,-0.016738457784145788f,-0.8646977099893807f,0.08510003626152837f,0f,0f,0f,1f],start_interpolation:0}
execute if entity @s[tag=aj.tultaria.bone.rod] run data modify entity @s {} merge value {transformation:[-0.18614071062141757f,-0.9517254701388342f,0.35037178652847956f,-0.7982389800945449f,1.0069364066062707f,-0.13096196510831276f,0.17921540168916927f,1.2740126756651253f,-0.12091663391359728f,0.37450996868010594f,0.9530538150907434f,-0.46846482857933536f,0f,0f,0f,1f],start_interpolation:0}
execute if entity @s[tag=aj.tultaria.bone.sword] run data modify entity @s {} merge value {transformation:[-0.0000018052439607680587f,0.000008277215272356079f,0.000005313078352253593f,-0.7789753126957563f,0.000009765547046828057f,0.00000215240691796713f,-3.5147342361419383e-8f,1.3043652570191437f,-0.0000011726828720068702f,0.000005182166708488113f,-0.000008471715474869254f,-0.5118406288428065f,0f,0f,0f,1f],start_interpolation:0}
execute if entity @s[tag=aj.tultaria.bone.right_hand] run data modify entity @s {} merge value {transformation:[-0.18052439607680584f,0.8277215272356078f,0.5313078352253592f,-0.421429927978022f,0.9765547046828057f,0.21524069179671299f,-0.003514734236141938f,1.354288593309375f,-0.11726828720068702f,0.5182166708488113f,-0.8471715474869254f,-0.3800300204468968f,0f,0f,0f,1f],start_interpolation:0}
execute if entity @s[tag=aj.tultaria.bone.right_arm] run data modify entity @s {} merge value {transformation:[-0.18052439607680584f,0.7605902572353218f,0.6236292191838122f,-0.201518104219662f,0.9765547046828057f,0.21419839243136085f,0.021446618421071248f,1.3343566666666666f,-0.11726828720068702f,0.6128796858099699f,-0.781426029473353f,-0.08510003626152837f,0f,0f,0f,1f],start_interpolation:0}
execute if entity @s[tag=aj.tultaria.bone.skirt] run data modify entity @s {} merge value {transformation:[-0.8373464393815865f,0.15654371013588064f,0.5237795407152444f,-0.03301675960787192f,0f,0.9581228928381097f,-0.28635733309893135f,0.7848000695696835f,-0.5466726081074292f,-0.23978029326119707f,-0.8022807928079766f,0.05057225419301858f,0f,0f,0f,1f],start_interpolation:0}
execute if entity @s[tag=aj.tultaria.bone.left_foot] run data modify entity @s {} merge value {transformation:[-0.8373464393815865f,0.1255761755607275f,0.5320540993043098f,-0.027801665585213978f,0f,0.9732591159931563f,-0.22971001966875565f,0.388532053838494f,-0.5466726081074292f,-0.1923468670599067f,-0.8149550553725399f,0.27124026974755133f,0f,0f,0f,1f],start_interpolation:0}
execute if entity @s[tag=aj.tultaria.bone.left_leg] run data modify entity @s {} merge value {transformation:[-0.8373464393815865f,0.15654371013588064f,0.5237795407152444f,0.10615865018863933f,0f,0.9581228928381097f,-0.28635733309893135f,0.7719161528178006f,-0.5466726081074292f,-0.23978029326119707f,-0.8022807928079766f,0.06605129234478051f,0f,0f,0f,1f],start_interpolation:0}
execute if entity @s[tag=aj.tultaria.bone.right_foot] run data modify entity @s {} merge value {transformation:[-0.8373464393815865f,0.1255761755607275f,0.5320540993043097f,-0.3071460847242637f,0f,0.9732591159931563f,-0.22971001966875548f,0.5114907409499254f,-0.5466726081074292f,-0.19234686705990672f,-0.8149550553725399f,0.24180410441907574f,0f,0f,0f,1f],start_interpolation:0}
execute if entity @s[tag=aj.tultaria.bone.right_leg] run data modify entity @s {} merge value {transformation:[-0.8373464393815865f,0.3450692821814398f,0.42400251290501195f,-0.10317795965675729f,0f,0.7756059232104221f,-0.6312174362934763f,0.7719161528178006f,-0.5466726081074292f,-0.5285476727559159f,-0.6494508581635151f,-0.0706168596820768f,0f,0f,0f,1f],start_interpolation:0}
execute if entity @s[tag=aj.tultaria.bone.lower] run data modify entity @s {} merge value {transformation:[-0.8373464393815865f,-0.023845524255056476f,0.5461522969172431f,0f,0f,0.9990482215818578f,0.043619387365336f,0.8343566666666666f,-0.5466726081074292f,0.03652453869837026f,-0.8365494711120749f,0f,0f,0f,0f,1f],start_interpolation:0}