execute if entity @s[tag=aj.tultaria.bone.head] run data modify entity @s {} merge value {transformation:[-0.9929696933732104f,-0.01025445309367539f,0.11792384930141209f,0f,0.007737020116504779f,0.9884872584245972f,0.1511061827058723f,1.5042877083333333f,-0.11811573376154988f,0.15095623910250702f,-0.9814585509913283f,0f,0f,0f,0f,1f],start_interpolation:0}
execute if entity @s[tag=aj.tultaria.bone.bust] run data modify entity @s {} merge value {transformation:[-0.9659065037535085f,0f,0.25889114702259264f,0.35350767836545793f,0f,1f,0f,0.34803770833333325f,-0.25889114702259264f,0f,-0.9659065037535085f,0.6123988253880506f,0f,0f,0f,1f],start_interpolation:0}
execute if entity @s[tag=aj.tultaria.bone.left_wing] run data modify entity @s {} merge value {transformation:[-0.8748349669729847f,-0.22353474876189228f,-0.429762721344389f,0.09273054986241835f,-0.3188359204521376f,0.933614634270492f,0.16342389820773978f,1.4105377083333333f,0.36470184588347687f,0.2799927334270182f,-0.8880296351120562f,-0.10455761628027649f,0f,0f,0f,1f],start_interpolation:0}
execute if entity @s[tag=aj.tultaria.bone.right_wing] run data modify entity @s {} merge value {transformation:[-0.5751659204688251f,0.05353751722025775f,0.8162829767801972f,-0.028007763106770167f,0.3188359204521376f,0.933614634270492f,0.16342389820773978f,1.4105377083333333f,-0.7533444230633738f,0.35425619109038325f,-0.554053004064996f,-0.13691900965810055f,0f,0f,0f,1f],start_interpolation:0}
execute if entity @s[tag=aj.tultaria.bone.body] run data modify entity @s {} merge value {transformation:[-0.9659065037535085f,0f,0.25889114702259264f,0.35350767836545793f,0f,1f,0f,0.34803770833333325f,-0.25889114702259264f,0f,-0.9659065037535085f,0.6123988253880506f,0f,0f,0f,1f],start_interpolation:0}
execute if entity @s[tag=aj.tultaria.bone.left_hand] run data modify entity @s {} merge value {transformation:[-0.49925861463156784f,-0.7291544511534485f,0.4680540802933797f,0.5656013530208742f,-0.7327554308879016f,0.643599316316762f,0.22101900040693875f,1.2837586146242672f,-0.4623962740122951f,-0.23262352933379368f,-0.8556143870809071f,-0.02131178377495184f,0f,0f,0f,1f],start_interpolation:0}
execute if entity @s[tag=aj.tultaria.bone.left_arm] run data modify entity @s {} merge value {transformation:[-0.49925861463156784f,-0.8528533731174756f,0.15291160740215948f,0.21129204769607998f,-0.7327554308879016f,0.5097750030657601f,0.4507759141231818f,1.3480377083333333f,-0.4623962740122951f,0.11300694762468738f,-0.8794425027073105f,0.05663243841119214f,0f,0f,0f,1f],start_interpolation:0}
execute if entity @s[tag=aj.tultaria.bone.rod] run data modify entity @s {} merge value {transformation:[-0.1696994681831295f,-0.8083997817963422f,0.5111372358916825f,-0.877039494421512f,0.9537770171812214f,-0.10434607728785822f,0.15162680592998268f,1.306690976211295f,-0.07128031018630149f,0.5283664254769248f,0.8119836380331082f,-0.3024924996842457f,0f,0f,0f,1f],start_interpolation:0}
execute if entity @s[tag=aj.tultaria.bone.sword] run data modify entity @s {} merge value {transformation:[-0.0000017470026321773723f,0.000009264713464626928f,0.0000033336265869958895f,-0.8668725030205232f,0.000009818834303757265f,0.0000018915810514118926f,-1.1141831671261702e-7f,1.3368525600509462f,-7.338083663497772e-7f,0.000003253767899574277f,-0.000009427328345675412f,-0.34897625244944225f,0f,0f,0f,1f],start_interpolation:0}
execute if entity @s[tag=aj.tultaria.bone.right_hand] run data modify entity @s {} merge value {transformation:[-0.1747002632177372f,0.9264713464626928f,0.3333626586995889f,-0.4879424071605537f,0.9818834303757265f,0.18915810514118925f,-0.0111418316712617f,1.3762325366803334f,-0.07338083663497771f,0.3253767899574277f,-0.9427328345675411f,-0.29831780777115297f,0f,0f,0f,1f],start_interpolation:0}
execute if entity @s[tag=aj.tultaria.bone.right_arm] run data modify entity @s {} merge value {transformation:[-0.1747002632177372f,0.8784512014778144f,0.44475083434866985f,-0.21129204769607998f,0.9818834303757265f,0.18909271733871713f,0.012201368900904841f,1.3480377083333333f,-0.07338083663497771f,0.4388250572513432f,-0.8955712266163458f,-0.05663243841119214f,0f,0f,0f,1f],start_interpolation:0}
execute if entity @s[tag=aj.tultaria.bone.skirt] run data modify entity @s {} merge value {transformation:[-0.9172151533766892f,0.09706275550443993f,0.38638734957301824f,-0.024061238889228776f,0f,0.9698667001988561f,-0.24363617105303192f,0.7984811112363501f,-0.3983922218319234f,-0.22346678800051598f,-0.8895764341778373f,0.05539599346778387f,0f,0f,0f,1f],start_interpolation:0}
execute if entity @s[tag=aj.tultaria.bone.left_foot] run data modify entity @s {} merge value {transformation:[-0.9172151533766892f,0.056839463161114885f,0.3943166720337003f,0.024974621482730372f,0f,0.9897700066043393f,-0.1426721207049437f,0.39173503452909664f,-0.3983922218319234f,-0.13086103107496244f,-0.9078320484152459f,0.25626227905941495f,0f,0f,0f,1f],start_interpolation:0}
execute if entity @s[tag=aj.tultaria.bone.left_leg] run data modify entity @s {} merge value {transformation:[-0.9172151533766892f,0.09706275550443993f,0.38638734957301824f,0.11573799571255013f,0f,0.9698667001988561f,-0.24363617105303192f,0.7855971944844672f,-0.3983922218319234f,-0.22346678800051598f,-0.8895764341778373f,0.04729850503695956f,0f,0f,0f,1f],start_interpolation:0}
execute if entity @s[tag=aj.tultaria.bone.right_foot] run data modify entity @s {} merge value {transformation:[-0.9172151533766892f,0.056839463161114906f,0.3943166720337003f,-0.2574676940865189f,0f,0.9897700066043393f,-0.14267212070494362f,0.5089005386988539f,-0.3983922218319234f,-0.13086103107496244f,-0.9078320484152458f,0.2790046201454281f,0f,0f,0f,1f],start_interpolation:0}
execute if entity @s[tag=aj.tultaria.bone.right_leg] run data modify entity @s {} merge value {transformation:[-0.9172151533766892f,0.23753833033675173f,0.31983105546054263f,-0.11356579263162218f,0f,0.8028044673911211f,-0.5962423895840168f,0.7855971944844672f,-0.3983922218319234f,-0.5468825548119877f,-0.7363444226896384f,-0.052299550421021294f,0f,0f,0f,1f],start_interpolation:0}
execute if entity @s[tag=aj.tultaria.bone.lower] run data modify entity @s {} merge value {transformation:[-0.9172151533766892f,-0.017377624647423536f,0.3980130407132281f,0f,0f,0.9990482215818578f,0.043619387365336f,0.8480377083333333f,-0.3983922218319234f,0.04000836307249388f,-0.9163421677889123f,0f,0f,0f,0f,1f],start_interpolation:0}