execute if entity @s[tag=aj.tultaria.bone.head] run data modify entity @s {} merge value {transformation:[-0.6592662461826291f,0.30903170018793835f,-0.6854687629084328f,0f,-0.10047527269871939f,0.867254469884583f,0.48762116857385185f,1.50329944f,0.7451662473706006f,0.3903448382445489f,-0.540701554496983f,0f,0f,0f,0f,1f],start_interpolation:0}
execute if entity @s[tag=aj.tultaria.bone.bust] run data modify entity @s {} merge value {transformation:[-0.4872810585376478f,0f,-0.8732451946563631f,0.6802631265970054f,0f,1f,0f,0.34704943999999993f,0.8732451946563631f,0f,-0.4872810585376478f,-0.19298206805935764f,0f,0f,0f,1f],start_interpolation:0}
execute if entity @s[tag=aj.tultaria.bone.left_wing] run data modify entity @s {} merge value {transformation:[0.14274748944324872f,0.2190742729928437f,-0.9652096234343639f,-0.07870058317344242f,-0.3215953600216443f,0.9325490469222073f,0.1640996633056626f,1.40954944f,0.9360553288509172f,0.2869821213893643f,0.20357230492545286f,-0.11548795698322867f,0f,0f,0f,1f],start_interpolation:0}
execute if entity @s[tag=aj.tultaria.bone.right_wing] run data modify entity @s {} merge value {transformation:[-0.8715714980579814f,0.359269920781126f,-0.33359893254458955f,-0.1396107154906484f,0.3215953600216443f,0.9325490469222073f,0.1640996633056626f,1.40954944f,0.3700534396347575f,0.03574072056361313f,-0.9283227093570848f,-0.006332307651183311f,0f,0f,0f,1f],start_interpolation:0}
execute if entity @s[tag=aj.tultaria.bone.body] run data modify entity @s {} merge value {transformation:[-0.4872810585376478f,0f,-0.8732451946563631f,0.6802631265970054f,0f,1f,0f,0.34704943999999993f,0.8732451946563631f,0f,-0.4872810585376478f,-0.19298206805935764f,0f,0f,0f,1f],start_interpolation:0}
execute if entity @s[tag=aj.tultaria.bone.left_hand] run data modify entity @s {} merge value {transformation:[-0.4449721360713964f,-0.7996392141824242f,-0.4032082901699485f,0.269166441038018f,-0.893376013618427f,0.42767005926160473f,0.13775927809923744f,1.3479642598848873f,0.06228239246613995f,0.42151565516940176f,-0.9046797533026829f,-0.5216447382517342f,0f,0f,0f,1f],start_interpolation:0}
execute if entity @s[tag=aj.tultaria.bone.left_arm] run data modify entity @s {} merge value {transformation:[-0.4449721360713964f,-0.5453224846255031f,-0.7103683452138942f,0.10659273155511045f,-0.893376013618427f,0.3254665253108723f,0.30975932462690275f,1.34704944f,0.06228239246613995f,0.7724603087951735f,-0.6320015624385422f,-0.19102238633107943f,0f,0f,0f,1f],start_interpolation:0}
execute if entity @s[tag=aj.tultaria.bone.rod] run data modify entity @s {} merge value {transformation:[0.21628910866958634f,-0.3520162151082914f,-0.9862716457020091f,0.4761717163710855f,0.9502879249693806f,0.48911857143351734f,0.03382360241346319f,1.234010238647798f,0.44000003917307184f,-0.8833321916038545f,0.41176735925523167f,0.37652733592221777f,0f,0f,0f,1f],start_interpolation:0}
execute if entity @s[tag=aj.tultaria.bone.sword] run data modify entity @s {} merge value {transformation:[0.000002022694112378673f,-0.000009741189108783116f,-0.0000010089317492644795f,0.47776326789759166f,0.000008886909760382196f,0.000002258587657002933f,-0.0000039901900589392575f,1.2430778157477147f,0.000004114795673976088f,-8.9535147060964e-8f,0.00000911375005246844f,0.43210677577433876f,0f,0f,0f,1f],start_interpolation:0}
execute if entity @s[tag=aj.tultaria.bone.right_hand] run data modify entity @s {} merge value {transformation:[0.20226941123786726f,-0.9741189108783115f,-0.10089317492644795f,0.09826547792591273f,0.8886909760382196f,0.22585876570029328f,-0.3990190058939257f,1.2688299000486674f,0.41147956739760877f,-0.0089535147060964f,0.9113750052468439f,0.48709164356328705f,0f,0f,0f,1f],start_interpolation:0}
execute if entity @s[tag=aj.tultaria.bone.right_arm] run data modify entity @s {} merge value {transformation:[0.20226941123786726f,-0.721415245018991f,-0.6623044085099206f,-0.10659273155511045f,0.8886909760382196f,0.41935996782689156f,-0.18537952015383247f,1.34704944f,0.41147956739760877f,-0.5510873448360231f,0.7259389120138547f,0.19102238633107943f,0f,0f,0f,1f],start_interpolation:0}
execute if entity @s[tag=aj.tultaria.bone.skirt] run data modify entity @s {} merge value {transformation:[-0.7687446036398854f,-0.15780352592089877f,-0.6197820436100805f,0.038626524741894507f,0f,0.9690819127162219f,-0.24673922761950318f,0.7974928429030168f,0.6395558883901824f,-0.1896794497387664f,-0.744976490885614f,0.0464289876642933f,0f,0f,0f,1f],start_interpolation:0}
execute if entity @s[tag=aj.tultaria.bone.left_foot] run data modify entity @s {} merge value {transformation:[-0.7687446036398854f,-0.09529714363741604f,-0.6324161515877856f,0.24086130874429687f,0f,0.9888364145620361f,-0.14900518526580564f,0.39147799279022466f,0.6395558883901824f,-0.11454693208744943f,-0.7601626575771778f,0.09406657403194052f,0f,0f,0f,1f],start_interpolation:0}
execute if entity @s[tag=aj.tultaria.bone.left_leg] run data modify entity @s {} merge value {transformation:[-0.7687446036398854f,-0.15780352592089877f,-0.6197820436100805f,0.09434951070264361f,0f,0.9690819127162219f,-0.24673922761950318f,0.7846089261511339f,0.6395558883901824f,-0.1896794497387664f,-0.744976490885614f,-0.08204024658947154f,0f,0f,0f,1f],start_interpolation:0}
execute if entity @s[tag=aj.tultaria.bone.right_foot] run data modify entity @s {} merge value {transformation:[-0.7687446036398854f,-0.09529714363741604f,-0.6324161515877857f,0.13374040180548555f,0f,0.9888364145620362f,-0.14900518526580558f,0.5090698211515648f,0.6395558883901824f,-0.11454693208744943f,-0.7601626575771778f,0.35620376000292964f,0f,0f,0f,1f],start_interpolation:0}
execute if entity @s[tag=aj.tultaria.bone.right_leg] run data modify entity @s {} merge value {transformation:[-0.7687446036398854f,-0.382971767523388f,-0.5122151497706482f,-0.09783664020732774f,0f,0.8008919299608641f,-0.5988089148664726f,0.7846089261511339f,0.6395558883901824f,-0.4603311219150564f,-0.6156813492561473f,0.07784872550807406f,0f,0f,0f,1f],start_interpolation:0}
execute if entity @s[tag=aj.tultaria.bone.lower] run data modify entity @s {} merge value {transformation:[-0.7687446036398854f,0.027897036037472962f,-0.6389471728984168f,0f,0f,0.9990482215818578f,0.043619387365336f,0.8470494399999999f,0.6395558883901824f,0.03353216865117985f,-0.7680129291170776f,0f,0f,0f,0f,1f],start_interpolation:0}