execute if entity @s[tag=aj.tultaria.bone.head] run data modify entity @s {} merge value {transformation:[-0.7146486002467036f,0.2540559606438754f,-0.6517153880542832f,0f,-0.054364745717979314f,0.9087173142994779f,0.41385663836087405f,1.15625f,0.6973678029479472f,0.33119240865947025f,-0.6356018689855245f,0f,0f,0f,0f,1f],start_interpolation:0}
execute if entity @s[tag=aj.tultaria.bone.bust] run data modify entity @s {} merge value {transformation:[-0.6900117627677684f,0f,-0.72379815366034f,0.7069049582140542f,0f,1f,0f,0f,0.72379815366034f,0f,-0.6900117627677684f,-0.016893195446285758f,0f,0f,0f,1f],start_interpolation:0}
execute if entity @s[tag=aj.tultaria.bone.left_wing] run data modify entity @s {} merge value {transformation:[-0.3605021830309213f,0f,-0.932758369584503f,-0.047349034034556925f,0f,1f,0f,1.0625f,0.932758369584503f,0f,-0.3605021830309213f,-0.13148885494974227f,0f,0f,0f,1f],start_interpolation:0}
execute if entity @s[tag=aj.tultaria.bone.right_wing] run data modify entity @s {} merge value {transformation:[-0.9144733065954284f,0f,-0.4046462300879918f,-0.13360050438052806f,0f,1f,0f,1.0625f,0.4046462300879918f,0f,-0.9144733065954284f,-0.04101408574219978f,0f,0f,0f,1f],start_interpolation:0}
execute if entity @s[tag=aj.tultaria.bone.body] run data modify entity @s {} merge value {transformation:[-0.6900117627677684f,0f,-0.72379815366034f,0.7069049582140542f,0f,1f,0f,0f,0.72379815366034f,0f,-0.6900117627677684f,-0.016893195446285758f,0f,0f,0f,1f],start_interpolation:0}
execute if entity @s[tag=aj.tultaria.bone.left_hand] run data modify entity @s {} merge value {transformation:[-0.8346422452675623f,-0.40761654213116016f,-0.37043363372641913f,0.18314909494906856f,-0.2143969827643579f,0.8599372860388691f,-0.46318656917234113f,0.7282110618068933f,0.5073522013318383f,-0.3071752246864003f,-0.8051317439665372f,-0.4049794615314517f,0f,0f,0f,1f],start_interpolation:0}
execute if entity @s[tag=aj.tultaria.bone.left_arm] run data modify entity @s {} merge value {transformation:[-0.8346422452675623f,-0.01622024122176588f,-0.5505535634154323f,0.15094007310544935f,-0.2143969827643579f,0.9302994010311574f,0.2976188136234155f,1f,0.5073522013318383f,0.3664422576829499f,-0.7799447516253702f,-0.15833084611319936f,0f,0f,0f,1f],start_interpolation:0}
execute if entity @s[tag=aj.tultaria.bone.rod] run data modify entity @s {} merge value {transformation:[0.18789806199770312f,-0.05408542778670744f,-0.9153497062864204f,0.2657942814621918f,0.8189284685585875f,0.430224716231001f,0.14268446631725842f,0.9212529148441713f,0.4124881594443573f,-0.8295043460073511f,0.13368641768378314f,0.4939835659487373f,0f,0f,0f,1f],start_interpolation:0}
execute if entity @s[tag=aj.tultaria.bone.right_hand] run data modify entity @s {} merge value {transformation:[0.11472852068268599f,-0.8628443080209279f,-0.49227742854801765f,-0.012192931739624907f,0.9087498672245281f,0.2913264993543824f,-0.2988353218636033f,0.9374902110236615f,0.40126181647568315f,-0.41307211342549777f,0.8175331086560518f,0.4938661565425871f,0f,0f,0f,1f],start_interpolation:0}
execute if entity @s[tag=aj.tultaria.bone.right_arm] run data modify entity @s {} merge value {transformation:[0.11472852068268599f,-0.5902538212657382f,-0.7990230240882652f,-0.15094007310544935f,0.9087498672245281f,0.3872543012421783f,-0.1555885117508184f,1f,0.40126181647568315f,-0.7082616272611599f,0.5808221948135324f,0.15833084611319936f,0f,0f,0f,1f],start_interpolation:0}
execute if entity @s[tag=aj.tultaria.bone.skirt] run data modify entity @s {} merge value {transformation:[-0.916858410589066f,0f,-0.39921254355554964f,0.024950783972221852f,0f,1f,0f,0.453125f,0.39921254355554964f,0f,-0.916858410589066f,0.05730365066181663f,0f,0f,0f,1f],start_interpolation:0}
execute if entity @s[tag=aj.tultaria.bone.left_foot] run data modify entity @s {} merge value {transformation:[-0.916858410589066f,0f,-0.39921254355554964f,0.16450886926807695f,0f,1f,0f,0f,0.39921254355554964f,0f,-0.916858410589066f,0.06470573337918956f,0f,0f,0f,1f],start_interpolation:0}
execute if entity @s[tag=aj.tultaria.bone.left_leg] run data modify entity @s {} merge value {transformation:[-0.916858410589066f,0f,-0.39921254355554964f,0.11460730132363325f,0f,1f,0f,0.4375f,0.39921254355554964f,0f,-0.916858410589066f,-0.049901567944443705f,0f,0f,0f,1f],start_interpolation:0}
execute if entity @s[tag=aj.tultaria.bone.right_foot] run data modify entity @s {} merge value {transformation:[-0.916858410589066f,0f,-0.39921254355554964f,-0.06470573337918956f,0f,1f,0f,0f,0.39921254355554964f,0f,-0.916858410589066f,0.16450886926807695f,0f,0f,0f,1f],start_interpolation:0}
execute if entity @s[tag=aj.tultaria.bone.right_leg] run data modify entity @s {} merge value {transformation:[-0.916858410589066f,0f,-0.39921254355554964f,-0.11460730132363325f,0f,1f,0f,0.4375f,0.39921254355554964f,0f,-0.916858410589066f,0.049901567944443705f,0f,0f,0f,1f],start_interpolation:0}
execute if entity @s[tag=aj.tultaria.bone.lower] run data modify entity @s {} merge value {transformation:[-0.916858410589066f,0f,-0.39921254355554964f,0f,0f,1f,0f,0.5f,0.39921254355554964f,0f,-0.916858410589066f,0f,0f,0f,0f,1f],start_interpolation:0}