execute if entity @s[tag=aj.tultaria.bone.head] run data modify entity @s {} merge value {transformation:[-0.9558947941923379f,0.05241218011266742f,-0.28899499271064427f,0f,-0.009068002736316416f,0.9782136060204569f,0.20740277800171436f,1.585444375f,0.29356926569782843f,0.20087584317754978f,-0.9345940198103915f,0f,0f,0f,0f,1f],start_interpolation:0}
execute if entity @s[tag=aj.tultaria.bone.bust] run data modify entity @s {} merge value {transformation:[-0.7556128181621328f,0f,-0.6550185257144104f,0.7053156719382716f,0f,1f,0f,0.429194375f,0.6550185257144104f,0f,-0.7556128181621328f,0.05029714622386117f,0f,0f,0f,1f],start_interpolation:0}
execute if entity @s[tag=aj.tultaria.bone.left_wing] run data modify entity @s {} merge value {transformation:[-0.4282136231365775f,0.006586294159177004f,-0.903653536312172f,-0.03465151457916793f,-0.034140609268704956f,0.9991416447550028f,0.023460445755129594f,1.491694375f,0.9030323979564671f,0.04089736477472053f,-0.4276212036317617f,-0.13539026012741728f,0f,0f,0f,1f],start_interpolation:0}
execute if entity @s[tag=aj.tultaria.bone.right_wing] run data modify entity @s {} merge value {transformation:[-0.9546585611204091f,0.039548910913728655f,-0.2950642562647128f,-0.12910311684943454f,0.034140609268704956f,0.9991416447550028f,0.023460445755129594f,1.491694375f,0.2957388213919029f,0.01232304190554084f,-0.9551893488517984f,-0.05351294441311594f,0f,0f,0f,1f],start_interpolation:0}
execute if entity @s[tag=aj.tultaria.bone.body] run data modify entity @s {} merge value {transformation:[-0.7556128181621328f,0f,-0.6550185257144104f,0.7053156719382716f,0f,1f,0f,0.429194375f,0.6550185257144104f,0f,-0.7556128181621328f,0.05029714622386117f,0f,0f,0f,1f],start_interpolation:0}
execute if entity @s[tag=aj.tultaria.bone.left_hand] run data modify entity @s {} merge value {transformation:[-0.8239892471771767f,-0.5385619172452639f,-0.17604766919642875f,0.28948766531594383f,-0.4552482169885728f,0.8142590156745885f,-0.3601823376032971f,1.2107066172191405f,0.33732889212920225f,-0.21664098570158818f,-0.9161200258967868f,-0.4126926198381694f,0f,0f,0f,1f],start_interpolation:0}
execute if entity @s[tag=aj.tultaria.bone.left_arm] run data modify entity @s {} merge value {transformation:[-0.8239892471771767f,-0.2721182439470548f,-0.4969842873246204f,0.16529030397296654f,-0.4552482169885728f,0.8401526602411731f,0.2947754542332268f,1.429194375f,0.33732889212920225f,0.4691430152958169f,-0.8161581033929847f,-0.14328530250002727f,0f,0f,0f,1f],start_interpolation:0}
execute if entity @s[tag=aj.tultaria.bone.rod] run data modify entity @s {} merge value {transformation:[0.08548290493448753f,-0.22495121322449804f,-0.09302486029437416f,0.67322623758276f,-0.039494146380043255f,0.0844713243620931f,-0.24055936432038103f,0.5499521647471552f,0.24020175970561314f,0.09394438263856189f,-0.006447294392719176f,0.8227345631385304f,0f,0f,0f,1f],start_interpolation:0}
execute if entity @s[tag=aj.tultaria.bone.sword] run data modify entity @s {} merge value {transformation:[-0.000002420903316502839f,-0.000004643931637036701f,-0.000008518986212142569f,-0.04420315859661719f,0.000007371799676900608f,0.000004828310610237192f,-0.000004726942582126321f,1.1364800392480294f,0.0000063083909720144685f,-0.000007424373078018143f,0.0000022545260572026604f,0.7299597388129344f,0f,0f,0f,1f],start_interpolation:0}
execute if entity @s[tag=aj.tultaria.bone.right_hand] run data modify entity @s {} merge value {transformation:[-0.2420903316502839f,-0.46439316370367006f,-0.8518986212142569f,-0.2773398519037859f,0.7371799676900608f,0.4828310610237192f,-0.472694258212632f,1.2575755742187478f,0.6308390972014468f,-0.7424373078018143f,0.225452605720266f,0.4494455114216046f,0f,0f,0f,1f],start_interpolation:0}
execute if entity @s[tag=aj.tultaria.bone.right_arm] run data modify entity @s {} merge value {transformation:[-0.2420903316502839f,-0.004673893927540862f,-0.9702424573461057f,-0.16529030397296654f,0.7371799676900608f,0.6492859268189147f,-0.1870654443540648f,1.429194375f,0.6308390972014468f,-0.7605300388219107f,-0.1537403443849617f,0.14328530250002727f,0f,0f,0f,1f],start_interpolation:0}
execute if entity @s[tag=aj.tultaria.bone.skirt] run data modify entity @s {} merge value {transformation:[-0.8132932002576155f,0.00973591023175582f,-0.5817726209325128f,0.03514157468541619f,0f,0.999860000862632f,0.01673256331162259f,0.8796377779030169f,0.5818540800017872f,0.013608479964222698f,-0.8131793399111523f,0.049119538249016596f,0f,0f,0f,1f],start_interpolation:0}
execute if entity @s[tag=aj.tultaria.bone.left_foot] run data modify entity @s {} merge value {transformation:[-0.8132932002576155f,0.21718934543254828f,-0.5397989983737532f,0.16853750951576668f,0f,0.9277222879868701f,0.3732711566306817f,0.4272235403597796f,0.5818540800017872f,0.3035788935400288f,-0.7545102285471589f,0.020744738057846296f,0f,0f,0f,1f],start_interpolation:0}
execute if entity @s[tag=aj.tultaria.bone.left_leg] run data modify entity @s {} merge value {transformation:[-0.8132932002576155f,0.00973591023175582f,-0.5817726209325128f,0.10007539262559574f,0f,0.999860000862632f,0.01673256331162259f,0.866753861151134f,0.5818540800017872f,0.013608479964222698f,-0.8131793399111523f,-0.07494896944670032f,0f,0f,0f,1f],start_interpolation:0}
execute if entity @s[tag=aj.tultaria.bone.right_foot] run data modify entity @s {} merge value {transformation:[-0.8132932002576155f,0.21718934543254836f,-0.5397989983737534f,0.05787126280409054f,0f,0.9277222879868702f,0.37327115663068183f,0.5057080932730592f,0.5818540800017872f,0.30357889354002887f,-0.7545102285471589f,0.2957207149400066f,0f,0f,0f,1f],start_interpolation:0}
execute if entity @s[tag=aj.tultaria.bone.right_leg] run data modify entity @s {} merge value {transformation:[-0.8132932002576155f,-0.2136399352410019f,-0.5412135885996828f,-0.10324790743880814f,0f,0.9301534649340613f,-0.36717098424461625f,0.866753861151134f,0.5818540800017872f,-0.29861766481804247f,-0.7564874882269323f,0.07051455055374647f,0f,0f,0f,1f],start_interpolation:0}
execute if entity @s[tag=aj.tultaria.bone.lower] run data modify entity @s {} merge value {transformation:[-0.8132932002576155f,0.025380118505699156f,-0.5813002838459335f,0f,0f,0.9990482215818578f,0.043619387365336f,0.929194375f,0.5818540800017872f,0.035475351143630714f,-0.8125191253419886f,0f,0f,0f,0f,1f],start_interpolation:0}