execute if entity @s[tag=aj.tultaria.bone.head] run data modify entity @s {} merge value {transformation:[-0.9999519030695356f,0.0022193135268878776f,-0.009553334239079142f,0f,0.0015316504959172758f,0.9974468685315553f,0.07139606784237285f,1.15625f,0.009687393579933978f,0.07137800154153746f,-0.9974022936115416f,0f,0f,0f,0f,1f],start_interpolation:0}
execute if entity @s[tag=aj.tultaria.bone.bust] run data modify entity @s {} merge value {transformation:[-0.9859718216864839f,0f,0.1669118535042872f,0.40952998409109836f,0f,1f,0f,0f,-0.1669118535042872f,0f,-0.9859718216864839f,0.5764418375953856f,0f,0f,0f,1f],start_interpolation:0}
execute if entity @s[tag=aj.tultaria.bone.left_wing] run data modify entity @s {} merge value {transformation:[-0.9747935866904502f,0f,-0.22310863575211062f,0.0824872205434411f,0f,1f,0f,1.0625f,0.22310863575211062f,0f,-0.9747935866904502f,-0.11281448686679241f,0f,0f,0f,1f],start_interpolation:0}
execute if entity @s[tag=aj.tultaria.bone.right_wing] run data modify entity @s {} merge value {transformation:[-0.8470447846875708f,0f,0.5315215261243771f,-0.040759257167369334f,0f,1f,0f,1.0625f,-0.5315215261243771f,0f,-0.8470447846875708f,-0.13367846855482834f,0f,0f,0f,1f],start_interpolation:0}
execute if entity @s[tag=aj.tultaria.bone.body] run data modify entity @s {} merge value {transformation:[-0.9859718216864839f,0f,0.1669118535042872f,0.40952998409109836f,0f,1f,0f,0f,-0.1669118535042872f,0f,-0.9859718216864839f,0.5764418375953856f,0f,0f,0f,1f],start_interpolation:0}
execute if entity @s[tag=aj.tultaria.bone.left_hand] run data modify entity @s {} merge value {transformation:[-0.30134645930889453f,-0.9381472095424536f,0.17049963252072092f,0.551202322288509f,-0.8531950913347129f,0.3451332496765892f,0.39107694395096726f,1.0609676012282934f,-0.4257328359245311f,-0.027619797164084525f,-0.9044272769107924f,-0.10295418154599685f,0f,0f,0f,1f],start_interpolation:0}
execute if entity @s[tag=aj.tultaria.bone.left_arm] run data modify entity @s {} merge value {transformation:[-0.30134645930889453f,-0.9390302879684734f,-0.16556699471766395f,0.21568133599391837f,-0.8531950913347129f,0.1880181214734118f,0.48652576716959217f,1f,-0.4257328359245311f,0.2878737644792514f,-0.8578346275012457f,0.03651196795406282f,0f,0f,0f,1f],start_interpolation:0}
execute if entity @s[tag=aj.tultaria.bone.rod] run data modify entity @s {} merge value {transformation:[-0.2841660696879671f,-0.5421823591965339f,0.8626597019535962f,-0.6913398022260457f,0.9611995297992402f,-0.43973765611081517f,0.04025027791680001f,1.1512269295700917f,0.33799250866299785f,0.7947093244292158f,0.6108125579205509f,-0.5730877178411873f,0f,0f,0f,1f],start_interpolation:0}
execute if entity @s[tag=aj.tultaria.bone.right_hand] run data modify entity @s {} merge value {transformation:[-0.268644393612574f,0.5608132029495088f,0.783146691992021f,-0.38314151462097745f,0.9086970344740717f,-0.12215140000181661f,0.3991850886689331f,1.155318290653027f,0.3195307329797249f,0.818881912655976f,-0.47679400563170937f,-0.32560625129916f,0f,0f,0f,1f],start_interpolation:0}
execute if entity @s[tag=aj.tultaria.bone.right_arm] run data modify entity @s {} merge value {transformation:[-0.268644393612574f,0.6158785697561925f,0.7406239106966499f,-0.21568133599391837f,0.9086970344740717f,-0.09301924533630412f,0.4069608329251013f,1f,0.3195307329797249f,0.7823304974958675f,-0.5346579311759141f,-0.03651196795406282f,0f,0f,0f,1f],start_interpolation:0}