execute if entity @s[tag=aj.tultaria.bone.head] run data modify entity @s {} merge value {transformation:[-0.973009445655962f,0.04340606586884886f,-0.22664627089380218f,0f,-0.009282284844935228f,0.9739939966398963f,0.22638359856115742f,1.15625f,0.2305785286021555f,0.22237717498707227f,-0.9473024512754278f,0f,0f,0f,0f,1f],start_interpolation:0}
execute if entity @s[tag=aj.tultaria.bone.bust] run data modify entity @s {} merge value {transformation:[-0.813727767836878f,0f,-0.5812461783540708f,0.6974869730954744f,0f,1f,0f,0f,0.5812461783540708f,0f,-0.813727767836878f,0.11624079474140359f,0f,0f,0f,1f],start_interpolation:0}
execute if entity @s[tag=aj.tultaria.bone.left_wing] run data modify entity @s {} merge value {transformation:[-0.5293531471589608f,0f,-0.8484015827383302f,-0.02179778680445399f,0f,1f,0f,1.0625f,0.8484015827383302f,0f,-0.5293531471589608f,-0.13804385712673917f,0f,0f,0f,1f],start_interpolation:0}
execute if entity @s[tag=aj.tultaria.bone.right_wing] run data modify entity @s {} merge value {transformation:[-0.9742197123222145f,0f,-0.22560131232513153f,-0.1235137577840637f,0f,1f,0f,1.0625f,0.22560131232513153f,0f,-0.9742197123222145f,-0.06538808483248026f,0f,0f,0f,1f],start_interpolation:0}
execute if entity @s[tag=aj.tultaria.bone.body] run data modify entity @s {} merge value {transformation:[-0.813727767836878f,0f,-0.5812461783540708f,0.6974869730954744f,0f,1f,0f,0f,0.5812461783540708f,0f,-0.813727767836878f,0.11624079474140359f,0f,0f,0f,1f],start_interpolation:0}
execute if entity @s[tag=aj.tultaria.bone.left_hand] run data modify entity @s {} merge value {transformation:[-0.9097723807910554f,-0.3610264274673559f,-0.20487589858236877f,0.26368241023822037f,-0.24931355843850264f,0.8698389540691278f,-0.4257028817880577f,0.7379796173308064f,0.33189902791136094f,-0.33621438496007844f,-0.8813642394704984f,-0.37157864807930163f,0f,0f,0f,1f],start_interpolation:0}
execute if entity @s[tag=aj.tultaria.bone.left_arm] run data modify entity @s {} merge value {transformation:[-0.9097723807910554f,-0.1102730231409674f,-0.40019254805296756f,0.17800294921431706f,-0.24931355843850264f,0.9159748609328535f,0.314376849843895f,1f,0.33189902791136094f,0.38578480336372933f,-0.860821189774684f,-0.12714760151495297f,0f,0f,0f,1f],start_interpolation:0}
execute if entity @s[tag=aj.tultaria.bone.rod] run data modify entity @s {} merge value {transformation:[0.010389576415956751f,-0.016009019631504418f,-0.06108819847020462f,-0.3144416178326584f,-0.04742805846755237f,0.03889907374832546f,-0.018260375996150158f,-0.2156570845366032f,0.041696953988216386f,0.04823456594560016f,-0.005548934685515958f,0.5614650111551438f,0f,0f,0f,1f],start_interpolation:0}
execute if entity @s[tag=aj.tultaria.bone.right_hand] run data modify entity @s {} merge value {transformation:[-0.5573999828544788f,-0.21938642798607244f,-0.8007339472817041f,-0.4239177772162128f,0.38784635818822033f,0.7839464715846743f,-0.48477121627637293f,0.7374769451700538f,0.7340847781788978f,-0.5807732129716824f,-0.3518835226898062f,0.2068327980796293f,0f,0f,0f,1f],start_interpolation:0}
execute if entity @s[tag=aj.tultaria.bone.right_arm] run data modify entity @s {} merge value {transformation:[-0.5573999828544788f,0.3592332308725522f,-0.7485030026330519f,-0.17800294921431706f,0.38784635818822033f,0.9097938644451227f,0.14781855992447096f,1f,0.7340847781788978f,-0.20791010089670323f,-0.646446384776929f,0.12714760151495297f,0f,0f,0f,1f],start_interpolation:0}
execute if entity @s[tag=aj.tultaria.bone.skirt] run data modify entity @s {} merge value {transformation:[-0.82690159421674f,0f,-0.5623466488579921f,0.03514666555362451f,0f,1f,0f,0.453125f,0.5623466488579921f,0f,-0.82690159421674f,0.05168134963854625f,0f,0f,0f,1f],start_interpolation:0}
execute if entity @s[tag=aj.tultaria.bone.left_foot] run data modify entity @s {} merge value {transformation:[-0.82690159421674f,0f,-0.5623466488579921f,0.17365603038434152f,0f,1f,0f,0f,0.5623466488579921f,0f,-0.82690159421674f,0.03306936816984349f,0f,0f,0f,1f],start_interpolation:0}
execute if entity @s[tag=aj.tultaria.bone.left_leg] run data modify entity @s {} merge value {transformation:[-0.82690159421674f,0f,-0.5623466488579921f,0.1033626992770925f,0f,1f,0f,0.4375f,0.5623466488579921f,0f,-0.82690159421674f,-0.07029333110724902f,0f,0f,0f,1f],start_interpolation:0}
execute if entity @s[tag=aj.tultaria.bone.right_foot] run data modify entity @s {} merge value {transformation:[-0.82690159421674f,0f,-0.5623466488579921f,-0.03306936816984349f,0f,1f,0f,0f,0.5623466488579921f,0f,-0.82690159421674f,0.17365603038434152f,0f,0f,0f,1f],start_interpolation:0}
execute if entity @s[tag=aj.tultaria.bone.right_leg] run data modify entity @s {} merge value {transformation:[-0.82690159421674f,0f,-0.5623466488579921f,-0.1033626992770925f,0f,1f,0f,0.4375f,0.5623466488579921f,0f,-0.82690159421674f,0.07029333110724902f,0f,0f,0f,1f],start_interpolation:0}
execute if entity @s[tag=aj.tultaria.bone.lower] run data modify entity @s {} merge value {transformation:[-0.82690159421674f,0f,-0.5623466488579921f,0f,0f,1f,0f,0.5f,0.5623466488579921f,0f,-0.82690159421674f,0f,0f,0f,0f,1f],start_interpolation:0}