execute if entity @s[tag=aj.tultaria.bone.head] run data modify entity @s {} merge value {transformation:[-0.9877808132294805f,-0.020187918863005562f,0.15453644537029632f,0f,0.004829438561677751f,0.9871337437004852f,0.1598238047696388f,1.4737933333333333f,-0.15577464985961237f,0.15861721211723945f,-0.97497427580489f,0f,0f,0f,0f,1f],start_interpolation:0}
execute if entity @s[tag=aj.tultaria.bone.bust] run data modify entity @s {} merge value {transformation:[-0.8538401768475297f,0f,0.5205352556753281f,0.16665246058610078f,0f,1f,0f,0.3175433333333333f,-0.5205352556753281f,0f,-0.8538401768475297f,0.6871877162614288f,0f,0f,0f,1f],start_interpolation:0}
execute if entity @s[tag=aj.tultaria.bone.left_wing] run data modify entity @s {} merge value {transformation:[-0.896382591358664f,-0.33599701693950296f,-0.28914400307957544f,0.11843191801238662f,-0.3943820669444116f,0.902298633176705f,0.17412628130211621f,1.3800433333333333f,0.20238832768166215f,0.27011697683634284f,-0.9413159850140731f,-0.07419656862623325f,0f,0f,0f,1f],start_interpolation:0}
execute if entity @s[tag=aj.tultaria.bone.right_wing] run data modify entity @s {} merge value {transformation:[-0.23071583199881912f,-0.08619353410873672f,0.9691959964542459f,0.011701895906445436f,0.3943820669444116f,0.902298633176705f,0.17412628130211621f,1.3800433333333333f,-0.8895127824476422f,0.42240721021935224f,-0.17418139572571362f,-0.13926347558564922f,0f,0f,0f,1f],start_interpolation:0}
execute if entity @s[tag=aj.tultaria.bone.body] run data modify entity @s {} merge value {transformation:[-0.8538401768475297f,0f,0.5205352556753281f,0.16665246058610078f,0f,1f,0f,0.3175433333333333f,-0.5205352556753281f,0f,-0.8538401768475297f,0.6871877162614288f,0f,0f,0f,1f],start_interpolation:0}
execute if entity @s[tag=aj.tultaria.bone.left_hand] run data modify entity @s {} merge value {transformation:[-0.12160669776007124f,-0.8764821997832001f,0.4658226749773915f,0.5518303113006506f,-0.8695167508015409f,0.3204053209704914f,0.3758737159862696f,1.3599262995254884f,-0.4786986851197955f,-0.35933185742012663f,-0.8010793875188529f,0.13998881917880002f,0f,0f,0f,1f],start_interpolation:0}
execute if entity @s[tag=aj.tultaria.bone.left_arm] run data modify entity @s {} merge value {transformation:[-0.12160669776007124f,-0.955790708101986f,0.26772361376201803f,0.18677753868539712f,-0.8695167508015409f,0.23266403327909901f,0.4356696772714768f,1.3175433333333333f,-0.4786986851197955f,-0.17980981598401635f,-0.8593695357297539f,0.11386708717897802f,0f,0f,0f,1f],start_interpolation:0}
execute if entity @s[tag=aj.tultaria.bone.rod] run data modify entity @s {} merge value {transformation:[-0.190937303692045f,-0.9762199975777741f,0.28527463301889006f,-0.7239919442684444f,1.0054411151119715f,-0.1374538658737792f,0.20258023757205126f,1.2422516961604757f,-0.15321639584981556f,0.3145554083807868f,0.9738705175520967f,-0.57165776383662f,0f,0f,0f,1f],start_interpolation:0}
execute if entity @s[tag=aj.tultaria.bone.sword] run data modify entity @s {} merge value {transformation:[-0.000001845132890214734f,0.000007508223211710182f,0.0000063420871028853195f,-0.7000294512555906f,0.000009716134222044998f,0.000002365597097463719f,2.6194497081137755e-8f,1.272737402309434f,-0.0000014806148711443928f,0.00000616689018676413f,-0.000007731574550357668f,-0.6125264410137479f,0f,0f,0f,1f],start_interpolation:0}
execute if entity @s[tag=aj.tultaria.bone.right_hand] run data modify entity @s {} merge value {transformation:[-0.1845132890214734f,0.7508223211710181f,0.6342087102885319f,-0.3631574850432462f,0.9716134222044996f,0.2365597097463719f,0.0026194497081137753f,1.3312890185288793f,-0.14806148711443926f,0.616689018676413f,-0.7731574550357667f,-0.43704406371243604f,0f,0f,0f,1f],start_interpolation:0}
execute if entity @s[tag=aj.tultaria.bone.right_arm] run data modify entity @s {} merge value {transformation:[-0.1845132890214734f,0.6611209169970944f,0.727237223527096f,-0.18677753868539712f,0.9716134222044996f,0.2341710556704667f,0.03363442400636939f,1.3175433333333333f,-0.14806148711443926f,0.7127994457034185f,-0.685561628329912f,-0.11386708717897802f,0f,0f,0f,1f],start_interpolation:0}
execute if entity @s[tag=aj.tultaria.bone.skirt] run data modify entity @s {} merge value {transformation:[-0.6829078033084479f,0.24696970147967937f,0.6874902899179509f,-0.04411944835765083f,0f,0.9411170233284727f,-0.3380809790587974f,0.7679867362363502f,-0.7305045736889196f,-0.23087813874941268f,-0.6426961590574326f,0.04124480071213667f,0f,0f,0f,1f],start_interpolation:0}
execute if entity @s[tag=aj.tultaria.bone.left_foot] run data modify entity @s {} merge value {transformation:[-0.6829078033084479f,0.2440877906512158f,0.6885187598282551f,-0.10663054510030467f,0f,0.942524913090354f,-0.33413588284412155f,0.3856242441606101f,-0.7305045736889196f,-0.2281840017596079f,-0.6436576179620194f,0.27079752604570445f,0f,0f,0f,1f],start_interpolation:0}
execute if entity @s[tag=aj.tultaria.bone.left_leg] run data modify entity @s {} merge value {transformation:[-0.6829078033084479f,0.24696970147967937f,0.6874902899179509f,0.08735498553679891f,0f,0.9411170233284727f,-0.3380809790587974f,0.7551028194844672f,-0.7305045736889196f,-0.23087813874941268f,-0.6426961590574326f,0.08945132046065733f,0f,0f,0f,1f],start_interpolation:0}
execute if entity @s[tag=aj.tultaria.bone.right_foot] run data modify entity @s {} merge value {transformation:[-0.6829078033084479f,0.2440877906512158f,0.6885187598282552f,-0.3658797004579901f,0f,0.942524913090354f,-0.33413588284412166f,0.5153707330334576f,-0.7305045736889196f,-0.22818400175960793f,-0.6436576179620195f,0.17092583265343197f,0f,0f,0f,1f],start_interpolation:0}
execute if entity @s[tag=aj.tultaria.bone.right_leg] run data modify entity @s {} merge value {transformation:[-0.6829078033084479f,0.49126139621097037f,0.5406469946030203f,-0.08337196529031307f,0f,0.7401007660675525f,-0.6724959896283561f,0.7551028194844672f,-0.7305045736889196f,-0.4592527590108414f,-0.5054205883820918f,-0.09317482296157258f,0f,0f,0f,1f],start_interpolation:0}
execute if entity @s[tag=aj.tultaria.bone.lower] run data modify entity @s {} merge value {transformation:[-0.6829078033084479f,-0.03186416197188662f,0.7298092952013283f,0f,0f,0.9990482215818578f,0.043619387365336f,0.8175433333333333f,-0.7305045736889196f,0.029788020007321874f,-0.682257826399678f,0f,0f,0f,0f,1f],start_interpolation:0}