execute if entity @s[tag=aj.tultaria.bone.head] run data modify entity @s {} merge value {transformation:[-0.997189904774317f,0.0028551012139513563f,-0.07486081894587161f,0f,-0.006817282268508379f,0.9916690610286156f,0.12863124838504525f,1.15625f,0.07460441326530191f,0.1287801296616905f,-0.988862912503881f,0f,0f,0f,0f,1f],start_interpolation:0}
execute if entity @s[tag=aj.tultaria.bone.bust] run data modify entity @s {} merge value {transformation:[-0.9993509186784728f,0f,0.03602417711055163f,0.4816633707839606f,0f,1f,0f,0f,-0.03602417711055163f,0f,-0.9993509186784728f,0.5176875478945122f,0f,0f,0f,1f],start_interpolation:0}
execute if entity @s[tag=aj.tultaria.bone.left_wing] run data modify entity @s {} merge value {transformation:[-0.9370657153081863f,0f,-0.3491530397890834f,0.06696245455622352f,0f,1f,0f,1.0625f,0.3491530397890834f,0f,-0.9370657153081863f,-0.12266735376539961f,0f,0f,0f,1f],start_interpolation:0}
execute if entity @s[tag=aj.tultaria.bone.right_wing] run data modify entity @s {} merge value {transformation:[-0.9094940038185986f,0f,0.4157170396050839f,-0.05795641027858567f,0f,1f,0f,1.0625f,-0.4157170396050839f,0f,-0.9094940038185986f,-0.12717037590421854f,0f,0f,0f,1f],start_interpolation:0}
execute if entity @s[tag=aj.tultaria.bone.body] run data modify entity @s {} merge value {transformation:[-0.9993509186784728f,0f,0.03602417711055163f,0.4816633707839606f,0f,1f,0f,0f,-0.03602417711055163f,0f,-0.9993509186784728f,0.5176875478945122f,0f,0f,0f,1f],start_interpolation:0}
execute if entity @s[tag=aj.tultaria.bone.left_hand] run data modify entity @s {} merge value {transformation:[-0.7923212115838068f,-0.43319525054856656f,0.4296149119578287f,0.5086356077898093f,-0.5157406972526719f,0.8517579911047424f,-0.09230307571550073f,0.8348088520657846f,-0.3259426803468613f,-0.29470357902709327f,-0.8982823440527625f,-0.14812633506506726f,0f,0f,0f,1f],start_interpolation:0}
execute if entity @s[tag=aj.tultaria.bone.left_arm] run data modify entity @s {} merge value {transformation:[-0.7923212115838068f,-0.6038327745000831f,0.08725295475741798f,0.21860801346091593f,-0.5157406972526719f,0.7392933925662732f,0.4329628308586986f,1f,-0.3259426803468613f,0.2980457349927723f,-0.8971789726587008f,0.007880288742933169f,0f,0f,0f,1f],start_interpolation:0}
execute if entity @s[tag=aj.tultaria.bone.rod] run data modify entity @s {} merge value {transformation:[-0.3255804701901492f,1.0324436793947183f,0.29881715104043727f,-0.6341794958145972f,1.0034100980993252f,0.18006183754451702f,0.47114774024679373f,0.7849743891814768f,0.38522696674860346f,0.4035741158514185f,-0.9746601461800322f,0.4742836592327473f,0f,0f,0f,1f],start_interpolation:0}
execute if entity @s[tag=aj.tultaria.bone.right_hand] run data modify entity @s {} merge value {transformation:[-0.2899081751954024f,0.4759481842201647f,-0.8303171537987157f,-0.559488570956875f,0.8934712525684426f,0.44554377064301254f,-0.056567387026315086f,0.9449823797943171f,0.34301949039179996f,-0.7582638553819736f,-0.5544128018296611f,0.12063311323579964f,0f,0f,0f,1f],start_interpolation:0}
execute if entity @s[tag=aj.tultaria.bone.right_arm] run data modify entity @s {} merge value {transformation:[-0.2899081751954024f,0.7506788647225628f,-0.5936619341120972f,-0.21860801346091593f,0.8934712525684426f,0.4346094324323706f,0.11324205082296476f,1f,0.34301949039179996f,-0.4975900755638689f,-0.7967068130195027f,-0.007880288742933169f,0f,0f,0f,1f],start_interpolation:0}
execute if entity @s[tag=aj.tultaria.bone.skirt] run data modify entity @s {} merge value {transformation:[-0.9988099538883445f,0f,-0.04877167224489185f,0.0030482295153057407f,0f,1f,0f,0.453125f,0.04877167224489185f,0f,-0.9988099538883445f,0.06242562211802153f,0f,0f,0f,1f],start_interpolation:0}
execute if entity @s[tag=aj.tultaria.bone.left_foot] run data modify entity @s {} merge value {transformation:[-0.9988099538883445f,0.018664110936860396f,-0.04505914975340438f,0.13094770326665453f,0f,0.9238795325112867f,0.3826834323650897f,0f,0.04877167224489185f,0.38222802143440865f,-0.9227800732659835f,0.11875478520543158f,0f,0f,0f,1f],start_interpolation:0}
execute if entity @s[tag=aj.tultaria.bone.left_leg] run data modify entity @s {} merge value {transformation:[-0.9988099538883445f,0f,-0.04877167224489185f,0.12485124423604306f,0f,1f,0f,0.4375f,0.04877167224489185f,0f,-0.9988099538883445f,-0.0060964590306114815f,0f,0f,0f,1f],start_interpolation:0}
execute if entity @s[tag=aj.tultaria.bone.right_foot] run data modify entity @s {} merge value {transformation:[-0.9988099538883445f,0.0186641109368604f,-0.04505914975340437f,-0.11105330198199109f,0f,0.9238795325112867f,0.38268343236508984f,0.08113813357194827f,0.04877167224489185f,0.3822280214344088f,-0.9227800732659834f,0.2886687275664132f,0f,0f,0f,1f],start_interpolation:0}
execute if entity @s[tag=aj.tultaria.bone.right_leg] run data modify entity @s {} merge value {transformation:[-0.9988099538883445f,-0.018664110936860396f,-0.04505914975340438f,-0.12485124423604306f,0f,0.9238795325112867f,-0.3826834323650897f,0.4375f,0.04877167224489185f,-0.38222802143440865f,-0.9227800732659835f,0.0060964590306114815f,0f,0f,0f,1f],start_interpolation:0}
execute if entity @s[tag=aj.tultaria.bone.lower] run data modify entity @s {} merge value {transformation:[-0.9988099538883445f,0f,-0.04877167224489185f,0f,0f,1f,0f,0.5f,0.04877167224489185f,0f,-0.9988099538883445f,0f,0f,0f,0f,1f],start_interpolation:0}