execute if entity @s[tag=aj.tultaria.bone.head] run data modify entity @s {} merge value {transformation:[-0.9966273239456294f,0.007152071179051217f,-0.0817485476496274f,0f,0f,0.9961946980917455f,0.08715574274765817f,1.15625f,0.08206081382105357f,0.08686179466109224f,-0.9928348560880005f,0f,0f,0f,0f,1f],start_interpolation:0}
execute if entity @s[tag=aj.tultaria.bone.bust] run data modify entity @s {} merge value {transformation:[-0.9988121245891668f,0f,0.048727197474046316f,0.47504246355756025f,0f,1f,0f,0f,-0.048727197474046316f,0f,-0.9988121245891668f,0.5237696610316066f,0f,0f,0f,1f],start_interpolation:0}
execute if entity @s[tag=aj.tultaria.bone.left_wing] run data modify entity @s {} merge value {transformation:[-0.9414291699109442f,0f,-0.33721079170274293f,0.06851665747107871f,0f,1f,0f,1.0625f,0.33721079170274293f,0f,-0.9414291699109442f,-0.12180606573151787f,0f,0f,0f,1f],start_interpolation:0}
execute if entity @s[tag=aj.tultaria.bone.right_wing] run data modify entity @s {} merge value {transformation:[-0.9041349875531449f,0f,0.42724691254855707f,-0.056334858102567165f,0f,1f,0f,1.0625f,-0.42724691254855707f,0f,-0.9041349875531449f,-0.12789696541577367f,0f,0f,0f,1f],start_interpolation:0}
execute if entity @s[tag=aj.tultaria.bone.body] run data modify entity @s {} merge value {transformation:[-0.9988121245891668f,0f,0.048727197474046316f,0.47504246355756025f,0f,1f,0f,0f,-0.048727197474046316f,0f,-0.9988121245891668f,0.5237696610316066f,0f,0f,0f,1f],start_interpolation:0}
execute if entity @s[tag=aj.tultaria.bone.left_hand] run data modify entity @s {} merge value {transformation:[-0.41915889698348896f,-0.8967178974977358f,0.14213666447058956f,0.5414067194988996f,-0.8242567773141051f,0.4414839011826728f,0.35453170527936395f,1.0302499993783993f,-0.3806659744859667f,0.031448009535869126f,-0.9241777094070606f,-0.16413227441255665f,0f,0f,0f,1f],start_interpolation:0}
execute if entity @s[tag=aj.tultaria.bone.left_arm] run data modify entity @s {} merge value {transformation:[-0.41915889698348896f,-0.8828526585592424f,-0.21184192775383837f,0.21849015225388024f,-0.8242567773141051f,0.2722045303773515f,0.4964931607724434f,1f,-0.3806659744859667f,0.38272167029960963f,-0.8417942378941105f,0.010659074447447632f,0f,0f,0f,1f],start_interpolation:0}
execute if entity @s[tag=aj.tultaria.bone.rod] run data modify entity @s {} merge value {transformation:[-0.29424595549981347f,-0.04474034680794747f,0.9546819465348166f,-0.8109282834672176f,0.8934712525684426f,-0.3675107188353467f,0.25815691424965787f,1.0668230240428458f,0.33930581855573916f,0.9289425024772155f,0.14811275632297338f,-0.42408250344273074f,0f,0f,0f,1f],start_interpolation:0}
execute if entity @s[tag=aj.tultaria.bone.right_hand] run data modify entity @s {} merge value {transformation:[-0.29424595549981347f,0.7607277757913057f,0.5785434891273212f,-0.45333743140456273f,0.8934712525684426f,0.00404238239514243f,0.4491021932459804f,1.1244766915967719f,0.33930581855573916f,0.6490584798646303f,-0.6808778533702174f,-0.2657953051647716f,0f,0f,0f,1f],start_interpolation:0}
execute if entity @s[tag=aj.tultaria.bone.right_arm] run data modify entity @s {} merge value {transformation:[-0.29424595549981347f,0.7607277757913057f,0.5785434891273212f,-0.21849015225388024f,0.8934712525684426f,0.00404238239514243f,0.4491021932459804f,1f,0.33930581855573916f,0.6490584798646303f,-0.6808778533702174f,-0.010659074447447632f,0f,0f,0f,1f],start_interpolation:0}