execute if entity @s[tag=aj.tultaria.bone.head] run data modify entity @s {} merge value {transformation:[-0.9831331780394106f,-0.025986633696581246f,0.1810354912917585f,0f,0.003859095432505358f,0.9866860849698195f,0.16259051974015273f,1.4728300694444445f,-0.18285038042227708f,0.16054676762878126f,-0.9699435415442378f,0f,0f,0f,0f,1f],start_interpolation:0}
execute if entity @s[tag=aj.tultaria.bone.bust] run data modify entity @s {} merge value {transformation:[-0.8303445608822562f,0f,0.5572503119902699f,0.13654712444599315f,0f,1f,0f,0.3165800694444445f,-0.5572503119902699f,0f,-0.8303445608822562f,0.693797436436263f,0f,0f,0f,1f],start_interpolation:0}
execute if entity @s[tag=aj.tultaria.bone.left_wing] run data modify entity @s {} merge value {transformation:[-0.9028636596352194f,-0.3484170818310155f,-0.25187844131338016f,0.12155282405392476f,-0.3964332734061267f,0.901395504609966f,0.17414592732948997f,1.3790800694444445f,0.1663666788951491f,0.25708302424956864f,-0.9519613683317689f,-0.06896492561089018f,0f,0f,0f,1f],start_interpolation:0}
execute if entity @s[tag=aj.tultaria.bone.right_wing] run data modify entity @s {} merge value {transformation:[-0.18817595477306026f,-0.10587902656235623f,0.9764115125189046f,0.01775975394364271f,0.3964332734061267f,0.901395504609966f,0.17414592732948997f,1.3790800694444445f,-0.8985713492994033f,0.4198520882443634f,-0.12764699062295565f,-0.13862121460967392f,0f,0f,0f,1f],start_interpolation:0}
execute if entity @s[tag=aj.tultaria.bone.body] run data modify entity @s {} merge value {transformation:[-0.8303445608822562f,0f,0.5572503119902699f,0.13654712444599315f,0f,1f,0f,0.3165800694444445f,-0.5572503119902699f,0f,-0.8303445608822562f,0.693797436436263f,0f,0f,0f,1f],start_interpolation:0}
execute if entity @s[tag=aj.tultaria.bone.left_hand] run data modify entity @s {} merge value {transformation:[-0.08099516510633745f,-0.872025506714674f,0.4827124391067763f,0.544122330783704f,-0.8772556616304317f,0.2922687678670236f,0.38079058741891914f,1.3671839105923747f,-0.47314087475798444f,-0.39262002364691984f,-0.7886616699604092f,0.16416499843130772f,0f,0f,0f,1f],start_interpolation:0}
execute if entity @s[tag=aj.tultaria.bone.left_arm] run data modify entity @s {} merge value {transformation:[-0.08099516510633745f,-0.9512358035620986f,0.2976411081335466f,0.18163787269299353f,-0.8772556616304317f,0.20979105096140493f,0.4317524974726409f,1.3165800694444445f,-0.47314087475798444f,-0.22613748242623916f,-0.8514690550308752f,0.12189850574787153f,0f,0f,0f,1f],start_interpolation:0}
execute if entity @s[tag=aj.tultaria.bone.rod] run data modify entity @s {} merge value {transformation:[-0.22017342359029266f,-1.0319401385298015f,0.32809787264720786f,-0.7166174211277241f,1.0692939636193675f,-0.15439951882070663f,0.23194009561763257f,1.2307487724975779f,-0.170760308361492f,0.36371051549141176f,1.0293593046207234f,-0.5762450674851571f,0f,0f,0f,1f],start_interpolation:0}
execute if entity @s[tag=aj.tultaria.bone.sword] run data modify entity @s {} merge value {transformation:[-0.0000019925196705003864f,0.000007545584917395622f,0.000006252520581096932f,-0.6935353548741459f,0.00000967686844904405f,0.000002521214674101427f,4.115321362179951e-8f,1.2611818920896927f,-0.0000015453421571175747f,0.000006058681772586119f,-0.000007804120244842971f,-0.6176560753738509f,0f,0f,0f,1f],start_interpolation:0}
execute if entity @s[tag=aj.tultaria.bone.right_hand] run data modify entity @s {} merge value {transformation:[-0.19925196705003861f,0.7545584917395621f,0.6252520581096931f,-0.3555014794616766f,0.9676868449044049f,0.2521214674101427f,0.004115321362179951f,1.3258087379466539f,-0.15453421571175746f,0.6058681772586119f,-0.780412024484297f,-0.4465960040737148f,0f,0f,0f,1f],start_interpolation:0}
execute if entity @s[tag=aj.tultaria.bone.right_arm] run data modify entity @s {} merge value {transformation:[-0.19925196705003861f,0.6511653271133218f,0.7323130275995987f,-0.18163787269299353f,0.9676868449044049f,0.24859025788501432f,0.04224989803087979f,1.3165800694444445f,-0.15453421571175746f,0.7170680584505644f,-0.679656218778501f,-0.12189850574787153f,0f,0f,0f,1f],start_interpolation:0}
execute if entity @s[tag=aj.tultaria.bone.skirt] run data modify entity @s {} merge value {transformation:[-0.6660459640788934f,0.25436703854491577f,0.7011991039898061f,-0.045049914584513205f,0f,0.9400577081586122f,-0.3410154033640967f,0.7670234723474614f,-0.7459107009114546f,-0.22713193309939247f,-0.6261216425202978f,0.04022641551388034f,0f,0f,0f,1f],start_interpolation:0}
execute if entity @s[tag=aj.tultaria.bone.left_foot] run data modify entity @s {} merge value {transformation:[-0.6660459640788934f,0.25361730156753765f,0.7014706252437221f,-0.11364621136457687f,0f,0.9404217212416583f,-0.3400102736931294f,0.3854912336966977f,-0.7459107009114546f,-0.22646247053866875f,-0.6263640919651327f,0.26905848135306104f,0f,0f,0f,1f],start_interpolation:0}
execute if entity @s[tag=aj.tultaria.bone.left_leg] run data modify entity @s {} merge value {transformation:[-0.6660459640788934f,0.25436703854491577f,0.7011991039898061f,0.08528925599754955f,0f,0.9400577081586122f,-0.3410154033640967f,0.7541395555955784f,-0.7459107009114546f,-0.22713193309939247f,-0.6261216425202978f,0.09142305530703958f,0f,0f,0f,1f],start_interpolation:0}
execute if entity @s[tag=aj.tultaria.bone.right_foot] run data modify entity @s {} merge value {transformation:[-0.6660459640788934f,0.2536173015675376f,0.7014706252437221f,-0.3702444451349338f,0f,0.9404217212416583f,-0.34001027369312925f,0.5156151435548177f,-0.7459107009114546f,-0.2264624705386687f,-0.6263640919651327f,0.16302195189875246f,0f,0f,0f,1f],start_interpolation:0}
execute if entity @s[tag=aj.tultaria.bone.right_leg] run data modify entity @s {} merge value {transformation:[-0.6660459640788934f,0.5033417805433018f,0.5504814490005239f,-0.0812222350221738f,0f,0.7379991308984722f,-0.674801661818567f,0.7541395555955784f,-0.7459107009114546f,-0.44944892340798687f,-0.4915413426286584f,-0.09505461992082408f,0f,0f,0f,1f],start_interpolation:0}
execute if entity @s[tag=aj.tultaria.bone.lower] run data modify entity @s {} merge value {transformation:[-0.6660459640788934f,-0.03253616780300602f,0.7452007592044658f,0f,0f,0.9990482215818578f,0.043619387365336f,0.8165800694444445f,-0.7459107009114546f,0.029052516910275918f,-0.6654120359047924f,0f,0f,0f,0f,1f],start_interpolation:0}