execute if entity @s[tag=aj.tultaria.bone.head] run data modify entity @s {} merge value {transformation:[-0.9845950893571582f,0.016317969394384707f,-0.17408685731155468f,0f,-0.01346124985818562f,0.9856064513318225f,0.16851919132652937f,1.15625f,0.1743310206647835f,0.16826659492583734f,-0.9702036117568513f,0f,0f,0f,0f,1f],start_interpolation:0}
execute if entity @s[tag=aj.tultaria.bone.bust] run data modify entity @s {} merge value {transformation:[-0.9966775211207003f,0f,-0.08144887287554121f,0.5390631969981208f,0f,1f,0f,0f,0.08144887287554121f,0f,-0.9966775211207003f,0.4576143241225795f,0f,0f,0f,1f],start_interpolation:0}
execute if entity @s[tag=aj.tultaria.bone.left_wing] run data modify entity @s {} merge value {transformation:[-0.8896408280432208f,0f,-0.45666092133942504f,0.05211123596060113f,0f,1f,0f,1.0625f,0.45666092133942504f,0f,-0.8896408280432208f,-0.12967524469480884f,0f,0f,0f,1f],start_interpolation:0}
execute if entity @s[tag=aj.tultaria.bone.right_wing] run data modify entity @s {} merge value {transformation:[-0.9519790965117806f,0f,0.3061630281477725f,-0.07247345417948636f,0f,1f,0f,1.0625f,-0.3061630281477725f,0f,-0.9519790965117806f,-0.11949413558536615f,0f,0f,0f,1f],start_interpolation:0}
execute if entity @s[tag=aj.tultaria.bone.body] run data modify entity @s {} merge value {transformation:[-0.9966775211207003f,0f,-0.08144887287554121f,0.5390631969981208f,0f,1f,0f,0f,0.08144887287554121f,0f,-0.9966775211207003f,0.4576143241225795f,0f,0f,0f,1f],start_interpolation:0}
execute if entity @s[tag=aj.tultaria.bone.left_hand] run data modify entity @s {} merge value {transformation:[-0.9612128638684674f,-0.09783843432021835f,0.2578710357980274f,0.4054856779365537f,-0.2123116021200246f,0.8592728968367833f,-0.46537498038350855f,0.7276466597759448f,-0.176050032487948f,-0.5020734304177934f,-0.846716396752479f,-0.1803705254561034f,0f,0f,0f,1f],start_interpolation:0}
execute if entity @s[tag=aj.tultaria.bone.left_arm] run data modify entity @s {} merge value {transformation:[-0.9612128638684674f,-0.2536686766604405f,0.10826833708485631f,0.21802320774515319f,-0.2123116021200246f,0.9310983861078925f,0.29661351788565915f,1f,-0.176050032487948f,0.2621221048836186f,-0.94884054940352f,-0.01781694094152464f,0f,0f,0f,1f],start_interpolation:0}
execute if entity @s[tag=aj.tultaria.bone.rod] run data modify entity @s {} merge value {transformation:[-0.2751893658437891f,0.5262831894442025f,-0.9390765243948436f,0.07161125746561281f,0.9927458361871584f,0.4988941650203455f,-0.01132334209850358f,0.9579296447363123f,0.4162864625400648f,-0.841842335506868f,-0.5937802324840304f,0.5598383175500582f,0f,0f,0f,1f],start_interpolation:0}
execute if entity @s[tag=aj.tultaria.bone.right_hand] run data modify entity @s {} merge value {transformation:[-0.24767042925941019f,-0.7131549052381931f,-0.6557967974953548f,-0.27779643168562895f,0.8934712525684425f,0.0936313130949481f,-0.4392519755697111f,0.9381348902007041f,0.3746578162860583f,-0.6947253114309422f,0.6139936989521494f,0.37606553813247356f,0f,0f,0f,1f],start_interpolation:0}
execute if entity @s[tag=aj.tultaria.bone.right_arm] run data modify entity @s {} merge value {transformation:[-0.24767042925941019f,-0.15450926184440403f,-0.9564445862018128f,-0.21802320774515319f,0.8934712525684425f,0.34533149590685985f,-0.28715027210244587f,1f,0.3746578162860583f,-0.9256743735996086f,0.052521183885498944f,0.01781694094152464f,0f,0f,0f,1f],start_interpolation:0}