execute if entity @s[tag=aj.tultaria.bone.head] run data modify entity @s {} merge value {transformation:[-0.9993155418290077f,-0.0037126345385974802f,0.03680576318702421f,0f,-4.336808689942018e-19f,0.9949510169813002f,0.10036171485121481f,1.15625f,-0.036992537882612114f,0.10029302145543012f,-0.9942700146279903f,0f,0f,0f,0f,1f],start_interpolation:0}
execute if entity @s[tag=aj.tultaria.bone.bust] run data modify entity @s {} merge value {transformation:[-0.9966659280340298f,0f,0.0815906115681581f,0.45753765823293585f,0f,1f,0f,0f,-0.0815906115681581f,0f,-0.9966659280340298f,0.539128269801094f,0f,0f,0f,1f],start_interpolation:0}
execute if entity @s[tag=aj.tultaria.bone.left_wing] run data modify entity @s {} merge value {transformation:[-0.9520226269456767f,0f,-0.3060276421885001f,0.07249044694814666f,0f,1f,0f,1.0625f,0.3060276421885001f,0f,-0.9520226269456767f,-0.11948382778124389f,0f,0f,0f,1f],start_interpolation:0}
execute if entity @s[tag=aj.tultaria.bone.right_wing] run data modify entity @s {} merge value {transformation:[-0.8895758763783376f,0f,0.4567874343342999f,-0.05209279405610706f,0f,1f,0f,1.0625f,-0.4567874343342999f,0f,-0.8895758763783376f,-0.12968265422726366f,0f,0f,0f,1f],start_interpolation:0}
execute if entity @s[tag=aj.tultaria.bone.body] run data modify entity @s {} merge value {transformation:[-0.9966659280340298f,0f,0.0815906115681581f,0.45753765823293585f,0f,1f,0f,0f,-0.0815906115681581f,0f,-0.9966659280340298f,0.539128269801094f,0f,0f,0f,1f],start_interpolation:0}
execute if entity @s[tag=aj.tultaria.bone.left_hand] run data modify entity @s {} merge value {transformation:[-0.5097876433469489f,-0.8123312682852188f,0.28325689622124217f,0.5501189354874256f,-0.768057618216755f,0.5780776035758985f,0.2755245530676924f,0.9816021587717312f,-0.3875616774011194f,-0.07709860446255756f,-0.9186140383207502f,-0.14062744665373417f,0f,0f,0f,1f],start_interpolation:0}
execute if entity @s[tag=aj.tultaria.bone.left_arm] run data modify entity @s {} merge value {transformation:[-0.5097876433469489f,-0.8544310640582086f,-0.10032006510724205f,0.218020671757444f,-0.768057618216755f,0.39948990622372604f,0.5004950648353726f,1f,-0.3875616774011194f,0.3321977898748211f,-0.8599073058256422f,0.017847946280534585f,0f,0f,0f,1f],start_interpolation:0}
execute if entity @s[tag=aj.tultaria.bone.rod] run data modify entity @s {} merge value {transformation:[-0.3723175922165384f,0.15597331856226404f,0.7457586301362896f,-0.8276760671362811f,0.7168707638971763f,-0.20939389577369427f,0.4016895620777263f,0.9233068253890625f,0.25803084775964213f,0.8068026526415186f,-0.039919435054251384f,-0.3763567642122514f,0f,0f,0f,1f],start_interpolation:0}
execute if entity @s[tag=aj.tultaria.bone.right_hand] run data modify entity @s {} merge value {transformation:[-0.43905376440629484f,0.8111599457359648f,0.3863306024563523f,-0.4751997621782502f,0.8453664668598769f,0.22734224385944318f,0.48339532565572263f,1.068984582543319f,0.3042816600939173f,0.538827473863926f,-0.7855428853601244f,-0.27248932218329464f,0f,0f,0f,1f],start_interpolation:0}
execute if entity @s[tag=aj.tultaria.bone.right_arm] run data modify entity @s {} merge value {transformation:[-0.43905376440629484f,0.7593757220347421f,0.48018778071174995f,-0.218020671757444f,0.8453664668598769f,0.16815314872317866f,0.507030625587182f,1f,0.3042816600939173f,0.6285483524429083f,-0.715779044099361f,-0.017847946280534585f,0f,0f,0f,1f],start_interpolation:0}
execute if entity @s[tag=aj.tultaria.bone.skirt] run data modify entity @s {} merge value {transformation:[-0.995692394104561f,0f,-0.09271815530049958f,0.005794884706281224f,0f,1f,0f,0.453125f,0.09271815530049958f,0f,-0.995692394104561f,0.06223077463153506f,0f,0f,0f,1f],start_interpolation:0}
execute if entity @s[tag=aj.tultaria.bone.left_foot] run data modify entity @s {} merge value {transformation:[-0.995692394104561f,0f,-0.09271815530049958f,0.13605131867563258f,0f,1f,0f,0f,0.09271815530049958f,0f,-0.995692394104561f,0.11287177985050768f,0f,0f,0f,1f],start_interpolation:0}
execute if entity @s[tag=aj.tultaria.bone.left_leg] run data modify entity @s {} merge value {transformation:[-0.995692394104561f,0f,-0.09271815530049958f,0.12446154926307013f,0f,1f,0f,0.4375f,0.09271815530049958f,0f,-0.995692394104561f,-0.011589769412562448f,0f,0f,0f,1f],start_interpolation:0}
execute if entity @s[tag=aj.tultaria.bone.right_foot] run data modify entity @s {} merge value {transformation:[-0.995692394104561f,0f,-0.09271815530049958f,-0.11287177985050768f,0f,1f,0f,0f,0.09271815530049958f,0f,-0.995692394104561f,0.13605131867563258f,0f,0f,0f,1f],start_interpolation:0}
execute if entity @s[tag=aj.tultaria.bone.right_leg] run data modify entity @s {} merge value {transformation:[-0.995692394104561f,0f,-0.09271815530049958f,-0.12446154926307013f,0f,1f,0f,0.4375f,0.09271815530049958f,0f,-0.995692394104561f,0.011589769412562448f,0f,0f,0f,1f],start_interpolation:0}
execute if entity @s[tag=aj.tultaria.bone.lower] run data modify entity @s {} merge value {transformation:[-0.995692394104561f,0f,-0.09271815530049958f,0f,0f,1f,0f,0.5f,0.09271815530049958f,0f,-0.995692394104561f,0f,0f,0f,0f,1f],start_interpolation:0}