execute if entity @s[tag=aj.tultaria.bone.head] run data modify entity @s {} merge value {transformation:[-0.7687360464201687f,0.16889682534228856f,-0.616862021301024f,0f,-0.0376193091309181f,0.9508898223303911f,0.30723498070530575f,1.121148125f,0.6384588307125221f,0.2593885274598198f,-0.7246295007156593f,0f,0f,0f,0f,1f],start_interpolation:0}
execute if entity @s[tag=aj.tultaria.bone.bust] run data modify entity @s {} merge value {transformation:[-0.4890000662666948f,0f,-0.8722837469488746f,0.6806419066077847f,0f,1f,0f,-0.035101875000000005f,0.8722837469488746f,0f,-0.4890000662666948f,-0.1916418403410899f,0f,0f,0f,1f],start_interpolation:0}
execute if entity @s[tag=aj.tultaria.bone.left_wing] run data modify entity @s {} merge value {transformation:[-0.02477895578708378f,0.0855954885722228f,-0.9960217947847247f,-0.07847296422694083f,-0.13916145827198417f,0.9863318265335815f,0.0882248065939712f,1.027398125f,0.9899596415418745f,0.1407939640148373f,-0.012528679709855717f,-0.1156427424676415f,0f,0f,0f,1f],start_interpolation:0}
execute if entity @s[tag=aj.tultaria.bone.right_wing] run data modify entity @s {} merge value {transformation:[-0.8315996391765819f,0.1647705522846242f,-0.5303703472303094f,-0.13959797251027772f,0.13916145827198417f,0.9863318265335815f,0.0882248065939712f,1.027398125f,0.5376580034306135f,-0.0004393936148182481f,-0.8431629013899139f,-0.006607274099032168f,0f,0f,0f,1f],start_interpolation:0}
execute if entity @s[tag=aj.tultaria.bone.body] run data modify entity @s {} merge value {transformation:[-0.4890000662666948f,0f,-0.8722837469488746f,0.6806419066077847f,0f,1f,0f,-0.035101875000000005f,0.8722837469488746f,0f,-0.4890000662666948f,-0.1916418403410899f,0f,0f,0f,1f],start_interpolation:0}
execute if entity @s[tag=aj.tultaria.bone.left_hand] run data modify entity @s {} merge value {transformation:[-0.5086873384056488f,-0.8085990761924988f,-0.29564290237787666f,0.24187092833827545f,-0.840193952172313f,0.5411859999238542f,-0.03452298103419338f,0.9188208693692614f,0.18791305031542155f,0.230835975244449f,-0.9546745194327217f,-0.5305479673717683f,0f,0f,0f,1f],start_interpolation:0}
execute if entity @s[tag=aj.tultaria.bone.left_arm] run data modify entity @s {} merge value {transformation:[-0.5086873384056488f,-0.4533286590327621f,-0.7319360072064599f,0.10696876449583949f,-0.840193952172313f,0.44694356739367913f,0.3071084015433002f,0.9648981249999999f,0.18791305031542155f,0.7711903620150927f,-0.6082385313807276f,-0.1908120696450663f,0f,0f,0f,1f],start_interpolation:0}
execute if entity @s[tag=aj.tultaria.bone.rod] run data modify entity @s {} merge value {transformation:[0.28314781109602677f,0.2905813224110513f,-0.8434961838309487f,0.3262450178673499f,0.813826619773627f,0.27845401722750435f,0.369114607185488f,0.899298160512467f,0.36552640126174357f,-0.8450573089179867f,-0.16841791657935146f,0.41785882527031853f,0f,0f,0f,1f],start_interpolation:0}
execute if entity @s[tag=aj.tultaria.bone.sword] run data modify entity @s {} merge value {transformation:[0.000002110384605033658f,-0.000009220190629988113f,-0.0000032456681231321797f,0.4725625823835748f,0.000009051249854849091f,0.000003097011691753222f,-0.0000029126267605441996f,0.8335709948394499f,0.000003690684609111334f,-0.000002323059045272691f,0.000008999013489724611f,0.520192865883681f,0f,0f,0f,1f],start_interpolation:0}
execute if entity @s[tag=aj.tultaria.bone.right_hand] run data modify entity @s {} merge value {transformation:[0.21103846050336578f,-0.9220190629988113f,-0.32456681231321793f,0.09485369965632022f,0.905124985484909f,0.30970116917532214f,-0.2912626760544199f,0.8986688809170407f,0.3690684609111334f,-0.23230590452726907f,0.899901348972461f,0.4918495551709557f,0f,0f,0f,1f],start_interpolation:0}
execute if entity @s[tag=aj.tultaria.bone.right_arm] run data modify entity @s {} merge value {transformation:[0.21103846050336578f,-0.7121655921166227f,-0.6695393473079456f,-0.10696876449583949f,0.905124985484909f,0.4010004603140034f,-0.14123523455179599f,0.9648981249999999f,0.3690684609111334f,-0.5762107255450368f,0.729225391033218f,0.1908120696450663f,0f,0f,0f,1f],start_interpolation:0}
execute if entity @s[tag=aj.tultaria.bone.skirt] run data modify entity @s {} merge value {transformation:[-0.7823351546025943f,-0.04359746606553949f,-0.6213299983306771f,0.03761802296020806f,0f,0.9975472811823205f,-0.06999586991930715f,0.4153415279030169f,0.6228576931153175f,-0.05476022971486423f,-0.7804163064471683f,0.047249800610505724f,0f,0f,0f,1f],start_interpolation:0}
execute if entity @s[tag=aj.tultaria.bone.left_foot] run data modify entity @s {} merge value {transformation:[-0.7823351546025943f,0.12920696375762067f,-0.6093088431899474f,0.19283399358349018f,0f,0.9782472785113989f,0.2074421897422064f,-0.025219840626217904f,0.6228576931153175f,0.16228931758306978f,-0.7653172358737824f,0.0415196159068513f,0f,0f,0f,1f],start_interpolation:0}
execute if entity @s[tag=aj.tultaria.bone.left_leg] run data modify entity @s {} merge value {transformation:[-0.7823351546025943f,-0.04359746606553949f,-0.6213299983306771f,0.096093852388482f,0f,0.9975472811823205f,-0.06999586991930715f,0.4024576111511339f,0.6228576931153175f,-0.05476022971486423f,-0.7804163064471683f,-0.07999002289929784f,0f,0f,0f,1f],start_interpolation:0}
execute if entity @s[tag=aj.tultaria.bone.right_foot] run data modify entity @s {} merge value {transformation:[-0.7823351546025943f,0.12920696375762075f,-0.6093088431899474f,0.09182635133735911f,0f,0.9782472785113989f,0.20744218974220663f,0.06677225776766393f,0.6228576931153175f,0.16228931758306986f,-0.7653172358737823f,0.31602561057821227f,0f,0f,0f,1f],start_interpolation:0}
execute if entity @s[tag=aj.tultaria.bone.right_leg] run data modify entity @s {} merge value {transformation:[-0.7823351546025943f,-0.2780515029598863f,-0.5573500404366033f,-0.09948993626216657f,0f,0.8948272560445266f,-0.446412569088084f,0.4024576111511339f,0.6228576931153175f,-0.34924424625406747f,-0.7000548197002099f,0.07572440037953153f,0f,0f,0f,1f],start_interpolation:0}
execute if entity @s[tag=aj.tultaria.bone.lower] run data modify entity @s {} merge value {transformation:[-0.7823351546025943f,0.027168670989476607f,-0.6222648706054364f,0f,0f,0.9990482215818578f,0.043619387365336f,0.464898125f,0.6228576931153175f,0.034124980158130584f,-0.7815905448866896f,0f,0f,0f,0f,1f],start_interpolation:0}