execute if entity @s[tag=aj.tultaria.bone.head] run data modify entity @s {} merge value {transformation:[-0.9965082969395579f,0.016235390831575353f,-0.0819000989936382f,0f,0.0024819836734273903f,0.986239037249536f,0.16530699066329033f,1.5637877777777778f,0.08345689838273745f,0.16452651302952453f,-0.98283567935982f,0f,0f,0f,0f,1f],start_interpolation:0}
execute if entity @s[tag=aj.tultaria.bone.bust] run data modify entity @s {} merge value {transformation:[-0.9463967143619668f,0f,-0.32300659288143574f,0.6347016536217013f,0f,1f,0f,0.4075377777777778f,0.32300659288143574f,0f,-0.9463967143619668f,0.31169506074026554f,0f,0f,0f,1f],start_interpolation:0}
execute if entity @s[tag=aj.tultaria.bone.left_wing] run data modify entity @s {} merge value {transformation:[-0.6913717619730476f,-0.027327793759248688f,-0.7219821870617967f,0.018773970537443452f,-0.11970915425468352f,0.9898054003662734f,0.07716856739236286f,1.4700377777777778f,0.7125130210276243f,0.1397800454071082f,-0.6875948907402343f,-0.13848750135033555f,0f,0f,0f,1f],start_interpolation:0}
execute if entity @s[tag=aj.tultaria.bone.right_wing] run data modify entity @s {} merge value {transformation:[-0.982725223518209f,0.10708478720489684f,0.15094364315984854f,-0.0995256187578023f,0.11970915425468352f,0.9898054003662734f,0.07716856739236286f,1.4700377777777778f,-0.14114125353245988f,0.093904833502026f,-0.9855257626243175f,-0.09811167724015607f,0f,0f,0f,1f],start_interpolation:0}
execute if entity @s[tag=aj.tultaria.bone.body] run data modify entity @s {} merge value {transformation:[-0.9463967143619668f,0f,-0.32300659288143574f,0.6347016536217013f,0f,1f,0f,0.4075377777777778f,0.32300659288143574f,0f,-0.9463967143619668f,0.31169506074026554f,0f,0f,0f,1f],start_interpolation:0}
execute if entity @s[tag=aj.tultaria.bone.left_hand] run data modify entity @s {} merge value {transformation:[-0.9017468902265666f,-0.42456067878372694f,0.0812451598399393f,0.40598565189903646f,-0.4320449507373472f,0.879237560404934f,-0.20069497481387838f,1.201866646294311f,0.013773398603086018f,-0.21607763050320838f,-0.9762790334156722f,-0.3027265314849618f,0f,0f,0f,1f],start_interpolation:0}
execute if entity @s[tag=aj.tultaria.bone.left_arm] run data modify entity @s {} merge value {transformation:[-0.9017468902265666f,-0.3859543331825054f,-0.1946581584839533f,0.20702428126668024f,-0.4320449507373472f,0.8190793209658007f,0.37742049031361014f,1.4075377777777778f,0.013773398603086018f,0.42443882794090637f,-0.9053518513964999f,-0.07065769219281406f,0f,0f,0f,1f],start_interpolation:0}
execute if entity @s[tag=aj.tultaria.bone.rod] run data modify entity @s {} merge value {transformation:[-0.6342897359655886f,0.14576197496363746f,0.8417398514406954f,-0.6985689182563771f,0.7787939451096927f,-0.33218790702657064f,0.6443812423447688f,1.0326619894921056f,0.35107338536150073f,1.0002502892176568f,0.09133913187023823f,0.29830034300587915f,0f,0f,0f,1f],start_interpolation:0}
execute if entity @s[tag=aj.tultaria.bone.sword] run data modify entity @s {} merge value {transformation:[-0.000005961369698924705f,0.000005833101195808911f,-0.0000055169739669673104f,-0.7430590140356761f,0.000007319491965316661f,0.000006772333746347877f,-7.486875167535523e-7f,1.0520259291489378f,0.0000032995618924953076f,-0.000004484464970041622f,-0.000008306772252208578f,0.2696734789876992f,0f,0f,0f,1f],start_interpolation:0}
execute if entity @s[tag=aj.tultaria.bone.right_hand] run data modify entity @s {} merge value {transformation:[-0.5961369698924704f,0.5833101195808911f,-0.551697396696731f,-0.5487897980006343f,0.731949196531666f,0.6772333746347876f,-0.07486875167535523f,1.2772659110207314f,0.32995618924953074f,-0.44844649700416217f,-0.8306772252208577f,0.026298253476711053f,0f,0f,0f,1f],start_interpolation:0}
execute if entity @s[tag=aj.tultaria.bone.right_arm] run data modify entity @s {} merge value {transformation:[-0.5961369698924704f,0.7663037475169706f,-0.23958146770748037f,-0.20702428126668024f,0.731949196531666f,0.6413412898346174f,0.23006895412010256f,1.4075377777777778f,0.32995618924953074f,-0.038208853616879784f,-0.9432226654831888f,0.07065769219281406f,0f,0f,0f,1f],start_interpolation:0}
execute if entity @s[tag=aj.tultaria.bone.skirt] run data modify entity @s {} merge value {transformation:[-0.9624922394561607f,-0.014482944229974766f,-0.27092237506912553f,0.016385951898434413f,0f,0.9985741811195098f,-0.053381689758760384f,0.8579811806807947f,0.27130921286728266f,-0.051379462121863284f,-0.9611198998488187f,0.05813054179645569f,0f,0f,0f,1f],start_interpolation:0}
execute if entity @s[tag=aj.tultaria.bone.left_foot] run data modify entity @s {} merge value {transformation:[-0.9624922394561607f,0.06508414565235936f,-0.26338705923292244f,0.1597734685630346f,0f,0.9708002778429955f,0.2398891838744776f,0.4148937709089712f,0.27130921286728266f,0.23089147780865665f,-0.9343877334857676f,0.10608089293669667f,0f,0f,0f,1f],start_interpolation:0}
execute if entity @s[tag=aj.tultaria.bone.left_leg] run data modify entity @s {} merge value {transformation:[-0.9624922394561607f,-0.014482944229974766f,-0.27092237506912553f,0.11957188357877993f,0f,0.9985741811195098f,-0.053381689758760384f,0.8450972639289117f,0.27130921286728266f,-0.051379462121863284f,-0.9611198998488187f,-0.036537609222720834f,0f,0f,0f,1f],start_interpolation:0}
execute if entity @s[tag=aj.tultaria.bone.right_foot] run data modify entity @s {} merge value {transformation:[-0.9624922394561607f,0.06508414565235936f,-0.26338705923292244f,-0.03924364442164875f,0f,0.9708002778429956f,0.2398891838744776f,0.5043456624154428f,0.27130921286728266f,0.2308914778086567f,-0.9343877334857678f,0.3215087901893542f,0f,0f,0f,1f],start_interpolation:0}
execute if entity @s[tag=aj.tultaria.bone.right_leg] run data modify entity @s {} merge value {transformation:[-0.9624922394561607f,-0.11705800014053133f,-0.24475725441703228f,-0.12105117628526024f,0f,0.902133959368203f,-0.43145604568095897f,0.8450972639289117f,0.27130921286728266f,-0.41527309563436576f,-0.8682969348417547f,0.03128969399409983f,0f,0f,0f,1f],start_interpolation:0}
execute if entity @s[tag=aj.tultaria.bone.lower] run data modify entity @s {} merge value {transformation:[-0.9624922394561607f,0.011834341651842405f,-0.2710509866138324f,0f,0f,0.9990482215818578f,0.043619387365336f,0.9075377777777778f,0.27130921286728266f,0.04198332182896801f,-0.961576160115017f,0f,0f,0f,0f,1f],start_interpolation:0}