execute if entity @s[tag=aj.tultaria.bone.head] run data modify entity @s {} merge value {transformation:[-0.9923078311989901f,-0.02149675238970325f,0.12191414100854764f,0f,0f,0.984807753012208f,0.17364817766693036f,1.4743468800000001f,-0.12379486314527055f,0.17231244657232858f,-0.9772324455394951f,0f,0f,0f,0f,1f],start_interpolation:0}
execute if entity @s[tag=aj.tultaria.bone.bust] run data modify entity @s {} merge value {transformation:[-0.8470183446782125f,0f,0.5315636591966957f,0.1577273427407584f,0f,1f,0f,0.31809688f,-0.5315636591966957f,0f,-0.8470183446782125f,0.6892910019374541f,0f,0f,0f,1f],start_interpolation:0}
execute if entity @s[tag=aj.tultaria.bone.left_wing] run data modify entity @s {} merge value {transformation:[-0.8998383866072792f,-0.33893604147035383f,-0.2746147078734413f,0.11938410394197524f,-0.3931937495176367f,0.9028208426646004f,0.17410686772968742f,1.3805968800000001f,0.18891678942929058f,0.2646448296165777f,-0.9456603834511319f,-0.07265456438498308f,0f,0f,0f,1f],start_interpolation:0}
execute if entity @s[tag=aj.tultaria.bone.right_wing] run data modify entity @s {} merge value {transformation:[-0.2212044883644309f,-0.09091302630057095f,0.970980636251981f,0.013506810857198681f,0.3931937495176367f,0.9028208426646004f,0.17410686772968742f,1.3805968800000001f,-0.8924501384770426f,0.4202967376738161f,-0.1639615888952502f,-0.13910002178457004f,0f,0f,0f,1f],start_interpolation:0}
execute if entity @s[tag=aj.tultaria.bone.body] run data modify entity @s {} merge value {transformation:[-0.8470183446782125f,0f,0.5315636591966957f,0.1577273427407584f,0f,1f,0f,0.31809688f,-0.5315636591966957f,0f,-0.8470183446782125f,0.6892910019374541f,0f,0f,0f,1f],start_interpolation:0}
execute if entity @s[tag=aj.tultaria.bone.left_hand] run data modify entity @s {} merge value {transformation:[-0.04716171713869294f,-0.9043677641758523f,0.42413997637112627f,0.5456141203016159f,-0.8934712525684424f,0.22805190246899448f,0.38691271704875574f,1.3871879285157558f,-0.4466373173731773f,-0.36070940783384337f,-0.8187819183579043f,0.14992073112797494f,0f,0f,0f,1f],start_interpolation:0}
execute if entity @s[tag=aj.tultaria.bone.left_arm] run data modify entity @s {} merge value {transformation:[-0.04716171713869294f,-0.9642795197072366f,0.26065452290284696f,0.18528526289835898f,-0.8934712525684424f,0.1574005934089726f,0.42063544076585085f,1.3180968800000001f,-0.4466373173731773f,-0.21304943338972804f,-0.8689793125627374f,0.11627955044927718f,0f,0f,0f,1f],start_interpolation:0}
execute if entity @s[tag=aj.tultaria.bone.rod] run data modify entity @s {} merge value {transformation:[-0.2323569023531698f,-0.9215081797114757f,0.469286089576158f,-0.7619345291925492f,1.0237886469870887f,-0.1371616705901711f,0.23757098231320198f,1.2281913262354263f,-0.14582031904088621f,0.505376928699516f,0.9201777457149559f,-0.5100645069121108f,0f,0f,0f,1f],start_interpolation:0}
execute if entity @s[tag=aj.tultaria.bone.sword] run data modify entity @s {} merge value {transformation:[-0.0000021922447915393265f,0.000008181568944653012f,0.000005315636591966957f,-0.7438682476412645f,0.000009659258262890684f,0.0000025881904510252067f,2.0816681711721688e-22f,1.2583765083069596f,-0.000001375787986844905f,0.00000513451066734809f,-0.000008470183446782125f,-0.5540678292777923f,0f,0f,0f,1f],start_interpolation:0}
execute if entity @s[tag=aj.tultaria.bone.right_hand] run data modify entity @s {} merge value {transformation:[-0.21922447915393264f,0.8181568944653012f,0.5315636591966957f,-0.38868023636847426f,0.9659258262890683f,0.25881904510252063f,2.0816681711721685e-17f,1.3252484681488714f,-0.1375787986844905f,0.513451066734809f,-0.8470183446782124f,-0.423397649971334f,0f,0f,0f,1f],start_interpolation:0}
execute if entity @s[tag=aj.tultaria.bone.right_arm] run data modify entity @s {} merge value {transformation:[-0.21922447915393264f,0.7134221921163482f,0.6655594665659796f,-0.18528526289835898f,0.9659258262890683f,0.2548870022441787f,0.04494345552754779f,1.3180968800000001f,-0.1375787986844905f,0.65273378331666f,-0.7449903907230293f,-0.11627955044927718f,0f,0f,0f,1f],start_interpolation:0}
execute if entity @s[tag=aj.tultaria.bone.skirt] run data modify entity @s {} merge value {transformation:[-0.6427876096865391f,0.2576921415369209f,0.7214006161790971f,-0.04626590916081733f,0f,0.9417216228889905f,-0.33639319996594175f,0.7685402829030169f,-0.7660444431189781f,-0.21622938092091368f,-0.6053269909669425f,0.03882170731292335f,0f,0f,0f,1f],start_interpolation:0}
execute if entity @s[tag=aj.tultaria.bone.left_foot] run data modify entity @s {} merge value {transformation:[-0.6427876096865391f,0.25337243278942395f,0.7229291107265181f,-0.12047853840250577f,0f,0.9437169308128985f,-0.3307542206791669f,0.3857023061329433f,-0.7660444431189781f,-0.21260471490409572f,-0.6066095501779399f,0.2642694083048551f,0f,0f,0f,1f],start_interpolation:0}
execute if entity @s[tag=aj.tultaria.bone.left_leg] run data modify entity @s {} merge value {transformation:[-0.6427876096865391f,0.2576921415369209f,0.7214006161790971f,0.08243685054228425f,0f,0.9417216228889905f,-0.33639319996594175f,0.755656366151134f,-0.7660444431189781f,-0.21622938092091368f,-0.6053269909669425f,0.09400318028108755f,0f,0f,0f,1f],start_interpolation:0}
execute if entity @s[tag=aj.tultaria.bone.right_foot] run data modify entity @s {} merge value {transformation:[-0.6427876096865391f,0.2533724327894239f,0.7229291107265181f,-0.3741823903653987f,0f,0.9437169308128985f,-0.33075422067916677f,0.5152313356727418f,-0.7660444431189781f,-0.2126047149040957f,-0.60660955017794f,0.15080039458210415f,0f,0f,0f,1f],start_interpolation:0}
execute if entity @s[tag=aj.tultaria.bone.right_leg] run data modify entity @s {} merge value {transformation:[-0.6427876096865391f,0.5141445591646704f,0.567872750812039f,-0.07826005187935053f,0f,0.7413052283232082f,-0.6711680553040916f,0.755656366151134f,-0.7660444431189781f,-0.43141850996687997f,-0.4765018157620092f,-0.09750793049865698f,0f,0f,0f,1f],start_interpolation:0}
execute if entity @s[tag=aj.tultaria.bone.lower] run data modify entity @s {} merge value {transformation:[-0.6427876096865391f,-0.03341438930346981f,0.7653153385506797f,0f,0f,0.9990482215818578f,0.043619387365336f,0.81809688f,-0.7660444431189781f,0.028038001740555554f,-0.6421758183121903f,0f,0f,0f,0f,1f],start_interpolation:0}