execute if entity @s[tag=aj.tultaria.bone.head] run data modify entity @s {} merge value {transformation:[-0.9919119925620902f,0.02260159932797532f,-0.12489902609436732f,0f,0.0010624394758508085f,0.9854623448581875f,0.16989066510247933f,1.577751736111111f,0.12692308786766865f,0.16838389048368108f,-0.9775159309145379f,0f,0f,0f,0f,1f],start_interpolation:0}
execute if entity @s[tag=aj.tultaria.bone.bust] run data modify entity @s {} merge value {transformation:[-0.8957137169937018f,0f,-0.44463123730719434f,0.670172477150448f,0f,1f,0f,0.4215017361111111f,0.44463123730719434f,0f,-0.8957137169937018f,0.22554123984325375f,0f,0f,0f,1f],start_interpolation:0}
execute if entity @s[tag=aj.tultaria.bone.left_wing] run data modify entity @s {} merge value {transformation:[-0.6245069481715797f,-0.006486953238477481f,-0.7809923118207385f,0.0004032026487069684f,-0.06515123560026444f,0.996912943608531f,0.04381665625686963f,1.484001736111111f,0.7782971079126395f,0.07824642038748894f,-0.6230016930244778f,-0.1397536669559124f,0f,0f,0f,1f],start_interpolation:0}
execute if entity @s[tag=aj.tultaria.bone.right_wing] run data modify entity @s {} merge value {transformation:[-0.9975135162103281f,0.06624725009287159f,-0.02404343637752354f,-0.11156101197550572f,0.06515123560026444f,0.996912943608531f,0.04381665625686963f,1.484001736111111f,0.026871945918863605f,0.0421412472632973f,-0.9987502259332047f,-0.08417476229251308f,0f,0f,0f,1f],start_interpolation:0}
execute if entity @s[tag=aj.tultaria.bone.body] run data modify entity @s {} merge value {transformation:[-0.8957137169937018f,0f,-0.44463123730719434f,0.670172477150448f,0f,1f,0f,0.4215017361111111f,0.44463123730719434f,0f,-0.8957137169937018f,0.22554123984325375f,0f,0f,0f,1f],start_interpolation:0}
execute if entity @s[tag=aj.tultaria.bone.left_hand] run data modify entity @s {} merge value {transformation:[-0.9228809755739321f,-0.3823664523295832f,-0.04567932854799622f,0.3446282936469013f,-0.3514882281055029f,0.8848739076627898f,-0.305702785464638f,1.1887024992528454f,0.15731093549706318f,-0.2660715386328894f,-0.9510306019800654f,-0.34106159362873323f,0f,0f,0f,1f],start_interpolation:0}
execute if entity @s[tag=aj.tultaria.bone.left_arm] run data modify entity @s {} merge value {transformation:[-0.9228809755739321f,-0.25866378070547147f,-0.28527837891235114f,0.1959373755923723f,-0.3514882281055029f,0.8684511359924771f,0.3496407440454128f,1.421501736111111f,0.15731093549706318f,0.42294878288573856f,-0.8923943055782635f,-0.09726308316094875f,0f,0f,0f,1f],start_interpolation:0}
execute if entity @s[tag=aj.tultaria.bone.rod] run data modify entity @s {} merge value {transformation:[-0.6588996263972065f,0.4932292903714022f,0.5679578764779525f,-0.5108625517427005f,0.5322207480201883f,-0.2278998469925776f,0.815354361684287f,0.9445861645390525f,0.5315941663623229f,0.8395156501581629f,-0.11234373782754431f,0.3607540885166435f,0f,0f,0f,1f],start_interpolation:0}
execute if entity @s[tag=aj.tultaria.bone.sword] run data modify entity @s {} merge value {transformation:[-0.000006588996263972065f,0.0000024525130412366983f,-0.000007111280335911821f,-0.5647872916421999f,0.000005322207480201883f,0.000008200675138013267f,-0.00000210310123827985f,0.9513597758602466f,0.000005315941663623229f,-0.0000051705035599383395f,-0.000006708700109978063f,0.3459193744499439f,0f,0f,0f,1f],start_interpolation:0}
execute if entity @s[tag=aj.tultaria.bone.right_hand] run data modify entity @s {} merge value {transformation:[-0.6588996263972065f,0.2452513041236698f,-0.711128033591182f,-0.5077843168952221f,0.5322207480201883f,0.8200675138013267f,-0.21031012382798495f,1.2258227167360518f,0.5315941663623229f,-0.5170503559938339f,-0.6708700109978063f,0.08300145364423f,0f,0f,0f,1f],start_interpolation:0}
execute if entity @s[tag=aj.tultaria.bone.right_arm] run data modify entity @s {} merge value {transformation:[-0.6588996263972065f,0.60591548171311f,-0.4457776478851219f,-0.1959373755923723f,0.5322207480201883f,0.7942992863966032f,0.29296709543339206f,1.421501736111111f,0.5315941663623229f,-0.044216203480362926f,-0.8458442939686536f,0.09726308316094875f,0f,0f,0f,1f],start_interpolation:0}
execute if entity @s[tag=aj.tultaria.bone.skirt] run data modify entity @s {} merge value {transformation:[-0.908542027361173f,-0.0034180267129239918f,-0.41777948921870167f,0.025232993929907747f,0f,0.9999665339174011f,-0.008181139603937002f,0.871945139014128f,0.41779347112951576f,-0.007432909161885708f,-0.9085116220186408f,0.05487217260598059f,0f,0f,0f,1f],start_interpolation:0}
execute if entity @s[tag=aj.tultaria.bone.left_foot] run data modify entity @s {} merge value {transformation:[-0.908542027361173f,0.1364510808352435f,-0.3948828776451866f,0.1661465828058944f,0f,0.9451628733632677f,0.3265993613216223f,0.4225985061238742f,0.41779347112951576f,0.29672924587001104f,-0.8587201931519748f,0.06211478870514346f,0f,0f,0f,1f],start_interpolation:0}
execute if entity @s[tag=aj.tultaria.bone.left_leg] run data modify entity @s {} merge value {transformation:[-0.908542027361173f,-0.0034180267129239918f,-0.41777948921870167f,0.11242875996665246f,0f,0.9999665339174011f,-0.008181139603937002f,0.859061222262245f,0.41779347112951576f,-0.007432909161885708f,-0.9085116220186408f,-0.05470106180551164f,0f,0f,0f,1f],start_interpolation:0}
execute if entity @s[tag=aj.tultaria.bone.right_foot] run data modify entity @s {} merge value {transformation:[-0.908542027361173f,0.13645108083524354f,-0.3948828776451866f,0.004704861300651744f,0f,0.945162873363268f,0.32659936132162243f,0.505025799429565f,0.41779347112951576f,0.2967292458700111f,-0.8587201931519749f,0.3094221742504736f,0f,0f,0f,1f],start_interpolation:0}
execute if entity @s[tag=aj.tultaria.bone.right_leg] run data modify entity @s {} merge value {transformation:[-0.908542027361173f,-0.16303513382759408f,-0.38466989699776094f,-0.11470674687364078f,0f,0.9207178272982478f,-0.39022901288242795f,0.859061222262245f,0.41779347112951576f,-0.3545394584993503f,-0.8365108414411243f,0.0497473059768673f,0f,0f,0f,1f],start_interpolation:0}
execute if entity @s[tag=aj.tultaria.bone.lower] run data modify entity @s {} merge value {transformation:[-0.908542027361173f,0.01822389525590667f,-0.41739582432045397f,0f,0f,0.9990482215818578f,0.043619387365336f,0.9215017361111111f,0.41779347112951576f,0.0396300466291547f,-0.9076772966675555f,0f,0f,0f,0f,1f],start_interpolation:0}