execute if entity @s[tag=aj.tultaria.bone.head] run data modify entity @s {} merge value {transformation:[-0.8236595306436798f,0.21198073989741242f,-0.5259744703808149f,0f,-0.05939111902314098f,0.890159871333973f,0.4517611077194049f,1.15625f,0.5639660207503748f,0.4033355543207544f,-0.7205988884669179f,0f,0f,0f,0f,1f],start_interpolation:0}
execute if entity @s[tag=aj.tultaria.bone.bust] run data modify entity @s {} merge value {transformation:[-0.7696224801992946f,0f,-0.6384992074951122f,0.7040608438472034f,0f,1f,0f,0f,0.6384992074951122f,0f,-0.7696224801992946f,0.06556163635209117f,0f,0f,0f,1f],start_interpolation:0}
execute if entity @s[tag=aj.tultaria.bone.left_wing] run data modify entity @s {} merge value {transformation:[-0.46669538893008217f,0f,-0.8844181216774107f,-0.03171099592443316f,0f,1f,0f,1.0625f,0.8844181216774107f,0f,-0.46669538893008217f,-0.13610901049335633f,0f,0f,0f,1f],start_interpolation:0}
execute if entity @s[tag=aj.tultaria.bone.right_wing] run data modify entity @s {} merge value {transformation:[-0.9553815255033205f,0f,-0.295374576981412f,-0.12791380594934498f,0f,1f,0f,1.0625f,0.295374576981412f,0f,-0.9553815255033205f,-0.056296609556467314f,0f,0f,0f,1f],start_interpolation:0}
execute if entity @s[tag=aj.tultaria.bone.body] run data modify entity @s {} merge value {transformation:[-0.7696224801992946f,0f,-0.6384992074951122f,0.7040608438472034f,0f,1f,0f,0f,0.6384992074951122f,0f,-0.7696224801992946f,0.06556163635209117f,0f,0f,0f,1f],start_interpolation:0}
execute if entity @s[tag=aj.tultaria.bone.left_hand] run data modify entity @s {} merge value {transformation:[-0.8858367256561765f,-0.376748925853301f,-0.27083859094879337f,0.23270349272819207f,-0.23214902319353337f,0.8652632338049036f,-0.44432686983319947f,0.7331019950401886f,0.40174634598093373f,-0.3307261451622242f,-0.8539438449904673f,-0.3853684727216863f,0f,0f,0f,1f],start_interpolation:0}
execute if entity @s[tag=aj.tultaria.bone.left_arm] run data modify entity @s {} merge value {transformation:[-0.8858367256561765f,-0.07067222022149164f,-0.45858339783261765f,0.1683549175435957f,-0.23214902319353337f,0.9232413512558406f,0.3061572118398941f,1f,0.40174634598093373f,0.3776649899318899f,-0.8342475824781954f,-0.1396717016395558f,0f,0f,0f,1f],start_interpolation:0}
execute if entity @s[tag=aj.tultaria.bone.rod] run data modify entity @s {} merge value {transformation:[0.31450019685411645f,-0.14429875097155273f,0.5553124321330627f,0.9145131775994826f,0.2554043883276078f,-0.5318537633148568f,-0.2828507972511133f,0.917625836225346f,0.5137729315918542f,0.3527234689535695f,-0.19931866407247922f,0.48328737385110776f,0f,0f,0f,1f],start_interpolation:0}
execute if entity @s[tag=aj.tultaria.bone.right_hand] run data modify entity @s {} merge value {transformation:[0.012079004010908334f,-0.6676895548104977f,-0.7443418274281406f,-0.12604044401096948f,0.8934712525684426f,0.341433846211416f,-0.2917739698723266f,0.9244131915329391f,0.4489579250841695f,-0.6615236859389378f,0.6006856036612489f,0.4977754676284386f,0f,0f,0f,1f],start_interpolation:0}
execute if entity @s[tag=aj.tultaria.bone.right_arm] run data modify entity @s {} merge value {transformation:[0.012079004010908334f,-0.3728430491309904f,-0.9278157998098601f,-0.1683549175435957f,0.8934712525684426f,0.4206354407658508f,-0.1574005934089725f,1f,0.4489579250841695f,-0.8270755024098008f,0.33820540329464427f,0.1396717016395558f,0f,0f,0f,1f],start_interpolation:0}
execute if entity @s[tag=aj.tultaria.bone.skirt] run data modify entity @s {} merge value {transformation:[-0.8688044092160554f,0f,-0.4951554286552264f,0.03094721429095165f,0f,1f,0f,0.453125f,0.4951554286552264f,0f,-0.8688044092160554f,0.05430027557600346f,0f,0f,0f,1f],start_interpolation:0}
execute if entity @s[tag=aj.tultaria.bone.left_foot] run data modify entity @s {} merge value {transformation:[-0.8688044092160554f,0.18948777899198935f,-0.45746396594641636f,0.17049497973391023f,0f,0.9238795325112867f,0.3826834323650897f,0f,0.4951554286552264f,0.3324770533727241f,-0.802670611430274f,0.04670612257010363f,0f,0f,0f,1f],start_interpolation:0}
execute if entity @s[tag=aj.tultaria.bone.left_leg] run data modify entity @s {} merge value {transformation:[-0.8688044092160554f,0f,-0.4951554286552264f,0.10860055115200692f,0f,1f,0f,0.4375f,0.4951554286552264f,0f,-0.8688044092160554f,-0.0618944285819033f,0f,0f,0f,1f],start_interpolation:0}
execute if entity @s[tag=aj.tultaria.bone.right_foot] run data modify entity @s {} merge value {transformation:[-0.8688044092160554f,0.18948777899198943f,-0.45746396594641636f,0.031483347900290476f,0f,0.9238795325112867f,0.38268343236508984f,0.08113813357194827f,0.4951554286552264f,0.33247705337272415f,-0.8026706114302739f,0.3076869658612543f,0f,0f,0f,1f],start_interpolation:0}
execute if entity @s[tag=aj.tultaria.bone.right_leg] run data modify entity @s {} merge value {transformation:[-0.8688044092160554f,-0.18948777899198935f,-0.45746396594641636f,-0.10860055115200692f,0f,0.9238795325112867f,-0.3826834323650897f,0.4375f,0.4951554286552264f,-0.3324770533727241f,-0.802670611430274f,0.0618944285819033f,0f,0f,0f,1f],start_interpolation:0}
execute if entity @s[tag=aj.tultaria.bone.lower] run data modify entity @s {} merge value {transformation:[-0.8688044092160554f,0f,-0.4951554286552264f,0f,0f,1f,0f,0.5f,0.4951554286552264f,0f,-0.8688044092160554f,0f,0f,0f,0f,1f],start_interpolation:0}