execute if entity @s[tag=aj.tultaria.bone.head] run data modify entity @s {} merge value {transformation:[-0.985855911750028f,0.02911873366551595f,-0.1650461166378594f,0f,0.000047126022470117546f,0.9848388840192113f,0.1734715259140026f,1.5914664583333333f,0.16759510448297443f,0.17101015137561637f,-0.9709106081817367f,0f,0f,0f,0f,1f],start_interpolation:0}
execute if entity @s[tag=aj.tultaria.bone.bust] run data modify entity @s {} merge value {transformation:[-0.8311864825798834f,0f,-0.5559937330370563f,0.6935901078084699f,0f,1f,0f,0.43521645833333333f,0.5559937330370563f,0f,-0.8311864825798834f,0.1375963747714135f,0f,0f,0f,1f],start_interpolation:0}
execute if entity @s[tag=aj.tultaria.bone.left_wing] run data modify entity @s {} merge value {transformation:[-0.5503309121712366f,0.00030851996601685434f,-0.8349465802817599f,-0.017550061468389333f,-0.009449792745980703f,0.9999335814242373f,0.006598041918353323f,1.4977164583333333f,0.834893159946728f,0.011521178565099412f,-0.5502914445261151f,-0.13864791863730141f,0f,0f,0f,1f],start_interpolation:0}
execute if entity @s[tag=aj.tultaria.bone.right_wing] run data modify entity @s {} merge value {transformation:[-0.9817502135656039f,0.010530892612398732f,-0.18988317056726617f,-0.12144837179087475f,0.009449792745980703f,0.9999335814242373f,0.006598041918353323f,1.4977164583333333f,0.1899400420684101f,0.0046832724546478155f,-0.9817845218672814f,-0.06914870200766943f,0f,0f,0f,1f],start_interpolation:0}
execute if entity @s[tag=aj.tultaria.bone.body] run data modify entity @s {} merge value {transformation:[-0.8311864825798834f,0f,-0.5559937330370563f,0.6935901078084699f,0f,1f,0f,0.43521645833333333f,0.5559937330370563f,0f,-0.8311864825798834f,0.1375963747714135f,0f,0f,0f,1f],start_interpolation:0}
execute if entity @s[tag=aj.tultaria.bone.left_hand] run data modify entity @s {} merge value {transformation:[-0.9162793555949413f,-0.3604301523659514f,-0.1747061755519143f,0.27888985020690293f,-0.26588504807450364f,0.8735474480658543f,-0.40770086728881594f,1.177524355854913f,0.2995618195313583f,-0.32711612806936147f,-0.8962464811847082f,-0.3663986454674718f,0f,0f,0f,1f],start_interpolation:0}
execute if entity @s[tag=aj.tultaria.bone.left_arm] run data modify entity @s {} merge value {transformation:[-0.9162793555949413f,-0.1353016589253224f,-0.37699549546722033f,0.1818220430643495f,-0.26588504807450364f,0.9093958250083718f,0.31985055051971023f,1.4352164583333333f,0.2995618195313583f,0.39330992175306057f,-0.8692353086073205f,-0.12162362910185608f,0f,0f,0f,1f],start_interpolation:0}
execute if entity @s[tag=aj.tultaria.bone.rod] run data modify entity @s {} merge value {transformation:[-0.09575709846185454f,0.08525456445371317f,-0.08164702893537605f,-0.3018425792893789f,0.04398170426966772f,0.12332995836932047f,0.07719670367416565f,0.9036305737419064f,0.10954536860909256f,0.025007611010032856f,-0.10236421058098721f,0.3602209810223609f,0f,0f,0f,1f],start_interpolation:0}
execute if entity @s[tag=aj.tultaria.bone.sword] run data modify entity @s {} merge value {transformation:[-0.000006299809109332567f,-0.0000013701571801342061f,-0.000007644283778595422f,-0.35736206296820916f,0.000002893533175636049f,0.000008720298087706057f,-0.000003947640690721947f,0.89416829917801f,0.000007206932145335072f,-0.000004698837150112438f,-0.000005097161807247172f,0.3588496980050619f,0f,0f,0f,1f],start_interpolation:0}
execute if entity @s[tag=aj.tultaria.bone.right_hand] run data modify entity @s {} merge value {transformation:[-0.6299809109332567f,-0.1370157180134206f,-0.7644283778595422f,-0.44877702077685433f,0.2893533175636049f,0.8720298087706057f,-0.39476406907219463f,1.1812962433968592f,0.7206932145335072f,-0.46988371501124376f,-0.5097161807247171f,0.12030006530255485f,0f,0f,0f,1f],start_interpolation:0}
execute if entity @s[tag=aj.tultaria.bone.right_arm] run data modify entity @s {} merge value {transformation:[-0.6299809109332567f,0.428059112702478f,-0.6479887714243755f,-0.1818220430643495f,0.2893533175636049f,0.9036793491427956f,0.3156553366375879f,1.4352164583333333f,0.7206932145335072f,0.011359135760283884f,-0.693161063938346f,0.12162362910185608f,0f,0f,0f,1f],start_interpolation:0}
execute if entity @s[tag=aj.tultaria.bone.skirt] run data modify entity @s {} merge value {transformation:[-0.8337918835680987f,0.02000152443144336f,-0.5517164433985818f,0.033343276303455044f,0f,0.9993434973167575f,0.03622946826427062f,0.8856598612363502f,0.5520788846677277f,0.03020783658473685f,-0.8332444969592706f,0.05035757375528275f,0f,0f,0f,1f],start_interpolation:0}
execute if entity @s[tag=aj.tultaria.bone.left_foot] run data modify entity @s {} merge value {transformation:[-0.8337918835680987f,0.22589230468034105f,-0.5037497013221608f,0.1629327900116696f,0f,0.9124596417509172f,0.4091667168475313f,0.431034480875352f,0.5520788846677277f,0.3411598875336781f,-0.7608014433753699f,0.019656679833656113f,0f,0f,0f,1f],start_interpolation:0}
execute if entity @s[tag=aj.tultaria.bone.left_leg] run data modify entity @s {} merge value {transformation:[-0.8337918835680987f,0.02000152443144336f,-0.5517164433985818f,0.10271890152560333f,0f,0.9993434973167575f,0.03622946826427062f,0.8727759444844673f,0.5520788846677277f,0.03020783658473685f,-0.8332444969592706f,-0.07128295378043034f,0f,0f,0f,1f],start_interpolation:0}
execute if entity @s[tag=aj.tultaria.bone.right_foot] run data modify entity @s {} merge value {transformation:[-0.8337918835680987f,0.22589230468034102f,-0.5037497013221608f,0.04322866601677987f,0f,0.9124596417509173f,0.40916671684753136f,0.5063983899977317f,0.5520788846677277f,0.3411598875336781f,-0.7608014433753699f,0.2917041664420699f,0f,0f,0f,1f],start_interpolation:0}
execute if entity @s[tag=aj.tultaria.bone.right_leg] run data modify entity @s {} merge value {transformation:[-0.8337918835680987f,-0.1926537432107941f,-0.5173737818278306f,-0.10572906936642136f,0f,0.9371374203873336f,-0.3489605354617828f,0.8727759444844673f,0.5520788846677277f,-0.2909604621536122f,-0.7813775749069041f,0.06673676738650158f,0f,0f,0f,1f],start_interpolation:0}
execute if entity @s[tag=aj.tultaria.bone.lower] run data modify entity @s {} merge value {transformation:[-0.8337918835680987f,0.02408134272654427f,-0.5515534279001889f,0f,0f,0.9990482215818578f,0.043619387365336f,0.9352164583333333f,0.5520788846677277f,0.03636949115143003f,-0.8329982984480965f,0f,0f,0f,0f,1f],start_interpolation:0}