execute if entity @s[tag=aj.tultaria.bone.head] run data modify entity @s {} merge value {transformation:[-0.9524424781406486f,0.05531353768455545f,-0.2996560334485514f,0f,-0.012303692764252562f,0.975603824897005f,0.2191935126565038f,1.58329728f,0.30446994100840724f,0.21245608815741968f,-0.9285259638950241f,0f,0f,0f,0f,1f],start_interpolation:0}
execute if entity @s[tag=aj.tultaria.bone.bust] run data modify entity @s {} merge value {transformation:[-0.7520439380375668f,0f,-0.6591129760981409f,0.7055784570678538f,0f,1f,0f,0.42704728000000003f,0.6591129760981409f,0f,-0.7520439380375668f,0.046465480969712925f,0f,0f,0f,1f],start_interpolation:0}
execute if entity @s[tag=aj.tultaria.bone.left_wing] run data modify entity @s {} merge value {transformation:[-0.41813836323062764f,0.008685786237932116f,-0.9083418223952042f,-0.035386375884919774f,-0.042858310945648105f,0.9986520621853052f,0.029278385814853855f,1.48954728f,0.9073717399047083f,0.051172412591808145f,-0.4172024805916618f,-0.13520005326082968f,0f,0f,0f,1f],start_interpolation:0}
execute if entity @s[tag=aj.tultaria.bone.right_wing] run data modify entity @s {} merge value {transformation:[-0.9543702648533061f,0.049591423781114266f,-0.2944793511456992f,-0.12939186813961556f,0.042858310945648105f,0.9986520621853052f,0.029278385814853855f,1.48954728f,0.29553436813121436f,0.015321533226124295f,-0.9552092377447385f,-0.05281093124856201f,0f,0f,0f,1f],start_interpolation:0}
execute if entity @s[tag=aj.tultaria.bone.body] run data modify entity @s {} merge value {transformation:[-0.7520439380375668f,0f,-0.6591129760981409f,0.7055784570678538f,0f,1f,0f,0.42704728000000003f,0.6591129760981409f,0f,-0.7520439380375668f,0.046465480969712925f,0f,0f,0f,1f],start_interpolation:0}
execute if entity @s[tag=aj.tultaria.bone.left_hand] run data modify entity @s {} merge value {transformation:[-0.8221448902651927f,-0.5378258271494158f,-0.18660428468253604f,0.2872418544622491f,-0.4552482169885728f,0.8179477284775332f,-0.35172514042525993f,1.2085595222191405f,0.3417994153587152f,-0.20421775909428225f,-0.9173157943320012f,-0.41425888509971126f,0f,0f,0f,1f],start_interpolation:0}
execute if entity @s[tag=aj.tultaria.bone.left_arm] run data modify entity @s {} merge value {transformation:[-0.8221448902651927f,-0.26956607888071193f,-0.5014099206514686f,0.16450961144571774f,-0.4552482169885728f,0.8401526602411731f,0.2947754542332268f,1.42704728f,0.3417994153587152f,0.4706141058304115f,-0.8134466934310342f,-0.1441809635214683f,0f,0f,0f,1f],start_interpolation:0}
execute if entity @s[tag=aj.tultaria.bone.rod] run data modify entity @s {} merge value {transformation:[0.08678630028857312f,-0.22443763595079466f,-0.0930585066022458f,0.6776849912677776f,-0.039494146380043255f,0.0844713243620931f,-0.24055936432038103f,0.5478050697471553f,0.23973391600675392f,0.09516481980927971f,-0.00594193459523034f,0.8190657977006364f,0f,0f,0f,1f],start_interpolation:0}
execute if entity @s[tag=aj.tultaria.bone.sword] run data modify entity @s {} merge value {transformation:[-0.0000023866035695865143f,-0.000004684188631396012f,-0.000008506615088690523f,-0.040237728939776174f,0.000007371799676900608f,0.000004828310610237192f,-0.000004726942582126321f,1.1343329442480294f,0.000006321447059438605f,-0.000007399040040205982f,0.0000023007636902002105f,0.7301890609202072f,0f,0f,0f,1f],start_interpolation:0}
execute if entity @s[tag=aj.tultaria.bone.right_hand] run data modify entity @s {} merge value {transformation:[-0.23866035695865143f,-0.4684188631396012f,-0.8506615088690522f,-0.27489459684256345f,0.7371799676900608f,0.4828310610237192f,-0.472694258212632f,1.2554284792187478f,0.6321447059438605f,-0.7399040040205981f,0.23007636902002104f,0.45094525368142646f,0f,0f,0f,1f],start_interpolation:0}
execute if entity @s[tag=aj.tultaria.bone.right_arm] run data modify entity @s {} merge value {transformation:[-0.23866035695865143f,-0.00880464525217517f,-0.9710631865323452f,-0.16450961144571774f,0.7371799676900608f,0.6492859268189147f,-0.1870654443540648f,1.42704728f,0.6321447059438605f,-0.7604934341970917f,-0.14846820296031005f,0.1441809635214683f,0f,0f,0f,1f],start_interpolation:0}
execute if entity @s[tag=aj.tultaria.bone.skirt] run data modify entity @s {} merge value {transformation:[-0.8101208621241125f,0.005733224947592295f,-0.5862348666558354f,0.03540784918204457f,0f,0.9999521817666416f,0.009779272985940515f,0.8774906829030169f,0.586262900712031f,0.007922393062317176f,-0.810082123575679f,0.04892794217488483f,0f,0f,0f,1f],start_interpolation:0}
execute if entity @s[tag=aj.tultaria.bone.left_foot] run data modify entity @s {} merge value {transformation:[-0.8101208621241125f,0.21124979251196138f,-0.5468799812709714f,0.17043790339766662f,0f,0.9328237904987199f,0.36033286816442456f,0.4259052775049857f,0.586262900712031f,0.2919131738090178f,-0.7557000133687055f,0.022302794912084006f,0f,0f,0f,1f],start_interpolation:0}
execute if entity @s[tag=aj.tultaria.bone.left_leg] run data modify entity @s {} merge value {transformation:[-0.8101208621241125f,0.005733224947592295f,-0.5862348666558354f,0.09966683098025883f,0f,0.9999521817666416f,0.009779272985940515f,0.864606766151134f,0.586262900712031f,0.007922393062317176f,-0.810082123575679f,-0.0754914235701121f,0f,0f,0f,1f],start_interpolation:0}
execute if entity @s[tag=aj.tultaria.bone.right_foot] run data modify entity @s {} merge value {transformation:[-0.8101208621241125f,0.21124979251196133f,-0.5468799812709714f,0.06094459931270732f,0f,0.9328237904987198f,0.3603328681644245f,0.5054952965320232f,0.586262900712031f,0.2919131738090178f,-0.7557000133687054f,0.2974305403347872f,0f,0f,0f,1f],start_interpolation:0}
execute if entity @s[tag=aj.tultaria.bone.right_leg] run data modify entity @s {} merge value {transformation:[-0.8101208621241125f,-0.21904556175958217f,-0.5438044047492754f,-0.1028633845507693f,0f,0.927577719976501f,-0.37363026296486757f,0.864606766151134f,0.586262900712031f,-0.30268567074875735f,-0.7514500621944816f,0.07107430160789566f,0f,0f,0f,1f],start_interpolation:0}
execute if entity @s[tag=aj.tultaria.bone.lower] run data modify entity @s {} merge value {transformation:[-0.8101208621241125f,0.0255724285640836f,-0.5857049083357758f,0f,0f,0.9990482215818578f,0.043619387365336f,0.92704728f,0.586262900712031f,0.03533697569773162f,-0.809349806571456f,0f,0f,0f,0f,1f],start_interpolation:0}