execute if entity @s[tag=aj.tultaria.bone.head] run data modify entity @s {} merge value {transformation:[-0.9993660858453798f,0.0008835843136689621f,0.035589966856486584f,0f,0.006371496454901712f,0.9879905388288588f,0.1543829628475446f,1.525546875f,-0.03502614016717158f,0.15451185864981948f,-0.9873698673959864f,0f,0f,0f,0f,1f],start_interpolation:0}
execute if entity @s[tag=aj.tultaria.bone.bust] run data modify entity @s {} merge value {transformation:[-0.9993824746882239f,0f,0.03513786114779116f,0.4821223067702164f,0f,1f,0f,0.3692968750000001f,-0.03513786114779116f,0f,-0.9993824746882239f,0.5172601679180076f,0f,0f,0f,1f],start_interpolation:0}
execute if entity @s[tag=aj.tultaria.bone.left_wing] run data modify entity @s {} merge value {transformation:[-0.8241625810013806f,-0.13739077964882013f,-0.5494359050377324f,0.06685363731148786f,-0.2548007963174228f,0.9563523823632079f,0.14306178715584406f,1.431796875f,0.5057989662634258f,0.2579028778740287f,-0.8231971278564714f,-0.12272669301429107f,0f,0f,0f,1f],start_interpolation:0}
execute if entity @s[tag=aj.tultaria.bone.right_wing] run data modify entity @s {} merge value {transformation:[-0.7866040070365412f,0.1189383964932943f,0.6058942101998179f,-0.058069172024540094f,0.2548007963174228f,0.9563523823632079f,0.14306178715584406f,1.431796875f,-0.562432831820889f,0.2669153022736252f,-0.7825762142450503f,-0.12711892565776495f,0f,0f,0f,1f],start_interpolation:0}
execute if entity @s[tag=aj.tultaria.bone.body] run data modify entity @s {} merge value {transformation:[-0.9993824746882239f,0f,0.03513786114779116f,0.4821223067702164f,0f,1f,0f,0.3692968750000001f,-0.03513786114779116f,0f,-0.9993824746882239f,0.5172601679180076f,0f,0f,0f,1f],start_interpolation:0}
execute if entity @s[tag=aj.tultaria.bone.left_hand] run data modify entity @s {} merge value {transformation:[-0.7013838946295129f,-0.6149808778471367f,0.3603597539080932f,0.5318060925409734f,-0.633057490384522f,0.7697955292818592f,0.08156627345731304f,1.2492977745845495f,-0.3275650259450591f,-0.1709191708967353f,-0.9292404375604763f,-0.14480520099748692f,0f,0f,0f,1f],start_interpolation:0}
execute if entity @s[tag=aj.tultaria.bone.left_arm] run data modify entity @s {} merge value {transformation:[-0.7013838946295129f,-0.7122427411206859f,0.027765267425833674f,0.218614916338049f,-0.633057490384522f,0.6403612413088228f,0.4349433233163542f,1.369296875f,-0.3275650259450591f,0.2874852315342746f,-0.9000296636374255f,0.007686407126079316f,0f,0f,0f,1f],start_interpolation:0}
execute if entity @s[tag=aj.tultaria.bone.rod] run data modify entity @s {} merge value {transformation:[-0.2682391888202964f,-0.6420035120456783f,0.7689766214187532f,-0.9149889850880822f,1.001700856892367f,-0.16440807919942943f,0.21215841482630016f,1.2793913212354262f,-0.009431175360668708f,0.7976511080676346f,0.6626534380174509f,-0.059204604169333486f,0f,0f,0f,1f],start_interpolation:0}
execute if entity @s[tag=aj.tultaria.bone.sword] run data modify entity @s {} merge value {transformation:[-0.000002586592177910001f,0.000009653293426420366f,3.513786114779116e-7f,-0.9214249984027483f,0.000009659258262890684f,0.0000025881904510252067f,2.0816681711721688e-22f,1.3095765033069595f,-9.094347669216256e-8f,3.3940567563210736e-7f,-0.00000999382474688224f,-0.10633485603500695f,0f,0f,0f,1f],start_interpolation:0}
execute if entity @s[tag=aj.tultaria.bone.right_hand] run data modify entity @s {} merge value {transformation:[-0.2586592177910001f,0.9653293426420365f,0.03513786114779116f,-0.5485982489538447f,0.9659258262890683f,0.25881904510252063f,2.0816681711721685e-17f,1.3764484631488714f,-0.009094347669216254f,0.03394056756321073f,-0.9993824746882239f,-0.1713997006691574f,0f,0f,0f,1f],start_interpolation:0}
execute if entity @s[tag=aj.tultaria.bone.right_arm] run data modify entity @s {} merge value {transformation:[-0.2586592177910001f,0.9445621952886284f,0.20223171928081662f,-0.218614916338049f,0.9659258262890683f,0.2548870022441787f,0.04494345552754779f,1.369296875f,-0.009094347669216254f,0.20696587959976182f,-0.9783058915911569f,-0.007686407126079316f,0f,0f,0f,1f],start_interpolation:0}
execute if entity @s[tag=aj.tultaria.bone.skirt] run data modify entity @s {} merge value {transformation:[-0.9872940134511662f,0.028020074490073328f,0.15641421428073335f,-0.00959715241497663f,0f,0.9843305396752505f,-0.17633317516176628f,0.819740277903017f,-0.15890415665893834f,-0.17409268821004772f,-0.9718236490785305f,0.059628466144040604f,0f,0f,0f,1f],start_interpolation:0}
execute if entity @s[tag=aj.tultaria.bone.left_foot] run data modify entity @s {} merge value {transformation:[-0.9872940134511662f,0.0008666834307493078f,0.1589017931406669f,0.09203439867960128f,0f,0.9999851261394216f,-0.00545412687101382f,0.39825339693843265f,-0.15890415665893834f,-0.0053848268083550865f,-0.9872793285776602f,0.21481495430806677f,0f,0f,0f,1f],start_interpolation:0}
execute if entity @s[tag=aj.tultaria.bone.left_leg] run data modify entity @s {} merge value {transformation:[-0.9872940134511662f,0.028020074490073328f,0.15641421428073335f,0.12384495805410003f,0f,0.9843305396752505f,-0.17633317516176628f,0.806856361151134f,-0.15890415665893834f,-0.17409268821004772f,-0.9718236490785305f,0.01717144708135456f,0f,0f,0f,1f],start_interpolation:0}
execute if entity @s[tag=aj.tultaria.bone.right_foot] run data modify entity @s {} merge value {transformation:[-0.9872940134511662f,0.0008666834307493321f,0.15890179314066688f,-0.17721481141874496f,0f,0.9999851261394217f,-0.005454126871013987f,0.5059647250906142f,-0.15890415665893834f,-0.00538482680835517f,-0.9872793285776604f,0.3144230047791758f,0f,0f,0f,1f],start_interpolation:0}
execute if entity @s[tag=aj.tultaria.bone.right_leg] run data modify entity @s {} merge value {transformation:[-0.9872940134511662f,0.08574430171246006f,0.13378507288681737f,-0.12297854530869151f,0f,0.8419230541210138f,-0.5395976009393896f,0.806856361151134f,-0.15890415665893834f,-0.5327414810800707f,-0.8312255911201991f,-0.022554592083380023f,0f,0f,0f,1f],start_interpolation:0}
execute if entity @s[tag=aj.tultaria.bone.lower] run data modify entity @s {} merge value {transformation:[-0.9872940134511662f,-0.006931301963268267f,0.1587529151120773f,0f,0f,0.9990482215818578f,0.043619387365336f,0.8692968750000001f,-0.15890415665893834f,0.04306516001620367f,-0.9863543283168024f,0f,0f,0f,0f,1f],start_interpolation:0}