execute if entity @s[tag=aj.tultaria.bone.head] run data modify entity @s {} merge value {transformation:[-0.9873373145148918f,0.027617483257490083f,-0.1562123618189158f,0f,0.00018387085731637332f,0.984927498912519f,0.17296759256414979f,1.1511844444444446f,0.158634780417251f,0.17074863543950253f,-0.9724607498184792f,0f,0f,0f,0f,1f],start_interpolation:0}
execute if entity @s[tag=aj.tultaria.bone.bust] run data modify entity @s {} merge value {transformation:[-0.8459794163678109f,0f,-0.5332155540510592f,0.6895974852094351f,0f,1f,0f,-0.005065555555555545f,0.5332155540510592f,0f,-0.8459794163678109f,0.15638193115837584f,0f,0f,0f,1f],start_interpolation:0}
execute if entity @s[tag=aj.tultaria.bone.left_wing] run data modify entity @s {} merge value {transformation:[-0.5669053319219317f,0.00008592145438727529f,-0.8237829430474926f,-0.013778230733394237f,-0.020898822790997872f,0.9996766412146557f,0.014486276807203128f,1.0574344444444446f,0.8235178102776133f,0.02542844130669671f,-0.566720222445147f,-0.1390733991741676f,0f,0f,0f,1f],start_interpolation:0}
execute if entity @s[tag=aj.tultaria.bone.right_wing] run data modify entity @s {} merge value {transformation:[-0.9875018960531334f,0.0229039365301583f,-0.1559340084230792f,-0.11952565777937063f,0.020898822790997872f,0.9996766412146557f,0.014486276807203128f,1.0574344444444446f,0.15621537855607215f,0.011046388604739724f,-0.9876612439502607f,-0.07242145491778518f,0f,0f,0f,1f],start_interpolation:0}
execute if entity @s[tag=aj.tultaria.bone.body] run data modify entity @s {} merge value {transformation:[-0.8459794163678109f,0f,-0.5332155540510592f,0.6895974852094351f,0f,1f,0f,-0.005065555555555545f,0.5332155540510592f,0f,-0.8459794163678109f,0.15638193115837584f,0f,0f,0f,1f],start_interpolation:0}
execute if entity @s[tag=aj.tultaria.bone.left_hand] run data modify entity @s {} merge value {transformation:[-0.9200261907524507f,-0.3630940034647826f,-0.1473585863716521f,0.2930765745093211f,-0.2842094328531558f,0.8771961207529037f,-0.3869779890553786f,0.7422169400899025f,0.2697717676237132f,-0.3141491849169336f,-0.9102381463162286f,-0.3620141639851825f,0f,0f,0f,1f],start_interpolation:0}
execute if entity @s[tag=aj.tultaria.bone.left_arm] run data modify entity @s {} merge value {transformation:[-0.9200261907524507f,-0.16077973411136545f,-0.3573537259195905f,0.18505799733045863f,-0.2842094328531558f,0.9016152416975725f,0.32605974025616147f,0.9949344444444445f,0.2697717676237132f,0.4015468005571786f,-0.8752047533894401f,-0.1166409024486692f,0f,0f,0f,1f],start_interpolation:0}
execute if entity @s[tag=aj.tultaria.bone.rod] run data modify entity @s {} merge value {transformation:[-0.03679818054484355f,0.05226245329987506f,0.003244978222957589f,-0.5190131222797786f,0.03849444814533755f,0.02431131181487095f,0.044979301682285235f,0.5461875788188854f,0.035497484003447474f,0.02781359546909546f,-0.04541291156165277f,0.42610852461530213f,0f,0f,0f,1f],start_interpolation:0}
execute if entity @s[tag=aj.tultaria.bone.sword] run data modify entity @s {} merge value {transformation:[-0.00000574971571013181f,0.0000028456237049833874f,-0.000007670931819687886f,-0.5729384767787273f,0.000006014757522708997f,0.000007825985097774707f,-0.000001605194440690515f,0.5574593471366143f,0.000005546481875538673f,-0.000005536820656211003f,-0.000006211292605028054f,0.41432584639029146f,0f,0f,0f,1f],start_interpolation:0}
execute if entity @s[tag=aj.tultaria.bone.right_hand] run data modify entity @s {} merge value {transformation:[-0.574971571013181f,0.2845623704983387f,-0.7670931819687885f,-0.5081888810890001f,0.6014757522708997f,0.7825985097774707f,-0.1605194440690515f,0.8195970894768054f,0.5546481875538672f,-0.5536820656211002f,-0.6211292605028054f,0.14083659244453886f,0f,0f,0f,1f],start_interpolation:0}
execute if entity @s[tag=aj.tultaria.bone.right_arm] run data modify entity @s {} merge value {transformation:[-0.574971571013181f,0.6464219785306595f,-0.5015439344655084f,-0.18505799733045863f,0.6014757522708997f,0.7495185598930307f,0.27649384768206425f,0.9949344444444445f,0.5546481875538672f,-0.14269041330231286f,-0.8197590097064047f,0.1166409024486692f,0f,0f,0f,1f],start_interpolation:0}
execute if entity @s[tag=aj.tultaria.bone.skirt] run data modify entity @s {} merge value {transformation:[-0.850711903684885f,0.014309692637343236f,-0.525437426936323f,0.03174600888394307f,0f,0.9996293644209887f,0.0272237724661754f,0.4453778473474614f,0.5256322449477763f,0.023159587300184227f,-0.8503965995858911f,0.05137947283797194f,0f,0f,0f,1f],start_interpolation:0}
execute if entity @s[tag=aj.tultaria.bone.left_foot] run data modify entity @s {} merge value {transformation:[-0.850711903684885f,0.20639379590282672f,-0.4834158230154049f,0.16432519101730783f,0f,0.9196844897965389f,0.39265817096767497f,-0.00824688789687611f,0.5256322449477763f,0.3340389801213358f,-0.7823865431042759f,0.02814400413198792f,0f,0f,0f,1f],start_interpolation:0}
execute if entity @s[tag=aj.tultaria.bone.left_leg] run data modify entity @s {} merge value {transformation:[-0.850711903684885f,0.014309692637343236f,-0.525437426936323f,0.10490600317910512f,0f,0.9996293644209887f,0.0272237724661754f,0.43249393059557834f,0.5256322449477763f,0.023159587300184227f,-0.8503965995858911f,-0.06802325137241787f,0f,0f,0f,1f],start_interpolation:0}
execute if entity @s[tag=aj.tultaria.bone.right_foot] run data modify entity @s {} merge value {transformation:[-0.850711903684885f,0.20639379590282678f,-0.483415823015405f,0.03577954566633093f,0f,0.919684489796539f,0.39265817096767497f,0.06856229585526125f,0.5256322449477763f,0.33403898012133587f,-0.7823865431042759f,0.29571641941834853f,0f,0f,0f,1f],start_interpolation:0}
execute if entity @s[tag=aj.tultaria.bone.right_leg] run data modify entity @s {} merge value {transformation:[-0.850711903684885f,-0.18785576588890432f,-0.49091696665641155f,-0.10777197274211614f,0f,0.9339551965751001f,-0.35739011009031335f,0.43249393059557834f,0.5256322449477763f,-0.30403602091308113f,-0.7945268032347944f,0.0633848098645262f,0f,0f,0f,1f],start_interpolation:0}
execute if entity @s[tag=aj.tultaria.bone.lower] run data modify entity @s {} merge value {transformation:[-0.850711903684885f,0.02292775650408823f,-0.5251319595211553f,0f,0f,0.9990482215818578f,0.043619387365336f,0.49493444444444445f,0.5256322449477763f,0.03710753206313341f,-0.8499022144549011f,0f,0f,0f,0f,1f],start_interpolation:0}