execute if entity @s[tag=aj.tultaria.bone.head] run data modify entity @s {} merge value {transformation:[-0.9972547958543597f,0.00013849849496153088f,0.0740462893307019f,0f,0.004358085629285365f,0.9983745131710617f,0.05682726933518263f,1.15625f,-0.07391805757138739f,0.0569939669492523f,-0.9956343749069035f,0f,0f,0f,0f,1f],start_interpolation:0}
execute if entity @s[tag=aj.tultaria.bone.bust] run data modify entity @s {} merge value {transformation:[-0.9707630496616199f,0f,0.24003979130900602f,0.36536162917630693f,0f,1f,0f,0f,-0.24003979130900602f,0f,-0.9707630496616199f,0.605401420485313f,0f,0f,0f,1f],start_interpolation:0}
execute if entity @s[tag=aj.tultaria.bone.left_wing] run data modify entity @s {} merge value {transformation:[-0.9887273637429387f,0f,-0.14972708567903945f,0.090677664517477f,0f,1f,0f,1.0625f,0.14972708567903945f,0f,-0.9887273637429387f,-0.10634289425088961f,0f,0f,0f,1f],start_interpolation:0}
execute if entity @s[tag=aj.tultaria.bone.right_wing] run data modify entity @s {} merge value {transformation:[-0.8050088612582781f,0f,0.593262786036382f,-0.030667716690225444f,0f,1f,0f,1.0625f,-0.593262786036382f,0f,-0.8050088612582781f,-0.13634786816451527f,0f,0f,0f,1f],start_interpolation:0}
execute if entity @s[tag=aj.tultaria.bone.body] run data modify entity @s {} merge value {transformation:[-0.9707630496616199f,0f,0.24003979130900602f,0.36536162917630693f,0f,1f,0f,0f,-0.24003979130900602f,0f,-0.9707630496616199f,0.605401420485313f,0f,0f,0f,1f],start_interpolation:0}
execute if entity @s[tag=aj.tultaria.bone.left_hand] run data modify entity @s {} merge value {transformation:[-0.25912529806485246f,-0.9389871080523488f,0.22617977543159812f,0.5563677617528509f,-0.8566920388165876f,0.33159177484329694f,0.3951273788091016f,1.065100722772484f,-0.44601886790928486f,-0.09137891314608121f,-0.8903465975119805f,-0.06220355351635974f,0f,0f,0f,1f],start_interpolation:0}
execute if entity @s[tag=aj.tultaria.bone.left_arm] run data modify entity @s {} merge value {transformation:[-0.25912529806485246f,-0.9597172956603753f,-0.10861303933293279f,0.21235441711347935f,-0.8566920388165876f,0.17645282120136385f,0.4847093484949083f,1f,-0.44601886790928486f,0.21864838051176005f,-0.8679055565950159f,0.05250870434884507f,0f,0f,0f,1f],start_interpolation:0}
execute if entity @s[tag=aj.tultaria.bone.rod] run data modify entity @s {} merge value {transformation:[-0.356566868081336f,-1.0383547117175156f,-0.14513018455585858f,-0.6018129609611194f,0.9988298835428713f,-0.28982205702539315f,-0.38042771748627774f,1.1566608056320276f,0.31871953431962186f,-0.25338878653981534f,1.029852023607022f,-0.6534279642870333f,0f,0f,0f,1f],start_interpolation:0}
execute if entity @s[tag=aj.tultaria.bone.right_hand] run data modify entity @s {} merge value {transformation:[-0.32197925301171787f,0.42930195348820854f,0.8438182229373954f,-0.3353474505358668f,0.9019416232344799f,-0.1318505198755653f,0.4112380681377812f,1.1586216191959133f,0.28780317737503774f,0.8934849036999736f,-0.34475216888814697f,-0.36146514651056166f,0f,0f,0f,1f],start_interpolation:0}
execute if entity @s[tag=aj.tultaria.bone.right_arm] run data modify entity @s {} merge value {transformation:[-0.32197925301171787f,0.49078638913207734f,0.8096036566572022f,-0.21235441711347935f,0.9019416232344799f,-0.10094386741451178f,0.4198948010020518f,1f,0.28780317737503774f,0.8654126506321123f,-0.41015884144893666f,-0.05250870434884507f,0f,0f,0f,1f],start_interpolation:0}
execute if entity @s[tag=aj.tultaria.bone.skirt] run data modify entity @s {} merge value {transformation:[-0.9976974499728977f,0f,0.06782181299240946f,-0.004238863312025591f,0f,1f,0f,0.453125f,-0.06782181299240946f,0f,-0.9976974499728977f,0.062356090623306104f,0f,0f,0f,1f],start_interpolation:0}
execute if entity @s[tag=aj.tultaria.bone.left_foot] run data modify entity @s {} merge value {transformation:[-0.9976974499728977f,-0.025954284185158487f,0.06265918488149516f,0.11623445462256103f,0f,0.9238795325112867f,0.3826834323650897f,0f,-0.06782181299240946f,0.38180228461752586f,-0.9217522536686635f,0.1331899078706634f,0f,0f,0f,1f],start_interpolation:0}
execute if entity @s[tag=aj.tultaria.bone.left_leg] run data modify entity @s {} merge value {transformation:[-0.9976974499728977f,0f,0.06782181299240946f,0.12471218124661221f,0f,1f,0f,0.4375f,-0.06782181299240946f,0f,-0.9976974499728977f,0.008477726624051182f,0f,0f,0f,1f],start_interpolation:0}
execute if entity @s[tag=aj.tultaria.bone.right_foot] run data modify entity @s {} merge value {transformation:[-0.9976974499728977f,-0.025954284185158497f,0.06265918488149516f,-0.14389957868780595f,0f,0.9238795325112867f,0.38268343236508984f,0.08113813357194827f,-0.06782181299240946f,0.38180228461752597f,-0.9217522536686635f,0.27377980460469936f,0f,0f,0f,1f],start_interpolation:0}
execute if entity @s[tag=aj.tultaria.bone.right_leg] run data modify entity @s {} merge value {transformation:[-0.9976974499728977f,0.025954284185158487f,0.06265918488149516f,-0.12471218124661221f,0f,0.9238795325112867f,-0.3826834323650897f,0.4375f,-0.06782181299240946f,-0.38180228461752586f,-0.9217522536686635f,-0.008477726624051182f,0f,0f,0f,1f],start_interpolation:0}
execute if entity @s[tag=aj.tultaria.bone.lower] run data modify entity @s {} merge value {transformation:[-0.9976974499728977f,0f,0.06782181299240946f,0f,0f,1f,0f,0.5f,-0.06782181299240946f,0f,-0.9976974499728977f,0f,0f,0f,0f,1f],start_interpolation:0}