execute if entity @s[tag=aj.tultaria.bone.head] run data modify entity @s {} merge value {transformation:[-0.9996293644209886f,-0.0032611437030674335f,0.027027739991313353f,0f,0f,0.9927992171141705f,0.11979029383672954f,1.15625f,-0.027223772466175508f,0.11974589529181341f,-0.9924312504014936f,0f,0f,0f,0f,1f],start_interpolation:0}
execute if entity @s[tag=aj.tultaria.bone.bust] run data modify entity @s {} merge value {transformation:[-0.9984794916270876f,0f,-0.055124448297579814f,0.5268019699623337f,0f,1f,0f,0f,0.055124448297579814f,0f,-0.9984794916270876f,0.4716775216647539f,0f,0f,0f,1f],start_interpolation:0}
execute if entity @s[tag=aj.tultaria.bone.left_wing] run data modify entity @s {} merge value {transformation:[-0.9013795528647912f,0f,-0.4330299085251144f,0.05551441218949549f,0f,1f,0f,1.0625f,0.4330299085251144f,0f,-0.9013795528647912f,-0.12825521447198457f,0f,0f,0f,1f],start_interpolation:0}
execute if entity @s[tag=aj.tultaria.bone.right_wing] run data modify entity @s {} merge value {transformation:[-0.9435699790282908f,0f,0.3311732094788931f,-0.0692955242638904f,0f,1f,0f,1.0625f,-0.3311732094788931f,0f,-0.9435699790282908f,-0.12136465843478711f,0f,0f,0f,1f],start_interpolation:0}
execute if entity @s[tag=aj.tultaria.bone.body] run data modify entity @s {} merge value {transformation:[-0.9984794916270876f,0f,-0.055124448297579814f,0.5268019699623337f,0f,1f,0f,0f,0.055124448297579814f,0f,-0.9984794916270876f,0.4716775216647539f,0f,0f,0f,1f],start_interpolation:0}
execute if entity @s[tag=aj.tultaria.bone.left_hand] run data modify entity @s {} merge value {transformation:[-0.6935149505769578f,-0.6646835912302202f,0.27790778484154943f,0.5187962462084637f,-0.6619132999274869f,0.7401587130840424f,0.11847304682871479f,0.9100461661356282f,-0.28444295861445434f,-0.1017880297238904f,-0.9532740426024323f,-0.20550882145231644f,0f,0f,0f,1f],start_interpolation:0}
execute if entity @s[tag=aj.tultaria.bone.left_arm] run data modify entity @s {} merge value {transformation:[-0.6935149505769578f,-0.7129506486825771f,-0.10362618331933311f,0.21841738879342543f,-0.6619132999274869f,0.5737586073073171f,0.4823606989793764f,1f,-0.28444295861445434f,0.4031159052727395f,-0.8698216887447653f,-0.012058473065095585f,0f,0f,0f,1f],start_interpolation:0}
execute if entity @s[tag=aj.tultaria.bone.rod] run data modify entity @s {} merge value {transformation:[-0.36048263404923453f,0.3508501535509364f,0.3692322308550669f,-0.8271294651671594f,0.4600002998385974f,0.03003115159329786f,0.4205637336746717f,0.7231032423169191f,0.21869612410220152f,0.5151488131474866f,-0.2759885968938025f,-0.14138522077260413f,0f,0f,0f,1f],start_interpolation:0}
execute if entity @s[tag=aj.tultaria.bone.right_hand] run data modify entity @s {} merge value {transformation:[-0.5776965289250557f,0.8144518781439029f,-0.05417433576714484f,-0.528481802834089f,0.7371799676900604f,0.5490809160282546f,0.39379670248753207f,0.9782331736384561f,0.35047455785609244f,0.1875587530387258f,-0.9175997485037442f,-0.18575065694604995f,0f,0f,0f,1f],start_interpolation:0}
execute if entity @s[tag=aj.tultaria.bone.right_arm] run data modify entity @s {} merge value {transformation:[-0.5776965289250557f,0.7949626182571334f,0.1852057127674664f,-0.21841738879342543f,0.7371799676900604f,0.4107032468436086f,0.5365524562133688f,1f,0.35047455785609244f,0.44649443289461155f,-0.8232923573614026f,0.012058473065095585f,0f,0f,0f,1f],start_interpolation:0}
execute if entity @s[tag=aj.tultaria.bone.skirt] run data modify entity @s {} merge value {transformation:[-0.9737380845862743f,0f,-0.227671128222824f,0.0142294455139265f,0f,1f,0f,0.453125f,0.227671128222824f,0f,-0.9737380845862743f,0.060858630286642144f,0f,0f,0f,1f],start_interpolation:0}
execute if entity @s[tag=aj.tultaria.bone.left_foot] run data modify entity @s {} merge value {transformation:[-0.9737380845862743f,0f,-0.227671128222824f,0.1501761516011373f,0f,1f,0f,0f,0.227671128222824f,0f,-0.9737380845862743f,0.09325836954543129f,0f,0f,0f,1f],start_interpolation:0}
execute if entity @s[tag=aj.tultaria.bone.left_leg] run data modify entity @s {} merge value {transformation:[-0.9737380845862743f,0f,-0.227671128222824f,0.12171726057328429f,0f,1f,0f,0.4375f,0.227671128222824f,0f,-0.9737380845862743f,-0.028458891027853f,0f,0f,0f,1f],start_interpolation:0}
execute if entity @s[tag=aj.tultaria.bone.right_foot] run data modify entity @s {} merge value {transformation:[-0.9737380845862743f,0f,-0.227671128222824f,-0.09325836954543129f,0f,1f,0f,0f,0.227671128222824f,0f,-0.9737380845862743f,0.1501761516011373f,0f,0f,0f,1f],start_interpolation:0}
execute if entity @s[tag=aj.tultaria.bone.right_leg] run data modify entity @s {} merge value {transformation:[-0.9737380845862743f,0f,-0.227671128222824f,-0.12171726057328429f,0f,1f,0f,0.4375f,0.227671128222824f,0f,-0.9737380845862743f,0.028458891027853f,0f,0f,0f,1f],start_interpolation:0}
execute if entity @s[tag=aj.tultaria.bone.lower] run data modify entity @s {} merge value {transformation:[-0.9737380845862743f,0f,-0.227671128222824f,0f,0f,1f,0f,0.5f,0.227671128222824f,0f,-0.9737380845862743f,0f,0f,0f,0f,1f],start_interpolation:0}