execute if entity @s[tag=aj.tultaria.bone.head] run data modify entity @s {} merge value {transformation:[-0.675293095284758f,0.2897260816065593f,-0.6782610361045666f,0f,-0.09161964125867683f,0.8795390679797014f,0.46692276581146647f,1.50936f,0.7318367828938105f,0.3774517525913842f,-0.5674020599798086f,0f,0f,0f,0f,1f],start_interpolation:0}
execute if entity @s[tag=aj.tultaria.bone.bust] run data modify entity @s {} merge value {transformation:[-0.47546572244726465f,0f,-0.8797342478144754f,0.67759998513087f,0f,1f,0f,0.35311000000000003f,0.8797342478144754f,0f,-0.47546572244726465f,-0.20213426268360538f,0f,0f,0f,1f],start_interpolation:0}
execute if entity @s[tag=aj.tultaria.bone.left_wing] run data modify entity @s {} merge value {transformation:[0.1365128662154777f,0.20880598575728748f,-0.9683823096636797f,-0.08025017332385542f,-0.3043609068327772f,0.939093759973208f,0.1595849252633606f,1.41561f,0.9427240719052232f,0.2729523223775727f,0.1917507599962125f,-0.11441660579431281f,0f,0f,0f,1f],start_interpolation:0}
execute if entity @s[tag=aj.tultaria.bone.right_wing] run data modify entity @s {} merge value {transformation:[-0.8634423900000205f,0.3427403217913204f,-0.37013012707618764f,-0.13968338862976348f,0.3043609068327772f,0.939093759973208f,0.1595849252633606f,1.41561f,0.40228308135314633f,0.025139248154331134f,-0.9151701156939365f,-0.004449824817503362f,0f,0f,0f,1f],start_interpolation:0}
execute if entity @s[tag=aj.tultaria.bone.body] run data modify entity @s {} merge value {transformation:[-0.47546572244726465f,0f,-0.8797342478144754f,0.67759998513087f,0f,1f,0f,0.35311000000000003f,0.8797342478144754f,0f,-0.47546572244726465f,-0.20213426268360538f,0f,0f,0f,1f],start_interpolation:0}
execute if entity @s[tag=aj.tultaria.bone.left_hand] run data modify entity @s {} merge value {transformation:[-0.4443180696348458f,-0.8091830786263358f,-0.38445311581618097f,0.262042668056686f,-0.893550142203079f,0.4311434103468288f,0.12523379369548396f,1.3554531534232062f,0.06441736074088553f,0.39917177377579127f,-0.9146104627959748f,-0.5252507922165164f,0f,0f,0f,1f],start_interpolation:0}
execute if entity @s[tag=aj.tultaria.bone.left_arm] run data modify entity @s {} merge value {transformation:[-0.4443180696348458f,-0.5346137879472856f,-0.7188668518805268f,0.10400812678533915f,-0.893550142203079f,0.32216060316149f,0.31269903923658293f,1.35311f,0.06441736074088553f,0.7812814112131939f,-0.6208460035531347f,-0.1924418667094165f,0f,0f,0f,1f],start_interpolation:0}
execute if entity @s[tag=aj.tultaria.bone.rod] run data modify entity @s {} merge value {transformation:[0.2396734176047838f,-0.4005003632206679f,-0.9936157010315773f,0.48615207800630783f,0.9782471921090129f,0.49686464160518873f,0.035693254770274685f,1.2435895435155344f,0.4366979887830849f,-0.8932194782724888f,0.46537069053620916f,0.349550519019741f,0f,0f,0f,1f],start_interpolation:0}
execute if entity @s[tag=aj.tultaria.bone.sword] run data modify entity @s {} merge value {transformation:[0.0000021832598769666544f,-0.000009745029197336837f,-5.174768136643204e-7f,0.4905490925577772f,0.000008911158632571981f,0.000002206983811065533f,-0.000003964905330878982f,1.2528514205038266f,0.000003978018116445106f,4.0451007496386083e-7f,0.000009165792026032847f,0.4049464757556609f,0f,0f,0f,1f],start_interpolation:0}
execute if entity @s[tag=aj.tultaria.bone.right_hand] run data modify entity @s {} merge value {transformation:[0.21832598769666542f,-0.9745029197336836f,-0.05174768136643204f,0.11424502293537249f,0.891115863257198f,0.22069838110655327f,-0.3964905330878981f,1.2767901197945046f,0.39780181164451056f,0.04045100749638608f,0.9165792026032846f,0.47929204715629636f,0f,0f,0f,1f],start_interpolation:0}
execute if entity @s[tag=aj.tultaria.bone.right_arm] run data modify entity @s {} merge value {transformation:[0.21832598769666542f,-0.7467241281155862f,-0.6282808604328909f,-0.10400812678533915f,0.891115863257198f,0.41499026906522374f,-0.18356359887666263f,1.35311f,0.39780181164451056f,-0.5197943372827288f,0.7560208764188688f,0.1924418667094165f,0f,0f,0f,1f],start_interpolation:0}
execute if entity @s[tag=aj.tultaria.bone.skirt] run data modify entity @s {} merge value {transformation:[-0.7549778855909877f,-0.14929539957860258f,-0.6385289938078199f,0.03960459714576677f,0f,0.9737380845862744f,-0.22767112822282393f,0.8035534029030169f,0.6557502514437654f,-0.17188666699578226f,-0.7351507202203637f,0.045597534956275984f,0f,0f,0f,1f],start_interpolation:0}
execute if entity @s[tag=aj.tultaria.bone.left_foot] run data modify entity @s {} merge value {transformation:[-0.7549778855909877f,-0.072185815383148f,-0.6517649885702911f,0.23771738322594943f,0f,0.993922590399775f,-0.11008126222478211f,0.3931179651724919f,0.6557502514437654f,-0.0831089185976531f,-0.7503895757411393f,0.08306724585498852f,0f,0f,0f,1f],start_interpolation:0}
execute if entity @s[tag=aj.tultaria.bone.left_leg] run data modify entity @s {} merge value {transformation:[-0.7549778855909877f,-0.14929539957860258f,-0.6385289938078199f,0.09258452168433333f,0f,0.9737380845862744f,-0.22767112822282393f,0.790669486151134f,0.6557502514437654f,-0.17188666699578226f,-0.7351507202203637f,-0.08402701098321165f,0f,0f,0f,1f],start_interpolation:0}
execute if entity @s[tag=aj.tultaria.bone.right_foot] run data modify entity @s {} merge value {transformation:[-0.7549778855909877f,-0.07218581538314789f,-0.6517649885702911f,0.13768880038536202f,0f,0.993922590399775f,-0.1100812622247821f,0.5080765632039455f,0.6557502514437654f,-0.08310891859765307f,-0.7503895757411394f,0.34914511871008286f,0f,0f,0f,1f],start_interpolation:0}
execute if entity @s[tag=aj.tultaria.bone.right_leg] run data modify entity @s {} merge value {transformation:[-0.7549778855909877f,-0.38228543098376877f,-0.5327909923470139f,-0.09615994971341359f,0f,0.8124907175772603f,-0.5829741279429034f,0.790669486151134f,0.6557502514437654f,-0.4401325744685831f,-0.6134125240187843f,0.0799105518777297f,0f,0f,0f,1f],start_interpolation:0}
execute if entity @s[tag=aj.tultaria.bone.lower] run data modify entity @s {} merge value {transformation:[-0.7549778855909877f,0.028603424232642085f,-0.65512612250675f,0f,0f,0.9990482215818578f,0.043619387365336f,0.85311f,0.6557502514437654f,0.03293167284385561f,-0.7542593139333075f,0f,0f,0f,0f,1f],start_interpolation:0}