execute if entity @s[tag=aj.tultaria.bone.head] run data modify entity @s {} merge value {transformation:[-0.9976022686508271f,-0.0005472555596180758f,0.06920559293926756f,0f,0.0037740876909588385f,0.9980505862154642f,0.062295935798968936f,1.15625f,-0.06910477439963239f,0.06240775485723528f,-0.9956554636463636f,0f,0f,0f,0f,1f],start_interpolation:0}
execute if entity @s[tag=aj.tultaria.bone.bust] run data modify entity @s {} merge value {transformation:[-0.9751493543055633f,0f,0.2215484976194674f,0.37680042834304794f,0f,1f,0f,0f,-0.2215484976194674f,0f,-0.9751493543055633f,0.5983489259625153f,0f,0f,0f,1f],start_interpolation:0}
execute if entity @s[tag=aj.tultaria.bone.left_wing] run data modify entity @s {} merge value {transformation:[-0.9857034690888535f,0f,-0.16848937956500246f,0.08864039684653113f,0f,1f,0f,1.0625f,0.16848937956500246f,0f,-0.9857034690888535f,-0.10804688818697872f,0f,0f,0f,1f],start_interpolation:0}
execute if entity @s[tag=aj.tultaria.bone.right_wing] run data modify entity @s {} merge value {transformation:[-0.8161375900801602f,0f,0.5778576243835054f,-0.03325327244166432f,0f,1f,0f,1.0625f,-0.5778576243835054f,0f,-0.8161375900801602f,-0.13574045038941207f,0f,0f,0f,1f],start_interpolation:0}
execute if entity @s[tag=aj.tultaria.bone.body] run data modify entity @s {} merge value {transformation:[-0.9751493543055633f,0f,0.2215484976194674f,0.37680042834304794f,0f,1f,0f,0f,-0.2215484976194674f,0f,-0.9751493543055633f,0.5983489259625153f,0f,0f,0f,1f],start_interpolation:0}
execute if entity @s[tag=aj.tultaria.bone.left_hand] run data modify entity @s {} merge value {transformation:[-0.28995189470684596f,-0.9275906521725157f,0.2355917671695626f,0.5573201230486802f,-0.8483636728070311f,0.3630515509276031f,0.3853214891884784f,1.0554336677239613f,-0.4429525679091101f,-0.08814280101760619f,-0.8922016976062621f,-0.07124018884546986f,0f,0f,0f,1f],start_interpolation:0}
execute if entity @s[tag=aj.tultaria.bone.left_arm] run data modify entity @s {} merge value {transformation:[-0.28995189470684596f,-0.9509849017243037f,-0.10749704855635198f,0.21331392125434195f,-0.8483636728070311f,0.20341295300306372f,0.4887762772597889f,1f,-0.4429525679091101f,0.23291819860841703f,-0.8657610151420166f,0.04846373385425849f,0f,0f,0f,1f],start_interpolation:0}
execute if entity @s[tag=aj.tultaria.bone.rod] run data modify entity @s {} merge value {transformation:[-0.3749971735800788f,-0.8829271671429993f,0.5781148132748294f,-0.6397535234652225f,1.0049634280871074f,-0.48606873187936833f,-0.09047483681440215f,1.1309678495615751f,0.32221984422807076f,0.4884432468670454f,0.954985636842574f,-0.6273590065621103f,0f,0f,0f,1f],start_interpolation:0}
execute if entity @s[tag=aj.tultaria.bone.right_hand] run data modify entity @s {} merge value {transformation:[-0.3348189049822132f,0.49169662803345554f,0.803822571745184f,-0.3548894664845287f,0.8972887750777743f,-0.09408387491541588f,0.4313016097817488f,1.1495990976910129f,0.2876962894893489f,0.8656689034852934f,-0.4096928051023483f,-0.3539447683929188f,0f,0f,0f,1f],start_interpolation:0}
execute if entity @s[tag=aj.tultaria.bone.right_arm] run data modify entity @s {} merge value {transformation:[-0.3348189049822132f,0.5325490283301368f,0.7773595264040565f,-0.21331392125434195f,0.8972887750777743f,-0.07168646688874225f,0.4355845550343088f,1f,0.2876962894893489f,0.8433579209858864f,-0.45384828095347507f,-0.04846373385425849f,0f,0f,0f,1f],start_interpolation:0}
execute if entity @s[tag=aj.tultaria.bone.skirt] run data modify entity @s {} merge value {transformation:[-0.9988061373414341f,0f,0.048849769795613375f,-0.003053110612225836f,0f,1f,0f,0.453125f,-0.048849769795613375f,0f,-0.9988061373414341f,0.06242538358383963f,0f,0f,0f,1f],start_interpolation:0}
execute if entity @s[tag=aj.tultaria.bone.left_foot] run data modify entity @s {} merge value {transformation:[-0.9988061373414341f,0f,0.048849769795613375f,0.11874454594322759f,0f,1f,0f,0f,-0.048849769795613375f,0f,-0.9988061373414341f,0.13095698839213094f,0f,0f,0f,1f],start_interpolation:0}
execute if entity @s[tag=aj.tultaria.bone.left_leg] run data modify entity @s {} merge value {transformation:[-0.9988061373414341f,0f,0.048849769795613375f,0.12485076716767926f,0f,1f,0f,0.4375f,-0.048849769795613375f,0f,-0.9988061373414341f,0.006106221224451672f,0f,0f,0f,1f],start_interpolation:0}
execute if entity @s[tag=aj.tultaria.bone.right_foot] run data modify entity @s {} merge value {transformation:[-0.9988061373414341f,0f,0.048849769795613375f,-0.13095698839213094f,0f,1f,0f,0f,-0.048849769795613375f,0f,-0.9988061373414341f,0.11874454594322759f,0f,0f,0f,1f],start_interpolation:0}
execute if entity @s[tag=aj.tultaria.bone.right_leg] run data modify entity @s {} merge value {transformation:[-0.9988061373414341f,0f,0.048849769795613375f,-0.12485076716767926f,0f,1f,0f,0.4375f,-0.048849769795613375f,0f,-0.9988061373414341f,-0.006106221224451672f,0f,0f,0f,1f],start_interpolation:0}
execute if entity @s[tag=aj.tultaria.bone.lower] run data modify entity @s {} merge value {transformation:[-0.9988061373414341f,0f,0.048849769795613375f,0f,0f,1f,0f,0.5f,-0.048849769795613375f,0f,-0.9988061373414341f,0f,0f,0f,0f,1f],start_interpolation:0}