execute if entity @s[tag=aj.tultaria.bone.head] run data modify entity @s {} merge value {transformation:[-0.6919458251970234f,0.29556686158642875f,-0.6586738231661854f,0f,-0.10550416349912463f,0.8611612619324174f,0.4972626593977438f,1.0491929861111111f,0.7141987443819545f,0.41357165192855694f,-0.5646934055257988f,0f,0f,0f,0f,1f],start_interpolation:0}
execute if entity @s[tag=aj.tultaria.bone.bust] run data modify entity @s {} merge value {transformation:[-0.5525689092210844f,0f,-0.8334672162492183f,0.6930180627351513f,0f,1f,0f,-0.10705701388888889f,0.8334672162492183f,0f,-0.5525689092210844f,-0.14044915351406695f,0f,0f,0f,1f],start_interpolation:0}
execute if entity @s[tag=aj.tultaria.bone.left_wing] run data modify entity @s {} merge value {transformation:[0.12525370221630555f,0.23137543051300546f,-0.9647678063845366f,-0.06964784520483447f,-0.36489710808848475f,0.9150096039518018f,0.17206837357465693f,0.9554429861111111f,0.9225842024388723f,0.3304887817020245f,0.1990365659353624f,-0.12116281466821166f,0f,0f,0f,1f],start_interpolation:0}
execute if entity @s[tag=aj.tultaria.bone.right_wing] run data modify entity @s {} merge value {transformation:[-0.8985544240582852f,0.394494541279495f,-0.19228625511451508f,-0.1387189588574701f,0.36489710808848475f,0.9150096039518018f,0.17206837357465693f,0.9554429861111111f,0.24382380423975059f,0.08444809989957047f,-0.966135844956292f,-0.016979412637059377f,0f,0f,0f,1f],start_interpolation:0}
execute if entity @s[tag=aj.tultaria.bone.body] run data modify entity @s {} merge value {transformation:[-0.5525689092210844f,0f,-0.8334672162492183f,0.6930180627351513f,0f,1f,0f,-0.10705701388888889f,0.8334672162492183f,0f,-0.5525689092210844f,-0.14044915351406695f,0f,0f,0f,1f],start_interpolation:0}
execute if entity @s[tag=aj.tultaria.bone.left_hand] run data modify entity @s {} merge value {transformation:[-0.44928812585858413f,-0.8138141114402024f,-0.3685739708434047f,0.30428957558002445f,-0.8926494838392793f,0.42569192185786386f,0.14820015744399992f,0.8926600335032142f,0.0362915825495263f,0.3955919358199206f,-0.917709072282877f,-0.5018534225461337f,0f,0f,0f,1f],start_interpolation:0}
execute if entity @s[tag=aj.tultaria.bone.left_arm] run data modify entity @s {} merge value {transformation:[-0.44928812585858413f,-0.5932209970990583f,-0.668003763884067f,0.12087444889211221f,-0.8926494838392793f,0.3284613946327811f,0.3086908019966848f,0.8929429861111111f,0.0362915825495263f,0.734984326932682f,-0.6771122212745561f,-0.1823209535545165f,0f,0f,0f,1f],start_interpolation:0}
execute if entity @s[tag=aj.tultaria.bone.rod] run data modify entity @s {} merge value {transformation:[0.1742606106840948f,-0.23564379066090946f,-1.0838520110045324f,0.432163085936381f,0.9982569080450266f,0.5115510656289275f,0.04928073727022067f,0.776893514099688f,0.4834731878563631f,-0.9712967875209262f,0.28890511495496174f,0.44031860132410916f,0f,0f,0f,1f],start_interpolation:0}
execute if entity @s[tag=aj.tultaria.bone.sword] run data modify entity @s {} merge value {transformation:[0.0000015520489818474548f,-0.000009637527869810449f,-0.0000021700692423453123f,0.42684103943116064f,0.000008890957122617754f,0.0000023202345760498524f,-0.000003945553567736139f,0.7861829727591053f,0.000004306045215939899f,-0.0000013170300189174306f,0.000008928796476992376f,0.4956287261098232f,0f,0f,0f,1f],start_interpolation:0}
execute if entity @s[tag=aj.tultaria.bone.right_hand] run data modify entity @s {} merge value {transformation:[0.15520489818474548f,-0.9637527869810448f,-0.21700692423453122f,0.043629925289172755f,0.8890957122617753f,0.23202345760498524f,-0.39455535677361386f,0.8145828911048557f,0.4306045215939899f,-0.13170300189174305f,0.8928796476992376f,0.5025399315771103f,0f,0f,0f,1f],start_interpolation:0}
execute if entity @s[tag=aj.tultaria.bone.right_arm] run data modify entity @s {} merge value {transformation:[0.15520489818474548f,-0.6411903161703404f,-0.7515227328756208f,-0.12087444889211221f,0.8890957122617753f,0.42225985918716846f,-0.1766505753088814f,0.8929429861111111f,0.4306045215939899f,-0.6407586049118744f,0.6356163593034712f,0.1823209535545165f,0f,0f,0f,1f],start_interpolation:0}
execute if entity @s[tag=aj.tultaria.bone.skirt] run data modify entity @s {} merge value {transformation:[-0.7893224670795599f,-0.18325957967836448f,-0.5859914414217552f,0.03708177836205775f,0f,0.9544163125225253f,-0.29847864645717176f,0.34338638901412805f,0.6139788619842195f,-0.23559590159214253f,-0.7533422384212559f,0.04767180532216621f,0f,0f,0f,1f],start_interpolation:0}
execute if entity @s[tag=aj.tultaria.bone.left_foot] run data modify entity @s {} merge value {transformation:[-0.7893224670795599f,-0.1561388578054284f,-0.59379348265761f,0.2504164683085102f,0f,0.9671236575451874f,-0.25430656896041726f,-0.049744833659213394f,0.6139788619842195f,-0.20072988840637476f,-0.7633724313445747f,0.11834176884821031f,0f,0f,0f,1f],start_interpolation:0}
execute if entity @s[tag=aj.tultaria.bone.left_leg] run data modify entity @s {} merge value {transformation:[-0.7893224670795599f,-0.18325957967836448f,-0.5859914414217552f,0.09699147202150638f,0f,0.9544163125225253f,-0.29847864645717176f,0.330502472262245f,0.6139788619842195f,-0.23559590159214253f,-0.7533422384212559f,-0.07889921790100905f,0f,0f,0f,1f],start_interpolation:0}
execute if entity @s[tag=aj.tultaria.bone.right_foot] run data modify entity @s {} merge value {transformation:[-0.7893224670795599f,-0.15613885780542838f,-0.59379348265761f,0.13074980053734353f,0f,0.9671236575451873f,-0.2543065689604171f,0.07482717222635932f,0.6139788619842195f,-0.20072988840637473f,-0.7633724313445746f,0.37168014936670846f,0f,0f,0f,1f],start_interpolation:0}
execute if entity @s[tag=aj.tultaria.bone.right_leg] run data modify entity @s {} merge value {transformation:[-0.7893224670795599f,-0.393558990941306f,-0.4712550939912461f,-0.1003391447483836f,0f,0.7675428637205403f,-0.6409976227348055f,0.330502472262245f,0.6139788619842195f,-0.5059538249691697f,-0.6058388267812073f,0.07459549759504581f,0f,0f,0f,1f],start_interpolation:0}
execute if entity @s[tag=aj.tultaria.bone.lower] run data modify entity @s {} merge value {transformation:[-0.7893224670795599f,0.026781381815017838f,-0.6133944901541873f,0f,0f,0.9990482215818578f,0.043619387365336f,0.3929429861111111f,0.6139788619842195f,0.03442976244770599f,-0.7885712069904388f,0f,0f,0f,0f,1f],start_interpolation:0}