execute if entity @s[tag=aj.tultaria.bone.head] run data modify entity @s {} merge value {transformation:[-0.9999780067029095f,-0.0010649347494669642f,0.006546145771022749f,0f,0f,0.987024406397454f,0.16057029979343448f,1.15625f,-0.006632202535817255f,0.16056676832312722f,-0.9870026984764485f,0f,0f,0f,0f,1f],start_interpolation:0}
execute if entity @s[tag=aj.tultaria.bone.bust] run data modify entity @s {} merge value {transformation:[-0.9415881558950302f,0f,-0.33676660267638847f,0.6391773792857094f,0f,1f,0f,0f,0.33676660267638847f,0f,-0.9415881558950302f,0.30241077660932086f,0f,0f,0f,1f],start_interpolation:0}
execute if entity @s[tag=aj.tultaria.bone.left_wing] run data modify entity @s {} merge value {transformation:[-0.7410390258683344f,0f,-0.6714619588183013f,0.016753434408890877f,0f,1f,0f,1.0625f,0.6714619588183013f,0f,-0.7410390258683344f,-0.13874643215415305f,0f,0f,0f,1f],start_interpolation:0}
execute if entity @s[tag=aj.tultaria.bone.right_wing] run data modify entity @s {} merge value {transformation:[-0.9987890247045959f,0f,0.04919841592614932f,-0.10094508507798794f,0f,1f,0f,1.0625f,-0.04919841592614932f,0f,-0.9987890247045959f,-0.09665060681960447f,0f,0f,0f,1f],start_interpolation:0}
execute if entity @s[tag=aj.tultaria.bone.body] run data modify entity @s {} merge value {transformation:[-0.9415881558950302f,0f,-0.33676660267638847f,0.6391773792857094f,0f,1f,0f,0f,0.33676660267638847f,0f,-0.9415881558950302f,0.30241077660932086f,0f,0f,0f,1f],start_interpolation:0}
execute if entity @s[tag=aj.tultaria.bone.left_hand] run data modify entity @s {} merge value {transformation:[-0.9310151650631879f,-0.3578520832954444f,0.07178195388449293f,0.38441628359138336f,-0.3626042434464572f,0.8844824698512151f,-0.2936135609274829f,0.7740198305444668f,0.0415803445991913f,-0.29938711897308606f,-0.9532252765931084f,-0.3035218528144382f,0f,0f,0f,1f],start_interpolation:0}
execute if entity @s[tag=aj.tultaria.bone.left_arm] run data modify entity @s {} merge value {transformation:[-0.9310151650631879f,-0.31532320248169793f,-0.18379891294306192f,0.20597240910203785f,-0.3626042434464572f,0.8564803294957972f,0.36736849051244586f,1f,0.0415803445991913f,0.40867190160745914f,-0.9117337066158934f,-0.07366769433545997f,0f,0f,0f,1f],start_interpolation:0}
execute if entity @s[tag=aj.tultaria.bone.rod] run data modify entity @s {} merge value {transformation:[-0.11199062343547324f,0.07266610342282633f,0.07267556450332477f,-0.4825546801755052f,0.05895264644460909f,-0.0426226856756097f,0.13346120088990232f,0.47573156638610437f,0.08418245505870406f,0.1265185523120663f,0.0032202765638978254f,0.2421397427011474f,0f,0f,0f,1f],start_interpolation:0}
execute if entity @s[tag=aj.tultaria.bone.right_hand] run data modify entity @s {} merge value {transformation:[-0.7367804173386434f,0.17409069895173102f,-0.6533353236775068f,-0.4989375835282943f,0.3878463581882196f,0.9003205834171676f,-0.19747923818848995f,0.7886668803939809f,0.5538319411756873f,-0.3988925614922756f,-0.730859018771542f,0.001197654795101255f,0f,0f,0f,1f],start_interpolation:0}
execute if entity @s[tag=aj.tultaria.bone.right_arm] run data modify entity @s {} merge value {transformation:[-0.7367804173386434f,0.5405550130339576f,-0.40614639541691455f,-0.20597240910203785f,0.3878463581882196f,0.8299261056559248f,0.40099608675263404f,1f,0.5538319411756873f,0.1379236637950456f,-0.8211255956910132f,0.07366769433545997f,0f,0f,0f,1f],start_interpolation:0}
execute if entity @s[tag=aj.tultaria.bone.skirt] run data modify entity @s {} merge value {transformation:[-0.8688044092160553f,0f,-0.4951554286552267f,0.03094721429095167f,0f,1f,0f,0.453125f,0.4951554286552267f,0f,-0.8688044092160553f,0.054300275576003455f,0f,0f,0f,1f],start_interpolation:0}
execute if entity @s[tag=aj.tultaria.bone.left_foot] run data modify entity @s {} merge value {transformation:[-0.8688044092160553f,0.18948777899198946f,-0.45746396594641664f,0.17049497973391026f,0f,0.9238795325112867f,0.3826834323650897f,0f,0.4951554286552267f,0.33247705337272404f,-0.8026706114302739f,0.04670612257010357f,0f,0f,0f,1f],start_interpolation:0}
execute if entity @s[tag=aj.tultaria.bone.left_leg] run data modify entity @s {} merge value {transformation:[-0.8688044092160553f,0f,-0.4951554286552267f,0.10860055115200691f,0f,1f,0f,0.4375f,0.4951554286552267f,0f,-0.8688044092160553f,-0.06189442858190334f,0f,0f,0f,1f],start_interpolation:0}
execute if entity @s[tag=aj.tultaria.bone.right_foot] run data modify entity @s {} merge value {transformation:[-0.8688044092160553f,0.18948777899198951f,-0.4574639659464166f,0.031483347900290545f,0f,0.9238795325112867f,0.38268343236508984f,0.08113813357194827f,0.4951554286552267f,0.3324770533727242f,-0.8026706114302739f,0.3076869658612544f,0f,0f,0f,1f],start_interpolation:0}
execute if entity @s[tag=aj.tultaria.bone.right_leg] run data modify entity @s {} merge value {transformation:[-0.8688044092160553f,-0.18948777899198946f,-0.45746396594641664f,-0.10860055115200691f,0f,0.9238795325112867f,-0.3826834323650897f,0.4375f,0.4951554286552267f,-0.33247705337272404f,-0.8026706114302739f,0.06189442858190334f,0f,0f,0f,1f],start_interpolation:0}
execute if entity @s[tag=aj.tultaria.bone.lower] run data modify entity @s {} merge value {transformation:[-0.8688044092160553f,0f,-0.4951554286552267f,0f,0f,1f,0f,0.5f,0.4951554286552267f,0f,-0.8688044092160553f,0f,0f,0f,0f,1f],start_interpolation:0}