execute if entity @s[tag=aj.tultaria.bone.head] run data modify entity @s {} merge value {transformation:[-0.9902564823027948f,0.024513135875339882f,-0.13708101774808829f,0f,0.0006986757256415461f,0.985247004845345f,0.1711369372622609f,1.5817866666666667f,0.13925376515385496f,0.16937368630585375f,-0.9756643599505115f,0f,0f,0f,0f,1f],start_interpolation:0}
execute if entity @s[tag=aj.tultaria.bone.bust] run data modify entity @s {} merge value {transformation:[-0.8781823206072953f,0f,-0.4783260517395908f,0.678254186173443f,0f,1f,0f,0.4255366666666667f,0.4783260517395908f,0f,-0.8781823206072953f,0.19992813443385224f,0f,0f,0f,1f],start_interpolation:0}
execute if entity @s[tag=aj.tultaria.bone.left_wing] run data modify entity @s {} merge value {transformation:[-0.6034963174461692f,-0.002995232286330439f,-0.7973601591579954f,-0.004904361429492909f,-0.048963412566211575f,0.9982450076278301f,0.033308992419231784f,1.4880366666666667f,0.7958610299912817f,0.059143328699561806f,-0.6025838428065857f,-0.13966816830963638f,0f,0f,0f,1f],start_interpolation:0}
execute if entity @s[tag=aj.tultaria.bone.right_wing] run data modify entity @s {} merge value {transformation:[-0.9959562184990669f,0.05131183455742502f,-0.07374487417706088f,-0.1146771515054048f,0.048963412566211575f,0.9982450076278301f,0.033308992419231784f,1.4880366666666667f,0.07532459799368363f,0.029563497432897382f,-0.9967207254575503f,-0.07987741184218752f,0f,0f,0f,1f],start_interpolation:0}
execute if entity @s[tag=aj.tultaria.bone.body] run data modify entity @s {} merge value {transformation:[-0.8781823206072953f,0f,-0.4783260517395908f,0.678254186173443f,0f,1f,0f,0.4255366666666667f,0.4783260517395908f,0f,-0.8781823206072953f,0.19992813443385224f,0f,0f,0f,1f],start_interpolation:0}
execute if entity @s[tag=aj.tultaria.bone.left_hand] run data modify entity @s {} merge value {transformation:[-0.9236940849858633f,-0.37394051060544903f,-0.08341301990855524f,0.3258245878004113f,-0.3272516297785474f,0.8832656578716899f,-0.3357799107030905f,1.185274514012563f,0.19923756716396018f,-0.2828608706637009f,-0.9382399051830823f,-0.3498575122071055f,0f,0f,0f,1f],start_interpolation:0}
execute if entity @s[tag=aj.tultaria.bone.left_arm] run data modify entity @s {} merge value {transformation:[-0.9236940849858633f,-0.22221342205232653f,-0.3121064440570293f,0.19210238263284585f,-0.3272516297785474f,0.8812232549647537f,0.34110401011511016f,1.4255366666666667f,0.19923756716396018f,0.41721309899033515f,-0.8867004126882242f,-0.10463382381803549f,0f,0f,0f,1f],start_interpolation:0}
execute if entity @s[tag=aj.tultaria.bone.rod] run data modify entity @s {} merge value {transformation:[-0.5601839121403194f,0.5575343485039762f,0.3073327753712823f,-0.44974030985720026f,0.39321375193548896f,-0.018942168753237426f,0.7510846420555682f,0.9267698625737799f,0.5006804668328734f,0.6386709986222734f,-0.24601305991927605f,0.36687162434681514f,0f,0f,0f,1f],start_interpolation:0}
execute if entity @s[tag=aj.tultaria.bone.sword] run data modify entity @s {} merge value {transformation:[-0.00000660594236014527f,0.0000013378481739232895f,-0.00000738726524486352f,-0.505011685567952f,0.000004636954621880762f,0.000008465755637332121f,-0.000002613356715719853f,0.9290102361622206f,0.000005904250788123503f,-0.00000515180975507729f,-0.0000062127835048739215f,0.35619998538060454f,0f,0f,0f,1f],start_interpolation:0}
execute if entity @s[tag=aj.tultaria.bone.right_hand] run data modify entity @s {} merge value {transformation:[-0.6605942360145269f,0.13378481739232895f,-0.7387265244863519f,-0.4919118188958708f,0.46369546218807617f,0.8465755637332121f,-0.2613356715719853f,1.2115687400272364f,0.5904250788123502f,-0.515180975507729f,-0.6212783504873921f,0.09601896472049272f,0f,0f,0f,1f],start_interpolation:0}
execute if entity @s[tag=aj.tultaria.bone.right_arm] run data modify entity @s {} merge value {transformation:[-0.6605942360145269f,0.5537609640290098f,-0.506916216018037f,-0.19210238263284585f,0.46369546218807617f,0.8319879254916376f,0.3046023804606715f,1.4255366666666667f,0.5904250788123502f,-0.033836172268490755f,-0.8063828741706058f,0.10463382381803549f,0f,0f,0f,1f],start_interpolation:0}
execute if entity @s[tag=aj.tultaria.bone.skirt] run data modify entity @s {} merge value {transformation:[-0.888775090029046f,0.002239880376639209f,-0.4583381091287954f,0.02768205256103121f,0f,0.999988059020909f,0.004886902454024504f,0.8759800695696836f,0.458343582199927f,0.0043433571685388f,-0.8887644771842793f,0.05367833152376845f,0f,0f,0f,1f],start_interpolation:0}
execute if entity @s[tag=aj.tultaria.bone.left_foot] run data modify entity @s {} merge value {transformation:[-0.888775090029046f,0.16096479797485155f,-0.42914935996314435f,0.16615966058880088f,0f,0.9363049394154095f,0.3511880698803798f,0.42499051418939987f,0.458343582199927f,0.3121272084250615f,-0.832164506823571f,0.04947940405351842f,0f,0f,0f,1f],start_interpolation:0}
execute if entity @s[tag=aj.tultaria.bone.left_leg] run data modify entity @s {} merge value {transformation:[-0.888775090029046f,0.002239880376639209f,-0.4583381091287954f,0.10984734461248111f,0f,0.999988059020909f,0.004886902454024504f,0.8630961528178006f,0.458343582199927f,0.0043433571685388f,-0.8887644771842793f,-0.05971593683328077f,0f,0f,0f,1f],start_interpolation:0}
execute if entity @s[tag=aj.tultaria.bone.right_foot] run data modify entity @s {} merge value {transformation:[-0.888775090029046f,0.16096479797485166f,-0.42914935996314435f,0.016523314246372683f,0f,0.9363049394154095f,0.3511880698803801f,0.5053559932904397f,0.458343582199927f,0.3121272084250617f,-0.832164506823571f,0.3047615708644701f,0f,0f,0f,1f],start_interpolation:0}
execute if entity @s[tag=aj.tultaria.bone.right_leg] run data modify entity @s {} merge value {transformation:[-0.888775090029046f,-0.17332902114988186f,-0.42430636310463815f,-0.11234642789478039f,0f,0.9257386370898459f,-0.378163953595573f,0.8630961528178006f,0.458343582199927f,-0.33610270190264535f,-0.8227734405228941f,0.05486995871670098f,0f,0f,0f,1f],start_interpolation:0}
execute if entity @s[tag=aj.tultaria.bone.lower] run data modify entity @s {} merge value {transformation:[-0.888775090029046f,0.019992666258394336f,-0.4579073406702951f,0f,0f,0.9990482215818578f,0.043619387365336f,0.9255366666666667f,0.458343582199927f,0.038767824932638334f,-0.8879291730797739f,0f,0f,0f,0f,1f],start_interpolation:0}