execute if entity @s[tag=aj.tultaria.bone.head] run data modify entity @s {} merge value {transformation:[-0.9906285684578832f,0.024056096743817083f,-0.13444829327491448f,0f,0.0006986757256415461f,0.985247004845345f,0.1711369372622609f,1.5817866666666667f,0.1365816649748996f,0.16943920341151492f,-0.9760306373982097f,0f,0f,0f,0f,1f],start_interpolation:0}
execute if entity @s[tag=aj.tultaria.bone.bust] run data modify entity @s {} merge value {transformation:[-0.8794695910536914f,0f,-0.47595508024587035f,0.6777123356497808f,0f,1f,0f,0.4255366666666667f,0.47595508024587035f,0f,-0.8794695910536914f,0.2017572554039105f,0f,0f,0f,1f],start_interpolation:0}
execute if entity @s[tag=aj.tultaria.bone.left_wing] run data modify entity @s {} merge value {transformation:[-0.6056412588962451f,-0.0031547830035682407f,-0.795731558295115f,-0.004527535589878062f,-0.048963412566211575f,0.9982450076278301f,0.033308992419231784f,1.4880366666666667f,0.794229972836862f,0.05913503268210717f,-0.6047328320483714f,-0.13968089139707832f,0f,0f,0f,1f],start_interpolation:0}
execute if entity @s[tag=aj.tultaria.bone.right_wing] run data modify entity @s {} merge value {transformation:[-0.9961558106744365f,0.0512318890435009f,-0.07105557264979867f,-0.11446123447158951f,0.048963412566211575f,0.9982450076278301f,0.033308992419231784f,1.4880366666666667f,0.07263735326557097f,0.02970182302734798f,-0.9969160529449934f,-0.08018650636634453f,0f,0f,0f,1f],start_interpolation:0}
execute if entity @s[tag=aj.tultaria.bone.body] run data modify entity @s {} merge value {transformation:[-0.8794695910536914f,0f,-0.47595508024587035f,0.6777123356497808f,0f,1f,0f,0.4255366666666667f,0.47595508024587035f,0f,-0.8794695910536914f,0.2017572554039105f,0f,0f,0f,1f],start_interpolation:0}
execute if entity @s[tag=aj.tultaria.bone.left_hand] run data modify entity @s {} merge value {transformation:[-0.9242282424945986f,-0.37317602497593066f,-0.0808814574455057f,0.3267672757002166f,-0.3272516297785474f,0.8832656578716899f,-0.3357799107030905f,1.185274514012563f,0.196744826063178f,-0.2838686879662047f,-0.9384615289982405f,-0.3489772032590546f,0f,0f,0f,1f],start_interpolation:0}
execute if entity @s[tag=aj.tultaria.bone.left_arm] run data modify entity @s {} merge value {transformation:[-0.9242282424945986f,-0.22333820432928778f,-0.3097130966916234f,0.19238397304299498f,-0.3272516297785474f,0.8812232549647537f,0.34110401011511016f,1.4255366666666667f,0.196744826063178f,0.41661207543264256f,-0.8875392115400175f,-0.10411517380378414f,0f,0f,0f,1f],start_interpolation:0}
execute if entity @s[tag=aj.tultaria.bone.rod] run data modify entity @s {} merge value {transformation:[-0.051706599076761395f,0.04263769790893508f,0.1364274691143302f,-0.7742859220921733f,0.13861929538844486f,-0.02042315682262171f,0.05892016302938872f,1.2315532523579347f,0.034858550714655386f,0.14446079531286357f,-0.031936813548768525f,0.4211585734997713f,0f,0f,0f,1f],start_interpolation:0}
execute if entity @s[tag=aj.tultaria.bone.sword] run data modify entity @s {} merge value {transformation:[-0.000003401749939260613f,0.000007611970711120173f,-0.000005521412794184932f,-0.8107980131251045f,0.000009119690486081884f,0.000004102422712217027f,3.70584451032259e-8f,1.260225996588362f,0.0000022933257049115347f,-0.000005022751216548012f,-0.000008337423308664222f,0.3892435445682562f,0f,0f,0f,1f],start_interpolation:0}
execute if entity @s[tag=aj.tultaria.bone.right_hand] run data modify entity @s {} merge value {transformation:[-0.34017499392606126f,0.7611970711120173f,-0.5521412794184931f,-0.5578546803524784f,0.9119690486081884f,0.41024227122170265f,0.0037058445103225895f,1.3858573346298635f,0.22933257049115346f,-0.5022751216548011f,-0.8337423308664222f,0.12858761152091802f,0f,0f,0f,1f],start_interpolation:0}
execute if entity @s[tag=aj.tultaria.bone.right_arm] run data modify entity @s {} merge value {transformation:[-0.34017499392606126f,0.8800292211834825f,-0.3314054063689929f,-0.19238397304299498f,0.9119690486081884f,0.39468529476090963f,0.11196415712257926f,1.4255366666666667f,0.22933257049115346f,-0.26414406668083046f,-0.9368214793381038f,0.10411517380378414f,0f,0f,0f,1f],start_interpolation:0}
execute if entity @s[tag=aj.tultaria.bone.skirt] run data modify entity @s {} merge value {transformation:[-0.888775090029046f,0.002239880376639209f,-0.4583381091287954f,0.02768205256103121f,0f,0.999988059020909f,0.004886902454024504f,0.8759800695696836f,0.458343582199927f,0.0043433571685388f,-0.8887644771842793f,0.05367833152376845f,0f,0f,0f,1f],start_interpolation:0}
execute if entity @s[tag=aj.tultaria.bone.left_foot] run data modify entity @s {} merge value {transformation:[-0.888775090029046f,0.16096479797485155f,-0.42914935996314435f,0.16615966058880088f,0f,0.9363049394154095f,0.3511880698803798f,0.42499051418939987f,0.458343582199927f,0.3121272084250615f,-0.832164506823571f,0.04947940405351842f,0f,0f,0f,1f],start_interpolation:0}
execute if entity @s[tag=aj.tultaria.bone.left_leg] run data modify entity @s {} merge value {transformation:[-0.888775090029046f,0.002239880376639209f,-0.4583381091287954f,0.10984734461248111f,0f,0.999988059020909f,0.004886902454024504f,0.8630961528178006f,0.458343582199927f,0.0043433571685388f,-0.8887644771842793f,-0.05971593683328077f,0f,0f,0f,1f],start_interpolation:0}
execute if entity @s[tag=aj.tultaria.bone.right_foot] run data modify entity @s {} merge value {transformation:[-0.888775090029046f,0.16096479797485166f,-0.42914935996314435f,0.016523314246372683f,0f,0.9363049394154095f,0.3511880698803801f,0.5053559932904397f,0.458343582199927f,0.3121272084250617f,-0.832164506823571f,0.3047615708644701f,0f,0f,0f,1f],start_interpolation:0}
execute if entity @s[tag=aj.tultaria.bone.right_leg] run data modify entity @s {} merge value {transformation:[-0.888775090029046f,-0.17332902114988186f,-0.42430636310463815f,-0.11234642789478039f,0f,0.9257386370898459f,-0.378163953595573f,0.8630961528178006f,0.458343582199927f,-0.33610270190264535f,-0.8227734405228941f,0.05486995871670098f,0f,0f,0f,1f],start_interpolation:0}
execute if entity @s[tag=aj.tultaria.bone.lower] run data modify entity @s {} merge value {transformation:[-0.888775090029046f,0.019992666258394336f,-0.4579073406702951f,0f,0f,0.9990482215818578f,0.043619387365336f,0.9255366666666667f,0.458343582199927f,0.038767824932638334f,-0.8879291730797739f,0f,0f,0f,0f,1f],start_interpolation:0}