execute if entity @s[tag=aj.tultaria.bone.head] run data modify entity @s {} merge value {transformation:[-0.9995776883441014f,0.003137702243943054f,-0.028889440792283366f,0f,0.0009409707066160922f,0.9971270824257064f,0.07574098010540814f,1.15625f,0.029044096453354873f,0.07568180968916438f,-0.9967089365222835f,0f,0f,0f,0f,1f],start_interpolation:0}
execute if entity @s[tag=aj.tultaria.bone.bust] run data modify entity @s {} merge value {transformation:[-0.9899744135935181f,0f,0.14124680679636664f,0.4243638033985757f,0f,1f,0f,0f,-0.14124680679636664f,0f,-0.9899744135935181f,0.5656106101949424f,0f,0f,0f,1f],start_interpolation:0}
execute if entity @s[tag=aj.tultaria.bone.left_wing] run data modify entity @s {} merge value {transformation:[-0.968669911264357f,0f,-0.24835177271584521f,0.07952925169914066f,0f,1f,0f,1.0625f,0.24835177271584521f,0f,-0.968669911264357f,-0.11491887627441688f,0f,0f,0f,1f],start_interpolation:0}
execute if entity @s[tag=aj.tultaria.bone.right_wing] run data modify entity @s {} merge value {transformation:[-0.8605642855934724f,0f,0.5093418403793237f,-0.044217550000049066f,0f,1f,0f,1.0625f,-0.5093418403793237f,0f,-0.8605642855934724f,-0.13257472712396268f,0f,0f,0f,1f],start_interpolation:0}
execute if entity @s[tag=aj.tultaria.bone.body] run data modify entity @s {} merge value {transformation:[-0.9899744135935181f,0f,0.14124680679636664f,0.4243638033985757f,0f,1f,0f,0f,-0.14124680679636664f,0f,-0.9899744135935181f,0.5656106101949424f,0f,0f,0f,1f],start_interpolation:0}
execute if entity @s[tag=aj.tultaria.bone.left_hand] run data modify entity @s {} merge value {transformation:[-0.3251259451346141f,-0.9316896232235682f,0.16201100511338581f,0.5496494470742196f,-0.8483636728070311f,0.3630515509276031f,0.3853214891884784f,1.0554336677239613f,-0.41781837975571223f,-0.01216623798006955f,-0.9084491093020698f,-0.11647475860777243f,0f,0f,0f,1f],start_interpolation:0}
execute if entity @s[tag=aj.tultaria.bone.left_arm] run data modify entity @s {} merge value {transformation:[-0.3251259451346141f,-0.9288103113535895f,-0.1777766163576418f,0.2165569029735821f,-0.8483636728070311f,0.20341295300306372f,0.4887762772597889f,1f,-0.41781837975571223f,0.3097330722958427f,-0.8541037556787172f,0.030897738986705205f,0f,0f,0f,1f],start_interpolation:0}
execute if entity @s[tag=aj.tultaria.bone.rod] run data modify entity @s {} merge value {transformation:[-0.2792205882401076f,-0.42956216867594865f,0.9107893314841058f,-0.7222489118606112f,0.9481223995918316f,-0.43060322577626675f,0.08757726499098024f,1.1371551582839523f,0.33930042513247066f,0.8497542028101357f,0.5047950240557404f,-0.5415683280691901f,0f,0f,0f,1f],start_interpolation:0}
execute if entity @s[tag=aj.tultaria.bone.right_hand] run data modify entity @s {} merge value {transformation:[-0.2671967351579977f,0.610478511891319f,0.745601697449696f,-0.40011925772015444f,0.9072941622888342f,-0.10132724970875304f,0.4081054907043798f,1.1501706259812174f,0.3246894020406418f,0.7855245222050176f,-0.5268092797370503f,-0.31284779220943987f,0f,0f,0f,1f],start_interpolation:0}
execute if entity @s[tag=aj.tultaria.bone.right_arm] run data modify entity @s {} merge value {transformation:[-0.2671967351579977f,0.654117074062863f,0.707627556091724f,-0.2165569029735821f,0.9072941622888342f,-0.07665701568918304f,0.41345012398381376f,1f,0.3246894020406418f,0.7524988739958802f,-0.5729940984315836f,-0.030897738986705205f,0f,0f,0f,1f],start_interpolation:0}