execute if entity @s[tag=aj.tultaria.bone.head] run data modify entity @s {} merge value {transformation:[-0.9983817305567017f,-0.0025333859495980295f,0.05681110847568366f,0f,0.0015316504959172758f,0.9974468685315553f,0.07139606784237285f,1.15625f,-0.05684693604200555f,0.07136754452988228f,-0.9958288504810509f,0f,0f,0f,0f,1f],start_interpolation:0}
execute if entity @s[tag=aj.tultaria.bone.bust] run data modify entity @s {} merge value {transformation:[-0.9726859214017671f,0f,0.23212517809749778f,0.3702803716521347f,0f,1f,0f,0f,-0.23212517809749778f,0f,-0.9726859214017671f,0.6024055497496325f,0f,0f,0f,1f],start_interpolation:0}
execute if entity @s[tag=aj.tultaria.bone.left_wing] run data modify entity @s {} merge value {transformation:[-0.987475074237683f,0f,-0.15777508599041273f,0.08980851734979767f,0f,1f,0f,1.0625f,0.15777508599041273f,0f,-0.987475074237683f,-0.10707791654412735f,0f,0f,0f,1f],start_interpolation:0}
execute if entity @s[tag=aj.tultaria.bone.right_wing] run data modify entity @s {} merge value {transformation:[-0.8098141544522666f,0f,0.5866864880400435f,-0.03177722282542328f,0f,1f,0f,1.0625f,-0.5866864880400435f,0f,-0.8098141544522666f,-0.13609356380631454f,0f,0f,0f,1f],start_interpolation:0}
execute if entity @s[tag=aj.tultaria.bone.body] run data modify entity @s {} merge value {transformation:[-0.9726859214017671f,0f,0.23212517809749778f,0.3702803716521347f,0f,1f,0f,0f,-0.23212517809749778f,0f,-0.9726859214017671f,0.6024055497496325f,0f,0f,0f,1f],start_interpolation:0}
execute if entity @s[tag=aj.tultaria.bone.left_hand] run data modify entity @s {} merge value {transformation:[-0.2723610063378837f,-0.9342323846872338f,0.23028098842114492f,0.5568297120650588f,-0.8531950913347129f,0.3451332496765892f,0.39107694395096726f,1.0609676012282934f,-0.4448343718160346f,-0.08996049893859712f,-0.891083323983651f,-0.0660623595975417f,0f,0f,0f,1f],start_interpolation:0}
execute if entity @s[tag=aj.tultaria.bone.left_arm] run data modify entity @s {} merge value {transformation:[-0.2723610063378837f,-0.9560989007170655f,-0.10814053021061981f,0.21277504530663655f,-0.8531950913347129f,0.1880181214734118f,0.48652576716959217f,1f,-0.4448343718160346f,0.22477561710565505f,-0.8669476936965722f,0.05077738270882764f,0f,0f,0f,1f],start_interpolation:0}
execute if entity @s[tag=aj.tultaria.bone.rod] run data modify entity @s {} merge value {transformation:[-0.3060186772681859f,-0.5938425617528963f,0.820120362004432f,-0.6516891835607838f,0.9611995297992402f,-0.43973765611081517f,0.04025027791680001f,1.1512269295700917f,0.318342363246306f,0.7568854819650177f,0.6668405612392164f,-0.6178037410960273f,0f,0f,0f,1f],start_interpolation:0}
execute if entity @s[tag=aj.tultaria.bone.right_hand] run data modify entity @s {} merge value {transformation:[-0.2893033713669825f,0.5051023895302389f,0.8131267646600622f,-0.3606349419044364f,0.9086970344740717f,-0.12215140000181661f,0.3991850886689331f,1.155318290653027f,0.30095391483369266f,0.8543714716494453f,-0.42364623163417303f,-0.350370218181757f,0f,0f,0f,1f],start_interpolation:0}
execute if entity @s[tag=aj.tultaria.bone.right_arm] run data modify entity @s {} merge value {transformation:[-0.2893033713669825f,0.5624770626799516f,0.7745470374836064f,-0.21277504530663655f,0.9086970344740717f,-0.09301924533630412f,0.4069608329251013f,1f,0.30095391483369266f,0.821563737001578f,-0.48421045753915326f,-0.05077738270882764f,0f,0f,0f,1f],start_interpolation:0}
execute if entity @s[tag=aj.tultaria.bone.skirt] run data modify entity @s {} merge value {transformation:[-0.9982167508095258f,0f,0.05969353736605951f,-0.003730846085378719f,0f,1f,0f,0.453125f,-0.05969353736605951f,0f,-0.9982167508095258f,0.06238854692559536f,0f,0f,0f,1f],start_interpolation:0}
execute if entity @s[tag=aj.tultaria.bone.left_foot] run data modify entity @s {} merge value {transformation:[-0.9982167508095258f,0f,0.05969353736605951f,0.11731540168043328f,0f,1f,0f,0f,-0.05969353736605951f,0f,-0.9982167508095258f,0.13223878602194816f,0f,0f,0f,1f],start_interpolation:0}
execute if entity @s[tag=aj.tultaria.bone.left_leg] run data modify entity @s {} merge value {transformation:[-0.9982167508095258f,0f,0.05969353736605951f,0.12477709385119072f,0f,1f,0f,0.4375f,-0.05969353736605951f,0f,-0.9982167508095258f,0.007461692170757438f,0f,0f,0f,1f],start_interpolation:0}
execute if entity @s[tag=aj.tultaria.bone.right_foot] run data modify entity @s {} merge value {transformation:[-0.9982167508095258f,0f,0.05969353736605951f,-0.13223878602194816f,0f,1f,0f,0f,-0.05969353736605951f,0f,-0.9982167508095258f,0.11731540168043328f,0f,0f,0f,1f],start_interpolation:0}
execute if entity @s[tag=aj.tultaria.bone.right_leg] run data modify entity @s {} merge value {transformation:[-0.9982167508095258f,0f,0.05969353736605951f,-0.12477709385119072f,0f,1f,0f,0.4375f,-0.05969353736605951f,0f,-0.9982167508095258f,-0.007461692170757438f,0f,0f,0f,1f],start_interpolation:0}
execute if entity @s[tag=aj.tultaria.bone.lower] run data modify entity @s {} merge value {transformation:[-0.9982167508095258f,0f,0.05969353736605951f,0f,0f,1f,0f,0.5f,-0.05969353736605951f,0f,-0.9982167508095258f,0f,0f,0f,0f,1f],start_interpolation:0}