execute if entity @s[tag=aj.tultaria.bone.head] run data modify entity @s {} merge value {transformation:[-0.8715341159472452f,0.11310086055089531f,-0.4771126492587475f,0f,-0.033534818044551475f,0.9570073220630979f,0.2881187281249466f,1.15625f,0.4891867748813049f,0.26710518688386603f,-0.8302717136100461f,0f,0f,0f,0f,1f],start_interpolation:0}
execute if entity @s[tag=aj.tultaria.bone.bust] run data modify entity @s {} merge value {transformation:[-0.8913525568843333f,0f,-0.45331073154709367f,0.6723316442157135f,0f,1f,0f,0f,0.45331073154709367f,0f,-0.8913525568843333f,0.21902091266861984f,0f,0f,0f,1f],start_interpolation:0}
execute if entity @s[tag=aj.tultaria.bone.left_wing] run data modify entity @s {} merge value {transformation:[-0.6500278768806664f,0f,-0.7599103626599739f,-0.0009543066381159093f,0f,1f,0f,1.0625f,0.7599103626599739f,0f,-0.6500278768806664f,-0.13975099033223498f,0f,0f,0f,1f],start_interpolation:0}
execute if entity @s[tag=aj.tultaria.bone.right_wing] run data modify entity @s {} merge value {transformation:[-0.9969768902334095f,0f,-0.07769865082818272f,-0.11237337624865762f,0f,1f,0f,1.0625f,0.07769865082818272f,0f,-0.9969768902334095f,-0.08308714888884833f,0f,0f,0f,1f],start_interpolation:0}
execute if entity @s[tag=aj.tultaria.bone.body] run data modify entity @s {} merge value {transformation:[-0.8913525568843333f,0f,-0.45331073154709367f,0.6723316442157135f,0f,1f,0f,0f,0.45331073154709367f,0f,-0.8913525568843333f,0.21902091266861984f,0f,0f,0f,1f],start_interpolation:0}
execute if entity @s[tag=aj.tultaria.bone.left_hand] run data modify entity @s {} merge value {transformation:[-0.9592697936254682f,-0.2680781206738685f,-0.0890818963298297f,0.3018721349760739f,-0.1932912152338564f,0.8528459118352376f,-0.48506943500837196f,0.7225963458921977f,0.2060096336368052f,-0.44809370881757415f,-0.8699264675631729f,-0.31679488290887864f,0f,0f,0f,1f],start_interpolation:0}
execute if entity @s[tag=aj.tultaria.bone.left_arm] run data modify entity @s {} merge value {transformation:[-0.9592697936254682f,-0.11918095499106883f,-0.2561198215780429f,0.1949833718184479f,-0.1932912152338564f,0.9380967794760855f,0.28742466569523173f,1f,0.2060096336368052f,0.3252235113026325f,-0.922924535671696f,-0.09916172252592674f,0f,0f,0f,1f],start_interpolation:0}
execute if entity @s[tag=aj.tultaria.bone.rod] run data modify entity @s {} merge value {transformation:[-0.0931491398788226f,-0.06089461973779514f,-1.0636383326958043f,0.20769356398000322f,0.9555178673301399f,0.4674394258532619f,-0.11044187667692207f,0.9106727879242176f,0.47119026168394346f,-0.9599498154581041f,0.013693387062909401f,0.5726926763812368f,0f,0f,0f,1f],start_interpolation:0}
execute if entity @s[tag=aj.tultaria.bone.right_hand] run data modify entity @s {} merge value {transformation:[-0.08710049443214582f,-0.8209832899629741f,-0.5642693873242164f,-0.1707088431716392f,0.8934712525684425f,0.1861351456106544f,-0.4087331995351967f,0.9293818175863134f,0.44059349144472637f,-0.5397593400489438f,0.7173125052070918f,0.4599469870137693f,0f,0f,0f,1f],start_interpolation:0}
execute if entity @s[tag=aj.tultaria.bone.right_arm] run data modify entity @s {} merge value {transformation:[-0.08710049443214582f,-0.34885851597686024f,-0.933119091917049f,-0.1949833718184479f,0.8934712525684425f,0.38691271704875585f,-0.2280519024689946f,1f,0.44059349144472637f,-0.8535785173118943f,0.2779947662819817f,0.09916172252592674f,0f,0f,0f,1f],start_interpolation:0}
execute if entity @s[tag=aj.tultaria.bone.skirt] run data modify entity @s {} merge value {transformation:[-0.9737380845862744f,0f,-0.2276711282228238f,0.014229445513926487f,0f,1f,0f,0.453125f,0.2276711282228238f,0f,-0.9737380845862744f,0.06085863028664215f,0f,0f,0f,1f],start_interpolation:0}
execute if entity @s[tag=aj.tultaria.bone.left_foot] run data modify entity @s {} merge value {transformation:[-0.9737380845862744f,0f,-0.2276711282228238f,0.1501761516011373f,0f,1f,0f,0f,0.2276711282228238f,0f,-0.9737380845862744f,0.09325836954543133f,0f,0f,0f,1f],start_interpolation:0}
execute if entity @s[tag=aj.tultaria.bone.left_leg] run data modify entity @s {} merge value {transformation:[-0.9737380845862744f,0f,-0.2276711282228238f,0.1217172605732843f,0f,1f,0f,0.4375f,0.2276711282228238f,0f,-0.9737380845862744f,-0.028458891027852973f,0f,0f,0f,1f],start_interpolation:0}
execute if entity @s[tag=aj.tultaria.bone.right_foot] run data modify entity @s {} merge value {transformation:[-0.9737380845862744f,0f,-0.2276711282228238f,-0.09325836954543133f,0f,1f,0f,0f,0.2276711282228238f,0f,-0.9737380845862744f,0.1501761516011373f,0f,0f,0f,1f],start_interpolation:0}
execute if entity @s[tag=aj.tultaria.bone.right_leg] run data modify entity @s {} merge value {transformation:[-0.9737380845862744f,0f,-0.2276711282228238f,-0.1217172605732843f,0f,1f,0f,0.4375f,0.2276711282228238f,0f,-0.9737380845862744f,0.028458891027852973f,0f,0f,0f,1f],start_interpolation:0}
execute if entity @s[tag=aj.tultaria.bone.lower] run data modify entity @s {} merge value {transformation:[-0.9737380845862744f,0f,-0.2276711282228238f,0f,0f,1f,0f,0.5f,0.2276711282228238f,0f,-0.9737380845862744f,0f,0f,0f,0f,1f],start_interpolation:0}