execute if entity @s[tag=aj.tultaria.bone.head] run data modify entity @s {} merge value {transformation:[-0.9994392126270292f,0.0006661278240974948f,0.0334785981962512f,0f,0.005872872151220877f,0.9877918009031126f,0.1556690959737387f,1.5311311111111112f,-0.03296618928780645f,0.15577841423736352f,-0.9872417718175892f,0f,0f,0f,0f,1f],start_interpolation:0}
execute if entity @s[tag=aj.tultaria.bone.bust] run data modify entity @s {} merge value {transformation:[-0.999993971618009f,0f,-0.003472279890876867f,0.501733125754443f,0f,1f,0f,0.3748811111111111f,0.003472279890876867f,0f,-0.999993971618009f,0.49826084586356606f,0f,0f,0f,1f],start_interpolation:0}
execute if entity @s[tag=aj.tultaria.bone.left_wing] run data modify entity @s {} merge value {transformation:[-0.8173116290742729f,-0.12146420470670422f,-0.563247856591506f,0.06206558823976599f,-0.23657184524682348f,0.9620754465696395f,0.13581088742932834f,1.4373811111111112f,0.5253907717275503f,0.24424840241605789f,-0.8150504615670937f,-0.1252162639454309f,0f,0f,0f,1f],start_interpolation:0}
execute if entity @s[tag=aj.tultaria.bone.right_wing] run data modify entity @s {} merge value {transformation:[-0.8209405064946976f,0.12315746319188464f,0.5575741422056519f,-0.06293365821248509f,0.23657184524682348f,0.9620754465696395f,0.13581088742932834f,1.4373811111111112f,-0.5197022674885516f,0.24339900239723306f,-0.8189422927162142f,-0.12478222895907126f,0f,0f,0f,1f],start_interpolation:0}
execute if entity @s[tag=aj.tultaria.bone.body] run data modify entity @s {} merge value {transformation:[-0.999993971618009f,0f,-0.003472279890876867f,0.501733125754443f,0f,1f,0f,0.3748811111111111f,0.003472279890876867f,0f,-0.999993971618009f,0.49826084586356606f,0f,0f,0f,1f],start_interpolation:0}
execute if entity @s[tag=aj.tultaria.bone.left_hand] run data modify entity @s {} merge value {transformation:[-0.7386288901220395f,-0.5807449856245094f,0.3422902632986694f,0.5207497459216983f,-0.6054155853323386f,0.7947973490018048f,0.04206118229918426f,1.2412849491549227f,-0.2964782145686018f,-0.176160255709657f,-0.9386523491658252f,-0.16412911154921128f,0f,0f,0f,1f],start_interpolation:0}
execute if entity @s[tag=aj.tultaria.bone.left_arm] run data modify entity @s {} merge value {transformation:[-0.7386288901220395f,-0.6740172379292352f,0.011319260193526443f,0.21874868129143946f,-0.6054155853323386f,0.6706489162128887f,0.42860471324890914f,1.3748811111111112f,-0.2964782145686018f,0.3097269671125239f,-0.9034212052688887f,-0.0007595612261293147f,0f,0f,0f,1f],start_interpolation:0}
execute if entity @s[tag=aj.tultaria.bone.rod] run data modify entity @s {} merge value {transformation:[-0.13487809394076936f,-0.5043374807546747f,0.5272718514020388f,-0.9251621065069795f,0.7292486739049033f,-0.07566142833509179f,0.11417407705006455f,1.3369259636812234f,-0.023838443381338448f,0.5389647982645271f,0.5094238656058752f,-0.08152536705086255f,0f,0f,0f,1f],start_interpolation:0}
execute if entity @s[tag=aj.tultaria.bone.sword] run data modify entity @s {} merge value {transformation:[-0.0000018177640692826057f,0.000009775392049032682f,0.0000010665102325499803f,-0.9258433525084095f,0.00000982814924400139f,0.0000018415113832405512f,-1.277429568719423e-7f,1.3670401349583905f,-3.2127282185092245e-7f,0.0000010249615178650097f,-0.000009942144520214732f,-0.12913314705765308f,0f,0f,0f,1f],start_interpolation:0}
execute if entity @s[tag=aj.tultaria.bone.right_hand] run data modify entity @s {} merge value {transformation:[-0.18177640692826055f,0.9775392049032681f,0.10665102325499802f,-0.5452535267613792f,0.982814924400139f,0.1841511383240551f,-0.012774295687194227f,1.4043858535918448f,-0.03212728218509224f,0.10249615178650097f,-0.9942144520214731f,-0.16736611663360867f,0f,0f,0f,1f],start_interpolation:0}
execute if entity @s[tag=aj.tultaria.bone.right_arm] run data modify entity @s {} merge value {transformation:[-0.18177640692826055f,0.959252168637159f,0.21631600691848685f,-0.21874868129143946f,0.982814924400139f,0.1844161054732556f,0.008094715462955607f,1.3748811111111112f,-0.03212728218509224f,0.21407002827809526f,-0.9762898446324303f,0.0007595612261293147f,0f,0f,0f,1f],start_interpolation:0}
execute if entity @s[tag=aj.tultaria.bone.skirt] run data modify entity @s {} merge value {transformation:[-0.9954696209217373f,0.015070462430146751f,0.0938781922710182f,-0.005742446609035374f,0f,0.9873585390151004f,-0.15850273005209276f,0.825324514014128f,-0.09508014420441696f,-0.15778465260001723f,-0.9828854305472022f,0.06012223894791067f,0f,0f,0f,1f],start_interpolation:0}
execute if entity @s[tag=aj.tultaria.bone.left_foot] run data modify entity @s {} merge value {transformation:[-0.9954696209217373f,-0.0029201930712853194f,0.0950352897315473f,0.10636480987070096f,0f,0.9995282456369312f,0.03071296426525255f,0.40028407769965024f,-0.09508014420441696f,0.030573822894513797f,-0.9950000037847648f,0.20106262141862186f,0f,0f,0f,1f],start_interpolation:0}
execute if entity @s[tag=aj.tultaria.bone.left_leg] run data modify entity @s {} merge value {transformation:[-0.9954696209217373f,0.015070462430146751f,0.0938781922710182f,0.12469291121776745f,0f,0.9873585390151004f,-0.15850273005209276f,0.812440597262245f,-0.09508014420441696f,-0.15778465260001723f,-0.9828854305472022f,0.00917115708771403f,0f,0f,0f,1f],start_interpolation:0}
execute if entity @s[tag=aj.tultaria.bone.right_foot] run data modify entity @s {} merge value {transformation:[-0.9954696209217373f,-0.0029201930712853333f,0.0950352897315473f,-0.156104012299347f,0f,0.9995282456369312f,0.030712964265252662f,0.5054255053222486f,-0.09508014420441696f,0.030573822894513936f,-0.9950000037847649f,0.31969663279687277f,0f,0f,0f,1f],start_interpolation:0}
execute if entity @s[tag=aj.tultaria.bone.right_leg] run data modify entity @s {} merge value {transformation:[-0.9954696209217373f,0.04984892062719597f,0.08096492409825529f,-0.12417449401266688f,0f,0.8515439766707259f,-0.5242831828275691f,0.812440597262245f,-0.09508014420441696f,-0.5219079812650022f,-0.8476861596545961f,-0.01459887896339021f,0f,0f,0f,1f],start_interpolation:0}
execute if entity @s[tag=aj.tultaria.bone.lower] run data modify entity @s {} merge value {transformation:[-0.9954696209217373f,-0.00414733764080447f,0.09498964897516934f,0f,0f,0.9990482215818578f,0.043619387365336f,0.8748811111111111f,-0.09508014420441696f,0.043421775005409446f,-0.9945221544206277f,0f,0f,0f,0f,1f],start_interpolation:0}