execute if entity @s[tag=aj.tultaria.bone.head] run data modify entity @s {} merge value {transformation:[-0.9859649184064658f,-0.017867665638965927f,0.1659937534859225f,0f,0.0076390026343263855f,0.9883871612297044f,0.15176450558361482f,1.4866929861111111f,-0.1667777722314453f,0.1509025050849071f,-0.9743785756309585f,0f,0f,0f,0f,1f],start_interpolation:0}
execute if entity @s[tag=aj.tultaria.bone.bust] run data modify entity @s {} merge value {transformation:[-0.904924671131525f,0f,0.42557177958307024f,0.23967644577422736f,0f,1f,0f,0.3304429861111111f,-0.42557177958307024f,0f,-0.904924671131525f,0.6652482253572976f,0f,0f,0f,1f],start_interpolation:0}
execute if entity @s[tag=aj.tultaria.bone.left_wing] run data modify entity @s {} merge value {transformation:[-0.8945854132151148f,-0.2933533984389999f,-0.33713605871670227f,0.10975426439360408f,-0.3648971080884846f,0.9150096039518018f,0.17206837357465685f,1.3929429861111111f,0.2580058894122442f,0.2769498299336113f,-0.9255980513853411f,-0.08651734766749886f,0f,0f,0f,1f],start_interpolation:0}
execute if entity @s[tag=aj.tultaria.bone.right_wing] run data modify entity @s {} merge value {transformation:[-0.371824784175562f,-0.026218376539726f,0.9279326088700719f,-0.003361319497836579f,0.3648971080884846f,0.9150096039518018f,0.17206837357465685f,1.3929429861111111f,-0.8535786023451254f,0.4025792113455289f,-0.3306562387298241f,-0.13971382011538258f,0f,0f,0f,1f],start_interpolation:0}
execute if entity @s[tag=aj.tultaria.bone.body] run data modify entity @s {} merge value {transformation:[-0.904924671131525f,0f,0.42557177958307024f,0.23967644577422736f,0f,1f,0f,0.3304429861111111f,-0.42557177958307024f,0f,-0.904924671131525f,0.6652482253572976f,0f,0f,0f,1f],start_interpolation:0}
execute if entity @s[tag=aj.tultaria.bone.left_hand] run data modify entity @s {} merge value {transformation:[-0.29802750875521444f,-0.8117390424826693f,0.5022542492945979f,0.565964087156402f,-0.8093540331063213f,0.4938483298212192f,0.317899160469675f,1.3192506342805626f,-0.5060885822854458f,-0.3117588074812192f,-0.8041646553027529f,0.07952096688020731f,0f,0f,0f,1f],start_interpolation:0}
execute if entity @s[tag=aj.tultaria.bone.left_arm] run data modify entity @s {} merge value {transformation:[-0.29802750875521444f,-0.9247389249739225f,0.23672246336846645f,0.1979522718100211f,-0.8093540331063213f,0.3762799279574174f,0.450953949878358f,1.3304429861111111f,-0.5060885822854458f,-0.057195598208560905f,-0.8605829480217885f,0.09309382678379662f,0f,0f,0f,1f],start_interpolation:0}
execute if entity @s[tag=aj.tultaria.bone.rod] run data modify entity @s {} merge value {transformation:[-0.16178547620424344f,-0.9742208303080218f,0.3416785528582593f,-0.7880922261925632f,1.025349651726083f,-0.11127506462149897f,0.16822886701954878f,1.2862063807676296f,-0.12045144828754017f,0.3612985383134417f,0.9731288788326056f,-0.4903548395474152f,0f,0f,0f,1f],start_interpolation:0}
execute if entity @s[tag=aj.tultaria.bone.sword] run data modify entity @s {} merge value {transformation:[-0.0000015481863751602244f,0.000008189785940180357f,0.000005525443439380443f,-0.7670297924928433f,0.000009811958389723285f,0.0000019271687732851203f,-1.072057722959659e-7f,1.3163662236778775f,-0.0000011526454381582794f,0.0000054049446595963265f,-0.000008334145530322473f,-0.5330231637150464f,0f,0f,0f,1f],start_interpolation:0}
execute if entity @s[tag=aj.tultaria.bone.right_hand] run data modify entity @s {} merge value {transformation:[-0.15481863751602243f,0.8189785940180356f,0.5525443439380443f,-0.4119072104435445f,0.9811958389723283f,0.192716877328512f,-0.01072057722959659f,1.357135137612122f,-0.11526454381582793f,0.5404944659596326f,-0.8334145530322472f,-0.39184623394158385f,0f,0f,0f,1f],start_interpolation:0}
execute if entity @s[tag=aj.tultaria.bone.right_arm] run data modify entity @s {} merge value {transformation:[-0.15481863751602243f,0.7542206733268287f,0.6381084276234779f,-0.1979522718100211f,0.9811958389723283f,0.1927427960923782f,0.0102440293771741f,1.3304429861111111f,-0.11526454381582793f,0.6276953006681798f,-0.7698783634172429f,-0.09309382678379662f,0f,0f,0f,1f],start_interpolation:0}
execute if entity @s[tag=aj.tultaria.bone.skirt] run data modify entity @s {} merge value {transformation:[-0.808735292045394f,0.17555701735505122f,0.561361702521333f,-0.03552319839917486f,0f,0.9544163125225253f,-0.29847864645717176f,0.780886389014128f,-0.5881727870279713f,-0.24139021531185473f,-0.7718701552407925f,0.0488442594852266f,0f,0f,0f,1f],start_interpolation:0}
execute if entity @s[tag=aj.tultaria.bone.left_foot] run data modify entity @s {} merge value {transformation:[-0.808735292045394f,0.14957620342496958f,0.5688358170590381f,-0.04428101286263214f,0f,0.9671236575451874f,-0.25430656896041726f,0.38775516634078666f,-0.5881727870279713f,-0.2056666973172652f,-0.7821470336288167f,0.27340880335879775f,0f,0f,0f,1f],start_interpolation:0}
execute if entity @s[tag=aj.tultaria.bone.left_leg] run data modify entity @s {} merge value {transformation:[-0.808735292045394f,0.17555701735505122f,0.561361702521333f,0.1026953950453694f,0f,0.9544163125225253f,-0.29847864645717176f,0.768002472262245f,-0.5881727870279713f,-0.24139021531185473f,-0.7718701552407925f,0.07131681475476227f,0f,0f,0f,1f],start_interpolation:0}
execute if entity @s[tag=aj.tultaria.bone.right_foot] run data modify entity @s {} merge value {transformation:[-0.808735292045394f,0.14957620342496958f,0.5688358170590381f,-0.32086450036169933f,0f,0.9671236575451873f,-0.2543065689604171f,0.5123271722263594f,-0.5881727870279713f,-0.2056666973172651f,-0.7821470336288167f,0.228664855588809f,0f,0f,0f,1f],start_interpolation:0}
execute if entity @s[tag=aj.tultaria.bone.right_leg] run data modify entity @s {} merge value {transformation:[-0.808735292045394f,0.3770173582422347f,0.45144782531794053f,-0.09948842796597909f,0f,0.7675428637205403f,-0.6409976227348055f,0.768002472262245f,-0.5881727870279713f,-0.5183973996228363f,-0.6207390020483893f,-0.07572638200223054f,0f,0f,0f,1f],start_interpolation:0}
execute if entity @s[tag=aj.tultaria.bone.lower] run data modify entity @s {} merge value {transformation:[-0.808735292045394f,-0.025655736635122352f,0.5876129768631395f,0f,0f,0.9990482215818578f,0.043619387365336f,0.8304429861111111f,-0.5881727870279713f,0.03527653797974618f,-0.8079655552484353f,0f,0f,0f,0f,1f],start_interpolation:0}