execute if entity @s[tag=aj.tultaria.bone.head] run data modify entity @s {} merge value {transformation:[-0.8236595306436798f,0.21198073989741242f,-0.5259744703808149f,0f,-0.05939111902314098f,0.890159871333973f,0.4517611077194049f,1.15625f,0.5639660207503748f,0.4033355543207544f,-0.7205988884669179f,0f,0f,0f,0f,1f],start_interpolation:0}
execute if entity @s[tag=aj.tultaria.bone.bust] run data modify entity @s {} merge value {transformation:[-0.7696224801992946f,0f,-0.6384992074951122f,0.7040608438472034f,0f,1f,0f,0f,0.6384992074951122f,0f,-0.7696224801992946f,0.06556163635209117f,0f,0f,0f,1f],start_interpolation:0}
execute if entity @s[tag=aj.tultaria.bone.left_wing] run data modify entity @s {} merge value {transformation:[-0.46669538893008217f,0f,-0.8844181216774107f,-0.03171099592443316f,0f,1f,0f,1.0625f,0.8844181216774107f,0f,-0.46669538893008217f,-0.13610901049335633f,0f,0f,0f,1f],start_interpolation:0}
execute if entity @s[tag=aj.tultaria.bone.right_wing] run data modify entity @s {} merge value {transformation:[-0.9553815255033205f,0f,-0.295374576981412f,-0.12791380594934498f,0f,1f,0f,1.0625f,0.295374576981412f,0f,-0.9553815255033205f,-0.056296609556467314f,0f,0f,0f,1f],start_interpolation:0}
execute if entity @s[tag=aj.tultaria.bone.body] run data modify entity @s {} merge value {transformation:[-0.7696224801992946f,0f,-0.6384992074951122f,0.7040608438472034f,0f,1f,0f,0f,0.6384992074951122f,0f,-0.7696224801992946f,0.06556163635209117f,0f,0f,0f,1f],start_interpolation:0}
execute if entity @s[tag=aj.tultaria.bone.left_hand] run data modify entity @s {} merge value {transformation:[-0.8853287292214893f,-0.3784091788987539f,-0.27018426034881043f,0.2334678910484267f,-0.235924727098165f,0.8663188105394378f,-0.44026269618171143f,0.7341623244335027f,0.40066515241373224f,-0.3260340654451685f,-0.8562530138986819f,-0.38631480093641624f,0f,0f,0f,1f],start_interpolation:0}
execute if entity @s[tag=aj.tultaria.bone.left_arm] run data modify entity @s {} merge value {transformation:[-0.8853287292214893f,-0.07319403141285935f,-0.45916846035044295f,0.1683549175435957f,-0.235924727098165f,0.9216804855892667f,0.30796851401984243f,1f,0.40066515241373224f,0.38098256685768034f,-0.833258494941284f,-0.1396717016395558f,0f,0f,0f,1f],start_interpolation:0}
execute if entity @s[tag=aj.tultaria.bone.rod] run data modify entity @s {} merge value {transformation:[0.24033447879001138f,-0.0355238035235875f,0.4370096082329897f,0.9145131775994826f,0.1951746967518436f,-0.43758910716099253f,-0.14290770112863516f,0.917625836225346f,0.39261453876870056f,0.23927773126068996f,-0.1964688048270707f,0.48328737385110776f,0f,0f,0f,1f],start_interpolation:0}
execute if entity @s[tag=aj.tultaria.bone.right_hand] run data modify entity @s {} merge value {transformation:[0.012079004010908334f,-0.6676895548104977f,-0.7443418274281406f,-0.12604044401096948f,0.8934712525684426f,0.341433846211416f,-0.2917739698723266f,0.9244131915329391f,0.4489579250841695f,-0.6615236859389378f,0.6006856036612489f,0.4977754676284386f,0f,0f,0f,1f],start_interpolation:0}
execute if entity @s[tag=aj.tultaria.bone.right_arm] run data modify entity @s {} merge value {transformation:[0.012079004010908334f,-0.3728430491309904f,-0.9278157998098601f,-0.1683549175435957f,0.8934712525684426f,0.4206354407658508f,-0.1574005934089725f,1f,0.4489579250841695f,-0.8270755024098008f,0.33820540329464427f,0.1396717016395558f,0f,0f,0f,1f],start_interpolation:0}