execute if entity @s[tag=aj.tultaria.bone.head] run data modify entity @s {} merge value {transformation:[-0.9825126308402379f,-0.02506518320443423f,0.18450112961801213f,0f,0.004829438561677751f,0.9871337437004852f,0.1598238047696388f,1.4737933333333333f,-0.18613330374377746f,0.15791994376516472f,-0.9697503207520138f,0f,0f,0f,0f,1f],start_interpolation:0}
execute if entity @s[tag=aj.tultaria.bone.bust] run data modify entity @s {} merge value {transformation:[-0.8373976449426428f,0f,0.546594167773967f,0.14540173858433791f,0f,1f,0f,0.3175433333333333f,-0.546594167773967f,0f,-0.8373976449426428f,0.6919959063583049f,0f,0f,0f,1f],start_interpolation:0}
execute if entity @s[tag=aj.tultaria.bone.left_wing] run data modify entity @s {} merge value {transformation:[-0.9021924627680264f,-0.34415956630075073f,-0.26000567887690934f,0.12066162378066103f,-0.3943820669444116f,0.902298633176705f,0.17412628130211621f,1.3800433333333333f,0.17467554321431772f,0.25963699561335474f,-0.9497773871342978f,-0.07051257013195744f,0f,0f,0f,1f],start_interpolation:0}
execute if entity @s[tag=aj.tultaria.bone.right_wing] run data modify entity @s {} merge value {transformation:[-0.2032012525088105f,-0.09916658764602561f,0.9741022733129687f,0.01598691816283071f,0.3943820669444116f,0.902298633176705f,0.17412628130211621f,1.3800433333333333f,-0.8961986589208357f,0.41955114641971025f,-0.14423868859083044f,-0.1388368411037032f,0f,0f,0f,1f],start_interpolation:0}
execute if entity @s[tag=aj.tultaria.bone.body] run data modify entity @s {} merge value {transformation:[-0.8373976449426428f,0f,0.546594167773967f,0.14540173858433791f,0f,1f,0f,0.3175433333333333f,-0.546594167773967f,0f,-0.8373976449426428f,0.6919959063583049f,0f,0f,0f,1f],start_interpolation:0}
execute if entity @s[tag=aj.tultaria.bone.left_hand] run data modify entity @s {} merge value {transformation:[-0.10680071135060754f,-0.8649954452007607f,0.4902820492705616f,0.5472554264551523f,-0.8695167508015409f,0.3204053209704914f,0.3758737159862696f,1.3599262995254884f,-0.48221802966141225f,-0.38616487421273005f,-0.7863475451692664f,0.15692374001608927f,0f,0f,0f,1f],start_interpolation:0}
execute if entity @s[tag=aj.tultaria.bone.left_arm] run data modify entity @s {} merge value {transformation:[-0.10680071135060754f,-0.9497972108323159f,0.29407289291969224f,0.18318073483120312f,-0.8695167508015409f,0.23266403327909901f,0.4356696772714768f,1.3175433333333333f,-0.48221802966141225f,-0.2091714749038569f,-0.8507132689431912f,0.11956747420055527f,0f,0f,0f,1f],start_interpolation:0}
execute if entity @s[tag=aj.tultaria.bone.rod] run data modify entity @s {} merge value {transformation:[-0.19745077093095992f,-1.045405773875573f,0.2706584755537874f,-0.7060360162532535f,1.0666156234867175f,-0.1458170335846006f,0.21490591856285632f,1.2422516961604757f,-0.16870196849926544f,0.3016292592685894f,1.0419575256027815f,-0.5936919050092587f,0f,0f,0f,1f],start_interpolation:0}
execute if entity @s[tag=aj.tultaria.bone.sword] run data modify entity @s {} merge value {transformation:[-0.0000017986406258893112f,0.000007314662856600103f,0.00000657727901135229f,-0.6808257728434437f,0.000009716134222044998f,0.000002365597097463719f,2.6194497081137755e-8f,1.272737402309434f,-0.00000153675882236173f,0.000006395284017676315f,-0.000007532510514771773f,-0.6338029193671318f,0f,0f,0f,1f],start_interpolation:0}
execute if entity @s[tag=aj.tultaria.bone.right_hand] run data modify entity @s {} merge value {transformation:[-0.17986406258893112f,0.7314662856600103f,0.6577279011352289f,-0.34952017148884607f,0.9716134222044996f,0.2365597097463719f,0.0026194497081137753f,1.3312890185288793f,-0.15367588223617298f,0.6395284017676314f,-0.7532510514771773f,-0.4480251357810442f,0f,0f,0f,1f],start_interpolation:0}
execute if entity @s[tag=aj.tultaria.bone.right_arm] run data modify entity @s {} merge value {transformation:[-0.17986406258893112f,0.6388463915430541f,0.7480135072319376f,-0.18318073483120312f,0.9716134222044996f,0.2341710556704667f,0.03363442400636939f,1.3175433333333333f,-0.15367588223617298f,0.7328295877614375f,-0.6628306861637712f,-0.11956747420055527f,0f,0f,0f,1f],start_interpolation:0}
execute if entity @s[tag=aj.tultaria.bone.skirt] run data modify entity @s {} merge value {transformation:[-0.6829078033084479f,0.24696970147967937f,0.6874902899179509f,-0.04411944835765083f,0f,0.9411170233284727f,-0.3380809790587974f,0.7679867362363502f,-0.7305045736889196f,-0.23087813874941268f,-0.6426961590574326f,0.04124480071213667f,0f,0f,0f,1f],start_interpolation:0}
execute if entity @s[tag=aj.tultaria.bone.left_foot] run data modify entity @s {} merge value {transformation:[-0.6829078033084479f,0.2440877906512158f,0.6885187598282551f,-0.10663054510030467f,0f,0.942524913090354f,-0.33413588284412155f,0.3856242441606101f,-0.7305045736889196f,-0.2281840017596079f,-0.6436576179620194f,0.27079752604570445f,0f,0f,0f,1f],start_interpolation:0}
execute if entity @s[tag=aj.tultaria.bone.left_leg] run data modify entity @s {} merge value {transformation:[-0.6829078033084479f,0.24696970147967937f,0.6874902899179509f,0.08735498553679891f,0f,0.9411170233284727f,-0.3380809790587974f,0.7551028194844672f,-0.7305045736889196f,-0.23087813874941268f,-0.6426961590574326f,0.08945132046065733f,0f,0f,0f,1f],start_interpolation:0}
execute if entity @s[tag=aj.tultaria.bone.right_foot] run data modify entity @s {} merge value {transformation:[-0.6829078033084479f,0.2440877906512158f,0.6885187598282552f,-0.3658797004579901f,0f,0.942524913090354f,-0.33413588284412166f,0.5153707330334576f,-0.7305045736889196f,-0.22818400175960793f,-0.6436576179620195f,0.17092583265343197f,0f,0f,0f,1f],start_interpolation:0}
execute if entity @s[tag=aj.tultaria.bone.right_leg] run data modify entity @s {} merge value {transformation:[-0.6829078033084479f,0.49126139621097037f,0.5406469946030203f,-0.08337196529031307f,0f,0.7401007660675525f,-0.6724959896283561f,0.7551028194844672f,-0.7305045736889196f,-0.4592527590108414f,-0.5054205883820918f,-0.09317482296157258f,0f,0f,0f,1f],start_interpolation:0}
execute if entity @s[tag=aj.tultaria.bone.lower] run data modify entity @s {} merge value {transformation:[-0.6829078033084479f,-0.03186416197188662f,0.7298092952013283f,0f,0f,0.9990482215818578f,0.043619387365336f,0.8175433333333333f,-0.7305045736889196f,0.029788020007321874f,-0.682257826399678f,0f,0f,0f,0f,1f],start_interpolation:0}