execute if entity @s[tag=aj.tultaria.bone.head] run data modify entity @s {} merge value {transformation:[-0.7090043851176354f,0.2851219928110808f,-0.6449947527688902f,0f,-0.10774071148761986f,0.8600885118204553f,0.498637835430301f,1.4831699999999999f,0.6969251903698884f,0.42302860547475096f,-0.5790872801037703f,0f,0f,0f,0f,1f],start_interpolation:0}
execute if entity @s[tag=aj.tultaria.bone.bust] run data modify entity @s {} merge value {transformation:[-0.600348762421719f,0f,-0.7997383093604498f,0.7000435358910844f,0f,1f,0f,0.32692f,0.7997383093604498f,0f,-0.600348762421719f,-0.0996947734693654f,0f,0f,0f,1f],start_interpolation:0}
execute if entity @s[tag=aj.tultaria.bone.left_wing] run data modify entity @s {} merge value {transformation:[0.08306519688389902f,0.21854284059521906f,-0.9722855547066468f,-0.062445491018698784f,-0.37331826619812636f,0.9114352738537052f,0.17297171357781685f,1.3894199999999999f,0.9239770804459728f,0.34860402808888213f,0.15729458481060915f,-0.12502723963774298f,0f,0f,0f,1f],start_interpolation:0}
execute if entity @s[tag=aj.tultaria.bone.right_wing] run data modify entity @s {} merge value {transformation:[-0.9104319776343204f,0.39575387494429853f,-0.12038473560810192f,-0.13748908632141366f,0.37331826619812636f,0.9114352738537052f,0.17297171357781685f,1.3894199999999999f,0.17817712037095257f,0.11253715849351263f,-0.977541969295703f,-0.02505995096768676f,0f,0f,0f,1f],start_interpolation:0}
execute if entity @s[tag=aj.tultaria.bone.body] run data modify entity @s {} merge value {transformation:[-0.600348762421719f,0f,-0.7997383093604498f,0.7000435358910844f,0f,1f,0f,0.32692f,0.7997383093604498f,0f,-0.600348762421719f,-0.0996947734693654f,0f,0f,0f,1f],start_interpolation:0}
execute if entity @s[tag=aj.tultaria.bone.left_hand] run data modify entity @s {} merge value {transformation:[-0.44901453489048115f,-0.8201814763685673f,-0.3545254479990994f,0.327128607462262f,-0.8934712525684424f,0.41646327711579534f,0.1681292944366053f,1.3300415801041527f,0.009750296962829863f,0.3922507930340606f,-0.9198066356975726f,-0.487022707125651f,0f,0f,0f,1f],start_interpolation:0}
execute if entity @s[tag=aj.tultaria.bone.left_arm] run data modify entity @s {} merge value {transformation:[-0.44901453489048115f,-0.6220778636607425f,-0.6414086676997526f,0.13132629177975103f,-0.8934712525684424f,0.3204216022937386f,0.31470481028622954f,1.3269199999999999f,0.009750296962829863f,0.7143872397564222f,-0.6996826447628501f,-0.17494275517259839f,0f,0f,0f,1f],start_interpolation:0}
execute if entity @s[tag=aj.tultaria.bone.rod] run data modify entity @s {} merge value {transformation:[0.13041920579070693f,-0.02823510206009927f,-1.1164985080216416f,0.3851820288302865f,1.0046587862214043f,0.4940039878408089f,0.10486225206187241f,1.2022522247467666f,0.4878799674828134f,-1.0097218169629734f,0.0825245316250588f,0.5096616376014054f,0f,0f,0f,1f],start_interpolation:0}
execute if entity @s[tag=aj.tultaria.bone.sword] run data modify entity @s {} merge value {transformation:[0.0000011598545969529273f,-0.000009269601807007005f,-0.000003567803197131202f,0.3720824969592118f,0.000008934712525684426f,0.0000025428310975668947f,-0.000003702015949806885f,1.2128200016248107f,0.000004338853465756246f,-0.0000027583495697208518f,0.00000857705417109603f,0.5634254961089062f,0f,0f,0f,1f],start_interpolation:0}
execute if entity @s[tag=aj.tultaria.bone.right_hand] run data modify entity @s {} merge value {transformation:[0.11598545969529273f,-0.9269601807007004f,-0.3567803197131202f,-0.00702557889661623f,0.8934712525684426f,0.25428310975668944f,-0.37020159498068844f,1.251333191532939f,0.4338853465756246f,-0.27583495697208515f,0.8577054171096029f,0.5134367058755738f,0f,0f,0f,1f],start_interpolation:0}
execute if entity @s[tag=aj.tultaria.bone.right_arm] run data modify entity @s {} merge value {transformation:[0.11598545969529273f,-0.5546805426542337f,-0.823939845340712f,-0.13132629177975103f,0.8934712525684426f,0.4206354407658508f,-0.1574005934089725f,1.3269199999999999f,0.4338853465756246f,-0.7179103854747633f,0.5443787141819809f,0.17494275517259839f,0f,0f,0f,1f],start_interpolation:0}
execute if entity @s[tag=aj.tultaria.bone.skirt] run data modify entity @s {} merge value {transformation:[-0.8191520442889919f,-0.1774352722838594f,-0.5454417040222705f,0.03464163931919707f,0f,0.9509485910757393f,-0.30934895689345177f,0.7773634029030169f,0.5735764363510459f,-0.25340383043793824f,-0.7789714823934283f,0.049473388143990576f,0f,0f,0f,1f],start_interpolation:0}
execute if entity @s[tag=aj.tultaria.bone.left_foot] run data modify entity @s {} merge value {transformation:[-0.8191520442889919f,-0.15848397355630198f,-0.5512465496154791f,0.24663845936554474f,0f,0.961069030524294f,-0.27630837585403356f,0.3871080971671794f,0.5735764363510459f,-0.22633857093500273f,-0.7872616610568148f,0.1343053746762115f,0f,0f,0f,1f],start_interpolation:0}
execute if entity @s[tag=aj.tultaria.bone.left_leg] run data modify entity @s {} merge value {transformation:[-0.8191520442889919f,-0.1774352722838594f,-0.5454417040222705f,0.10083031473857242f,0f,0.9509485910757393f,-0.30934895689345177f,0.7644794861511339f,0.5735764363510459f,-0.25340383043793824f,-0.7789714823934283f,-0.07393023643956502f,0f,0f,0f,1f],start_interpolation:0}
execute if entity @s[tag=aj.tultaria.bone.right_foot] run data modify entity @s {} merge value {transformation:[-0.8191520442889919f,-0.15848397355630192f,-0.5512465496154791f,0.11358380454261084f,0f,0.9610690305242939f,-0.2763083758540334f,0.5131152578403184f,0.5735764363510459f,-0.2263385709350027f,-0.7872616610568149f,0.38014533350835295f,0f,0f,0f,1f],start_interpolation:0}
execute if entity @s[tag=aj.tultaria.bone.right_leg] run data modify entity @s {} merge value {transformation:[-0.8191520442889919f,-0.3726603198589308f,-0.4360208875040334f,-0.10395769633367556f,0f,0.7601792191427744f,-0.6497134405131864f,0.7644794861511339f,0.5735764363510459f,-0.532214092998411f,-0.6227023613868132f,0.06946387264819646f,0f,0f,0f,1f],start_interpolation:0}
execute if entity @s[tag=aj.tultaria.bone.lower] run data modify entity @s {} merge value {transformation:[-0.8191520442889919f,0.02501905276082526f,-0.5730305186777721f,0f,0f,0.9990482215818578f,0.043619387365336f,0.82692f,0.5735764363510459f,0.03573091033094841f,-0.8183723930520606f,0f,0f,0f,0f,1f],start_interpolation:0}