execute if entity @s[tag=aj.tultaria.bone.head] run data modify entity @s {} merge value {transformation:[-0.8089590504628636f,0.1655006234071775f,-0.564087580368561f,0f,-0.04151873617172846f,0.9410719981289408f,0.33564816234310757f,1.15625f,0.5863970064904188f,0.2949458221257564f,-0.7544173333040787f,0f,0f,0f,0f,1f],start_interpolation:0}
execute if entity @s[tag=aj.tultaria.bone.bust] run data modify entity @s {} merge value {transformation:[-0.8192993761903504f,0f,-0.5733659670525473f,0.6963326716214489f,0f,1f,0f,0f,0.5733659670525473f,0f,-0.8192993761903504f,0.12296670456890157f,0f,0f,0f,1f],start_interpolation:0}
execute if entity @s[tag=aj.tultaria.bone.left_wing] run data modify entity @s {} merge value {transformation:[-0.537516268388532f,0f,-0.8432533790134895f,-0.02046453486967148f,0f,1f,0f,1.0625f,0.8432533790134895f,0f,-0.537516268388532f,-0.13824779496457806f,0f,0f,0f,1f],start_interpolation:0}
execute if entity @s[tag=aj.tultaria.bone.right_wing] run data modify entity @s {} merge value {transformation:[-0.9763515809345276f,0f,-0.21618878418328907f,-0.12287695689346534f,0f,1f,0f,1.0625f,0.21618878418328907f,0f,-0.9763515809345276f,-0.06657704908300965f,0f,0f,0f,1f],start_interpolation:0}
execute if entity @s[tag=aj.tultaria.bone.body] run data modify entity @s {} merge value {transformation:[-0.8192993761903504f,0f,-0.5733659670525473f,0.6963326716214489f,0f,1f,0f,0f,0.5733659670525473f,0f,-0.8192993761903504f,0.12296670456890157f,0f,0f,0f,1f],start_interpolation:0}
execute if entity @s[tag=aj.tultaria.bone.left_hand] run data modify entity @s {} merge value {transformation:[-0.9206687397138407f,-0.3298243936056984f,-0.208770067529715f,0.2554682503303537f,-0.19678651368263977f,0.8540760897854565f,-0.4814863454859515f,0.723511300042629f,0.3371114648693525f,-0.40220629313751194f,-0.8512261497476573f,-0.35668697948166805f,0f,0f,0f,1f],start_interpolation:0}
execute if entity @s[tag=aj.tultaria.bone.left_arm] run data modify entity @s {} merge value {transformation:[-0.9206687397138407f,-0.07518103266677567f,-0.3830364004123964f,0.17922173854163914f,-0.19678651368263977f,0.9368495747184499f,0.2891157940730527f,1f,0.3371114648693525f,0.3415562716113068f,-0.8773227305710383f,-0.12542380529274472f,0f,0f,0f,1f],start_interpolation:0}
execute if entity @s[tag=aj.tultaria.bone.rod] run data modify entity @s {} merge value {transformation:[-0.012426502863212766f,-0.28923346402070105f,-1.0040988921999545f,0.27987625449665304f,0.9376667699562741f,0.44006874310224997f,-0.13836737283107528f,0.8987524097621403f,0.4611416382700204f,-0.9026120454741293f,0.2542929114596979f,0.5561162801129863f,0f,0f,0f,1f],start_interpolation:0}
execute if entity @s[tag=aj.tultaria.bone.right_hand] run data modify entity @s {} merge value {transformation:[-0.011891390299725135f,-0.8616496489730068f,-0.5073642451547345f,-0.10666289451256623f,0.8972887750777743f,0.214728207160158f,-0.385700208930734f,0.9310629613308579f,0.4412838643732253f,-0.4598387537762324f,0.7705951411534817f,0.4800011400910844f,0f,0f,0f,1f],start_interpolation:0}
execute if entity @s[tag=aj.tultaria.bone.right_arm] run data modify entity @s {} merge value {transformation:[-0.011891390299725135f,-0.45689784031215314f,-0.8894396878680587f,-0.17922173854163914f,0.8972887750777743f,0.3876750968512338f,-0.21114183242743256f,1f,0.4412838643732253f,-0.8005950179706821f,0.4053593075832306f,0.12542380529274472f,0f,0f,0f,1f],start_interpolation:0}
execute if entity @s[tag=aj.tultaria.bone.skirt] run data modify entity @s {} merge value {transformation:[-0.9581964299858947f,0f,-0.2861111699362441f,0.017881948121015255f,0f,1f,0f,0.453125f,0.2861111699362441f,0f,-0.9581964299858947f,0.05988727687411842f,0f,0f,0f,1f],start_interpolation:0}
execute if entity @s[tag=aj.tultaria.bone.left_foot] run data modify entity @s {} merge value {transformation:[-0.9581964299858947f,0f,-0.2861111699362441f,0.15553844999026734f,0f,1f,0f,0f,0.2861111699362441f,0f,-0.9581964299858947f,0.08401065750620633f,0f,0f,0f,1f],start_interpolation:0}
execute if entity @s[tag=aj.tultaria.bone.left_leg] run data modify entity @s {} merge value {transformation:[-0.9581964299858947f,0f,-0.2861111699362441f,0.11977455374823684f,0f,1f,0f,0.4375f,0.2861111699362441f,0f,-0.9581964299858947f,-0.03576389624203051f,0f,0f,0f,1f],start_interpolation:0}
execute if entity @s[tag=aj.tultaria.bone.right_foot] run data modify entity @s {} merge value {transformation:[-0.9581964299858947f,0f,-0.2861111699362441f,-0.08401065750620633f,0f,1f,0f,0f,0.2861111699362441f,0f,-0.9581964299858947f,0.15553844999026734f,0f,0f,0f,1f],start_interpolation:0}
execute if entity @s[tag=aj.tultaria.bone.right_leg] run data modify entity @s {} merge value {transformation:[-0.9581964299858947f,0f,-0.2861111699362441f,-0.11977455374823684f,0f,1f,0f,0.4375f,0.2861111699362441f,0f,-0.9581964299858947f,0.03576389624203051f,0f,0f,0f,1f],start_interpolation:0}
execute if entity @s[tag=aj.tultaria.bone.lower] run data modify entity @s {} merge value {transformation:[-0.9581964299858947f,0f,-0.2861111699362441f,0f,0f,1f,0f,0.5f,0.2861111699362441f,0f,-0.9581964299858947f,0f,0f,0f,0f,1f],start_interpolation:0}