execute if entity @s[tag=aj.tultaria.bone.head] run data modify entity @s {} merge value {transformation:[-0.7105807092382288f,0.22982779027410236f,-0.6650219864607626f,0f,-0.06193857177051972f,0.9210485138197066f,0.3844908952336035f,1.54234f,0.700884205119165f,0.31440232506810906f,-0.6402441011100712f,0f,0f,0f,0f,1f],start_interpolation:0}
execute if entity @s[tag=aj.tultaria.bone.bust] run data modify entity @s {} merge value {transformation:[-0.45279865972371136f,0f,-0.8916127936231122f,0.6722057266734118f,0f,1f,0f,0.38609000000000004f,0.8916127936231122f,0f,-0.45279865972371136f,-0.2194070669497004f,0f,0f,0f,1f],start_interpolation:0}
execute if entity @s[tag=aj.tultaria.bone.left_wing] run data modify entity @s {} merge value {transformation:[0.062197498751820735f,0.13346657218733612f,-0.9890996639659624f,-0.08315168297015707f,-0.19834987603793613f,0.9729038534880844f,0.11880832691260074f,1.44859f,0.9781558146965914f,0.18879821497196053f,0.08698526426153308f,-0.11232563206690843f,0f,0f,0f,1f],start_interpolation:0}
execute if entity @s[tag=aj.tultaria.bone.right_wing] run data modify entity @s {} merge value {transformation:[-0.826497451906643f,0.2311818078877023f,-0.5132805604088271f,-0.13975151543562103f,0.19834987603793613f,0.9729038534880844f,0.11880832691260074f,1.44859f,0.5268389589500395f,-0.003614356071217323f,-0.8499574387948075f,-0.0008740328640193806f,0f,0f,0f,1f],start_interpolation:0}
execute if entity @s[tag=aj.tultaria.bone.body] run data modify entity @s {} merge value {transformation:[-0.45279865972371136f,0f,-0.8916127936231122f,0.6722057266734118f,0f,1f,0f,0.38609000000000004f,0.8916127936231122f,0f,-0.45279865972371136f,-0.2194070669497004f,0f,0f,0f,1f],start_interpolation:0}
execute if entity @s[tag=aj.tultaria.bone.left_hand] run data modify entity @s {} merge value {transformation:[-0.4814842882453625f,-0.7919016337832786f,-0.3755857859187839f,0.22785507038831143f,-0.8621447413005985f,0.5050522470089445f,0.04035681898936208f,1.3599256230649663f,0.1577318142309303f,0.3432404845040717f,-0.9259085508714286f,-0.5392303495859573f,0f,0f,0f,1f],start_interpolation:0}
execute if entity @s[tag=aj.tultaria.bone.left_arm] run data modify entity @s {} merge value {transformation:[-0.4814842882453625f,-0.44872224452142206f,-0.7528753067039147f,0.09904970681456186f,-0.8621447413005985f,0.3970735027365292f,0.3147047480929825f,1.38609f,0.1577318142309303f,0.8006128781728409f,-0.5780481762649361f,-0.19504029860505578f,0f,0f,0f,1f],start_interpolation:0}
execute if entity @s[tag=aj.tultaria.bone.rod] run data modify entity @s {} merge value {transformation:[0.2383154635084202f,-0.17023843673536979f,-0.9561509370965777f,0.5104235515341069f,0.9034394945822604f,0.4001256481599089f,0.15393682247455437f,1.2467705396690043f,0.35637454943039426f,-0.9005100445539238f,0.2491562565455122f,0.4037246754395569f,0f,0f,0f,1f],start_interpolation:0}
execute if entity @s[tag=aj.tultaria.bone.sword] run data modify entity @s {} merge value {transformation:[0.000002383154635084202f,-0.000009485157100653738f,-0.000002086233151206899f,0.5080916918724627f,0.000009034394945822605f,0.0000029534053599920454f,-0.0000031075882517581436f,1.2604362039445836f,0.000003563745494303943f,-0.0000011441990890960552f,0.000009273107704342707f,0.4583290724733632f,0f,0f,0f,1f],start_interpolation:0}
execute if entity @s[tag=aj.tultaria.bone.right_hand] run data modify entity @s {} merge value {transformation:[0.2383154635084202f,-0.9485157100653736f,-0.20862331512068988f,0.12865224586950558f,0.9034394945822604f,0.2953405359992045f,-0.3107588251758143f,1.3186783875217292f,0.35637454943039426f,-0.11441990890960552f,0.9273107704342707f,0.4767310559027387f,0f,0f,0f,1f],start_interpolation:0}
execute if entity @s[tag=aj.tultaria.bone.right_arm] run data modify entity @s {} merge value {transformation:[0.2383154635084202f,-0.7617234887522911f,-0.6024807603034348f,-0.09904970681456186f,0.9034394945822604f,0.4015143295622461f,-0.15027748595558077f,1.38609f,0.35637454943039426f,-0.5084914648636868f,0.7838581572447052f,0.19504029860505578f,0f,0f,0f,1f],start_interpolation:0}
execute if entity @s[tag=aj.tultaria.bone.skirt] run data modify entity @s {} merge value {transformation:[-0.7595368582715987f,-0.07972235847141246f,-0.6455603042990368f,0.0392853455157102f,0f,0.9924608289187784f,-0.1225622415830069f,0.8365334029030169f,0.6504642656802212f,-0.09309053991468175f,-0.7538105799545957f,0.04587287800954456f,0f,0f,0f,1f],start_interpolation:0}
execute if entity @s[tag=aj.tultaria.bone.left_foot] run data modify entity @s {} merge value {transformation:[-0.7595368582715987f,0.06708871999154299f,-0.6469952585427544f,0.20874237385432148f,0f,0.9946668751528741f,0.10313974730246733f,0.4047681536970443f,0.6504642656802212f,0.07833843962904266f,-0.7554861533804426f,0.05157474221952012f,0f,0f,0f,1f],start_interpolation:0}
execute if entity @s[tag=aj.tultaria.bone.left_leg] run data modify entity @s {} merge value {transformation:[-0.7595368582715987f,-0.07972235847141246f,-0.6455603042990368f,0.09316880398569893f,0f,0.9924608289187784f,-0.1225622415830069f,0.823649486151134f,0.6504642656802212f,-0.09309053991468175f,-0.7538105799545957f,-0.0833786914874776f,0f,0f,0f,1f],start_interpolation:0}
execute if entity @s[tag=aj.tultaria.bone.right_foot] run data modify entity @s {} merge value {transformation:[-0.7595368582715987f,0.06708871999154314f,-0.6469952585427545f,0.11432938135508844f,0f,0.994666875152874f,0.1031397473024675f,0.5046482470462754f,0.6504642656802212f,0.07833843962904269f,-0.7554861533804424f,0.3256710480491207f,0f,0f,0f,1f],start_interpolation:0}
execute if entity @s[tag=aj.tultaria.bone.right_leg] run data modify entity @s {} merge value {transformation:[-0.7595368582715987f,-0.3206990883230729f,-0.565911526367558f,-0.09671541058220073f,0f,0.8700117073699006f,-0.4930310629557839f,0.823649486151134f,0.6504642656802212f,-0.37447526458774294f,-0.6608059588752438f,0.0792373749325777f,0f,0f,0f,1f],start_interpolation:0}
execute if entity @s[tag=aj.tultaria.bone.lower] run data modify entity @s {} merge value {transformation:[-0.7595368582715987f,0.0283728527720144f,-0.649845167830374f,0f,0f,0.9990482215818578f,0.043619387365336f,0.88609f,0.6504642656802212f,0.033130532439199174f,-0.7588139474821123f,0f,0f,0f,0f,1f],start_interpolation:0}