execute if entity @s[tag=aj.tultaria.bone.head] run data modify entity @s {} merge value {transformation:[-0.9988090758335639f,-0.0034502935182346376f,0.04866749949545082f,0f,0.0004538001230898628f,0.9967962453409498f,0.07998149373219587f,1.15625f,-0.048787540396600826f,0.07990832715570406f,-0.9956075708597373f,0f,0f,0f,0f,1f],start_interpolation:0}
execute if entity @s[tag=aj.tultaria.bone.bust] run data modify entity @s {} merge value {transformation:[-0.9780668884195238f,0f,0.20829105064152548f,0.3848879188889992f,0f,1f,0f,0f,-0.20829105064152548f,0f,-0.9780668884195238f,0.5931789695305246f,0f,0f,0f,1f],start_interpolation:0}
execute if entity @s[tag=aj.tultaria.bone.left_wing] run data modify entity @s {} merge value {transformation:[-0.9833255138282282f,0f,-0.1818541554500493f,0.08716556185641094f,0f,1f,0f,1.0625f,0.1818541554500493f,0f,-0.9833255138282282f,-0.10924017038734513f,0f,0f,0f,1f],start_interpolation:0}
execute if entity @s[tag=aj.tultaria.bone.right_wing] run data modify entity @s {} merge value {transformation:[-0.8239064454473688f,0f,0.5667258324360038f,-0.03509279919602948f,0f,1f,0f,1.0625f,-0.5667258324360038f,0f,-0.8239064454473688f,-0.13527655171753583f,0f,0f,0f,1f],start_interpolation:0}
execute if entity @s[tag=aj.tultaria.bone.body] run data modify entity @s {} merge value {transformation:[-0.9780668884195238f,0f,0.20829105064152548f,0.3848879188889992f,0f,1f,0f,0f,-0.20829105064152548f,0f,-0.9780668884195238f,0.5931789695305246f,0f,0f,0f,1f],start_interpolation:0}
execute if entity @s[tag=aj.tultaria.bone.left_hand] run data modify entity @s {} merge value {transformation:[-0.3118374281404445f,-0.9188104779146057f,0.24196017045184673f,0.557729583392305f,-0.8420542323559891f,0.38521477466398496f,0.37756356703466687f,1.0484816104577273f,-0.440115994008533f,-0.08600513388693118f,-0.8938126362739406f,-0.07776023446271624f,0f,0f,0f,1f],start_interpolation:0}
execute if entity @s[tag=aj.tultaria.bone.left_arm] run data modify entity @s {} merge value {transformation:[-0.3118374281404445f,-0.9441276199826254f,-0.10667921820437218f,0.21395213184177084f,-0.8420542323559891f,0.22260864039153072f,0.4913146272953821f,1f,-0.440115994008533f,0.24303997697699267f,-0.8644243641920926f,0.0455636673278337f,0f,0f,0f,1f],start_interpolation:0}
execute if entity @s[tag=aj.tultaria.bone.rod] run data modify entity @s {} merge value {transformation:[-0.3097774371867867f,-0.9775436435277772f,0.0888730628097757f,-0.7011427360959835f,0.9311179304502506f,-0.3221415560666525f,-0.2978191973895635f,1.1185992114868815f,0.31065961419018445f,-0.009235785735919155f,0.981252954776602f,-0.5762214020273817f,0f,0f,0f,1f],start_interpolation:0}
execute if entity @s[tag=aj.tultaria.bone.right_hand] run data modify entity @s {} merge value {transformation:[-0.30096024257995213f,0.5868762890954051f,0.7516642559572875f,-0.38710609569054555f,0.9046155225626723f,-0.07376795870356398f,0.41979643234235875f,1.1434107810158398f,0.3018173101809762f,0.8063091898064387f,-0.5086961781936294f,-0.33744247812417083f,0f,0f,0f,1f],start_interpolation:0}
execute if entity @s[tag=aj.tultaria.bone.right_arm] run data modify entity @s {} merge value {transformation:[-0.30096024257995213f,0.6193955026628696f,0.72510147129021f,-0.21395213184177084f,0.9046155225626723f,-0.055217105127337573f,0.42263675613938245f,1f,0.3018173101809762f,0.7831349070130684f,-0.5436966329606547f,-0.0455636673278337f,0f,0f,0f,1f],start_interpolation:0}
execute if entity @s[tag=aj.tultaria.bone.skirt] run data modify entity @s {} merge value {transformation:[-0.9993772160483045f,0f,0.03528710874441753f,-0.0022054442965260958f,0f,1f,0f,0.453125f,-0.03528710874441753f,0f,-0.9993772160483045f,0.062461076003019034f,0f,0f,0f,1f],start_interpolation:0}
execute if entity @s[tag=aj.tultaria.bone.left_foot] run data modify entity @s {} merge value {transformation:[-0.9993772160483045f,-0.013503791892553872f,0.032601037530467405f,0.12051126341298588f,0f,0.9238795325112867f,0.3826834323650897f,0f,-0.03528710874441753f,0.382445103264833f,-0.9233041551651388f,0.12933304059909026f,0f,0f,0f,1f],start_interpolation:0}
execute if entity @s[tag=aj.tultaria.bone.left_leg] run data modify entity @s {} merge value {transformation:[-0.9993772160483045f,0f,0.03528710874441753f,0.12492215200603807f,0f,1f,0f,0.4375f,-0.03528710874441753f,0f,-0.9993772160483045f,0.0044108885930521915f,0f,0f,0f,1f],start_interpolation:0}
execute if entity @s[tag=aj.tultaria.bone.right_foot] run data modify entity @s {} merge value {transformation:[-0.9993772160483045f,-0.013503791892553877f,0.032601037530467405f,-0.13490519065033882f,0f,0.9238795325112867f,0.38268343236508984f,0.08113813357194827f,-0.03528710874441753f,0.38244510326483316f,-0.9233041551651386f,0.2783218634809546f,0f,0f,0f,1f],start_interpolation:0}
execute if entity @s[tag=aj.tultaria.bone.right_leg] run data modify entity @s {} merge value {transformation:[-0.9993772160483045f,0.013503791892553872f,0.032601037530467405f,-0.12492215200603807f,0f,0.9238795325112867f,-0.3826834323650897f,0.4375f,-0.03528710874441753f,-0.382445103264833f,-0.9233041551651388f,-0.0044108885930521915f,0f,0f,0f,1f],start_interpolation:0}
execute if entity @s[tag=aj.tultaria.bone.lower] run data modify entity @s {} merge value {transformation:[-0.9993772160483045f,0f,0.03528710874441753f,0f,0f,1f,0f,0.5f,-0.03528710874441753f,0f,-0.9993772160483045f,0f,0f,0f,0f,1f],start_interpolation:0}