execute if entity @s[tag=aj.tultaria.bone.head] run data modify entity @s {} merge value {transformation:[-0.9991416558607927f,0.010237879105314124f,-0.0401389755123184f,0f,0.0036060344442324713f,0.9867954578846613f,0.16193122247975758f,1.5533333333333332f,0.04126679099882291f,0.16164748723573377f,-0.9859853659314792f,0f,0f,0f,0f,1f],start_interpolation:0}
execute if entity @s[tag=aj.tultaria.bone.bust] run data modify entity @s {} merge value {transformation:[-0.9758093586086842f,0f,-0.21862318187170487f,0.5972162702401945f,0f,1f,0f,0.39708333333333334f,0.21862318187170487f,0f,-0.9758093586086842f,0.3785930883684897f,0f,0f,0f,1f],start_interpolation:0}
execute if entity @s[tag=aj.tultaria.bone.left_wing] run data modify entity @s {} merge value {transformation:[-0.741296955315017f,-0.052502816397618335f,-0.669120525997375f,0.03366018717907959f,-0.1588882009887774f,0.9823256757029749f,0.09894850398689042f,1.4595833333333332f,0.6520991976894588f,0.1796655813588451f,-0.7365371105706437f,-0.13564011869306702f,0f,0f,0f,1f],start_interpolation:0}
execute if entity @s[tag=aj.tultaria.bone.right_wing] run data modify entity @s {} merge value {transformation:[-0.9486653286686679f,0.12414170790653001f,0.29090020718455745f,-0.08831598264700591f,0.1588882009887774f,0.9823256757029749f,0.09894850398689042f,1.4595833333333332f,-0.27347510630497707f,0.14008962564281338f,-0.9516229626373767f,-0.10831222095910392f,0f,0f,0f,1f],start_interpolation:0}
execute if entity @s[tag=aj.tultaria.bone.body] run data modify entity @s {} merge value {transformation:[-0.9758093586086842f,0f,-0.21862318187170487f,0.5972162702401945f,0f,1f,0f,0.39708333333333334f,0.21862318187170487f,0f,-0.9758093586086842f,0.3785930883684897f,0f,0f,0f,1f],start_interpolation:0}
execute if entity @s[tag=aj.tultaria.bone.left_hand] run data modify entity @s {} merge value {transformation:[-0.8663876498166103f,-0.46618510609565533f,0.17900806434301594f,0.4498454111842263f,-0.4897082134676455f,0.8633379653213733f,-0.1217925420421056f,1.2131417290301831f,-0.09776658891245829f,-0.19318127365077037f,-0.9762800262235671f,-0.262367070861912f,0f,0f,0f,1f],start_interpolation:0}
execute if entity @s[tag=aj.tultaria.bone.left_arm] run data modify entity @s {} merge value {transformation:[-0.8663876498166103f,-0.484439811721654f,-0.12120441025119151f,0.21345829719564968f,-0.4897082134676455f,0.7766976969530752f,0.3961395627933616f,1.3970833333333332f,-0.09776658891245829f,0.4025652200164307f,-0.9101554470119626f,-0.04782382103443544f,0f,0f,0f,1f],start_interpolation:0}
execute if entity @s[tag=aj.tultaria.bone.rod] run data modify entity @s {} merge value {transformation:[-0.09772648345878394f,-0.21502016862628032f,0.4406992869459922f,-0.9146850655447751f,0.49023168752233615f,-0.05298166206877923f,0.0828603405341314f,1.3506458482606194f,0.011064672601689203f,0.44828480965604417f,0.2211748232775643f,0.14829678879244745f,0f,0f,0f,1f],start_interpolation:0}
execute if entity @s[tag=aj.tultaria.bone.sword] run data modify entity @s {} merge value {transformation:[-0.000001954529669175679f,0.000009677224872283394f,-0.0000015909533442472947f,-0.9282505645621083f,0.000009804633750446723f,0.0000019647539284667033f,-9.433461811907563e-8f,1.3808431352083321f,2.212934520337841e-7f,-0.0000015783094664337199f,-0.000009872181543926993f,0.10271247984289525f,0f,0f,0f,1f],start_interpolation:0}
execute if entity @s[tag=aj.tultaria.bone.right_hand] run data modify entity @s {} merge value {transformation:[-0.1954529669175679f,0.9677224872283394f,-0.15909533442472945f,-0.5716760496372391f,0.9804633750446723f,0.19647539284667032f,-0.009433461811907563f,1.4231449378516323f,0.022129345203378406f,-0.15783094664337197f,-0.9872181543926991f,-0.03429208549790444f,0f,0f,0f,1f],start_interpolation:0}
execute if entity @s[tag=aj.tultaria.bone.right_arm] run data modify entity @s {} merge value {transformation:[-0.1954529669175679f,0.9802091077029444f,-0.03143633088192252f,-0.21345829719564968f,0.9804633750446723f,0.19602608526951815f,0.016289385805418055f,1.3970833333333332f,0.022129345203378406f,-0.027638362290576923f,-0.9993730099471192f,0.04782382103443544f,0f,0f,0f,1f],start_interpolation:0}
execute if entity @s[tag=aj.tultaria.bone.skirt] run data modify entity @s {} merge value {transformation:[-0.9876660002268451f,-0.013646449766933702f,-0.15597963458305736f,0.009456508272518906f,0f,0.9961946980917455f,-0.08715574274765828f,0.8475267362363502f,0.15657545144723534f,-0.08608076383637953f,-0.9839076329114639f,0.05965093260343102f,0f,0f,0f,1f],start_interpolation:0}
execute if entity @s[tag=aj.tultaria.bone.left_foot] run data modify entity @s {} merge value {transformation:[-0.9876660002268451f,0.02718904181118932f,-0.15419671851662392f,0.1484991682949851f,0f,0.9848077530122081f,0.1736481776669302f,0.40970210691278586f,0.15657545144723534f,0.1715064010829775f,-0.9726611344099544f,0.13838427024572791f,0f,0f,0f,1f],start_interpolation:0}
execute if entity @s[tag=aj.tultaria.bone.left_leg] run data modify entity @s {} merge value {transformation:[-0.9876660002268451f,-0.013646449766933702f,-0.15597963458305736f,0.12303139219906943f,0f,0.9961946980917455f,-0.08715574274765828f,0.8346428194844673f,0.15657545144723534f,-0.08608076383637953f,-0.9839076329114639f,-0.022264518046621093f,0f,0f,0f,1f],start_interpolation:0}
execute if entity @s[tag=aj.tultaria.bone.right_foot] run data modify entity @s {} merge value {transformation:[-0.9876660002268451f,0.0271890418111893f,-0.15419671851662392f,-0.07489399996427878f,0f,0.9848077530122081f,0.17364817766693003f,0.5042941566233745f,0.15657545144723534f,0.17150640108297738f,-0.9726611344099545f,0.3259115151361254f,0f,0f,0f,1f],start_interpolation:0}
execute if entity @s[tag=aj.tultaria.bone.right_leg] run data modify entity @s {} merge value {transformation:[-0.9876660002268451f,-0.07229849757241034f,-0.13888412164346842f,-0.12388510785764185f,0f,0.8870108331782217f,-0.4617486132350342f,0.8346428194844673f,0.15657545144723534f,-0.4560534059441387f,-0.8760704417630156f,0.01687934481518774f,0f,0f,0f,1f],start_interpolation:0}
execute if entity @s[tag=aj.tultaria.bone.lower] run data modify entity @s {} merge value {transformation:[-0.9876660002268451f,0.006829725268579318f,-0.15642642631173698f,0f,0f,0.9990482215818578f,0.043619387365336f,0.8970833333333333f,0.15657545144723534f,0.04308138585146679f,-0.9867259610434964f,0f,0f,0f,0f,1f],start_interpolation:0}