execute if entity @s[tag=aj.tultaria.bone.head] run data modify entity @s {} merge value {transformation:[-0.9133350660338883f,0.12090053104756186f,-0.3888471663073948f,0f,-0.04035869890072551f,0.9233310693931467f,0.3818781372589282f,1.15625f,0.4052039394871597f,0.3644760594136819f,-0.8384312551058438f,0f,0f,0f,0f,1f],start_interpolation:0}
execute if entity @s[tag=aj.tultaria.bone.bust] run data modify entity @s {} merge value {transformation:[-0.7928805061061741f,0f,-0.6093771435136186f,0.7011288248098964f,0f,1f,0f,0f,0.6093771435136186f,0f,-0.7928805061061741f,0.09175168129627775f,0f,0f,0f,1f],start_interpolation:0}
execute if entity @s[tag=aj.tultaria.bone.left_wing] run data modify entity @s {} merge value {transformation:[-0.4993275344340591f,0f,-0.8664133040045054f,-0.026617111307566388f,0f,1f,0f,1.0625f,0.8664133040045054f,0f,-0.4993275344340591f,-0.13719613473287295f,0f,0f,0f,1f],start_interpolation:0}
execute if entity @s[tag=aj.tultaria.bone.right_wing] run data modify entity @s {} merge value {transformation:[-0.96572460820331f,0f,-0.25956883694034505f,-0.12572717457083815f,0f,1f,0f,1.0625f,0.25956883694034505f,0f,-0.96572460820331f,-0.06102399179367057f,0f,0f,0f,1f],start_interpolation:0}
execute if entity @s[tag=aj.tultaria.bone.body] run data modify entity @s {} merge value {transformation:[-0.7928805061061741f,0f,-0.6093771435136186f,0.7011288248098964f,0f,1f,0f,0f,0.6093771435136186f,0f,-0.7928805061061741f,0.09175168129627775f,0f,0f,0f,1f],start_interpolation:0}
execute if entity @s[tag=aj.tultaria.bone.left_hand] run data modify entity @s {} merge value {transformation:[-0.8983697368719402f,-0.3701372971519763f,-0.23649565985377094f,0.2494802841336215f,-0.24437852992463485f,0.8685822384593949f,-0.43109631075287713f,0.7365621483018506f,0.3649807528959784f,-0.3294894175689054f,-0.8707616055646852f,-0.379392611253857f,0f,0f,0f,1f],start_interpolation:0}
execute if entity @s[tag=aj.tultaria.bone.left_arm] run data modify entity @s {} merge value {transformation:[-0.8983697368719402f,-0.09325247705372647f,-0.4292269695580476f,0.1734426107107256f,-0.24437852992463485f,0.9181090362492574f,0.31201751820904894f,1f,0.3649807528959784f,0.3852009515575008f,-0.8475902765692165f,-0.13330125014360406f,0f,0f,0f,1f],start_interpolation:0}
execute if entity @s[tag=aj.tultaria.bone.rod] run data modify entity @s {} merge value {transformation:[0.0686058595012715f,-0.2431448796271159f,-0.052324024627385016f,0.443815545607176f,-0.04089346507169311f,0.042511680174863134f,-0.25116624288136413f,0.15946657036323197f,0.24532623291552424f,0.0750821187755484f,-0.02723444296570857f,0.919555558588092f,0f,0f,0f,1f],start_interpolation:0}
execute if entity @s[tag=aj.tultaria.bone.right_hand] run data modify entity @s {} merge value {transformation:[-0.2788253730546584f,-0.40897230322796024f,-0.8689062472633905f,-0.30741911862883153f,0.7371799676900609f,0.4887328336142055f,-0.4665896618913778f,0.8283570645887443f,0.6154852610561943f,-0.7706373158236285f,0.16521507462317636f,0.43050687853828506f,0f,0f,0f,1f],start_interpolation:0}
execute if entity @s[tag=aj.tultaria.bone.right_arm] run data modify entity @s {} merge value {transformation:[-0.2788253730546584f,0.05218208585711226f,-0.9589230632623933f,-0.1734426107107256f,0.7371799676900609f,0.651585333766162f,-0.17889172160086134f,1f,0.6154852610561943f,-0.7567784238047754f,-0.22014611213044022f,0.13330125014360406f,0f,0f,0f,1f],start_interpolation:0}