execute if entity @s[tag=aj.tultaria.bone.head] run data modify entity @s {} merge value {transformation:[-0.9992412603672779f,-0.014722904295226505f,-0.03605744955938239f,0f,-0.022915820470209614f,0.9708366781478658f,0.23864410643255862f,1.47655072f,0.0314923602130886f,0.23928932373160913f,-0.9704374533148843f,0f,0f,0f,0f,1f],start_interpolation:0}
execute if entity @s[tag=aj.tultaria.bone.bust] run data modify entity @s {} merge value {transformation:[-0.937961730169272f,0f,0.3467387961244972f,0.2956114670223874f,0f,1f,0f,0.32030072f,-0.3467387961244972f,0f,-0.937961730169272f,0.6423502631468846f,0f,0f,0f,1f],start_interpolation:0}
execute if entity @s[tag=aj.tultaria.bone.left_wing] run data modify entity @s {} merge value {transformation:[-0.8470334785138858f,-0.2762439274237348f,-0.45411846344117823f,0.10196495765114166f,-0.3883936118331426f,0.9049225414691724f,0.1739701015352355f,1.38280072f,0.36288384996286693f,0.3237352104768406f,-0.873791064805336f,-0.095574041513378f,0f,0f,0f,1f],start_interpolation:0}
execute if entity @s[tag=aj.tultaria.bone.right_wing] run data modify entity @s {} merge value {transformation:[-0.40731977240386175f,-0.0007557973847365229f,0.9132852959394339f,-0.015280258620017362f,0.3883936118331426f,0.9049225414691724f,0.1739701015352355f,1.38280072f,-0.8265839372357003f,0.4255756368864261f,-0.3682992967582756f,-0.13891639102894004f,0f,0f,0f,1f],start_interpolation:0}
execute if entity @s[tag=aj.tultaria.bone.body] run data modify entity @s {} merge value {transformation:[-0.937961730169272f,0f,0.3467387961244972f,0.2956114670223874f,0f,1f,0f,0.32030072f,-0.3467387961244972f,0f,-0.937961730169272f,0.6423502631468846f,0f,0f,0f,1f],start_interpolation:0}
execute if entity @s[tag=aj.tultaria.bone.left_hand] run data modify entity @s {} merge value {transformation:[-0.07306603025205337f,-0.9532235845535683f,0.2933021532039146f,0.564174864382416f,-0.908951424769304f,0.1846784969127292f,0.37376618384747906f,1.4016571821421753f,-0.41044934234696784f,-0.23928779874640826f,-0.879927659945998f,0.060184656102713355f,0f,0f,0f,1f],start_interpolation:0}
execute if entity @s[tag=aj.tultaria.bone.left_arm] run data modify entity @s {} merge value {transformation:[-0.07306603025205337f,-0.9886760758166271f,0.13107620810445092f,0.20517912847452824f,-0.908951424769304f,0.12010274045658642f,0.39922755308804814f,1.32030072f,-0.41044934234696784f,-0.0899719336385138f,-0.9074339582164028f,0.07584911165223376f,0f,0f,0f,1f],start_interpolation:0}
execute if entity @s[tag=aj.tultaria.bone.rod] run data modify entity @s {} merge value {transformation:[-0.29252930096920654f,-0.3178075248345447f,0.9733593766173971f,-0.8882016697897106f,1.0236245992442414f,-0.06609622519791508f,0.28605499410542135f,1.2217210587846714f,-0.024955534707425443f,1.0142155377379736f,0.32364726959197376f,-0.11345438274881048f,0f,0f,0f,1f],start_interpolation:0}
execute if entity @s[tag=aj.tultaria.bone.sword] run data modify entity @s {} merge value {transformation:[-0.000002747022253527166f,0.000009612991463085934f,-2.1038980313572959e-7f,-0.8977723165341818f,0.000009612437263772627f,0.0000027402159277749957f,-3.037540439297099e-7f,1.2503360781530402f,-2.3434715415801585e-7f,-2.856777901853455e-7f,-0.000009993171148916287f,-0.16102970736609934f,0f,0f,0f,1f],start_interpolation:0}
execute if entity @s[tag=aj.tultaria.bone.right_hand] run data modify entity @s {} merge value {transformation:[-0.2747022253527166f,0.9612991463085934f,-0.021038980313572958f,-0.5303443624631847f,0.9612437263772626f,0.27402159277749955f,-0.030375404392970984f,1.3206822305271122f,-0.023434715415801582f,-0.02856777901853455f,-0.9993171148916286f,-0.24908193924221447f,0f,0f,0f,1f],start_interpolation:0}
execute if entity @s[tag=aj.tultaria.bone.right_arm] run data modify entity @s {} merge value {transformation:[-0.2747022253527166f,0.933676550985533f,0.22975374975400212f,-0.20517912847452824f,0.9612437263772626f,0.2724893150997518f,0.04195320794435712f,1.32030072f,-0.023434715415801582f,0.23237399014568622f,-0.9723441483431433f,-0.07584911165223376f,0f,0f,0f,1f],start_interpolation:0}
execute if entity @s[tag=aj.tultaria.bone.skirt] run data modify entity @s {} merge value {transformation:[-0.780311037180392f,0.20616845629079983f,0.5904314125155685f,-0.03777106197369182f,0f,0.94409868702156f,-0.3296629629851776f,0.7707441229030169f,-0.6253916255071384f,-0.25723964856692505f,-0.7366906256704397f,0.0471275523080376f,0f,0f,0f,1f],start_interpolation:0}
execute if entity @s[tag=aj.tultaria.bone.left_foot] run data modify entity @s {} merge value {transformation:[-0.780311037180392f,0.1984048948523209f,0.5930853083268042f,-0.06475879657111994f,0f,0.9483422612924556f,-0.3172490432557867f,0.38602490095234865f,-0.6253916255071384f,-0.24755292998740988f,-0.7400019335111143f,0.28067533455796334f,0f,0f,0f,1f],start_interpolation:0}
execute if entity @s[tag=aj.tultaria.bone.left_leg] run data modify entity @s {} merge value {transformation:[-0.780311037180392f,0.20616845629079983f,0.5904314125155685f,0.09924382962055106f,0f,0.94409868702156f,-0.3296629629851776f,0.7578602061511339f,-0.6253916255071384f,-0.25723964856692505f,-0.7366906256704397f,0.07604666010112865f,0f,0f,0f,1f],start_interpolation:0}
execute if entity @s[tag=aj.tultaria.bone.right_foot] run data modify entity @s {} merge value {transformation:[-0.780311037180392f,0.1984048948523209f,0.5930853083268042f,-0.33634283251774566f,0f,0.9483422612924555f,-0.3172490432557867f,0.5146840364299675f,-0.6253916255071384f,-0.24755292998740988f,-0.7400019335111143f,0.2197855213981341f,0f,0f,0f,1f],start_interpolation:0}
execute if entity @s[tag=aj.tultaria.bone.right_leg] run data modify entity @s {} merge value {transformation:[-0.780311037180392f,0.41642313653414376f,0.4665902448760869f,-0.09583392967454693f,0f,0.7460768994111852f,-0.6658597901698167f,0.7578602061511339f,-0.6253916255071384f,-0.5195777434841278f,-0.5821720391958729f,-0.08030124627565596f,0f,0f,0f,1f],start_interpolation:0}
execute if entity @s[tag=aj.tultaria.bone.lower] run data modify entity @s {} merge value {transformation:[-0.780311037180392f,-0.027279199568033017f,0.6247963912550939f,0f,0f,0.9990482215818578f,0.043619387365336f,0.82030072f,-0.6253916255071384f,0.03403668939621862f,-0.7795683539757655f,0f,0f,0f,0f,1f],start_interpolation:0}