execute if entity @s[tag=aj.tultaria.bone.head] run data modify entity @s {} merge value {transformation:[-0.9975870901684152f,-0.0038677322648872133f,0.0693183826732983f,0f,0.006818340314536186f,0.9881621538242823f,0.15326143671749443f,1.52003f,-0.06909057652581749f,0.15336426701315573f,-0.9857514361332922f,0f,0f,0f,0f,1f],start_interpolation:0}
execute if entity @s[tag=aj.tultaria.bone.bust] run data modify entity @s {} merge value {transformation:[-0.9944145042338224f,0f,0.10554522144276092f,0.44443464139553074f,0f,1f,0f,0.36378f,-0.10554522144276092f,0f,-0.9944145042338224f,0.5499798628382917f,0f,0f,0f,1f],start_interpolation:0}
execute if entity @s[tag=aj.tultaria.bone.left_wing] run data modify entity @s {} merge value {transformation:[-0.8454616525741063f,-0.16216052513601534f,-0.5088207524406538f,0.07534405919495907f,-0.27225193512724677f,0.9505511214203548f,0.149437108463645f,1.42628f,0.45942733685114f,0.26487077916243906f,-0.8478030387417539f,-0.11770523668905519f,0f,0f,0f,1f],start_interpolation:0}
execute if entity @s[tag=aj.tultaria.bone.right_wing] run data modify entity @s {} merge value {transformation:[-0.7301860810662721f,0.10294825994830306f,0.6754479571297083f,-0.04895775383426876f,0.27225193512724677f,0.9505511214203548f,0.149437108463645f,1.42628f,-0.6266635228226939f,0.29300891000125306f,-0.7221070611919875f,-0.13089838936940035f,0f,0f,0f,1f],start_interpolation:0}
execute if entity @s[tag=aj.tultaria.bone.body] run data modify entity @s {} merge value {transformation:[-0.9944145042338224f,0f,0.10554522144276092f,0.44443464139553074f,0f,1f,0f,0.36378f,-0.10554522144276092f,0f,-0.9944145042338224f,0.5499798628382917f,0f,0f,0f,1f],start_interpolation:0}
execute if entity @s[tag=aj.tultaria.bone.left_hand] run data modify entity @s {} merge value {transformation:[-0.6499860558157249f,-0.6432675443706803f,0.40462945222071045f,0.5452832257971014f,-0.6597738357967051f,0.741887720457783f,0.11958718924724637f,1.2576084747135252f,-0.3771161795033724f,-0.18923392030307157f,-0.9066277684714446f,-0.10747392195692727f,0f,0f,0f,1f],start_interpolation:0}
execute if entity @s[tag=aj.tultaria.bone.left_arm] run data modify entity @s {} merge value {transformation:[-0.6499860558157249f,-0.7565081888326248f,0.072204483754813f,0.21752817280114864f,-0.6597738357967051f,0.6089043855043255f,0.4403793079967564f,1.36378f,-0.3771161795033724f,0.23860178025903606f,-0.8949036694605733f,0.02308801719060395f,0f,0f,0f,1f],start_interpolation:0}
execute if entity @s[tag=aj.tultaria.bone.rod] run data modify entity @s {} merge value {transformation:[-0.195230565330449f,-0.5858153631898004f,0.581213718533515f,-0.9118904435261879f,0.8247774920322665f,-0.1189479826178347f,0.15715427473699833f,1.2922740209424313f,-0.02703913825768015f,0.6014779610941282f,0.5971575565295414f,-0.1309236806959454f,0f,0f,0f,1f],start_interpolation:0}
execute if entity @s[tag=aj.tultaria.bone.sword] run data modify entity @s {} merge value {transformation:[-0.0000023022472326703897f,0.00000965295012977704f,0.0000012329685607099046f,-0.9133054259999551f,0.000009726149670191823f,0.000002323981858930711f,-3.348002969659689e-8f,1.322511301022578f,-3.1885776247264334e-7f,0.0000011914957454386822f,-0.000009923641852460844f,-0.1784371823870826f,0f,0f,0f,1f],start_interpolation:0}
execute if entity @s[tag=aj.tultaria.bone.right_hand] run data modify entity @s {} merge value {transformation:[-0.23022472326703894f,0.9652950129777039f,0.12329685607099045f,-0.534492706650675f,0.9726149670191823f,0.23239818589307107f,-0.0033480029696596886f,1.3790048402811255f,-0.03188577624726433f,0.11914957454386821f,-0.9923641852460843f,-0.21028811339775533f,0f,0f,0f,1f],start_interpolation:0}
execute if entity @s[tag=aj.tultaria.bone.right_arm] run data modify entity @s {} merge value {transformation:[-0.23022472326703894f,0.9338966412601507f,0.2735573801593101f,-0.21752817280114864f,0.9726149670191823f,0.23003328789336142f,0.03323871825514886f,1.36378f,-0.03188577624726433f,0.273718376993544f,-0.9612812009860224f,-0.02308801719060395f,0f,0f,0f,1f],start_interpolation:0}
execute if entity @s[tag=aj.tultaria.bone.skirt] run data modify entity @s {} merge value {transformation:[-0.9751009967149086f,0.04299771233141969f,0.2175528509118106f,-0.013393459525025141f,0f,0.981022896163595f,-0.19389192144798728f,0.8142234029030169f,-0.22176123693195796f,-0.18906420585890116f,-0.9565964038492677f,0.05889205847241886f,0f,0f,0f,1f],start_interpolation:0}
execute if entity @s[tag=aj.tultaria.bone.left_foot] run data modify entity @s {} merge value {transformation:[-0.9751009967149086f,0.009131711770509691f,0.2215731437826623f,0.07648658716141307f,0f,0.9991518213376787f,-0.04117812426033471f,0.3963784592605596f,-0.22176123693195796f,-0.04015283000910272f,-0.9742739368558868f,0.22735196340492042f,0f,0f,0f,1f],start_interpolation:0}
execute if entity @s[tag=aj.tultaria.bone.left_leg] run data modify entity @s {} merge value {transformation:[-0.9751009967149086f,0.04299771233141969f,0.2175528509118106f,0.12249219267038551f,0f,0.981022896163595f,-0.19389192144798728f,0.8013394861511339f,-0.22176123693195796f,-0.18906420585890116f,-0.9565964038492677f,0.025061822860492692f,0f,0f,0f,1f],start_interpolation:0}
execute if entity @s[tag=aj.tultaria.bone.right_foot] run data modify entity @s {} merge value {transformation:[-0.9751009967149086f,0.009131711770509657f,0.2215731437826623f,-0.1981534486736527f,0f,0.9991518213376787f,-0.041178124260334514f,0.506594094462073f,-0.22176123693195796f,-0.04015283000910258f,-0.9742739368558867f,0.30762646460664694f,0f,0f,0f,1f],start_interpolation:0}
execute if entity @s[tag=aj.tultaria.bone.right_leg] run data modify entity @s {} merge value {transformation:[-0.9751009967149086f,0.12297857807554911f,0.1845381140580668f,-0.12128305650834163f,0f,0.8321477486829126f,-0.5545539868777071f,0.8013394861511339f,-0.22176123693195796f,-0.5407461453366785f,-0.8114280991547753f,-0.030378486372496797f,0f,0f,0f,1f],start_interpolation:0}
execute if entity @s[tag=aj.tultaria.bone.lower] run data modify entity @s {} merge value {transformation:[-0.9751009967149086f,-0.00967308929635113f,0.2215501693726656f,0f,0f,0.9990482215818578f,0.043619387365336f,0.86378f,-0.22176123693195796f,0.042533308096032826f,-0.9741729166307264f,0f,0f,0f,0f,1f],start_interpolation:0}