execute if entity @s[tag=aj.tultaria.bone.head] run data modify entity @s {} merge value {transformation:[-0.9925759610616507f,-0.010558401316504408f,0.12116716421613702f,0f,0.007902238483097918f,0.988521661264983f,0.15087239587437637f,1.494870625f,-0.12136933776492695f,0.15070980516063956f,-0.9810994029551466f,0f,0f,0f,0f,1f],start_interpolation:0}
execute if entity @s[tag=aj.tultaria.bone.bust] run data modify entity @s {} merge value {transformation:[-0.945349192419185f,0f,0.32605966385371044f,0.3096447642827373f,0f,1f,0f,0.338620625f,-0.32605966385371044f,0f,-0.945349192419185f,0.6357044281364477f,0f,0f,0f,1f],start_interpolation:0}
execute if entity @s[tag=aj.tultaria.bone.left_wing] run data modify entity @s {} merge value {transformation:[-0.8792651781426489f,-0.25410694725319205f,-0.40289254878123437f,0.09984178250791287f,-0.3443065131861158f,0.923534548321467f,0.16892886974784105f,1.401120625f,0.329159188666206f,0.2872518014118056f,-0.8995224461358804f,-0.0977899200615413f,0f,0f,0f,1f],start_interpolation:0}
execute if entity @s[tag=aj.tultaria.bone.right_wing] run data modify entity @s {} merge value {transformation:[-0.4893869768805198f,0.02299110728746609f,0.8717636123660139f,-0.018326866544485232f,0.3443065131861158f,0.923534548321467f,0.16892886974784105f,1.401120625f,-0.8012199522212142f,0.3828254785700139f,-0.45988176863219454f,-0.13854737804325512f,0f,0f,0f,1f],start_interpolation:0}
execute if entity @s[tag=aj.tultaria.bone.body] run data modify entity @s {} merge value {transformation:[-0.945349192419185f,0f,0.32605966385371044f,0.3096447642827373f,0f,1f,0f,0.338620625f,-0.32605966385371044f,0f,-0.945349192419185f,0.6357044281364477f,0f,0f,0f,1f],start_interpolation:0}
execute if entity @s[tag=aj.tultaria.bone.left_hand] run data modify entity @s {} merge value {transformation:[-0.40792103486969156f,-0.7819984322569496f,0.47125246021481193f,0.5695365163239652f,-0.7742415014381913f,0.5698328743327314f,0.2753917079006424f,1.301609233136026f,-0.48389102777544357f,-0.25252514187179564f,-0.8379024561135112f,0.01849530200701803f,0f,0f,0f,1f],start_interpolation:0}
execute if entity @s[tag=aj.tultaria.bone.left_arm] run data modify entity @s {} merge value {transformation:[-0.40792103486969156f,-0.8956229641211774f,0.17736948849685563f,0.20679513584169673f,-0.7742415014381913f,0.4422881150065803f,0.4526934070368832f,1.338620625f,-0.48389102777544357f,0.04733634399404246f,-0.8738470940477532f,0.07132555146799915f,0f,0f,0f,1f],start_interpolation:0}
execute if entity @s[tag=aj.tultaria.bone.rod] run data modify entity @s {} merge value {transformation:[-0.16086803369965746f,-0.8839570414347411f,0.44076979757640555f,-0.8451752694313461f,0.9835200798847902f,-0.10204202505927f,0.15431223998510005f,1.3004486087118474f,-0.09135818529842667f,0.45797812594461634f,0.8851250239142692f,-0.38514513503288317f,0f,0f,0f,1f],start_interpolation:0}
execute if entity @s[tag=aj.tultaria.bone.sword] run data modify entity @s {} merge value {transformation:[-0.0000016074458186078842f,0.000008867004612414346f,0.000004335014088058166f,-0.829878159076723f,0.000009827653161220086f,0.0000018441435484121474f,-1.279371549265997e-7f,1.3305603194269418f,-9.128807605601567e-7f,0.000004239736286170709f,-0.000009010620674555473f,-0.4302351718216124f,0f,0f,0f,1f],start_interpolation:0}
execute if entity @s[tag=aj.tultaria.bone.right_hand] run data modify entity @s {} merge value {transformation:[-0.1607445818607884f,0.8867004612414345f,0.43350140880581656f,-0.45847492036508103f,0.9827653161220086f,0.18441435484121474f,-0.012793715492659967f,1.3680047773407205f,-0.09128807605601566f,0.4239736286170709f,-0.9010620674555472f,-0.338787782733425f,0f,0f,0f,1f],start_interpolation:0}
execute if entity @s[tag=aj.tultaria.bone.right_arm] run data modify entity @s {} merge value {transformation:[-0.1607445818607884f,0.8327926952105644f,0.5297334293834252f,-0.20679513584169673f,0.9827653161220086f,0.18469028434556112f,0.007863351446067438f,1.338620625f,-0.09128807605601566f,0.5218676323286201f,-0.8481277389035871f,-0.07132555146799915f,0f,0f,0f,1f],start_interpolation:0}
execute if entity @s[tag=aj.tultaria.bone.skirt] run data modify entity @s {} merge value {transformation:[-0.8654222349045544f,0.13683433982237758f,0.4819965962309073f,-0.030260936531171848f,0f,0.9619859761556362f,-0.27309884964951375f,0.7890640279030169f,-0.5010432669269254f,-0.23634581681354508f,-0.8325240534314501f,0.05226791587028965f,0f,0f,0f,1f],start_interpolation:0}
execute if entity @s[tag=aj.tultaria.bone.left_foot] run data modify entity @s {} merge value {transformation:[-0.8654222349045544f,0.10158380095698669f,0.49063742897982976f,-0.010570868816404372f,0f,0.9792316579545749f,-0.20274456850809688f,0.3894486027892324f,-0.5010432669269254f,-0.17545965759303672f,-0.8474488499163404f,0.26773788566954315f,0f,0f,0f,1f],start_interpolation:0}
execute if entity @s[tag=aj.tultaria.bone.left_leg] run data modify entity @s {} merge value {transformation:[-0.8654222349045544f,0.13683433982237758f,0.4819965962309073f,0.10954372938474924f,0f,0.9619859761556362f,-0.27309884964951375f,0.776180111151134f,-0.5010432669269254f,-0.23634581681354508f,-0.8325240534314501f,0.06027108413468588f,0f,0f,0f,1f],start_interpolation:0}
execute if entity @s[tag=aj.tultaria.bone.right_foot] run data modify entity @s {} merge value {transformation:[-0.8654222349045544f,0.10158380095698658f,0.49063742897982976f,-0.29193551774901844f,0f,0.979231657954575f,-0.2027445685080967f,0.5106271001606351f,-0.5010432669269254f,-0.17545965759303656f,-0.8474488499163404f,0.25476340396964264f,0f,0f,0f,1f],start_interpolation:0}
execute if entity @s[tag=aj.tultaria.bone.right_leg] run data modify entity @s {} merge value {transformation:[-0.8654222349045544f,0.3108705577405226f,0.39294255516920357f,-0.10681182934138936f,0f,0.7842487487742497f,-0.6204465327858831f,0.776180111151134f,-0.5010432669269254f,-0.5369482250423409f,-0.6787063048853116f,-0.06498973259704545f,0f,0f,0f,1f],start_interpolation:0}
execute if entity @s[tag=aj.tultaria.bone.lower] run data modify entity @s {} merge value {transformation:[-0.8654222349045544f,-0.021855200346879f,0.5005663847589088f,0f,0f,0.9990482215818578f,0.043619387365336f,0.838620625f,-0.5010432669269254f,0.037749187698876564f,-0.8645985446987918f,0f,0f,0f,0f,1f],start_interpolation:0}