execute if entity @s[tag=aj.tultaria.bone.head] run data modify entity @s {} merge value {transformation:[-0.9989557058287498f,-0.0037100846288785697f,0.04553825934563929f,0f,0.00012242803560149045f,0.9964766618861997f,0.08387041986011853f,1.15625f,-0.045688979016391296f,0.08378840962915471f,-0.995435592898032f,0f,0f,0f,0f,1f],start_interpolation:0}
execute if entity @s[tag=aj.tultaria.bone.bust] run data modify entity @s {} merge value {transformation:[-0.9813299804535452f,0f,0.19233166526353465f,0.3944991575950053f,0f,1f,0f,0f,-0.19233166526353465f,0f,-0.9813299804535452f,0.5868308228585399f,0f,0f,0f,1f],start_interpolation:0}
execute if entity @s[tag=aj.tultaria.bone.left_wing] run data modify entity @s {} merge value {transformation:[-0.9802328253962744f,0f,-0.19784743621193746f,0.08537458193628844f,0f,1f,0f,1.0625f,0.19784743621193746f,0f,-0.9802328253962744f,-0.1106455184777222f,0f,0f,0f,1f],start_interpolation:0}
execute if entity @s[tag=aj.tultaria.bone.right_wing] run data modify entity @s {} merge value {transformation:[-0.8330285417651886f,0f,0.5532300141935208f,-0.03729166562040476f,0f,1f,0f,1.0625f,-0.5532300141935208f,0f,-0.8330285417651886f,-0.1346869766356641f,0f,0f,0f,1f],start_interpolation:0}
execute if entity @s[tag=aj.tultaria.bone.body] run data modify entity @s {} merge value {transformation:[-0.9813299804535452f,0f,0.19233166526353465f,0.3944991575950053f,0f,1f,0f,0f,-0.19233166526353465f,0f,-0.9813299804535452f,0.5868308228585399f,0f,0f,0f,1f],start_interpolation:0}
execute if entity @s[tag=aj.tultaria.bone.left_hand] run data modify entity @s {} merge value {transformation:[-0.33792711973540707f,-0.9075884259197334f,0.2491756627037891f,0.5579193428486158f,-0.8340889067993696f,0.41144034724363787f,0.36744052064826405f,1.0400929205948093f,-0.4360056849417957f,-0.08366653928886555f,-0.8960462894861293f,-0.08564527000036223f,0f,0f,0f,1f],start_interpolation:0}
execute if entity @s[tag=aj.tultaria.bone.left_arm] run data modify entity @s {} merge value {transformation:[-0.33792711973540707f,-0.935218816637732f,-0.10569307808012876f,0.214665933224213f,-0.8340889067993696f,0.2455609401760822f,0.49395902685756365f,1f,-0.4360056849417957f,0.25507957516539614f,-0.8630373416207879f,0.0420725517763982f,0f,0f,0f,1f],start_interpolation:0}
execute if entity @s[tag=aj.tultaria.bone.rod] run data modify entity @s {} merge value {transformation:[-0.319359133658339f,-0.9505808482104088f,0.15782380213102154f,-0.7268306410660917f,0.9138477709608499f,-0.35151361762308125f,-0.26799810799693613f,1.095241477000015f,0.3056052241264835f,0.05776491491927388f,0.9663183840461111f,-0.5506751841682413f,0f,0f,0f,1f],start_interpolation:0}
execute if entity @s[tag=aj.tultaria.bone.right_hand] run data modify entity @s {} merge value {transformation:[-0.3145971648543907f,0.630608908984173f,0.7094794061672055f,-0.40166737442612604f,0.900221373221655f,-0.03883859121240712f,0.4336969483724251f,1.1348891238419154f,0.30104834007264947f,0.7751283556562918f,-0.5554691073291795f,-0.3294356892132794f,0f,0f,0f,1f],start_interpolation:0}
execute if entity @s[tag=aj.tultaria.bone.right_arm] run data modify entity @s {} merge value {transformation:[-0.3145971648543907f,0.6475035771161792f,0.6940949081266421f,-0.214665933224213f,0.900221373221655f,-0.028388126958088344f,0.434506148912452f,1f,0.30104834007264947f,0.7615334738995811f,-0.5739657351009191f,-0.0420725517763982f,0f,0f,0f,1f],start_interpolation:0}
execute if entity @s[tag=aj.tultaria.bone.skirt] run data modify entity @s {} merge value {transformation:[-0.9998194161946289f,0f,0.019003552305595185f,-0.001187722019099699f,0f,1f,0f,0.453125f,-0.019003552305595185f,0f,-0.9998194161946289f,0.062488713512164305f,0f,0f,0f,1f],start_interpolation:0}
execute if entity @s[tag=aj.tultaria.bone.left_foot] run data modify entity @s {} merge value {transformation:[-0.9998194161946289f,-0.00727234462343468f,0.017556993020147064f,0.12260198298612922f,0f,0.9238795325112867f,0.3826834323650897f,0f,-0.019003552305595185f,0.38261432593462075f,-0.9237126948296014f,0.12735287106252802f,0f,0f,0f,1f],start_interpolation:0}
execute if entity @s[tag=aj.tultaria.bone.left_leg] run data modify entity @s {} merge value {transformation:[-0.9998194161946289f,0f,0.019003552305595185f,0.12497742702432861f,0f,1f,0f,0.4375f,-0.019003552305595185f,0f,-0.9998194161946289f,0.002375444038199398f,0f,0f,0f,1f],start_interpolation:0}
execute if entity @s[tag=aj.tultaria.bone.right_foot] run data modify entity @s {} merge value {transformation:[-0.9998194161946289f,-0.007272344623434682f,0.017556993020147064f,-0.13035370192459966f,0f,0.9238795325112867f,0.38268343236508984f,0.08113813357194827f,-0.019003552305595185f,0.38261432593462097f,-0.9237126948296013f,0.28048241041189736f,0f,0f,0f,1f],start_interpolation:0}
execute if entity @s[tag=aj.tultaria.bone.right_leg] run data modify entity @s {} merge value {transformation:[-0.9998194161946289f,0.00727234462343468f,0.017556993020147064f,-0.12497742702432861f,0f,0.9238795325112867f,-0.3826834323650897f,0.4375f,-0.019003552305595185f,-0.38261432593462075f,-0.9237126948296014f,-0.002375444038199398f,0f,0f,0f,1f],start_interpolation:0}
execute if entity @s[tag=aj.tultaria.bone.lower] run data modify entity @s {} merge value {transformation:[-0.9998194161946289f,0f,0.019003552305595185f,0f,0f,1f,0f,0.5f,-0.019003552305595185f,0f,-0.9998194161946289f,0f,0f,0f,0f,1f],start_interpolation:0}