execute if entity @s[tag=aj.tultaria.bone.head] run data modify entity @s {} merge value {transformation:[-0.9923665227438808f,0.0219897598653324f,-0.12134716724457723f,0f,0.0010624394758508085f,0.9854623448581875f,0.16989066510247933f,1.577751736111111f,0.12331891890370483f,0.1684648845536293f,-0.977963203250896f,0f,0f,0f,0f,1f],start_interpolation:0}
execute if entity @s[tag=aj.tultaria.bone.bust] run data modify entity @s {} merge value {transformation:[-0.8973230244135872f,0f,-0.44137443271813165f,0.6693487285658595f,0f,1f,0f,0.4215017361111111f,0.44137443271813165f,0f,-0.8973230244135872f,0.2279742958477278f,0f,0f,0f,1f],start_interpolation:0}
execute if entity @s[tag=aj.tultaria.bone.left_wing] run data modify entity @s {} merge value {transformation:[-0.6273301574115973f,-0.006771157215659514f,-0.7787239722982087f,0.0009108849360828231f,-0.06515123560026444f,0.996912943608531f,0.04381665625686963f,1.484001736111111f,0.7760233180141556f,0.07822233885364627f,-0.6258347030986424f,-0.1397512800965817f,0f,0f,0f,1f],start_interpolation:0}
execute if entity @s[tag=aj.tultaria.bone.right_wing] run data modify entity @s {} merge value {transformation:[-0.9976045523581079f,0.0660937259198277f,-0.020415104908221626f,-0.11125449311561564f,0.06515123560026444f,0.996912943608531f,0.04381665625686963f,1.484001736111111f,0.02324808839749698f,0.04238162644128386f,-0.9988309787576943f,-0.08457947600681523f,0f,0f,0f,1f],start_interpolation:0}
execute if entity @s[tag=aj.tultaria.bone.body] run data modify entity @s {} merge value {transformation:[-0.8973230244135872f,0f,-0.44137443271813165f,0.6693487285658595f,0f,1f,0f,0.4215017361111111f,0.44137443271813165f,0f,-0.8973230244135872f,0.2279742958477278f,0f,0f,0f,1f],start_interpolation:0}
execute if entity @s[tag=aj.tultaria.bone.left_hand] run data modify entity @s {} merge value {transformation:[-0.9234463515705703f,-0.3813973678431976f,-0.042224206011282045f,0.3458649985266037f,-0.3514882281055029f,0.8848739076627898f,-0.305702785464638f,1.1887024992528454f,0.1539573358897085f,-0.26745881054821347f,-0.9511902666585051f,-0.33980740754836175f,0f,0f,0f,1f],start_interpolation:0}
execute if entity @s[tag=aj.tultaria.bone.left_arm] run data modify entity @s {} merge value {transformation:[-0.9234463515705703f,-0.26019852545502864f,-0.2820346842536062f,0.1962894115904722f,-0.3514882281055029f,0.8684511359924771f,0.3496407440454128f,1.421501736111111f,0.1539573358897085f,0.42200634088175104f,-0.8934247517174227f,-0.0965506571570913f,0f,0f,0f,1f],start_interpolation:0}
execute if entity @s[tag=aj.tultaria.bone.rod] run data modify entity @s {} merge value {transformation:[-0.047174621066468685f,-0.010386242463106807f,0.1972978629375712f,-0.8343251319989408f,0.196203683464967f,-0.026286309268224766f,0.04552922319603393f,1.3315961823465372f,0.023204209683032134f,0.20114900332229532f,0.016137185021963416f,0.3802783218937362f,0f,0f,0f,1f],start_interpolation:0}
execute if entity @s[tag=aj.tultaria.bone.sword] run data modify entity @s {} merge value {transformation:[-0.000002322442883272305f,0.000008667474838049001f,-0.000004413744327181318f,-0.8622721925428292f,0.000009659258262890684f,0.0000025881904510252067f,2.0816681711721688e-22f,1.3617813644180705f,0.0000011423610920877358f,-0.0000042633496362613f,-0.000008973230244135872f,0.3417861835371234f,0f,0f,0f,1f],start_interpolation:0}
execute if entity @s[tag=aj.tultaria.bone.right_hand] run data modify entity @s {} merge value {transformation:[-0.23224428832723046f,0.8667474838049001f,-0.4413744327181317f,-0.5644666296618698f,0.9659258262890683f,0.25881904510252063f,2.0816681711721685e-17f,1.4286533242599824f,0.11423610920877358f,-0.42633496362613f,-0.8973230244135871f,0.10823733248223899f,0f,0f,0f,1f],start_interpolation:0}
execute if entity @s[tag=aj.tultaria.bone.right_arm] run data modify entity @s {} merge value {transformation:[-0.23224428832723046f,0.9302235078651676f,-0.28415984226206314f,-0.1962894115904722f,0.9659258262890683f,0.2548870022441787f,0.04494345552754779f,1.421501736111111f,0.11423610920877358f,-0.26403946959119273f,-0.957722960908238f,0.0965506571570913f,0f,0f,0f,1f],start_interpolation:0}
execute if entity @s[tag=aj.tultaria.bone.skirt] run data modify entity @s {} merge value {transformation:[-0.908542027361173f,-0.0034180267129239918f,-0.41777948921870167f,0.025232993929907747f,0f,0.9999665339174011f,-0.008181139603937002f,0.871945139014128f,0.41779347112951576f,-0.007432909161885708f,-0.9085116220186408f,0.05487217260598059f,0f,0f,0f,1f],start_interpolation:0}
execute if entity @s[tag=aj.tultaria.bone.left_foot] run data modify entity @s {} merge value {transformation:[-0.908542027361173f,0.1364510808352435f,-0.3948828776451866f,0.1661465828058944f,0f,0.9451628733632677f,0.3265993613216223f,0.4225985061238742f,0.41779347112951576f,0.29672924587001104f,-0.8587201931519748f,0.06211478870514346f,0f,0f,0f,1f],start_interpolation:0}
execute if entity @s[tag=aj.tultaria.bone.left_leg] run data modify entity @s {} merge value {transformation:[-0.908542027361173f,-0.0034180267129239918f,-0.41777948921870167f,0.11242875996665246f,0f,0.9999665339174011f,-0.008181139603937002f,0.859061222262245f,0.41779347112951576f,-0.007432909161885708f,-0.9085116220186408f,-0.05470106180551164f,0f,0f,0f,1f],start_interpolation:0}
execute if entity @s[tag=aj.tultaria.bone.right_foot] run data modify entity @s {} merge value {transformation:[-0.908542027361173f,0.13645108083524354f,-0.3948828776451866f,0.004704861300651744f,0f,0.945162873363268f,0.32659936132162243f,0.505025799429565f,0.41779347112951576f,0.2967292458700111f,-0.8587201931519749f,0.3094221742504736f,0f,0f,0f,1f],start_interpolation:0}
execute if entity @s[tag=aj.tultaria.bone.right_leg] run data modify entity @s {} merge value {transformation:[-0.908542027361173f,-0.16303513382759408f,-0.38466989699776094f,-0.11470674687364078f,0f,0.9207178272982478f,-0.39022901288242795f,0.859061222262245f,0.41779347112951576f,-0.3545394584993503f,-0.8365108414411243f,0.0497473059768673f,0f,0f,0f,1f],start_interpolation:0}
execute if entity @s[tag=aj.tultaria.bone.lower] run data modify entity @s {} merge value {transformation:[-0.908542027361173f,0.01822389525590667f,-0.41739582432045397f,0f,0f,0.9990482215818578f,0.043619387365336f,0.9215017361111111f,0.41779347112951576f,0.0396300466291547f,-0.9076772966675555f,0f,0f,0f,0f,1f],start_interpolation:0}