execute if entity @s[tag=aj.tultaria.bone.head] run data modify entity @s {} merge value {transformation:[-0.8428292163100662f,0.13777117797696947f,-0.520248031858841f,0f,-0.03759904014889709f,0.9492427236586105f,0.3122892309399485f,1.15625f,0.5368661139558364f,0.28276731441243536f,-0.7948694368171025f,0f,0f,0f,0f,1f],start_interpolation:0}
execute if entity @s[tag=aj.tultaria.bone.bust] run data modify entity @s {} merge value {transformation:[-0.8586522090226301f,0f,-0.5125586639015651f,0.6856054364620976f,0f,1f,0f,0f,0.5125586639015651f,0f,-0.8586522090226301f,0.17304677256053247f,0f,0f,0f,1f],start_interpolation:0}
execute if entity @s[tag=aj.tultaria.bone.left_wing] run data modify entity @s {} merge value {transformation:[-0.5971434926712957f,0f,-0.8021344333466343f,-0.01040406992378129f,0f,1f,0f,1.0625f,0.8021344333466343f,0f,-0.5971434926712957f,-0.13936644262167652f,0f,0f,0f,1f],start_interpolation:0}
execute if entity @s[tag=aj.tultaria.bone.right_wing] run data modify entity @s {} merge value {transformation:[-0.9894389102519265f,0f,-0.14495048423334123f,-0.11773559605160999f,0f,1f,0f,1.0625f,0.14495048423334123f,0f,-0.9894389102519265f,-0.07529660963398088f,0f,0f,0f,1f],start_interpolation:0}
execute if entity @s[tag=aj.tultaria.bone.body] run data modify entity @s {} merge value {transformation:[-0.8586522090226301f,0f,-0.5125586639015651f,0.6856054364620976f,0f,1f,0f,0f,0.5125586639015651f,0f,-0.8586522090226301f,0.17304677256053247f,0f,0f,0f,1f],start_interpolation:0}
execute if entity @s[tag=aj.tultaria.bone.left_hand] run data modify entity @s {} merge value {transformation:[-0.9429824346943837f,-0.29844913614954727f,-0.14735074139427112f,0.28003702460675195f,-0.19443552835348735f,0.8532510645386823f,-0.48389817748934094f,0.7228952417478097f,0.27014617001126007f,-0.42765726229680057f,-0.8626298817181404f,-0.3367397416633424f,0f,0f,0f,1f],start_interpolation:0}
execute if entity @s[tag=aj.tultaria.bone.left_arm] run data modify entity @s {} merge value {transformation:[-0.9429824346943837f,-0.09782695655394821f,-0.3181415006396435f,0.18783017072370034f,-0.19443552835348735f,0.9376903781384898f,0.28797843679761204f,1f,0.27014617001126007f,0.3334166182389353f,-0.903246591751311f,-0.11212220772846737f,0f,0f,0f,1f],start_interpolation:0}
execute if entity @s[tag=aj.tultaria.bone.rod] run data modify entity @s {} merge value {transformation:[-0.05644915287558618f,-0.18227575691000691f,-1.0404243695449498f,0.24191643252134726f,0.946255444909415f,0.45426143958628673f,-0.1309236596065543f,0.9054983989270842f,0.46936974048121927f,-0.9377184652700252f,0.13881625903587186f,0.5655987201271842f,0f,0f,0f,1f],start_interpolation:0}
execute if entity @s[tag=aj.tultaria.bone.right_hand] run data modify entity @s {} merge value {transformation:[-0.05336579578574324f,-0.8426607573271323f,-0.5357937475381902f,-0.14105556991860124f,0.8945692231286487f,0.19808478587360367f,-0.4006348994239198f,0.9297008312016956f,0.44373189751375774f,-0.5006847967197249f,0.7432474268119381f,0.4707478497087796f,0f,0f,0f,1f],start_interpolation:0}
execute if entity @s[tag=aj.tultaria.bone.right_arm] run data modify entity @s {} merge value {transformation:[-0.05336579578574324f,-0.40014336548300183f,-0.9148974690642067f,-0.18783017072370034f,0.8945692231286487f,0.3879714935877725f,-0.22186488048873065f,1f,0.44373189751375774f,-0.8302791140473242f,0.33725153210271697f,0.11212220772846737f,0f,0f,0f,1f],start_interpolation:0}