execute if entity @s[tag=aj.tultaria.bone.head] run data modify entity @s {} merge value {transformation:[-0.9895918218545403f,0.02032581602965836f,-0.14246012537317335f,0f,0f,0.989974413593518f,0.1412468067963665f,1.15625f,0.143902835686486f,0.1397766848687526f,-0.9796705835373898f,0f,0f,0f,0f,1f],start_interpolation:0}
execute if entity @s[tag=aj.tultaria.bone.bust] run data modify entity @s {} merge value {transformation:[-0.9332438255836162f,0f,-0.3592435970341811f,0.6462437113088986f,0f,1f,0f,0f,0.3592435970341811f,0f,-0.9332438255836162f,0.28700011427471755f,0f,0f,0f,1f],start_interpolation:0}
execute if entity @s[tag=aj.tultaria.bone.left_wing] run data modify entity @s {} merge value {transformation:[-0.7247282965310146f,0f,-0.6890347568934776f,0.013422289469703363f,0f,1f,0f,1.0625f,0.6890347568934776f,0f,-0.7247282965310146f,-0.13910820301258836f,0f,0f,0f,1f],start_interpolation:0}
execute if entity @s[tag=aj.tultaria.bone.right_wing] run data modify entity @s {} merge value {transformation:[-0.9996814420674577f,0f,0.02523914392225307f,-0.10323318872824871f,0f,1f,0f,1.0625f,-0.02523914392225307f,0f,-0.9996814420674577f,-0.0942027533833158f,0f,0f,0f,1f],start_interpolation:0}
execute if entity @s[tag=aj.tultaria.bone.body] run data modify entity @s {} merge value {transformation:[-0.9332438255836162f,0f,-0.3592435970341811f,0.6462437113088986f,0f,1f,0f,0f,0.3592435970341811f,0f,-0.9332438255836162f,0.28700011427471755f,0f,0f,0f,1f],start_interpolation:0}
execute if entity @s[tag=aj.tultaria.bone.left_hand] run data modify entity @s {} merge value {transformation:[-0.8566699360612726f,-0.5141176028878678f,0.04242300142148939f,0.40963164170787303f,-0.5157406972526719f,0.8517579911047424f,-0.09230307571550078f,0.8348088520657846f,0.01132050555862918f,-0.10095253830412687f,-0.9948268347626389f,-0.33593676601888955f,0f,0f,0f,1f],start_interpolation:0}
execute if entity @s[tag=aj.tultaria.bone.left_arm] run data modify entity @s {} merge value {transformation:[-0.8566699360612726f,-0.43832133616479874f,-0.2720129168099937f,0.20414708684641603f,-0.5157406972526719f,0.7392933925662732f,0.4329628308586985f,1f,0.01132050555862918f,0.5111943720059481f,-0.8593905748746267f,-0.07858453685122711f,0f,0f,0f,1f],start_interpolation:0}
execute if entity @s[tag=aj.tultaria.bone.rod] run data modify entity @s {} merge value {transformation:[-0.22899386503004437f,0.29821066195846274f,-0.0028654620740246883f,-0.6645514027512752f,0.21480760503396923f,0.16744009845648147f,0.25922481796397195f,0.5548710156238289f,0.2068707388640851f,0.15623768598894314f,-0.27234221648258694f,0.20154695980749499f,0f,0f,0f,1f],start_interpolation:0}
execute if entity @s[tag=aj.tultaria.bone.right_hand] run data modify entity @s {} merge value {transformation:[-0.6090262367820322f,0.5237088213392352f,-0.5956644301639855f,-0.5426186485195602f,0.5712968218988537f,0.810609608799514f,0.12857683854477214f,0.8749217237417432f,0.5501881352768214f,-0.26199452775462295f,-0.7928757047780227f,0.004189548802258483f,0f,0f,0f,1f],start_interpolation:0}
execute if entity @s[tag=aj.tultaria.bone.right_arm] run data modify entity @s {} merge value {transformation:[-0.6090262367820322f,0.7424452878034077f,-0.2790376991190109f,-0.20414708684641603f,0.5712968218988537f,0.6546721224192698f,0.49499934688372904f,1f,0.5501881352768214f,0.14205423874550183f,-0.8228691323989801f,0.07858453685122711f,0f,0f,0f,1f],start_interpolation:0}