execute if entity @s[tag=aj.tultaria.bone.head] run data modify entity @s {} merge value {transformation:[-0.9445216350379704f,-0.046941527408527355f,0.32507748914643975f,0f,-0.009126627825604534f,0.9931032293728664f,0.11688746927586684f,1.59375f,-0.32832238061047875f,0.10743588233797072f,-0.9384359038189714f,0f,0f,0f,0f,1f],start_interpolation:0}
execute if entity @s[tag=aj.tultaria.bone.bust] run data modify entity @s {} merge value {transformation:[-0.9562434550711558f,0f,0.29257213577779134f,0.33183565964668227f,0f,1f,0f,0.4375f,-0.29257213577779134f,0f,-0.9562434550711558f,0.6244077954244736f,0f,0f,0f,1f],start_interpolation:0}
execute if entity @s[tag=aj.tultaria.bone.left_wing] run data modify entity @s {} merge value {transformation:[-0.9390347830710372f,0f,-0.3438221577832502f,0.11637865664405628f,0f,1f,0f,1.5f,0.3438221577832502f,0f,-0.9390347830710372f,-0.16674974394316666f,0f,0f,0f,1f],start_interpolation:0}
execute if entity @s[tag=aj.tultaria.bone.right_wing] run data modify entity @s {} merge value {transformation:[-0.5858925497145441f,0f,0.8103887463365903f,-0.003151775239838228f,0f,1f,0f,1.5f,-0.8103887463365903f,0f,-0.5858925497145441f,-0.2033212609153906f,0f,0f,0f,1f],start_interpolation:0}
execute if entity @s[tag=aj.tultaria.bone.body] run data modify entity @s {} merge value {transformation:[-0.9562434550711558f,0f,0.29257213577779134f,0.33183565964668227f,0f,1f,0f,0.4375f,-0.29257213577779134f,0f,-0.9562434550711558f,0.6244077954244736f,0f,0f,0f,1f],start_interpolation:0}
execute if entity @s[tag=aj.tultaria.bone.left_hand] run data modify entity @s {} merge value {transformation:[-0.22829499349791674f,-0.8284491745909435f,0.5114228789009839f,0.5770312798742615f,-0.9721843288309964f,0.22221733654057121f,-0.07400733825938736f,1.4484915254466602f,-0.05233571170062554f,-0.514092813079894f,-0.8561364101709436f,0.04652083705357622f,0f,0f,0f,1f],start_interpolation:0}
execute if entity @s[tag=aj.tultaria.bone.left_arm] run data modify entity @s {} merge value {transformation:[-0.22829499349791674f,-0.9510545616776754f,0.2082705371766987f,0.20917825579681534f,-0.9721843288309964f,0.23418712142004505f,0.0037447211402104608f,1.4375f,-0.05233571170062554f,-0.20162245131204398f,-0.9780640880881535f,0.06400015470139185f,0f,0f,0f,1f],start_interpolation:0}
execute if entity @s[tag=aj.tultaria.bone.rod] run data modify entity @s {} merge value {transformation:[-0.0000021849554021969365f,0.000006499038895536289f,0.000007279317504046441f,-0.8765261953815252f,0.000009721843288309964f,0.000002094624763058305f,0.0000010480029482427167f,1.3744109415263694f,-8.436426778873324e-7f,0.000007305822372347238f,-0.000006775929935865461f,-0.17390030126490708f,0f,0f,0f,1f],start_interpolation:0}
execute if entity @s[tag=aj.tultaria.bone.sword] run data modify entity @s {} merge value {transformation:[-0.0000021849554021969365f,0.000009742769243750012f,5.517402952923312e-7f,-0.8807678983792078f,0.000009721843288309964f,0.000002222173365405712f,-7.400733825938737e-7f,1.4013226078214291f,-8.436426778873324e-7f,3.746905351357261e-7f,-0.000009957302548126517f,-0.22321154032764798f,0f,0f,0f,1f],start_interpolation:0}
execute if entity @s[tag=aj.tultaria.bone.right_hand] run data modify entity @s {} merge value {transformation:[-0.2184955402196936f,0.9742769243750011f,0.055174029529233115f,-0.5042755950497456f,0.9721843288309964f,0.22221733654057121f,-0.07400733825938736f,1.4484915254466602f,-0.08436426778873324f,0.0374690535135726f,-0.9957302548126515f,-0.28431568804889873f,0f,0f,0f,1f],start_interpolation:0}
execute if entity @s[tag=aj.tultaria.bone.right_arm] run data modify entity @s {} merge value {transformation:[-0.2184955402196936f,0.9010528631870952f,0.3746510865411203f,-0.20917825579681534f,0.9721843288309964f,0.23418712142004505f,0.0037447211402104608f,1.4375f,-0.08436426778873324f,0.36504811998328496f,-0.9271583146459617f,-0.06400015470139185f,0f,0f,0f,1f],start_interpolation:0}
execute if entity @s[tag=aj.tultaria.bone.skirt] run data modify entity @s {} merge value {transformation:[-0.9562434550711558f,0.1855761699365618f,0.2261856312528599f,-0.017670144308819493f,0f,0.7730935505924186f,-0.6342920163713299f,0.8879434029030169f,-0.29257213577779134f,-0.6065375892589707f,-0.7392656479117218f,0.057753141120399525f,0f,0f,0f,1f],start_interpolation:0}
execute if entity @s[tag=aj.tultaria.bone.left_foot] run data modify entity @s {} merge value {transformation:[-0.9562434550711558f,0.08123010075492079f,0.28106960946520665f,0.010080002615740255f,0f,0.9606848195505505f,-0.27764127482261375f,0.6200392237199189f,-0.29257213577779134f,-0.2654926519067365f,-0.9186485710814283f,0.3942995568081542f,0f,0f,0f,1f],start_interpolation:0}
execute if entity @s[tag=aj.tultaria.bone.left_leg] run data modify entity @s {} merge value {transformation:[-0.9562434550711558f,0.1879283484569285f,0.22423512320738168f,0.12032804546656918f,0f,0.766426791161303f,-0.6423316696148405f,0.8750594861511339f,-0.29257213577779134f,-0.6142254550541192f,-0.7328906028391835f,0.033964594867079166f,0f,0f,0f,1f],start_interpolation:0}
execute if entity @s[tag=aj.tultaria.bone.right_foot] run data modify entity @s {} merge value {transformation:[-0.9562434550711558f,0.18590898522991983f,0.2259121595761499f,-0.24914904683668188f,0f,0.7721588352068165f,-0.6354295658938546f,0.7837825076374372f,-0.29257213577779134f,-0.6076253635447042f,-0.7383718324418854f,0.38707426827825187f,0f,0f,0f,1f],start_interpolation:0}
execute if entity @s[tag=aj.tultaria.bone.right_leg] run data modify entity @s {} merge value {transformation:[-0.9562434550711558f,0.2594727241195602f,0.13517529386523625f,-0.11873281830121978f,0f,0.4620238133952098f,-0.8868675187736601f,0.8750594861511339f,-0.29257213577779134f,-0.848061260342508f,-0.4418072476461864f,-0.03917843907736867f,0f,0f,0f,1f],start_interpolation:0}
execute if entity @s[tag=aj.tultaria.bone.lower] run data modify entity @s {} merge value {transformation:[-0.9562434550711558f,-0.01276181732279516f,0.29229367193320827f,0f,0f,0.9990482215818578f,0.043619387365336f,0.9375f,-0.29257213577779134f,0.04171075368231602f,-0.9553333231881294f,0f,0f,0f,0f,1f],start_interpolation:0}