execute if entity @s[tag=aj.tultaria.bone.head] run data modify entity @s {} merge value {transformation:[-0.9922614271703445f,0.020103357200147456f,-0.1225280179353056f,0f,-0.0008582501940381584f,0.9856720302568214f,0.16867101759342124f,1.59375f,0.12416329391762981f,0.16747090433469056f,-0.9780270817543066f,0f,0f,0f,0f,1f],start_interpolation:0}
execute if entity @s[tag=aj.tultaria.bone.bust] run data modify entity @s {} merge value {transformation:[-0.8653852508695509f,0f,-0.5011071418144474f,0.6832461963419991f,0f,1f,0f,0.4375f,0.5011071418144474f,0f,-0.8653852508695509f,0.18213905452755175f,0f,0f,0f,1f],start_interpolation:0}
execute if entity @s[tag=aj.tultaria.bone.left_wing] run data modify entity @s {} merge value {transformation:[-0.5887820868584096f,0f,-0.8082918125248186f,-0.011488434688952331f,0f,1f,0f,1.5f,0.8082918125248186f,0f,-0.5887820868584096f,-0.1445637387507474f,0f,0f,0f,1f],start_interpolation:0}
execute if entity @s[tag=aj.tultaria.bone.right_wing] run data modify entity @s {} merge value {transformation:[-0.9941185379919996f,0f,-0.10829742573417694f,-0.11966159104764618f,0f,1f,0f,1.5f,0.10829742573417694f,0f,-0.9941185379919996f,-0.08192534602394147f,0f,0f,0f,1f],start_interpolation:0}
execute if entity @s[tag=aj.tultaria.bone.body] run data modify entity @s {} merge value {transformation:[-0.8653852508695509f,0f,-0.5011071418144474f,0.6832461963419991f,0f,1f,0f,0.4375f,0.5011071418144474f,0f,-0.8653852508695509f,0.18213905452755175f,0f,0f,0f,1f],start_interpolation:0}
execute if entity @s[tag=aj.tultaria.bone.left_hand] run data modify entity @s {} merge value {transformation:[-0.7583693720873477f,-0.6441677836017475f,-0.09961808093641566f,0.3744610159554702f,-0.6014757522708997f,0.7504674629278165f,-0.27390784310939653f,1.2518207154767604f,0.25120273666900483f,-0.14780545881765889f,-0.9565828408630923f,-0.36842582058249473f,0f,0f,0f,1f],start_interpolation:0}
execute if entity @s[tag=aj.tultaria.bone.left_arm] run data modify entity @s {} merge value {transformation:[-0.7583693720873477f,-0.4582400704318133f,-0.4635643788412661f,0.18930302362771426f,-0.6014757522708997f,0.7660369325100272f,0.22674729868464424f,1.4375f,0.25120273666900483f,0.45078094001551877f,-0.8565592385869923f,-0.10961718727191036f,0f,0f,0f,1f],start_interpolation:0}
execute if entity @s[tag=aj.tultaria.bone.rod] run data modify entity @s {} merge value {transformation:[-0.000005953720820801234f,0.000006876765705021012f,-0.000004154912974564544f,-0.48060351348954294f,0.000006014757522708997f,0.000007243427253789583f,0.0000033697853881328786f,1.0046338972675037f,0.000005326903446747784f,-4.92803264300483e-7f,-0.000008448742191102851f,0.44879413579331007f,0f,0f,0f,1f],start_interpolation:0}
execute if entity @s[tag=aj.tultaria.bone.sword] run data modify entity @s {} merge value {transformation:[-0.000005953720820801234f,0.0000019246405230968878f,-0.000007800574802206005f,-0.5357740854398875f,0.000006014757522708997f,0.000007504674629278166f,-0.0000027390784310939656f,1.0105905843802165f,0.000005326903446747784f,-0.000006322627425803454f,-0.000005625698365847978f,0.4390702479744846f,0f,0f,0f,1f],start_interpolation:0}
execute if entity @s[tag=aj.tultaria.bone.right_hand] run data modify entity @s {} merge value {transformation:[-0.5953720820801234f,0.19246405230968877f,-0.7800574802206004f,-0.5059366789009847f,0.6014757522708997f,0.7504674629278165f,-0.27390784310939653f,1.2518207154767604f,0.5326903446747784f,-0.6322627425803453f,-0.5625698365847978f,0.14137437775258085f,0f,0f,0f,1f],start_interpolation:0}
execute if entity @s[tag=aj.tultaria.bone.right_arm] run data modify entity @s {} merge value {transformation:[-0.5953720820801234f,0.6190672054259152f,-0.5121404876064054f,-0.18930302362771426f,0.6014757522708997f,0.7660369325100272f,0.22674729868464424f,1.4375f,0.5326903446747784f,-0.1730410737275278f,-0.8284309165485618f,0.10961718727191036f,0f,0f,0f,1f],start_interpolation:0}
execute if entity @s[tag=aj.tultaria.bone.skirt] run data modify entity @s {} merge value {transformation:[-0.8653852508695509f,-0.011218576794848816f,-0.500981547676302f,0.030264794309620993f,0f,0.9997493666969289f,-0.02238758113529917f,0.8879434029030169f,0.5011071418144474f,-0.019373882517133303f,-0.8651683565056965f,0.052265682187871816f,0f,0f,0f,1f],start_interpolation:0}
execute if entity @s[tag=aj.tultaria.bone.left_foot] run data modify entity @s {} merge value {transformation:[-0.8653852508695509f,0.18197487638469648f,-0.46689775319894095f,0.17456990870119f,0f,0.9317323866276611f,0.36314564531207405f,0.44061145541028346f,0.5011071418144474f,0.31426088537057406f,-0.8063074651450638f,0.05202524981235904f,0f,0f,0f,1f],start_interpolation:0}
execute if entity @s[tag=aj.tultaria.bone.left_leg] run data modify entity @s {} merge value {transformation:[-0.8653852508695509f,-0.011752487125002663f,-0.50096930706763f,0.10680703220054756f,0f,0.9997249395681763f,-0.023453042561812923f,0.8750594861511339f,0.5011071418144474f,-0.020295917121008734f,-0.8651472176287528f,-0.06499761613167639f,0f,0f,0f,1f],start_interpolation:0}
execute if entity @s[tag=aj.tultaria.bone.right_foot] run data modify entity @s {} merge value {transformation:[-0.8653852508695509f,0.15940291447842841f,-0.4750779708987015f,0.037794646860927025f,0f,0.9480566754217523f,0.31810146209700796f,0.5278054571499237f,0.5011071418144474f,0.27528031357879007f,-0.8204342638984053f,0.3147169872379627f,0f,0f,0f,1f],start_interpolation:0}
execute if entity @s[tag=aj.tultaria.bone.right_leg] run data modify entity @s {} merge value {transformation:[-0.8653852508695509f,-0.20628363584352447f,-0.45667869356980173f,-0.10953928051684016f,0f,0.9113394231745018f,-0.411655749101074f,0.8750594861511339f,0.5011071418144474f,-0.3562408137077258f,-0.788659695351178f,0.06027916932193546f,0f,0f,0f,1f],start_interpolation:0}
execute if entity @s[tag=aj.tultaria.bone.lower] run data modify entity @s {} merge value {transformation:[-0.8653852508695509f,0.02185798653034074f,-0.5006301988516915f,0f,0f,0.9990482215818578f,0.043619387365336f,0.9375f,0.5011071418144474f,0.03774757447792741f,-0.8645615958643946f,0f,0f,0f,0f,1f],start_interpolation:0}