execute if entity @s[tag=aj.tultaria.bone.head] run data modify entity @s {} merge value {transformation:[-0.9235388811046972f,-0.0556067791622063f,0.3794520011794505f,0f,-0.011141401834015126f,0.9929048549432914f,0.11838842086629307f,1.15625f,-0.3833429329634982f,0.10510868252074686f,-0.9176057762490903f,0f,0f,0f,0f,1f],start_interpolation:0}
execute if entity @s[tag=aj.tultaria.bone.bust] run data modify entity @s {} merge value {transformation:[-0.9532913711190371f,0f,0.3020522500329809f,0.3256195605430281f,0f,1f,0f,0f,-0.3020522500329809f,0f,-0.9532913711190371f,0.627671810576009f,0f,0f,0f,1f],start_interpolation:0}
execute if entity @s[tag=aj.tultaria.bone.left_wing] run data modify entity @s {} merge value {transformation:[-0.9463304182677901f,0f,-0.3232007726802485f,0.1144024379141711f,0f,1f,0f,1.0625f,0.3232007726802485f,0f,-0.9463304182677901f,-0.15414173174832146f,0f,0f,0f,1f],start_interpolation:0}
execute if entity @s[tag=aj.tultaria.bone.right_wing] run data modify entity @s {} merge value {transformation:[-0.5875251240308936f,0f,0.809205924738866f,-0.0047589834757085225f,0f,1f,0f,1.0625f,-0.809205924738866f,0f,-0.5875251240308936f,-0.19189826300244406f,0f,0f,0f,1f],start_interpolation:0}
execute if entity @s[tag=aj.tultaria.bone.body] run data modify entity @s {} merge value {transformation:[-0.9532913711190371f,0f,0.3020522500329809f,0.3256195605430281f,0f,1f,0f,0f,-0.3020522500329809f,0f,-0.9532913711190371f,0.627671810576009f,0f,0f,0f,1f],start_interpolation:0}
execute if entity @s[tag=aj.tultaria.bone.left_hand] run data modify entity @s {} merge value {transformation:[-0.20341720956254364f,-0.8317716463217664f,0.5165049537312942f,0.5762196983705876f,-0.9783020567145635f,0.19385906768908023f,-0.0731009418733811f,1.0198742607339273f,-0.039325878017446275f,-0.5201678481508625f,-0.8531581829111516f,0.05369183889003916f,0f,0f,0f,1f],start_interpolation:0}
execute if entity @s[tag=aj.tultaria.bone.left_arm] run data modify entity @s {} merge value {transformation:[-0.20341720956254364f,-0.953469616226894f,0.22252444761402623f,0.20853248743228936f,-0.9783020567145635f,0.2070626919905496f,-0.00708007158732326f,1f,-0.039325878017446275f,-0.21913633317587033f,-0.9749014015788421f,0.06607392969471458f,0f,0f,0f,1f],start_interpolation:0}
execute if entity @s[tag=aj.tultaria.bone.rod] run data modify entity @s {} merge value {transformation:[-0.0000018894672858564775f,0.000006438136864067139f,0.000007414870672858556f,-0.8779632298385764f,0.000009783020567145635f,0.00000188769233067242f,8.538888964765916e-7f,0.9563147280846949f,-8.499540919859392e-7f,0.000007415322743094887f,-0.000006655115825983505f,-0.18373490297365752f,0f,0f,0f,1f],start_interpolation:0}
execute if entity @s[tag=aj.tultaria.bone.right_hand] run data modify entity @s {} merge value {transformation:[-0.18894672858564773f,0.9795555569188511f,0.06906550996105748f,-0.501996707248875f,0.9783020567145635f,0.19385906768908023f,-0.0731009418733811f,1.0198742607339273f,-0.08499540919859391f,0.05375474661943774f,-0.9949302526464072f,-0.2879431545721693f,0f,0f,0f,1f],start_interpolation:0}
execute if entity @s[tag=aj.tultaria.bone.right_arm] run data modify entity @s {} merge value {transformation:[-0.18894672858564773f,0.9056868426869006f,0.37951347372736954f,-0.20853248743228936f,0.9783020567145635f,0.2070626919905496f,-0.00708007158732326f,1f,-0.08499540919859391f,0.3699410555337972f,-0.9251591192036662f,-0.06607392969471458f,0f,0f,0f,1f],start_interpolation:0}
execute if entity @s[tag=aj.tultaria.bone.skirt] run data modify entity @s {} merge value {transformation:[-0.9532913711190371f,0.18171873180091733f,0.24127549453405478f,-0.018878265627061307f,0f,0.798787277723341f,-0.6016135677886046f,0.453125f,-0.3020522500329809f,-0.5735130229210147f,-0.7614770192133268f,0.059580710694939816f,0f,0f,0f,1f],start_interpolation:0}
execute if entity @s[tag=aj.tultaria.bone.left_foot] run data modify entity @s {} merge value {transformation:[-0.9532913711190371f,0.0708694826289451f,0.2936206365054951f,0.008449563024948481f,0f,0.9720855794765138f,-0.2346265674935608f,0.16789762893875354f,-0.3020522500329809f,-0.22366748222688992f,-0.9266807949042094f,0.3871684599794273f,0f,0f,0f,1f],start_interpolation:0}
execute if entity @s[tag=aj.tultaria.bone.left_leg] run data modify entity @s {} merge value {transformation:[-0.9532913711190371f,0.18478943485825383f,0.23893184491556077f,0.11916142138987963f,0f,0.7910281909486585f,-0.6117796998303332f,0.4375f,-0.3020522500329809f,-0.5832043088740513f,-0.7540803487432581f,0.037756531254122615f,0f,0f,0f,1f],start_interpolation:0}
execute if entity @s[tag=aj.tultaria.bone.right_foot] run data modify entity @s {} merge value {transformation:[-0.9532913711190371f,0.18220032993632929f,0.2409120202918052f,-0.25367589256528683f,0f,0.7975839288252285f,-0.6032079877452822f,0.3441839123428234f,-0.3020522500329809f,-0.5750329697076554f,-0.7603298770923106f,0.3867775837811225f,0f,0f,0f,1f],start_interpolation:0}
execute if entity @s[tag=aj.tultaria.bone.right_leg] run data modify entity @s {} merge value {transformation:[-0.9532913711190371f,0.2672388316213133f,0.14077985872866108f,-0.11916142138987963f,0f,0.46607783492190313f,-0.8847437209692482f,0.4375f,-0.3020522500329809f,-0.8434185548517334f,-0.44430797830089325f,-0.037756531254122615f,0f,0f,0f,1f],start_interpolation:0}
execute if entity @s[tag=aj.tultaria.bone.lower] run data modify entity @s {} merge value {transformation:[-0.9532913711190371f,0f,0.3020522500329809f,0f,0f,1f,0f,0.5f,-0.3020522500329809f,0f,-0.9532913711190371f,0f,0f,0f,0f,1f],start_interpolation:0}