execute if entity @s[tag=aj.tultaria.bone.head] run data modify entity @s {} merge value {transformation:[-0.9368843382995026f,-0.05393171569473913f,0.3454549271487165f,0f,-0.010753983074168723f,0.992009335023561f,0.12570533431065187f,1.15625f,-0.3494740169127652f,0.11405634251690736f,-0.9299779901882206f,0f,0f,0f,0f,1f],start_interpolation:0}
execute if entity @s[tag=aj.tultaria.bone.bust] run data modify entity @s {} merge value {transformation:[-0.9782110747144633f,0f,0.2076128447518954f,0.385299114981284f,0f,1f,0f,0f,-0.2076128447518954f,0f,-0.9782110747144633f,0.5929119597331793f,0f,0f,0f,1f],start_interpolation:0}
execute if entity @s[tag=aj.tultaria.bone.left_wing] run data modify entity @s {} merge value {transformation:[-0.9232768249110165f,0f,-0.3841352685997891f,0.0963624470086476f,0f,1f,0f,1.0625f,0.3841352685997891f,0f,-0.9232768249110165f,-0.15299059597397435f,0f,0f,0f,1f],start_interpolation:0}
execute if entity @s[tag=aj.tultaria.bone.right_wing] run data modify entity @s {} merge value {transformation:[-0.6876572141653824f,0f,0.7260355058854252f,-0.025913937330660275f,0f,1f,0f,1.0625f,-0.7260355058854252f,0f,-0.6876572141653824f,-0.17894220156796126f,0f,0f,0f,1f],start_interpolation:0}
execute if entity @s[tag=aj.tultaria.bone.body] run data modify entity @s {} merge value {transformation:[-0.9782110747144633f,0f,0.2076128447518954f,0.385299114981284f,0f,1f,0f,0f,-0.2076128447518954f,0f,-0.9782110747144633f,0.5929119597331793f,0f,0f,0f,1f],start_interpolation:0}
execute if entity @s[tag=aj.tultaria.bone.left_hand] run data modify entity @s {} merge value {transformation:[-0.18679186165634665f,-0.8658062012526694f,0.4642073052972973f,0.5795711684976098f,-0.9823153102277248f,0.17079538832918675f,-0.07671744663172178f,1.026407879794889f,-0.012862025935481799f,-0.4703281377909515f,-0.8823978757289314f,0.008124637718402931f,0f,0f,0f,1f],start_interpolation:0}
execute if entity @s[tag=aj.tultaria.bone.left_arm] run data modify entity @s {} merge value {transformation:[-0.18679186165634665f,-0.9697836106893992f,0.15693485545661273f,0.21398367259378887f,-0.9823153102277248f,0.18646876447170124f,-0.016912456019336476f,1f,-0.012862025935481799f,-0.15731862036843866f,-0.9874641360445482f,0.04541530978947712f,0f,0f,0f,1f],start_interpolation:0}
execute if entity @s[tag=aj.tultaria.bone.rod] run data modify entity @s {} merge value {transformation:[-0.0000017591352427617807f,0.0000074103680536082275f,0.000006480114852974141f,-0.8930132955952249f,0.000009823153102277249f,0.0000017501800403156521f,6.652315053435017e-7f,0.9719492900004092f,-6.41175737917714e-7f,0.000006482539250675103f,-0.000007587198332491537f,-0.07433324469559532f,0f,0f,0f,1f],start_interpolation:0}
execute if entity @s[tag=aj.tultaria.bone.right_hand] run data modify entity @s {} merge value {transformation:[-0.17591352427617807f,0.9822054657200217f,-0.06577883463888531f,-0.5329086002800774f,0.9823153102277248f,0.17079538832918675f,-0.07671744663172178f,1.026407879794889f,-0.0641175737917714f,-0.07811119276517056f,-0.9948806854572356f,-0.22798502766468876f,0f,0f,0f,1f],start_interpolation:0}
execute if entity @s[tag=aj.tultaria.bone.right_arm] run data modify entity @s {} merge value {transformation:[-0.17591352427617807f,0.9500816842469896f,0.2576804711947299f,-0.21398367259378887f,0.9823153102277248f,0.18646876447170124f,-0.016912456019336476f,1f,-0.0641175737917714f,0.2501483422587501f,-0.9660821619284023f,-0.04541530978947712f,0f,0f,0f,1f],start_interpolation:0}
execute if entity @s[tag=aj.tultaria.bone.skirt] run data modify entity @s {} merge value {transformation:[-0.9782110747144633f,0.10580235332471208f,0.17863077936606392f,-0.012975802796993462f,0f,0.8604033126155269f,-0.5096137161029203f,0.453125f,-0.2076128447518954f,-0.49850978091826903f,-0.8416560491215189f,0.06113819216965396f,0f,0f,0f,1f],start_interpolation:0}
execute if entity @s[tag=aj.tultaria.bone.left_foot] run data modify entity @s {} merge value {transformation:[-0.9782110747144633f,0.026191930170058636f,0.2059540630818955f,0.052857068947343086f,0f,0.9920102165548466f,-0.12615756121139282f,0.12890873317106488f,-0.2076128447518954f,-0.12340872353595228f,-0.970395380063844f,0.35303514031780003f,0f,0f,0f,1f],start_interpolation:0}
execute if entity @s[tag=aj.tultaria.bone.left_leg] run data modify entity @s {} merge value {transformation:[-0.9782110747144633f,0.10801515055090141f,0.1773014962075637f,0.12227638433930792f,0f,0.8540006107013521f,-0.5202720028232516f,0.4375f,-0.2076128447518954f,-0.5089358350255793f,-0.8353928552009777f,0.025951605593986925f,0f,0f,0f,1f],start_interpolation:0}
execute if entity @s[tag=aj.tultaria.bone.right_foot] run data modify entity @s {} merge value {transformation:[-0.9782110747144633f,0.09882832206551379f,0.18258164218696712f,-0.21242490016985777f,0f,0.8794332663046863f,-0.4760221949832492f,0.30152579852063943f,-0.2076128447518954f,-0.46565018294250204f,-0.860271360571558f,0.3988018659934732f,0f,0f,0f,1f],start_interpolation:0}
execute if entity @s[tag=aj.tultaria.bone.right_leg] run data modify entity @s {} merge value {transformation:[-0.9782110747144633f,0.1734580012829748f,0.11408512215398695f,-0.12227638433930792f,0f,0.549508978070806f,-0.8354878114129364f,0.4375f,-0.2076128447518954f,-0.8172834299130833f,-0.5375357680038896f,-0.025951605593986925f,0f,0f,0f,1f],start_interpolation:0}
execute if entity @s[tag=aj.tultaria.bone.lower] run data modify entity @s {} merge value {transformation:[-0.9782110747144633f,0f,0.2076128447518954f,0f,0f,1f,0f,0.5f,-0.2076128447518954f,0f,-0.9782110747144633f,0f,0f,0f,0f,1f],start_interpolation:0}