execute if entity @s[tag=aj.tultaria.bone.head] run data modify entity @s {} merge value {transformation:[-0.9998761238148014f,-0.0005304033522105581f,-0.015730724629588022f,0f,-0.0030373745246876985f,0.9871484258643489f,0.15977721886907004f,1.59375f,0.015443813683308272f,0.15980520637895967f,-0.9870277527167578f,0f,0f,0f,0f,1f],start_interpolation:0}
execute if entity @s[tag=aj.tultaria.bone.bust] run data modify entity @s {} merge value {transformation:[-0.9347567805090523f,0f,-0.35528827913731037f,0.6450225298231813f,0f,1f,0f,0.4375f,0.35528827913731037f,0f,-0.9347567805090523f,0.289734250685871f,0f,0f,0f,1f],start_interpolation:0}
execute if entity @s[tag=aj.tultaria.bone.left_wing] run data modify entity @s {} merge value {transformation:[-0.6822542324533054f,0f,-0.7311150130448363f,0.009180022497195406f,0f,1f,0f,1.5f,0.7311150130448363f,0f,-0.6822542324533054f,-0.15176102025218396f,0f,0f,0f,1f],start_interpolation:0}
execute if entity @s[tag=aj.tultaria.bone.right_wing] run data modify entity @s {} merge value {transformation:[-0.9956311312568229f,0f,0.09337371403269334f,-0.10766457506643623f,0f,1f,0f,1.5f,-0.09337371403269334f,0f,-0.9956311312568229f,-0.10734998536002016f,0f,0f,0f,1f],start_interpolation:0}
execute if entity @s[tag=aj.tultaria.bone.body] run data modify entity @s {} merge value {transformation:[-0.9347567805090523f,0f,-0.35528827913731037f,0.6450225298231813f,0f,1f,0f,0.4375f,0.35528827913731037f,0f,-0.9347567805090523f,0.289734250685871f,0f,0f,0f,1f],start_interpolation:0}
execute if entity @s[tag=aj.tultaria.bone.left_hand] run data modify entity @s {} merge value {transformation:[-0.3958195258853186f,-0.9178114422308832f,0.0308068083057621f,0.49496144375110945f,-0.9119690486081881f,0.3889162186197175f,-0.13060103091176747f,1.3880571865203724f,0.10788585314394997f,-0.07978929379689031f,-0.9909562610361751f,-0.29889116996973963f,0f,0f,0f,1f],start_interpolation:0}
execute if entity @s[tag=aj.tultaria.bone.left_arm] run data modify entity @s {} merge value {transformation:[-0.3958195258853186f,-0.8389505727208028f,-0.37348204703754995f,0.2044780457363552f,-0.9119690486081881f,0.4068810591983082f,0.052538158002914004f,1.4375f,0.10788585314394997f,0.3613996959006744f,-0.9261484235770756f,-0.07771931106128664f,0f,0f,0f,1f],start_interpolation:0}
execute if entity @s[tag=aj.tultaria.bone.rod] run data modify entity @s {} merge value {transformation:[-0.000003675506547924f,0.000009293804601769941f,-3.403639820658282e-7f,-0.7207912102419529f,0.00000911969048608188f,0.0000036735417008709677f,0.000001826564209117674f,1.258538733401949f,0.0000018226072133719427f,3.609534541764958e-7f,-0.000009825874798188846f,0.4463445082636715f,0f,0f,0f,1f],start_interpolation:0}
execute if entity @s[tag=aj.tultaria.bone.sword] run data modify entity @s {} merge value {transformation:[-0.000003675506547924f,0.000006331038577143862f,-0.0000068123859367246706f,-0.7642102272826122f,0.00000911969048608188f,0.0000038891621861971755f,-0.0000013060103091176748f,1.280915842846966f,0.0000018226072133719427f,-0.000006692710065748425f,-0.000007203175336030239f,0.4182752714178171f,0f,0f,0f,1f],start_interpolation:0}
execute if entity @s[tag=aj.tultaria.bone.right_hand] run data modify entity @s {} merge value {transformation:[-0.36755065479239996f,0.6331038577143862f,-0.681238593672467f,-0.5685320878081164f,0.9119690486081881f,0.3889162186197175f,-0.13060103091176747f,1.3880571865203724f,0.18226072133719426f,-0.6692710065748424f,-0.7203175336030239f,0.1053281890977276f,0f,0f,0f,1f],start_interpolation:0}
execute if entity @s[tag=aj.tultaria.bone.right_arm] run data modify entity @s {} merge value {transformation:[-0.36755065479239996f,0.8671970645605912f,-0.3359698905842189f,-0.2044780457363552f,0.9119690486081881f,0.4068810591983082f,0.052538158002914004f,1.4375f,0.18226072133719426f,-0.2870837071015296f,-0.9404062816540992f,0.07771931106128664f,0f,0f,0f,1f],start_interpolation:0}
execute if entity @s[tag=aj.tultaria.bone.skirt] run data modify entity @s {} merge value {transformation:[-0.9347567805090523f,-0.042667923966558025f,-0.3527168971806361f,0.02145793941346676f,0f,0.9927625477459656f,-0.12009381246733414f,0.8879434029030169f,0.35528827913731037f,-0.11225850550102315f,-0.9279915229409832f,0.056455435037693916f,0f,0f,0f,1f],start_interpolation:0}
execute if entity @s[tag=aj.tultaria.bone.left_foot] run data modify entity @s {} merge value {transformation:[-0.9347567805090523f,0.09713820163124753f,-0.34175127077481143f,0.17918282347225595f,0f,0.9618985225311437f,0.2734067159972534f,0.4563930538902014f,0.35528827913731037f,0.2555687816151454f,-0.899141166097626f,0.11959966507936941f,0f,0f,0f,1f],start_interpolation:0}
execute if entity @s[tag=aj.tultaria.bone.left_leg] run data modify entity @s {} merge value {transformation:[-0.9347567805090523f,-0.04397076719371518f,-0.3525568506280193f,0.11587600649650316f,0f,0.9923120781920434f,-0.12376081558469179f,0.8750594861511339f,0.35528827913731037f,-0.11568626152912104f,-0.9275704434710413f,-0.04695937977350122f,0f,0f,0f,1f],start_interpolation:0}
execute if entity @s[tag=aj.tultaria.bone.right_foot] run data modify entity @s {} merge value {transformation:[-0.9347567805090523f,0.054399466310949274f,-0.3510989310115247f,0.00010564031302059962f,0f,0.9882085946208017f,0.15311359677566283f,0.5638101264212967f,0.35528827913731037f,0.14312397277417965f,-0.9237346843791158f,0.35210491126430726f,0f,0f,0f,1f],start_interpolation:0}
execute if entity @s[tag=aj.tultaria.bone.right_leg] run data modify entity @s {} merge value {transformation:[-0.9347567805090523f,-0.18241971435606233f,-0.304881631304026f,-0.11781318863075992f,0f,0.8581246531529867f,-0.5134414081967548f,0.8750594861511339f,0.35528827913731037f,-0.4799428377060326f,-0.8021378380567329f,0.041862690010826376f,0f,0f,0f,1f],start_interpolation:0}
execute if entity @s[tag=aj.tultaria.bone.lower] run data modify entity @s {} merge value {transformation:[-0.9347567805090523f,0.015497457074053965f,-0.3549501234210086f,0f,0f,0.9990482215818578f,0.043619387365336f,0.9375f,0.35528827913731037f,0.04077351810139871f,-0.9338670991791517f,0f,0f,0f,0f,1f],start_interpolation:0}