execute if entity @s[tag=aj.tultaria.bone.head] run data modify entity @s {} merge value {transformation:[-0.9235388811046972f,-0.05560677916220631f,0.37945200117945055f,0f,-0.01114140183401513f,0.9929048549432914f,0.11838842086629307f,1.15625f,-0.3833429329634983f,0.10510868252074684f,-0.9176057762490903f,0f,0f,0f,0f,1f],start_interpolation:0}
execute if entity @s[tag=aj.tultaria.bone.bust] run data modify entity @s {} merge value {transformation:[-0.9532913711190371f,0f,0.3020522500329809f,0.3256195605430281f,0f,1f,0f,0f,-0.3020522500329809f,0f,-0.9532913711190371f,0.627671810576009f,0f,0f,0f,1f],start_interpolation:0}
execute if entity @s[tag=aj.tultaria.bone.left_wing] run data modify entity @s {} merge value {transformation:[-0.9463304182677901f,0f,-0.3232007726802485f,0.11527189634702073f,0f,1f,0f,1.0625f,0.3232007726802485f,0f,-0.9463304182677901f,-0.15688578421438237f,0f,0f,0f,1f],start_interpolation:0}
execute if entity @s[tag=aj.tultaria.bone.right_wing] run data modify entity @s {} merge value {transformation:[-0.5875251240308936f,0f,0.809205924738866f,-0.003889525042858888f,0f,1f,0f,1.0625f,-0.809205924738866f,0f,-0.5875251240308936f,-0.19464231546850497f,0f,0f,0f,1f],start_interpolation:0}
execute if entity @s[tag=aj.tultaria.bone.body] run data modify entity @s {} merge value {transformation:[-0.9532913711190371f,0f,0.3020522500329809f,0.3256195605430281f,0f,1f,0f,0f,-0.3020522500329809f,0f,-0.9532913711190371f,0.627671810576009f,0f,0f,0f,1f],start_interpolation:0}
execute if entity @s[tag=aj.tultaria.bone.left_hand] run data modify entity @s {} merge value {transformation:[-0.20341720956254364f,-0.8317716463217664f,0.5165049537312942f,0.5762196983705876f,-0.9783020567145635f,0.19385906768908023f,-0.07310094187338112f,1.0198742607339273f,-0.03932587801744626f,-0.5201678481508625f,-0.8531581829111516f,0.05369183889003916f,0f,0f,0f,1f],start_interpolation:0}
execute if entity @s[tag=aj.tultaria.bone.left_arm] run data modify entity @s {} merge value {transformation:[-0.20341720956254364f,-0.953469616226894f,0.22252444761402623f,0.20853248743228936f,-0.9783020567145635f,0.2070626919905496f,-0.007080071587323274f,1f,-0.03932587801744626f,-0.21913633317587033f,-0.9749014015788421f,0.06607392969471458f,0f,0f,0f,1f],start_interpolation:0}
execute if entity @s[tag=aj.tultaria.bone.rod] run data modify entity @s {} merge value {transformation:[0.01384506865272402f,-0.02574761746591582f,-0.06719075573807433f,-0.8779632298385764f,-0.07168506827137033f,-0.010857911790115308f,-0.010610378235972143f,0.9563147280846948f,0.00622803731151919f,-0.06773765078750728f,0.02724051403441909f,-0.18373490297365752f,0f,0f,0f,1f],start_interpolation:0}
execute if entity @s[tag=aj.tultaria.bone.right_hand] run data modify entity @s {} merge value {transformation:[-0.18894672858564773f,0.9795555569188511f,0.06906550996105748f,-0.501996707248875f,0.9783020567145635f,0.19385906768908023f,-0.07310094187338112f,1.0198742607339273f,-0.08499540919859393f,0.05375474661943774f,-0.9949302526464072f,-0.2879431545721693f,0f,0f,0f,1f],start_interpolation:0}
execute if entity @s[tag=aj.tultaria.bone.right_arm] run data modify entity @s {} merge value {transformation:[-0.18894672858564773f,0.9056868426869006f,0.37951347372736954f,-0.20853248743228936f,0.9783020567145635f,0.2070626919905496f,-0.007080071587323274f,1f,-0.08499540919859393f,0.3699410555337972f,-0.9251591192036662f,-0.06607392969471458f,0f,0f,0f,1f],start_interpolation:0}
execute if entity @s[tag=aj.tultaria.bone.skirt] run data modify entity @s {} merge value {transformation:[-0.9532913711190371f,0.1817187318009173f,0.2412754945340548f,-0.018878265627061307f,0f,0.7987872777233411f,-0.6016135677886045f,0.453125f,-0.3020522500329809f,-0.5735130229210146f,-0.7614770192133269f,0.059580710694939816f,0f,0f,0f,1f],start_interpolation:0}
execute if entity @s[tag=aj.tultaria.bone.left_foot] run data modify entity @s {} merge value {transformation:[-0.9532913711190371f,0.07086948262894506f,0.2936206365054951f,0.008449563024948495f,0f,0.9720855794765138f,-0.23462656749356064f,0.16789762893875348f,-0.3020522500329809f,-0.22366748222688976f,-0.9266807949042095f,0.3871684599794273f,0f,0f,0f,1f],start_interpolation:0}
execute if entity @s[tag=aj.tultaria.bone.left_leg] run data modify entity @s {} merge value {transformation:[-0.9532913711190371f,0.18478943485825378f,0.2389318449155608f,0.11916142138987963f,0f,0.7910281909486586f,-0.6117796998303331f,0.4375f,-0.3020522500329809f,-0.5832043088740512f,-0.7540803487432582f,0.037756531254122615f,0f,0f,0f,1f],start_interpolation:0}
execute if entity @s[tag=aj.tultaria.bone.right_foot] run data modify entity @s {} merge value {transformation:[-0.9532913711190371f,0.18220032993632929f,0.2409120202918052f,-0.25367589256528683f,0f,0.7975839288252285f,-0.6032079877452822f,0.3441839123428234f,-0.3020522500329809f,-0.5750329697076554f,-0.7603298770923106f,0.3867775837811225f,0f,0f,0f,1f],start_interpolation:0}
execute if entity @s[tag=aj.tultaria.bone.right_leg] run data modify entity @s {} merge value {transformation:[-0.9532913711190371f,0.2672388316213133f,0.14077985872866108f,-0.11916142138987963f,0f,0.46607783492190313f,-0.8847437209692482f,0.4375f,-0.3020522500329809f,-0.8434185548517334f,-0.44430797830089325f,-0.037756531254122615f,0f,0f,0f,1f],start_interpolation:0}
execute if entity @s[tag=aj.tultaria.bone.lower] run data modify entity @s {} merge value {transformation:[-0.9532913711190371f,0f,0.3020522500329809f,0f,0f,1f,0f,0.5f,-0.3020522500329809f,0f,-0.9532913711190371f,0f,0f,0f,0f,1f],start_interpolation:0}