execute if entity @s[tag=aj.tultaria.bone.head] run data modify entity @s {} merge value {transformation:[-0.9817460735530648f,-0.03424030989740903f,0.18708887791974632f,0f,-0.007373818681430954f,0.989774413244801f,0.14245082549414456f,1.15625f,-0.19005334477770638f,0.13847097914017667f,-0.9719596257431515f,0f,0f,0f,0f,1f],start_interpolation:0}
execute if entity @s[tag=aj.tultaria.bone.bust] run data modify entity @s {} merge value {transformation:[-0.9982564746015157f,0f,-0.05902551072336078f,0.5286409926624382f,0f,1f,0f,0f,0.05902551072336078f,0f,-0.9982564746015157f,0.46961548193907743f,0f,0f,0f,1f],start_interpolation:0}
execute if entity @s[tag=aj.tultaria.bone.left_wing] run data modify entity @s {} merge value {transformation:[-0.8302018545793751f,0f,-0.5574628962119058f,0.05336139595996414f,0f,1f,0f,1.0625f,0.5574628962119058f,0f,-0.8302018545793751f,-0.15640086593163616f,0f,0f,0f,1f],start_interpolation:0}
execute if entity @s[tag=aj.tultaria.bone.right_wing] run data modify entity @s {} merge value {transformation:[-0.8901113144728211f,0f,0.45574318189904556f,-0.07142066336522535f,0f,1f,0f,1.0625f,-0.45574318189904556f,0f,-0.8901113144728211f,-0.14902267709121608f,0f,0f,0f,1f],start_interpolation:0}
execute if entity @s[tag=aj.tultaria.bone.body] run data modify entity @s {} merge value {transformation:[-0.9982564746015157f,0f,-0.05902551072336078f,0.5286409926624382f,0f,1f,0f,0f,0.05902551072336078f,0f,-0.9982564746015157f,0.46961548193907743f,0f,0f,0f,1f],start_interpolation:0}
execute if entity @s[tag=aj.tultaria.bone.left_hand] run data modify entity @s {} merge value {transformation:[-0.1982392800603061f,-0.9367340974361276f,0.28849682587802516f,0.5673559593821307f,-0.9797349155773928f,0.18077378068959848f,-0.0862573788944942f,1.0216802731695984f,0.028647566035020694f,-0.2997500140378862f,-0.953587566007735f,-0.12901514184643018f,0f,0f,0f,1f],start_interpolation:0}
execute if entity @s[tag=aj.tultaria.bone.left_arm] run data modify entity @s {} merge value {transformation:[-0.1982392800603061f,-0.9781697960286194f,-0.06233007282605346f,0.21836860381908155f,-0.9797349155773928f,0.1996121655289036f,-0.016567394829030024f,1f,0.028647566035020694f,0.05778264021478448f,-0.997918074518183f,-0.01291183047073517f,0f,0f,0f,1f],start_interpolation:0}
execute if entity @s[tag=aj.tultaria.bone.rod] run data modify entity @s {} merge value {transformation:[-0.000002002339224772543f,0.000009148159349469161f,0.000003507394780411427f,-0.8643296948728484f,0.000009797349155773929f,0.0000018881954373001909f,6.683318864267065e-7f,0.9646722777728107f,-5.086402258205286e-8f,0.0000035701398442188196f,-0.000009340851906754974f,0.20588124691874032f,0f,0f,0f,1f],start_interpolation:0}
execute if entity @s[tag=aj.tultaria.bone.right_hand] run data modify entity @s {} merge value {transformation:[-0.2002339224772543f,0.894882814491198f,-0.3988622877857537f,-0.5786064254118684f,0.9797349155773928f,0.18077378068959848f,-0.0862573788944942f,1.0216802731695984f,-0.0050864022582052856f,-0.40805096316943235f,-0.9129449818957145f,-0.06125598700676112f,0f,0f,0f,1f],start_interpolation:0}
execute if entity @s[tag=aj.tultaria.bone.right_arm] run data modify entity @s {} merge value {transformation:[-0.2002339224772543f,0.9781632941241559f,-0.05570409605723246f,-0.21836860381908155f,0.9797349155773928f,0.1996121655289036f,-0.016567394829030024f,1f,-0.0050864022582052856f,-0.05789260229979369f,-0.9983098592676654f,0.01291183047073517f,0f,0f,0f,1f],start_interpolation:0}
execute if entity @s[tag=aj.tultaria.bone.skirt] run data modify entity @s {} merge value {transformation:[-0.9982564746015157f,-0.02000554222594444f,-0.05553187549866771f,0.0036890944202100486f,0f,0.9408114359049439f,-0.33893043839477976f,0.453125f,0.05902551072336078f,-0.33833950456711903f,-0.9391711072712591f,0.06239102966259473f,0f,0f,0f,1f],start_interpolation:0}
execute if entity @s[tag=aj.tultaria.bone.left_foot] run data modify entity @s {} merge value {transformation:[-0.9982564746015157f,0.003409699263023546f,-0.058926945170179275f,0.14066506133139378f,0f,0.998330119435248f,0.05776653554094663f,0.0705893892330352f,0.05902551072336078f,0.057665818119048584f,-0.9965895055159407f,0.2612397255917409f,0f,0f,0f,1f],start_interpolation:0}
execute if entity @s[tag=aj.tultaria.bone.left_leg] run data modify entity @s {} merge value {transformation:[-0.9982564746015157f,-0.020488103143471572f,-0.05535565504748407f,0.12478205932518946f,0f,0.9378259394810408f,-0.3471059020479243f,0.4375f,0.05902551072336078f,-0.34650071409173994f,-0.9361908161361981f,-0.007378188840420097f,0f,0f,0f,1f],start_interpolation:0}
execute if entity @s[tag=aj.tultaria.bone.right_foot] run data modify entity @s {} merge value {transformation:[-0.9982564746015157f,-0.011625679866913003f,-0.05786928791496948f,-0.10123232733666941f,0f,0.9804114730356124f,-0.19696025878369666f,0.2187540071431951f,0.05902551072336078f,-0.19661685357001518f,-0.9787021007314094f,0.4056580536746338f,0f,0f,0f,1f],start_interpolation:0}
execute if entity @s[tag=aj.tultaria.bone.right_leg] run data modify entity @s {} merge value {transformation:[-0.9982564746015157f,-0.04196979200770332f,-0.04150358388119875f,-0.12478205932518946f,0f,0.7031465441394766f,-0.711044961633729f,0.4375f,0.05902551072336078f,-0.7098052366836562f,-0.701920590280913f,0.007378188840420097f,0f,0f,0f,1f],start_interpolation:0}
execute if entity @s[tag=aj.tultaria.bone.lower] run data modify entity @s {} merge value {transformation:[-0.9982564746015157f,0f,-0.05902551072336078f,0f,0f,1f,0f,0.5f,0.05902551072336078f,0f,-0.9982564746015157f,0f,0f,0f,0f,1f],start_interpolation:0}