execute if entity @s[tag=aj.tultaria.bone.head] run data modify entity @s {} merge value {transformation:[0.49439128151269934f,-0.3379838451870489f,0.8008396725667429f,0f,0.1049376065197794f,0.9377794484940083f,0.3309951732581209f,1.15625f,-0.8628820078678956f,-0.07960292943636252f,0.4990971990735058f,0f,0f,0f,0f,1f],start_interpolation:0}
execute if entity @s[tag=aj.tultaria.bone.bust] run data modify entity @s {} merge value {transformation:[0.3084021495745676f,0f,0.9512560718007461f,-0.6298291106876568f,0f,1f,0f,0f,-0.9512560718007461f,0f,0.3084021495745676f,0.32142696111308927f,0f,0f,0f,1f],start_interpolation:0}
execute if entity @s[tag=aj.tultaria.bone.left_wing] run data modify entity @s {} merge value {transformation:[0.4459085388608779f,0f,0.8950785300580933f,0.20948690488029942f,0f,1f,0f,1.0625f,-0.8950785300580933f,0f,0.4459085388608779f,0.1336193434562712f,0f,0f,0f,1f],start_interpolation:0}
execute if entity @s[tag=aj.tultaria.bone.right_wing] run data modify entity @s {} merge value {transformation:[0.1640911989173244f,0f,0.986445172545274f,0.2480371735771204f,0f,1f,0f,1.0625f,-0.986445172545274f,0f,0.1640911989173244f,0.01471233448117798f,0f,0f,0f,1f],start_interpolation:0}
execute if entity @s[tag=aj.tultaria.bone.body] run data modify entity @s {} merge value {transformation:[0.3084021495745676f,0f,0.9512560718007461f,-0.6298291106876568f,0f,1f,0f,0f,-0.9512560718007461f,0f,0.3084021495745676f,0.32142696111308927f,0f,0f,0f,1f],start_interpolation:0}
execute if entity @s[tag=aj.tultaria.bone.left_hand] run data modify entity @s {} merge value {transformation:[0.1844281438021786f,0.8592275043599233f,-0.4771942534493695f,-0.3712728178337675f,-0.9567140150829982f,0.04572999610395384f,-0.2874144408343126f,0.990430550826043f,-0.22513230136400053f,0.5095457420170937f,0.8304688938634597f,0.41629434924360736f,0f,0f,0f,1f],start_interpolation:0}
execute if entity @s[tag=aj.tultaria.bone.left_arm] run data modify entity @s {} merge value {transformation:[0.1844281438021786f,0.9244957246489525f,0.33360742629547574f,-0.06746297021943666f,-0.9567140150829982f,0.24661680647044337f,-0.15452651588024652f,1f,-0.22513230136400053f,-0.2906678617806381f,0.9299610965037304f,0.20808726570641323f,0f,0f,0f,1f],start_interpolation:0}
execute if entity @s[tag=aj.tultaria.bone.rod] run data modify entity @s {} merge value {transformation:[-1.7251662525208796e-7f,0.0000063208592964457024f,0.000007747062396066497f,-0.4420299202410329f,0.000009567140150829983f,0.0000023556869047362238f,-0.0000017089670977614202f,1.0092086073913493f,-0.0000029051794003793386f,0.000007382240646402027f,-0.0000060878941917728265f,-0.47020669569458734f,0f,0f,0f,1f],start_interpolation:0}
execute if entity @s[tag=aj.tultaria.bone.right_hand] run data modify entity @s {} merge value {transformation:[-0.017251662525208794f,0.9947522825976709f,0.10084778830911367f,-0.05639184072826703f,0.9567140150829982f,0.04572999610395384f,-0.2874144408343126f,0.990430550826043f,-0.29051794003793385f,0.09152411552730727f,-0.9524823687570596f,-0.5549454484664796f,0f,0f,0f,1f],start_interpolation:0}
execute if entity @s[tag=aj.tultaria.bone.right_arm] run data modify entity @s {} merge value {transformation:[-0.017251662525208794f,0.5780885384634813f,0.8157916534491343f,0.06746297021943666f,0.9567140150829982f,0.24661680647044337f,-0.15452651588024652f,1f,-0.29051794003793385f,0.7778134689393569f,-0.5573199566251323f,-0.20808726570641323f,0f,0f,0f,1f],start_interpolation:0}
execute if entity @s[tag=aj.tultaria.bone.skirt] run data modify entity @s {} merge value {transformation:[0.3084021495745676f,0.246203188151444f,0.918842807166629f,-0.05945350448754663f,0f,0.9659258262890683f,-0.25881904510252074f,0.453125f,-0.9512560718007461f,0.07982034986045435f,0.29789360115713903f,-0.019275134348410473f,0f,0f,0f,1f],start_interpolation:0}
execute if entity @s[tag=aj.tultaria.bone.left_foot] run data modify entity @s {} merge value {transformation:[0.3084021495745676f,0.021519988668508724f,0.9510126204343944f,-0.21396463888370515f,0f,0.9997440737845795f,-0.022622708339481087f,0.02153506925420151f,-0.9512560718007461f,0.006976891881094453f,0.30832322137959944f,0.0620367608520036f,0f,0f,0f,1f],start_interpolation:0}
execute if entity @s[tag=aj.tultaria.bone.left_leg] run data modify entity @s {} merge value {transformation:[0.3084021495745676f,0.13178030467983515f,0.9420838951156505f,-0.03855026869682095f,0f,0.9903578258715001f,-0.13853294458386214f,0.4375f,-0.9512560718007461f,0.042723857896557534f,0.30542848234676595f,0.11890700897509326f,0f,0f,0f,1f],start_interpolation:0}
execute if entity @s[tag=aj.tultaria.bone.right_foot] run data modify entity @s {} merge value {transformation:[0.3084021495745676f,-0.16201975650306727f,0.9373567691335424f,-0.2260442640114415f,0f,0.9853884741666961f,0.17032191573438343f,0.07741351864978985f,-0.9512560718007461f,-0.05252764493214221f,0.3038959235990123f,-0.20468992807744718f,0f,0f,0f,1f],start_interpolation:0}
execute if entity @s[tag=aj.tultaria.bone.right_leg] run data modify entity @s {} merge value {transformation:[0.3084021495745676f,0.3523299095674959f,0.8836015781798641f,0.03855026869682095f,0f,0.9288787786733274f,-0.3703838745549645f,0.4375f,-0.9512560718007461f,0.11422718308050804f,0.28646821203705314f,-0.11890700897509326f,0f,0f,0f,1f],start_interpolation:0}
execute if entity @s[tag=aj.tultaria.bone.lower] run data modify entity @s {} merge value {transformation:[0.3084021495745676f,0f,0.9512560718007461f,0f,0f,1f,0f,0.5f,-0.9512560718007461f,0f,0.3084021495745676f,0f,0f,0f,0f,1f],start_interpolation:0}