execute if entity @s[tag=aj.tultaria.bone.head] run data modify entity @s {} merge value {transformation:[-0.9888403724199838f,-0.022297394110924174f,0.1473008624827767f,0f,-0.003976264828320631f,0.9923341404951862f,0.12351980782730805f,1.15625f,-0.14892584460167696f,0.12155566553452855f,-0.9813487213962909f,0f,0f,0f,0f,1f],start_interpolation:0}
execute if entity @s[tag=aj.tultaria.bone.bust] run data modify entity @s {} merge value {transformation:[-0.9898377514793428f,0f,0.14220135634486328f,0.42381819756723976f,0f,1f,0f,0f,-0.14220135634486328f,0f,-0.9898377514793428f,0.566019553912103f,0f,0f,0f,1f],start_interpolation:0}
execute if entity @s[tag=aj.tultaria.bone.left_wing] run data modify entity @s {} merge value {transformation:[-0.8827582275677852f,0f,-0.4698275339540907f,0.09158949338693834f,0f,1f,0f,1.0625f,0.4698275339540907f,0f,-0.8827582275677852f,-0.198020180095676f,0f,0f,0f,1f],start_interpolation:0}
execute if entity @s[tag=aj.tultaria.bone.right_wing] run data modify entity @s {} merge value {transformation:[-0.71479497755217f,0f,0.6993340690014986f,-0.03214022554797946f,0f,1f,0f,1.0625f,-0.6993340690014986f,0f,-0.71479497755217f,-0.215795349638784f,0f,0f,0f,1f],start_interpolation:0}
execute if entity @s[tag=aj.tultaria.bone.body] run data modify entity @s {} merge value {transformation:[-0.9898377514793428f,0f,0.14220135634486328f,0.42381819756723976f,0f,1f,0f,0f,-0.14220135634486328f,0f,-0.9898377514793428f,0.566019553912103f,0f,0f,0f,1f],start_interpolation:0}
execute if entity @s[tag=aj.tultaria.bone.left_hand] run data modify entity @s {} merge value {transformation:[-0.2531865125057879f,-0.8626879838467523f,0.43779679351450546f,0.5802674472199922f,-0.9669462120585433f,0.23979111701083114f,-0.0866905022959985f,1.0035391747959819f,-0.030192927496206272f,-0.4452748170839261f,-0.8948847548148783f,-0.027396057658900044f,0f,0f,0f,1f],start_interpolation:0}
execute if entity @s[tag=aj.tultaria.bone.left_arm] run data modify entity @s {} merge value {transformation:[-0.2531865125057879f,-0.9624796130677302f,0.09761958980731877f,0.21652700813610626f,-0.9669462120585433f,0.2549207964687772f,0.005514572817445985f,1f,-0.030192927496206272f,-0.09299667712728735f,-0.9952085234625414f,0.03110654670043884f,0f,0f,0f,1f],start_interpolation:0}
execute if entity @s[tag=aj.tultaria.bone.rod] run data modify entity @s {} merge value {transformation:[0.006551023769149127f,-0.014465640994270147f,-0.020654423573544432f,-0.8854973879427609f,-0.025192166729797086f,-0.004687212078191494f,-0.004707512437223538f,0.92445381870392f,0.0011021424538605303f,-0.02115540518433529f,0.015166080853419299f,0.0022551777164569464f,0f,0f,0f,1f],start_interpolation:0}
execute if entity @s[tag=aj.tultaria.bone.right_hand] run data modify entity @s {} merge value {transformation:[-0.25144671701429516f,0.9531492123938555f,-0.1681699361232736f,-0.5490876753104743f,0.9669462120585433f,0.23979111701083114f,-0.0866905022959985f,1.0035391747959819f,-0.04230332715481879f,-0.18440932491517562f,-0.9819387095923866f,-0.18964065782578216f,0f,0f,0f,1f],start_interpolation:0}
execute if entity @s[tag=aj.tultaria.bone.right_arm] run data modify entity @s {} merge value {transformation:[-0.25144671701429516f,0.9497343089460815f,0.18649206662333456f,-0.21652700813610626f,0.9669462120585433f,0.2549207964687772f,0.005514572817445985f,1f,-0.04230332715481879f,0.18171441863108592f,-0.982440989868195f,-0.03110654670043884f,0f,0f,0f,1f],start_interpolation:0}
execute if entity @s[tag=aj.tultaria.bone.skirt] run data modify entity @s {} merge value {transformation:[-0.9898377514793428f,0.09989034231652497f,0.10120842483808475f,-0.008887584771553955f,0f,0.7117261567648943f,-0.7024570291317991f,0.453125f,-0.14220135634486328f,-0.6953184862266792f,-0.7044934186811972f,0.06186485946745893f,0f,0f,0f,1f],start_interpolation:0}
execute if entity @s[tag=aj.tultaria.bone.left_foot] run data modify entity @s {} merge value {transformation:[-0.9898377514793428f,0.052806242572158095f,0.13203305075521501f,0.06723265895124782f,0f,0.9284936103915329f,-0.37134837479393434f,0.21573123892787915f,-0.14220135634486328f,-0.36757464032153625f,-0.9190580275728919f,0.4110409178936834f,0f,0f,0f,1f],start_interpolation:0}
execute if entity @s[tag=aj.tultaria.bone.left_leg] run data modify entity @s {} merge value {transformation:[-0.9898377514793428f,0.10034951928964204f,0.10075316235561316f,0.12372971893491785f,0f,0.7085246227277118f,-0.7056860909700244f,0.4375f,-0.14220135634486328f,-0.698514733536016f,-0.701324419428548f,0.01777516954310791f,0f,0f,0f,1f],start_interpolation:0}
execute if entity @s[tag=aj.tultaria.bone.right_foot] run data modify entity @s {} merge value {transformation:[-0.9898377514793428f,0.09263986964564144f,0.10788456932461354f,-0.1872406646296909f,0f,0.7586746856547171f,-0.6514696626449432f,0.35057649759045756f,-0.14220135634486328f,-0.6448492660294767f,-0.7509648449527624f,0.42431296025208787f,0f,0f,0f,1f],start_interpolation:0}
execute if entity @s[tag=aj.tultaria.bone.right_leg] run data modify entity @s {} merge value {transformation:[-0.9898377514793428f,0.12674878188125147f,0.06446682897380425f,-0.12372971893491785f,0f,0.4533489034904904f,-0.8913331429403767f,0.4375f,-0.14220135634486328f,-0.8822751940271182f,-0.4487418592666526f,-0.01777516954310791f,0f,0f,0f,1f],start_interpolation:0}
execute if entity @s[tag=aj.tultaria.bone.lower] run data modify entity @s {} merge value {transformation:[-0.9898377514793428f,0f,0.14220135634486328f,0f,0f,1f,0f,0.5f,-0.14220135634486328f,0f,-0.9898377514793428f,0f,0f,0f,0f,1f],start_interpolation:0}