execute if entity @s[tag=aj.tultaria.bone.head] run data modify entity @s {} merge value {transformation:[-0.6759197958399765f,-0.19582453895965166f,0.7104823569469435f,0f,0.1337018599595305f,0.9154709975929148f,0.37952162680089185f,1.15625f,-0.7247456396798855f,0.35151899309635204f,-0.5926028647057997f,0f,0f,0f,0f,1f],start_interpolation:0}
execute if entity @s[tag=aj.tultaria.bone.bust] run data modify entity @s {} merge value {transformation:[-0.861862635425285f,0f,0.5071417924582653f,0.17736042148350983f,0f,1f,0f,0f,-0.5071417924582653f,0f,-0.861862635425285f,0.6845022139417751f,0f,0f,0f,1f],start_interpolation:0}
execute if entity @s[tag=aj.tultaria.bone.left_wing] run data modify entity @s {} merge value {transformation:[-0.6068327364319601f,0f,0.7948295603426555f,0.17923592294410318f,0f,1f,0f,1.0625f,-0.7948295603426555f,0f,-0.6068327364319601f,-0.1813629763495722f,0f,0f,0f,1f],start_interpolation:0}
execute if entity @s[tag=aj.tultaria.bone.right_wing] run data modify entity @s {} merge value {transformation:[-0.9895053575117829f,0f,0.14449618491669136f,0.07150309351594253f,0f,1f,0f,1.0625f,-0.14449618491669136f,0f,-0.9895053575117829f,-0.24475570040685535f,0f,0f,0f,1f],start_interpolation:0}
execute if entity @s[tag=aj.tultaria.bone.body] run data modify entity @s {} merge value {transformation:[-0.861862635425285f,0f,0.5071417924582653f,0.17736042148350983f,0f,1f,0f,0f,-0.5071417924582653f,0f,-0.861862635425285f,0.6845022139417751f,0f,0f,0f,1f],start_interpolation:0}
execute if entity @s[tag=aj.tultaria.bone.left_hand] run data modify entity @s {} merge value {transformation:[-0.16632226502531106f,0.9153712777836258f,0.3666501438232662f,0.22823087811017656f,-0.9517844252498194f,-0.05182979653294015f,-0.3023575367726507f,0.9923841190959154f,-0.25776600242995784f,-0.3992606867700922f,0.8798565746706408f,0.4771451599462001f,0f,0f,0f,1f],start_interpolation:0}
execute if entity @s[tag=aj.tultaria.bone.left_arm] run data modify entity @s {} merge value {transformation:[-0.16632226502531106f,0.1935703126295114f,0.966885431799116f,0.18853245149928108f,-0.9517844252498194f,0.22480628038146455f,-0.20873079349468576f,1f,-0.25776600242995784f,-0.9549830733419118f,0.14684691900654706f,0.11093726710024554f,0f,0f,0f,1f],start_interpolation:0}
execute if entity @s[tag=aj.tultaria.bone.rod] run data modify entity @s {} merge value {transformation:[-0.28039293169733676f,0.749387618880289f,-0.4459625833713449f,-0.3737295380110428f,0.8718494051604792f,0.230950230170255f,-0.1600788279247618f,1.0496149848923493f,-0.018521442158534414f,-0.47346046624546945f,-0.7839494679678858f,0.39163073871996973f,0f,0f,0f,1f],start_interpolation:0}
execute if entity @s[tag=aj.tultaria.bone.right_hand] run data modify entity @s {} merge value {transformation:[-0.3061005992090329f,-0.09549451645570106f,-0.9471975614890289f,-0.5279396768680593f,0.9517844252498194f,-0.05182979653294015f,-0.3023575367726507f,0.9923841190959154f,-0.02021957011763245f,-0.9940797098413414f,0.10675532523491404f,0.03219526318383098f,0f,0f,0f,1f],start_interpolation:0}
execute if entity @s[tag=aj.tultaria.bone.right_arm] run data modify entity @s {} merge value {transformation:[-0.3061005992090329f,0.7408200040426197f,-0.5979031232349967f,-0.18853245149928108f,0.9517844252498194f,0.22480628038146455f,-0.20873079349468576f,1f,-0.02021957011763245f,-0.6329675014653935f,-0.7739142788919939f,-0.11093726710024554f,0f,0f,0f,1f],start_interpolation:0}
execute if entity @s[tag=aj.tultaria.bone.skirt] run data modify entity @s {} merge value {transformation:[-0.861862635425285f,0.03614381007726169f,0.5058521747021367f,-0.03169636202864158f,0f,0.9974570864099419f,-0.0712696342812964f,0.453125f,-0.5071417924582653f,-0.06142463482747435f,-0.8596709932168988f,0.05386641471408031f,0f,0f,0f,1f],start_interpolation:0}
execute if entity @s[tag=aj.tultaria.bone.left_foot] run data modify entity @s {} merge value {transformation:[-0.861862635425285f,-0.06147900666512211f,0.5034015587950161f,0.06420861890100574f,0f,0.9926248758850673f,0.12122646482577445f,-0.009339721792270494f,-0.5071417924582653f,0.10448056045803258f,-0.8555062915190004f,0.1373599879420194f,0f,0f,0f,1f],start_interpolation:0}
execute if entity @s[tag=aj.tultaria.bone.left_leg] run data modify entity @s {} merge value {transformation:[-0.861862635425285f,-0.04484610451697662f,0.5051550500266573f,0.10773282942816062f,0f,0.9960824714879488f,0.08842912413034305f,0.4375f,-0.5071417924582653f,0.07621375797132712f,-0.8584862639775348f,0.06339272405728316f,0f,0f,0f,1f],start_interpolation:0}
execute if entity @s[tag=aj.tultaria.bone.right_foot] run data modify entity @s {} merge value {transformation:[-0.861862635425285f,-0.19593361501113968f,0.46776363279593325f,-0.21362715761944007f,0f,0.9223527615985769f,0.38634878435356684f,0.033233702556692835f,-0.5071417924582653f,0.33297958147632023f,-0.794941381903139f,0.11656949977982412f,0f,0f,0f,1f],start_interpolation:0}
execute if entity @s[tag=aj.tultaria.bone.right_leg] run data modify entity @s {} merge value {transformation:[-0.861862635425285f,0.09999083106633237f,0.49718671679807214f,-0.10773282942816062f,0f,0.9803702321357939f,-0.1971654329288214f,0.4375f,-0.5071417924582653f,-0.1699295196388013f,-0.8449444719610537f,-0.06339272405728316f,0f,0f,0f,1f],start_interpolation:0}
execute if entity @s[tag=aj.tultaria.bone.lower] run data modify entity @s {} merge value {transformation:[-0.861862635425285f,0f,0.5071417924582653f,0f,0f,1f,0f,0.5f,-0.5071417924582653f,0f,-0.861862635425285f,0f,0f,0f,0f,1f],start_interpolation:0}