execute if entity @s[tag=aj.tultaria.bone.head] run data modify entity @s {} merge value {transformation:[-0.9396926065209984f,-9.682106162906262e-8f,0.34202018251817046f,0f,0.1445438793842749f,0.9063078049980593f,0.39713124975522124f,1.15625f,-0.30997559933374785f,0.4226182232223196f,-0.8516507295940593f,0f,0f,0f,0f,1f],start_interpolation:0}
execute if entity @s[tag=aj.tultaria.bone.bust] run data modify entity @s {} merge value {transformation:[-1f,0f,3.6739403974420594e-16f,0.49999999999999983f,0f,1f,0f,0f,-3.6739403974420594e-16f,0f,-1f,0.5000000000000002f,0f,0f,0f,1f],start_interpolation:0}
execute if entity @s[tag=aj.tultaria.bone.left_wing] run data modify entity @s {} merge value {transformation:[-0.8870108331782215f,0f,0.46174861323503424f,0.06250000000000011f,0f,1f,0f,1.0625f,-0.46174861323503424f,0f,-0.8870108331782215f,-0.2499999999999999f,0f,0f,0f,1f],start_interpolation:0}
execute if entity @s[tag=aj.tultaria.bone.right_wing] run data modify entity @s {} merge value {transformation:[-0.8870108331782219f,0f,-0.4617486132350336f,-0.062499999999999944f,0f,1f,0f,1.0625f,0.4617486132350336f,0f,-0.8870108331782219f,-0.25f,0f,0f,0f,1f],start_interpolation:0}
execute if entity @s[tag=aj.tultaria.bone.body] run data modify entity @s {} merge value {transformation:[-1f,0f,3.6739403974420594e-16f,0.49999999999999983f,0f,1f,0f,0f,-3.6739403974420594e-16f,0f,-1f,0.5000000000000002f,0f,0f,0f,1f],start_interpolation:0}
execute if entity @s[tag=aj.tultaria.bone.left_hand] run data modify entity @s {} merge value {transformation:[-0.27518263934337156f,0.7056554385788749f,0.6529356147493195f,0.40553875499524583f,-0.9495622733692188f,-0.09328303989656261f,-0.29938230318697423f,0.9943223174325858f,-0.15035293145761064f,-0.7023878390687812f,0.6957336555970187f,0.31752151490566705f,0f,0f,0f,1f],start_interpolation:0}
execute if entity @s[tag=aj.tultaria.bone.left_arm] run data modify entity @s {} merge value {transformation:[-0.27518263934337156f,-0.21263111011908245f,0.9375833435026151f,0.21875f,-0.9495622733692188f,0.21263116005513327f,-0.2304766338861477f,1f,-0.15035293145761064f,-0.9537169395492223f,-0.260418884144311f,8.036744619404505e-17f,0f,0f,0f,1f],start_interpolation:0}
execute if entity @s[tag=aj.tultaria.bone.rod] run data modify entity @s {} merge value {transformation:[-0.000002751826393433717f,-3.7278544932838123e-7f,-0.000009606689466677407f,-0.05930101368450308f,0.00000949562273369219f,0.0000014573418667020176f,-0.000002776563268313111f,1.0667262452921686f,0.0000015035293145761043f,-0.000009886211898008586f,-4.7052182561434946e-8f,0.4939502476068327f,0f,0f,0f,1f],start_interpolation:0}
execute if entity @s[tag=aj.tultaria.bone.sword] run data modify entity @s {} merge value {transformation:[-0.000002751826393433717f,-0.000007056554385788746f,-0.0000065293561474932f,-0.09850682810535794f,0.00000949562273369219f,-9.328303989656262e-7f,-0.0000029938230318697426f,1.0823665208730673f,0.0000015035293145761043f,-0.000007023878390687817f,0.000006957336555970182f,0.5312612918209934f,0f,0f,0f,1f],start_interpolation:0}
execute if entity @s[tag=aj.tultaria.bone.right_hand] run data modify entity @s {} merge value {transformation:[-0.27518263934337167f,-0.7056554385788745f,-0.6529356147493199f,-0.40553875499524605f,0.9495622733692188f,-0.09328303989656261f,-0.29938230318697423f,0.9943223174325858f,0.15035293145761042f,-0.7023878390687817f,0.6957336555970182f,0.3175215149056668f,0f,0f,0f,1f],start_interpolation:0}
execute if entity @s[tag=aj.tultaria.bone.right_arm] run data modify entity @s {} merge value {transformation:[-0.27518263934337167f,0.21263111011908317f,-0.9375833435026149f,-0.21875f,0.9495622733692188f,0.21263116005513327f,-0.2304766338861477f,1f,0.15035293145761042f,-0.9537169395492221f,-0.2604188841443117f,-8.036744619404505e-17f,0f,0f,0f,1f],start_interpolation:0}
execute if entity @s[tag=aj.tultaria.bone.skirt] run data modify entity @s {} merge value {transformation:[-1f,-1.6025502935318168e-17f,3.670443620262233e-16f,-2.2189077176545917e-17f,0f,0.9990482215818578f,0.043619387365336f,0.45044340290301693f,-3.6739403974420594e-16f,0.043619387365336f,-0.9990482215818578f,0.060395855066115986f,0f,0f,0f,1f],start_interpolation:0}
execute if entity @s[tag=aj.tultaria.bone.left_foot] run data modify entity @s {} merge value {transformation:[-1f,-7.951862412539595e-17f,3.586853340419303e-16f,0.12499999999999999f,0f,0.9762960071199334f,0.21643961393810285f,-0.016624968706099807f,-3.6739403974420594e-16f,0.21643961393810285f,-0.9762960071199334f,0.02461845808173822f,0f,0f,0f,1f],start_interpolation:0}
execute if entity @s[tag=aj.tultaria.bone.left_leg] run data modify entity @s {} merge value {transformation:[-1f,-7.951862412539595e-17f,3.586853340419303e-16f,0.125f,0f,0.9762960071199334f,0.21643961393810285f,0.4375594861511339f,-3.6739403974420594e-16f,0.21643961393810285f,-0.9762960071199334f,-0.002726211710333454f,0f,0f,0f,1f],start_interpolation:0}
execute if entity @s[tag=aj.tultaria.bone.right_foot] run data modify entity @s {} merge value {transformation:[-1f,-1.8369701987210297e-16f,3.1817257161747205e-16f,-0.12500000000000006f,0f,0.8660254037844387f,0.5f,0.012618773579452458f,-3.6739403974420594e-16f,0.5f,-0.8660254037844387f,0.1599287630032351f,0f,0f,0f,1f],start_interpolation:0}
execute if entity @s[tag=aj.tultaria.bone.right_leg] run data modify entity @s {} merge value {transformation:[-1f,3.202050041496891e-17f,3.65995994503686e-16f,-0.125f,0f,0.9961946980917455f,-0.08715574274765817f,0.4375594861511339f,-3.6739403974420594e-16f,-0.08715574274765817f,-0.9961946980917455f,-0.002726211710333546f,0f,0f,0f,1f],start_interpolation:0}
execute if entity @s[tag=aj.tultaria.bone.lower] run data modify entity @s {} merge value {transformation:[-1f,-1.6025502935318168e-17f,3.670443620262233e-16f,0f,0f,0.9990482215818578f,0.043619387365336f,0.5f,-3.6739403974420594e-16f,0.043619387365336f,-0.9990482215818578f,0f,0f,0f,0f,1f],start_interpolation:0}