execute if entity @s[tag=aj.tultaria.bone.head] run data modify entity @s {} merge value {transformation:[0.8329195563792013f,0.09050647109287477f,-0.5459428461765835f,0f,0.06532451583548603f,0.9635578200162074f,0.2594013013006556f,1.15625f,0.5495249950929744f,-0.25172386890386217f,0.7966538605894893f,0f,0f,0f,0f,1f],start_interpolation:0}
execute if entity @s[tag=aj.tultaria.bone.bust] run data modify entity @s {} merge value {transformation:[0.8883062743385731f,0f,-0.4592515247342389f,-0.2145273748021671f,0f,1f,0f,0f,0.4592515247342389f,0f,0.8883062743385731f,-0.673778899536406f,0f,0f,0f,1f],start_interpolation:0}
execute if entity @s[tag=aj.tultaria.bone.left_wing] run data modify entity @s {} merge value {transformation:[0.9488654311924684f,0f,-0.3156808411797123f,-0.16203591732703954f,0f,1f,0f,1.0625f,0.3156808411797123f,0f,0.9488654311924684f,0.177326623089476f,0f,0f,0f,1f],start_interpolation:0}
execute if entity @s[tag=aj.tultaria.bone.right_wing] run data modify entity @s {} merge value {transformation:[0.806179083200448f,0f,-0.5916716030114042f,-0.05099763303471788f,0f,1f,0f,1.0625f,0.5916716030114042f,0f,0.806179083200448f,0.2347330636812559f,0f,0f,0f,1f],start_interpolation:0}
execute if entity @s[tag=aj.tultaria.bone.body] run data modify entity @s {} merge value {transformation:[0.8883062743385731f,0f,-0.4592515247342389f,-0.2145273748021671f,0f,1f,0f,0f,0.4592515247342389f,0f,0.8883062743385731f,-0.673778899536406f,0f,0f,0f,1f],start_interpolation:0}
execute if entity @s[tag=aj.tultaria.bone.left_hand] run data modify entity @s {} merge value {transformation:[0.2070589915585312f,-0.16650675429955725f,-0.964055016473329f,-0.4563481462045742f,-0.9615935582845432f,0.14684545868769103f,-0.2318927336689806f,0.992561030829027f,0.1801788075230692f,0.9750445692559024f,-0.12970614975449812f,-0.3593560881955848f,0f,0f,0f,1f],start_interpolation:0}
execute if entity @s[tag=aj.tultaria.bone.left_arm] run data modify entity @s {} merge value {transformation:[0.2070589915585312f,0.4721076311217879f,-0.8568786137203669f,-0.19431699751156287f,-0.9615935582845432f,0.25951751342651985f,-0.08937834687768195f,1f,0.1801788075230692f,0.8424755455569555f,0.5077110915255593f,-0.10046127103561477f,0f,0f,0f,1f],start_interpolation:0}
execute if entity @s[tag=aj.tultaria.bone.rod] run data modify entity @s {} merge value {transformation:[0.000002667266099770558f,-0.000009634349097802935f,-2.5496865430578747e-7f,0.7363798747641926f,0.000009615935582845432f,0.000002678083441097376f,-6.013750486070687e-7f,0.9664805755297655f,6.476684488083903e-7f,-8.477348750517265e-8f,0.000009978644148191394f,-0.1867309031430433f,0f,0f,0f,1f],start_interpolation:0}
execute if entity @s[tag=aj.tultaria.bone.right_hand] run data modify entity @s {} merge value {transformation:[0.2667266099770558f,-0.6992803643824581f,0.6632223514925321f,0.5570525320573374f,0.9615935582845432f,0.14684545868769103f,-0.2318927336689806f,0.992561030829027f,0.06476684488083903f,0.6996023036353853f,0.7115910852113334f,0.16456884637164296f,0f,0f,0f,1f],start_interpolation:0}
execute if entity @s[tag=aj.tultaria.bone.right_arm] run data modify entity @s {} merge value {transformation:[0.2667266099770558f,-0.9603472624228645f,0.08117912962736884f,0.19431699751156287f,0.9615935582845432f,0.25951751342651985f,-0.08937834687768195f,1f,0.06476684488083903f,0.1019009115848612f,0.9926839678479528f,0.10046127103561477f,0f,0f,0f,1f],start_interpolation:0}
execute if entity @s[tag=aj.tultaria.bone.skirt] run data modify entity @s {} merge value {transformation:[0.8883062743385731f,-0.22056941266531518f,-0.40281645592900145f,0.028703220295889932f,0f,0.8771151193501306f,-0.4802801967678931f,0.453125f,0.4592515247342389f,0.4266359122294839f,0.7791468638359474f,-0.05551914214616082f,0f,0f,0f,1f],start_interpolation:0}
execute if entity @s[tag=aj.tultaria.bone.left_foot] run data modify entity @s {} merge value {transformation:[0.8883062743385731f,-0.09224948180472212f,-0.4498910935743044f,0.024232901407065424f,0f,0.9796180727644808f,-0.20086919005463363f,0.09069561658170322f,0.4592515247342389f,0.17843336184683836f,0.8702008804921493f,-0.31905444070134864f,0f,0f,0f,1f],start_interpolation:0}
execute if entity @s[tag=aj.tultaria.bone.left_leg] run data modify entity @s {} merge value {transformation:[0.8883062743385731f,-0.18969280487757545f,-0.41824466852358244f,-0.11103828429232164f,0f,0.9107093738352062f,-0.4130477410768477f,0.4375f,0.4592515247342389f,0.3669128999999382f,0.8089888508767669f,-0.057406440591779864f,0f,0f,0f,1f],start_interpolation:0}
execute if entity @s[tag=aj.tultaria.bone.right_foot] run data modify entity @s {} merge value {transformation:[0.8883062743385731f,-0.05749554939079857f,-0.45563826087256265f,0.27418416989682076f,0f,0.9921322768307255f,-0.12519403049139632f,0.15318737835854007f,0.4592515247342389f,0.11121064279524195f,0.8813173264825476f,-0.2581581378793846f,0f,0f,0f,1f],start_interpolation:0}
execute if entity @s[tag=aj.tultaria.bone.right_leg] run data modify entity @s {} merge value {transformation:[0.8883062743385731f,-0.2659257929815654f,-0.37442680940051404f,0.11103828429232164f,0f,0.815297912439569f,-0.5790417204068122f,0.4375f,0.4592515247342389f,0.5143663933411731f,0.7242342510752097f,0.057406440591779864f,0f,0f,0f,1f],start_interpolation:0}
execute if entity @s[tag=aj.tultaria.bone.lower] run data modify entity @s {} merge value {transformation:[0.8883062743385731f,0f,-0.4592515247342389f,0f,0f,1f,0f,0.5f,0.4592515247342389f,0f,0.8883062743385731f,0f,0f,0f,0f,1f],start_interpolation:0}