execute if entity @s[tag=aj.tultaria.bone.head] run data modify entity @s {} merge value {transformation:[-0.9929181653670802f,0.01904177260543255f,-0.11726434999655516f,0f,-0.0009619691447099593f,0.9857499194416347f,0.16821465731670124f,1.59375f,0.11879642881600527f,0.16713619361722223f,-0.9787506839250281f,0f,0f,0f,0f,1f],start_interpolation:0}
execute if entity @s[tag=aj.tultaria.bone.bust] run data modify entity @s {} merge value {transformation:[-0.8694982970287168f,0f,-0.49393593862378693f,0.6817171178262519f,0f,1f,0f,0.4375f,0.49393593862378693f,0f,-0.8694982970287168f,0.18778117920246495f,0f,0f,0f,1f],start_interpolation:0}
execute if entity @s[tag=aj.tultaria.bone.left_wing] run data modify entity @s {} merge value {transformation:[-0.5937467165781908f,0f,-0.8046519971718318f,-0.010429139683074129f,0f,1f,0f,1.5f,0.8046519971718318f,0f,-0.5937467165781908f,-0.14489352484314455f,0f,0f,0f,1f],start_interpolation:0}
execute if entity @s[tag=aj.tultaria.bone.right_wing] run data modify entity @s {} merge value {transformation:[-0.9951889023356851f,0f,-0.09797473484472602f,-0.11911642681166368f,0f,1f,0f,1.5f,0.09797473484472602f,0f,-0.9951889023356851f,-0.08315153251517116f,0f,0f,0f,1f],start_interpolation:0}
execute if entity @s[tag=aj.tultaria.bone.body] run data modify entity @s {} merge value {transformation:[-0.8694982970287168f,0f,-0.49393593862378693f,0.6817171178262519f,0f,1f,0f,0.4375f,0.49393593862378693f,0f,-0.8694982970287168f,0.18778117920246495f,0f,0f,0f,1f],start_interpolation:0}
execute if entity @s[tag=aj.tultaria.bone.left_hand] run data modify entity @s {} merge value {transformation:[-0.6740397793417616f,-0.7325217179683121f,-0.09530114673844137f,0.39897935512386046f,-0.701057384649978f,0.6750062547322161f,-0.22996760532761817f,1.283608289958784f,0.2327851354632463f,-0.08819574126418572f,-0.9685208267921857f,-0.36971976751055785f,0f,0f,0f,1f],start_interpolation:0}
execute if entity @s[tag=aj.tultaria.bone.left_arm] run data modify entity @s {} merge value {transformation:[-0.6740397793417616f,-0.5561230685417958f,-0.4862072690741742f,0.19020275247503182f,-0.701057384649978f,0.6890103450028136f,0.18380230658736668f,1.4375f,0.2327851354632463f,0.46474926262960414f,-0.8542945648853195f,-0.10804848657395338f,0f,0f,0f,1f],start_interpolation:0}
execute if entity @s[tag=aj.tultaria.bone.rod] run data modify entity @s {} merge value {transformation:[-0.000005450966248033618f,0.00000765407387695668f,-0.000003420836162239818f,-0.5362324431359349f,0.00000701057384649978f,0.000006399131532448745f,0.000003146898468840938f,1.059226895100155f,0.000004597697391692016f,-6.828387192518542e-7f,-0.000008854090014107547f,0.4784981326321552f,0f,0f,0f,1f],start_interpolation:0}
execute if entity @s[tag=aj.tultaria.bone.sword] run data modify entity @s {} merge value {transformation:[-0.000005450966248033618f,0.000002993351094450936f,-0.000007831143989746816f,-0.5899752001129781f,0.00000701057384649978f,0.000006750062547322161f,-0.000002299676053276182f,1.070355206870735f,0.000004597697391692016f,-0.000006743626979051263f,-0.000005777947201371816f,0.46578180947476233f,0f,0f,0f,1f],start_interpolation:0}
execute if entity @s[tag=aj.tultaria.bone.right_hand] run data modify entity @s {} merge value {transformation:[-0.5450966248033617f,0.29933510944509356f,-0.7831143989746816f,-0.52187107696586f,0.701057384649978f,0.6750062547322161f,-0.22996760532761817f,1.283608289958784f,0.4597697391692016f,-0.6743626979051263f,-0.5777947201371816f,0.15338778090058508f,0f,0f,0f,1f],start_interpolation:0}
execute if entity @s[tag=aj.tultaria.bone.right_arm] run data modify entity @s {} merge value {transformation:[-0.5450966248033617f,0.6839630965182214f,-0.48483414919866064f,-0.19020275247503182f,0.701057384649978f,0.6890103450028136f,0.18380230658736668f,1.4375f,0.4597697391692016f,-0.23970654367436403f,-0.8550745931577985f,0.10804848657395338f,0f,0f,0f,1f],start_interpolation:0}
execute if entity @s[tag=aj.tultaria.bone.skirt] run data modify entity @s {} merge value {transformation:[-0.8694982970287168f,-0.013678733095346993f,-0.4937464974306832f,0.029831683361068197f,0f,0.9996164660671756f,-0.0276933343491039f,0.8879434029030169f,0.49393593862378693f,-0.024079307055592712f,-0.8691648149272734f,0.052514093127581055f,0f,0f,0f,1f],start_interpolation:0}
execute if entity @s[tag=aj.tultaria.bone.left_foot] run data modify entity @s {} merge value {transformation:[-0.8694982970287168f,0.17699902009164847f,-0.46113344961166897f,0.17529910842996207f,0f,0.9335895883512488f,0.3583440811875449f,0.4413527929810242f,0.49393593862378693f,0.3115795683428905f,-0.8117545571951515f,0.05551788016662407f,0f,0f,0f,1f],start_interpolation:0}
execute if entity @s[tag=aj.tultaria.bone.left_leg] run data modify entity @s {} merge value {transformation:[-0.8694982970287168f,-0.014267810274121856f,-0.49372982597179915f,0.10734071318855887f,0f,0.9995827137977406f,-0.028885952931214272f,0.8750594861511339f,0.49393593862378693f,-0.02511628688174248f,-0.8691354673864786f,-0.06411242876744809f,0f,0f,0f,1f],start_interpolation:0}
execute if entity @s[tag=aj.tultaria.bone.right_foot] run data modify entity @s {} merge value {transformation:[-0.8694982970287168f,0.15218036275971297f,-0.4699083406947397f,0.036405904395243854f,0f,0.951354829543294f,0.3080973682209085f,0.5299019936163989f,0.49393593862378693f,0.2678901369871094f,-0.8272014041579392f,0.31715625372377115f,0f,0f,0f,1f],start_interpolation:0}
execute if entity @s[tag=aj.tultaria.bone.right_leg] run data modify entity @s {} merge value {transformation:[-0.8694982970287168f,-0.20652286132851175f,-0.44868810906112244f,-0.11003386106862034f,0f,0.9083933238615218f,-0.41811669323744577f,0.8750594861511339f,0.49393593862378693f,-0.3635517527292375f,-0.7898464481298488f,0.05937155588849864f,0f,0f,0f,1f],start_interpolation:0}
execute if entity @s[tag=aj.tultaria.bone.lower] run data modify entity @s {} merge value {transformation:[-0.8694982970287168f,0.02154518304049179f,-0.49346582105746f,0f,0f,0.9990482215818578f,0.043619387365336f,0.9375f,0.49393593862378693f,0.03792698303159558f,-0.8686707273149935f,0f,0f,0f,0f,1f],start_interpolation:0}