execute if entity @s[tag=aj.tultaria.bone.head] run data modify entity @s {} merge value {transformation:[-0.20754285695133962f,-0.33060924161915306f,0.9206647011178848f,0f,0.12173538266499709f,0.9251125116003437f,0.3596489086427356f,1.59375f,-0.970621686928477f,0.18672003169588558f,-0.1517536511178726f,0f,0f,0f,0f,1f],start_interpolation:0}
execute if entity @s[tag=aj.tultaria.bone.bust] run data modify entity @s {} merge value {transformation:[-0.4479431812887399f,0f,0.8940620260009497f,-0.22305942235610493f,0f,1f,0f,0.4375f,-0.8940620260009497f,0f,-0.4479431812887399f,0.6710026036448449f,0f,0f,0f,1f],start_interpolation:0}
execute if entity @s[tag=aj.tultaria.bone.left_wing] run data modify entity @s {} merge value {transformation:[-0.17777273766577079f,0f,0.9840715694210542f,0.24602599073924186f,0f,1f,0f,1.5f,-0.9840715694210542f,0f,-0.17777273766577079f,-0.05335833933673784f,0f,0f,0f,1f],start_interpolation:0}
execute if entity @s[tag=aj.tultaria.bone.right_wing] run data modify entity @s {} merge value {transformation:[-0.6817882161978208f,0f,0.7315496075139358f,0.19003309307814936f,0f,1f,0f,1.5f,-0.7315496075139358f,0f,-0.6817882161978208f,-0.16511609258685644f,0f,0f,0f,1f],start_interpolation:0}
execute if entity @s[tag=aj.tultaria.bone.body] run data modify entity @s {} merge value {transformation:[-0.4479431812887399f,0f,0.8940620260009497f,-0.22305942235610493f,0f,1f,0f,0.4375f,-0.8940620260009497f,0f,-0.4479431812887399f,0.6710026036448449f,0f,0f,0f,1f],start_interpolation:0}
execute if entity @s[tag=aj.tultaria.bone.left_hand] run data modify entity @s {} merge value {transformation:[-0.01106709865214453f,0.9999215385623126f,0.005868223462089928f,-0.028315946463832814f,-0.9540001061162879f,-0.00880013165887858f,-0.2996770848978911f,1.4285777183883956f,-0.29960193066389795f,-0.008914841667899964f,0.9540226458216288f,0.5415674002910152f,0f,0f,0f,1f],start_interpolation:0}
execute if entity @s[tag=aj.tultaria.bone.left_arm] run data modify entity @s {} merge value {transformation:[-0.01106709865214453f,0.5905226677117833f,0.8069451643364511f,0.09798757090691185f,-0.9540001061162879f,0.23555643411268878f,-0.185464184893542f,1.4375f,-0.29960193066389795f,-0.7718783228376562f,0.5607517613666422f,0.19557606818770776f,0f,0f,0f,1f],start_interpolation:0}
execute if entity @s[tag=aj.tultaria.bone.rod] run data modify entity @s {} merge value {transformation:[-0.00000233348744659208f,0.000009662085880773924f,-0.0000010949578846450476f,-0.5828266962134638f,0.00000954000106116288f,0.000002056810661261881f,-0.0000021812633166884295f,1.4693374033727116f,-0.0000018823432443654682f,-0.0000015535849948646676f,-0.000009697585141370147f,0.06877257065345088f,0f,0f,0f,1f],start_interpolation:0}
execute if entity @s[tag=aj.tultaria.bone.sword] run data modify entity @s {} merge value {transformation:[-0.00000233348744659208f,0.000006057874301355846f,-0.000007606378592048228f,-0.6257737441342902f,0.00000954000106116288f,-8.80013165887858e-8f,-0.000002996770848978911f,1.4851025433342568f,-0.0000018823432443654682f,-0.000007955778699615209f,-0.0000057586777295782605f,0.035896446157410666f,0f,0f,0f,1f],start_interpolation:0}
execute if entity @s[tag=aj.tultaria.bone.right_hand] run data modify entity @s {} merge value {transformation:[-0.23334874465920796f,0.6057874301355846f,-0.7606378592048227f,-0.4507361423132225f,0.9540001061162879f,-0.00880013165887858f,-0.2996770848978911f,1.4285777183883956f,-0.1882343244365468f,-0.7955778699615208f,-0.575867772957826f,-0.3015526022018477f,0f,0f,0f,1f],start_interpolation:0}
execute if entity @s[tag=aj.tultaria.bone.right_arm] run data modify entity @s {} merge value {transformation:[-0.23334874465920796f,0.9717998044505515f,0.03396326597724991f,-0.09798757090691185f,0.9540001061162879f,0.23555643411268878f,-0.185464184893542f,1.4375f,-0.1882343244365468f,-0.010876875377799078f,-0.9820639147662094f,-0.19557606818770776f,0f,0f,0f,1f],start_interpolation:0}
execute if entity @s[tag=aj.tultaria.bone.skirt] run data modify entity @s {} merge value {transformation:[-0.4479431812887399f,0.09661557832978901f,0.8888263814496753f,-0.05399764054247139f,0f,0.9941439806198983f,-0.10806361921212654f,0.8879434029030169f,-0.8940620260009497f,-0.04840636137145496f,-0.4453200173379286f,0.027053911454969652f,0f,0f,0f,1f],start_interpolation:0}
execute if entity @s[tag=aj.tultaria.bone.left_foot] run data modify entity @s {} merge value {transformation:[-0.4479431812887399f,-0.09305045080523063f,0.8892066801041626f,-0.0392349467537921f,0f,0.994569341102088f,0.10407605747605231f,0.4333600602239739f,-0.8940620260009497f,0.04662016028181261f,-0.4455105546655152f,0.15946883182625682f,0f,0f,0f,1f],start_interpolation:0}
execute if entity @s[tag=aj.tultaria.bone.left_leg] run data modify entity @s {} merge value {transformation:[-0.4479431812887399f,-0.0320472874856623f,0.893487480439281f,0.05843030002614077f,0f,0.9993573761719432f,0.03584459081547913f,0.8750594861511339f,-0.8940620260009497f,0.01605634004187887f,-0.4476553223268282f,0.11053656530372531f,0f,0f,0f,1f],start_interpolation:0}
execute if entity @s[tag=aj.tultaria.bone.right_foot] run data modify entity @s {} merge value {transformation:[-0.4479431812887399f,-0.30148671691451573f,0.8416963026300102f,-0.2523476993630772f,0f,0.9414294290015132f,0.33721006836968087f,0.47807968223892994f,-0.8940620260009497f,0.15105095078810835f,-0.4217068933857797f,-0.01338002108188853f,0f,0f,0f,1f],start_interpolation:0}
execute if entity @s[tag=aj.tultaria.bone.right_leg] run data modify entity @s {} merge value {transformation:[-0.4479431812887399f,0.20579510730107808f,0.8700547569824906f,-0.053555495296044205f,0f,0.9731480945166172f,-0.23017989951052845f,0.8750594861511339f,-0.8940620260009497f,-0.10310751645546856f,-0.43591505332284886f,-0.11297894119651213f,0f,0f,0f,1f],start_interpolation:0}
execute if entity @s[tag=aj.tultaria.bone.lower] run data modify entity @s {} merge value {transformation:[-0.4479431812887399f,-0.03899843784077253f,0.8932110770601216f,0f,0f,0.9990482215818578f,0.043619387365336f,0.9375f,-0.8940620260009497f,0.019539007142294475f,-0.4475168386362353f,0f,0f,0f,0f,1f],start_interpolation:0}