execute if entity @s[tag=aj.tultaria.bone.head] run data modify entity @s {} merge value {transformation:[-0.8809070476526055f,0.0848692415926041f,-0.4656178532095462f,0f,0.012817493102409932f,0.9877082465917705f,0.15578232083641602f,1.15625f,0.47311572079834757f,0.13126169070260593f,-0.8711669663660081f,0f,0f,0f,0f,1f],start_interpolation:0}
execute if entity @s[tag=aj.tultaria.bone.bust] run data modify entity @s {} merge value {transformation:[-0.8783205367115272f,0f,-0.47807220667047234f,0.6781963716909998f,0f,1f,0f,0f,0.47807220667047234f,0f,-0.8783205367115272f,0.20012416502052743f,0f,0f,0f,1f],start_interpolation:0}
execute if entity @s[tag=aj.tultaria.bone.left_wing] run data modify entity @s {} merge value {transformation:[-0.5164034326398644f,0f,-0.8563454295772035f,-0.05054092320346215f,0f,1f,0f,1.0625f,0.8563454295772035f,0f,-0.5164034326398644f,-0.22358783736541155f,0f,0f,0f,1f],start_interpolation:0}
execute if entity @s[tag=aj.tultaria.bone.right_wing] run data modify entity @s {} merge value {transformation:[-0.9995122722267925f,0f,0.0312284752755293f,-0.16033099029240305f,0f,1f,0f,1.0625f,-0.0312284752755293f,0f,-0.9995122722267925f,-0.16382881153160256f,0f,0f,0f,1f],start_interpolation:0}
execute if entity @s[tag=aj.tultaria.bone.body] run data modify entity @s {} merge value {transformation:[-0.8783205367115272f,0f,-0.47807220667047234f,0.6781963716909998f,0f,1f,0f,0f,0.47807220667047234f,0f,-0.8783205367115272f,0.20012416502052743f,0f,0f,0f,1f],start_interpolation:0}
execute if entity @s[tag=aj.tultaria.bone.left_hand] run data modify entity @s {} merge value {transformation:[-0.23481144078262764f,-0.9709907732834819f,0.04517195452858491f,0.48616891171175747f,-0.9654061975741457f,0.2275364225578202f,-0.1273501083431764f,0.999520355934117f,0.11337751524449727f,-0.07351254728231837f,-0.9908286655265122f,-0.32657968050281716f,0f,0f,0f,1f],start_interpolation:0}
execute if entity @s[tag=aj.tultaria.bone.left_arm] run data modify entity @s {} merge value {transformation:[-0.23481144078262764f,-0.894862183708288f,-0.3795856417811675f,0.19213261740564658f,-0.9654061975741457f,0.26024007583071884f,-0.01630878956426171f,1f,0.11337751524449727f,0.36262484071069373f,-0.9250128452819063f,-0.10457829520916583f,0f,0f,0f,1f],start_interpolation:0}
execute if entity @s[tag=aj.tultaria.bone.rod] run data modify entity @s {} merge value {transformation:[-0.018702672605929074f,0.08172135259390385f,0.00502053899087903f,-0.6056507385991861f,0.08107903612439135f,0.01776936722067387f,0.01279901300324152f,0.9301129610178316f,0.01139189109304221f,0.007697100943884511f,-0.0828514013069458f,0.6142403723647717f,0f,0f,0f,1f],start_interpolation:0}
execute if entity @s[tag=aj.tultaria.bone.right_hand] run data modify entity @s {} merge value {transformation:[-0.22269228777292235f,0.465409066423238f,-0.8566227558601933f,-0.538200183172996f,0.9654061975741457f,0.2275364225578202f,-0.1273501083431764f,0.999520355934117f,0.1356429823171534f,-0.8553488044655462f,-0.49997940362325854f,0.23098714523728442f,0f,0f,0f,1f],start_interpolation:0}
execute if entity @s[tag=aj.tultaria.bone.right_arm] run data modify entity @s {} merge value {transformation:[-0.22269228777292235f,0.7903480514176682f,-0.5707522252140215f,-0.19213261740564658f,0.9654061975741457f,0.26024007583071884f,-0.01630878956426171f,1f,0.1356429823171534f,-0.5546395771597235f,-0.8209603649362079f,0.10457829520916583f,0f,0f,0f,1f],start_interpolation:0}
execute if entity @s[tag=aj.tultaria.bone.skirt] run data modify entity @s {} merge value {transformation:[-0.8783205367115272f,-0.3283199260317933f,-0.347504044525028f,0.02987951291690452f,0f,0.7268861056475451f,-0.6867580282869258f,0.453125f,0.47807220667047234f,-0.6031936799959229f,-0.6384389944405037f,0.05489503354447045f,0f,0f,0f,1f],start_interpolation:0}
execute if entity @s[tag=aj.tultaria.bone.left_foot] run data modify entity @s {} merge value {transformation:[-0.8783205367115272f,-0.17849954953757852f,-0.44349852942896706f,0.29522106120045954f,0f,0.9276810557921926f,-0.3733736181417788f,0.19962128326899217f,0.47807220667047234f,-0.327941716680212f,-0.8148013228205149f,0.2809172318496738f,0f,0f,0f,1f],start_interpolation:0}
execute if entity @s[tag=aj.tultaria.bone.left_leg] run data modify entity @s {} merge value {transformation:[-0.8783205367115272f,-0.3231911102567742f,-0.35227906699343975f,0.1097900670889409f,0f,0.7368741836026879f,-0.6760299087613448f,0.4375f,0.47807220667047234f,-0.5937709522963092f,-0.6472117284307812f,-0.05975902583380904f,0f,0f,0f,1f],start_interpolation:0}
execute if entity @s[tag=aj.tultaria.bone.right_foot] run data modify entity @s {} merge value {transformation:[-0.8783205367115272f,-0.23335959598351702f,-0.4172485275626321f,0.0936049502279569f,0f,0.8727730283016325f,-0.4881262552549266f,0.2761774140371204f,0.47807220667047234f,-0.4287313144984951f,-0.7665744746452348f,0.43343902287527253f,0f,0f,0f,1f],start_interpolation:0}
execute if entity @s[tag=aj.tultaria.bone.right_leg] run data modify entity @s {} merge value {transformation:[-0.8783205367115272f,-0.38325054548050197f,-0.28578322935342537f,-0.1097900670889409f,0f,0.5977825637339576f,-0.8016582853658141f,0.4375f,0.47807220667047234f,-0.7041129354617445f,-0.5250447022156023f,0.05975902583380904f,0f,0f,0f,1f],start_interpolation:0}
execute if entity @s[tag=aj.tultaria.bone.lower] run data modify entity @s {} merge value {transformation:[-0.8783205367115272f,0f,-0.47807220667047234f,0f,0f,1f,0f,0.5f,0.47807220667047234f,0f,-0.8783205367115272f,0f,0f,0f,0f,1f],start_interpolation:0}