execute if entity @s[tag=aj.tultaria.bone.head] run data modify entity @s {} merge value {transformation:[-1f,-1.5984848350717833e-17f,1.2141697760125282e-16f,0f,0f,0.9914448613738104f,0.13052619222005157f,1.59375f,-1.2246467991473532e-16f,0.13052619222005157f,-0.9914448613738104f,0f,0f,0f,0f,1f],start_interpolation:0}
execute if entity @s[tag=aj.tultaria.bone.bust] run data modify entity @s {} merge value {transformation:[-1f,0f,1.2246467991473532e-16f,0.49999999999999994f,0f,1f,0f,0.4375f,-1.2246467991473532e-16f,0f,-1f,0.5000000000000001f,0f,0f,0f,1f],start_interpolation:0}
execute if entity @s[tag=aj.tultaria.bone.left_wing] run data modify entity @s {} merge value {transformation:[-0.8191520442889919f,0f,-0.5735764363510459f,0.06250000000000006f,0f,1f,0f,1.5f,0.5735764363510459f,0f,-0.8191520442889919f,-0.20903199999999988f,0f,0f,0f,1f],start_interpolation:0}
execute if entity @s[tag=aj.tultaria.bone.right_wing] run data modify entity @s {} merge value {transformation:[-0.8191520442889917f,0f,0.5735764363510462f,-0.062499999999999944f,0f,1f,0f,1.5f,-0.5735764363510462f,0f,-0.8191520442889917f,-0.209032f,0f,0f,0f,1f],start_interpolation:0}
execute if entity @s[tag=aj.tultaria.bone.body] run data modify entity @s {} merge value {transformation:[-1f,0f,1.2246467991473532e-16f,0.49999999999999994f,0f,1f,0f,0.4375f,-1.2246467991473532e-16f,0f,-1f,0.5000000000000001f,0f,0f,0f,1f],start_interpolation:0}
execute if entity @s[tag=aj.tultaria.bone.left_hand] run data modify entity @s {} merge value {transformation:[-0.25881904510252074f,-0.8923991008325228f,0.36964381061438617f,0.5750512882652286f,-0.9659258262890683f,0.23911761839433449f,-0.09904576054128761f,1.4390864994606087f,-3.169619151431765e-17f,-0.38268343236508984f,-0.9238795325112867f,-0.09374999999999993f,0f,0f,0f,1f],start_interpolation:0}
execute if entity @s[tag=aj.tultaria.bone.left_arm] run data modify entity @s {} merge value {transformation:[-0.25881904510252074f,-0.9659258262890683f,1.2246467991473532e-16f,0.21875f,-0.9659258262890683f,0.25881904510252074f,0f,1.4375f,-3.169619151431765e-17f,-1.1829179713786698e-16f,-1f,2.678914873134835e-17f,0f,0f,0f,1f],start_interpolation:0}
execute if entity @s[tag=aj.tultaria.bone.rod] run data modify entity @s {} merge value {transformation:[-0.0000025881904510252075f,0.000008923991008325228f,0.0000036964381061438633f,-0.8634954747506263f,0.000009659258262890684f,0.000002391176183943345f,9.904576054128764e-7f,1.3617981126303944f,-3.1696191514317654e-22f,0.0000038268343236508995f,-0.000009238795325112868f,0.16524122870081936f,0f,0f,0f,1f],start_interpolation:0}
execute if entity @s[tag=aj.tultaria.bone.sword] run data modify entity @s {} merge value {transformation:[-0.0000025881904510252075f,0.00000892399100832523f,-0.00000369643810614386f,-0.8889106235326295f,0.000009659258262890684f,0.000002391176183943345f,-9.904576054128762e-7f,1.3873405246765547f,-3.1696191514317654e-22f,-0.000003826834323650896f,-0.000009238795325112868f,0.12193437561435282f,0f,0f,0f,1f],start_interpolation:0}
execute if entity @s[tag=aj.tultaria.bone.right_hand] run data modify entity @s {} merge value {transformation:[-0.25881904510252074f,0.8923991008325228f,-0.36964381061438595f,-0.5750512882652286f,0.9659258262890683f,0.23911761839433449f,-0.09904576054128761f,1.4390864994606087f,-3.169619151431765e-17f,-0.3826834323650896f,-0.9238795325112867f,-0.09375000000000007f,0f,0f,0f,1f],start_interpolation:0}
execute if entity @s[tag=aj.tultaria.bone.right_arm] run data modify entity @s {} merge value {transformation:[-0.25881904510252074f,0.9659258262890683f,1.2246467991473532e-16f,-0.21875f,0.9659258262890683f,0.25881904510252074f,0f,1.4375f,-3.169619151431765e-17f,1.1829179713786698e-16f,-1f,-2.678914873134835e-17f,0f,0f,0f,1f],start_interpolation:0}
execute if entity @s[tag=aj.tultaria.bone.skirt] run data modify entity @s {} merge value {transformation:[-1f,8.273593852918143e-17f,9.029043306084034e-17f,-7.39635905884864e-18f,0f,0.737277336810124f,-0.6755902076156602f,0.8879434029030169f,-1.2246467991473532e-16f,-0.6755902076156602f,-0.737277336810124f,0.060395855066115986f,0f,0f,0f,1f],start_interpolation:0}
execute if entity @s[tag=aj.tultaria.bone.left_foot] run data modify entity @s {} merge value {transformation:[-1f,4.188538737676995e-17f,1.1507915602278503e-16f,0.12499999999999996f,0f,0.9396926207859083f,-0.3420201433256688f,0.6369494272486622f,-1.2246467991473532e-16f,-0.3420201433256688f,-0.9396926207859083f,0.38500417122278335f,0f,0f,0f,1f],start_interpolation:0}
execute if entity @s[tag=aj.tultaria.bone.left_leg] run data modify entity @s {} merge value {transformation:[-1f,8.273593852918143e-17f,9.029043306084034e-17f,0.125f,0f,0.737277336810124f,-0.6755902076156602f,0.8750594861511339f,-1.2246467991473532e-16f,-0.6755902076156602f,-0.737277336810124f,-0.002726211710333485f,0f,0f,0f,1f],start_interpolation:0}
execute if entity @s[tag=aj.tultaria.bone.right_foot] run data modify entity @s {} merge value {transformation:[-1f,6.943819098699829e-17f,1.0087584180105627e-16f,-0.12500000000000006f,0f,0.8237137587040602f,-0.5670058586307813f,0.7443000292108115f,-1.2246467991473532e-16f,-0.5670058586307813f,-0.8237137587040602f,0.43308706759706894f,0f,0f,0f,1f],start_interpolation:0}
execute if entity @s[tag=aj.tultaria.bone.right_leg] run data modify entity @s {} merge value {transformation:[-1f,1.0311707356702276e-16f,6.606411253919785e-17f,-0.125f,0f,0.5394544172670377f,-0.842014804912052f,0.8750594861511339f,-1.2246467991473532e-16f,-0.842014804912052f,-0.5394544172670377f,-0.002726211710333515f,0f,0f,0f,1f],start_interpolation:0}
execute if entity @s[tag=aj.tultaria.bone.lower] run data modify entity @s {} merge value {transformation:[-1f,-5.341834311772723e-18f,1.223481206754078e-16f,0f,0f,0.9990482215818578f,0.043619387365336f,0.9375f,-1.2246467991473532e-16f,0.043619387365336f,-0.9990482215818578f,0f,0f,0f,0f,1f],start_interpolation:0}