execute if entity @s[tag=aj.tultaria.bone.head] run data modify entity @s {} merge value {transformation:[-1f,-1.5984848350717833e-17f,1.2141697760125282e-16f,0f,0f,0.9914448613738104f,0.13052619222005157f,1.15625f,-1.2246467991473532e-16f,0.13052619222005157f,-0.9914448613738104f,0f,0f,0f,0f,1f],start_interpolation:0}
execute if entity @s[tag=aj.tultaria.bone.bust] run data modify entity @s {} merge value {transformation:[-1f,0f,1.2246467991473532e-16f,0.49999999999999994f,0f,1f,0f,0f,-1.2246467991473532e-16f,0f,-1f,0.5000000000000001f,0f,0f,0f,1f],start_interpolation:0}
execute if entity @s[tag=aj.tultaria.bone.left_wing] run data modify entity @s {} merge value {transformation:[-0.8191520442889919f,0f,-0.5735764363510459f,0.06250000000000006f,0f,1f,0f,1.0625f,0.5735764363510459f,0f,-0.8191520442889919f,-0.21489599999999986f,0f,0f,0f,1f],start_interpolation:0}
execute if entity @s[tag=aj.tultaria.bone.right_wing] run data modify entity @s {} merge value {transformation:[-0.8191520442889917f,0f,0.5735764363510462f,-0.062499999999999944f,0f,1f,0f,1.0625f,-0.5735764363510462f,0f,-0.8191520442889917f,-0.21489599999999998f,0f,0f,0f,1f],start_interpolation:0}
execute if entity @s[tag=aj.tultaria.bone.body] run data modify entity @s {} merge value {transformation:[-1f,0f,1.2246467991473532e-16f,0.49999999999999994f,0f,1f,0f,0f,-1.2246467991473532e-16f,0f,-1f,0.5000000000000001f,0f,0f,0f,1f],start_interpolation:0}
execute if entity @s[tag=aj.tultaria.bone.left_hand] run data modify entity @s {} merge value {transformation:[-0.25881904510252074f,-0.8923991008325228f,0.36964381061438617f,0.5750512882652286f,-0.9659258262890683f,0.23911761839433449f,-0.09904576054128761f,1.0015864994606087f,-3.169619151431765e-17f,-0.38268343236508984f,-0.9238795325112867f,-0.09374999999999993f,0f,0f,0f,1f],start_interpolation:0}
execute if entity @s[tag=aj.tultaria.bone.left_arm] run data modify entity @s {} merge value {transformation:[-0.25881904510252074f,-0.9659258262890683f,1.2246467991473532e-16f,0.21875f,-0.9659258262890683f,0.25881904510252074f,0f,1f,-3.169619151431765e-17f,-1.1829179713786698e-16f,-1f,2.678914873134835e-17f,0f,0f,0f,1f],start_interpolation:0}
execute if entity @s[tag=aj.tultaria.bone.rod] run data modify entity @s {} merge value {transformation:[-0.0000025881904510252075f,0.000007121552207625225f,0.000006525700295239601f,-0.8634954747506264f,0.000009659258262890684f,0.0000019082141628892585f,0.0000017485561241569895f,0.9242981126303942f,-3.1696191514317654e-22f,0.000006755902076156605f,-0.000007372773368101238f,0.1652412287008193f,0f,0f,0f,1f],start_interpolation:0}
execute if entity @s[tag=aj.tultaria.bone.right_hand] run data modify entity @s {} merge value {transformation:[-0.25881904510252074f,0.8923991008325228f,-0.36964381061438595f,-0.5750512882652286f,0.9659258262890683f,0.23911761839433449f,-0.09904576054128761f,1.0015864994606087f,-3.169619151431765e-17f,-0.3826834323650896f,-0.9238795325112867f,-0.09375000000000007f,0f,0f,0f,1f],start_interpolation:0}
execute if entity @s[tag=aj.tultaria.bone.right_arm] run data modify entity @s {} merge value {transformation:[-0.25881904510252074f,0.9659258262890683f,1.2246467991473532e-16f,-0.21875f,0.9659258262890683f,0.25881904510252074f,0f,1f,-3.169619151431765e-17f,1.1829179713786698e-16f,-1f,-2.678914873134835e-17f,0f,0f,0f,1f],start_interpolation:0}
execute if entity @s[tag=aj.tultaria.bone.skirt] run data modify entity @s {} merge value {transformation:[-1f,8.659560562354934e-17f,8.659560562354932e-17f,-7.654042494670958e-18f,0f,0.7071067811865475f,-0.7071067811865476f,0.453125f,-1.2246467991473532e-16f,-0.7071067811865476f,-0.7071067811865475f,0.0625f,0f,0f,0f,1f],start_interpolation:0}
execute if entity @s[tag=aj.tultaria.bone.left_foot] run data modify entity @s {} merge value {transformation:[-1f,4.6865204053263004e-17f,1.1314261122877003e-16f,0.12499999999999994f,0f,0.9238795325112867f,-0.38268343236508984f,0.21652913087920395f,-1.2246467991473532e-16f,-0.38268343236508984f,-0.9238795325112867f,0.397747564417433f,0f,0f,0f,1f],start_interpolation:0}
execute if entity @s[tag=aj.tultaria.bone.left_leg] run data modify entity @s {} merge value {transformation:[-1f,8.659560562354934e-17f,8.659560562354932e-17f,0.125f,0f,0.7071067811865475f,-0.7071067811865476f,0.4375f,-1.2246467991473532e-16f,-0.7071067811865476f,-0.7071067811865475f,1.5308084989341915e-17f,0f,0f,0f,1f],start_interpolation:0}
execute if entity @s[tag=aj.tultaria.bone.right_foot] run data modify entity @s {} merge value {transformation:[-1f,7.201751244517527e-17f,9.905087444251867e-17f,-0.12500000000000006f,0f,0.8088117693320372f,-0.588067616681942f,0.31916338581558457f,-1.2246467991473532e-16f,-0.588067616681942f,-0.8088117693320372f,0.4393491729175881f,0f,0f,0f,1f],start_interpolation:0}
execute if entity @s[tag=aj.tultaria.bone.right_leg] run data modify entity @s {} merge value {transformation:[-1f,1.0495069574898626e-16f,6.311061153579714e-17f,-0.125f,0f,0.5153372513588179f,-0.8569874662805392f,0.4375f,-1.2246467991473532e-16f,-0.8569874662805392f,-0.5153372513588179f,-1.5308084989341915e-17f,0f,0f,0f,1f],start_interpolation:0}
execute if entity @s[tag=aj.tultaria.bone.lower] run data modify entity @s {} merge value {transformation:[-1f,0f,1.2246467991473532e-16f,0f,0f,1f,0f,0.5f,-1.2246467991473532e-16f,0f,-1f,0f,0f,0f,0f,1f],start_interpolation:0}