execute if entity @s[tag=aj.tultaria.bone.head] run data modify entity @s {} merge value {transformation:[-0.9817460735530648f,-0.03424030989740903f,0.18708887791974632f,0f,-0.007373818681430954f,0.989774413244801f,0.14245082549414456f,1.59375f,-0.19005334477770638f,0.13847097914017667f,-0.9719596257431515f,0f,0f,0f,0f,1f],start_interpolation:0}
execute if entity @s[tag=aj.tultaria.bone.bust] run data modify entity @s {} merge value {transformation:[-0.9982564746015157f,0f,-0.05902551072336078f,0.5286409926624382f,0f,1f,0f,0.4375f,0.05902551072336078f,0f,-0.9982564746015157f,0.46961548193907743f,0f,0f,0f,1f],start_interpolation:0}
execute if entity @s[tag=aj.tultaria.bone.left_wing] run data modify entity @s {} merge value {transformation:[-0.8302018545793751f,0f,-0.5574628962119058f,0.05336139595996414f,0f,1f,0f,1.5f,0.5574628962119058f,0f,-0.8302018545793751f,-0.15640086593163616f,0f,0f,0f,1f],start_interpolation:0}
execute if entity @s[tag=aj.tultaria.bone.right_wing] run data modify entity @s {} merge value {transformation:[-0.8901113144728211f,0f,0.45574318189904556f,-0.07142066336522535f,0f,1f,0f,1.5f,-0.45574318189904556f,0f,-0.8901113144728211f,-0.14902267709121608f,0f,0f,0f,1f],start_interpolation:0}
execute if entity @s[tag=aj.tultaria.bone.body] run data modify entity @s {} merge value {transformation:[-0.9982564746015157f,0f,-0.05902551072336078f,0.5286409926624382f,0f,1f,0f,0.4375f,0.05902551072336078f,0f,-0.9982564746015157f,0.46961548193907743f,0f,0f,0f,1f],start_interpolation:0}
execute if entity @s[tag=aj.tultaria.bone.left_hand] run data modify entity @s {} merge value {transformation:[-0.1982392800603061f,-0.9367340974361276f,0.28849682587802516f,0.5673559593821307f,-0.9797349155773928f,0.18077378068959848f,-0.0862573788944942f,1.4591802731695984f,0.028647566035020694f,-0.2997500140378862f,-0.953587566007735f,-0.12901514184643018f,0f,0f,0f,1f],start_interpolation:0}
execute if entity @s[tag=aj.tultaria.bone.left_arm] run data modify entity @s {} merge value {transformation:[-0.1982392800603061f,-0.9781697960286194f,-0.06233007282605346f,0.21836860381908155f,-0.9797349155773928f,0.1996121655289036f,-0.016567394829030024f,1.4375f,0.028647566035020694f,0.05778264021478448f,-0.997918074518183f,-0.01291183047073517f,0f,0f,0f,1f],start_interpolation:0}
execute if entity @s[tag=aj.tultaria.bone.rod] run data modify entity @s {} merge value {transformation:[-0.000002002339224772543f,0.000009148159349469161f,0.000003507394780411427f,-0.8643296948728484f,0.000009797349155773929f,0.0000018881954373001909f,6.683318864267065e-7f,1.4021722777728107f,-5.086402258205286e-8f,0.0000035701398442188196f,-0.000009340851906754974f,0.20588124691874032f,0f,0f,0f,1f],start_interpolation:0}
execute if entity @s[tag=aj.tultaria.bone.sword] run data modify entity @s {} merge value {transformation:[-0.000002002339224772543f,0.00000894882814491198f,-0.000003988622877857538f,-0.8892836746902197f,0.000009797349155773929f,0.000001807737806895985f,-8.62573788944942e-7f,1.4287456792489248f,-5.086402258205286e-8f,-0.000004080509631694324f,-0.000009129449818957146f,0.1629280008218098f,0f,0f,0f,1f],start_interpolation:0}
execute if entity @s[tag=aj.tultaria.bone.right_hand] run data modify entity @s {} merge value {transformation:[-0.2002339224772543f,0.894882814491198f,-0.3988622877857537f,-0.5786064254118684f,0.9797349155773928f,0.18077378068959848f,-0.0862573788944942f,1.4591802731695984f,-0.0050864022582052856f,-0.40805096316943235f,-0.9129449818957145f,-0.06125598700676112f,0f,0f,0f,1f],start_interpolation:0}
execute if entity @s[tag=aj.tultaria.bone.right_arm] run data modify entity @s {} merge value {transformation:[-0.2002339224772543f,0.9781632941241559f,-0.05570409605723246f,-0.21836860381908155f,0.9797349155773928f,0.1996121655289036f,-0.016567394829030024f,1.4375f,-0.0050864022582052856f,-0.05789260229979369f,-0.9983098592676654f,0.01291183047073517f,0f,0f,0f,1f],start_interpolation:0}
execute if entity @s[tag=aj.tultaria.bone.skirt] run data modify entity @s {} merge value {transformation:[-0.9982564746015157f,-0.017564234994110556f,-0.05635165095385618f,0.0035648961908515725f,0f,0.9546999299669533f,-0.2975702332577884f,0.8879434029030169f,0.05902551072336078f,-0.29705141199827056f,-0.9530353863911246f,0.060290553358845034f,0f,0f,0f,1f],start_interpolation:0}
execute if entity @s[tag=aj.tultaria.bone.left_foot] run data modify entity @s {} merge value {transformation:[-0.9982564746015157f,0.005976811232486612f,-0.05872213078256613f,0.1395443593625856f,0f,0.9948601894828741f,0.10125810279725611f,0.4967606796437266f,0.05902551072336078f,0.10108155672322683f,-0.9931256254745698f,0.24228609041347451f,0f,0f,0f,1f],start_interpolation:0}
execute if entity @s[tag=aj.tultaria.bone.left_leg] run data modify entity @s {} merge value {transformation:[-0.9982564746015157f,-0.01805402324869282f,-0.05619664723708379f,0.12462114328664702f,0f,0.9520738837900915f,-0.30586814120606165f,0.8750594861511339f,0.05902551072336078f,-0.30533485233328167f,-0.95041391879247f,-0.010099647331394986f,0f,0f,0f,1f],start_interpolation:0}
execute if entity @s[tag=aj.tultaria.bone.right_foot] run data modify entity @s {} merge value {transformation:[-0.9982564746015157f,-0.009090391909600232f,-0.058321314209159016f,-0.10197885331975237f,0f,0.988069624378141f,-0.15400784844039456f,0.6391186246171016f,0.05902551072336078f,-0.15373933184507277f,-0.9863468998925669f,0.393032590769899f,0f,0f,0f,1f],start_interpolation:0}
execute if entity @s[tag=aj.tultaria.bone.right_leg] run data modify entity @s {} merge value {transformation:[-0.9982564746015157f,-0.04011948516309275f,-0.043294778281011664f,-0.1249429753637319f,0f,0.7334926500496455f,-0.6796973829015001f,0.8750594861511339f,0.05902551072336078f,-0.6785123132511279f,-0.7322137869846823f,0.004656730349445208f,0f,0f,0f,1f],start_interpolation:0}
execute if entity @s[tag=aj.tultaria.bone.lower] run data modify entity @s {} merge value {transformation:[-0.9982564746015157f,0.002574656616679068f,-0.05896933151613446f,0f,0f,0.9990482215818578f,0.043619387365336f,0.9375f,0.05902551072336078f,0.04354333585559821f,-0.9973063556332192f,0f,0f,0f,0f,1f],start_interpolation:0}