execute if entity @s[tag=aj.tultaria.bone.head] run data modify entity @s {} merge value {transformation:[-0.5163880286269432f,0.1707708996236215f,-0.8391547555323262f,0f,0.02657701616834817f,0.9826387483173381f,0.18361577415059516f,1.15625f,0.8559422095576117f,0.07251475813290698f,-0.5119614670564175f,0f,0f,0f,0f,1f],start_interpolation:0}
execute if entity @s[tag=aj.tultaria.bone.bust] run data modify entity @s {} merge value {transformation:[-0.4944954969907215f,0f,-0.8691801904414868f,0.6818378437161041f,0f,1f,0f,0f,0.8691801904414868f,0f,-0.4944954969907215f,-0.18734234672538264f,0f,0f,0f,1f],start_interpolation:0}
execute if entity @s[tag=aj.tultaria.bone.left_wing] run data modify entity @s {} merge value {transformation:[-0.08166887734464928f,0f,-0.996659517826055f,-0.16207072682669454f,0f,1f,0f,1.0625f,0.996659517826055f,0f,-0.08166887734464928f,-0.16411239715134363f,0f,0f,0f,1f],start_interpolation:0}
execute if entity @s[tag=aj.tultaria.bone.right_wing] run data modify entity @s {} merge value {transformation:[-0.8150112812271229f,0f,-0.5794450892643094f,-0.2238826639505347f,0f,1f,0f,1.0625f,0.5794450892643094f,0f,-0.8150112812271229f,-0.055464873346157795f,0f,0f,0f,1f],start_interpolation:0}
execute if entity @s[tag=aj.tultaria.bone.body] run data modify entity @s {} merge value {transformation:[-0.4944954969907215f,0f,-0.8691801904414868f,0.6818378437161041f,0f,1f,0f,0f,0.8691801904414868f,0f,-0.4944954969907215f,-0.18734234672538264f,0f,0f,0f,1f],start_interpolation:0}
execute if entity @s[tag=aj.tultaria.bone.left_hand] run data modify entity @s {} merge value {transformation:[-0.15247679249974064f,-0.93402434001926f,-0.3230315154912545f,0.28032597546594307f,-0.964672166286739f,0.2117095776212225f,-0.15680135948101198f,0.9974285950657118f,0.2148451520063719f,0.287710943474573f,-0.9333080807880803f,-0.5158603560575336f,0f,0f,0f,1f],start_interpolation:0}
execute if entity @s[tag=aj.tultaria.bone.left_arm] run data modify entity @s {} merge value {transformation:[-0.15247679249974064f,-0.659884669569115f,-0.7357330022614528f,0.10817088996672032f,-0.964672166286739f,0.2612039582597946f,-0.03435263863323268f,1f,0.2148451520063719f,0.7045031689475038f,-0.6763999154363367f,-0.19013316665907523f,0f,0f,0f,1f],start_interpolation:0}
execute if entity @s[tag=aj.tultaria.bone.rod] run data modify entity @s {} merge value {transformation:[-0.0000010677556348981408f,0.000005214318815405543f,-0.00000846585950718833f,-0.09307099376804473f,0.000009646721662867391f,0.000002605765825663993f,3.8825973389813095e-7f,0.9376376733928798f,0.0000024084557424433337f,-0.000008125322378411171f,-0.000005308340341724743f,0.8358643623265917f,0f,0f,0f,1f],start_interpolation:0}
execute if entity @s[tag=aj.tultaria.bone.right_hand] run data modify entity @s {} merge value {transformation:[-0.10677556348981407f,-0.22991864724636066f,-0.9673346859747335f,-0.30020732223227165f,0.964672166286739f,0.2117095776212225f,-0.15680135948101198f,0.9974285950657118f,0.24084557424433334f,-0.9499034005581025f,0.1991907100621666f,0.5045494258750741f,0f,0f,0f,1f],start_interpolation:0}
execute if entity @s[tag=aj.tultaria.bone.right_arm] run data modify entity @s {} merge value {transformation:[-0.10677556348981407f,0.2684319209592965f,-0.9573626704919795f,-0.10817088996672032f,0.964672166286739f,0.2612039582597946f,-0.03435263863323268f,1f,0.24084557424433334f,-0.9272091436129807f,-0.2868390025212748f,0.19013316665907523f,0f,0f,0f,1f],start_interpolation:0}
execute if entity @s[tag=aj.tultaria.bone.skirt] run data modify entity @s {} merge value {transformation:[-0.4944954969907215f,-0.5608473604654656f,-0.6640214166085453f,0.05432376190259292f,0f,0.7639628973495884f,-0.6452601734751822f,0.453125f,0.8691801904414868f,-0.3190782501709294f,-0.3777762126073563f,0.030905968561920093f,0f,0f,0f,1f],start_interpolation:0}
execute if entity @s[tag=aj.tultaria.bone.left_foot] run data modify entity @s {} merge value {transformation:[-0.4944954969907215f,-0.2953208387800457f,-0.8174715931689305f,0.38333308910647207f,0f,0.9405087715513953f,-0.3397694080326912f,0.17255559612136528f,0.8691801904414868f,-0.1680144422873688f,-0.4650773524124401f,0.07427284597673924f,0f,0f,0f,1f],start_interpolation:0}
execute if entity @s[tag=aj.tultaria.bone.left_leg] run data modify entity @s {} merge value {transformation:[-0.4944954969907215f,-0.5404012706533274f,-0.6807647685744087f,0.061811937123840185f,0f,0.7832262815707117f,-0.6217367544684134f,0.4375f,0.8691801904414868f,-0.3074460253982562f,-0.38730186936150385f,-0.10864752380518584f,0f,0f,0f,1f],start_interpolation:0}
execute if entity @s[tag=aj.tultaria.bone.right_foot] run data modify entity @s {} merge value {transformation:[-0.4944954969907215f,-0.354084394432758f,-0.7937874054651448f,0.29655885431587586f,0f,0.9132598904054092f,-0.4073774325815069f,0.24506153969414213f,0.8691801904414868f,-0.20144630598719637f,-0.45160290338771464f,0.3125324541899063f,0f,0f,0f,1f],start_interpolation:0}
execute if entity @s[tag=aj.tultaria.bone.right_leg] run data modify entity @s {} merge value {transformation:[-0.4944954969907215f,-0.6563224588450379f,-0.5698377255600955f,-0.061811937123840185f,0f,0.6556036732390957f,-0.7551051738899721f,0.4375f,0.8691801904414868f,-0.3733961082429869f,-0.3241930642273092f,0.10864752380518584f,0f,0f,0f,1f],start_interpolation:0}
execute if entity @s[tag=aj.tultaria.bone.lower] run data modify entity @s {} merge value {transformation:[-0.4944954969907215f,0f,-0.8691801904414868f,0f,0f,1f,0f,0.5f,0.8691801904414868f,0f,-0.4944954969907215f,0f,0f,0f,0f,1f],start_interpolation:0}