execute if entity @s[tag=aj.tultaria.bone.head] run data modify entity @s {} merge value {transformation:[-0.9294156796263722f,-0.052751546814541875f,0.36524480663429265f,0f,-0.010480880188787779f,0.9931046212722587f,0.11676199021150592f,1.15625f,-0.36888568095700996f,0.10469233742904362f,-0.9235598891617838f,0f,0f,0f,0f,1f],start_interpolation:0}
execute if entity @s[tag=aj.tultaria.bone.bust] run data modify entity @s {} merge value {transformation:[-0.9499793743654716f,0f,0.3123126450853168f,0.3188333646400774f,0f,1f,0f,0f,-0.3123126450853168f,0f,-0.9499793743654716f,0.6311460097253943f,0f,0f,0f,1f],start_interpolation:0}
execute if entity @s[tag=aj.tultaria.bone.left_wing] run data modify entity @s {} merge value {transformation:[-0.9469001503836636f,0f,-0.32152776739092837f,0.11793233185133886f,0f,1f,0f,1.0625f,0.32152776739092837f,0f,-0.9469001503836636f,-0.1586015923756936f,0f,0f,0f,1f],start_interpolation:0}
execute if entity @s[tag=aj.tultaria.bone.right_wing] run data modify entity @s {} merge value {transformation:[-0.5713918923642132f,0f,0.8206773454534025f,-0.0008150899443450932f,0f,1f,0f,1.0625f,-0.8206773454534025f,0f,-0.5713918923642132f,-0.19764067301135824f,0f,0f,0f,1f],start_interpolation:0}
execute if entity @s[tag=aj.tultaria.bone.body] run data modify entity @s {} merge value {transformation:[-0.9499793743654716f,0f,0.3123126450853168f,0.3188333646400774f,0f,1f,0f,0f,-0.3123126450853168f,0f,-0.9499793743654716f,0.6311460097253943f,0f,0f,0f,1f],start_interpolation:0}
execute if entity @s[tag=aj.tultaria.bone.left_hand] run data modify entity @s {} merge value {transformation:[-0.21518955812533702f,-0.8255827769249184f,0.521638315807766f,0.5757565734046549f,-0.9753536717890896f,0.20836815011640045f,-0.07258049975448026f,1.0154790558663749f,-0.0487716003567967f,-0.524400412339664f,-0.850073842990494f,0.05752835251075164f,0f,0f,0f,1f],start_interpolation:0}
execute if entity @s[tag=aj.tultaria.bone.left_arm] run data modify entity @s {} merge value {transformation:[-0.21518955812533702f,-0.9499956510409868f,0.22627796418792917f,0.20780798814244691f,-0.9753536717890896f,0.22064391248632287f,-0.0012160634312400609f,1f,-0.0487716003567967f,-0.22096272736807776f,-0.9740620124574704f,0.06831839111241306f,0f,0f,0f,1f],start_interpolation:0}
execute if entity @s[tag=aj.tultaria.bone.rod] run data modify entity @s {} merge value {transformation:[-0.000002021508764083897f,0.0000063014451316690585f,0.0000074970188454676f,-0.8740296631149836f,0.000009753536717890897f,0.000001986606954889048f,9.601636837230174e-7f,0.9464135620420348f,-8.84321100893836e-7f,0.00000750634278855894f,-0.000006547731983760721f,-0.19653464119369657f,0f,0f,0f,1f],start_interpolation:0}
execute if entity @s[tag=aj.tultaria.bone.sword] run data modify entity @s {} merge value {transformation:[-0.000002021508764083897f,0.000009756987448191629f,8.453982804353333e-7f,-0.8763840735632051f,0.000009753536717890897f,0.000002083681501164005f,-7.258049975448027e-7f,0.9734911533594526f,-8.84321100893836e-7f,6.778402005915142e-7f,-0.000009937731574810017f,-0.2458812613909118f,0f,0f,0f,1f],start_interpolation:0}
execute if entity @s[tag=aj.tultaria.bone.right_hand] run data modify entity @s {} merge value {transformation:[-0.2021508764083897f,0.9756987448191629f,0.08453982804353333f,-0.49757515530235585f,0.9753536717890896f,0.20836815011640045f,-0.07258049975448026f,1.0154790558663749f,-0.08843211008938359f,0.0677840200591514f,-0.9937731574810016f,-0.29533727835664003f,0f,0f,0f,1f],start_interpolation:0}
execute if entity @s[tag=aj.tultaria.bone.right_arm] run data modify entity @s {} merge value {transformation:[-0.2021508764083897f,0.8957871572831684f,0.39585400340764526f,-0.20780798814244691f,0.9753536717890896f,0.22064391248632287f,-0.0012160634312400609f,1f,-0.08843211008938359f,0.3858518274276642f,-0.9183126532809351f,-0.06831839111241306f,0f,0f,0f,1f],start_interpolation:0}
execute if entity @s[tag=aj.tultaria.bone.skirt] run data modify entity @s {} merge value {transformation:[-0.9499793743654716f,0.18861081093373144f,0.24892800219964661f,-0.018862389247888117f,0f,0.7970474654705225f,-0.6039166646044933f,0.45044340290301693f,-0.3123126450853168f,-0.5737083752098591f,-0.7571786525872719f,0.05737481660997657f,0f,0f,0f,1f],start_interpolation:0}
execute if entity @s[tag=aj.tultaria.bone.left_foot] run data modify entity @s {} merge value {transformation:[-0.9499793743654716f,0.07444917511445213f,0.3033092623131788f,0.004949254988610208f,0f,0.97117189164826f,-0.2383802778594324f,0.16872920301976535f,-0.3123126450853168f,-0.2264563472219709f,-0.9225932660293459f,0.3851855239786467f,0f,0f,0f,1f],start_interpolation:0}
execute if entity @s[tag=aj.tultaria.bone.left_leg] run data modify entity @s {} merge value {transformation:[-0.9499793743654716f,0.1915861092148375f,0.2466453953271932f,0.11959885218600078f,0f,0.789738741637615f,-0.6134433306807044f,0.4375594861511339f,-0.3123126450853168f,-0.5827585114887268f,-0.7502355156930766f,0.03644923574069416f,0f,0f,0f,1f],start_interpolation:0}
execute if entity @s[tag=aj.tultaria.bone.right_foot] run data modify entity @s {} merge value {transformation:[-0.9499793743654716f,0.1905240582175132f,0.2474667079033394f,-0.256609757654737f,0f,0.7923685185264819f,-0.6100427287068901f,0.3387580234206027f,-0.3123126450853168f,-0.5795280097531766f,-0.7527337494966828f,0.38030473277979493f,0f,0f,0f,1f],start_interpolation:0}
execute if entity @s[tag=aj.tultaria.bone.right_leg] run data modify entity @s {} merge value {transformation:[-0.9499793743654716f,0.2745003687300371f,0.148958839439829f,-0.11789599140536713f,0f,0.47695423731285924f,-0.8789281287507579f,0.4375594861511339f,-0.3123126450853168f,-0.8349635938628597f,-0.4530966879634307f,-0.04162892553063504f,0f,0f,0f,1f],start_interpolation:0}
execute if entity @s[tag=aj.tultaria.bone.lower] run data modify entity @s {} merge value {transformation:[-0.9499793743654716f,-0.013622886245069134f,0.3120153926500117f,0f,0f,0.9990482215818578f,0.043619387365336f,0.5f,-0.3123126450853168f,0.04143751831952705f,-0.9490752044992704f,0f,0f,0f,0f,1f],start_interpolation:0}