execute if entity @s[tag=aj.tultaria.bone.head] run data modify entity @s {} merge value {transformation:[-0.9876165804970042f,-0.023425370184168133f,0.15512814689520152f,0f,-0.004191819690393978f,0.9923769308050561f,0.12316840444537762f,1.59375f,-0.1568308597664623f,0.12099288920292622f,-0.9801861058937944f,0f,0f,0f,0f,1f],start_interpolation:0}
execute if entity @s[tag=aj.tultaria.bone.bust] run data modify entity @s {} merge value {transformation:[-0.9887631341330059f,0f,0.14949068392202716f,0.41963622510548937f,0f,1f,0f,0.4375f,-0.14949068392202716f,0f,-0.9887631341330059f,0.5691269090275165f,0f,0f,0f,1f],start_interpolation:0}
execute if entity @s[tag=aj.tultaria.bone.left_wing] run data modify entity @s {} merge value {transformation:[-0.8857310057179848f,0f,-0.4641988641840987f,0.09214430471948437f,0f,1f,0f,1.5f,0.4641988641840987f,0f,-0.8857310057179848f,-0.1913757484838735f,0f,0f,0f,1f],start_interpolation:0}
execute if entity @s[tag=aj.tultaria.bone.right_wing] run data modify entity @s {} merge value {transformation:[-0.7089160385815358f,0f,0.7052928825969126f,-0.031451087047141335f,0f,1f,0f,1.5f,-0.7052928825969126f,0f,-0.7089160385815358f,-0.21006208397412685f,0f,0f,0f,1f],start_interpolation:0}
execute if entity @s[tag=aj.tultaria.bone.body] run data modify entity @s {} merge value {transformation:[-0.9887631341330059f,0f,0.14949068392202716f,0.41963622510548937f,0f,1f,0f,0.4375f,-0.14949068392202716f,0f,-0.9887631341330059f,0.5691269090275165f,0f,0f,0f,1f],start_interpolation:0}
execute if entity @s[tag=aj.tultaria.bone.left_hand] run data modify entity @s {} merge value {transformation:[-0.25295717646000676f,-0.8593837533702904f,0.44437847756228355f,0.5804535520185026f,-0.9669462120585433f,0.23979111701083114f,-0.0866905022959985f,1.4410391747959819f,-0.03205760226554158f,-0.4516190702858879f,-0.8916347489253065f,-0.02311986651258715f,0f,0f,0f,1f],start_interpolation:0}
execute if entity @s[tag=aj.tultaria.bone.left_arm] run data modify entity @s {} merge value {transformation:[-0.25295717646000676f,-0.9617682815547266f,0.10494969972634209f,0.21629193559159504f,-0.9669462120585433f,0.2549207964687772f,0.005514572817445985f,1.4375f,-0.03205760226554158f,-0.10008576383778378f,-0.9944622416230752f,0.03270108710794344f,0f,0f,0f,1f],start_interpolation:0}
execute if entity @s[tag=aj.tultaria.bone.rod] run data modify entity @s {} merge value {transformation:[-0.000002511281979988101f,0.000007887157167853211f,0.0000056112578470935345f,-0.8854899678080821f,0.000009669462120585434f,0.000002308573669446241f,0.000001082584828686871f,1.36195381870392f,-4.415485426886941e-7f,0.000005697652097339854f,-0.000008206204692921585f,-0.00426928462708831f,0f,0f,0f,1f],start_interpolation:0}
execute if entity @s[tag=aj.tultaria.bone.sword] run data modify entity @s {} merge value {transformation:[-0.000002511281979988101f,0.000009544820792339156f,-0.0000016093038430070251f,-0.9008813357596404f,0.000009669462120585434f,0.0000023979111701083114f,-8.669050229599851e-7f,1.3881072705356245f,-4.415485426886941e-7f,-0.0000017738145512989573f,-0.000009831511421040489f,-0.05173433360911775f,0f,0f,0f,1f],start_interpolation:0}
execute if entity @s[tag=aj.tultaria.bone.right_hand] run data modify entity @s {} merge value {transformation:[-0.2511281979988101f,0.9544820792339155f,-0.1609303843007025f,-0.5476754861329516f,0.9669462120585433f,0.23979111701083114f,-0.0866905022959985f,1.4410391747959819f,-0.044154854268869406f,-0.17738145512989573f,-0.9831511421040487f,-0.19368122306380528f,0f,0f,0f,1f],start_interpolation:0}
execute if entity @s[tag=aj.tultaria.bone.right_arm] run data modify entity @s {} merge value {transformation:[-0.2511281979988101f,0.9483696454311807f,0.1937256921386708f,-0.21629193559159504f,0.9669462120585433f,0.2549207964687772f,0.005514572817445985f,1.4375f,-0.044154854268869406f,0.18870718892628568f,-0.9810402365306093f,-0.03270108710794344f,0f,0f,0f,1f],start_interpolation:0}
execute if entity @s[tag=aj.tultaria.bone.skirt] run data modify entity @s {} merge value {transformation:[-0.9887631341330059f,0.10017805124642093f,0.11095865278537269f,-0.009028617679889309f,0f,0.7422445992905324f,-0.670129058334316f,0.8879434029030169f,-0.14949068392202716f,-0.6625989079922382f,-0.7339040962878038f,0.059717194943815624f,0f,0f,0f,1f],start_interpolation:0}
execute if entity @s[tag=aj.tultaria.bone.left_foot] run data modify entity @s {} merge value {transformation:[-0.9887631341330059f,0.04924553634960455f,0.14114652574227682f,0.06613319055379686f,0f,0.9441827546651497f,-0.32942210884051165f,0.6359465501423098f,-0.14949068392202716f,-0.32572043678984847f,-0.9335730996970484f,0.39875353884195525f,0f,0f,0f,1f],start_interpolation:0}
execute if entity @s[tag=aj.tultaria.bone.left_leg] run data modify entity @s {} merge value {transformation:[-0.9887631341330059f,0.10070879957262913f,0.110477157223181f,0.12400293501971973f,0f,0.7390236924784207f,-0.673679435603879f,0.8750594861511339f,-0.14949068392202716f,-0.6661093901486459f,-0.73071938237351f,0.01599075785523394f,0f,0f,0f,1f],start_interpolation:0}
execute if entity @s[tag=aj.tultaria.bone.right_foot] run data modify entity @s {} merge value {transformation:[-0.9887631341330059f,0.09294733815252146f,0.11708226556501317f,-0.18939877743100697f,0f,0.7832077725062927f,-0.6217600703532926f,0.770838940948827f,-0.14949068392202716f,-0.61477343584128f,-0.7744069718206523f,0.41655123342750744f,0f,0f,0f,1f],start_interpolation:0}
execute if entity @s[tag=aj.tultaria.bone.right_leg] run data modify entity @s {} merge value {transformation:[-0.9887631341330059f,0.13051064188989822f,0.07290018472515813f,-0.12318784851353173f,0f,0.4876570419811722f,-0.8730352853156471f,0.8750594861511339f,-0.14949068392202716f,-0.8632251049174023f,-0.4821773052113347f,-0.02138191312527285f,0f,0f,0f,1f],start_interpolation:0}
execute if entity @s[tag=aj.tultaria.bone.lower] run data modify entity @s {} merge value {transformation:[-0.9887631341330059f,-0.0065206920495039095f,0.14934840191535687f,0f,0f,0.9990482215818578f,0.043619387365336f,0.9375f,-0.14949068392202716f,0.04312924216031126f,-0.9878220507212835f,0f,0f,0f,0f,1f],start_interpolation:0}