execute if entity @s[tag=aj.tultaria.bone.head] run data modify entity @s {} merge value {transformation:[-0.20754285695133962f,-0.33060924161915306f,0.9206647011178848f,0f,0.12173538266499709f,0.9251125116003437f,0.3596489086427356f,1.15625f,-0.970621686928477f,0.18672003169588558f,-0.1517536511178726f,0f,0f,0f,0f,1f],start_interpolation:0}
execute if entity @s[tag=aj.tultaria.bone.bust] run data modify entity @s {} merge value {transformation:[-0.4479431812887399f,0f,0.8940620260009497f,-0.22305942235610493f,0f,1f,0f,0f,-0.8940620260009497f,0f,-0.4479431812887399f,0.6710026036448449f,0f,0f,0f,1f],start_interpolation:0}
execute if entity @s[tag=aj.tultaria.bone.left_wing] run data modify entity @s {} merge value {transformation:[-0.17777273766577079f,0f,0.9840715694210542f,0.24627251582929882f,0f,1f,0f,1.0625f,-0.9840715694210542f,0f,-0.17777273766577079f,-0.05348185339940481f,0f,0f,0f,1f],start_interpolation:0}
execute if entity @s[tag=aj.tultaria.bone.right_wing] run data modify entity @s {} merge value {transformation:[-0.6817882161978208f,0f,0.7315496075139358f,0.19027961816820632f,0f,1f,0f,1.0625f,-0.7315496075139358f,0f,-0.6817882161978208f,-0.16523960664952342f,0f,0f,0f,1f],start_interpolation:0}
execute if entity @s[tag=aj.tultaria.bone.body] run data modify entity @s {} merge value {transformation:[-0.4479431812887399f,0f,0.8940620260009497f,-0.22305942235610493f,0f,1f,0f,0f,-0.8940620260009497f,0f,-0.4479431812887399f,0.6710026036448449f,0f,0f,0f,1f],start_interpolation:0}
execute if entity @s[tag=aj.tultaria.bone.left_hand] run data modify entity @s {} merge value {transformation:[-0.01106709865214453f,0.9999215385623126f,0.005868223462089928f,-0.028315946463832814f,-0.9540001061162879f,-0.00880013165887858f,-0.2996770848978911f,0.9910777183883956f,-0.29960193066389795f,-0.008914841667899964f,0.9540226458216288f,0.5415674002910152f,0f,0f,0f,1f],start_interpolation:0}
execute if entity @s[tag=aj.tultaria.bone.left_arm] run data modify entity @s {} merge value {transformation:[-0.01106709865214453f,0.5905226677117833f,0.8069451643364511f,0.09798757090691185f,-0.9540001061162879f,0.23555643411268878f,-0.185464184893542f,1f,-0.29960193066389795f,-0.7718783228376562f,0.5607517613666422f,0.19557606818770776f,0f,0f,0f,1f],start_interpolation:0}
execute if entity @s[tag=aj.tultaria.bone.rod] run data modify entity @s {} merge value {transformation:[-0.00000233348744659208f,0.000009662085880773924f,-0.0000010949578846450476f,-0.5828266962134638f,0.00000954000106116288f,0.000002056810661261881f,-0.0000021812633166884295f,1.0318374033727116f,-0.0000018823432443654682f,-0.0000015535849948646676f,-0.000009697585141370147f,0.06877257065345088f,0f,0f,0f,1f],start_interpolation:0}
execute if entity @s[tag=aj.tultaria.bone.right_hand] run data modify entity @s {} merge value {transformation:[-0.23334874465920796f,0.6057874301355846f,-0.7606378592048227f,-0.4507361423132225f,0.9540001061162879f,-0.00880013165887858f,-0.2996770848978911f,0.9910777183883956f,-0.1882343244365468f,-0.7955778699615208f,-0.575867772957826f,-0.3015526022018477f,0f,0f,0f,1f],start_interpolation:0}
execute if entity @s[tag=aj.tultaria.bone.right_arm] run data modify entity @s {} merge value {transformation:[-0.23334874465920796f,0.9717998044505515f,0.03396326597724991f,-0.09798757090691185f,0.9540001061162879f,0.23555643411268878f,-0.185464184893542f,1f,-0.1882343244365468f,-0.010876875377799078f,-0.9820639147662094f,-0.19557606818770776f,0f,0f,0f,1f],start_interpolation:0}
execute if entity @s[tag=aj.tultaria.bone.skirt] run data modify entity @s {} merge value {transformation:[-0.4479431812887399f,0.13529368394046165f,0.8837661033456429f,-0.05587887662505936f,0f,0.9884841069681043f,-0.1513247179791505f,0.453125f,-0.8940620260009497f,-0.06778487557920206f,-0.4427847155286517f,0.027996448830546243f,0f,0f,0f,1f],start_interpolation:0}
execute if entity @s[tag=aj.tultaria.bone.left_foot] run data modify entity @s {} merge value {transformation:[-0.4479431812887399f,-0.05417523676704793f,0.8924191560349638f,-0.05880498105107794f,0f,0.9981624653343859f,0.06059449477948232f,0.0009858540145665784f,-0.8940620260009497f,0.027142890760105245f,-0.4471200701648964f,0.16927381533536145f,0f,0f,0f,1f],start_interpolation:0}
execute if entity @s[tag=aj.tultaria.bone.left_leg] run data modify entity @s {} merge value {transformation:[-0.4479431812887399f,0.006956590946285604f,0.8940349613853638f,0.055992897661092486f,0f,0.9999697284810238f,-0.007780881800115973f,0.4375f,-0.8940620260009497f,-0.003485392946775606f,-0.4479296213682273f,0.11175775325011872f,0f,0f,0f,1f],start_interpolation:0}
execute if entity @s[tag=aj.tultaria.bone.right_foot] run data modify entity @s {} merge value {transformation:[-0.4479431812887399f,-0.26448549129561044f,0.8540458601451344f,-0.27007748780551166f,0f,0.9552422933844941f,0.29582454416348225f,0.05059668232262082f,-0.8940620260009497f,0.1325125874158816f,-0.4278942718002021f,-0.004497038014143279f,0f,0f,0f,1f],start_interpolation:0}
execute if entity @s[tag=aj.tultaria.bone.right_leg] run data modify entity @s {} merge value {transformation:[-0.4479431812887399f,0.24355049143326216f,0.860250001138936f,-0.055992897661092486f,0f,0.9621815669621362f,-0.2724089429484431f,0.4375f,-0.8940620260009497f,-0.12202372851582845f,-0.431002672082404f,-0.11175775325011872f,0f,0f,0f,1f],start_interpolation:0}
execute if entity @s[tag=aj.tultaria.bone.lower] run data modify entity @s {} merge value {transformation:[-0.4479431812887399f,0f,0.8940620260009497f,0f,0f,1f,0f,0.5f,-0.8940620260009497f,0f,-0.4479431812887399f,0f,0f,0f,0f,1f],start_interpolation:0}