execute if entity @s[tag=aj.tultaria.bone.head] run data modify entity @s {} merge value {transformation:[0.9664005065310722f,-0.15188231721136045f,0.20736880839459493f,0f,0.08572885705671085f,0.9510135115546166f,0.2970250223605869f,1.15625f,-0.24232338732412226f,-0.2692676411287936f,0.9320806367459301f,0f,0f,0f,0f,1f],start_interpolation:0}
execute if entity @s[tag=aj.tultaria.bone.bust] run data modify entity @s {} merge value {transformation:[0.9203831983338806f,0f,0.3910176060290589f,-0.6557004021814697f,0f,1f,0f,0f,-0.3910176060290589f,0f,0.9203831983338806f,-0.26468279615241086f,0f,0f,0f,1f],start_interpolation:0}
execute if entity @s[tag=aj.tultaria.bone.left_wing] run data modify entity @s {} merge value {transformation:[0.9196560969985109f,0f,0.39272466596009137f,0.03491335967688736f,0f,1f,0f,1.0625f,-0.39272466596009137f,0f,0.9196560969985109f,0.24201894795745316f,0f,0f,0f,1f],start_interpolation:0}
execute if entity @s[tag=aj.tultaria.bone.right_wing] run data modify entity @s {} merge value {transformation:[0.9211071310384388f,0f,0.38930919992999924f,0.14996125946862238f,0f,1f,0f,1.0625f,-0.38930919992999924f,0f,0.9211071310384388f,0.19314174720382077f,0f,0f,0f,1f],start_interpolation:0}
execute if entity @s[tag=aj.tultaria.bone.body] run data modify entity @s {} merge value {transformation:[0.9203831983338806f,0f,0.3910176060290589f,-0.6557004021814697f,0f,1f,0f,0f,-0.3910176060290589f,0f,0.9203831983338806f,-0.26468279615241086f,0f,0f,0f,1f],start_interpolation:0}
execute if entity @s[tag=aj.tultaria.bone.left_hand] run data modify entity @s {} merge value {transformation:[0.2810942524013907f,0.42335462136239443f,-0.8612530904664477f,-0.5684652668098819f,-0.9593228522460899f,0.09946885470126864f,-0.264207517120245f,0.9909582214147993f,-0.02618561485491397f,0.900486985755775f,0.4340938862264112f,0.05595575198521771f,0f,0f,0f,1f],start_interpolation:0}
execute if entity @s[tag=aj.tultaria.bone.left_arm] run data modify entity @s {} merge value {transformation:[0.2810942524013907f,0.9019444362862233f,-0.3278448644088086f,-0.2013338246355364f,-0.9593228522460899f,0.2547635231792966f,-0.12163557216414372f,1f,-0.02618561485491397f,0.3487001306417862f,0.9368684712728201f,0.08553510131885664f,0f,0f,0f,1f],start_interpolation:0}
execute if entity @s[tag=aj.tultaria.bone.rod] run data modify entity @s {} merge value {transformation:[0.0000021398624546104423f,-0.000003932159918207615f,0.000008941985632564509f,0.1882744134705308f,0.0000095932285224609f,0.0000025715802867231255f,-0.0000011648782532005963f,0.9866833405418541f,-0.000001841454640003722f,0.000008827519085596955f,0.000004322493678680198f,-0.6791935478646213f,0f,0f,0f,1f],start_interpolation:0}
execute if entity @s[tag=aj.tultaria.bone.right_hand] run data modify entity @s {} merge value {transformation:[0.21398624546104422f,0.35424817351844984f,0.9103395620933588f,0.43490992380161936f,0.9593228522460899f,0.09946885470126864f,-0.264207517120245f,0.9909582214147993f,-0.18414546400037218f,0.9298463198310031f,-0.31855340146485245f,-0.3703203531111017f,0f,0f,0f,1f],start_interpolation:0}
execute if entity @s[tag=aj.tultaria.bone.right_arm] run data modify entity @s {} merge value {transformation:[0.21398624546104422f,-0.37515465048011254f,0.901925093883428f,0.2013338246355364f,0.9593228522460899f,0.2547635231792966f,-0.12163557216414372f,1f,-0.18414546400037218f,0.8912656929784836f,0.41441031913753185f,-0.08553510131885664f,0f,0f,0f,1f],start_interpolation:0}
execute if entity @s[tag=aj.tultaria.bone.skirt] run data modify entity @s {} merge value {transformation:[0.9203831983338806f,0.14553986140002825f,0.3629227424237242f,-0.02443860037681618f,0f,0.9281493641919367f,-0.3722079496062699f,0.453125f,-0.3910176060290589f,0.34257394310391454f,0.8542530803465325f,-0.05752394989586754f,0f,0f,0f,1f],start_interpolation:0}
execute if entity @s[tag=aj.tultaria.bone.left_foot] run data modify entity @s {} merge value {transformation:[0.9203831983338806f,0.0440458612018363f,0.38852893114372433f,-0.20960393231825053f,0f,0.9936353891820677f,-0.11264418921986594f,0.052072774912113706f,-0.3910176060290589f,0.10367581914790705f,0.9145253174731216f,-0.17369022919490346f,0f,0f,0f,1f],start_interpolation:0}
execute if entity @s[tag=aj.tultaria.bone.left_leg] run data modify entity @s {} merge value {transformation:[0.9203831983338806f,0.10882251048483961f,0.37556947351518505f,-0.11504789979173508f,0f,0.9604924886355992f,-0.2783059095215072f,0.4375f,-0.3910176060290589f,0.25614808312062437f,0.8840211486661013f,0.04887720075363236f,0f,0f,0f,1f],start_interpolation:0}
execute if entity @s[tag=aj.tultaria.bone.right_foot] run data modify entity @s {} merge value {transformation:[0.9203831983338806f,-0.010368913297057553f,0.39088010164465326f,-0.009273777608270514f,0f,0.9996483422171136f,0.026517765791566394f,0.11201128678171335f,-0.3910176060290589f,-0.02440650609191064f,0.9200595384189487f,-0.3415074590933209f,0f,0f,0f,1f],start_interpolation:0}
execute if entity @s[tag=aj.tultaria.bone.right_leg] run data modify entity @s {} merge value {transformation:[0.9203831983338806f,0.18587414549006867f,0.3440139099848044f,0.11504789979173508f,0f,0.8797913564005572f,-0.4753600416556569f,0.4375f,-0.3910176060290589f,0.4375133954991602f,0.8097451824704478f,-0.04887720075363236f,0f,0f,0f,1f],start_interpolation:0}
execute if entity @s[tag=aj.tultaria.bone.lower] run data modify entity @s {} merge value {transformation:[0.9203831983338806f,0f,0.3910176060290589f,0f,0f,1f,0f,0.5f,-0.3910176060290589f,0f,0.9203831983338806f,0f,0f,0f,0f,1f],start_interpolation:0}