execute if entity @s[tag=aj.tultaria.bone.head] run data modify entity @s {} merge value {transformation:[-0.9294156796263722f,-0.052751546814541875f,0.36524480663429265f,0f,-0.010480880188787779f,0.9931046212722587f,0.11676199021150592f,1.15625f,-0.36888568095700996f,0.10469233742904362f,-0.9235598891617838f,0f,0f,0f,0f,1f],start_interpolation:0}
execute if entity @s[tag=aj.tultaria.bone.bust] run data modify entity @s {} merge value {transformation:[-0.9499793743654716f,0f,0.3123126450853168f,0.3188333646400774f,0f,1f,0f,0f,-0.3123126450853168f,0f,-0.9499793743654716f,0.6311460097253943f,0f,0f,0f,1f],start_interpolation:0}
execute if entity @s[tag=aj.tultaria.bone.left_wing] run data modify entity @s {} merge value {transformation:[-0.9469001503836636f,0f,-0.32152776739092837f,0.11793233185133886f,0f,1f,0f,1.0625f,0.32152776739092837f,0f,-0.9469001503836636f,-0.1586015923756936f,0f,0f,0f,1f],start_interpolation:0}
execute if entity @s[tag=aj.tultaria.bone.right_wing] run data modify entity @s {} merge value {transformation:[-0.5713918923642132f,0f,0.8206773454534025f,-0.0008150899443450932f,0f,1f,0f,1.0625f,-0.8206773454534025f,0f,-0.5713918923642132f,-0.19764067301135824f,0f,0f,0f,1f],start_interpolation:0}
execute if entity @s[tag=aj.tultaria.bone.body] run data modify entity @s {} merge value {transformation:[-0.9499793743654716f,0f,0.3123126450853168f,0.3188333646400774f,0f,1f,0f,0f,-0.3123126450853168f,0f,-0.9499793743654716f,0.6311460097253943f,0f,0f,0f,1f],start_interpolation:0}
execute if entity @s[tag=aj.tultaria.bone.left_hand] run data modify entity @s {} merge value {transformation:[-0.21518955812533702f,-0.8255827769249184f,0.521638315807766f,0.5757565734046549f,-0.9753536717890896f,0.20836815011640045f,-0.07258049975448026f,1.0154790558663749f,-0.0487716003567967f,-0.524400412339664f,-0.850073842990494f,0.05752835251075164f,0f,0f,0f,1f],start_interpolation:0}
execute if entity @s[tag=aj.tultaria.bone.left_arm] run data modify entity @s {} merge value {transformation:[-0.21518955812533702f,-0.9499956510409868f,0.22627796418792917f,0.20780798814244691f,-0.9753536717890896f,0.22064391248632287f,-0.0012160634312400609f,1f,-0.0487716003567967f,-0.22096272736807776f,-0.9740620124574704f,0.06831839111241306f,0f,0f,0f,1f],start_interpolation:0}
execute if entity @s[tag=aj.tultaria.bone.rod] run data modify entity @s {} merge value {transformation:[-0.000002021508764083897f,0.0000063014451316690585f,0.0000074970188454676f,-0.8740296631149835f,0.000009753536717890897f,0.000001986606954889048f,9.601636837230174e-7f,0.9464135620420346f,-8.84321100893836e-7f,0.00000750634278855894f,-0.000006547731983760721f,-0.19653464119369657f,0f,0f,0f,1f],start_interpolation:0}
execute if entity @s[tag=aj.tultaria.bone.right_hand] run data modify entity @s {} merge value {transformation:[-0.2021508764083897f,0.9756987448191629f,0.08453982804353333f,-0.49757515530235585f,0.9753536717890896f,0.20836815011640045f,-0.07258049975448026f,1.0154790558663749f,-0.08843211008938359f,0.0677840200591514f,-0.9937731574810016f,-0.29533727835664003f,0f,0f,0f,1f],start_interpolation:0}
execute if entity @s[tag=aj.tultaria.bone.right_arm] run data modify entity @s {} merge value {transformation:[-0.2021508764083897f,0.8957871572831684f,0.39585400340764526f,-0.20780798814244691f,0.9753536717890896f,0.22064391248632287f,-0.0012160634312400609f,1f,-0.08843211008938359f,0.3858518274276642f,-0.9183126532809351f,-0.06831839111241306f,0f,0f,0f,1f],start_interpolation:0}
execute if entity @s[tag=aj.tultaria.bone.skirt] run data modify entity @s {} merge value {transformation:[-0.9499793743654716f,0.199289382188482f,0.24046398987607315f,-0.0195195403178323f,0f,0.7699463779648876f,-0.6381085919016843f,0.453125f,-0.3123126450853168f,-0.6061900009119942f,-0.7314331784340449f,0.05937371089784198f,0f,0f,0f,1f],start_interpolation:0}
execute if entity @s[tag=aj.tultaria.bone.left_foot] run data modify entity @s {} merge value {transformation:[-0.9499793743654716f,0.08760848020066254f,0.29977315169493945f,0.0005447012442262172f,0f,0.959849549521276f,-0.2805153155957866f,0.18493820848346604f,-0.3123126450853168f,-0.26648376400961815f,-0.9118372745392014f,0.3985831089829489f,0f,0f,0f,1f],start_interpolation:0}
execute if entity @s[tag=aj.tultaria.bone.left_leg] run data modify entity @s {} merge value {transformation:[-0.9499793743654716f,0.20216228273152426f,0.23805377485132703f,0.11874742179568396f,0f,0.7622290630797101f,-0.6473073886467134f,0.4375f,-0.3123126450853168f,-0.614928668088752f,-0.7241018884676426f,0.0390390806356646f,0f,0f,0f,1f],start_interpolation:0}
execute if entity @s[tag=aj.tultaria.bone.right_foot] run data modify entity @s {} merge value {transformation:[-0.9499793743654716f,0.20113706772282505f,0.23892063173374276f,-0.2586751243636629f,0f,0.7650046691784607f,-0.6440247325492663f,0.3581661399234804f,-0.3123126450853168f,-0.6118102125030421f,-0.7267386570128186f,0.38658707774679013f,0f,0f,0f,1f],start_interpolation:0}
execute if entity @s[tag=aj.tultaria.bone.right_leg] run data modify entity @s {} merge value {transformation:[-0.9499793743654716f,0.2807365985223245f,0.13684352571569558f,-0.11874742179568396f,0f,0.43816197604907414f,-0.8988960355596027f,0.4375f,-0.3123126450853168f,-0.8539326934805141f,-0.4162448398778382f,-0.0390390806356646f,0f,0f,0f,1f],start_interpolation:0}
execute if entity @s[tag=aj.tultaria.bone.lower] run data modify entity @s {} merge value {transformation:[-0.9499793743654716f,0f,0.3123126450853168f,0f,0f,1f,0f,0.5f,-0.3123126450853168f,0f,-0.9499793743654716f,0f,0f,0f,0f,1f],start_interpolation:0}