execute if entity @s[tag=aj.tultaria.bone.head] run data modify entity @s {} merge value {transformation:[-0.9270536521674351f,-0.05371851051012713f,0.37106043662939014f,0f,-0.010707482302152871f,0.993072323018458f,0.1170158582307217f,1.59375f,-0.37477576739401036f,0.10450685567605907f,-0.9212065139212455f,0f,0f,0f,0f,1f],start_interpolation:0}
execute if entity @s[tag=aj.tultaria.bone.bust] run data modify entity @s {} merge value {transformation:[-0.9499550148845042f,0f,0.3123867309854589f,0.31878414194952265f,0f,1f,0f,0.4375f,-0.3123867309854589f,0f,-0.9499550148845042f,0.6311708729349815f,0f,0f,0f,1f],start_interpolation:0}
execute if entity @s[tag=aj.tultaria.bone.left_wing] run data modify entity @s {} merge value {transformation:[-0.9474766226358133f,0f,-0.31982502959998704f,0.11696880434245649f,0f,1f,0f,1.5f,0.31982502959998704f,0f,-0.9474766226358133f,-0.1556247351377541f,0f,0f,0f,1f],start_interpolation:0}
execute if entity @s[tag=aj.tultaria.bone.right_wing] run data modify entity @s {} merge value {transformation:[-0.5727384275691068f,0f,0.8197381859994489f,-0.0017755725181065052f,0f,1f,0f,1.5f,-0.8197381859994489f,0f,-0.5727384275691068f,-0.19467307651093646f,0f,0f,0f,1f],start_interpolation:0}
execute if entity @s[tag=aj.tultaria.bone.body] run data modify entity @s {} merge value {transformation:[-0.9499550148845042f,0f,0.3123867309854589f,0.31878414194952265f,0f,1f,0f,0.4375f,-0.3123867309854589f,0f,-0.9499550148845042f,0.6311708729349815f,0f,0f,0f,1f],start_interpolation:0}
execute if entity @s[tag=aj.tultaria.bone.left_hand] run data modify entity @s {} merge value {transformation:[-0.21518575387863265f,-0.8255418775530559f,0.5217046096536427f,0.5757520851411649f,-0.9753536717890896f,0.20836815011640045f,-0.07258049975448026f,1.4529790558663749f,-0.048788382379675574f,-0.52446479617153f,-0.8500331589541258f,0.05757325435366391f,0f,0f,0f,1f],start_interpolation:0}
execute if entity @s[tag=aj.tultaria.bone.left_arm] run data modify entity @s {} merge value {transformation:[-0.21518575387863265f,-0.9499784157437416f,0.22635392850289843f,0.20780265950598528f,-0.9753536717890896f,0.22064391248632287f,-0.0012160634312400609f,1.4375f,-0.048788382379675574f,-0.2210368148154027f,-0.9740443625631411f,0.06833459740306913f,0f,0f,0f,1f],start_interpolation:0}
execute if entity @s[tag=aj.tultaria.bone.rod] run data modify entity @s {} merge value {transformation:[-0.00000202143979163413f,0.0000063008597089630824f,0.0000074975294662151105f,-0.8740143331426997f,0.000009753536717890897f,0.000001986606954889048f,9.601636837230174e-7f,1.3839135620420346f,-8.844787513288579e-7f,0.000007506834201895773f,-0.0000065471472874600605f,-0.19660280429116112f,0f,0f,0f,1f],start_interpolation:0}
execute if entity @s[tag=aj.tultaria.bone.sword] run data modify entity @s {} merge value {transformation:[-0.00000202143979163413f,0.000009756934555219552f,8.461733001937683e-7f,-0.8763648951468981f,0.000009753536717890897f,0.000002083681501164005f,-7.258049975448027e-7f,1.4109911533594526f,-8.844787513288579e-7f,6.786011250134855e-7f,-0.000009937665613793725f,-0.24594960795372184f,0f,0f,0f,1f],start_interpolation:0}
execute if entity @s[tag=aj.tultaria.bone.right_hand] run data modify entity @s {} merge value {transformation:[-0.20214397916341298f,0.9756934555219552f,0.08461733001937682f,-0.4975521210695444f,0.9753536717890896f,0.20836815011640045f,-0.07258049975448026f,1.4529790558663749f,-0.08844787513288578f,0.06786011250134855f,-0.9937665613793724f,-0.29537608227557693f,0f,0f,0f,1f],start_interpolation:0}
execute if entity @s[tag=aj.tultaria.bone.right_arm] run data modify entity @s {} merge value {transformation:[-0.20214397916341298f,0.8957570628042071f,0.39592561943420806f,-0.20780265950598528f,0.9753536717890896f,0.22064391248632287f,-0.0012160634312400609f,1.4375f,-0.08844787513288578f,0.3859216867696186f,-0.9182817786852627f,-0.06833459740306913f,0f,0f,0f,1f],start_interpolation:0}
execute if entity @s[tag=aj.tultaria.bone.skirt] run data modify entity @s {} merge value {transformation:[-0.9499550148845042f,0.18591745148886285f,0.25103818619418794f,-0.018866863729175537f,0f,0.8036134742415593f,-0.5951515639040285f,0.8879434029030169f,-0.3123867309854589f,-0.5653672127469873f,-0.7633966498845285f,0.05737334539829457f,0f,0f,0f,1f],start_interpolation:0}
execute if entity @s[tag=aj.tultaria.bone.left_foot] run data modify entity @s {} merge value {transformation:[-0.9499550148845042f,0.07103931341834996f,0.30420204740407464f,0.005823251760269044f,0f,0.9737995158899204f,-0.22740822951809936f,0.6023213535414611f,-0.3123867309854589f,-0.21602758805672467f,-0.9250657336117324f,0.382436771275533f,0f,0f,0f,1f],start_interpolation:0}
execute if entity @s[tag=aj.tultaria.bone.left_leg] run data modify entity @s {} merge value {transformation:[-0.9499550148845042f,0.18898407695975447f,0.24873779035653396f,0.11959600922472838f,0f,0.7962495384226557f,-0.6049683236019119f,0.8750594861511339f,-0.3123867309854589f,-0.5746926928519077f,-0.7564012421240736f,0.036458562887314194f,0f,0f,0f,1f],start_interpolation:0}
execute if entity @s[tag=aj.tultaria.bone.right_foot] run data modify entity @s {} merge value {transformation:[-0.9499550148845042f,0.18900039200084656f,0.24872539379666844f,-0.2565260898705256f,0f,0.7962098550474164f,-0.6050205506636716f,0.7746411070147715f,-0.3123867309854589f,-0.5747423062111391f,-0.7563635447027572f,0.3799400990778433f,0f,0f,0f,1f],start_interpolation:0}
execute if entity @s[tag=aj.tultaria.bone.right_leg] run data modify entity @s {} merge value {transformation:[-0.9499550148845042f,0.27402103524237353f,0.14999313964471622f,-0.11789274449639767f,0f,0.4801520831936302f,-0.8771852580868065f,0.8750594861511339f,-0.3123867309854589f,-0.83328653490232f,-0.45612287933703066f,-0.041638119859050526f,0f,0f,0f,1f],start_interpolation:0}
execute if entity @s[tag=aj.tultaria.bone.lower] run data modify entity @s {} merge value {transformation:[-0.9499550148845042f,-0.013626117826645742f,0.3120894080367929f,0f,0f,0.9990482215818578f,0.043619387365336f,0.9375f,-0.3123867309854589f,0.04143645577389071f,-0.9490508682031311f,0f,0f,0f,0f,1f],start_interpolation:0}