execute if entity @s[tag=aj.tultaria.bone.head] run data modify entity @s {} merge value {transformation:[-0.9445216350379704f,-0.046941527408527355f,0.32507748914643975f,0f,-0.009126627825604534f,0.9931032293728664f,0.11688746927586684f,1.15625f,-0.32832238061047875f,0.10743588233797072f,-0.9384359038189714f,0f,0f,0f,0f,1f],start_interpolation:0}
execute if entity @s[tag=aj.tultaria.bone.bust] run data modify entity @s {} merge value {transformation:[-0.9562434550711558f,0f,0.29257213577779134f,0.33183565964668227f,0f,1f,0f,0f,-0.29257213577779134f,0f,-0.9562434550711558f,0.6244077954244736f,0f,0f,0f,1f],start_interpolation:0}
execute if entity @s[tag=aj.tultaria.bone.left_wing] run data modify entity @s {} merge value {transformation:[-0.9390347830710372f,0f,-0.3438221577832502f,0.11637865664405628f,0f,1f,0f,1.0625f,0.3438221577832502f,0f,-0.9390347830710372f,-0.16674974394316666f,0f,0f,0f,1f],start_interpolation:0}
execute if entity @s[tag=aj.tultaria.bone.right_wing] run data modify entity @s {} merge value {transformation:[-0.5858925497145441f,0f,0.8103887463365903f,-0.003151775239838228f,0f,1f,0f,1.0625f,-0.8103887463365903f,0f,-0.5858925497145441f,-0.2033212609153906f,0f,0f,0f,1f],start_interpolation:0}
execute if entity @s[tag=aj.tultaria.bone.body] run data modify entity @s {} merge value {transformation:[-0.9562434550711558f,0f,0.29257213577779134f,0.33183565964668227f,0f,1f,0f,0f,-0.29257213577779134f,0f,-0.9562434550711558f,0.6244077954244736f,0f,0f,0f,1f],start_interpolation:0}
execute if entity @s[tag=aj.tultaria.bone.left_hand] run data modify entity @s {} merge value {transformation:[-0.22829499349791674f,-0.8284491745909435f,0.5114228789009839f,0.5770312798742615f,-0.9721843288309964f,0.22221733654057121f,-0.07400733825938736f,1.0109915254466602f,-0.05233571170062554f,-0.514092813079894f,-0.8561364101709436f,0.04652083705357622f,0f,0f,0f,1f],start_interpolation:0}
execute if entity @s[tag=aj.tultaria.bone.left_arm] run data modify entity @s {} merge value {transformation:[-0.22829499349791674f,-0.9510545616776754f,0.2082705371766987f,0.20917825579681534f,-0.9721843288309964f,0.23418712142004505f,0.0037447211402104608f,1f,-0.05233571170062554f,-0.20162245131204398f,-0.9780640880881535f,0.06400015470139185f,0f,0f,0f,1f],start_interpolation:0}
execute if entity @s[tag=aj.tultaria.bone.rod] run data modify entity @s {} merge value {transformation:[-0.0000021849554021969365f,0.000006499038895536289f,0.000007279317504046441f,-0.8765261953815252f,0.000009721843288309964f,0.000002094624763058305f,0.0000010480029482427167f,0.9369109415263693f,-8.436426778873324e-7f,0.000007305822372347238f,-0.000006775929935865461f,-0.17390030126490696f,0f,0f,0f,1f],start_interpolation:0}
execute if entity @s[tag=aj.tultaria.bone.right_hand] run data modify entity @s {} merge value {transformation:[-0.2184955402196936f,0.9742769243750011f,0.055174029529233115f,-0.5042755950497456f,0.9721843288309964f,0.22221733654057121f,-0.07400733825938736f,1.0109915254466602f,-0.08436426778873324f,0.0374690535135726f,-0.9957302548126515f,-0.28431568804889873f,0f,0f,0f,1f],start_interpolation:0}
execute if entity @s[tag=aj.tultaria.bone.right_arm] run data modify entity @s {} merge value {transformation:[-0.2184955402196936f,0.9010528631870952f,0.3746510865411203f,-0.20917825579681534f,0.9721843288309964f,0.23418712142004505f,0.0037447211402104608f,1f,-0.08436426778873324f,0.36504811998328496f,-0.9271583146459617f,-0.06400015470139185f,0f,0f,0f,1f],start_interpolation:0}
execute if entity @s[tag=aj.tultaria.bone.skirt] run data modify entity @s {} merge value {transformation:[-0.9562434550711558f,0.19526562120918622f,0.21787563380830124f,-0.01828575848611196f,0f,0.7446903076709187f,-0.6674101779722815f,0.453125f,-0.29257213577779134f,-0.6382066145338695f,-0.7121052327652414f,0.05976521594194724f,0f,0f,0f,1f],start_interpolation:0}
execute if entity @s[tag=aj.tultaria.bone.left_foot] run data modify entity @s {} merge value {transformation:[-0.9562434550711558f,0.09341287187000531f,0.2772588862463678f,0.006132798738134951f,0f,0.9476599181575721f,-0.31928150512922543f,0.19915926857446492f,-0.29257213577779134f,-0.3053108496050895f,-0.9061935943714456f,0.4072006072234894f,0f,0f,0f,1f],start_interpolation:0}
execute if entity @s[tag=aj.tultaria.bone.left_leg] run data modify entity @s {} merge value {transformation:[-0.9562434550711558f,0.1975304810108067f,0.2158243816282528f,0.11953043188389448f,0f,0.7376792087684368f,-0.675151379285248f,0.4375f,-0.29257213577779134f,-0.645609087623782f,-0.7054009153268865f,0.03657151697222392f,0f,0f,0f,1f],start_interpolation:0}
execute if entity @s[tag=aj.tultaria.bone.right_foot] run data modify entity @s {} merge value {transformation:[-0.9562434550711558f,0.19558619106913094f,0.21758790521682903f,-0.2509873931932295f,0f,0.7437068627139773f,-0.6685058730872401f,0.3657535667119539f,-0.29257213577779134f,-0.6392543658163021f,-0.7111648199617435f,0.3930827238235116f,0f,0f,0f,1f],start_interpolation:0}
execute if entity @s[tag=aj.tultaria.bone.right_leg] run data modify entity @s {} merge value {transformation:[-0.9562434550711558f,0.2651220270859775f,0.12372859567375923f,-0.11953043188389448f,0f,0.4228994512578298f,-0.9061766130980353f,0.4375f,-0.29257213577779134f,-0.8665254554135433f,-0.404394832418483f,-0.03657151697222392f,0f,0f,0f,1f],start_interpolation:0}
execute if entity @s[tag=aj.tultaria.bone.lower] run data modify entity @s {} merge value {transformation:[-0.9562434550711558f,0f,0.29257213577779134f,0f,0f,1f,0f,0.5f,-0.29257213577779134f,0f,-0.9562434550711558f,0f,0f,0f,0f,1f],start_interpolation:0}