execute if entity @s[tag=aj.tultaria.bone.head] run data modify entity @s {} merge value {transformation:[0.724988410130704f,-0.28705469731354594f,0.6260921704720344f,0f,0.09795685242707708f,0.942744632481227f,0.3188056037625689f,1.15625f,-0.6817596792409583f,-0.1698003494639066f,0.711597906885062f,0f,0f,0f,0f,1f],start_interpolation:0}
execute if entity @s[tag=aj.tultaria.bone.bust] run data modify entity @s {} merge value {transformation:[0.5876611437247378f,0f,0.8091071499845577f,-0.6983841468546477f,0f,1f,0f,0f,-0.8091071499845577f,0f,0.5876611437247378f,0.11072300312990996f,0f,0f,0f,1f],start_interpolation:0}
execute if entity @s[tag=aj.tultaria.bone.left_wing] run data modify entity @s {} merge value {transformation:[0.6604663529228832f,0f,0.7508556430211775f,0.15746984022789756f,0f,1f,0f,1.0625f,-0.7508556430211775f,0f,0.6604663529228832f,0.19161727394627148f,0f,0f,0f,1f],start_interpolation:0}
execute if entity @s[tag=aj.tultaria.bone.right_wing] run data modify entity @s {} merge value {transformation:[0.5097469045963278f,0f,0.8603244116346245f,0.23092748319348977f,0f,1f,0f,1.0625f,-0.8603244116346245f,0f,0.5097469045963278f,0.09047888019820183f,0f,0f,0f,1f],start_interpolation:0}
execute if entity @s[tag=aj.tultaria.bone.body] run data modify entity @s {} merge value {transformation:[0.5876611437247378f,0f,0.8091071499845577f,-0.6983841468546477f,0f,1f,0f,0f,-0.8091071499845577f,0f,0.5876611437247378f,0.11072300312990996f,0f,0f,0f,1f],start_interpolation:0}
execute if entity @s[tag=aj.tultaria.bone.left_hand] run data modify entity @s {} merge value {transformation:[0.2386056336297233f,0.7267740901210603f,-0.644101524240444f,-0.4745058815030738f,-0.9577191519094544f,0.06631489895630224f,-0.27995778296423635f,0.9904883350330744f,-0.16075253548853696f,0.6836678697328994f,0.711868573705067f,0.3033521880157942f,0f,0f,0f,1f],start_interpolation:0}
execute if entity @s[tag=aj.tultaria.bone.left_arm] run data modify entity @s {} merge value {transformation:[0.2386056336297233f,0.9666664013917916f,0.09286237139122627f,-0.1285508751897864f,-0.9577191519094544f,0.2500645857484034f,-0.14227343047918134f,1f,-0.16075253548853696f,-0.05498882954494638f,0.9854617450511632f,0.176992189059122f,0f,0f,0f,1f],start_interpolation:0}
execute if entity @s[tag=aj.tultaria.bone.rod] run data modify entity @s {} merge value {transformation:[0.05173308574336558f,-0.041356895645190545f,0.6509360150251544f,-0.24611153244999218f,0.6266326482220063f,0.1843506348286188f,-0.03808895188011884f,1.0006149707949907f,-0.18099616751884656f,0.6264254554658868f,0.054184284830673723f,-0.6208547018069954f,0f,0f,0f,1f],start_interpolation:0}
execute if entity @s[tag=aj.tultaria.bone.right_hand] run data modify entity @s {} merge value {transformation:[0.07906668627045726f,0.874939529447304f,0.4777334810673623f,0.1417074762261671f,0.9577191519094544f,0.06631489895630224f,-0.27995778296423635f,0.9904883350330744f,-0.27662697841686407f,0.4796698385211916f,-0.8327030448034941f,-0.5450663929619852f,0f,0f,0f,1f],start_interpolation:0}
execute if entity @s[tag=aj.tultaria.bone.right_arm] run data modify entity @s {} merge value {transformation:[0.07906668627045726f,0.24670611727742942f,0.965859488134845f,0.1285508751897864f,0.9577191519094544f,0.2500645857484034f,-0.14227343047918134f,1f,-0.27662697841686407f,0.9362712185325226f,-0.2165033952610932f,-0.176992189059122f,0f,0f,0f,1f],start_interpolation:0}
execute if entity @s[tag=aj.tultaria.bone.skirt] run data modify entity @s {} merge value {transformation:[0.5876611437247378f,0.24376350092104984f,0.7715139245501969f,-0.050569196874034855f,0f,0.9535373955908333f,-0.30127468398431806f,0.453125f,-0.8091071499845577f,0.17704742536553328f,0.5603568764772168f,-0.03672882148279611f,0f,0f,0f,1f],start_interpolation:0}
execute if entity @s[tag=aj.tultaria.bone.left_foot] run data modify entity @s {} merge value {transformation:[0.5876611437247378f,0.04534732987189767f,0.8078353791643584f,-0.2402308985879456f,0f,0.9984281799756393f,-0.05604613662450411f,0.03185760846222174f,-0.8091071499845577f,0.032936136750108994f,0.5867374461714925f,-0.019990386468000276f,0f,0f,0f,1f],start_interpolation:0}
execute if entity @s[tag=aj.tultaria.bone.left_leg] run data modify entity @s {} merge value {transformation:[0.5876611437247378f,0.15426308549324386f,0.7942652457524738f,-0.07345764296559222f,0f,0.9816564416315353f,-0.19065841340814757f,0.4375f,-0.8091071499845577f,0.11204254128417587f,0.5768813472339444f,0.10113839374806971f,0f,0f,0f,1f],start_interpolation:0}
execute if entity @s[tag=aj.tultaria.bone.right_foot] run data modify entity @s {} merge value {transformation:[0.5876611437247378f,-0.10410440742950311f,0.8023818620269811f,-0.16130433495140784f,0f,0.9916880131912013f,0.12866578602288958f,0.08700811906614592f,-0.8091071499845577f,-0.07561188297245372f,0.5827765120500542f,-0.2716479392988895f,0f,0f,0f,1f],start_interpolation:0}
execute if entity @s[tag=aj.tultaria.bone.right_leg] run data modify entity @s {} merge value {transformation:[0.5876611437247378f,0.32487935748491026f,0.7410180721388145f,0.07345764296559222f,0f,0.915846649177377f,-0.40152822464998705f,0.4375f,-0.8091071499845577f,0.23596253573557482f,0.5382074893320461f,-0.10113839374806971f,0f,0f,0f,1f],start_interpolation:0}
execute if entity @s[tag=aj.tultaria.bone.lower] run data modify entity @s {} merge value {transformation:[0.5876611437247378f,0f,0.8091071499845577f,0f,0f,1f,0f,0.5f,-0.8091071499845577f,0f,0.5876611437247378f,0f,0f,0f,0f,1f],start_interpolation:0}