execute if entity @s[tag=aj.tultaria.bone.head] run data modify entity @s {} merge value {transformation:[-0.9673293390017843f,-0.04295622366223522f,0.24985738483193004f,0f,-0.008739341770633464f,0.990605213480134f,0.1364732022464271f,1.15625f,-0.25337240144062106f,0.1298309434405302f,-0.9586168954872195f,0f,0f,0f,0f,1f],start_interpolation:0}
execute if entity @s[tag=aj.tultaria.bone.bust] run data modify entity @s {} merge value {transformation:[-0.9991822169982507f,0f,0.04043386247269266f,0.47937417726277903f,0f,1f,0f,0f,-0.04043386247269266f,0f,-0.9991822169982507f,0.5198080397354717f,0f,0f,0f,1f],start_interpolation:0}
execute if entity @s[tag=aj.tultaria.bone.left_wing] run data modify entity @s {} merge value {transformation:[-0.8691741600687455f,0f,-0.4945060964930472f,0.06885122352264922f,0f,1f,0f,1.0625f,0.4945060964930472f,0f,-0.8691741600687455f,-0.15568431451865483f,0f,0f,0f,1f],start_interpolation:0}
execute if entity @s[tag=aj.tultaria.bone.right_wing] run data modify entity @s {} merge value {transformation:[-0.8263752590138278f,0f,0.5631198196563756f,-0.05604655360213212f,0f,1f,0f,1.0625f,-0.5631198196563756f,0f,-0.8263752590138278f,-0.1607385473277415f,0f,0f,0f,1f],start_interpolation:0}
execute if entity @s[tag=aj.tultaria.bone.body] run data modify entity @s {} merge value {transformation:[-0.9991822169982507f,0f,0.04043386247269266f,0.47937417726277903f,0f,1f,0f,0f,-0.04043386247269266f,0f,-0.9991822169982507f,0.5198080397354717f,0f,0f,0f,1f],start_interpolation:0}
execute if entity @s[tag=aj.tultaria.bone.left_hand] run data modify entity @s {} merge value {transformation:[-0.18728283695596562f,-0.9141931244464403f,0.3594107263237707f,0.5759793463279518f,-0.982200734234274f,0.1689208687559371f,-0.08214291063988598f,1.0260463909337854f,0.01438251199818841f,-0.36839743662733954f,-0.9295571375848971f,-0.07673035537455558f,0f,0f,0f,1f],start_interpolation:0}
execute if entity @s[tag=aj.tultaria.bone.left_arm] run data modify entity @s {} merge value {transformation:[-0.18728283695596562f,-0.982003100206641f,0.024393650121918166f,0.21857110996836734f,-0.982200734234274f,0.18684141689361844f,-0.01928736899729667f,1f,0.01438251199818841f,-0.027571654243632265f,-0.9995163566600056f,0.008844907415901519f,0f,0f,0f,1f],start_interpolation:0}
execute if entity @s[tag=aj.tultaria.bone.rod] run data modify entity @s {} merge value {transformation:[-0.0000018550833069516125f,0.000008655671695694483f,0.000004651667810648443f,-0.8853694737554195f,0.00000982200734234274f,0.0000017752890092110993f,6.136128264138196e-7f,0.9729689289802947f,-2.946823565040045e-7f,0.000004682701830154006f,-0.000008830937995402164f,0.1064220401545174f,0f,0f,0f,1f],start_interpolation:0}
execute if entity @s[tag=aj.tultaria.bone.right_hand] run data modify entity @s {} merge value {transformation:[-0.18550833069516123f,0.9409710004486725f,-0.2831258299013337f,-0.567896077324834f,0.982200734234274f,0.1689208687559371f,-0.08214291063988598f,1.0260463909337854f,-0.02946823565040045f,-0.29332459224102525f,-0.9555586359163359f,-0.1230195114254091f,0f,0f,0f,1f],start_interpolation:0}
execute if entity @s[tag=aj.tultaria.bone.right_arm] run data modify entity @s {} merge value {transformation:[-0.18550833069516123f,0.9810199854772305f,0.056448625642694476f,-0.21857110996836734f,0.982200734234274f,0.18684141689361844f,-0.01928736899729667f,1f,-0.02946823565040045f,0.051865913926580076f,-0.9982191893868866f,-0.008844907415901519f,0f,0f,0f,1f],start_interpolation:0}
execute if entity @s[tag=aj.tultaria.bone.skirt] run data modify entity @s {} merge value {transformation:[-0.9991822169982507f,0.016113019072800303f,0.03708460395932788f,-0.002527116404543291f,0f,0.9171669905236799f,-0.39850308843688537f,0.453125f,-0.04043386247269266f,-0.3981771993850171f,-0.9164169469490641f,0.06244888856239067f,0f,0f,0f,1f],start_interpolation:0}
execute if entity @s[tag=aj.tultaria.bone.left_foot] run data modify entity @s {} merge value {transformation:[-0.9991822169982507f,0.00017775410613750722f,0.04043347175222992f,0.11306798174206331f,0f,0.9999903368009179f,-0.004396169331029376f,0.0890273707364157f,-0.04043386247269266f,-0.004392574218477607f,-0.9991725617015685f,0.2973864626355762f,0f,0f,0f,1f],start_interpolation:0}
execute if entity @s[tag=aj.tultaria.bone.left_leg] run data modify entity @s {} merge value {transformation:[-0.9991822169982507f,0.01649158609652631f,0.03691781172390211f,0.12489777712478134f,0f,0.9130419273903119f,-0.4078657117574172f,0.4375f,-0.04043386247269266f,-0.40753216611134563f,-0.9122952572222077f,0.005054232809086582f,0f,0f,0f,1f],start_interpolation:0}
execute if entity @s[tag=aj.tultaria.bone.right_foot] run data modify entity @s {} merge value {transformation:[-0.9991822169982507f,0.012058946497911645f,0.038593769494843694f,-0.14160966770743477f,0f,0.9544912886051466f,-0.2982387969008836f,0.2472301905974272f,-0.04043386247269266f,-0.29799490228231595f,-0.9537107218540077f,0.407921992103513f,0f,0f,0f,1f],start_interpolation:0}
execute if entity @s[tag=aj.tultaria.bone.right_leg] run data modify entity @s {} merge value {transformation:[-0.9991822169982507f,0.030670655838911955f,0.026347829225035584f,-0.12489777712478134f,0f,0.6516278093103227f,-0.7585388573655469f,0.4375f,-0.04043386247269266f,-0.7579185371818271f,-0.6510949191644017f,-0.005054232809086582f,0f,0f,0f,1f],start_interpolation:0}
execute if entity @s[tag=aj.tultaria.bone.lower] run data modify entity @s {} merge value {transformation:[-0.9991822169982507f,0f,0.04043386247269266f,0f,0f,1f,0f,0.5f,-0.04043386247269266f,0f,-0.9991822169982507f,0f,0f,0f,0f,1f],start_interpolation:0}