execute if entity @s[tag=aj.tultaria.bone.head] run data modify entity @s {} merge value {transformation:[-0.9925828722778205f,-0.023825555795334876f,0.11921235066785238f,0f,-0.005904021919755368f,0.9888975926445278f,0.14848129103368038f,1.15625f,-0.12142645587302081f,0.14667615400228093f,-0.9817034794993937f,0f,0f,0f,0f,1f],start_interpolation:0}
execute if entity @s[tag=aj.tultaria.bone.bust] run data modify entity @s {} merge value {transformation:[-0.9868160168498195f,0f,-0.1618460654098727f,0.5743310411298461f,0f,1f,0f,0f,0.1618460654098727f,0f,-0.9868160168498195f,0.4124849757199734f,0f,0f,0f,1f],start_interpolation:0}
execute if entity @s[tag=aj.tultaria.bone.left_wing] run data modify entity @s {} merge value {transformation:[-0.7845074633640029f,0f,-0.6201193755448846f,0.03774348375678582f,0f,1f,0f,1.0625f,0.6201193755448846f,0f,-0.7845074633640029f,-0.15603793415142392f,0f,0f,0f,1f],start_interpolation:0}
execute if entity @s[tag=aj.tultaria.bone.right_wing] run data modify entity @s {} merge value {transformation:[-0.9414898233650851f,0f,0.3370414106604419f,-0.0856085183494415f,0f,1f,0f,1.0625f,-0.3370414106604419f,0f,-0.9414898233650851f,-0.13580717597518982f,0f,0f,0f,1f],start_interpolation:0}
execute if entity @s[tag=aj.tultaria.bone.body] run data modify entity @s {} merge value {transformation:[-0.9868160168498195f,0f,-0.1618460654098727f,0.5743310411298461f,0f,1f,0f,0f,0.1618460654098727f,0f,-0.9868160168498195f,0.4124849757199734f,0f,0f,0f,1f],start_interpolation:0}
execute if entity @s[tag=aj.tultaria.bone.left_hand] run data modify entity @s {} merge value {transformation:[-0.21866161058041822f,-0.95373810541056f,0.20632674656053f,0.5523872688462647f,-0.9747329502013714f,0.2035948039563254f,-0.09189576483013935f,1.0136954059508647f,0.045637439127413956f,-0.22120755432367356f,-0.9741583249451962f,-0.18476266133354663f,0f,0f,0f,1f],start_interpolation:0}
execute if entity @s[tag=aj.tultaria.bone.left_arm] run data modify entity @s {} merge value {transformation:[-0.21866161058041822f,-0.9627369829742102f,-0.15913705310861148f,0.215866003685898f,-0.9747329502013714f,0.223125443226876f,-0.010521994893601654f,1f,0.045637439127413956f,0.15281537291295536f,-0.9872004284598775f,-0.03540382680840965f,0f,0f,0f,1f],start_interpolation:0}
execute if entity @s[tag=aj.tultaria.bone.rod] run data modify entity @s {} merge value {transformation:[-0.0000022178402080287037f,0.000009473830882351605f,0.000002308183966726279f,-0.831548253742846f,0.000009747329502013715f,0.0000020894338496557925f,7.898314801814766e-7f,0.9488343250710101f,2.6599321574860865e-7f,0.0000024250349689259407f,-0.000009697858166041721f,0.30136490773599534f,0f,0f,0f,1f],start_interpolation:0}
execute if entity @s[tag=aj.tultaria.bone.sword] run data modify entity @s {} merge value {transformation:[-0.0000022178402080287037f,0.000008331142595823569f,-0.000005066877525627137f,-0.862229992794313f,0.000009747329502013715f,0.000002035948039563254f,-9.189576483013936e-7f,0.9749871157883901f,2.6599321574860865e-7f,-0.0000051426626010513955f,-0.000008572179943335477f,0.2620140430508247f,0f,0f,0f,1f],start_interpolation:0}
execute if entity @s[tag=aj.tultaria.bone.right_hand] run data modify entity @s {} merge value {transformation:[-0.22178402080287035f,0.8331142595823567f,-0.5066877525627136f,-0.5824663754698015f,0.9747329502013714f,0.2035948039563254f,-0.09189576483013935f,1.0136954059508647f,0.026599321574860862f,-0.5142662601051395f,-0.8572179943335476f,0.0013628109048745632f,0f,0f,0f,1f],start_interpolation:0}
execute if entity @s[tag=aj.tultaria.bone.right_arm] run data modify entity @s {} merge value {transformation:[-0.22178402080287035f,0.961113817420172f,-0.16453594768480362f,-0.215866003685898f,0.9747329502013714f,0.223125443226876f,-0.010521994893601654f,1f,0.026599321574860862f,-0.16271222003535737f,-0.9863149646755455f,0.03540382680840965f,0f,0f,0f,1f],start_interpolation:0}
execute if entity @s[tag=aj.tultaria.bone.skirt] run data modify entity @s {} merge value {transformation:[-0.9868160168498195f,-0.03828909087029993f,-0.1572516912754286f,0.0097748315095158f,0f,0.9716126918327677f,-0.2365772116444931f,0.45044340290301693f,0.1618460654098727f,-0.23345818167245544f,-0.9588029664751428f,0.05959959713058357f,0f,0f,0f,1f],start_interpolation:0}
execute if entity @s[tag=aj.tultaria.bone.left_foot] run data modify entity @s {} merge value {transformation:[-0.9868160168498195f,0.026208333119293478f,-0.15970996263153076f,0.1597680596988215f,0f,0.986801639119664f,0.1619337056660677f,0.0436431591791398f,0.1618460654098727f,0.15979877441912f,-0.9737916629369396f,0.20180707024974617f,0f,0f,0f,1f],start_interpolation:0}
execute if entity @s[tag=aj.tultaria.bone.left_leg] run data modify entity @s {} merge value {transformation:[-0.9868160168498195f,-0.039394226227154334f,-0.15697848205604673f,0.12291077546743563f,0f,0.9699246111328138f,-0.2434055231888959f,0.4375594861511339f,0.1618460654098727f,-0.2401964688725126f,-0.9571371414026932f,-0.022921027557314726f,0f,0f,0f,1f],start_interpolation:0}
execute if entity @s[tag=aj.tultaria.bone.right_foot] run data modify entity @s {} merge value {transformation:[-0.9868160168498195f,-0.00790614303759804f,-0.16165284343594405f,-0.06370283079493548f,0f,0.9988061373414341f,-0.04884976979561323f,0.17453565402504434f,0.1618460654098727f,-0.04820573525373767f,-0.9856378940564277f,0.3839267027933158f,0f,0f,0f,1f],start_interpolation:0}
execute if entity @s[tag=aj.tultaria.bone.right_leg] run data modify entity @s {} merge value {transformation:[-0.9868160168498195f,-0.10128121991647317f,-0.12623891389301398f,-0.12379322874501923f,0f,0.7799937154685586f,-0.6257873471312386f,0.4375594861511339f,0.1618460654098727f,-0.6175369772910642f,-0.7697102914665743f,0.01754048879515345f,0f,0f,0f,1f],start_interpolation:0}
execute if entity @s[tag=aj.tultaria.bone.lower] run data modify entity @s {} merge value {transformation:[-0.9868160168498195f,0.007059626220668745f,-0.16169202381775435f,0f,0f,0.9990482215818578f,0.043619387365336f,0.5f,0.1618460654098727f,0.04304431009729021f,-0.9858767866623047f,0f,0f,0f,0f,1f],start_interpolation:0}