execute if entity @s[tag=aj.tultaria.bone.head] run data modify entity @s {} merge value {transformation:[-0.9266577757788054f,-0.055949469808049615f,0.37171901137401536f,0f,-0.011200629137006046f,0.9925319788588979f,0.12146940705122268f,1.15625f,-0.3757391548609386f,0.10839708377368149f,-0.9203641451804547f,0f,0f,0f,0f,1f],start_interpolation:0}
execute if entity @s[tag=aj.tultaria.bone.bust] run data modify entity @s {} merge value {transformation:[-0.9639964711407044f,0f,0.2659150308430668f,0.3490407201488188f,0f,1f,0f,0f,-0.2659150308430668f,0f,-0.9639964711407044f,0.6149557509918856f,0f,0f,0f,1f],start_interpolation:0}
execute if entity @s[tag=aj.tultaria.bone.left_wing] run data modify entity @s {} merge value {transformation:[-0.9384655425590955f,0f,-0.3453728788270187f,0.10692788304828374f,0f,1f,0f,1.0625f,0.3453728788270187f,0f,-0.9384655425590955f,-0.15259800018239356f,0f,0f,0f,1f],start_interpolation:0}
execute if entity @s[tag=aj.tultaria.bone.right_wing] run data modify entity @s {} merge value {transformation:[-0.6286796743642089f,0f,0.777664366575525f,-0.013571675844304298f,0f,1f,0f,1.0625f,-0.777664366575525f,0f,-0.6286796743642089f,-0.18583737903777697f,0f,0f,0f,1f],start_interpolation:0}
execute if entity @s[tag=aj.tultaria.bone.body] run data modify entity @s {} merge value {transformation:[-0.9639964711407044f,0f,0.2659150308430668f,0.3490407201488188f,0f,1f,0f,0f,-0.2659150308430668f,0f,-0.9639964711407044f,0.6149557509918856f,0f,0f,0f,1f],start_interpolation:0}
execute if entity @s[tag=aj.tultaria.bone.left_hand] run data modify entity @s {} merge value {transformation:[-0.193664681837869f,-0.845785394338256f,0.49713283710967837f,0.5779152738702784f,-0.9807053155652544f,0.1806711053662448f,-0.07466616173202967f,1.0236971967273056f,-0.02666599015021423f,-0.5020010143513858f,-0.8644558441930326f,0.03668633728417052f,0f,0f,0f,1f],start_interpolation:0}
execute if entity @s[tag=aj.tultaria.bone.left_arm] run data modify entity @s {} merge value {transformation:[-0.193664681837869f,-0.9606977863309724f,0.19888125690322436f,0.2108742280620291f,-0.9807053155652544f,0.1950835643038651f,-0.012628814693156451f,1f,-0.02666599015021423f,-0.1974896611908306f,-0.9799422221192633f,0.058168912996920855f,0f,0f,0f,1f],start_interpolation:0}
execute if entity @s[tag=aj.tultaria.bone.rod] run data modify entity @s {} merge value {transformation:[-0.0000017994749249783817f,0.000006838969910083553f,0.000007070387582257837f,-0.8858670031037124f,0.000009807053155652546f,0.0000018055071305483062f,7.495681448305128e-7f,0.9652788024314676f,-7.639361207453694e-7f,0.000007068849593145337f,-0.000007031910624638908f,-0.14113403957267456f,0f,0f,0f,1f],start_interpolation:0}
execute if entity @s[tag=aj.tultaria.bone.right_hand] run data modify entity @s {} merge value {transformation:[-0.17994749249783815f,0.9835401004782507f,0.016363700528084113f,-0.5149940028583578f,0.9807053155652544f,0.1806711053662448f,-0.07466616173202967f,1.0236971967273056f,-0.07639361207453693f,0.002611979512093243f,-0.9970743169880737f,-0.2647888368791488f,0f,0f,0f,1f],start_interpolation:0}
execute if entity @s[tag=aj.tultaria.bone.right_arm] run data modify entity @s {} merge value {transformation:[-0.17994749249783815f,0.9260838155613708f,0.3316438850620246f,-0.2108742280620291f,0.9807053155652544f,0.1950835643038651f,-0.012628814693156451f,1f,-0.07639361207453693f,0.32297239741778644f,-0.9433201188040106f,-0.058168912996920855f,0f,0f,0f,1f],start_interpolation:0}
execute if entity @s[tag=aj.tultaria.bone.skirt] run data modify entity @s {} merge value {transformation:[-0.9639964711407044f,0.14851997366772549f,0.2205733915276439f,-0.016619689427691674f,0f,0.8294882422717134f,-0.5585241766772352f,0.453125f,-0.2659150308430668f,-0.5384153353636221f,-0.7996237384026373f,0.060249779446294026f,0f,0f,0f,1f],start_interpolation:0}
execute if entity @s[tag=aj.tultaria.bone.left_foot] run data modify entity @s {} merge value {transformation:[-0.9639964711407044f,0.04859709096047794f,0.2614366584441596f,0.026953099673202294f,0f,0.9831586338511639f,-0.18275420838906303f,0.14892680496881938f,-0.2659150308430668f,-0.17617441197316963f,-0.9477614536040377f,0.3723644606128553f,0f,0f,0f,1f],start_interpolation:0}
execute if entity @s[tag=aj.tultaria.bone.left_leg] run data modify entity @s {} merge value {transformation:[-0.9639964711407044f,0.15135194397624235f,0.21863986983823774f,0.12049955889258805f,0f,0.8222170410790766f,-0.569174083527323f,0.4375f,-0.2659150308430668f,-0.5486818079850839f,-0.7926143261119813f,0.03323937885538335f,0f,0f,0f,1f],start_interpolation:0}
execute if entity @s[tag=aj.tultaria.bone.right_foot] run data modify entity @s {} merge value {transformation:[-0.9639964711407044f,0.14541825669989078f,0.22263048813366473f,-0.2377304147851905f,0f,0.83722415926557f,-0.5468598606060417f,0.32491587760137797f,-0.2659150308430668f,-0.5271709758327217f,-0.8070811350857526f,0.3917464936279499f,0f,0f,0f,1f],start_interpolation:0}
execute if entity @s[tag=aj.tultaria.bone.right_leg] run data modify entity @s {} merge value {transformation:[-0.9639964711407044f,0.22965747033602377f,0.13404570096473636f,-0.12049955889258805f,0f,0.5040922302878215f,-0.8636498268183986f,0.4375f,-0.2659150308430668f,-0.8325553853542168f,-0.4859431311269072f,-0.03323937885538335f,0f,0f,0f,1f],start_interpolation:0}
execute if entity @s[tag=aj.tultaria.bone.lower] run data modify entity @s {} merge value {transformation:[-0.9639964711407044f,0f,0.2659150308430668f,0f,0f,1f,0f,0.5f,-0.2659150308430668f,0f,-0.9639964711407044f,0f,0f,0f,0f,1f],start_interpolation:0}