execute if entity @s[tag=aj.tultaria.bone.head] run data modify entity @s {} merge value {transformation:[-0.9922614271703445f,0.020103357200147456f,-0.1225280179353056f,0f,-0.0008582501940381584f,0.9856720302568214f,0.16867101759342124f,1.15625f,0.12416329391762981f,0.16747090433469056f,-0.9780270817543066f,0f,0f,0f,0f,1f],start_interpolation:0}
execute if entity @s[tag=aj.tultaria.bone.bust] run data modify entity @s {} merge value {transformation:[-0.8653852508695509f,0f,-0.5011071418144474f,0.6832461963419991f,0f,1f,0f,0f,0.5011071418144474f,0f,-0.8653852508695509f,0.18213905452755175f,0f,0f,0f,1f],start_interpolation:0}
execute if entity @s[tag=aj.tultaria.bone.left_wing] run data modify entity @s {} merge value {transformation:[-0.5887820868584096f,0f,-0.8082918125248186f,-0.011488434688952331f,0f,1f,0f,1.0625f,0.8082918125248186f,0f,-0.5887820868584096f,-0.1445637387507474f,0f,0f,0f,1f],start_interpolation:0}
execute if entity @s[tag=aj.tultaria.bone.right_wing] run data modify entity @s {} merge value {transformation:[-0.9941185379919996f,0f,-0.10829742573417694f,-0.11966159104764618f,0f,1f,0f,1.0625f,0.10829742573417694f,0f,-0.9941185379919996f,-0.08192534602394147f,0f,0f,0f,1f],start_interpolation:0}
execute if entity @s[tag=aj.tultaria.bone.body] run data modify entity @s {} merge value {transformation:[-0.8653852508695509f,0f,-0.5011071418144474f,0.6832461963419991f,0f,1f,0f,0f,0.5011071418144474f,0f,-0.8653852508695509f,0.18213905452755175f,0f,0f,0f,1f],start_interpolation:0}
execute if entity @s[tag=aj.tultaria.bone.left_hand] run data modify entity @s {} merge value {transformation:[-0.7583693720873477f,-0.6441677836017475f,-0.09961808093641566f,0.3744610159554702f,-0.6014757522708997f,0.7504674629278165f,-0.27390784310939653f,0.8143207154767604f,0.25120273666900483f,-0.14780545881765889f,-0.9565828408630923f,-0.36842582058249473f,0f,0f,0f,1f],start_interpolation:0}
execute if entity @s[tag=aj.tultaria.bone.left_arm] run data modify entity @s {} merge value {transformation:[-0.7583693720873477f,-0.4582400704318133f,-0.4635643788412661f,0.18930302362771426f,-0.6014757522708997f,0.7660369325100272f,0.22674729868464424f,1f,0.25120273666900483f,0.45078094001551877f,-0.8565592385869923f,-0.10961718727191036f,0f,0f,0f,1f],start_interpolation:0}
execute if entity @s[tag=aj.tultaria.bone.rod] run data modify entity @s {} merge value {transformation:[-0.000005953720820801234f,0.000006876765705021012f,-0.000004154912974564544f,-0.48060351348954294f,0.000006014757522708997f,0.000007243427253789583f,0.0000033697853881328786f,0.5671338972675037f,0.000005326903446747784f,-4.92803264300483e-7f,-0.000008448742191102851f,0.44879413579331007f,0f,0f,0f,1f],start_interpolation:0}
execute if entity @s[tag=aj.tultaria.bone.right_hand] run data modify entity @s {} merge value {transformation:[-0.5953720820801234f,0.19246405230968877f,-0.7800574802206004f,-0.5059366789009847f,0.6014757522708997f,0.7504674629278165f,-0.27390784310939653f,0.8143207154767604f,0.5326903446747784f,-0.6322627425803453f,-0.5625698365847978f,0.14137437775258085f,0f,0f,0f,1f],start_interpolation:0}
execute if entity @s[tag=aj.tultaria.bone.right_arm] run data modify entity @s {} merge value {transformation:[-0.5953720820801234f,0.6190672054259152f,-0.5121404876064054f,-0.18930302362771426f,0.6014757522708997f,0.7660369325100272f,0.22674729868464424f,1f,0.5326903446747784f,-0.1730410737275278f,-0.8284309165485618f,0.10961718727191036f,0f,0f,0f,1f],start_interpolation:0}
execute if entity @s[tag=aj.tultaria.bone.skirt] run data modify entity @s {} merge value {transformation:[-0.8653852508695509f,-0.03306040738655136f,-0.5000153768044339f,0.03131919636340296f,0f,0.9978212942524419f,-0.06597472801294288f,0.453125f,0.5011071418144474f,-0.05709355655253096f,-0.8634998310496294f,0.05408657817934693f,0f,0f,0f,1f],start_interpolation:0}
execute if entity @s[tag=aj.tultaria.bone.left_foot] run data modify entity @s {} merge value {transformation:[-0.8653852508695509f,0.16143588266791975f,-0.47439100261775025f,0.1853676968199983f,0f,0.946685774423487f,0.3221584152310827f,0.009363956908264193f,0.5011071418144474f,0.27879114098448743f,-0.8192479063941044f,0.07067245277617397f,0f,0f,0f,1f],start_interpolation:0}
execute if entity @s[tag=aj.tultaria.bone.left_leg] run data modify entity @s {} merge value {transformation:[-0.8653852508695509f,-0.03359327562452449f,-0.4999798590045997f,0.10817315635869386f,0f,0.9977504155982173f,-0.06703810985987423f,0.4375f,0.5011071418144474f,-0.058013791518907766f,-0.8634384937076619f,-0.06263839272680592f,0f,0f,0f,1f],start_interpolation:0}
execute if entity @s[tag=aj.tultaria.bone.right_foot] run data modify entity @s {} merge value {transformation:[-0.8653852508695509f,0.1385285881832706f,-0.4815788594128634f,0.04661081565525001f,0f,0.9610297264355993f,0.2764450486210905f,0.10340131337107805f,0.5011071418144474f,0.23923146775260756f,-0.8316609509045669f,0.3299420395414651f,0f,0f,0f,1f],start_interpolation:0}
execute if entity @s[tag=aj.tultaria.bone.right_leg] run data modify entity @s {} merge value {transformation:[-0.8653852508695509f,-0.22600734436722944f,-0.44724607082624795f,-0.10817315635869386f,0f,0.8925158583987147f,-0.4510160113641259f,0.4375f,0.5011071418144474f,-0.3903026041405283f,-0.7723700600254243f,0.06263839272680592f,0f,0f,0f,1f],start_interpolation:0}
execute if entity @s[tag=aj.tultaria.bone.lower] run data modify entity @s {} merge value {transformation:[-0.8653852508695509f,0f,-0.5011071418144474f,0f,0f,1f,0f,0.5f,0.5011071418144474f,0f,-0.8653852508695509f,0f,0f,0f,0f,1f],start_interpolation:0}