execute if entity @s[tag=aj.tultaria.bone.head] run data modify entity @s {} merge value {transformation:[-0.9925828722778205f,-0.023825555795334876f,0.11921235066785238f,0f,-0.005904021919755368f,0.9888975926445278f,0.14848129103368038f,1.15625f,-0.12142645587302081f,0.14667615400228093f,-0.9817034794993937f,0f,0f,0f,0f,1f],start_interpolation:0}
execute if entity @s[tag=aj.tultaria.bone.bust] run data modify entity @s {} merge value {transformation:[-0.9868160168498195f,0f,-0.1618460654098727f,0.5743310411298461f,0f,1f,0f,0f,0.1618460654098727f,0f,-0.9868160168498195f,0.4124849757199734f,0f,0f,0f,1f],start_interpolation:0}
execute if entity @s[tag=aj.tultaria.bone.left_wing] run data modify entity @s {} merge value {transformation:[-0.7845074633640029f,0f,-0.6201193755448846f,0.03774348375678582f,0f,1f,0f,1.0625f,0.6201193755448846f,0f,-0.7845074633640029f,-0.15603793415142392f,0f,0f,0f,1f],start_interpolation:0}
execute if entity @s[tag=aj.tultaria.bone.right_wing] run data modify entity @s {} merge value {transformation:[-0.9414898233650851f,0f,0.3370414106604419f,-0.0856085183494415f,0f,1f,0f,1.0625f,-0.3370414106604419f,0f,-0.9414898233650851f,-0.13580717597518982f,0f,0f,0f,1f],start_interpolation:0}
execute if entity @s[tag=aj.tultaria.bone.body] run data modify entity @s {} merge value {transformation:[-0.9868160168498195f,0f,-0.1618460654098727f,0.5743310411298461f,0f,1f,0f,0f,0.1618460654098727f,0f,-0.9868160168498195f,0.4124849757199734f,0f,0f,0f,1f],start_interpolation:0}
execute if entity @s[tag=aj.tultaria.bone.left_hand] run data modify entity @s {} merge value {transformation:[-0.21866161058041822f,-0.95373810541056f,0.20632674656053f,0.5523872688462647f,-0.9747329502013714f,0.2035948039563254f,-0.09189576483013935f,1.0136954059508647f,0.045637439127413956f,-0.22120755432367356f,-0.9741583249451962f,-0.18476266133354663f,0f,0f,0f,1f],start_interpolation:0}
execute if entity @s[tag=aj.tultaria.bone.left_arm] run data modify entity @s {} merge value {transformation:[-0.21866161058041822f,-0.9627369829742102f,-0.15913705310861148f,0.215866003685898f,-0.9747329502013714f,0.223125443226876f,-0.010521994893601654f,1f,0.045637439127413956f,0.15281537291295536f,-0.9872004284598775f,-0.03540382680840965f,0f,0f,0f,1f],start_interpolation:0}
execute if entity @s[tag=aj.tultaria.bone.rod] run data modify entity @s {} merge value {transformation:[-0.0000022178402080287037f,0.000009473830882351605f,0.000002308183966726279f,-0.831548253742846f,0.000009747329502013715f,0.0000020894338496557925f,7.898314801814766e-7f,0.9488343250710101f,2.6599321574860865e-7f,0.0000024250349689259407f,-0.000009697858166041721f,0.30136490773599534f,0f,0f,0f,1f],start_interpolation:0}
execute if entity @s[tag=aj.tultaria.bone.right_hand] run data modify entity @s {} merge value {transformation:[-0.22178402080287035f,0.8331142595823567f,-0.5066877525627136f,-0.5824663754698015f,0.9747329502013714f,0.2035948039563254f,-0.09189576483013935f,1.0136954059508647f,0.026599321574860862f,-0.5142662601051395f,-0.8572179943335476f,0.0013628109048745632f,0f,0f,0f,1f],start_interpolation:0}
execute if entity @s[tag=aj.tultaria.bone.right_arm] run data modify entity @s {} merge value {transformation:[-0.22178402080287035f,0.961113817420172f,-0.16453594768480362f,-0.215866003685898f,0.9747329502013714f,0.223125443226876f,-0.010521994893601654f,1f,0.026599321574860862f,-0.16271222003535737f,-0.9863149646755455f,0.03540382680840965f,0f,0f,0f,1f],start_interpolation:0}
execute if entity @s[tag=aj.tultaria.bone.skirt] run data modify entity @s {} merge value {transformation:[-0.9868160168498195f,-0.04511187057555644f,-0.15543187582291812f,0.010115379088117044f,0f,0.9603685788053559f,-0.27873319293435594f,0.453125f,0.1618460654098727f,-0.2750583792153134f,-0.9477070956444232f,0.061676001053113716f,0f,0f,0f,1f],start_interpolation:0}
execute if entity @s[tag=aj.tultaria.bone.left_foot] run data modify entity @s {} merge value {transformation:[-0.9868160168498195f,0.019216937867326964f,-0.16070114557046594f,0.16295510840057154f,0f,0.992925871651515f,0.11873589771033582f,0.05389205866633562f,0.1618460654098727f,0.11717048563560117f,-0.9798351536902831f,0.221239304807952f,0f,0f,0f,1f],start_interpolation:0}
execute if entity @s[tag=aj.tultaria.bone.left_leg] run data modify entity @s {} merge value {transformation:[-0.9868160168498195f,-0.04620403686965706f,-0.1551107213109531f,0.12335200210622743f,0f,0.9583842580178737f,-0.28548137239324317f,0.4375f,0.1618460654098727f,-0.28171759078992026f,-0.9457489361087679f,-0.020230758176234088f,0f,0f,0f,1f],start_interpolation:0}
execute if entity @s[tag=aj.tultaria.bone.right_foot] run data modify entity @s {} merge value {transformation:[-0.9868160168498195f,-0.014949816137824576f,-0.16115412463260764f,-0.06146194695811203f,0f,0.9957246981845822f,-0.09237058744656157f,0.19092156584047298f,0.1618460654098727f,-0.09115277517809384f,-0.9825970805414981f,0.39758993307622126f,0f,0f,0f,1f],start_interpolation:0}
execute if entity @s[tag=aj.tultaria.bone.right_leg] run data modify entity @s {} merge value {transformation:[-0.9868160168498195f,-0.10669128672287222f,-0.12170093765487044f,-0.12335200210622743f,0f,0.7519548735810455f,-0.6592145842574434f,0.4375f,0.1618460654098727f,-0.65052351028624f,-0.7420411131980569f,0.020230758176234088f,0f,0f,0f,1f],start_interpolation:0}
execute if entity @s[tag=aj.tultaria.bone.lower] run data modify entity @s {} merge value {transformation:[-0.9868160168498195f,0f,-0.1618460654098727f,0f,0f,1f,0f,0.5f,0.1618460654098727f,0f,-0.9868160168498195f,0f,0f,0f,0f,1f],start_interpolation:0}