execute if entity @s[tag=aj.tultaria.bone.head] run data modify entity @s {} merge value {transformation:[-0.910475937622918f,0.07296002454873275f,-0.407075425231635f,0f,0.011095825922087922f,0.9882704463277402f,0.1523102345946453f,1.59375f,0.4134131706377711f,0.13415796559659615f,-0.900606012976933f,0f,0f,0f,0f,1f],start_interpolation:0}
execute if entity @s[tag=aj.tultaria.bone.bust] run data modify entity @s {} merge value {transformation:[-0.9089708197297813f,0f,-0.4168597472529212f,0.6629152834913512f,0f,1f,0f,0.4375f,0.4168597472529212f,0f,-0.9089708197297813f,0.24605553623843007f,0f,0f,0f,1f],start_interpolation:0}
execute if entity @s[tag=aj.tultaria.bone.left_wing] run data modify entity @s {} merge value {transformation:[-0.5643722497653261f,0f,-0.8255204199139016f,-0.032770816012552495f,0f,1f,0f,1.5f,0.8255204199139016f,0f,-0.5643722497653261f,-0.22138792747995867f,0f,0f,0f,1f],start_interpolation:0}
execute if entity @s[tag=aj.tultaria.bone.right_wing] run data modify entity @s {} merge value {transformation:[-0.993829414707279f,0f,0.11091931510150532f,-0.14639216847877523f,0f,1f,0f,1.5f,-0.11091931510150532f,0f,-0.993829414707279f,-0.1692804590733435f,0f,0f,0f,1f],start_interpolation:0}
execute if entity @s[tag=aj.tultaria.bone.body] run data modify entity @s {} merge value {transformation:[-0.9089708197297813f,0f,-0.4168597472529212f,0.6629152834913512f,0f,1f,0f,0.4375f,0.4168597472529212f,0f,-0.9089708197297813f,0.24605553623843007f,0f,0f,0f,1f],start_interpolation:0}
execute if entity @s[tag=aj.tultaria.bone.left_hand] run data modify entity @s {} merge value {transformation:[-0.24111249420862682f,-0.966201990863929f,0.0912056905410788f,0.5043903466547841f,-0.965485180118616f,0.2292670054103622f,-0.12359210007718374f,1.4372917571289046f,0.09850447760289154f,-0.11785734207398818f,-0.988132842694461f,-0.2970509382587693f,0f,0f,0f,1f],start_interpolation:0}
execute if entity @s[tag=aj.tultaria.bone.left_arm] run data modify entity @s {} merge value {transformation:[-0.24111249420862682f,-0.9129279269656498f,-0.3292831081344685f,0.19883736681588968f,-0.965485180118616f,0.26007645112697375f,-0.014092783278064312f,1.4375f,0.09850447760289154f,0.31452001484070935f,-0.9441260658178977f,-0.0911880697115765f,0f,0f,0f,1f],start_interpolation:0}
execute if entity @s[tag=aj.tultaria.bone.rod] run data modify entity @s {} merge value {transformation:[-0.000002319645923933755f,0.000009541910237428366f,-0.000001889759722408448f,-0.6560712288394108f,0.00000965485180118616f,0.0000024950906629366307f,7.472344216233697e-7f,1.3667656426096668f,0.0000011845165616021935f,-0.0000016512030779362624f,-0.000009791345612871806f,0.5637935964517433f,0f,0f,0f,1f],start_interpolation:0}
execute if entity @s[tag=aj.tultaria.bone.sword] run data modify entity @s {} merge value {transformation:[-0.000002319645923933755f,0.000005410887519830715f,-0.000008083411348887158f,-0.7012111130496124f,0.00000965485180118616f,0.0000022926700541036223f,-0.0000012359210007718374f,1.3911436747972554f,0.0000011845165616021935f,-0.000008091103773327636f,-0.000005755949986277974f,0.5405141951460721f,0f,0f,0f,1f],start_interpolation:0}
execute if entity @s[tag=aj.tultaria.bone.right_hand] run data modify entity @s {} merge value {transformation:[-0.2319645923933755f,0.5410887519830715f,-0.8083411348887158f,-0.5542055887068486f,0.965485180118616f,0.2292670054103622f,-0.12359210007718374f,1.4372917571289046f,0.11845165616021934f,-0.8091103773327635f,-0.5755949986277974f,0.18842783012348224f,0f,0f,0f,1f],start_interpolation:0}
execute if entity @s[tag=aj.tultaria.bone.right_arm] run data modify entity @s {} merge value {transformation:[-0.2319645923933755f,0.8339968767921342f,-0.500641226205694f,-0.19883736681588968f,0.965485180118616f,0.26007645112697375f,-0.014092783278064312f,1.4375f,0.11845165616021934f,-0.4866307111867936f,-0.8655401527848009f,0.0911880697115765f,0f,0f,0f,1f],start_interpolation:0}
execute if entity @s[tag=aj.tultaria.bone.skirt] run data modify entity @s {} merge value {transformation:[-0.9089708197297813f,-0.27460139629392416f,-0.31363373867171324f,0.025176600877985168f,0f,0.7523723284354975f,-0.6587380962146853f,0.8879434029030169f,0.4168597472529212f,-0.598773707303498f,-0.6838844921200185f,0.054898069887728516f,0f,0f,0f,1f],start_interpolation:0}
execute if entity @s[tag=aj.tultaria.bone.left_foot] run data modify entity @s {} merge value {transformation:[-0.9089708197297813f,-0.1399218108600344f,-0.3926753566566382f,0.2705088792663839f,0f,0.9419843466401914f,-0.33565680491366734f,0.6234085735342446f,0.4168597472529212f,-0.3051022411102555f,-0.8562362837381574f,0.2899888476341783f,0f,0f,0f,1f],start_interpolation:0}
execute if entity @s[tag=aj.tultaria.bone.left_leg] run data modify entity @s {} merge value {transformation:[-0.9089708197297813f,-0.2705997136343954f,-0.31709280007712654f,0.11248490454169509f,0f,0.7606702306153271f,-0.6491385062185304f,0.8750594861511339f,0.4168597472529212f,-0.5900479601156234f,-0.6914270430664557f,-0.05458551529971392f,0f,0f,0f,1f],start_interpolation:0}
execute if entity @s[tag=aj.tultaria.bone.right_foot] run data modify entity @s {} merge value {transformation:[-0.9089708197297813f,-0.20052282792042103f,-0.3654622338389653f,0.06162222273573385f,0f,0.8767031027757846f,-0.48103188000725294f,0.7077151940488253f,0.4168597472529212f,-0.43724394228635066f,-0.7968975379897476f,0.43422950646238656f,0f,0f,0f,1f],start_interpolation:0}
execute if entity @s[tag=aj.tultaria.bone.right_leg] run data modify entity @s {} merge value {transformation:[-0.9089708197297813f,-0.33060889457069104f,-0.25390905401445424f,-0.11475780039075024f,0f,0.6090994769528566f,-0.7930938325165293f,0.8750594861511339f,0.4168597472529212f,-0.7208991510651837f,-0.553653650862819f,0.049629421513516375f,0f,0f,0f,1f],start_interpolation:0}
execute if entity @s[tag=aj.tultaria.bone.lower] run data modify entity @s {} merge value {transformation:[-0.9089708197297813f,0.018183166792441228f,-0.4164629891420936f,0f,0f,0.9990482215818578f,0.043619387365336f,0.9375f,0.4168597472529212f,0.03964875028958033f,-0.9081056809208415f,0f,0f,0f,0f,1f],start_interpolation:0}