execute if entity @s[tag=aj.tultaria.bone.head] run data modify entity @s {} merge value {transformation:[-1f,-1.5984848350717833e-17f,1.2141697760125282e-16f,0f,0f,0.9914448613738104f,0.13052619222005157f,1.15625f,-1.2246467991473532e-16f,0.13052619222005157f,-0.9914448613738104f,0f,0f,0f,0f,1f],start_interpolation:0}
execute if entity @s[tag=aj.tultaria.bone.bust] run data modify entity @s {} merge value {transformation:[-1f,0f,1.2246467991473532e-16f,0.49999999999999994f,0f,1f,0f,0f,-1.2246467991473532e-16f,0f,-1f,0.5000000000000001f,0f,0f,0f,1f],start_interpolation:0}
execute if entity @s[tag=aj.tultaria.bone.left_wing] run data modify entity @s {} merge value {transformation:[-0.8191520442889919f,0f,-0.5735764363510459f,0.06250000000000006f,0f,1f,0f,1.0625f,0.5735764363510459f,0f,-0.8191520442889919f,-0.2110832954028219f,0f,0f,0f,1f],start_interpolation:0}
execute if entity @s[tag=aj.tultaria.bone.right_wing] run data modify entity @s {} merge value {transformation:[-0.8191520442889917f,0f,0.5735764363510462f,-0.062499999999999944f,0f,1f,0f,1.0625f,-0.5735764363510462f,0f,-0.8191520442889917f,-0.211083295402822f,0f,0f,0f,1f],start_interpolation:0}
execute if entity @s[tag=aj.tultaria.bone.body] run data modify entity @s {} merge value {transformation:[-1f,0f,1.2246467991473532e-16f,0.49999999999999994f,0f,1f,0f,0f,-1.2246467991473532e-16f,0f,-1f,0.5000000000000001f,0f,0f,0f,1f],start_interpolation:0}
execute if entity @s[tag=aj.tultaria.bone.left_hand] run data modify entity @s {} merge value {transformation:[-0.25881904510252074f,-0.8923991008325228f,0.36964381061438617f,0.5750512882652286f,-0.9659258262890683f,0.23911761839433449f,-0.09904576054128761f,1.0015864994606087f,-3.169619151431765e-17f,-0.38268343236508984f,-0.9238795325112867f,-0.09374999999999993f,0f,0f,0f,1f],start_interpolation:0}
execute if entity @s[tag=aj.tultaria.bone.left_arm] run data modify entity @s {} merge value {transformation:[-0.25881904510252074f,-0.9659258262890683f,1.2246467991473532e-16f,0.21875f,-0.9659258262890683f,0.25881904510252074f,0f,1f,-3.169619151431765e-17f,-1.1829179713786698e-16f,-1f,2.678914873134835e-17f,0f,0f,0f,1f],start_interpolation:0}
execute if entity @s[tag=aj.tultaria.bone.rod] run data modify entity @s {} merge value {transformation:[-0.0000025881904510252075f,0.000008923991008325228f,0.0000036964381061438633f,-0.8634954747506264f,0.000009659258262890684f,0.000002391176183943345f,9.904576054128764e-7f,0.9242981126303942f,-3.1696191514317654e-22f,0.0000038268343236508995f,-0.000009238795325112868f,0.1652412287008193f,0f,0f,0f,1f],start_interpolation:0}
execute if entity @s[tag=aj.tultaria.bone.right_hand] run data modify entity @s {} merge value {transformation:[-0.25881904510252074f,0.8923991008325228f,-0.36964381061438595f,-0.5750512882652286f,0.9659258262890683f,0.23911761839433449f,-0.09904576054128761f,1.0015864994606087f,-3.169619151431765e-17f,-0.3826834323650896f,-0.9238795325112867f,-0.09375000000000007f,0f,0f,0f,1f],start_interpolation:0}
execute if entity @s[tag=aj.tultaria.bone.right_arm] run data modify entity @s {} merge value {transformation:[-0.25881904510252074f,0.9659258262890683f,1.2246467991473532e-16f,-0.21875f,0.9659258262890683f,0.25881904510252074f,0f,1f,-3.169619151431765e-17f,1.1829179713786698e-16f,-1f,-2.678914873134835e-17f,0f,0f,0f,1f],start_interpolation:0}
execute if entity @s[tag=aj.tultaria.bone.skirt] run data modify entity @s {} merge value {transformation:[-1f,8.659560562354934e-17f,8.659560562354932e-17f,-7.654042494670958e-18f,0f,0.7071067811865475f,-0.7071067811865476f,0.453125f,-1.2246467991473532e-16f,-0.7071067811865476f,-0.7071067811865475f,0.0625f,0f,0f,0f,1f],start_interpolation:0}
execute if entity @s[tag=aj.tultaria.bone.left_foot] run data modify entity @s {} merge value {transformation:[-1f,4.6865204053263004e-17f,1.1314261122877003e-16f,0.12499999999999994f,0f,0.9238795325112867f,-0.38268343236508984f,0.21652913087920395f,-1.2246467991473532e-16f,-0.38268343236508984f,-0.9238795325112867f,0.397747564417433f,0f,0f,0f,1f],start_interpolation:0}
execute if entity @s[tag=aj.tultaria.bone.left_leg] run data modify entity @s {} merge value {transformation:[-1f,8.659560562354934e-17f,8.659560562354932e-17f,0.125f,0f,0.7071067811865475f,-0.7071067811865476f,0.4375f,-1.2246467991473532e-16f,-0.7071067811865476f,-0.7071067811865475f,1.5308084989341915e-17f,0f,0f,0f,1f],start_interpolation:0}
execute if entity @s[tag=aj.tultaria.bone.right_foot] run data modify entity @s {} merge value {transformation:[-1f,7.377224363474666e-17f,9.775097900130802e-17f,-0.12500000000000006f,0f,0.7981973175397679f,-0.6023960842106456f,0.32587490533782826f,-1.2246467991473532e-16f,-0.6023960842106456f,-0.7981973175397679f,0.4411021290377788f,0f,0f,0f,1f],start_interpolation:0}
execute if entity @s[tag=aj.tultaria.bone.right_leg] run data modify entity @s {} merge value {transformation:[-1f,1.059006050776541e-16f,6.15033305667695e-17f,-0.125f,0f,0.5022128062523048f,-0.864744064585693f,0.4375f,-1.2246467991473532e-16f,-0.864744064585693f,-0.5022128062523048f,-1.5308084989341915e-17f,0f,0f,0f,1f],start_interpolation:0}
execute if entity @s[tag=aj.tultaria.bone.lower] run data modify entity @s {} merge value {transformation:[-1f,0f,1.2246467991473532e-16f,0f,0f,1f,0f,0.5f,-1.2246467991473532e-16f,0f,-1f,0f,0f,0f,0f,1f],start_interpolation:0}