execute if entity @s[tag=aj.tultaria.bone.head] run data modify entity @s {} merge value {transformation:[0.18328251138902787f,0.2089484351328517f,-0.9605977683059976f,0f,0.04512230870290512f,0.9743324513868373f,0.2205453500571615f,1.59375f,0.9820241841605789f,-0.08376649467447381f,0.16914986282495398f,0f,0f,0f,0f,1f],start_interpolation:0}
execute if entity @s[tag=aj.tultaria.bone.bust] run data modify entity @s {} merge value {transformation:[0.24317612678714162f,0f,-0.9699821500217434f,0.3634030116173009f,0f,1f,0f,0.4375f,0.9699821500217434f,0f,0.24317612678714162f,-0.6065791384044426f,0f,0f,0f,1f],start_interpolation:0}
execute if entity @s[tag=aj.tultaria.bone.left_wing] run data modify entity @s {} merge value {transformation:[0.5222229563517383f,0f,-0.852808996117683f,-0.23434463511430886f,0f,1f,0f,1.5f,0.852808996117683f,0f,0.5222229563517383f,-0.005683588403593731f,0f,0f,0f,1f],start_interpolation:0}
execute if entity @s[tag=aj.tultaria.bone.right_wing] run data modify entity @s {} merge value {transformation:[-0.058144828910475815f,0f,-0.9983081582712681f,-0.20394761926591615f,0f,1f,0f,1.5f,0.9983081582712681f,0f,-0.058144828910475815f,0.11556418034912419f,0f,0f,0f,1f],start_interpolation:0}
execute if entity @s[tag=aj.tultaria.bone.body] run data modify entity @s {} merge value {transformation:[0.24317612678714162f,0f,-0.9699821500217434f,0.3634030116173009f,0f,1f,0f,0.4375f,0.9699821500217434f,0f,0.24317612678714162f,-0.6065791384044426f,0f,0f,0f,1f],start_interpolation:0}
execute if entity @s[tag=aj.tultaria.bone.left_hand] run data modify entity @s {} merge value {transformation:[0.020922301966324774f,-0.6714041805241147f,-0.7407959797779493f,-0.0965898590606627f,-0.9633896540313432f,0.18455328201398108f,-0.19447483282737693f,1.4323721110599366f,0.26728754513781255f,0.7177440438433533f,-0.6429625616951514f,-0.5780151947885571f,0f,0f,0f,1f],start_interpolation:0}
execute if entity @s[tag=aj.tultaria.bone.left_arm] run data modify entity @s {} merge value {transformation:[0.020922301966324774f,-0.14908485563121174f,-0.9886030361585233f,-0.053194777734687226f,-0.9633896540313432f,0.26135067957111646f,-0.05980131096459215f,1.4375f,0.26728754513781255f,0.9536611180650785f,-0.1381587496507747f,-0.21218359531725636f,0f,0f,0f,1f],start_interpolation:0}
execute if entity @s[tag=aj.tultaria.bone.rod] run data modify entity @s {} merge value {transformation:[0.000001076458656560092f,-0.000004106399219215224f,-0.000009054210192675306f,0.5802203963017956f,0.000009633896540313433f,0.000002680133502646778f,-7.015595860039102e-8f,1.3874739844081156f,0.0000024554580451014976f,-0.000008715180426154059f,0.000004244567814080421f,0.5592162684678961f,0f,0f,0f,1f],start_interpolation:0}
execute if entity @s[tag=aj.tultaria.bone.sword] run data modify entity @s {} merge value {transformation:[0.000001076458656560092f,-0.000009305956159695296f,-0.0000034986306913628366f,0.5671844982377825f,0.000009633896540313433f,0.000001845532820139811f,-0.0000019447483282737693f,1.408463903307812f,0.0000024554580451014976f,-0.0000031612004940553733f,0.000009163925863140226f,0.6098454773423081f,0f,0f,0f,1f],start_interpolation:0}
execute if entity @s[tag=aj.tultaria.bone.right_hand] run data modify entity @s {} merge value {transformation:[0.1076458656560092f,-0.9305956159695294f,-0.3498630691362836f,0.18751415667118657f,0.9633896540313432f,0.18455328201398108f,-0.19447483282737693f,1.4323721110599366f,0.24554580451014976f,-0.3161200494055373f,0.9163925863140225f,0.5552203232300724f,0f,0f,0f,1f],start_interpolation:0}
execute if entity @s[tag=aj.tultaria.bone.right_arm] run data modify entity @s {} merge value {transformation:[0.1076458656560092f,-0.5813451982920195f,-0.8065048840707542f,0.053194777734687226f,0.9633896540313432f,0.26135067957111646f,-0.05980131096459215f,1.4375f,0.24554580451014976f,-0.7705410973533646f,0.5881952695975506f,0.21218359531725636f,0f,0f,0f,1f],start_interpolation:0}
execute if entity @s[tag=aj.tultaria.bone.skirt] run data modify entity @s {} merge value {transformation:[0.24317612678714162f,-0.5211710293100928f,-0.8180746479195296f,0.05858290134943278f,0f,0.8433914458128857f,-0.5372996083468238f,0.8879434029030169f,0.9699821500217434f,0.13065843768202876f,0.20509266515818497f,-0.014686830108975651f,0f,0f,0f,1f],start_interpolation:0}
execute if entity @s[tag=aj.tultaria.bone.left_foot] run data modify entity @s {} merge value {transformation:[0.24317612678714162f,-0.22978969115299974f,-0.9423704522111317f,0.2816557909606235f,0f,0.9715338083180265f,-0.2369009482781191f,0.5560414689089082f,0.9699821500217434f,0.05760865503447395f,0.23625382854953902f,-0.1994799227270686f,0f,0f,0f,1f],start_interpolation:0}
execute if entity @s[tag=aj.tultaria.bone.left_leg] run data modify entity @s {} merge value {transformation:[0.24317612678714162f,-0.4781876890614231f,-0.8439205563267786f,-0.03304139254459645f,0f,0.8700372025483779f,-0.49298607098151653f,0.8750594861511339f,0.9699821500217434f,0.11988244330129605f,0.2115722770764344f,-0.12058481914819727f,0f,0f,0f,1f],start_interpolation:0}
execute if entity @s[tag=aj.tultaria.bone.right_foot] run data modify entity @s {} merge value {transformation:[0.24317612678714162f,-0.22422955461368071f,-0.9437088948391629f,0.3929168340702376f,0f,0.9729136714711797f,-0.23116874326878523f,0.6195101587923404f,0.9699821500217434f,0.056214719622354276f,0.23658937832661903f,0.03036345167864521f,0f,0f,0f,1f],start_interpolation:0}
execute if entity @s[tag=aj.tultaria.bone.right_leg] run data modify entity @s {} merge value {transformation:[0.24317612678714162f,-0.622005371305707f,-0.7442947597744144f,0.02775263915218896f,0f,0.7673283057401934f,-0.6412544512203282f,0.8750594861511339f,0.9699821500217434f,0.15593777373277343f,0.18659592536403985f,0.12191071835723857f,0f,0f,0f,1f],start_interpolation:0}
execute if entity @s[tag=aj.tultaria.bone.lower] run data modify entity @s {} merge value {transformation:[0.24317612678714162f,0.04231002713925988f,-0.9690589419453695f,0f,0f,0.9990482215818578f,0.043619387365336f,0.9375f,0.9699821500217434f,-0.01060719367233039f,0.2429446769978582f,0f,0f,0f,0f,1f],start_interpolation:0}