execute if entity @s[tag=aj.tultaria.bone.head] run data modify entity @s {} merge value {transformation:[-0.9876740197223008f,0.026608366062217552f,-0.1542466389296413f,0f,-0.000255212353959082f,0.9851699417362435f,0.17158123663752117f,1.59375f,0.1565246486411852f,0.16950569534651538f,-0.9730199656804828f,0f,0f,0f,0f,1f],start_interpolation:0}
execute if entity @s[tag=aj.tultaria.bone.bust] run data modify entity @s {} merge value {transformation:[-0.8381898489237135f,0f,-0.5453785631662125f,0.691784206044963f,0f,1f,0f,0.4375f,0.5453785631662125f,0f,-0.8381898489237135f,0.14640564287875052f,0f,0f,0f,1f],start_interpolation:0}
execute if entity @s[tag=aj.tultaria.bone.left_wing] run data modify entity @s {} merge value {transformation:[-0.5573713969216781f,0f,-0.8302632870924603f,-0.017308151786404435f,0f,1f,0f,1.5f,0.8302632870924603f,0f,-0.5573713969216781f,-0.14120011737154747f,0f,0f,0f,1f],start_interpolation:0}
execute if entity @s[tag=aj.tultaria.bone.right_wing] run data modify entity @s {} merge value {transformation:[-0.9848825787543131f,0f,-0.17322328384560326f,-0.12208188290186861f,0f,1f,0f,1.5f,0.17322328384560326f,0f,-0.9848825787543131f,-0.07302779697577089f,0f,0f,0f,1f],start_interpolation:0}
execute if entity @s[tag=aj.tultaria.bone.body] run data modify entity @s {} merge value {transformation:[-0.8381898489237135f,0f,-0.5453785631662125f,0.691784206044963f,0f,1f,0f,0.4375f,0.5453785631662125f,0f,-0.8381898489237135f,0.14640564287875052f,0f,0f,0f,1f],start_interpolation:0}
execute if entity @s[tag=aj.tultaria.bone.left_hand] run data modify entity @s {} merge value {transformation:[-0.8423712423716463f,-0.5174082895007014f,-0.15066304119195084f,0.3219170401625393f,-0.4469969982783613f,0.8270150124973231f,-0.3409396612806832f,1.212952540456428f,0.30100560386043285f,-0.21985183888248633f,-0.9279336158285276f,-0.37644144086559217f,0f,0f,0f,1f],start_interpolation:0}
execute if entity @s[tag=aj.tultaria.bone.left_arm] run data modify entity @s {} merge value {transformation:[-0.8423712423716463f,-0.2961452723224977f,-0.4502317933090496f,0.18335402945206233f,-0.4469969982783613f,0.8506300805643833f,0.2768070619929438f,1.4375f,0.30100560386043285f,0.4344265688468702f,-0.8489223655461975f,-0.11930156069260897f,0f,0f,0f,1f],start_interpolation:0}
execute if entity @s[tag=aj.tultaria.bone.rod] run data modify entity @s {} merge value {transformation:[-0.000006164630328454684f,0.000005628212245881923f,-0.000005506410793684164f,-0.37939505352610264f,0.000004469969982783613f,0.000008258686699469502f,0.000003437071770129189f,0.9454393684300173f,0.000006482029101023087f,-3.425214085430081e-7f,-0.000007606969029658235f,0.416812691874486f,0f,0f,0f,1f],start_interpolation:0}
execute if entity @s[tag=aj.tultaria.bone.sword] run data modify entity @s {} merge value {transformation:[-0.000006164630328454684f,8.612663280740397e-8f,-0.000007873367457233148f,-0.43556593325830395f,0.000004469969982783613f,0.000008270150124973232f,-0.0000034093966128068322f,0.9434264780036841f,0.000006482029101023087f,-0.0000056211385958297185f,-0.000005136740174465061f,0.4129905632473783f,0f,0f,0f,1f],start_interpolation:0}
execute if entity @s[tag=aj.tultaria.bone.right_hand] run data modify entity @s {} merge value {transformation:[-0.6164630328454683f,0.008612663280740396f,-0.7873367457233147f,-0.47458239801123936f,0.4469969982783613f,0.8270150124973231f,-0.3409396612806832f,1.212952540456428f,0.6482029101023087f,-0.5621138595829718f,-0.513674017446506f,0.14181074235005847f,0f,0f,0f,1f],start_interpolation:0}
execute if entity @s[tag=aj.tultaria.bone.right_arm] run data modify entity @s {} merge value {transformation:[-0.6164630328454683f,0.5171551978901269f,-0.5937371728552885f,-0.18335402945206233f,0.4469969982783613f,0.8506300805643833f,0.2768070619929438f,1.4375f,0.6482029101023087f,-0.09475741308338076f,-0.7555488203952434f,0.11930156069260897f,0f,0f,0f,1f],start_interpolation:0}
execute if entity @s[tag=aj.tultaria.bone.skirt] run data modify entity @s {} merge value {transformation:[-0.8381898489237135f,0.0072212757543542415f,-0.5453307531560291f,0.03293860465715315f,0f,0.9999123361030074f,0.013240850011468908f,0.8879434029030169f,0.5453785631662125f,0.011098346070734674f,-0.8381163699351373f,0.05062319263348626f,0f,0f,0f,1f],start_interpolation:0}
execute if entity @s[tag=aj.tultaria.bone.left_foot] run data modify entity @s {} merge value {transformation:[-0.8381898489237135f,0.21556077518086128f,-0.5009703877123561f,0.16837048078361955f,0f,0.9185736689098244f,0.3952498131378989f,0.4359808479099774f,0.5453785631662125f,0.33129438116118154f,-0.7699391247688272f,0.02956923674743027f,0f,0f,0f,1f],start_interpolation:0}
execute if entity @s[tag=aj.tultaria.bone.left_leg] run data modify entity @s {} merge value {transformation:[-0.8381898489237135f,0.00704699895139943f,-0.5453330330788896f,0.1032869136899956f,0f,0.9999165165439241f,0.012921298025518006f,0.8750594861511339f,0.5453785631662125f,0.010830500839907217f,-0.8381198739382778f,-0.07045740337739505f,0f,0f,0f,1f],start_interpolation:0}
execute if entity @s[tag=aj.tultaria.bone.right_foot] run data modify entity @s {} merge value {transformation:[-0.8381898489237135f,0.20464650293050218f,-0.5055270378521394f,0.0462064619293755f,0f,0.926928691361256f,0.3752375262834324f,0.5160658199544579f,0.5453785631662125f,0.3145202854660182f,-0.7769422197751467f,0.3002130967402608f,0f,0f,0f,1f],start_interpolation:0}
execute if entity @s[tag=aj.tultaria.bone.right_leg] run data modify entity @s {} merge value {transformation:[-0.8381898489237135f,-0.2039831467411109f,-0.505795070168578f,-0.10626054854093278f,0f,0.9274201524023402f,-0.37402120383478277f,0.8750594861511339f,0.5453785631662125f,-0.313500776336542f,-0.777354157430925f,0.06588723741415807f,0f,0f,0f,1f],start_interpolation:0}
execute if entity @s[tag=aj.tultaria.bone.lower] run data modify entity @s {} merge value {transformation:[-0.8381898489237135f,0.02378907880749739f,-0.5448594836200734f,0f,0f,0.9990482215818578f,0.043619387365336f,0.9375f,0.5453785631662125f,0.03656132770589592f,-0.8373920779152021f,0f,0f,0f,0f,1f],start_interpolation:0}