execute if entity @s[tag=aj.tultaria.bone.head] run data modify entity @s {} merge value {transformation:[-0.03729071883490431f,-0.35113980195199307f,0.9355801632002952f,0f,0.1178187478561378f,0.9281565986139265f,0.3530496722885298f,1.15625f,-0.9923346940132588f,0.12339435941136652f,0.006759225034763006f,0f,0f,0f,0f,1f],start_interpolation:0}
execute if entity @s[tag=aj.tultaria.bone.bust] run data modify entity @s {} merge value {transformation:[-0.27655473223823657f,0f,0.9609981686125303f,-0.34222171818714686f,0f,1f,0f,0f,-0.9609981686125303f,0f,-0.27655473223823657f,0.6187764504253834f,0f,0f,0f,1f],start_interpolation:0}
execute if entity @s[tag=aj.tultaria.bone.left_wing] run data modify entity @s {} merge value {transformation:[-0.02692663005153656f,0f,0.9996374125622087f,0.25163752815541585f,0f,1f,0f,1.0625f,-0.9996374125622087f,0f,-0.02692663005153656f,-0.007379357684262233f,0f,0f,0f,1f],start_interpolation:0}
execute if entity @s[tag=aj.tultaria.bone.right_wing] run data modify entity @s {} merge value {transformation:[-0.5085366566863241f,0f,0.8610403409865857f,0.21706818662563632f,0f,1f,0f,1.0625f,-0.8610403409865857f,0f,-0.5085366566863241f,-0.1275041287608285f,0f,0f,0f,1f],start_interpolation:0}
execute if entity @s[tag=aj.tultaria.bone.body] run data modify entity @s {} merge value {transformation:[-0.27655473223823657f,0f,0.9609981686125303f,-0.34222171818714686f,0f,1f,0f,0f,-0.9609981686125303f,0f,-0.27655473223823657f,0.6187764504253834f,0f,0f,0f,1f],start_interpolation:0}
execute if entity @s[tag=aj.tultaria.bone.left_hand] run data modify entity @s {} merge value {transformation:[0.039963954093868895f,0.9927866541790384f,-0.11303778862474956f,-0.11507862084810837f,-0.9546724197438659f,0.004542513340838716f,-0.29762381718024594f,0.9908147291871326f,-0.2949634779995232f,0.11980828375591862f,0.9479675742291431f,0.5339948907322817f,0f,0f,0f,1f],start_interpolation:0}
execute if entity @s[tag=aj.tultaria.bone.left_arm] run data modify entity @s {} merge value {transformation:[0.039963954093868895f,0.6955178798646047f,0.7173965159950448f,0.060496347677114246f,-0.9546724197438659f,0.23852245519019744f,-0.17806630605039347f,1f,-0.2949634779995232f,-0.6777624341601456f,0.6735240377950433f,0.210218349383991f,0f,0f,0f,1f],start_interpolation:0}
execute if entity @s[tag=aj.tultaria.bone.rod] run data modify entity @s {} merge value {transformation:[-0.15191220368507133f,0.6948139959573951f,0.3593966597205132f,-0.5978263005702452f,0.7607545844833931f,0.21647789285489827f,-0.09695127496636231f,1.0263142638318488f,-0.18216725881465462f,0.3246237800159135f,-0.7045880050704344f,-0.062339729358290796f,0f,0f,0f,1f],start_interpolation:0}
execute if entity @s[tag=aj.tultaria.bone.right_hand] run data modify entity @s {} merge value {transformation:[-0.19063492227146206f,0.777242446486947f,-0.5996269721998327f,-0.3813137546626192f,0.9546724197438659f,0.004542513340838716f,-0.29762381718024594f,0.9908147291871326f,-0.22860205027721364f,-0.6291848257479942f,-0.7428778887929837f,-0.39114377511291165f,0f,0f,0f,1f],start_interpolation:0}
execute if entity @s[tag=aj.tultaria.bone.right_arm] run data modify entity @s {} merge value {transformation:[-0.19063492227146206f,0.949383894249866f,0.2496568600089185f,-0.060496347677114246f,0.9546724197438659f,0.23852245519019744f,-0.17806630605039347f,1f,-0.22860205027721364f,0.20439486223728656f,-0.9518213292945557f,-0.210218349383991f,0f,0f,0f,1f],start_interpolation:0}
execute if entity @s[tag=aj.tultaria.bone.skirt] run data modify entity @s {} merge value {transformation:[-0.27655473223823657f,0.1701007316527636f,0.945824096313808f,-0.06006238553828314f,0f,0.984210092386929f,-0.17700422041214875f,0.453125f,-0.9609981686125303f,-0.0489513547811196f,-0.27218795856623723f,0.017284670764889785f,0f,0f,0f,1f],start_interpolation:0}
execute if entity @s[tag=aj.tultaria.bone.left_foot] run data modify entity @s {} merge value {transformation:[-0.27655473223823657f,-0.03929977712815414f,0.9601942551350297f,-0.10179915088920989f,0f,0.9991634599276487f,0.040894747161583436f,0.005186690399272886f,-0.9609981686125303f,0.011309635851222093f,-0.2763233831225209f,0.15936870841009462f,0f,0f,0f,1f],start_interpolation:0}
execute if entity @s[tag=aj.tultaria.bone.left_leg] run data modify entity @s {} merge value {transformation:[-0.27655473223823657f,0.037335803576357816f,0.9602726268346634f,0.03456934152977957f,0f,0.9992450123199357f,-0.03885106631395822f,0.4375f,-0.9609981686125303f,-0.010744446241626687f,-0.2763459368225332f,0.12012477107656629f,0f,0f,0f,1f],start_interpolation:0}
execute if entity @s[tag=aj.tultaria.bone.right_foot] run data modify entity @s {} merge value {transformation:[-0.27655473223823657f,-0.26198358041432945f,0.9245983363979875f,-0.27185644291284244f,0f,0.9621228911735636f,0.27261610788767265f,0.0553179982965456f,-0.9609981686125303f,0.07539327472070552f,-0.2660796385487829f,-0.05183861515045747f,0f,0f,0f,1f],start_interpolation:0}
execute if entity @s[tag=aj.tultaria.bone.right_leg] run data modify entity @s {} merge value {transformation:[-0.27655473223823657f,0.27968522332198004f,0.9193985294375728f,-0.03456934152977957f,0f,0.9567120515588305f,-0.2910361668282718f,0.4375f,-0.9609981686125303f,-0.08048742918883546f,-0.26458324524794635f,-0.12012477107656629f,0f,0f,0f,1f],start_interpolation:0}
execute if entity @s[tag=aj.tultaria.bone.lower] run data modify entity @s {} merge value {transformation:[-0.27655473223823657f,0f,0.9609981686125303f,0f,0f,1f,0f,0.5f,-0.9609981686125303f,0f,-0.27655473223823657f,0f,0f,0f,0f,1f],start_interpolation:0}