execute if entity @s[tag=aj.tultaria.bone.head] run data modify entity @s {} merge value {transformation:[0.18328251138902787f,0.2089484351328517f,-0.9605977683059976f,0f,0.04512230870290512f,0.9743324513868373f,0.2205453500571615f,1.15625f,0.9820241841605789f,-0.08376649467447381f,0.16914986282495398f,0f,0f,0f,0f,1f],start_interpolation:0}
execute if entity @s[tag=aj.tultaria.bone.bust] run data modify entity @s {} merge value {transformation:[0.24317612678714162f,0f,-0.9699821500217434f,0.3634030116173009f,0f,1f,0f,0f,0.9699821500217434f,0f,0.24317612678714162f,-0.6065791384044426f,0f,0f,0f,1f],start_interpolation:0}
execute if entity @s[tag=aj.tultaria.bone.left_wing] run data modify entity @s {} merge value {transformation:[0.5222229563517383f,0f,-0.852808996117683f,-0.23550851832968106f,0f,1f,0f,1.0625f,0.852808996117683f,0f,0.5222229563517383f,-0.005391800959525295f,0f,0f,0f,1f],start_interpolation:0}
execute if entity @s[tag=aj.tultaria.bone.right_wing] run data modify entity @s {} merge value {transformation:[-0.058144828910475815f,0f,-0.9983081582712681f,-0.20511150248128834f,0f,1f,0f,1.0625f,0.9983081582712681f,0f,-0.058144828910475815f,0.11585596779319252f,0f,0f,0f,1f],start_interpolation:0}
execute if entity @s[tag=aj.tultaria.bone.body] run data modify entity @s {} merge value {transformation:[0.24317612678714162f,0f,-0.9699821500217434f,0.3634030116173009f,0f,1f,0f,0f,0.9699821500217434f,0f,0.24317612678714162f,-0.6065791384044426f,0f,0f,0f,1f],start_interpolation:0}
execute if entity @s[tag=aj.tultaria.bone.left_hand] run data modify entity @s {} merge value {transformation:[0.020922301966324774f,-0.6714041805241147f,-0.7407959797779493f,-0.0965898590606627f,-0.9633896540313432f,0.18455328201398108f,-0.19447483282737693f,0.9948721110599367f,0.26728754513781255f,0.7177440438433533f,-0.6429625616951514f,-0.5780151947885571f,0f,0f,0f,1f],start_interpolation:0}
execute if entity @s[tag=aj.tultaria.bone.left_arm] run data modify entity @s {} merge value {transformation:[0.020922301966324774f,-0.14908485563121174f,-0.9886030361585233f,-0.053194777734687226f,-0.9633896540313432f,0.26135067957111646f,-0.05980131096459215f,1f,0.26728754513781255f,0.9536611180650785f,-0.1381587496507747f,-0.21218359531725636f,0f,0f,0f,1f],start_interpolation:0}
execute if entity @s[tag=aj.tultaria.bone.rod] run data modify entity @s {} merge value {transformation:[0.000001076458656560092f,-0.000004106399219215224f,-0.000009054210192675306f,0.5802203963017956f,0.000009633896540313433f,0.000002680133502646778f,-7.015595860039102e-8f,0.9499739844081158f,0.0000024554580451014976f,-0.000008715180426154059f,0.000004244567814080421f,0.5592162684678961f,0f,0f,0f,1f],start_interpolation:0}
execute if entity @s[tag=aj.tultaria.bone.right_hand] run data modify entity @s {} merge value {transformation:[0.1076458656560092f,-0.9305956159695294f,-0.3498630691362836f,0.18751415667118657f,0.9633896540313432f,0.18455328201398108f,-0.19447483282737693f,0.9948721110599367f,0.24554580451014976f,-0.3161200494055373f,0.9163925863140225f,0.5552203232300724f,0f,0f,0f,1f],start_interpolation:0}
execute if entity @s[tag=aj.tultaria.bone.right_arm] run data modify entity @s {} merge value {transformation:[0.1076458656560092f,-0.5813451982920195f,-0.8065048840707542f,0.053194777734687226f,0.9633896540313432f,0.26135067957111646f,-0.05980131096459215f,1f,0.24554580451014976f,-0.7705410973533646f,0.5881952695975506f,0.21218359531725636f,0f,0f,0f,1f],start_interpolation:0}
execute if entity @s[tag=aj.tultaria.bone.skirt] run data modify entity @s {} merge value {transformation:[0.24317612678714162f,-0.5563589049335973f,-0.7945628611141426f,0.06062388437635896f,0f,0.8191520442889918f,-0.573576436351046f,0.453125f,0.9699821500217434f,0.13948009620821883f,0.19919822137996612f,-0.015198507924196351f,0f,0f,0f,1f],start_interpolation:0}
execute if entity @s[tag=aj.tultaria.bone.left_foot] run data modify entity @s {} merge value {transformation:[0.24317612678714162f,-0.270676604080893f,-0.9314502388018586f,0.29749830663674826f,0f,0.9602756491766152f,-0.27905318059185463f,0.132937319239798f,0.9699821500217434f,0.06785907162395997f,0.23351611301477732f,-0.2034516675685569f,0f,0f,0f,1f],start_interpolation:0}
execute if entity @s[tag=aj.tultaria.bone.left_leg] run data modify entity @s {} merge value {transformation:[0.24317612678714162f,-0.5145438579911408f,-0.8222590769121352f,-0.030397015848392703f,0f,0.8477053695201537f,-0.5304673472389225f,0.4375f,0.9699821500217434f,0.1289969948886109f,0.20614170841657364f,-0.12124776875271792f,0f,0f,0f,1f],start_interpolation:0}
execute if entity @s[tag=aj.tultaria.bone.right_foot] run data modify entity @s {} merge value {transformation:[0.24317612678714162f,-0.2651801416069924f,-0.9330299372785952f,0.40602595434261024f,0f,0.9619042342765587f,-0.2733866201569255f,0.19861506556085823f,0.9699821500217434f,0.06648109940518866f,0.23391214603152483f,0.02707697357866068f,0f,0f,0f,1f],start_interpolation:0}
execute if entity @s[tag=aj.tultaria.bone.right_leg] run data modify entity @s {} merge value {transformation:[0.24317612678714162f,-0.6538790414579196f,-0.7164548628510214f,0.030397015848392703f,0f,0.7386268529116348f,-0.6741145096775875f,0.4375f,0.9699821500217434f,0.16392855547440882f,0.1796164172320271f,0.12124776875271792f,0f,0f,0f,1f],start_interpolation:0}
execute if entity @s[tag=aj.tultaria.bone.lower] run data modify entity @s {} merge value {transformation:[0.24317612678714162f,0f,-0.9699821500217434f,0f,0f,1f,0f,0.5f,0.9699821500217434f,0f,0.24317612678714162f,0f,0f,0f,0f,1f],start_interpolation:0}