execute if entity @s[tag=aj.tultaria.bone.head] run data modify entity @s {} merge value {transformation:[-0.9978939923895758f,0.008617769037093603f,-0.06429085478990193f,0f,-0.002031673015497882f,0.9864967609180652f,0.16376816846665884f,1.59375f,0.06483403625836548f,0.16355388945234278f,-0.9844016827431065f,0f,0f,0f,0f,1f],start_interpolation:0}
execute if entity @s[tag=aj.tultaria.bone.bust] run data modify entity @s {} merge value {transformation:[-0.9065867134715476f,0f,-0.4220195859872594f,0.6643031497294035f,0f,1f,0f,0.4375f,0.4220195859872594f,0f,-0.9065867134715476f,0.2422835637421441f,0f,0f,0f,1f],start_interpolation:0}
execute if entity @s[tag=aj.tultaria.bone.left_wing] run data modify entity @s {} merge value {transformation:[-0.641403374972827f,0f,-0.7672038259637832f,-0.00030422220293246927f,0f,1f,0f,1.5f,0.7672038259637832f,0f,-0.641403374972827f,-0.14875092505544713f,0f,0f,0f,1f],start_interpolation:0}
execute if entity @s[tag=aj.tultaria.bone.right_wing] run data modify entity @s {} merge value {transformation:[-0.9999951123430293f,0f,0.0031265460259150557f,-0.11362756138687602f,0f,1f,0f,1.5f,-0.0031265460259150557f,0f,-0.9999951123430293f,-0.09599847680703971f,0f,0f,0f,1f],start_interpolation:0}
execute if entity @s[tag=aj.tultaria.bone.body] run data modify entity @s {} merge value {transformation:[-0.9065867134715476f,0f,-0.4220195859872594f,0.6643031497294035f,0f,1f,0f,0.4375f,0.4220195859872594f,0f,-0.9065867134715476f,0.2422835637421441f,0f,0f,0f,1f],start_interpolation:0}
execute if entity @s[tag=aj.tultaria.bone.left_hand] run data modify entity @s {} merge value {transformation:[-0.4360690124043935f,-0.8991724844797621f,-0.03650561018731974f,0.4673059920231928f,-0.8882586406438274f,0.43657474149205205f,-0.14282535633677768f,1.3715025027604957f,0.14436205783458636f,-0.02985528840322238f,-0.9890744451314694f,-0.3352793698141775f,0f,0f,0f,1f],start_interpolation:0}
execute if entity @s[tag=aj.tultaria.bone.left_arm] run data modify entity @s {} merge value {transformation:[-0.4360690124043935f,-0.7840538867475395f,-0.44170501366492654f,0.19831584357190105f,-0.8882586406438274f,0.45374489665684703f,0.07149934320989808f,1.4375f,0.14436205783458636f,0.42352694298467386f,-0.8943067286025641f,-0.092316784434713f,0f,0f,0f,1f],start_interpolation:0}
execute if entity @s[tag=aj.tultaria.bone.rod] run data modify entity @s {} merge value {transformation:[-0.000003912058485045003f,0.000009117246968689612f,-0.0000012536371570384512f,-0.6742540100672494f,0.000008882586406438276f,0.000004096977381949146f,0.0000020771218221267353f,1.2256401442430733f,0.000002407375571394158f,-3.0097183209926173e-7f,-0.000009701234911831457f,0.49003849582811804f,0f,0f,0f,1f],start_interpolation:0}
execute if entity @s[tag=aj.tultaria.bone.sword] run data modify entity @s {} merge value {transformation:[-0.000003912058485045003f,0.000005560411822423605f,-0.000007333322492202233f,-0.720854142015213f,0.000008882586406438276f,0.0000043657474149205205f,-0.0000014282535633677768f,1.2467032881849065f,0.000002407375571394158f,-0.000007072628215463229f,-0.0000066469897686161735f,0.4664037799483364f,0f,0f,0f,1f],start_interpolation:0}
execute if entity @s[tag=aj.tultaria.bone.right_hand] run data modify entity @s {} merge value {transformation:[-0.3912058485045003f,0.5560411822423604f,-0.7333322492202232f,-0.5574050978788921f,0.8882586406438274f,0.43657474149205205f,-0.14282535633677768f,1.3715025027604957f,0.24073755713941578f,-0.7072628215463228f,-0.6646989768616173f,0.14172756564054473f,0f,0f,0f,1f],start_interpolation:0}
execute if entity @s[tag=aj.tultaria.bone.right_arm] run data modify entity @s {} merge value {transformation:[-0.3912058485045003f,0.8288536313297847f,-0.3999495492275278f,-0.19831584357190105f,0.8882586406438274f,0.45374489665684703f,0.07149934320989808f,1.4375f,0.24073755713941578f,-0.32728768169501266f,-0.9137440571589237f,0.092316784434713f,0f,0f,0f,1f],start_interpolation:0}
execute if entity @s[tag=aj.tultaria.bone.skirt] run data modify entity @s {} merge value {transformation:[-0.9065867134715476f,-0.03265501193172124f,-0.420754300218782f,0.025488233750348793f,0f,0.9970018316436253f,-0.07737795357371655f,0.8879434029030169f,0.4220195859872594f,-0.07014982462554968f,-0.9038686138749075f,0.05475407975169401f,0f,0f,0f,1f],start_interpolation:0}
execute if entity @s[tag=aj.tultaria.bone.left_foot] run data modify entity @s {} merge value {transformation:[-0.9065867134715476f,0.13209593499537411f,-0.4008131670922947f,0.17950215616125612f,0f,0.9497501547342758f,0.31300901517722923f,0.448939794999428f,0.4220195859872594f,0.28376981435649f,-0.861030871399641f,0.08941355109624911f,0f,0f,0f,1f],start_interpolation:0}
execute if entity @s[tag=aj.tultaria.bone.left_leg] run data modify entity @s {} merge value {transformation:[-0.9065867134715476f,-0.03370373153830188f,-0.4206715933329132f,0.11217282444663489f,0f,0.9968058528582441f,-0.07986295579020683f,0.8750594861511339f,0.4220195859872594f,-0.07240269461796711f,-0.9036909421119586f,-0.05522399556310632f,0f,0f,0f,1f],start_interpolation:0}
execute if entity @s[tag=aj.tultaria.bone.right_foot] run data modify entity @s {} merge value {transformation:[-0.9065867134715476f,0.09447075250586667f,-0.4113098684420702f,0.019024970851162323f,0f,0.9746227002234145f,0.22385395285591964f,0.5480051656136493f,0.4220195859872594f,0.20294301941726284f,-0.8835799906703106f,0.33706441720015723f,0f,0f,0f,1f],start_interpolation:0}
execute if entity @s[tag=aj.tultaria.bone.right_leg] run data modify entity @s {} merge value {transformation:[-0.9065867134715476f,-0.19877588392747259f,-0.37227500443316064f,-0.11447385392125202f,0f,0.8821273154000001f,-0.4710110396001231f,0.8750594861511339f,0.4220195859872594f,-0.4270123503998926f,-0.7997249037319654f,0.05028090093370853f,0f,0f,0f,1f],start_interpolation:0}
execute if entity @s[tag=aj.tultaria.bone.lower] run data modify entity @s {} merge value {transformation:[-0.9065867134715476f,0.018408235796936994f,-0.4216179168532834f,0f,0f,0.9990482215818578f,0.043619387365336f,0.9375f,0.4220195859872594f,0.039544757035182315f,-0.9057238438034909f,0f,0f,0f,0f,1f],start_interpolation:0}