execute if entity @s[tag=aj.tultaria.bone.head] run data modify entity @s {} merge value {transformation:[0.7249884101307027f,-0.28705469731354627f,0.6260921704720355f,0f,0.0979568524270771f,0.942744632481227f,0.318805603762569f,1.15625f,-0.6817596792409594f,-0.16980034946390613f,0.7115979068850607f,0f,0f,0f,0f,1f],start_interpolation:0}
execute if entity @s[tag=aj.tultaria.bone.bust] run data modify entity @s {} merge value {transformation:[0.5876611437247362f,0f,0.8091071499845586f,-0.6983841468546474f,0f,1f,0f,0f,-0.8091071499845586f,0f,0.5876611437247362f,0.11072300312991118f,0f,0f,0f,1f],start_interpolation:0}
execute if entity @s[tag=aj.tultaria.bone.left_wing] run data modify entity @s {} merge value {transformation:[0.6604663529228819f,0f,0.7508556430211784f,0.15746984022789778f,0f,1f,0f,1.0625f,-0.7508556430211784f,0f,0.6604663529228819f,0.1916172739462712f,0f,0f,0f,1f],start_interpolation:0}
execute if entity @s[tag=aj.tultaria.bone.right_wing] run data modify entity @s {} merge value {transformation:[0.509746904596326f,0f,0.8603244116346254f,0.23092748319348977f,0f,1f,0f,1.0625f,-0.8603244116346254f,0f,0.509746904596326f,0.09047888019820133f,0f,0f,0f,1f],start_interpolation:0}
execute if entity @s[tag=aj.tultaria.bone.body] run data modify entity @s {} merge value {transformation:[0.5876611437247362f,0f,0.8091071499845586f,-0.6983841468546474f,0f,1f,0f,0f,-0.8091071499845586f,0f,0.5876611437247362f,0.11072300312991118f,0f,0f,0f,1f],start_interpolation:0}
execute if entity @s[tag=aj.tultaria.bone.left_hand] run data modify entity @s {} merge value {transformation:[0.2386056336297228f,0.7267740901210612f,-0.644101524240443f,-0.47450588150307327f,-0.9577191519094546f,0.06631489895630202f,-0.2799577829642363f,0.9904883350330745f,-0.1607525354885372f,0.6836678697328981f,0.7118685737050677f,0.3033521880157949f,0f,0f,0f,1f],start_interpolation:0}
execute if entity @s[tag=aj.tultaria.bone.left_arm] run data modify entity @s {} merge value {transformation:[0.2386056336297228f,0.9666664013917914f,0.0928623713912276f,-0.12855087518978606f,-0.9577191519094546f,0.2500645857484032f,-0.14227343047918145f,1f,-0.1607525354885372f,-0.05498882954494788f,0.9854617450511628f,0.17699218905912217f,0f,0f,0f,1f],start_interpolation:0}
execute if entity @s[tag=aj.tultaria.bone.rod] run data modify entity @s {} merge value {transformation:[0.05173308574336522f,-0.04135689564518924f,0.6509360150251546f,-0.24611153244999343f,0.6266326482220064f,0.18435063482861874f,-0.03808895188011897f,1.0006149707949907f,-0.1809961675188465f,0.6264254554658869f,0.05418428483067242f,-0.6208547018069945f,0f,0f,0f,1f],start_interpolation:0}
execute if entity @s[tag=aj.tultaria.bone.right_hand] run data modify entity @s {} merge value {transformation:[0.0790666862704567f,0.8749395294473049f,0.47773348106736047f,0.14170747622616597f,0.9577191519094546f,0.06631489895630202f,-0.2799577829642363f,0.9904883350330745f,-0.2766269784168639f,0.47966983852118983f,-0.832703044803495f,-0.5450663929619852f,0f,0f,0f,1f],start_interpolation:0}
execute if entity @s[tag=aj.tultaria.bone.right_arm] run data modify entity @s {} merge value {transformation:[0.0790666862704567f,0.24670611727743136f,0.9658594881348443f,0.12855087518978606f,0.9577191519094546f,0.2500645857484032f,-0.14227343047918145f,1f,-0.2766269784168639f,0.936271218532522f,-0.2165033952610952f,-0.17699218905912217f,0f,0f,0f,1f],start_interpolation:0}
execute if entity @s[tag=aj.tultaria.bone.skirt] run data modify entity @s {} merge value {transformation:[0.5876611437247362f,0.24376350092105006f,0.7715139245501977f,-0.05056919687403491f,0f,0.9535373955908333f,-0.301274683984318f,0.453125f,-0.8091071499845586f,0.17704742536553278f,0.5603568764772153f,-0.03672882148279601f,0f,0f,0f,1f],start_interpolation:0}
execute if entity @s[tag=aj.tultaria.bone.left_foot] run data modify entity @s {} merge value {transformation:[0.5876611437247362f,0.04534732987189763f,0.8078353791643593f,-0.24023089858794555f,0f,0.9984281799756392f,-0.05604613662450397f,0.03185760846222169f,-0.8091071499845586f,0.03293613675010883f,0.5867374461714909f,-0.019990386467999804f,0f,0f,0f,1f],start_interpolation:0}
execute if entity @s[tag=aj.tultaria.bone.left_leg] run data modify entity @s {} merge value {transformation:[0.5876611437247362f,0.15426308549324388f,0.7942652457524747f,-0.07345764296559203f,0f,0.9816564416315353f,-0.19065841340814738f,0.4375f,-0.8091071499845586f,0.11204254128417547f,0.5768813472339428f,0.10113839374806982f,0f,0f,0f,1f],start_interpolation:0}
execute if entity @s[tag=aj.tultaria.bone.right_foot] run data modify entity @s {} merge value {transformation:[0.5876611437247362f,-0.10410440742950339f,0.802381862026982f,-0.16130433495140822f,0f,0.9916880131912011f,0.12866578602288975f,0.08700811906614586f,-0.8091071499845586f,-0.07561188297245361f,0.5827765120500525f,-0.2716479392988891f,0f,0f,0f,1f],start_interpolation:0}
execute if entity @s[tag=aj.tultaria.bone.right_leg] run data modify entity @s {} merge value {transformation:[0.5876611437247362f,0.3248793574849105f,0.7410180721388154f,0.07345764296559203f,0f,0.9158466491773771f,-0.4015282246499869f,0.4375f,-0.8091071499845586f,0.2359625357355741f,0.5382074893320447f,-0.10113839374806982f,0f,0f,0f,1f],start_interpolation:0}
execute if entity @s[tag=aj.tultaria.bone.lower] run data modify entity @s {} merge value {transformation:[0.5876611437247362f,0f,0.8091071499845586f,0f,0f,1f,0f,0.5f,-0.8091071499845586f,0f,0.5876611437247362f,0f,0f,0f,0f,1f],start_interpolation:0}