execute if entity @s[tag=aj.tultaria.bone.head] run data modify entity @s {} merge value {transformation:[-0.9266577757788054f,-0.055949469808049615f,0.37171901137401536f,0f,-0.011200629137006046f,0.9925319788588979f,0.12146940705122268f,1.59375f,-0.3757391548609386f,0.10839708377368149f,-0.9203641451804547f,0f,0f,0f,0f,1f],start_interpolation:0}
execute if entity @s[tag=aj.tultaria.bone.bust] run data modify entity @s {} merge value {transformation:[-0.9639964711407044f,0f,0.2659150308430668f,0.3490407201488188f,0f,1f,0f,0.4375f,-0.2659150308430668f,0f,-0.9639964711407044f,0.6149557509918856f,0f,0f,0f,1f],start_interpolation:0}
execute if entity @s[tag=aj.tultaria.bone.left_wing] run data modify entity @s {} merge value {transformation:[-0.9384655425590955f,0f,-0.3453728788270187f,0.10692788304828374f,0f,1f,0f,1.5f,0.3453728788270187f,0f,-0.9384655425590955f,-0.15259800018239356f,0f,0f,0f,1f],start_interpolation:0}
execute if entity @s[tag=aj.tultaria.bone.right_wing] run data modify entity @s {} merge value {transformation:[-0.6286796743642089f,0f,0.777664366575525f,-0.013571675844304298f,0f,1f,0f,1.5f,-0.777664366575525f,0f,-0.6286796743642089f,-0.18583737903777697f,0f,0f,0f,1f],start_interpolation:0}
execute if entity @s[tag=aj.tultaria.bone.body] run data modify entity @s {} merge value {transformation:[-0.9639964711407044f,0f,0.2659150308430668f,0.3490407201488188f,0f,1f,0f,0.4375f,-0.2659150308430668f,0f,-0.9639964711407044f,0.6149557509918856f,0f,0f,0f,1f],start_interpolation:0}
execute if entity @s[tag=aj.tultaria.bone.left_hand] run data modify entity @s {} merge value {transformation:[-0.193664681837869f,-0.845785394338256f,0.49713283710967837f,0.5779152738702784f,-0.9807053155652544f,0.1806711053662448f,-0.07466616173202967f,1.4611971967273056f,-0.02666599015021423f,-0.5020010143513858f,-0.8644558441930326f,0.03668633728417052f,0f,0f,0f,1f],start_interpolation:0}
execute if entity @s[tag=aj.tultaria.bone.left_arm] run data modify entity @s {} merge value {transformation:[-0.193664681837869f,-0.9606977863309724f,0.19888125690322436f,0.2108742280620291f,-0.9807053155652544f,0.1950835643038651f,-0.012628814693156451f,1.4375f,-0.02666599015021423f,-0.1974896611908306f,-0.9799422221192633f,0.058168912996920855f,0f,0f,0f,1f],start_interpolation:0}
execute if entity @s[tag=aj.tultaria.bone.rod] run data modify entity @s {} merge value {transformation:[-0.0000017994749249783817f,0.000006838969910083553f,0.000007070387582257837f,-0.8858670031037124f,0.000009807053155652546f,0.0000018055071305483062f,7.495681448305128e-7f,1.4027788024314676f,-7.639361207453694e-7f,0.000007068849593145337f,-0.000007031910624638908f,-0.14113403957267456f,0f,0f,0f,1f],start_interpolation:0}
execute if entity @s[tag=aj.tultaria.bone.sword] run data modify entity @s {} merge value {transformation:[-0.0000017994749249783817f,0.000009835401004782507f,1.6363700528084115e-7f,-0.8907233137820159f,0.000009807053155652546f,0.0000018067110536624483f,-7.466616173202967e-7f,1.4299258672116928f,-7.639361207453694e-7f,2.6119795120932435e-8f,-0.000009970743169880738f,-0.19025919855881976f,0f,0f,0f,1f],start_interpolation:0}
execute if entity @s[tag=aj.tultaria.bone.right_hand] run data modify entity @s {} merge value {transformation:[-0.17994749249783815f,0.9835401004782507f,0.016363700528084113f,-0.5149940028583578f,0.9807053155652544f,0.1806711053662448f,-0.07466616173202967f,1.4611971967273056f,-0.07639361207453693f,0.002611979512093243f,-0.9970743169880737f,-0.2647888368791488f,0f,0f,0f,1f],start_interpolation:0}
execute if entity @s[tag=aj.tultaria.bone.right_arm] run data modify entity @s {} merge value {transformation:[-0.17994749249783815f,0.9260838155613708f,0.3316438850620246f,-0.2108742280620291f,0.9807053155652544f,0.1950835643038651f,-0.012628814693156451f,1.4375f,-0.07639361207453693f,0.32297239741778644f,-0.9433201188040106f,-0.058168912996920855f,0f,0f,0f,1f],start_interpolation:0}
execute if entity @s[tag=aj.tultaria.bone.skirt] run data modify entity @s {} merge value {transformation:[-0.9639964711407044f,0.13875733935459528f,0.2268418047968735f,-0.016060165662699626f,0f,0.853061235680006f,-0.5218108164652216f,0.8879434029030169f,-0.2659150308430668f,-0.5030237856755234f,-0.8223480208624547f,0.05822139115526125f,0f,0f,0f,1f],start_interpolation:0}
execute if entity @s[tag=aj.tultaria.bone.left_foot] run data modify entity @s {} merge value {transformation:[-0.9639964711407044f,0.03714713042194241f,0.26330760401037484f,0.031114250975611005f,0f,0.990194511290222f,-0.13969548958616512f,0.5714160500452736f,-0.2659150308430668f,-0.13466595899533623f,-0.9545440146266684f,0.35727943454762356f,0f,0f,0f,1f],start_interpolation:0}
execute if entity @s[tag=aj.tultaria.bone.left_leg] run data modify entity @s {} merge value {transformation:[-0.9639964711407044f,0.1416709532864412f,0.22503365220157667f,0.12122449956362612f,0f,0.8462614974720372f,-0.5327677523052472f,0.8750594861511339f,-0.2659150308430668f,-0.5135862331598232f,-0.815793097225292f,0.03061132038703939f,0f,0f,0f,1f],start_interpolation:0}
execute if entity @s[tag=aj.tultaria.bone.right_foot] run data modify entity @s {} merge value {transformation:[-0.9639964711407044f,0.1355688452403238f,0.22876164850882308f,-0.23558802736773532f,0f,0.8602809994739624f,-0.5098201662783459f,0.74335254870734f,-0.2659150308430668f,-0.4914648412086926f,-0.8293078476822979f,0.3839799002778286f,0f,0f,0f,1f],start_interpolation:0}
execute if entity @s[tag=aj.tultaria.bone.right_leg] run data modify entity @s {} merge value {transformation:[-0.9639964711407044f,0.22359189595715398f,0.1439356373194436f,-0.11977461822154999f,0f,0.5412843225262773f,-0.8408396292916199f,0.8750594861511339f,-0.2659150308430668f,-0.8105664354323797f,-0.5217961767991184f,-0.035867437323727304f,0f,0f,0f,1f],start_interpolation:0}
execute if entity @s[tag=aj.tultaria.bone.lower] run data modify entity @s {} merge value {transformation:[-0.9639964711407044f,-0.011599050736608999f,0.26566193865565074f,0f,0f,0.9990482215818578f,0.043619387365336f,0.9375f,-0.2659150308430668f,0.04204893549350333f,-0.9630789601043075f,0f,0f,0f,0f,1f],start_interpolation:0}