execute if entity @s[tag=aj.tultaria.bone.head] run data modify entity @s {} merge value {transformation:[-0.9236109919898754f,-0.05597245443094345f,0.379222652040268f,0f,-0.011220081487149557f,0.9928057734770157f,0.11920908489761332f,1.59375f,-0.38316686345102957f,0.10584791209882516f,-0.9175943407941329f,0f,0f,0f,0f,1f],start_interpolation:0}
execute if entity @s[tag=aj.tultaria.bone.bust] run data modify entity @s {} merge value {transformation:[-0.9560015108856131f,0f,0.2933617411736318f,0.3313198848559907f,0f,1f,0f,0.4375f,-0.2933617411736318f,0f,-0.9560015108856131f,0.6246816260296224f,0f,0f,0f,1f],start_interpolation:0}
execute if entity @s[tag=aj.tultaria.bone.left_wing] run data modify entity @s {} merge value {transformation:[-0.9446415425311704f,0f,-0.3281041848625693f,0.11201307534391569f,0f,1f,0f,1.5f,0.3281041848625693f,0f,-0.9446415425311704f,-0.1519784723439418f,0f,0f,0f,1f],start_interpolation:0}
execute if entity @s[tag=aj.tultaria.bone.right_wing] run data modify entity @s {} merge value {transformation:[-0.5980113030345667f,0f,0.8014876676798587f,-0.007487113516785937f,0f,1f,0f,1.5f,-0.8014876676798587f,0f,-0.5980113030345667f,-0.18864868999064577f,0f,0f,0f,1f],start_interpolation:0}
execute if entity @s[tag=aj.tultaria.bone.body] run data modify entity @s {} merge value {transformation:[-0.9560015108856131f,0f,0.2933617411736318f,0.3313198848559907f,0f,1f,0f,0.4375f,-0.2933617411736318f,0f,-0.9560015108856131f,0.6246816260296224f,0f,0f,0f,1f],start_interpolation:0}
execute if entity @s[tag=aj.tultaria.bone.left_hand] run data modify entity @s {} merge value {transformation:[-0.20376677196634016f,-0.8364723691785348f,0.5087170905751704f,0.576684589824789f,-0.9783020567145635f,0.19385906768908023f,-0.0731009418733811f,1.4573742607339273f,-0.037472502858394485f,-0.512574518948776f,-0.8578246755916725f,0.04844417624750952f,0f,0f,0f,1f],start_interpolation:0}
execute if entity @s[tag=aj.tultaria.bone.left_arm] run data modify entity @s {} merge value {transformation:[-0.20376677196634016f,-0.9554249491863908f,0.21364051374821202f,0.20912533050622786f,-0.9783020567145635f,0.2070626919905496f,-0.00708007158732326f,1.4375f,-0.037472502858394485f,-0.21044763733007124f,-0.9768866891670284f,0.06417288088173195f,0f,0f,0f,1f],start_interpolation:0}
execute if entity @s[tag=aj.tultaria.bone.rod] run data modify entity @s {} merge value {transformation:[-0.00000189712629033988f,0.000006505373199172858f,0.000007353980648464119f,-0.8795994254197151f,0.000009783020567145635f,0.00000188769233067242f,8.538888964765916e-7f,1.3938147280846949f,-8.327186927809006e-7f,0.000007356407900885054f,-0.000006722339055305769f,-0.17573502303363148f,0f,0f,0f,1f],start_interpolation:0}
execute if entity @s[tag=aj.tultaria.bone.sword] run data modify entity @s {} merge value {transformation:[-0.00000189712629033988f,0.000009800043088527976f,6.000560819592699e-7f,-0.8827151821928432f,0.000009783020567145635f,0.0000019385906768908025f,-7.310094187338112e-7f,1.42096006070671f,-8.327186927809006e-7f,4.4835438044823763e-7f,-0.000009955177443331996f,-0.2250021632141906f,0f,0f,0f,1f],start_interpolation:0}
execute if entity @s[tag=aj.tultaria.bone.right_hand] run data modify entity @s {} merge value {transformation:[-0.18971262903398797f,0.9800043088527974f,0.060005608195926985f,-0.5045971085754253f,0.9783020567145635f,0.19385906768908023f,-0.0731009418733811f,1.4573742607339273f,-0.08327186927809005f,0.04483543804482376f,-0.9955177443331995f,-0.28336145180847255f,0f,0f,0f,1f],start_interpolation:0}
execute if entity @s[tag=aj.tultaria.bone.right_arm] run data modify entity @s {} merge value {transformation:[-0.18971262903398797f,0.9090169597002432f,0.3710758485301069f,-0.20912533050622786f,0.9783020567145635f,0.2070626919905496f,-0.00708007158732326f,1.4375f,-0.08327186927809005f,0.3616810868195255f,-0.9285755689355496f,-0.06417288088173195f,0f,0f,0f,1f],start_interpolation:0}
execute if entity @s[tag=aj.tultaria.bone.skirt] run data modify entity @s {} merge value {transformation:[-0.9560015108856131f,0.1622313399158576f,0.24442197841751134f,-0.017717833201866096f,0f,0.8331760557449294f,-0.5530078300831938f,0.8879434029030169f,-0.2933617411736318f,-0.5286763210911075f,-0.7965175681258682f,0.057738528694435395f,0f,0f,0f,1f],start_interpolation:0}
execute if entity @s[tag=aj.tultaria.bone.left_foot] run data modify entity @s {} merge value {transformation:[-0.9560015108856131f,0.05170018398221929f,0.2887701545531145f,0.017662495680533366f,0f,0.9843483795734641f,-0.17623355988884576f,0.584156324740098f,-0.2933617411736318f,-0.16847954952248678f,-0.9410385381100368f,0.3685369026338366f,0f,0f,0f,1f],start_interpolation:0}
execute if entity @s[tag=aj.tultaria.bone.left_leg] run data modify entity @s {} merge value {transformation:[-0.9560015108856131f,0.16536830184794762f,0.24231061868674064f,0.12029995507485303f,0f,0.8259789354854027f,-0.5637009829106217f,0.8750594861511339f,-0.2933617411736318f,-0.5388989913502595f,-0.7896371102837354f,0.034063955132631094f,0f,0f,0f,1f],start_interpolation:0}
execute if entity @s[tag=aj.tultaria.bone.right_foot] run data modify entity @s {} merge value {transformation:[-0.9560015108856131f,0.16331646424826268f,0.24369826361685643f,-0.24774523393220366f,0f,0.8307090851107912f,-0.5567067593575561f,0.7587225152528607f,-0.2933617411736318f,-0.532212503066057f,-0.7941591404723218f,0.3812522297776344f,0f,0f,0f,1f],start_interpolation:0}
execute if entity @s[tag=aj.tultaria.bone.right_leg] run data modify entity @s {} merge value {transformation:[-0.9560015108856131f,0.2520923913383869f,0.15003512060087296f,-0.11870042264655026f,0f,0.511433835920928f,-0.8593226585370626f,0.8750594861511339f,-0.2933617411736318f,-0.8215137598996737f,-0.4889315198584319f,-0.03927648016077685f,0f,0f,0f,1f],start_interpolation:0}
execute if entity @s[tag=aj.tultaria.bone.lower] run data modify entity @s {} merge value {transformation:[-0.9560015108856131f,-0.012796259426422084f,0.2930825257996741f,0f,0f,0.9990482215818578f,0.043619387365336f,0.9375f,-0.2933617411736318f,0.04170020022516604f,-0.9550916092798408f,0f,0f,0f,0f,1f],start_interpolation:0}