execute if entity @s[tag=aj.tultaria.bone.head] run data modify entity @s {} merge value {transformation:[-0.9874159394185078f,0.026939245605660647f,-0.15583337135691994f,0f,-0.00022684140366999173f,0.9851421178318871f,0.1717409567246025f,1.15625f,0.15814458930119435f,0.1696151075815539f,-0.9727389188034241f,0f,0f,0f,0f,1f],start_interpolation:0}
execute if entity @s[tag=aj.tultaria.bone.bust] run data modify entity @s {} merge value {transformation:[-0.8366701532775764f,0f,-0.5477070883368927f,0.6921886208072345f,0f,1f,0f,0f,0.5477070883368927f,0f,-0.8366701532775764f,0.14448153247034184f,0f,0f,0f,1f],start_interpolation:0}
execute if entity @s[tag=aj.tultaria.bone.left_wing] run data modify entity @s {} merge value {transformation:[-0.5556920701535027f,0f,-0.8313881904192016f,-0.017636125560569593f,0f,1f,0f,1.0625f,0.8313881904192016f,0f,-0.5556920701535027f,-0.14105280271352755f,0f,0f,0f,1f],start_interpolation:0}
execute if entity @s[tag=aj.tultaria.bone.right_wing] run data modify entity @s {} merge value {transformation:[-0.9842632259882339f,0f,-0.1767085226219579f,-0.12221989472026662f,0f,1f,0f,1.0625f,0.1767085226219579f,0f,-0.9842632259882339f,-0.07258941667141594f,0f,0f,0f,1f],start_interpolation:0}
execute if entity @s[tag=aj.tultaria.bone.body] run data modify entity @s {} merge value {transformation:[-0.8366701532775764f,0f,-0.5477070883368927f,0.6921886208072345f,0f,1f,0f,0f,0.5477070883368927f,0f,-0.8366701532775764f,0.14448153247034184f,0f,0f,0f,1f],start_interpolation:0}
execute if entity @s[tag=aj.tultaria.bone.left_hand] run data modify entity @s {} merge value {transformation:[-0.8654786336721226f,-0.47615883671329295f,-0.15562614458014282f,0.31055402486669015f,-0.3986199044123866f,0.8427671595528246f,-0.36172598273489254f,0.7652119128490176f,0.3033956269679833f,-0.25103043042449574f,-0.9192033597292804f,-0.3734883215451575f,0f,0f,0f,1f],start_interpolation:0}
execute if entity @s[tag=aj.tultaria.bone.left_arm] run data modify entity @s {} merge value {transformation:[-0.8654786336721226f,-0.25289735161934435f,-0.43242301534603544f,0.18302159602946985f,-0.3986199044123866f,0.8704798743742217f,0.28873337201594657f,1f,0.3033956269679833f,0.42226498535085877f,-0.8541916504411311f,-0.11981092557369528f,0f,0f,0f,1f],start_interpolation:0}
execute if entity @s[tag=aj.tultaria.bone.rod] run data modify entity @s {} merge value {transformation:[-0.000006242829826318734f,0.00000523686578384456f,-0.000005796750168984631f,-0.3541638262273382f,0.000003986199044123866f,0.00000851705268804338f,0.0000034014747815791684f,0.49438997585856986f,0.000006718429350692854f,-1.872171762717965e-7f,-0.000007404569993501151f,0.4003155312395577f,0f,0f,0f,1f],start_interpolation:0}
execute if entity @s[tag=aj.tultaria.bone.right_hand] run data modify entity @s {} merge value {transformation:[-0.6242829826318733f,-0.03958980454130051f,-0.780194466125359f,-0.46653431119599575f,0.3986199044123866f,0.8427671595528246f,-0.36172598273489254f,0.7652119128490176f,0.6718429350692854f,-0.5368204189071478f,-0.5103439119278709f,0.13521488515839336f,0f,0f,0f,1f],start_interpolation:0}
execute if entity @s[tag=aj.tultaria.bone.right_arm] run data modify entity @s {} merge value {transformation:[-0.6242829826318733f,0.48817351717625457f,-0.6098830828314697f,-0.18302159602946985f,0.3986199044123866f,0.8704798743742217f,0.28873337201594657f,1f,0.6718429350692854f,-0.06286020551353874f,-0.7380214530488147f,0.11981092557369528f,0f,0f,0f,1f],start_interpolation:0}
execute if entity @s[tag=aj.tultaria.bone.skirt] run data modify entity @s {} merge value {transformation:[-0.8366701532775764f,-0.015495542728598927f,-0.5474878471436814f,0.0342316930210558f,0f,0.9995997108712302f,-0.028291660010555993f,0.453125f,0.5477070883368927f,-0.02367078751750896f,-0.8363352433108533f,0.05229188457984853f,0f,0f,0f,1f],start_interpolation:0}
execute if entity @s[tag=aj.tultaria.bone.left_foot] run data modify entity @s {} merge value {transformation:[-0.8366701532775764f,0.1953802965675711f,-0.5116733277469568f,0.17986656920749583f,0f,0.9342097968836737f,0.3567240605938504f,0.003750629693805796f,0.5477070883368927f,0.2984603744548563f,-0.7816254539520768f,0.04653763037054061f,0f,0f,0f,1f],start_interpolation:0}
execute if entity @s[tag=aj.tultaria.bone.left_leg] run data modify entity @s {} merge value {transformation:[-0.8366701532775764f,-0.015651136898976258f,-0.5474834212359734f,0.10458376915969705f,0f,0.9995916300780432f,-0.02857574282359716f,0.4375f,0.5477070883368927f,-0.02390847112823964f,-0.8363284823523789f,-0.0684633860421116f,0f,0f,0f,1f],start_interpolation:0}
execute if entity @s[tag=aj.tultaria.bone.right_foot] run data modify entity @s {} merge value {transformation:[-0.8366701532775764f,0.1852959592500295f,-0.5154109642800473f,0.05644394942583744f,0f,0.9410339490859754f,0.3383121438370989f,0.09023456778990452f,0.5477070883368927f,0.28305567323985104f,-0.787335018421166f,0.31444721363871087f,0f,0f,0f,1f],start_interpolation:0}
execute if entity @s[tag=aj.tultaria.bone.right_leg] run data modify entity @s {} merge value {transformation:[-0.8366701532775764f,-0.22544741210175195f,-0.49915580632814405f,-0.10458376915969705f,0f,0.9113553885961669f,-0.4116204024058203f,0.4375f,0.5477070883368927f,-0.34439050517305536f,-0.7625038526671002f,0.0684633860421116f,0f,0f,0f,1f],start_interpolation:0}
execute if entity @s[tag=aj.tultaria.bone.lower] run data modify entity @s {} merge value {transformation:[-0.8366701532775764f,0f,-0.5477070883368927f,0f,0f,1f,0f,0.5f,0.5477070883368927f,0f,-0.8366701532775764f,0f,0f,0f,0f,1f],start_interpolation:0}