execute if entity @s[tag=aj.tultaria.bone.head] run data modify entity @s {} merge value {transformation:[-0.984807753012208f,0.030153689607045765f,-0.17101007166283427f,0f,0f,0.984807753012208f,0.17364817766693036f,1.15625f,0.1736481776669302f,0.17101007166283436f,-0.9698463103929542f,0f,0f,0f,0f,1f],start_interpolation:0}
execute if entity @s[tag=aj.tultaria.bone.bust] run data modify entity @s {} merge value {transformation:[-0.8191520442889919f,0f,-0.5735764363510459f,0.696364240320019f,0f,1f,0f,0f,0.5735764363510459f,0f,-0.8191520442889919f,0.12278780396897299f,0f,0f,0f,1f],start_interpolation:0}
execute if entity @s[tag=aj.tultaria.bone.left_wing] run data modify entity @s {} merge value {transformation:[-0.537299608346824f,0f,-0.8433914458128856f,-0.020500051775818706f,0f,1f,0f,1.0625f,0.8433914458128856f,0f,-0.537299608346824f,-0.13824253280806437f,0f,0f,0f,1f],start_interpolation:0}
execute if entity @s[tag=aj.tultaria.bone.right_wing] run data modify entity @s {} merge value {transformation:[-0.9762960071199334f,0f,-0.21643961393810274f,-0.1228940573119427f,0f,1f,0f,1.0625f,0.21643961393810274f,0f,-0.9762960071199334f,-0.06654547826418361f,0f,0f,0f,1f],start_interpolation:0}
execute if entity @s[tag=aj.tultaria.bone.body] run data modify entity @s {} merge value {transformation:[-0.8191520442889919f,0f,-0.5735764363510459f,0.696364240320019f,0f,1f,0f,0f,0.5735764363510459f,0f,-0.8191520442889919f,0.12278780396897299f,0f,0f,0f,1f],start_interpolation:0}
execute if entity @s[tag=aj.tultaria.bone.left_hand] run data modify entity @s {} merge value {transformation:[-0.9127317676522917f,-0.358230048796495f,-0.19644834552009804f,0.2673117307821308f,-0.24999999999999994f,0.8700099527916981f,-0.4249502112523149f,0.7381777511514147f,0.32314195072494534f,-0.3387534711005157f,-0.8836432342857772f,-0.3692438630528162f,0f,0f,0f,1f],start_interpolation:0}
execute if entity @s[tag=aj.tultaria.bone.left_arm] run data modify entity @s {} merge value {transformation:[-0.9127317676522917f,-0.11439693945865015f,-0.3922168539989287f,0.17918950968821698f,-0.24999999999999994f,0.9156751133619656f,0.31470476127563013f,1f,0.32314195072494534f,0.3852952465474305f,-0.864364999678742f,-0.1254698454517913f,0f,0f,0f,1f],start_interpolation:0}
execute if entity @s[tag=aj.tultaria.bone.rod] run data modify entity @s {} merge value {transformation:[-0.000006158267565529228f,0.000004011851576341731f,-0.000006780913472442714f,-0.2695804212744073f,0.0000024999999999999998f,0.000009156751133619657f,0.000003147047612756301f,0.46504279526106723f,0.000007471662505182546f,2.428077559706535e-7f,-0.000006641935245264725f,0.35543761923917233f,0f,0f,0f,1f],start_interpolation:0}
execute if entity @s[tag=aj.tultaria.bone.right_hand] run data modify entity @s {} merge value {transformation:[-0.6158267565529227f,-0.1958022444258284f,-0.7631637353748639f,-0.43840172985595094f,0.24999999999999994f,0.8700099527916981f,-0.4249502112523149f,0.7381777511514147f,0.7471662505182546f,-0.4524866441357084f,-0.4868248462900158f,0.12490202190202966f,0f,0f,0f,1f],start_interpolation:0}
execute if entity @s[tag=aj.tultaria.bone.right_arm] run data modify entity @s {} merge value {transformation:[-0.6158267565529227f,0.40118515763417306f,-0.6780913472442712f,-0.17918950968821698f,0.24999999999999994f,0.9156751133619656f,0.31470476127563013f,1f,0.7471662505182546f,0.024280775597065346f,-0.6641935245264724f,0.1254698454517913f,0f,0f,0f,1f],start_interpolation:0}
execute if entity @s[tag=aj.tultaria.bone.skirt] run data modify entity @s {} merge value {transformation:[-0.8191520442889919f,0f,-0.5735764363510459f,0.03584852727194037f,0f,1f,0f,0.453125f,0.5735764363510459f,0f,-0.8191520442889919f,0.051197002768061994f,0f,0f,0f,1f],start_interpolation:0}
execute if entity @s[tag=aj.tultaria.bone.left_foot] run data modify entity @s {} merge value {transformation:[-0.8191520442889919f,0.21949819938655468f,-0.5299155298754942f,0.17409106008000474f,0f,0.9238795325112867f,0.3826834323650897f,0f,0.5735764363510459f,0.31347591593739144f,-0.7567978077333787f,0.030696950992243247f,0f,0f,0f,1f],start_interpolation:0}
execute if entity @s[tag=aj.tultaria.bone.left_leg] run data modify entity @s {} merge value {transformation:[-0.8191520442889919f,0f,-0.5735764363510459f,0.10239400553612399f,0f,1f,0f,0.4375f,0.5735764363510459f,0f,-0.8191520442889919f,-0.07169705454388074f,0f,0f,0f,1f],start_interpolation:0}
execute if entity @s[tag=aj.tultaria.bone.right_foot] run data modify entity @s {} merge value {transformation:[-0.8191520442889919f,0.2194981993865548f,-0.5299155298754942f,0.05987589792993048f,0f,0.9238795325112867f,0.38268343236508984f,0.08113813357194827f,0.5735764363510459f,0.31347591593739155f,-0.7567978077333786f,0.30344249373316184f,0f,0f,0f,1f],start_interpolation:0}
execute if entity @s[tag=aj.tultaria.bone.right_leg] run data modify entity @s {} merge value {transformation:[-0.8191520442889919f,-0.21949819938655468f,-0.5299155298754942f,-0.10239400553612399f,0f,0.9238795325112867f,-0.3826834323650897f,0.4375f,0.5735764363510459f,-0.31347591593739144f,-0.7567978077333787f,0.07169705454388074f,0f,0f,0f,1f],start_interpolation:0}
execute if entity @s[tag=aj.tultaria.bone.lower] run data modify entity @s {} merge value {transformation:[-0.8191520442889919f,0f,-0.5735764363510459f,0f,0f,1f,0f,0.5f,0.5735764363510459f,0f,-0.8191520442889919f,0f,0f,0f,0f,1f],start_interpolation:0}