execute if entity @s[tag=aj.tultaria.bone.head] run data modify entity @s {} merge value {transformation:[-0.9664406274782732f,-0.03727922821927361f,0.25417075501083314f,0f,-0.006988311070807218f,0.9928634929781481f,0.11905145030451496f,1.15625f,-0.25679500981868647f,0.11327993403337626f,-0.9598041359973474f,0f,0f,0f,0f,1f],start_interpolation:0}
execute if entity @s[tag=aj.tultaria.bone.bust] run data modify entity @s {} merge value {transformation:[-0.971307229024312f,0f,0.23782822970604794f,0.366739499659132f,0f,1f,0f,0f,-0.23782822970604794f,0f,-0.971307229024312f,0.60456772936518f,0f,0f,0f,1f],start_interpolation:0}
execute if entity @s[tag=aj.tultaria.bone.left_wing] run data modify entity @s {} merge value {transformation:[-0.9196196978017045f,0f,-0.3928098922062703f,0.1081444758406454f,0f,1f,0f,1.0625f,0.3928098922062703f,0f,-0.9196196978017045f,-0.17887494354915157f,0f,0f,0f,1f],start_interpolation:0}
execute if entity @s[tag=aj.tultaria.bone.right_wing] run data modify entity @s {} merge value {transformation:[-0.6341066166223849f,0f,0.7732456264058089f,-0.013268927787393636f,0f,1f,0f,1.0625f,-0.7732456264058089f,0f,-0.6341066166223849f,-0.2086034722624075f,0f,0f,0f,1f],start_interpolation:0}
execute if entity @s[tag=aj.tultaria.bone.body] run data modify entity @s {} merge value {transformation:[-0.971307229024312f,0f,0.23782822970604794f,0.366739499659132f,0f,1f,0f,0f,-0.23782822970604794f,0f,-0.971307229024312f,0.60456772936518f,0f,0f,0f,1f],start_interpolation:0}
execute if entity @s[tag=aj.tultaria.bone.left_hand] run data modify entity @s {} merge value {transformation:[-0.2416800720678664f,-0.84091265832845f,0.48420723231716667f,0.579344322200053f,-0.9692139302741023f,0.23339679694473645f,-0.07842380084237974f,1.0068573594157775f,-0.047064850237716095f,-0.48825386454068875f,-0.8714316173017732f,0.018844631223105847f,0f,0f,0f,1f],start_interpolation:0}
execute if entity @s[tag=aj.tultaria.bone.left_arm] run data modify entity @s {} merge value {transformation:[-0.2416800720678664f,-0.9560102354121267f,0.1662383004981738f,0.21247345634906825f,-0.9692139302741023f,0.2461361542520225f,0.006430469084939626f,1f,-0.047064850237716095f,-0.1595663603560439f,-0.9860646411441932f,0.05202492524819799f,0f,0f,0f,1f],start_interpolation:0}
execute if entity @s[tag=aj.tultaria.bone.rod] run data modify entity @s {} merge value {transformation:[-0.000002360844901830302f,0.0000070582332587436456f,0.0000066789036985621345f,-0.8834206666128234f,0.000009692139302741024f,0.000002204904592089128f,0.0000010958245644477286f,0.9291365356667989f,-6.99176004854748e-7f,0.000006731993687233327f,-0.000007361481774023896f,-0.1096874691052796f,0f,0f,0f,1f],start_interpolation:0}
execute if entity @s[tag=aj.tultaria.bone.right_hand] run data modify entity @s {} merge value {transformation:[-0.23608449018303018f,0.9713622696599252f,-0.026822650430885775f,-0.5225126467942122f,0.9692139302741023f,0.23339679694473645f,-0.07842380084237974f,1.0068573594157775f,-0.0699176004854748f,-0.044511529484575874f,-0.9965592069141187f,-0.25094919352626044f,0f,0f,0f,1f],start_interpolation:0}
execute if entity @s[tag=aj.tultaria.bone.right_arm] run data modify entity @s {} merge value {transformation:[-0.23608449018303018f,0.9215830473110951f,0.3081376322421763f,-0.21247345634906825f,0.9692139302741023f,0.2461361542520225f,0.006430469084939626f,1f,-0.0699176004854748f,0.30016941962635124f,-0.9513200558505707f,-0.05202492524819799f,0f,0f,0f,1f],start_interpolation:0}
execute if entity @s[tag=aj.tultaria.bone.skirt] run data modify entity @s {} merge value {transformation:[-0.971307229024312f,0.16386911587713662f,0.17236351036909836f,-0.014864264356627997f,0f,0.7247394919523936f,-0.6890229813326885f,0.453125f,-0.23782822970604794f,-0.6692530027323239f,-0.7039447076927671f,0.0607067018140195f,0f,0f,0f,1f],start_interpolation:0}
execute if entity @s[tag=aj.tultaria.bone.left_foot] run data modify entity @s {} merge value {transformation:[-0.971307229024312f,0.08321282905686334f,0.22279562815608825f,0.027739187705313487f,0f,0.9367921900249614f,-0.3498862568153207f,0.2096952884965877f,-0.23782822970604794f,-0.3398470505809779f,-0.9099130262647621f,0.4123006195511916f,0f,0f,0f,1f],start_interpolation:0}
execute if entity @s[tag=aj.tultaria.bone.left_leg] run data modify entity @s {} merge value {transformation:[-0.971307229024312f,0.165241578550331f,0.1710482024556455f,0.121413403628039f,0f,0.7192089966235651f,-0.6947937961551792f,0.4375f,-0.23782822970604794f,-0.6748582368867698f,-0.6985728975997908f,0.029728528713255993f,0f,0f,0f,1f],start_interpolation:0}
execute if entity @s[tag=aj.tultaria.bone.right_foot] run data modify entity @s {} merge value {transformation:[-0.971307229024312f,0.1606744230839739f,0.1753453638159414f,-0.22827841250182662f,0f,0.7372773368101239f,-0.6755902076156604f,0.3658929838680253f,-0.23782822970604794f,-0.6562056525151267f,-0.7161228070394658f,0.4067156889355524f,0f,0f,0f,1f],start_interpolation:0}
execute if entity @s[tag=aj.tultaria.bone.right_leg] run data modify entity @s {} merge value {transformation:[-0.971307229024312f,0.2155455765597324f,0.10051055303123772f,-0.121413403628039f,0f,0.4226182617406993f,-0.90630778703665f,0.4375f,-0.23782822970604794f,-0.8803033052697248f,-0.41049217274643f,-0.029728528713255993f,0f,0f,0f,1f],start_interpolation:0}
execute if entity @s[tag=aj.tultaria.bone.lower] run data modify entity @s {} merge value {transformation:[-0.971307229024312f,0f,0.23782822970604794f,0f,0f,1f,0f,0.5f,-0.23782822970604794f,0f,-0.971307229024312f,0f,0f,0f,0f,1f],start_interpolation:0}