execute if entity @s[tag=aj.tultaria.bone.head] run data modify entity @s {} merge value {transformation:[-0.3622157059691867f,0.19049154545114994f,-0.9124213683714757f,0f,0.0309795914759211f,0.9808133768959024f,0.19247177614923558f,1.15625f,0.931579329558803f,0.0414498590309894f,-0.36116735999406474f,0f,0f,0f,0f,1f],start_interpolation:0}
execute if entity @s[tag=aj.tultaria.bone.bust] run data modify entity @s {} merge value {transformation:[-0.33110630575987643f,0f,-0.9435934581619604f,0.6373498819609185f,0f,1f,0f,0f,0.9435934581619604f,0f,-0.33110630575987643f,-0.306243576201042f,0f,0f,0f,1f],start_interpolation:0}
execute if entity @s[tag=aj.tultaria.bone.left_wing] run data modify entity @s {} merge value {transformation:[0.06710380720371123f,0f,-0.9977459992697376f,-0.1924900387056231f,0f,1f,0f,1.0625f,0.9977459992697376f,0f,0.06710380720371123f,-0.1337807765828399f,0f,0f,0f,1f],start_interpolation:0}
execute if entity @s[tag=aj.tultaria.bone.right_wing] run data modify entity @s {} merge value {transformation:[-0.6758414948626638f,0f,-0.7370469956670335f,-0.23387832692560762f,0f,1f,0f,1.0625f,0.7370469956670335f,0f,-0.6758414948626638f,-0.015831594312594788f,0f,0f,0f,1f],start_interpolation:0}
execute if entity @s[tag=aj.tultaria.bone.body] run data modify entity @s {} merge value {transformation:[-0.33110630575987643f,0f,-0.9435934581619604f,0.6373498819609185f,0f,1f,0f,0f,0.9435934581619604f,0f,-0.33110630575987643f,-0.306243576201042f,0f,0f,0f,1f],start_interpolation:0}
execute if entity @s[tag=aj.tultaria.bone.left_hand] run data modify entity @s {} merge value {transformation:[-0.11589494879288628f,-0.8931782452195054f,-0.43451235093021207f,0.19667745663710012f,-0.9643984681033688f,0.20588089991720251f,-0.16597785927393555f,0.996791499155128f,0.23770560692623505f,0.39980705010778417f,-0.8852402877862835f,-0.5532458125951352f,0f,0f,0f,1f],start_interpolation:0}
execute if entity @s[tag=aj.tultaria.bone.left_arm] run data modify entity @s {} merge value {transformation:[-0.11589494879288628f,-0.5545746537982861f,-0.8240238553639121f,0.07242950438497298f,-0.9643984681033688f,0.26136992230940514f,-0.04026609531418489f,1f,0.23770560692623505f,0.7900207067390618f,-0.5651224003340724f,-0.20641106897292882f,0f,0f,0f,1f],start_interpolation:0}
execute if entity @s[tag=aj.tultaria.bone.rod] run data modify entity @s {} merge value {transformation:[-0.01179122399537057f,0.1258670135363369f,-0.15899128141232977f,0.08721921702699831f,0.19589343883349689f,0.04822919854680285f,0.023653132023478927f,0.940333394095419f,0.05240699651456904f,-0.1519579051447364f,-0.12418561674101108f,0.828727197886135f,0f,0f,0f,1f],start_interpolation:0}
execute if entity @s[tag=aj.tultaria.bone.right_hand] run data modify entity @s {} merge value {transformation:[-0.0580491027464397f,-0.4475142791074957f,-0.892390761754755f,-0.19214748285765693f,0.9643984681033688f,0.20588089991720251f,-0.16597785927393555f,0.996791499155128f,0.2580036751486474f,-0.8702551493925109f,0.4196308837128291f,0.554835377328047f,0f,0f,0f,1f],start_interpolation:0}
execute if entity @s[tag=aj.tultaria.bone.right_arm] run data modify entity @s {} merge value {transformation:[-0.0580491027464397f,0.060674856192053817f,-0.9964681949246583f,-0.07242950438497298f,0.9643984681033688f,0.26136992230940514f,-0.04026609531418489f,1f,0.2580036751486474f,-0.9633298114031607f,-0.0736870278389766f,0.20641106897292882f,0f,0f,0f,1f],start_interpolation:0}
execute if entity @s[tag=aj.tultaria.bone.skirt] run data modify entity @s {} merge value {transformation:[-0.33110630575987643f,-0.5941225232487426f,-0.7330668739307449f,0.058974591135122524f,0f,0.7768884656732324f,-0.629638238914927f,0.453125f,0.9435934581619604f,-0.20847719125227593f,-0.25723266985652254f,0.020694144109992277f,0f,0f,0f,1f],start_interpolation:0}
execute if entity @s[tag=aj.tultaria.bone.left_foot] run data modify entity @s {} merge value {transformation:[-0.33110630575987643f,-0.30817702078295695f,-0.8918495042031409f,0.3839939786654796f,0f,0.9451628733632678f,-0.32659936132162204f,0.16327433150925302f,0.9435934581619604f,-0.10813910799073737f,-0.3129493873407015f,0.002270922600648151f,0f,0f,0f,1f],start_interpolation:0}
execute if entity @s[tag=aj.tultaria.bone.left_leg] run data modify entity @s {} merge value {transformation:[-0.33110630575987643f,-0.5677659590709575f,-0.7536646668156092f,0.041388288219984554f,0f,0.7987175624168523f,-0.6017061205330071f,0.4375f,0.9435934581619604f,-0.1992286907227909f,-0.26446042143737747f,-0.11794918227024505f,0f,0f,0f,1f],start_interpolation:0}
execute if entity @s[tag=aj.tultaria.bone.right_foot] run data modify entity @s {} merge value {transformation:[-0.33110630575987643f,-0.336000150916191f,-0.8817440177683907f,0.339044976443412f,0f,0.9344532967470471f,-0.35608571467916983f,0.22659435010391588f,0.9435934581619604f,-0.11790222552128532f,-0.3094033789910523f,0.251442957329086f,0f,0f,0f,1f],start_interpolation:0}
execute if entity @s[tag=aj.tultaria.bone.right_leg] run data modify entity @s {} merge value {transformation:[-0.33110630575987643f,-0.6837779530810846f,-0.6502432815233767f,-0.041388288219984554f,0f,0.6891138083873485f,-0.7246531301870466f,0.4375f,0.9435934581619604f,-0.23993722089356379f,-0.2281699273432543f,0.11794918227024505f,0f,0f,0f,1f],start_interpolation:0}
execute if entity @s[tag=aj.tultaria.bone.lower] run data modify entity @s {} merge value {transformation:[-0.33110630575987643f,0f,-0.9435934581619604f,0f,0f,1f,0f,0.5f,0.9435934581619604f,0f,-0.33110630575987643f,0f,0f,0f,0f,1f],start_interpolation:0}