execute if entity @s[tag=aj.tultaria.bone.head] run data modify entity @s {} merge value {transformation:[-0.7230947458937215f,-0.17251027202495492f,0.6688603699627977f,0f,0.13517172484973333f,0.9142515529159193f,0.38193285115577325f,1.59375f,-0.6773939719705533f,0.3665846478464505f,-0.637771983314767f,0f,0f,0f,0f,1f],start_interpolation:0}
execute if entity @s[tag=aj.tultaria.bone.bust] run data modify entity @s {} merge value {transformation:[-0.8959841090030607f,0f,0.44408611373695484f,0.22594899763305293f,0f,1f,0f,0.4375f,-0.44408611373695484f,0f,-0.8959841090030607f,0.6700351113700078f,0f,0f,0f,1f],start_interpolation:0}
execute if entity @s[tag=aj.tultaria.bone.left_wing] run data modify entity @s {} merge value {transformation:[-0.6527280118270727f,0f,0.7575923327068965f,0.16578064681737642f,0f,1f,0f,1.5f,-0.7575923327068965f,0f,-0.6527280118270727f,-0.19373905750986886f,0f,0f,0f,1f],start_interpolation:0}
execute if entity @s[tag=aj.tultaria.bone.right_wing] run data modify entity @s {} merge value {transformation:[-0.9981588367513862f,0f,0.060654238228829926f,0.05378263319199378f,0f,1f,0f,1.5f,-0.060654238228829926f,0f,-0.9981588367513862f,-0.24924982172698829f,0f,0f,0f,1f],start_interpolation:0}
execute if entity @s[tag=aj.tultaria.bone.body] run data modify entity @s {} merge value {transformation:[-0.8959841090030607f,0f,0.44408611373695484f,0.22594899763305293f,0f,1f,0f,0.4375f,-0.44408611373695484f,0f,-0.8959841090030607f,0.6700351113700078f,0f,0f,0f,1f],start_interpolation:0}
execute if entity @s[tag=aj.tultaria.bone.left_hand] run data modify entity @s {} merge value {transformation:[-0.18375126590498447f,0.8939095719731674f,0.4088534571372298f,0.25655581286524026f,-0.9514948571426416f,-0.057334829178424515f,-0.3022751299630606f,1.4301023158211374f,-0.24676508891944168f,-0.44456539957336966f,0.8610857079250304f,0.4604894500988722f,0f,0f,0f,1f],start_interpolation:0}
execute if entity @s[tag=aj.tultaria.bone.left_arm] run data modify entity @s {} merge value {transformation:[-0.18375126590498447f,0.13931870274959657f,0.9730497270656241f,0.1959965238444195f,-0.9514948571426416f,0.22329592702075896f,-0.21165175597439345f,1.4375f,-0.24676508891944168f,-0.9647430891383f,0.09153011990853405f,0.09714383737995887f,0f,0f,0f,1f],start_interpolation:0}
execute if entity @s[tag=aj.tultaria.bone.rod] run data modify entity @s {} merge value {transformation:[-0.0000030764792791492616f,0.000005269952766102101f,-0.000007922302259319453f,-0.3348806708818456f,0.000009514948571426416f,0.0000017319894767068884f,-0.000002542826406911614f,1.4893872680084292f,3.20769087611178e-8f,-0.000008320325131605704f,-0.0000055471759280101194f,0.4179030752777848f,0f,0f,0f,1f],start_interpolation:0}
execute if entity @s[tag=aj.tultaria.bone.sword] run data modify entity @s {} merge value {transformation:[-0.0000030764792791492616f,-0.000001875494312730693f,-0.000009328332987617892f,-0.38822122950864585f,0.000009514948571426416f,-5.733482917842452e-7f,-0.0000030227512996306064f,1.5049523355771184f,3.20769087611178e-8f,-0.000009805804037365982f,0.0000019609126071045114f,0.4271950934634657f,0f,0f,0f,1f],start_interpolation:0}
execute if entity @s[tag=aj.tultaria.bone.right_hand] run data modify entity @s {} merge value {transformation:[-0.3076479279149261f,-0.18754943127306928f,-0.932833298761789f,-0.5218158699544702f,0.9514948571426416f,-0.057334829178424515f,-0.3022751299630606f,1.4301023158211374f,0.0032076908761117795f,-0.980580403736598f,0.19609126071045113f,0.07469683146536692f,0f,0f,0f,1f],start_interpolation:0}
execute if entity @s[tag=aj.tultaria.bone.right_arm] run data modify entity @s {} merge value {transformation:[-0.3076479279149261f,0.6833632381866626f,-0.6620932239078509f,-0.1959965238444195f,0.9514948571426416f,0.22329592702075896f,-0.21165175597439345f,1.4375f,0.0032076908761117795f,-0.6950925216623891f,-0.7189131359547305f,-0.09714383737995887f,0f,0f,0f,1f],start_interpolation:0}
execute if entity @s[tag=aj.tultaria.bone.skirt] run data modify entity @s {} merge value {transformation:[-0.8959841090030607f,0.007893881764405399f,0.4440159490881845f,-0.026820960562131825f,0f,0.999842002155438f,-0.017775565414506922f,0.8879434029030169f,-0.44408611373695484f,-0.0159266241399426f,-0.8958425454450764f,0.05411372638889192f,0f,0f,0f,1f],start_interpolation:0}
execute if entity @s[tag=aj.tultaria.bone.left_foot] run data modify entity @s {} merge value {transformation:[-0.8959841090030607f,-0.07627696138041358f,0.4374863444458153f,0.08616681033763099f,0f,0.9851385371282994f,0.17176164491735188f,0.42414568721889284f,-0.44408611373695484f,0.15389570438217362f,-0.882668474433478f,0.10762756532016424f,0f,0f,0f,1f],start_interpolation:0}
execute if entity @s[tag=aj.tultaria.bone.left_leg] run data modify entity @s {} merge value {transformation:[-0.8959841090030607f,-0.0637572772336443f,0.4394854787290973f,0.11320868638904877f,0f,0.9896402187198705f,0.14356962593838185f,0.8750594861511339f,-0.44408611373695484f,0.12863610337630377f,-0.8867019096033173f,0.053068121846882484f,0f,0f,0f,1f],start_interpolation:0}
execute if entity @s[tag=aj.tultaria.bone.right_foot] run data modify entity @s {} merge value {transformation:[-0.8959841090030607f,-0.19299273249823323f,0.3999578498002721f,-0.19422255277615283f,0f,0.9006312907076819f,0.43458402892675996f,0.460653778093474f,-0.44408611373695484f,0.3893803839449034f,-0.806951324544999f,0.11038471904680489f,0f,0f,0f,1f],start_interpolation:0}
execute if entity @s[tag=aj.tultaria.bone.right_leg] run data modify entity @s {} merge value {transformation:[-0.8959841090030607f,0.06520236757662802f,0.43927340879729326f,-0.1107873408617164f,0f,0.9891626763576031f,-0.14682370279033152f,0.8750594861511339f,-0.44408611373695484f,-0.13155170452512538f,-0.88627403923535f,-0.057953406587356225f,0f,0f,0f,1f],start_interpolation:0}
execute if entity @s[tag=aj.tultaria.bone.lower] run data modify entity @s {} merge value {transformation:[-0.8959841090030607f,-0.019370764218658895f,0.4436634421581034f,0f,0f,0.9990482215818578f,0.043619387365336f,0.9375f,-0.44408611373695484f,0.03908227792378994f,-0.8951313306651132f,0f,0f,0f,0f,1f],start_interpolation:0}