execute if entity @s[tag=aj.tultaria.bone.head] run data modify entity @s {} merge value {transformation:[-0.9713420698132614f,0.051444642773610424f,-0.2320517876267813f,0f,0f,0.9762960071199334f,0.2164396139381029f,1.59375f,0.2376858923261732f,0.21023690259222008f,-0.9483173843062986f,0f,0f,0f,0f,1f],start_interpolation:0}
execute if entity @s[tag=aj.tultaria.bone.bust] run data modify entity @s {} merge value {transformation:[-0.9807852804032304f,0f,-0.1950903220161284f,0.5879378012096794f,0f,1f,0f,0.4375f,0.1950903220161284f,0f,-0.9807852804032304f,0.392847479193551f,0f,0f,0f,1f],start_interpolation:0}
execute if entity @s[tag=aj.tultaria.bone.left_wing] run data modify entity @s {} merge value {transformation:[-0.9238795325112867f,0f,-0.3826834323650899f,0.036912789773185906f,0f,1f,0f,1.5f,0.3826834323650899f,0f,-0.9238795325112867f,-0.1347913051764118f,0f,0f,0f,1f],start_interpolation:0}
execute if entity @s[tag=aj.tultaria.bone.right_wing] run data modify entity @s {} merge value {transformation:[-1f,0f,-1.1102230246251565e-16f,-0.0856853702772179f,0f,1f,0f,1.5f,1.1102230246251565e-16f,0f,-1f,-0.1104050149243958f,0f,0f,0f,1f],start_interpolation:0}
execute if entity @s[tag=aj.tultaria.bone.body] run data modify entity @s {} merge value {transformation:[-0.9807852804032304f,0f,-0.1950903220161284f,0.5879378012096794f,0f,1f,0f,0.4375f,0.1950903220161284f,0f,-0.9807852804032304f,0.392847479193551f,0f,0f,0f,1f],start_interpolation:0}
execute if entity @s[tag=aj.tultaria.bone.left_hand] run data modify entity @s {} merge value {transformation:[-0.42157806237893947f,-0.35165131217283874f,0.8358308991464359f,0.564737037095548f,-0.8621447413005985f,0.4411022230128251f,-0.24926948048421008f,1.4113356230649663f,-0.281030927779387f,-0.825693758908389f,-0.4891333500500578f,-0.15414078613007634f,0f,0f,0f,1f],start_interpolation:0}
execute if entity @s[tag=aj.tultaria.bone.left_arm] run data modify entity @s {} merge value {transformation:[-0.42157806237893947f,-0.906726835678962f,-0.010880385123493236f,0.21454678008820666f,-0.8621447413005985f,0.3970735027365292f,0.3147047480929825f,1.4375f,-0.281030927779387f,0.14205308474003678f,-0.9491272510824336f,-0.042676007941028084f,0f,0f,0f,1f],start_interpolation:0}
execute if entity @s[tag=aj.tultaria.bone.rod] run data modify entity @s {} merge value {transformation:[-0.0000020311974202016884f,0.00000472578220378202f,-0.000008575617738832765f,-0.12817013362660373f,0.000008934712525684426f,0.000004477455406531387f,3.5114835312255495e-7f,1.270347245437699f,0.000004005639664715717f,-0.0000075907427597660056f,-0.000005131810132060242f,0.6933610544038649f,0f,0f,0f,1f],start_interpolation:0}
execute if entity @s[tag=aj.tultaria.bone.sword] run data modify entity @s {} merge value {transformation:[-0.20311974202016883f,-0.18921416313320244f,-0.9606978561813604f,-0.17860595415237746f,0.8934712525684426f,0.36556436440354045f,-0.2609057613622468f,1.2845913172426975f,0.4005639664715716f,-0.911351027841653f,0.09480407594889781f,0.7140289655539058f,0f,0f,0f,1f],start_interpolation:0}
execute if entity @s[tag=aj.tultaria.bone.right_hand] run data modify entity @s {} merge value {transformation:[-0.20311974202016883f,-0.2722244813287322f,-0.9405510098697267f,-0.34782319035859416f,0.8934712525684426f,0.341433846211416f,-0.2917739698723266f,1.3619131915329392f,0.4005639664715716f,-0.8996203423814859f,0.17387279355316015f,0.3777375252049527f,0f,0f,0f,1f],start_interpolation:0}
execute if entity @s[tag=aj.tultaria.bone.right_arm] run data modify entity @s {} merge value {transformation:[-0.20311974202016883f,0.06588005489886534f,-0.9769350995681251f,-0.21454678008820666f,0.8934712525684426f,0.4206354407658508f,-0.1574005934089725f,1.4375f,0.4005639664715716f,-0.904834595016261f,-0.14430129738266662f,0.042676007941028084f,0f,0f,0f,1f],start_interpolation:0}
execute if entity @s[tag=aj.tultaria.bone.skirt] run data modify entity @s {} merge value {transformation:[-1f,-2.126576849575772e-17f,-1.2060416625018979e-16f,7.39635905884864e-18f,0f,0.984807753012208f,-0.17364817766693036f,0.8879434029030169f,1.2246467991473532e-16f,-0.17364817766693036f,-0.984807753012208f,0.060395855066115986f,0f,0f,0f,1f],start_interpolation:0}
execute if entity @s[tag=aj.tultaria.bone.left_foot] run data modify entity @s {} merge value {transformation:[-1f,-8.009573286591537e-18f,-1.2220247363447802e-16f,0.12500000000000003f,0f,0.9978589232386036f,-0.06540312923014302f,0.4848193177874816f,1.2246467991473532e-16f,-0.06540312923014302f,-0.9978589232386036f,0.23124784880815286f,0f,0f,0f,1f],start_interpolation:0}
execute if entity @s[tag=aj.tultaria.bone.left_leg] run data modify entity @s {} merge value {transformation:[-1f,-3.169619151431765e-17f,-1.1829179713786698e-16f,0.125f,0f,0.9659258262890684f,-0.25881904510252074f,0.8750594861511339f,1.2246467991473532e-16f,-0.25881904510252074f,-0.9659258262890684f,-0.002726211710333515f,0f,0f,0f,1f],start_interpolation:0}
execute if entity @s[tag=aj.tultaria.bone.right_foot] run data modify entity @s {} merge value {transformation:[-1f,2.6506208041798677e-17f,-1.1956177801397682e-16f,-0.12499999999999996f,0f,0.9762960071199334f,0.21643961393810307f,0.5732381796513494f,1.2246467991473532e-16f,0.21643961393810307f,-0.9762960071199334f,0.33776629766801264f,0f,0f,0f,1f],start_interpolation:0}
execute if entity @s[tag=aj.tultaria.bone.right_leg] run data modify entity @s {} merge value {transformation:[-1f,-6.580022455450643e-17f,-1.032856634543009e-16f,-0.125f,0f,0.8433914458128857f,-0.5372996083468238f,0.8750594861511339f,1.2246467991473532e-16f,-0.5372996083468238f,-0.8433914458128857f,-0.002726211710333485f,0f,0f,0f,1f],start_interpolation:0}
execute if entity @s[tag=aj.tultaria.bone.lower] run data modify entity @s {} merge value {transformation:[-1f,5.341834311772723e-18f,-1.223481206754078e-16f,0f,0f,0.9990482215818578f,0.043619387365336f,0.9375f,1.2246467991473532e-16f,0.043619387365336f,-0.9990482215818578f,0f,0f,0f,0f,1f],start_interpolation:0}