execute if entity @s[tag=aj.tultaria.bone.head] run data modify entity @s {} merge value {transformation:[-0.9996281756082516f,0.006133828017121382f,-0.02656852807316948f,0f,0f,0.9743700647852352f,0.22495105434386492f,1.59375f,0.027267389499517902f,0.22486741205491034f,-0.9740077702285586f,0f,0f,0f,0f,1f],start_interpolation:0}
execute if entity @s[tag=aj.tultaria.bone.bust] run data modify entity @s {} merge value {transformation:[-0.9936947500709764f,0f,0.11211932786714146f,0.4407877111019175f,0f,1f,0f,0.4375f,-0.11211932786714146f,0f,-0.9936947500709764f,0.5529070389690589f,0f,0f,0f,1f],start_interpolation:0}
execute if entity @s[tag=aj.tultaria.bone.left_wing] run data modify entity @s {} merge value {transformation:[-0.9924126223153288f,0f,-0.12295197057880876f,0.07612083786282875f,0f,1f,0f,1.5f,0.12295197057880876f,0f,-0.9924126223153288f,-0.11720438576717573f,0f,0f,0f,1f],start_interpolation:0}
execute if entity @s[tag=aj.tultaria.bone.right_wing] run data modify entity @s {} merge value {transformation:[-0.9400651477368801f,0f,0.34099489440523545f,-0.048091005896043315f,0f,1f,0f,1.5f,-0.34099489440523545f,0f,-0.9400651477368801f,-0.1312193017505684f,0f,0f,0f,1f],start_interpolation:0}
execute if entity @s[tag=aj.tultaria.bone.body] run data modify entity @s {} merge value {transformation:[-0.9936947500709764f,0f,0.11211932786714146f,0.4407877111019175f,0f,1f,0f,0.4375f,-0.11211932786714146f,0f,-0.9936947500709764f,0.5529070389690589f,0f,0f,0f,1f],start_interpolation:0}
execute if entity @s[tag=aj.tultaria.bone.left_hand] run data modify entity @s {} merge value {transformation:[-0.27869693768367665f,-0.12504395394276951f,0.9522037736262648f,0.5833311012994938f,-0.8909163471303675f,0.40388121247594433f,-0.20772103558581534f,1.413956136597326f,-0.35860295500960826f,-0.9062251242331123f,-0.2239641597824463f,0.060034948767429284f,0f,0f,0f,1f],start_interpolation:0}
execute if entity @s[tag=aj.tultaria.bone.left_arm] run data modify entity @s {} merge value {transformation:[-0.27869693768367665f,-0.890565655242031f,0.3594729901245326f,0.21737072657802609f,-0.8909163471303675f,0.3795088679457813f,0.24948162570897664f,1.4375f,-0.35860295500960826f,-0.25073059816034227f,-0.8991874597682809f,0.024526102970937193f,0f,0f,0f,1f],start_interpolation:0}
execute if entity @s[tag=aj.tultaria.bone.rod] run data modify entity @s {} merge value {transformation:[-0.0000019148999252730484f,0.000007498198429697642f,-0.000006333259712428432f,-0.39419976794768813f,0.000009261146609107985f,0.0000035172002455426456f,0.000001363988972595607f,1.2854323391337952f,0.000003250280258807991f,-0.00000560413443286602f,-0.00000761770014489731f,0.5930240231272015f,0f,0f,0f,1f],start_interpolation:0}
execute if entity @s[tag=aj.tultaria.bone.sword] run data modify entity @s {} merge value {transformation:[-0.2409184501614911f,0.06876951927738094f,-0.9681059103167085f,-0.4460290701172691f,0.6886654251878177f,0.7149812118417226f,-0.12058938122498093f,1.3072364677915005f,0.6838846631725755f,-0.695753275185751f,-0.21961135568461193f,0.5965070584546855f,0f,0f,0f,1f],start_interpolation:0}
execute if entity @s[tag=aj.tultaria.bone.right_hand] run data modify entity @s {} merge value {transformation:[-0.1914899925273048f,0.0823736066647816f,-0.9780317845995232f,-0.48556363852333545f,0.9261146609107984f,0.345152199640022f,-0.15225502924281686f,1.3958325353434513f,0.32502802588079904f,-0.9349248889663222f,-0.1423805969342043f,0.2246296151480551f,0f,0f,0f,1f],start_interpolation:0}
execute if entity @s[tag=aj.tultaria.bone.right_arm] run data modify entity @s {} merge value {transformation:[-0.1914899925273048f,0.4971762227847436f,-0.8462549180119353f,-0.21737072657802609f,0.9261146609107984f,0.3770525572082448f,0.011958425849579235f,1.4375f,0.32502802588079904f,-0.7814391675621449f,-0.5326439803394124f,-0.024526102970937193f,0f,0f,0f,1f],start_interpolation:0}
execute if entity @s[tag=aj.tultaria.bone.skirt] run data modify entity @s {} merge value {transformation:[-0.9368096431385762f,0.0792915854979777f,0.3407352887386197f,-0.021128857185315757f,0f,0.9739759672790517f,-0.22665130743685508f,0.8879434029030169f,-0.3498395239571618f,-0.2123291304368119f,-0.9124300783322379f,0.056579419431537284f,0f,0f,0f,1f],start_interpolation:0}
execute if entity @s[tag=aj.tultaria.bone.left_foot] run data modify entity @s {} merge value {transformation:[-0.9368096431385762f,0.06603314184771901f,0.3435510394399828f,0.02610503636006635f,0f,0.9820246596323717f,-0.18875266322339507f,0.5036442715111183f,-0.3498395239571618f,-0.17682531507576463f,-0.9199701709434839f,0.2874019180740667f,0f,0f,0f,1f],start_interpolation:0}
execute if entity @s[tag=aj.tultaria.bone.left_leg] run data modify entity @s {} merge value {transformation:[-0.9368096431385762f,0.11585747795146144f,0.3300980722835264f,0.11805494199927154f,0f,0.9435699790282908f,-0.3311732094788933f,0.8750594861511339f,-0.3498395239571618f,-0.31024625618897894f,-0.8839454553297669f,0.04117599907516749f,0f,0f,0f,1f],start_interpolation:0}
execute if entity @s[tag=aj.tultaria.bone.right_foot] run data modify entity @s {} merge value {transformation:[-0.9368096431385762f,-0.057137876880454574f,0.34514193536597026f,-0.2408010266415152f,0f,0.9865721616069695f,0.16332596224162244f,0.5920932744627204f,-0.3498395239571618f,0.15300533640283887f,-0.9242303146454787f,0.2875167525318189f,0f,0f,0f,1f],start_interpolation:0}
execute if entity @s[tag=aj.tultaria.bone.right_leg] run data modify entity @s {} merge value {transformation:[-0.9368096431385762f,0.20364962276435522f,0.28445478317389816f,-0.1161474687853725f,0f,0.8131007610470278f,-0.5821229701572894f,0.8750594861511339f,-0.3498395239571618f,-0.5453384119358183f,-0.7617206337921707f,-0.04628388191412296f,0f,0f,0f,1f],start_interpolation:0}
execute if entity @s[tag=aj.tultaria.bone.lower] run data modify entity @s {} merge value {transformation:[-0.9368096431385762f,-0.015259785711192183f,0.34950655424844623f,0f,0f,0.9990482215818578f,0.043619387365336f,0.9375f,-0.3498395239571618f,0.040863062711643736f,-0.9359180079383294f,0f,0f,0f,0f,1f],start_interpolation:0}