execute if entity @s[tag=aj.tultaria.bone.head] run data modify entity @s {} merge value {transformation:[0.5111430835754407f,-0.1639994988145883f,0.8437042802437084f,0f,-3.469446951953614e-18f,0.981627183447664f,0.1908089953765448f,1.59375f,-0.8594956358894384f,-0.09753069827069913f,0.5017519454689138f,0f,0f,0f,0f,1f],start_interpolation:0}
execute if entity @s[tag=aj.tultaria.bone.bust] run data modify entity @s {} merge value {transformation:[0.28802913601476987f,0f,0.9576216459576221f,-0.622825390986196f,0f,1f,0f,0.4375f,-0.9576216459576221f,0f,0.28802913601476987f,0.3347962549714261f,0f,0f,0f,1f],start_interpolation:0}
execute if entity @s[tag=aj.tultaria.bone.left_wing] run data modify entity @s {} merge value {transformation:[0.21200710992205535f,0f,0.9772681235681934f,0.10170088474377958f,0f,1f,0f,1.5f,-0.9772681235681934f,0f,0.21200710992205535f,0.09585499487419763f,0f,0f,0f,1f],start_interpolation:0}
execute if entity @s[tag=aj.tultaria.bone.right_wing] run data modify entity @s {} merge value {transformation:[0.36227536670454635f,0f,0.9320711124582107f,0.13770452674562583f,0f,1f,0f,1.5f,-0.9320711124582107f,0f,0.36227536670454635f,-0.02384771087050519f,0f,0f,0f,1f],start_interpolation:0}
execute if entity @s[tag=aj.tultaria.bone.body] run data modify entity @s {} merge value {transformation:[0.28802913601476987f,0f,0.9576216459576221f,-0.622825390986196f,0f,1f,0f,0.4375f,-0.9576216459576221f,0f,0.28802913601476987f,0.3347962549714261f,0f,0f,0f,1f],start_interpolation:0}
execute if entity @s[tag=aj.tultaria.bone.left_hand] run data modify entity @s {} merge value {transformation:[0.5207499261149748f,0.7176079859307493f,0.4624481516663915f,-0.036020883115599776f,-0.5430838425584915f,0.6964134988149944f,-0.46911424900567816f,1.25159003614602f,-0.6586952667228996f,-0.006856908681867113f,0.7523785805033106f,0.5264205120894939f,0f,0f,0f,1f],start_interpolation:0}
execute if entity @s[tag=aj.tultaria.bone.left_arm] run data modify entity @s {} merge value {transformation:[0.5207499261149748f,0.012279761053711036f,0.8536209474466474f,-0.0630063735032309f,-0.5430838425584915f,0.7762538136790607f,0.3201405264889433f,1.4375f,-0.6586952667228996f,-0.6303008997432717f,0.41090305593858784f,0.20947973505322984f,0f,0f,0f,1f],start_interpolation:0}
execute if entity @s[tag=aj.tultaria.bone.rod] run data modify entity @s {} merge value {transformation:[-6.275814434584834e-7f,-1.4047315187344797e-7f,0.000009979299014731914f,-0.2660479340328603f,0.0000055290856499050395f,0.000008319444166044838f,4.648232396047793e-7f,1.0310166286625813f,-0.000008308751615485974f,0.000005546811341812993f,-4.444440690278255e-7f,-0.5679539241884173f,0f,0f,0f,1f],start_interpolation:0}
execute if entity @s[tag=aj.tultaria.bone.sword] run data modify entity @s {} merge value {transformation:[-0.03592743322422876f,0.6727754935103016f,0.7389738526320732f,-0.23446650327927965f,0.5801586905691941f,0.6161292948667138f,-0.5327293738513809f,1.0222603851275869f,-0.8137107061474349f,0.40958250370226545f,-0.4124524934607948f,-0.6137771667156834f,0f,0f,0f,1f],start_interpolation:0}
execute if entity @s[tag=aj.tultaria.bone.right_hand] run data modify entity @s {} merge value {transformation:[-0.06275814434584834f,0.6957100486540806f,0.7155759523069531f,0.08429032825078904f,0.5529085649905039f,0.6211415050290805f,-0.5554055720735528f,1.1945189965392924f,-0.8308751615485973f,0.3607918498690702f,-0.42364573288261376f,-0.4856126970978426f,0f,0f,0f,1f],start_interpolation:0}
execute if entity @s[tag=aj.tultaria.bone.right_arm] run data modify entity @s {} merge value {transformation:[-0.06275814434584834f,0.18826994272077874f,0.9801101182959906f,0.0630063735032309f,0.5529085649905039f,0.8241279263025179f,-0.12290353879548574f,1.4375f,-0.8308751615485973f,0.5341980810113665f,-0.15581680321892816f,-0.20947973505322984f,0f,0f,0f,1f],start_interpolation:0}
execute if entity @s[tag=aj.tultaria.bone.skirt] run data modify entity @s {} merge value {transformation:[0.3446429231745177f,0.021297368164657292f,0.9384922363104463f,-0.05669563401251933f,0f,0.9997426093226983f,-0.022687333572781368f,0.8879434029030169f,-0.938733857653874f,0.007819028961558743f,0.3445542152990946f,-0.020815004037610718f,0f,0f,0f,1f],start_interpolation:0}
execute if entity @s[tag=aj.tultaria.bone.left_foot] run data modify entity @s {} merge value {transformation:[0.3446429231745177f,-0.2628422603587283f,0.9011854424452485f,-0.1779264081422103f,0f,0.9600010003874068f,0.27999657007752504f,0.44423908983364196f,-0.938733857653874f,-0.09649883639035692f,0.3308575510239771f,0.06783490556852353f,0f,0f,0f,1f],start_interpolation:0}
execute if entity @s[tag=aj.tultaria.bone.left_leg] run data modify entity @s {} merge value {transformation:[0.3446429231745177f,0.04618421877281412f,0.9375970741432956f,-0.04052117816119218f,0f,0.9987890247045959f,-0.049198415926149514f,0.8750594861511339f,-0.938733857653874f,0.016955885880343913f,0.34422556910881746f,0.11828130177977618f,0f,0f,0f,1f],start_interpolation:0}
execute if entity @s[tag=aj.tultaria.bone.right_foot] run data modify entity @s {} merge value {transformation:[0.3446429231745177f,-0.33946922769558635f,0.8752039184975613f,-0.22745786403490215f,0f,0.9323238012155122f,0.3616245700820925f,0.5252077935108843f,-0.938733857653874f,-0.1246313489248206f,0.32131880019609205f,-0.21666603532160494f,0f,0f,0f,1f],start_interpolation:0}
execute if entity @s[tag=aj.tultaria.bone.right_leg] run data modify entity @s {} merge value {transformation:[0.3446429231745177f,0.37882163278295483f,0.8589036185983733f,0.04563955263243725f,0f,0.9149596678498249f,-0.40354529635239f,0.8750594861511339f,-0.938733857653874f,0.13907903056821472f,0.31533437451454943f,-0.11640216263369231f,0f,0f,0f,1f],start_interpolation:0}
execute if entity @s[tag=aj.tultaria.bone.lower] run data modify entity @s {} merge value {transformation:[0.3446429231745177f,-0.04094699576996051f,0.9378403910277796f,0f,0f,0.9990482215818578f,0.043619387365336f,0.9375f,-0.938733857653874f,-0.015033113168671024f,0.34431489947827476f,0f,0f,0f,0f,1f],start_interpolation:0}