execute if entity @s[tag=aj.tultaria.bone.head] run data modify entity @s {} merge value {transformation:[-0.9950121388242018f,-0.023287089023781675f,0.09699770655683287f,0f,-3.469446951953614e-18f,0.9723699203976766f,0.2334453638559054f,1.59375f,-0.09975391517372637f,0.23228097078885845f,-0.9675198742232111f,0f,0f,0f,0f,1f],start_interpolation:0}
execute if entity @s[tag=aj.tultaria.bone.bust] run data modify entity @s {} merge value {transformation:[-0.9442327851994294f,0f,0.32927867734569133f,0.3074770539268691f,0f,1f,0f,0.4375f,-0.32927867734569133f,0f,-0.9442327851994294f,0.6367557312725604f,0f,0f,0f,1f],start_interpolation:0}
execute if entity @s[tag=aj.tultaria.bone.left_wing] run data modify entity @s {} merge value {transformation:[-0.9981613408560939f,0f,0.06061301527200652f,0.10017438374317578f,0f,1f,0f,1.5f,-0.06061301527200652f,0f,-0.9981613408560939f,-0.09744918081582299f,0f,0f,0f,1f],start_interpolation:0}
execute if entity @s[tag=aj.tultaria.bone.right_wing] run data modify entity @s {} merge value {transformation:[-0.8194022362367117f,0f,0.5732189592557766f,-0.017854714406752847f,0f,1f,0f,1.5f,-0.5732189592557766f,0f,-0.8194022362367117f,-0.13860901548403437f,0f,0f,0f,1f],start_interpolation:0}
execute if entity @s[tag=aj.tultaria.bone.body] run data modify entity @s {} merge value {transformation:[-0.9442327851994294f,0f,0.32927867734569133f,0.3074770539268691f,0f,1f,0f,0.4375f,-0.32927867734569133f,0f,-0.9442327851994294f,0.6367557312725604f,0f,0f,0f,1f],start_interpolation:0}
execute if entity @s[tag=aj.tultaria.bone.left_hand] run data modify entity @s {} merge value {transformation:[-0.21877364471153976f,-0.005225508612342777f,0.9757616442755734f,0.5377156382648228f,-0.9071349340393773f,0.3695145223826938f,-0.20140811600743505f,1.3988492741675753f,-0.359505638099048f,-0.9292102624315078f,-0.08558028024588538f,0.2288041965925588f,0f,0f,0f,1f],start_interpolation:0}
execute if entity @s[tag=aj.tultaria.bone.left_arm] run data modify entity @s {} merge value {transformation:[-0.21877364471153976f,-0.7258755101580432f,0.6521064607350774f,0.2065509217623752f,-0.9071349340393773f,0.39751710916960115f,0.13815339070329802f,1.4375f,-0.359505638099048f,-0.5613242304321484f,-0.7454332998362445f,0.07202971066936997f,0f,0f,0f,1f],start_interpolation:0}
execute if entity @s[tag=aj.tultaria.bone.rod] run data modify entity @s {} merge value {transformation:[-0.0000015168156560780834f,0.000009355876133009596f,-0.000003188550148462127f,-0.6172571195408081f,0.000009450696034399177f,0.0000023177136484135526f,0.0000023048965072968536f,1.3305913759209698f,0.000002895447241941753f,-0.000002663791513564638f,-0.00000919350858167832f,0.3855491046502383f,0f,0f,0f,1f],start_interpolation:0}
execute if entity @s[tag=aj.tultaria.bone.sword] run data modify entity @s {} merge value {transformation:[-0.4895189237349164f,0.21274893440122822f,-0.8456412443918231f,-0.6635764601366305f,0.35797604898086777f,0.9333231951949208f,0.02758553365789725f,1.3600823178062842f,0.795125381094992f,-0.28921567077578214f,-0.5330383889704924f,0.37295421844649673f,0f,0f,0f,1f],start_interpolation:0}
execute if entity @s[tag=aj.tultaria.bone.right_hand] run data modify entity @s {} merge value {transformation:[-0.15168156560780832f,0.4360958025461515f,-0.8870248889723401f,-0.5645993047075437f,0.9450696034399176f,0.326867898788463f,-0.0009063087399043268f,1.4530535493741554f,0.28954472419417526f,-0.8384377303910191f,-0.4617207218092726f,0.013419865527447158f,0f,0f,0f,1f],start_interpolation:0}
execute if entity @s[tag=aj.tultaria.bone.right_arm] run data modify entity @s {} merge value {transformation:[-0.15168156560780832f,0.8746716433437138f,-0.46037182688037204f,-0.2065509217623752f,0.9450696034399176f,0.2647738264127073f,0.19167228673099934f,1.4375f,0.28954472419417526f,-0.40601026732975687f,-0.8667868916372341f,-0.07202971066936997f,0f,0f,0f,1f],start_interpolation:0}
execute if entity @s[tag=aj.tultaria.bone.skirt] run data modify entity @s {} merge value {transformation:[-0.8098369085340399f,0.16219611402316728f,0.5637877279365106f,-0.03543153511785431f,0f,0.9610207909775255f,-0.27647610983398074f,0.8879434029030169f,-0.5866550788802812f,-0.22390055807146858f,-0.778270106402177f,0.04891079255501331f,0f,0f,0f,1f],start_interpolation:0}
execute if entity @s[tag=aj.tultaria.bone.left_foot] run data modify entity @s {} merge value {transformation:[-0.8098369085340399f,0.1780211034597892f,0.5589925476238374f,-0.06665640283634683f,0f,0.9528470267243881f,-0.3034510564530849f,0.5235380207243976f,-0.5866550788802812f,-0.24574586544935476f,-0.7716506904283301f,0.30508696106168265f,0f,0f,0f,1f],start_interpolation:0}
execute if entity @s[tag=aj.tultaria.bone.left_leg] run data modify entity @s {} merge value {transformation:[-0.8098369085340399f,0.2336464393622445f,0.5381203610247192f,0.10282895951272503f,0f,0.9172687331912341f,-0.39826884275542895f,0.8750594861511339f,-0.5866550788802812f,-0.3225328083824863f,-0.7428380751825241f,0.07112409799652937f,0f,0f,0f,1f],start_interpolation:0}
execute if entity @s[tag=aj.tultaria.bone.right_foot] run data modify entity @s {} merge value {transformation:[-0.8098369085340399f,-0.06590255285318808f,0.582941708152249f,-0.3169313678544319f,0f,0.9936702657801586f,0.11233611576153568f,0.6108058874619342f,-0.5866550788802812f,0.09097393270504406f,-0.8047108561416013f,0.2244295223898779f,0f,0f,0f,1f],start_interpolation:0}
execute if entity @s[tag=aj.tultaria.bone.right_leg] run data modify entity @s {} merge value {transformation:[-0.8098369085340399f,0.3656018928509304f,0.4588021768909187f,-0.09963026762078495f,0f,0.7820646124237279f,-0.6231973539694503f,0.8750594861511339f,-0.5866550788802812f,-0.5046882185452134f,-0.6333447879991039f,-0.07553967172354094f,0f,0f,0f,1f],start_interpolation:0}
execute if entity @s[tag=aj.tultaria.bone.lower] run data modify entity @s {} merge value {transformation:[-0.8098369085340399f,-0.025589535135520734f,0.5860967132373095f,0f,0f,0.9990482215818578f,0.043619387365336f,0.9375f,-0.5866550788802812f,0.03532458981609247f,-0.8090661232422822f,0f,0f,0f,0f,1f],start_interpolation:0}