execute if entity @s[tag=aj.tultaria.bone.head] run data modify entity @s {} merge value {transformation:[0.8734749746491184f,0.0970660761778088f,-0.4770950068038501f,0f,-1.734723475976807e-18f,0.9799247046208296f,0.1993679344171972f,1.59375f,0.4868690467278875f,-0.17414290146090844f,0.8559397065267239f,0f,0f,0f,0f,1f],start_interpolation:0}
execute if entity @s[tag=aj.tultaria.bone.bust] run data modify entity @s {} merge value {transformation:[0.9358444332717102f,0f,-0.35241338895443736f,-0.2917155221586364f,0f,1f,0f,0.4375f,0.35241338895443736f,0f,0.9358444332717102f,-0.6441289111130738f,0f,0f,0f,1f],start_interpolation:0}
execute if entity @s[tag=aj.tultaria.bone.left_wing] run data modify entity @s {} merge value {transformation:[0.970779339865996f,0f,-0.23997390126707757f,-0.10254195069878655f,0f,1f,0f,1.5f,0.23997390126707757f,0f,0.970779339865996f,0.09495471734931138f,0f,0f,0f,1f],start_interpolation:0}
execute if entity @s[tag=aj.tultaria.bone.right_wing] run data modify entity @s {} merge value {transformation:[0.8879358347319936f,0f,-0.4599673394914012f,0.014438603460177224f,0f,1f,0f,1.5f,0.4599673394914012f,0f,0.8879358347319936f,0.1390063909686161f,0f,0f,0f,1f],start_interpolation:0}
execute if entity @s[tag=aj.tultaria.bone.body] run data modify entity @s {} merge value {transformation:[0.9358444332717102f,0f,-0.35241338895443736f,-0.2917155221586364f,0f,1f,0f,0.4375f,0.35241338895443736f,0f,0.9358444332717102f,-0.6441289111130738f,0f,0f,0f,1f],start_interpolation:0}
execute if entity @s[tag=aj.tultaria.bone.left_hand] run data modify entity @s {} merge value {transformation:[0.4707079628269405f,-0.07183043618488716f,-0.8793602232127631f,-0.5510652384587545f,-0.697624425968139f,0.5798725878392942f,-0.4207944179349159f,1.3153707142232212f,0.540142734861755f,0.8115344541731107f,0.22283997771049732f,-0.10656599736247625f,0f,0f,0f,1f],start_interpolation:0}
execute if entity @s[tag=aj.tultaria.bone.left_arm] run data modify entity @s {} merge value {transformation:[0.4707079628269405f,0.7544206768781972f,-0.45747508787906094f,-0.2047159697781866f,-0.697624425968139f,0.635682043565726f,0.330497352153882f,1.4375f,0.540142734861755f,0.16357806022430205f,0.8255228913781364f,-0.07709042883378317f,0f,0f,0f,1f],start_interpolation:0}
execute if entity @s[tag=aj.tultaria.bone.rod] run data modify entity @s {} merge value {transformation:[0.0000069417246150602156f,-0.000006997543039784226f,0.0000016872613238720496f,0.5786814756148213f,0.000007146483514328527f,0.00000698012049653189f,-4.535319540296996e-7f,1.1500335413287002f,-8.60367798152458e-7f,0.0000015206279164420042f,0.000009846190024148404f,-0.3830717850675328f,0f,0f,0f,1f],start_interpolation:0}
execute if entity @s[tag=aj.tultaria.bone.sword] run data modify entity @s {} merge value {transformation:[0.6663197842897659f,-0.4525565055310301f,0.5926302003489045f,0.6291606965626025f,0.7446798088959626f,0.4447292584090487f,-0.49766240458528727f,1.147726992669839f,-0.03833963075868715f,0.772922050414193f,0.6333415955839371f,-0.35816483401387345f,0f,0f,0f,1f],start_interpolation:0}
execute if entity @s[tag=aj.tultaria.bone.right_hand] run data modify entity @s {} merge value {transformation:[0.6941724615060215f,-0.37549362113324347f,0.6141084058819871f,0.5146349184251033f,0.7146483514328527f,0.4614995016417724f,-0.5256386056776097f,1.2573910287346637f,-0.0860367798152458f,0.8037554046304385f,0.588706142354896f,-0.008075240536756373f,0f,0f,0f,1f],start_interpolation:0}
execute if entity @s[tag=aj.tultaria.bone.right_arm] run data modify entity @s {} merge value {transformation:[0.6941724615060215f,-0.6065635891284891f,0.3875631639232974f,0.2047159697781866f,0.7146483514328527f,0.6451234693763652f,-0.27035799054976717f,1.4375f,-0.0860367798152458f,0.4646464479616384f,0.8813066157221648f,0.07709042883378317f,0f,0f,0f,1f],start_interpolation:0}
execute if entity @s[tag=aj.tultaria.bone.skirt] run data modify entity @s {} merge value {transformation:[0.895401128071234f,-0.03067216683762865f,-0.44420269926042333f,0.026891882316551152f,0f,0.997624544414959f,-0.06888590843449469f,0.8879434029030169f,0.4452603955538393f,0.061680520120458264f,0.893274142460705f,-0.054078516757027004f,0f,0f,0f,1f],start_interpolation:0}
execute if entity @s[tag=aj.tultaria.bone.left_foot] run data modify entity @s {} merge value {transformation:[0.895401128071234f,0.07858111143018517f,-0.4382714099449772f,-0.035689060764438035f,0f,0.9843035992451814f,0.17648349643233302f,0.45461321974724117f,0.4452603955538393f,-0.15802352179146656f,0.8813465531287112f,-0.2089653058318518f,0f,0f,0f,1f],start_interpolation:0}
execute if entity @s[tag=aj.tultaria.bone.left_leg] run data modify entity @s {} merge value {transformation:[0.895401128071234f,-0.05063653997480613f,-0.442371744879961f,-0.11313901511341085f,0f,0.9935124464184936f,-0.11372343123358555f,0.8750594861511339f,0.4452603955538393f,0.1018280886146839f,0.8895921652759305f,-0.053216496403436286f,0f,0f,0f,1f],start_interpolation:0}
execute if entity @s[tag=aj.tultaria.bone.right_foot] run data modify entity @s {} merge value {transformation:[0.895401128071234f,0.14165162645976f,-0.42212751221647f,0.24731057375090124f,0f,0.9480463935971775f,0.3181321039872993f,0.5390325810671875f,0.4452603955538393f,-0.2848558447859029f,0.8488818102907777f,-0.2165972264399152f,0f,0f,0f,1f],start_interpolation:0}
execute if entity @s[tag=aj.tultaria.bone.right_leg] run data modify entity @s {} merge value {transformation:[0.895401128071234f,-0.19832640077787303f,-0.3986520520494732f,0.11071126690439764f,0f,0.895323401834578f,-0.4454166657494517f,0.8750594861511339f,0.4452603955538393f,0.39882658497378676f,0.8016735839912559f,0.058098602485023534f,0f,0f,0f,1f],start_interpolation:0}
execute if entity @s[tag=aj.tultaria.bone.lower] run data modify entity @s {} merge value {transformation:[0.895401128071234f,0.019421985672105648f,-0.44483660631889765f,0f,0f,0.9990482215818578f,0.043619387365336f,0.9375f,0.4452603955538393f,-0.039056848652697984f,0.8945489046019556f,0f,0f,0f,0f,1f],start_interpolation:0}