execute if entity @s[tag=aj.blazing_inferno.bone.helm] run data modify entity @s {} merge value {transformation:[-1.22018591729597f,0.011489356244954634f,-0.14786823989658163f,0.5453967197738785f,0.004324011084575895f,1.2277078240590658f,0.05971177536079961f,-0.02463906518738601f,0.14825088399458858f,0.0587553221561643f,-1.2187781512472204f,0.37870510256206447f,0f,0f,0f,1f],start_interpolation:0}
execute if entity @s[tag=aj.blazing_inferno.bone.head] run data modify entity @s {} merge value {transformation:[-0.9926936276306197f,0.009347272877251228f,-0.1202995850006088f,0f,0.003517839526434627f,0.9988131449972062f,0.04857907147997257f,1.1875f,0.1206108886735636f,0.04780094005925232f,-0.9915483264384167f,0f,0f,0f,0f,1f],start_interpolation:0}
execute if entity @s[tag=aj.blazing_inferno.bone.body] run data modify entity @s {} merge value {transformation:[-0.9573194975320672f,0f,-0.28903179694447145f,0f,0f,1f,0f,0.4375f,0.28903179694447145f,0f,-0.9573194975320672f,0f,0f,0f,0f,1f],start_interpolation:0}
execute if entity @s[tag=aj.blazing_inferno.bone.left_hand] run data modify entity @s {} merge value {transformation:[-0.9573194975320672f,0f,-0.28903179694447145f,0.38891104587240233f,0f,1f,0f,0.75f,0.28903179694447145f,0f,-0.9573194975320672f,-0.11741916750869152f,0f,0f,0f,1f],start_interpolation:0}
execute if entity @s[tag=aj.blazing_inferno.bone.left_arm] run data modify entity @s {} merge value {transformation:[-0.9573194975320672f,0f,-0.28903179694447145f,0.26924610868089394f,0f,1f,0f,1.0625f,0.28903179694447145f,0f,-0.9573194975320672f,-0.08129019289063259f,0f,0f,0f,1f],start_interpolation:0}
execute if entity @s[tag=aj.blazing_inferno.bone.right_hand] run data modify entity @s {} merge value {transformation:[-0.5490959058438174f,0.06015397808668227f,-0.8335917376665298f,-0.5015806900708416f,0.8191520442889916f,0.2365822422044136f,-0.5225119816910402f,0.9960490194752242f,0.16578182808354916f,-0.9697475659128405f,-0.179181594711615f,0.39410788656804213f,0f,0f,0f,1f],start_interpolation:0}
execute if entity @s[tag=aj.blazing_inferno.bone.right_arm] run data modify entity @s {} merge value {transformation:[-0.5490959058438174f,0.4365269150919213f,-0.7126976487865581f,-0.26924610868089394f,0.8191520442889916f,0.4502532961623994f,-0.35533350198378477f,1.0625f,0.16578182808354916f,-0.778919907111909f,-0.6048141564001718f,0.08129019289063259f,0f,0f,0f,1f],start_interpolation:0}