execute if entity @s[tag=aj.blazing_inferno.bone.helm] run data modify entity @s {} merge value {transformation:[-1.0644895588183725f,0.05356446689699823f,-0.6122446582022184f,0.6303126541587337f,4.26452854510965e-18f,1.224489316404437f,0.1071289337939965f,-0.03905907535777686f,0.6145833333333331f,0.09277637814594222f,-1.060438854668884f,0.0917335416565172f,0f,0f,0f,1f],start_interpolation:0}
execute if entity @s[tag=aj.blazing_inferno.bone.head] run data modify entity @s {} merge value {transformation:[-0.8660254037844388f,0.043577871373829076f,-0.49809734904587266f,0f,3.469446951953614e-18f,0.9961946980917455f,0.08715574274765818f,1.1875f,0.4999999999999999f,0.07547908730517335f,-0.862729915662821f,0f,0f,0f,0f,1f],start_interpolation:0}
execute if entity @s[tag=aj.blazing_inferno.bone.body] run data modify entity @s {} merge value {transformation:[-0.7071067811865476f,0f,-0.7071067811865475f,0f,0f,1f,0f,0.4375f,0.7071067811865475f,0f,-0.7071067811865476f,0f,0f,0f,0f,1f],start_interpolation:0}
execute if entity @s[tag=aj.blazing_inferno.bone.left_hand] run data modify entity @s {} merge value {transformation:[-0.7071067811865476f,0f,-0.7071067811865475f,0.287262129857035f,0f,1f,0f,0.75f,0.7071067811865475f,0f,-0.7071067811865476f,-0.2872621298570349f,0f,0f,0f,1f],start_interpolation:0}
execute if entity @s[tag=aj.blazing_inferno.bone.left_arm] run data modify entity @s {} merge value {transformation:[-0.7071067811865476f,0f,-0.7071067811865475f,0.19887378220871652f,0f,1f,0f,1.0625f,0.7071067811865475f,0f,-0.7071067811865476f,-0.1988737822087165f,0f,0f,0f,1f],start_interpolation:0}
execute if entity @s[tag=aj.blazing_inferno.bone.right_hand] run data modify entity @s {} merge value {transformation:[-0.40557978767263897f,-0.8485569316192962f,-0.3397884189201597f,-0.1146636311488888f,0.8191520442889917f,-0.17247776086975322f,-0.5470295698977544f,1.0655759590101033f,0.405579787672639f,-0.5002025147939593f,0.7650506388633473f,0.5850721624935763f,0f,0f,0f,1f],start_interpolation:0}
execute if entity @s[tag=aj.blazing_inferno.bone.right_arm] run data modify entity @s {} merge value {transformation:[-0.40557978767263897f,-0.35975366538375353f,-0.8402870557579543f,-0.19887378220871652f,0.8191520442889917f,0.2648481240693884f,-0.5087685126991368f,1.0625f,0.405579787672639f,-0.8946690848687464f,0.18727590451400028f,0.1988737822087165f,0f,0f,0f,1f],start_interpolation:0}