execute if entity @s[tag=aj.blazing_inferno.bone.helm] run data modify entity @s {} merge value {transformation:[-1.1475723220742426f,-0.00425842641284458f,0.44035250181878327f,0.2917967117231045f,0.0009037048507830639f,1.2290838350725877f,0.014240931333545571f,-0.006080506229854121f,-0.44037216461887985f,0.01361934698105884f,-1.1474918581241158f,0.6327531147103652f,0f,0f,0f,1f],start_interpolation:0}
execute if entity @s[tag=aj.blazing_inferno.bone.head] run data modify entity @s {} merge value {transformation:[-0.9336181603315873f,-0.0034644825053650823f,0.35825288283562035f,0f,0.0007352175057218147f,0.9999326115844782f,0.011585842440850636f,1.1875f,-0.3582688796899362f,0.01108014669645465f,-0.933552698134874f,0f,0f,0f,0f,1f],start_interpolation:0}
execute if entity @s[tag=aj.blazing_inferno.bone.body] run data modify entity @s {} merge value {transformation:[-0.9477684100095857f,0f,0.3189593092980701f,0f,0f,1f,0f,0.4375f,-0.3189593092980701f,0f,-0.9477684100095857f,0f,0f,0f,0f,1f],start_interpolation:0}
execute if entity @s[tag=aj.blazing_inferno.bone.left_hand] run data modify entity @s {} merge value {transformation:[-0.9477684100095857f,0f,0.3189593092980701f,0.3850309165663942f,0f,1f,0f,0.75f,-0.3189593092980701f,0f,-0.9477684100095857f,0.129577219402341f,0f,0f,0f,1f],start_interpolation:0}
execute if entity @s[tag=aj.blazing_inferno.bone.left_arm] run data modify entity @s {} merge value {transformation:[-0.9477684100095857f,0f,0.3189593092980701f,0.266559865315196f,0f,1f,0f,1.0625f,-0.3189593092980701f,0f,-0.9477684100095857f,0.08970730574008222f,0f,0f,0f,1f],start_interpolation:0}
execute if entity @s[tag=aj.blazing_inferno.bone.right_hand] run data modify entity @s {} merge value {transformation:[-0.5436176270993954f,0.834240687737967f,0.09231657721832155f,-0.6412015633394248f,0.8191520442889916f,0.5513018373734999f,-0.15829154255919303f,0.9526543796296115f,-0.1829475439681782f,-0.01042875980578084f,-0.983067361438129f,-0.15157440351399643f,0f,0f,0f,1f],start_interpolation:0}
execute if entity @s[tag=aj.blazing_inferno.bone.right_arm] run data modify entity @s {} merge value {transformation:[-0.5436176270993954f,0.8178386523648116f,0.18873212287507252f,-0.266559865315196f,0.8191520442889916f,0.5659723357506999f,-0.09308728969125066f,1.0625f,-0.1829475439681782f,0.10399641274104512f,-0.9776067421478873f,-0.08970730574008222f,0f,0f,0f,1f],start_interpolation:0}