execute if entity @s[tag=aj.blazing_inferno.bone.helm] run data modify entity @s {} merge value {transformation:[-1.217843866171238f,-0.0018604239202820163f,0.16644383706335536f,0.4294855061363604f,0.0028771342987928624f,1.228670997521563f,0.034785002401007147f,-0.014841324398716882f,-0.166429366915105f,0.034854169286445566f,-1.2173484082858257f,0.5292199822965244f,0f,0f,0f,1f],start_interpolation:0}
execute if entity @s[tag=aj.blazing_inferno.bone.head] run data modify entity @s {} merge value {transformation:[-0.9907882301054141f,-0.0015135652232802846f,0.13541193523798403f,0f,0.002340719429526397f,0.9995967437463564f,0.0282996629703109f,1.1875f,-0.13540016291398374f,0.02835593433473538f,-0.9903851457240617f,0f,0f,0f,0f,1f],start_interpolation:0}
execute if entity @s[tag=aj.blazing_inferno.bone.body] run data modify entity @s {} merge value {transformation:[-0.9995065603657316f,0f,0.03141075907812837f,0f,0f,1f,0f,0.4375f,-0.03141075907812837f,0f,-0.9995065603657316f,0f,0f,0f,0f,1f],start_interpolation:0}
execute if entity @s[tag=aj.blazing_inferno.bone.left_hand] run data modify entity @s {} merge value {transformation:[-0.9995065603657316f,0f,0.03141075907812837f,0.4060495401485784f,0f,1f,0f,0.75f,-0.03141075907812837f,0f,-0.9995065603657316f,0.01276062087548965f,0f,0f,0f,1f],start_interpolation:0}
execute if entity @s[tag=aj.blazing_inferno.bone.left_arm] run data modify entity @s {} merge value {transformation:[-0.9995065603657316f,0f,0.03141075907812837f,0.281111220102862f,0f,1f,0f,1.0625f,-0.03141075907812837f,0f,-0.9995065603657316f,0.008834275990723603f,0f,0f,0f,1f],start_interpolation:0}
execute if entity @s[tag=aj.blazing_inferno.bone.right_hand] run data modify entity @s {} merge value {transformation:[-0.5732934110040683f,0.652092161062381f,-0.49609523116062537f,-0.639960234067374f,0.8191520442889917f,0.4428402768701294f,-0.364530406850722f,0.9669308940162813f,-0.018016471255114144f,-0.6153603031253974f,-0.7880400396559382f,0.12660549349435096f,0f,0f,0f,1f],start_interpolation:0}
execute if entity @s[tag=aj.blazing_inferno.bone.right_arm] run data modify entity @s {} merge value {transformation:[-0.5732934110040683f,0.7658329002373429f,-0.2912638560023894f,-0.281111220102862f,0.8191520442889917f,0.5279016307195805f,-0.22429845434325543f,1.0625f,-0.018016471255114144f,-0.3671782090452369f,-0.9299761123630251f,-0.008834275990723603f,0f,0f,0f,1f],start_interpolation:0}