execute if entity @s[tag=aj.blazing_inferno.bone.helm] run data modify entity @s {} merge value {transformation:[-1.151888097284869f,0.03318663163143062f,-0.4276717821634339f,0.6104711712503006f,0.003628425220143054f,1.226192548641895f,0.08537776425955315f,-0.033332607120351465f,0.42894211766660273f,0.07874754332992066f,-1.149198929061299f,0.21690768650283448f,0f,0f,0f,1f],start_interpolation:0}
execute if entity @s[tag=aj.blazing_inferno.bone.head] run data modify entity @s {} merge value {transformation:[-0.9371292994859953f,0.026999293530655423f,-0.34793636514991233f,0f,0.0029519391621502817f,0.9975803785561181f,0.06945987600777206f,1.1875f,0.348969858440626f,0.06406579796332529f,-0.9349415016091925f,0f,0f,0f,0f,1f],start_interpolation:0}
execute if entity @s[tag=aj.blazing_inferno.bone.body] run data modify entity @s {} merge value {transformation:[-0.8329212407100995f,0f,-0.5533915492433441f,0f,0f,1f,0f,0.4375f,0.5533915492433441f,0f,-0.8329212407100995f,0f,0f,0f,0f,1f],start_interpolation:0}
execute if entity @s[tag=aj.blazing_inferno.bone.left_hand] run data modify entity @s {} merge value {transformation:[-0.8329212407100995f,0f,-0.5533915492433441f,0.33837425403847793f,0f,1f,0f,0.75f,0.5533915492433441f,0f,-0.8329212407100995f,-0.22481531688010853f,0f,0f,0f,1f],start_interpolation:0}
execute if entity @s[tag=aj.blazing_inferno.bone.left_arm] run data modify entity @s {} merge value {transformation:[-0.8329212407100995f,0f,-0.5533915492433441f,0.2342590989497155f,0f,1f,0f,1.0625f,0.5533915492433441f,0f,-0.8329212407100995f,-0.15564137322469052f,0f,0f,0f,1f],start_interpolation:0}
execute if entity @s[tag=aj.blazing_inferno.bone.right_hand] run data modify entity @s {} merge value {transformation:[-0.4777439970075909f,-0.5519613535379356f,-0.6834466603355241f,-0.28590040205085054f,0.8191520442889917f,0.0012012948008965352f,-0.5735751783576126f,1.0335382324740157f,0.31741235272178187f,-0.8338688272692365f,0.4515663597393541f,0.546466643436057f,0f,0f,0f,1f],start_interpolation:0}
execute if entity @s[tag=aj.blazing_inferno.bone.right_arm] run data modify entity @s {} merge value {transformation:[-0.4777439970075909f,-0.02153785739950348f,-0.878235044860913f,-0.2342590989497155f,0.8191520442889917f,0.3502820614989557f,-0.45419423788639995f,1.0625f,0.31741235272178187f,-0.9363966029897166f,-0.14970237222216176f,0.15564137322469052f,0f,0f,0f,1f],start_interpolation:0}