execute if entity @s[tag=aj.blazing_inferno.bone.helm] run data modify entity @s {} merge value {transformation:[-0.978917824387809f,0.06909935198863221f,-0.7401323307997253f,0.6325176383245559f,-0.048219599024926264f,1.215364217779519f,0.17724385138982182f,-0.039149872376103234f,0.7417853178717939f,0.170193396288966f,-0.9652147141926053f,-0.07353759452155234f,0f,0f,0f,1f],start_interpolation:0}
execute if entity @s[tag=aj.blazing_inferno.bone.head] run data modify entity @s {} merge value {transformation:[-0.7964077215358447f,0.05621642195685333f,-0.6021415572607935f,0f,-0.03922950429146544f,0.9887708890409648f,0.14419838757138048f,1.1875f,0.6034863603024765f,0.13846242409949777f,-0.785259428495679f,0f,0f,0f,0f,1f],start_interpolation:0}
execute if entity @s[tag=aj.blazing_inferno.bone.right_hand] run data modify entity @s {} merge value {transformation:[-0.4055797876726389f,-0.9135971706988608f,-0.029073106515363878f,-0.06199531262006172f,0.8191520442889917f,-0.34917121103879223f,-0.45504878169144564f,1.1002148452099665f,0.40557978767263886f,-0.20837388289500147f,0.8899917756691225f,0.5677801050250325f,0f,0f,0f,1f],start_interpolation:0}
execute if entity @s[tag=aj.blazing_inferno.bone.right_arm] run data modify entity @s {} merge value {transformation:[-0.4055797876726389f,-0.5002025147939592f,-0.7650506388633475f,-0.19887378220871652f,0.8191520442889917f,0.1724777608697532f,-0.5470295698977542f,1.0625f,0.40557978767263886f,-0.8485569316192965f,0.3397884189201596f,0.1988737822087165f,0f,0f,0f,1f],start_interpolation:0}