execute if entity @s[tag=aj.tultaria.bone.head] run data modify entity @s {} merge value {transformation:[-0.984807753012208f,0.030153689607045765f,-0.17101007166283427f,0f,0f,0.984807753012208f,0.17364817766693036f,1.61192139794125f,0.1736481776669302f,0.17101007166283436f,-0.9698463103929542f,0f,0f,0f,0f,1f],start_interpolation:0}
execute if entity @s[tag=aj.tultaria.bone.bust] run data modify entity @s {} merge value {transformation:[-0.8191520442889919f,0f,-0.5735764363510459f,0.696364240320019f,0f,1f,0f,0.4556713979412499f,0.5735764363510459f,0f,-0.8191520442889919f,0.12278780396897299f,0f,0f,0f,1f],start_interpolation:0}
execute if entity @s[tag=aj.tultaria.bone.left_wing] run data modify entity @s {} merge value {transformation:[-0.529590308128606f,0f,-0.8482535620533805f,-0.020500051775818706f,0f,1f,0f,1.51817139794125f,0.8482535620533805f,0f,-0.529590308128606f,-0.13824253280806437f,0f,0f,0f,1f],start_interpolation:0}
execute if entity @s[tag=aj.tultaria.bone.right_wing] run data modify entity @s {} merge value {transformation:[-0.9782281659069543f,0f,-0.20753229971817977f,-0.1228940573119427f,0f,1f,0f,1.51817139794125f,0.20753229971817977f,0f,-0.9782281659069543f,-0.06654547826418361f,0f,0f,0f,1f],start_interpolation:0}
execute if entity @s[tag=aj.tultaria.bone.body] run data modify entity @s {} merge value {transformation:[-0.8191520442889919f,0f,-0.5735764363510459f,0.696364240320019f,0f,1f,0f,0.4556713979412499f,0.5735764363510459f,0f,-0.8191520442889919f,0.12278780396897299f,0f,0f,0f,1f],start_interpolation:0}
execute if entity @s[tag=aj.tultaria.bone.left_hand] run data modify entity @s {} merge value {transformation:[-0.9104462509777785f,-0.3628099122361109f,-0.1986368336027668f,0.26964706435629726f,-0.2601895733562019f,0.8756656072541842f,-0.40683059151061707f,1.1961835845465814f,0.32154161472074727f,-0.31871415383598267f,-0.8916458255088665f,-0.37087908122568186f,0f,0f,0f,1f],start_interpolation:0}
execute if entity @s[tag=aj.tultaria.bone.left_arm] run data modify entity @s {} merge value {transformation:[-0.9104462509777785f,-0.12258524791308859f,-0.3950449101995802f,0.17918950968821698f,-0.2601895733562019f,0.9121783621629348f,0.316594411698096f,1.45567139794125f,0.32154161472074727f,0.39102876185241464f,-0.862384773408565f,-0.1254698454517913f,0f,0f,0f,1f],start_interpolation:0}
execute if entity @s[tag=aj.tultaria.bone.rod] run data modify entity @s {} merge value {transformation:[-0.000006135412398784097f,0.000004203963105630921f,-0.000006684564974876107f,-0.27871827277551053f,0.000002601895733562019f,0.000009068617589925613f,0.0000033151641888997812f,0.9186628057650894f,0.000007455659145140566f,2.9473583797324995e-7f,-0.0000066577982469654395f,0.35671571174271405f,0f,0f,0f,1f],start_interpolation:0}
execute if entity @s[tag=aj.tultaria.bone.sword] run data modify entity @s {} merge value {transformation:[-0.000006135412398784097f,-0.000001754050403167296f,-0.000007699352042866662f,-0.33398214922264835f,0.000002601895733562019f,0.000008756656072541843f,-0.000004068305915106171f,0.9077235459554106f,0.000007455659145140566f,-0.0000044993645785115856f,-0.000004916183997890754f,0.3569700340811655f,0f,0f,0f,1f],start_interpolation:0}
execute if entity @s[tag=aj.tultaria.bone.right_hand] run data modify entity @s {} merge value {transformation:[-0.6135412398784096f,-0.1754050403167296f,-0.7699352042866661f,-0.4407370634301174f,0.2601895733562019f,0.8756656072541842f,-0.40683059151061707f,1.1961835845465814f,0.7455659145140565f,-0.44993645785115854f,-0.4916183997890754f,0.12653724007489525f,0f,0f,0f,1f],start_interpolation:0}
execute if entity @s[tag=aj.tultaria.bone.right_arm] run data modify entity @s {} merge value {transformation:[-0.6135412398784096f,0.4093734660886116f,-0.6752632910436197f,-0.17918950968821698f,0.2601895733562019f,0.9121783621629348f,0.316594411698096f,1.45567139794125f,0.7455659145140565f,0.018547260292081286f,-0.6661737507966494f,0.1254698454517913f,0f,0f,0f,1f],start_interpolation:0}
execute if entity @s[tag=aj.tultaria.bone.skirt] run data modify entity @s {} merge value {transformation:[-0.8191520442889919f,0.01666007251138399f,-0.5733344314805112f,0.03464163931919707f,0f,0.9995780773839414f,0.02904595003478757f,0.9061148008442668f,0.5735764363510459f,0.02379304934931216f,-0.8188064255155157f,0.049473388143990576f,0f,0f,0f,1f],start_interpolation:0}
execute if entity @s[tag=aj.tultaria.bone.left_foot] run data modify entity @s {} merge value {transformation:[-0.8191520442889919f,0.2281008817656623f,-0.526269812999846f,0.1642858290945604f,0f,0.9175234191066963f,0.397681751392691f,0.45187845966647505f,0.5735764363510459f,0.3257618196297495f,-0.7515911844442756f,0.016693629904734886f,0f,0f,0f,1f],start_interpolation:0}
execute if entity @s[tag=aj.tultaria.bone.left_leg] run data modify entity @s {} merge value {transformation:[-0.8191520442889919f,0.018750219188618338f,-0.573269882008068f,0.10083031473857242f,0f,0.9994655388130516f,0.03269000956158988f,0.8932308840923838f,0.5735764363510459f,0.026778088160203047f,-0.8187142393151099f,-0.07393023643956502f,0f,0f,0f,1f],start_interpolation:0}
execute if entity @s[tag=aj.tultaria.bone.right_foot] run data modify entity @s {} merge value {transformation:[-0.8191520442889919f,0.24524306818553956f,-0.5185033903882483f,0.05268750409477084f,0f,0.9039830744910671f,0.42756824137636557f,0.5292992493520667f,0.5735764363510459f,0.3502433989964989f,-0.7404995834720056f,0.2931764034058013f,0f,0f,0f,1f],start_interpolation:0}
execute if entity @s[tag=aj.tultaria.bone.right_leg] run data modify entity @s {} merge value {transformation:[-0.8191520442889919f,-0.20499054573270992f,-0.5356946933630865f,-0.10395769633367556f,0f,0.9339551965751001f,-0.35739011009031335f,0.8932308840923838f,0.5735764363510459f,-0.2927568392891481f,-0.7650513085488205f,0.06946387264819646f,0f,0f,0f,1f],start_interpolation:0}
execute if entity @s[tag=aj.tultaria.bone.lower] run data modify entity @s {} merge value {transformation:[-0.8191520442889919f,0.02501905276082526f,-0.5730305186777721f,0f,0f,0.9990482215818578f,0.043619387365336f,0.9556713979412499f,0.5735764363510459f,0.03573091033094841f,-0.8183723930520606f,0f,0f,0f,0f,1f],start_interpolation:0}