execute if entity @s[tag=aj.tultaria.bone.head] run data modify entity @s {} merge value {transformation:[-0.984807753012208f,0.030153689607045765f,-0.17101007166283427f,0f,0f,0.984807753012208f,0.17364817766693036f,1.1756332039473238f,0.1736481776669302f,0.17101007166283436f,-0.9698463103929542f,0f,0f,0f,0f,1f],start_interpolation:0}
execute if entity @s[tag=aj.tultaria.bone.bust] run data modify entity @s {} merge value {transformation:[-0.8191520442889919f,0f,-0.5735764363510459f,0.696364240320019f,0f,1f,0f,0.019383203947323957f,0.5735764363510459f,0f,-0.8191520442889919f,0.12278780396897299f,0f,0f,0f,1f],start_interpolation:0}
execute if entity @s[tag=aj.tultaria.bone.left_wing] run data modify entity @s {} merge value {transformation:[-0.34683334169730107f,0f,-0.9379267738406252f,-0.020500051775818706f,0f,1f,0f,1.0818832039473238f,0.9379267738406252f,0f,-0.34683334169730107f,-0.13824253280806437f,0f,0f,0f,1f],start_interpolation:0}
execute if entity @s[tag=aj.tultaria.bone.right_wing] run data modify entity @s {} merge value {transformation:[-0.9999868574530006f,0f,-0.005126882217518169f,-0.1228940573119427f,0f,1f,0f,1.0818832039473238f,0.005126882217518169f,0f,-0.9999868574530006f,-0.06654547826418361f,0f,0f,0f,1f],start_interpolation:0}
execute if entity @s[tag=aj.tultaria.bone.body] run data modify entity @s {} merge value {transformation:[-0.8191520442889919f,0f,-0.5735764363510459f,0.696364240320019f,0f,1f,0f,0.019383203947323957f,0.5735764363510459f,0f,-0.8191520442889919f,0.12278780396897299f,0f,0f,0f,1f],start_interpolation:0}
execute if entity @s[tag=aj.tultaria.bone.left_hand] run data modify entity @s {} merge value {transformation:[-0.8361075298467526f,-0.45287862686285096f,-0.3095563726760929f,0.3159014442303516f,-0.4778073181963985f,0.8784481404530396f,0.005388062041416397f,0.8196811355631615f,0.2694890818039334f,0.15241329950307853f,-0.9508658269824706f,-0.40326674668871015f,0f,0f,0f,1f],start_interpolation:0}
execute if entity @s[tag=aj.tultaria.bone.left_arm] run data modify entity @s {} merge value {transformation:[-0.8361075298467526f,-0.29569185183715585f,-0.4620503514668883f,0.17918950968821698f,-0.4778073181963985f,0.8063356727774698f,0.3486014192232595f,1.0193832039473238f,0.2694890818039334f,0.512239310833929f,-0.815467058332128f,-0.1254698454517913f,0f,0f,0f,1f],start_interpolation:0}
execute if entity @s[tag=aj.tultaria.bone.rod] run data modify entity @s {} merge value {transformation:[-0.000005392025187473837f,0.000007677499216754525f,-0.000003461512697417329f,-0.5003287821968534f,0.000004778073181963985f,0.0000061734670182811775f,0.000006249665722419965f,0.48958957513809453f,0.000006935133815972428f,0.0000017158994000022776f,-0.000006997114276873542f,0.37597715069425935f,0f,0f,0f,1f],start_interpolation:0}
execute if entity @s[tag=aj.tultaria.bone.sword] run data modify entity @s {} merge value {transformation:[-0.000005392025187473837f,0.0000029811526572144f,-0.000007876470860228663f,-0.5540998180650311f,0.000004778073181963985f,0.000008784481404530398f,5.3880620414163975e-8f,0.5047736192399235f,0.000006935133815972428f,-0.000003734382852338948f,-0.000006161031055490025f,0.36876961079656373f,0f,0f,0f,1f],start_interpolation:0}
execute if entity @s[tag=aj.tultaria.bone.right_hand] run data modify entity @s {} merge value {transformation:[-0.5392025187473837f,0.29811526572144f,-0.7876470860228663f,-0.48699144330417177f,0.4778073181963985f,0.8784481404530396f,0.005388062041416397f,0.8196811355631615f,0.6935133815972427f,-0.3734382852338948f,-0.6161031055490025f,0.15892490553792354f,0f,0f,0f,1f],start_interpolation:0}
execute if entity @s[tag=aj.tultaria.bone.right_arm] run data modify entity @s {} merge value {transformation:[-0.5392025187473837f,0.5824800700126789f,-0.6082578497763116f,-0.17918950968821698f,0.4778073181963985f,0.8063356727774698f,0.3486014192232595f,1.0193832039473238f,0.6935133815972427f,-0.10266328868943309f,-0.7130914658730865f,0.1254698454517913f,0f,0f,0f,1f],start_interpolation:0}
execute if entity @s[tag=aj.tultaria.bone.skirt] run data modify entity @s {} merge value {transformation:[-0.8191520442889919f,-0.16798469867683172f,-0.5484259925893553f,0.03464163931919707f,0f,0.9561515394152318f,-0.29287238462149806f,0.4698266068503409f,0.5735764363510459f,-0.239907012578492f,-0.7832334881620536f,0.049473388143990576f,0f,0f,0f,1f],start_interpolation:0}
execute if entity @s[tag=aj.tultaria.bone.left_foot] run data modify entity @s {} merge value {transformation:[-0.8191520442889919f,-0.11551741993502092f,-0.5618235078996976f,0.2237270234251414f,0f,0.9795093945523327f,-0.201398475624129f,0.05554233789679558f,0.5735764363510459f,-0.16497597302419195f,-0.802367122947816f,0.10158445310632482f,0f,0f,0f,1f],start_interpolation:0}
execute if entity @s[tag=aj.tultaria.bone.left_leg] run data modify entity @s {} merge value {transformation:[-0.8191520442889919f,-0.12069717544881944f,-0.5607335554216837f,0.10083031473857242f,0f,0.97760912039716f,-0.21042910377676174f,0.45694269009845784f,0.5735764363510459f,-0.17237343053663481f,-0.8008105094888968f,-0.07393023643956502f,0f,0f,0f,1f],start_interpolation:0}
execute if entity @s[tag=aj.tultaria.bone.right_foot] run data modify entity @s {} merge value {transformation:[-0.8191520442889919f,0.30669285642322375f,-0.48469518272428624f,0.11716549667647543f,0f,0.8450402631736398f,0.5347026777709512f,0.2152646790163329f,0.5735764363510459f,0.43800279158287264f,-0.6922164590851947f,0.3852605199900956f,0f,0f,0f,1f],start_interpolation:0}
execute if entity @s[tag=aj.tultaria.bone.right_leg] run data modify entity @s {} merge value {transformation:[-0.8191520442889919f,-0.38358361551374165f,-0.426442889783112f,-0.10395769633367556f,0f,0.7434804897077679f,-0.6687576253201885f,0.45694269009845784f,0.5735764363510459f,-0.547814175914884f,-0.6090235630330989f,0.06946387264819646f,0f,0f,0f,1f],start_interpolation:0}
execute if entity @s[tag=aj.tultaria.bone.lower] run data modify entity @s {} merge value {transformation:[-0.8191520442889919f,0.02501905276082526f,-0.5730305186777721f,0f,0f,0.9990482215818578f,0.043619387365336f,0.519383203947324f,0.5735764363510459f,0.03573091033094841f,-0.8183723930520606f,0f,0f,0f,0f,1f],start_interpolation:0}