execute if entity @s[tag=aj.tultaria.bone.head] run data modify entity @s {} merge value {transformation:[-0.984807753012208f,0.03782471663797024f,-0.16947855444953208f,0f,6.938893903907228e-18f,0.9759880968898174f,0.21782386170801513f,1.131211875f,0.17364817766693014f,0.21451462780111236f,-0.9611606446647223f,0f,0f,0f,0f,1f],start_interpolation:0}
execute if entity @s[tag=aj.tultaria.bone.bust] run data modify entity @s {} merge value {transformation:[-0.8191520442889919f,0f,-0.5735764363510459f,0.696364240320019f,0f,1f,0f,-0.025038125000000022f,0.5735764363510459f,0f,-0.8191520442889919f,0.12278780396897299f,0f,0f,0f,1f],start_interpolation:0}
execute if entity @s[tag=aj.tultaria.bone.left_wing] run data modify entity @s {} merge value {transformation:[-0.4786384570255588f,0.009754877586159977f,-0.8779578975209866f,-0.020500051775818706f,-0.10074443220393459f,0.9927239020843254f,0.06595311676014712f,1.037461875f,0.8722131544732051f,0.12001706792681532f,-0.4741730871423968f,-0.13824253280806437f,0f,0f,0f,1f],start_interpolation:0}
execute if entity @s[tag=aj.tultaria.bone.right_wing] run data modify entity @s {} merge value {transformation:[-0.983316258683929f,0.10944278846904668f,-0.1452976650189527f,-0.1228940573119427f,0.10074443220393459f,0.9927239020843254f,0.06595311676014712f,1.037461875f,0.15145855798781105f,0.05021484125824033f,-0.9871873048867994f,-0.06654547826418361f,0f,0f,0f,1f],start_interpolation:0}
execute if entity @s[tag=aj.tultaria.bone.body] run data modify entity @s {} merge value {transformation:[-0.8191520442889919f,0f,-0.5735764363510459f,0.696364240320019f,0f,1f,0f,-0.025038125000000022f,0.5735764363510459f,0f,-0.8191520442889919f,0.12278780396897299f,0f,0f,0f,1f],start_interpolation:0}
execute if entity @s[tag=aj.tultaria.bone.left_hand] run data modify entity @s {} merge value {transformation:[-0.8975770183379206f,-0.3871996211760108f,-0.21078887426228615f,0.28910426531496725f,-0.3245687775408688f,0.9039581066823956f,-0.2784148882671406f,0.7289075667997582f,0.29834645095464796f,-0.18148331803317924f,-0.937044929807762f,-0.37670322582074667f,0f,0f,0f,1f],start_interpolation:0}
execute if entity @s[tag=aj.tultaria.bone.left_arm] run data modify entity @s {} merge value {transformation:[-0.8975770183379206f,-0.18419491297123397f,-0.40053430588044237f,0.17918950968821698f,-0.3245687775408688f,0.8909378057036027f,0.3176238892364291f,0.974961875f,0.29834645095464796f,0.4150928334765236f,-0.8594692169002895f,-0.1254698454517913f,0f,0f,0f,1f],start_interpolation:0}
execute if entity @s[tag=aj.tultaria.bone.rod] run data modify entity @s {} merge value {transformation:[-0.0000058734337885751f,0.000005447067688876228f,-0.000005986002766790619f,-0.33751902886879936f,0.0000032456877754086887f,0.000008360639626206646f,0.000004423258516666845f,0.4247251378272524f,0.000007414060048029484f,6.551020023658731e-7f,-0.000006678514428427124f,0.3673695187913586f,0f,0f,0f,1f],start_interpolation:0}
execute if entity @s[tag=aj.tultaria.bone.right_hand] run data modify entity @s {} merge value {transformation:[-0.58734337885751f,-0.03810846482125668f,-0.8084401648985597f,-0.4528647237890906f,0.3245687775408688f,0.9039581066823956f,-0.2784148882671406f,0.7289075667997582f,0.7414060048029484f,-0.4259195772351224f,-0.5185649908834813f,0.14282905346775243f,0f,0f,0f,1f],start_interpolation:0}
execute if entity @s[tag=aj.tultaria.bone.right_arm] run data modify entity @s {} merge value {transformation:[-0.58734337885751f,0.4530580430932836f,-0.670646080209769f,-0.17918950968821698f,0.3245687775408688f,0.8909378057036027f,0.3176238892364291f,0.974961875f,0.7414060048029484f,-0.031116490106272432f,-0.6703349163556951f,0.1254698454517913f,0f,0f,0f,1f],start_interpolation:0}
execute if entity @s[tag=aj.tultaria.bone.skirt] run data modify entity @s {} merge value {transformation:[-0.8191520442889919f,-0.046461706177914903f,-0.5716915586189834f,0.03584852727194037f,0f,0.996713815957898f,-0.08100351275497474f,0.428086875f,0.5735764363510459f,-0.06635419306782699f,-0.8164601599129941f,0.051197002768061994f,0f,0f,0f,1f],start_interpolation:0}
execute if entity @s[tag=aj.tultaria.bone.left_foot] run data modify entity @s {} merge value {transformation:[-0.8191520442889919f,0.13104977445147958f,-0.5584047680252933f,0.19418244681633468f,0f,0.9735490034732406f,0.2284783093342998f,-0.013474980387208513f,0.5735764363510459f,0.18715847416688433f,-0.7974846564106158f,0.05939042491241782f,0f,0f,0f,1f],start_interpolation:0}
execute if entity @s[tag=aj.tultaria.bone.left_leg] run data modify entity @s {} merge value {transformation:[-0.8191520442889919f,-0.046461706177914903f,-0.5716915586189834f,0.10239400553612399f,0f,0.996713815957898f,-0.08100351275497474f,0.412461875f,0.5735764363510459f,-0.06635419306782699f,-0.8164601599129941f,-0.07169705454388074f,0f,0f,0f,1f],start_interpolation:0}
execute if entity @s[tag=aj.tultaria.bone.right_foot] run data modify entity @s {} merge value {transformation:[-0.8191520442889919f,0.13104977445147964f,-0.5584047680252935f,0.07589982949364038f,0f,0.9735490034732407f,0.2284783093342999f,0.08018769744153009f,0.5735764363510459f,0.18715847416688447f,-0.7974846564106159f,0.32632703965604626f,0f,0f,0f,1f],start_interpolation:0}
execute if entity @s[tag=aj.tultaria.bone.right_leg] run data modify entity @s {} merge value {transformation:[-0.8191520442889919f,-0.26170190728978926f,-0.5103940047238525f,-0.10239400553612399f,0f,0.8898447920400205f,-0.45626335167231286f,0.412461875f,0.5735764363510459f,-0.3737490572565223f,-0.7289181804994957f,0.07169705454388074f,0f,0f,0f,1f],start_interpolation:0}
execute if entity @s[tag=aj.tultaria.bone.lower] run data modify entity @s {} merge value {transformation:[-0.8191520442889919f,0f,-0.5735764363510459f,0f,0f,1f,0f,0.474961875f,0.5735764363510459f,0f,-0.8191520442889919f,0f,0f,0f,0f,1f],start_interpolation:0}