execute if entity @s[tag=aj.tultaria.bone.head] run data modify entity @s {} merge value {transformation:[-0.984807753012208f,0.030153689607045765f,-0.17101007166283427f,0f,0f,0.984807753012208f,0.17364817766693036f,1.5747627809160538f,0.1736481776669302f,0.17101007166283436f,-0.9698463103929542f,0f,0f,0f,0f,1f],start_interpolation:0}
execute if entity @s[tag=aj.tultaria.bone.bust] run data modify entity @s {} merge value {transformation:[-0.8191520442889919f,0f,-0.5735764363510459f,0.696364240320019f,0f,1f,0f,0.4185127809160538f,0.5735764363510459f,0f,-0.8191520442889919f,0.12278780396897299f,0f,0f,0f,1f],start_interpolation:0}
execute if entity @s[tag=aj.tultaria.bone.left_wing] run data modify entity @s {} merge value {transformation:[-0.4210358133674913f,0f,-0.9070440142914649f,-0.020500051775818706f,0f,1f,0f,1.4810127809160538f,0.9070440142914649f,0f,-0.4210358133674913f,-0.13824253280806437f,0f,0f,0f,1f],start_interpolation:0}
execute if entity @s[tag=aj.tultaria.bone.right_wing] run data modify entity @s {} merge value {transformation:[-0.9963452961909064f,0f,-0.08541692313736737f,-0.1228940573119427f,0f,1f,0f,1.4810127809160538f,0.08541692313736737f,0f,-0.9963452961909064f,-0.06654547826418361f,0f,0f,0f,1f],start_interpolation:0}
execute if entity @s[tag=aj.tultaria.bone.body] run data modify entity @s {} merge value {transformation:[-0.8191520442889919f,0f,-0.5735764363510459f,0.696364240320019f,0f,1f,0f,0.4185127809160538f,0.5735764363510459f,0f,-0.8191520442889919f,0.12278780396897299f,0f,0f,0f,1f],start_interpolation:0}
execute if entity @s[tag=aj.tultaria.bone.left_hand] run data modify entity @s {} merge value {transformation:[-0.8706107023419642f,-0.4225676210589102f,-0.2519396963565786f,0.2991107574245002f,-0.3947246951769711f,0.9056372192607647f,-0.15496335730448296f,1.193604278586337f,0.2936484632772305f,-0.03546593749279553f,-0.9552553309417741f,-0.3915097812155347f,0f,0f,0f,1f],start_interpolation:0}
execute if entity @s[tag=aj.tultaria.bone.left_arm] run data modify entity @s {} merge value {transformation:[-0.8706107023419642f,-0.23002735857674167f,-0.4348843746029959f,0.17918950968821698f,-0.3947246951769711f,0.8542180783189773f,0.33838423380896565f,1.4185127809160538f,0.2936484632772305f,0.4662605376602663f,-0.8344888801150561f,-0.1254698454517913f,0f,0f,0f,1f],start_interpolation:0}
execute if entity @s[tag=aj.tultaria.bone.rod] run data modify entity @s {} merge value {transformation:[-0.0000057370569124259535f,0.0000065243151212248505f,-0.000004951715882655465f,-0.4104658491619804f,0.000003947246951769711f,0.000007499578598196488f,0.000005308065782487812f,0.8733607410266107f,0.000007176727630705398f,0.0000010907030065191928f,-0.0000068778592211704705f,0.37105589752729445f,0f,0f,0f,1f],start_interpolation:0}
execute if entity @s[tag=aj.tultaria.bone.sword] run data modify entity @s {} merge value {transformation:[-0.0000057370569124259535f,0.0000011119955856812132f,-0.000008114779343950833f,-0.4664321801880811f,0.000003947246951769711f,0.000009056372192607647f,-0.0000015496335730448297f,0.8784319803772433f,0.000007176727630705398f,-0.000004092137403165791f,-0.000005634624387506343f,0.36707086955681295f,0f,0f,0f,1f],start_interpolation:0}
execute if entity @s[tag=aj.tultaria.bone.right_hand] run data modify entity @s {} merge value {transformation:[-0.5737056912425953f,0.1111995585681213f,-0.8114779343950833f,-0.4702007564983204f,0.3947246951769711f,0.9056372192607647f,-0.15496335730448296f,1.193604278586337f,0.7176727630705397f,-0.40921374031657903f,-0.5634624387506342f,0.14716794006474815f,0f,0f,0f,1f],start_interpolation:0}
execute if entity @s[tag=aj.tultaria.bone.right_arm] run data modify entity @s {} merge value {transformation:[-0.5737056912425953f,0.5168155767522646f,-0.635423826640204f,-0.17918950968821698f,0.3947246951769711f,0.8542180783189773f,0.33838423380896565f,1.4185127809160538f,0.7176727630705397f,-0.056684515515770445f,-0.6940696440901584f,0.1254698454517913f,0f,0f,0f,1f],start_interpolation:0}
execute if entity @s[tag=aj.tultaria.bone.skirt] run data modify entity @s {} merge value {transformation:[-0.8191520442889919f,-0.0962468072688892f,-0.565443613835819f,0.03464163931919707f,0f,0.9858208566464723f,-0.16780118772170635f,0.8689561838190707f,0.5735764363510459f,-0.13745468595635663f,-0.8075371700246831f,0.049473388143990576f,0f,0f,0f,1f],start_interpolation:0}
execute if entity @s[tag=aj.tultaria.bone.left_foot] run data modify entity @s {} merge value {transformation:[-0.8191520442889919f,0.022018342735744045f,-0.5731536625725573f,0.20097864045245872f,0f,0.9992629164106213f,0.03838780908752004f,0.43589974837057277f,0.5735764363510459f,0.031445452289817585f,-0.8185482607599406f,0.0690963953072818f,0f,0f,0f,1f],start_interpolation:0}
execute if entity @s[tag=aj.tultaria.bone.left_leg] run data modify entity @s {} merge value {transformation:[-0.8191520442889919f,-0.0661241262321234f,-0.5697521638986585f,0.10083031473857242f,0f,0.9933325844473029f,-0.11528389599264055f,0.8560722670671878f,0.5735764363510459f,-0.09443503907597103f,-0.8136904172088759f,-0.07393023643956502f,0f,0f,0f,1f],start_interpolation:0}
execute if entity @s[tag=aj.tultaria.bone.right_foot] run data modify entity @s {} merge value {transformation:[-0.8191520442889919f,0.2829651730858743f,-0.4989194716160582f,0.09486445224865202f,0f,0.8698395540619881f,0.49333472428893704f,0.5613268753781269f,0.5735764363510459f,0.40411614792002903f,-0.7125308489133027f,0.3534113278422322f,0f,0f,0f,1f],start_interpolation:0}
execute if entity @s[tag=aj.tultaria.bone.right_leg] run data modify entity @s {} merge value {transformation:[-0.8191520442889919f,-0.31807909955757996f,-0.47730034020709083f,-0.10395769633367556f,0f,0.8321477486829126f,-0.5545539868777071f,0.8560722670671878f,0.5735764363510459f,-0.45426403201948456f,-0.6816555294840901f,0.06946387264819646f,0f,0f,0f,1f],start_interpolation:0}
execute if entity @s[tag=aj.tultaria.bone.lower] run data modify entity @s {} merge value {transformation:[-0.8191520442889919f,0.02501905276082526f,-0.5730305186777721f,0f,0f,0.9990482215818578f,0.043619387365336f,0.9185127809160538f,0.5735764363510459f,0.03573091033094841f,-0.8183723930520606f,0f,0f,0f,0f,1f],start_interpolation:0}