execute if entity @s[tag=aj.tultaria.bone.head] run data modify entity @s {} merge value {transformation:[-0.984807753012208f,0.05717268031758119f,-0.16396638140896275f,0f,-1.3877787807814457e-17f,0.944244757485806f,0.32924434385509393f,1.0667877083333335f,0.1736481776669302f,0.3242423824639138f,-0.929899557913154f,0f,0f,0f,0f,1f],start_interpolation:0}
execute if entity @s[tag=aj.tultaria.bone.bust] run data modify entity @s {} merge value {transformation:[-0.8191520442889919f,0f,-0.5735764363510459f,0.696364240320019f,0f,1f,0f,-0.08946229166666664f,0.5735764363510459f,0f,-0.8191520442889919f,0.12278780396897299f,0f,0f,0f,1f],start_interpolation:0}
execute if entity @s[tag=aj.tultaria.bone.left_wing] run data modify entity @s {} merge value {transformation:[-0.2828877300375609f,0.07082772724762082f,-0.9565343513157969f,-0.020500051775818706f,-0.3188359204521375f,0.9336146342704921f,0.16342389820773978f,0.9730377083333334f,0.904609411858861f,0.35120812594373735f,-0.24152570100809895f,-0.13824253280806437f,0f,0f,0f,1f],start_interpolation:0}
execute if entity @s[tag=aj.tultaria.bone.right_wing] run data modify entity @s {} merge value {transformation:[-0.9468080909897718f,0.3058031748847152f,0.10019409696550058f,-0.1228940573119427f,0.3188359204521375f,0.9336146342704921f,0.16342389820773978f,0.9730377083333334f,-0.04356712827054482f,0.186676546214043f,-0.9814549263353127f,-0.06654547826418361f,0f,0f,0f,1f],start_interpolation:0}
execute if entity @s[tag=aj.tultaria.bone.body] run data modify entity @s {} merge value {transformation:[-0.8191520442889919f,0f,-0.5735764363510459f,0.696364240320019f,0f,1f,0f,-0.08946229166666664f,0.5735764363510459f,0f,-0.8191520442889919f,0.12278780396897299f,0f,0f,0f,1f],start_interpolation:0}
execute if entity @s[tag=aj.tultaria.bone.left_hand] run data modify entity @s {} merge value {transformation:[-0.8362421148668246f,-0.45279958948555f,-0.309308352756239f,0.3399160507709519f,-0.5026747074612845f,0.858386506008241f,0.10242433686227287f,0.713448735947144f,0.21912841851702555f,0.24113302980861331f,-0.9454298483407142f,-0.3920502338064785f,0f,0f,0f,1f],start_interpolation:0}
execute if entity @s[tag=aj.tultaria.bone.left_arm] run data modify entity @s {} merge value {transformation:[-0.8362421148668246f,-0.35376992286163417f,-0.41898206047697795f,0.17918950968821698f,-0.5026747074612845f,0.7998719934161839f,0.3279068962787036f,0.9105377083333334f,0.21912841851702555f,0.48482124110531066f,-0.8467178398801655f,-0.1254698454517913f,0f,0f,0f,1f],start_interpolation:0}
execute if entity @s[tag=aj.tultaria.bone.rod] run data modify entity @s {} merge value {transformation:[-0.000004919250058666471f,0.000008231297627312974f,-0.000002836673797055588f,-0.5298834434490478f,0.000005026747074612845f,0.000005345459761236059f,0.000006793958624313028f,0.3787507540862695f,0.000007108642114228367f,0.000001916193965024936f,-0.000006767230451242288f,0.3907114108666271f,0f,0f,0f,1f],start_interpolation:0}
execute if entity @s[tag=aj.tultaria.bone.right_hand] run data modify entity @s {} merge value {transformation:[-0.4919250058666471f,0.3814575092325544f,-0.7826237648149941f,-0.48466484808871424f,0.5026747074612845f,0.858386506008241f,0.10242433686227287f,0.713448735947144f,0.7108642114228366f,-0.3430200795187651f,-0.6140108288663391f,0.18532752743879774f,0f,0f,0f,1f],start_interpolation:0}
execute if entity @s[tag=aj.tultaria.bone.right_arm] run data modify entity @s {} merge value {transformation:[-0.4919250058666471f,0.5765793823883731f,-0.6523542016479557f,-0.17918950968821698f,0.5026747074612845f,0.7998719934161839f,0.3279068962787036f,0.9105377083333334f,0.7108642114228366f,-0.1666163555989105f,-0.6833089074241064f,0.1254698454517913f,0f,0f,0f,1f],start_interpolation:0}
execute if entity @s[tag=aj.tultaria.bone.skirt] run data modify entity @s {} merge value {transformation:[-0.8191520442889919f,-0.1638761076104279f,-0.5496676720452285f,0.03584852727194037f,0f,0.9583163414837625f,-0.2857092746922588f,0.36366270833333336f,0.5735764363510459f,-0.23403933643648894f,-0.7850067902019717f,0.051197002768061994f,0f,0f,0f,1f],start_interpolation:0}
execute if entity @s[tag=aj.tultaria.bone.left_foot] run data modify entity @s {} merge value {transformation:[-0.8191520442889919f,-0.10651858734472786f,-0.5635988989407706f,0.24279826162133977f,0f,0.982604694373866f,-0.1857094897802518f,-0.03551203172928041f,0.5735764363510459f,-0.15212430819735895f,-0.8049026441243124f,0.12882100392232965f,0f,0f,0f,1f],start_interpolation:0}
execute if entity @s[tag=aj.tultaria.bone.left_leg] run data modify entity @s {} merge value {transformation:[-0.8191520442889919f,-0.1638761076104279f,-0.5496676720452285f,0.10239400553612399f,0f,0.9583163414837625f,-0.2857092746922588f,0.34803770833333336f,0.5735764363510459f,-0.23403933643648894f,-0.7850067902019717f,-0.07169705454388074f,0f,0f,0f,1f],start_interpolation:0}
execute if entity @s[tag=aj.tultaria.bone.right_foot] run data modify entity @s {} merge value {transformation:[-0.8191520442889919f,-0.1065185873447278f,-0.5635988989407706f,0.11151109025740494f,0f,0.982604694373866f,-0.1857094897802518f,0.08736001722605646f,0.5735764363510459f,-0.15212430819735895f,-0.8049026441243124f,0.37718519073339035f,0f,0f,0f,1f],start_interpolation:0}
execute if entity @s[tag=aj.tultaria.bone.right_leg] run data modify entity @s {} merge value {transformation:[-0.8191520442889919f,-0.36175049308728796f,-0.4451140405427237f,-0.10239400553612399f,0f,0.7760326476701713f,-0.6306927379873846f,0.34803770833333336f,0.5735764363510459f,-0.5166332456405877f,-0.6356887297740198f,0.07169705454388074f,0f,0f,0f,1f],start_interpolation:0}
execute if entity @s[tag=aj.tultaria.bone.lower] run data modify entity @s {} merge value {transformation:[-0.8191520442889919f,0f,-0.5735764363510459f,0f,0f,1f,0f,0.41053770833333336f,0.5735764363510459f,0f,-0.8191520442889919f,0f,0f,0f,0f,1f],start_interpolation:0}