execute if entity @s[tag=aj.tultaria.bone.head] run data modify entity @s {} merge value {transformation:[-0.9848077530122081f,0.036399881453409416f,-0.16979027721640455f,0f,6.938893903907228e-18f,0.9777832367586062f,0.2096185629038217f,1.13588f,0.1736481776669303f,0.20643398592296083f,-0.9629285123252469f,0f,0f,0f,0f,1f],start_interpolation:0}
execute if entity @s[tag=aj.tultaria.bone.bust] run data modify entity @s {} merge value {transformation:[-0.8191520442889919f,0f,-0.5735764363510459f,0.696364240320019f,0f,1f,0f,-0.020369999999999944f,0.5735764363510459f,0f,-0.8191520442889919f,0.12278780396897299f,0f,0f,0f,1f],start_interpolation:0}
execute if entity @s[tag=aj.tultaria.bone.left_wing] run data modify entity @s {} merge value {transformation:[-0.4904122582396062f,0.007312641675084747f,-0.8714598913547666f,-0.020500051775818706f,-0.08248507167529803f,0.9950862492342534f,0.05476832602541758f,1.04213f,0.8675782557896727f,0.0987414900466734f,-0.4873993108574445f,-0.13824253280806437f,0f,0f,0f,1f],start_interpolation:0}
execute if entity @s[tag=aj.tultaria.bone.right_wing] run data modify entity @s {} merge value {transformation:[-0.9829877557716398f,0.09028557880846244f,-0.1599486988451484f,-0.1228940573119427f,0.08248507167529803f,0.9950862492342534f,0.05476832602541758f,1.04213f,0.16410754081929335f,0.04064321399848201f,-0.9856048113732591f,-0.06654547826418361f,0f,0f,0f,1f],start_interpolation:0}
execute if entity @s[tag=aj.tultaria.bone.body] run data modify entity @s {} merge value {transformation:[-0.8191520442889919f,0f,-0.5735764363510459f,0.696364240320019f,0f,1f,0f,-0.020369999999999944f,0.5735764363510459f,0f,-0.8191520442889919f,0.12278780396897299f,0f,0f,0f,1f],start_interpolation:0}
execute if entity @s[tag=aj.tultaria.bone.left_hand] run data modify entity @s {} merge value {transformation:[-0.9007863288905249f,-0.38169137450471846f,-0.20711273334256816f,0.2851184733494246f,-0.3108581709893507f,0.8997780179798487f,-0.3062135135643277f,0.7304887469031106f,0.30323454158965235f,-0.21145026126480376f,-0.9291596201934087f,-0.3753695816720887f,0f,0f,0f,1f],start_interpolation:0}
execute if entity @s[tag=aj.tultaria.bone.left_arm] run data modify entity @s {} merge value {transformation:[-0.9007863288905249f,-0.171317544473388f,-0.3990417129067333f,0.17918950968821698f,-0.3108581709893507f,0.8960199652011591f,0.317041668381412f,0.97963f,0.30323454158965235f,0.40963217758926407f,-0.8603779935995521f,-0.1254698454517913f,0f,0f,0f,1f],start_interpolation:0}
execute if entity @s[tag=aj.tultaria.bone.rod] run data modify entity @s {} merge value {transformation:[-0.000005930343304121346f,0.000005191122613010242f,-0.000006154939017728514f,-0.3244052812640056f,0.0000031085817098935073f,0.000008527647900084374f,0.000004197134861438474f,0.43134867935620824f,0.000007427499447874681f,5.757319766005161e-7f,-0.000006670890843278804f,0.36521377530449406f,0f,0f,0f,1f],start_interpolation:0}
execute if entity @s[tag=aj.tultaria.bone.right_hand] run data modify entity @s {} merge value {transformation:[-0.5930343304121346f,-0.0681521115595129f,-0.8022877118855871f,-0.45024828708452125f,0.3108581709893507f,0.8997780179798487f,-0.3062135135643277f,0.7304887469031106f,0.742749944787468f,-0.43099281670375295f,-0.5124136136637848f,0.13953976733261364f,0f,0f,0f,1f],start_interpolation:0}
execute if entity @s[tag=aj.tultaria.bone.right_arm] run data modify entity @s {} merge value {transformation:[-0.5930343304121346f,0.443522385632084f,-0.672010547830803f,-0.17918950968821698f,0.3108581709893507f,0.8960199652011591f,0.317041668381412f,0.97963f,0.742749944787468f,-0.020883376262918335f,-0.6692431576893967f,0.1254698454517913f,0f,0f,0f,1f],start_interpolation:0}
execute if entity @s[tag=aj.tultaria.bone.skirt] run data modify entity @s {} merge value {transformation:[-0.8191520442889919f,-0.03781336953726302f,-0.5723286445927758f,0.03584852727194037f,0f,0.9978245414574415f,-0.06592559795137767f,0.43275500000000006f,0.5735764363510459f,-0.0540030883328452f,-0.8173700129765892f,0.051197002768061994f,0f,0f,0f,1f],start_interpolation:0}
execute if entity @s[tag=aj.tultaria.bone.left_foot] run data modify entity @s {} merge value {transformation:[-0.8191520442889919f,0.1478722429967913f,-0.5541874485120205f,0.19047843528277353f,0f,0.9661963312817147f,0.2578073882140602f,-0.011177537143708394f,0.5735764363510459f,0.21118344908835318f,-0.7914616999539407f,0.054100548223812675f,0f,0f,0f,1f],start_interpolation:0}
execute if entity @s[tag=aj.tultaria.bone.left_leg] run data modify entity @s {} merge value {transformation:[-0.8191520442889919f,-0.03781336953726302f,-0.5723286445927758f,0.10239400553612399f,0f,0.9978245414574415f,-0.06592559795137767f,0.41713000000000006f,0.5735764363510459f,-0.0540030883328452f,-0.8173700129765892f,-0.07169705454388074f,0f,0f,0f,1f],start_interpolation:0}
execute if entity @s[tag=aj.tultaria.bone.right_foot] run data modify entity @s {} merge value {transformation:[-0.8191520442889919f,0.14787224299679136f,-0.5541874485120205f,0.07299812942646777f,0f,0.9661963312817146f,0.2578073882140603f,0.08019432528632198f,0.5735764363510459f,0.21118344908835324f,-0.7914616999539406f,0.32218298248895016f,0f,0f,0f,1f],start_interpolation:0}
execute if entity @s[tag=aj.tultaria.bone.right_leg] run data modify entity @s {} merge value {transformation:[-0.8191520442889919f,-0.2539556883243861f,-0.5142921705653828f,-0.10239400553612399f,0f,0.896641036785236f,-0.44275823103890133f,0.41713000000000006f,0.5735764363510459f,-0.3626863100812938f,-0.7344853382760272f,0.07169705454388074f,0f,0f,0f,1f],start_interpolation:0}
execute if entity @s[tag=aj.tultaria.bone.lower] run data modify entity @s {} merge value {transformation:[-0.8191520442889919f,0f,-0.5735764363510459f,0f,0f,1f,0f,0.47963000000000006f,0.5735764363510459f,0f,-0.8191520442889919f,0f,0f,0f,0f,1f],start_interpolation:0}