execute if entity @s[tag=aj.tultaria.bone.head] run data modify entity @s {} merge value {transformation:[-0.984807753012208f,0.05717268031758119f,-0.16396638140896275f,0f,0f,0.944244757485806f,0.329244343855094f,1.0667877083333333f,0.1736481776669302f,0.3242423824639139f,-0.929899557913154f,0f,0f,0f,0f,1f],start_interpolation:0}
execute if entity @s[tag=aj.tultaria.bone.bust] run data modify entity @s {} merge value {transformation:[-0.8191520442889919f,0f,-0.5735764363510459f,0.696364240320019f,0f,1f,0f,-0.0894622916666667f,0.5735764363510459f,0f,-0.8191520442889919f,0.12278780396897299f,0f,0f,0f,1f],start_interpolation:0}
execute if entity @s[tag=aj.tultaria.bone.left_wing] run data modify entity @s {} merge value {transformation:[-0.2828877300375607f,0.07082772724762088f,-0.9565343513157972f,-0.020500051775818706f,-0.3188359204521376f,0.933614634270492f,0.16342389820773978f,0.9730377083333333f,0.904609411858861f,0.3512081259437375f,-0.24152570100809867f,-0.13824253280806437f,0f,0f,0f,1f],start_interpolation:0}
execute if entity @s[tag=aj.tultaria.bone.right_wing] run data modify entity @s {} merge value {transformation:[-0.9468080909897718f,0.3058031748847153f,0.10019409696550097f,-0.1228940573119427f,0.3188359204521376f,0.933614634270492f,0.16342389820773978f,0.9730377083333333f,-0.04356712827054493f,0.1866765462140431f,-0.9814549263353127f,-0.06654547826418361f,0f,0f,0f,1f],start_interpolation:0}
execute if entity @s[tag=aj.tultaria.bone.body] run data modify entity @s {} merge value {transformation:[-0.8191520442889919f,0f,-0.5735764363510459f,0.696364240320019f,0f,1f,0f,-0.0894622916666667f,0.5735764363510459f,0f,-0.8191520442889919f,0.12278780396897299f,0f,0f,0f,1f],start_interpolation:0}
execute if entity @s[tag=aj.tultaria.bone.left_hand] run data modify entity @s {} merge value {transformation:[-0.8362421148668245f,-0.45279958948555f,-0.30930835275623914f,0.3399160507709519f,-0.5026747074612845f,0.8583865060082408f,0.10242433686227309f,0.713448735947144f,0.21912841851702547f,0.2411330298086135f,-0.9454298483407142f,-0.39205023380647847f,0f,0f,0f,1f],start_interpolation:0}
execute if entity @s[tag=aj.tultaria.bone.left_arm] run data modify entity @s {} merge value {transformation:[-0.8362421148668245f,-0.35376992286163417f,-0.41898206047697795f,0.17918950968821698f,-0.5026747074612845f,0.7998719934161838f,0.3279068962787037f,0.9105377083333333f,0.21912841851702547f,0.48482124110531066f,-0.8467178398801655f,-0.1254698454517913f,0f,0f,0f,1f],start_interpolation:0}
execute if entity @s[tag=aj.tultaria.bone.rod] run data modify entity @s {} merge value {transformation:[-0.0000049192500586664705f,0.000008231297627312972f,-0.000002836673797055587f,-0.5298834434490479f,0.000005026747074612845f,0.000005345459761236056f,0.000006793958624313029f,0.37875075408626957f,0.000007108642114228367f,0.0000019161939650249366f,-0.0000067672304512422885f,0.39071141086662714f,0f,0f,0f,1f],start_interpolation:0}
execute if entity @s[tag=aj.tultaria.bone.right_hand] run data modify entity @s {} merge value {transformation:[-0.491925005866647f,0.3814575092325544f,-0.782623764814994f,-0.48466484808871424f,0.5026747074612845f,0.8583865060082408f,0.10242433686227309f,0.713448735947144f,0.7108642114228366f,-0.34302007951876506f,-0.6140108288663392f,0.18532752743879774f,0f,0f,0f,1f],start_interpolation:0}
execute if entity @s[tag=aj.tultaria.bone.right_arm] run data modify entity @s {} merge value {transformation:[-0.491925005866647f,0.576579382388373f,-0.6523542016479557f,-0.17918950968821698f,0.5026747074612845f,0.7998719934161838f,0.3279068962787037f,0.9105377083333333f,0.7108642114228366f,-0.16661635559891053f,-0.6833089074241064f,0.1254698454517913f,0f,0f,0f,1f],start_interpolation:0}
execute if entity @s[tag=aj.tultaria.bone.skirt] run data modify entity @s {} merge value {transformation:[-0.8191520442889919f,-0.16387610761042795f,-0.5496676720452285f,0.03584852727194037f,0f,0.9583163414837625f,-0.28570927469225893f,0.3636627083333333f,0.5735764363510459f,-0.23403933643648905f,-0.7850067902019717f,0.051197002768061994f,0f,0f,0f,1f],start_interpolation:0}
execute if entity @s[tag=aj.tultaria.bone.left_foot] run data modify entity @s {} merge value {transformation:[-0.8191520442889919f,-0.10651858734472794f,-0.5635988989407706f,0.24279826162133977f,0f,0.982604694373866f,-0.18570948978025198f,-0.03551203172928047f,0.5735764363510459f,-0.1521243081973591f,-0.8049026441243124f,0.1288210039223297f,0f,0f,0f,1f],start_interpolation:0}
execute if entity @s[tag=aj.tultaria.bone.left_leg] run data modify entity @s {} merge value {transformation:[-0.8191520442889919f,-0.16387610761042795f,-0.5496676720452285f,0.10239400553612399f,0f,0.9583163414837625f,-0.28570927469225893f,0.3480377083333333f,0.5735764363510459f,-0.23403933643648905f,-0.7850067902019717f,-0.07169705454388074f,0f,0f,0f,1f],start_interpolation:0}
execute if entity @s[tag=aj.tultaria.bone.right_foot] run data modify entity @s {} merge value {transformation:[-0.8191520442889919f,-0.10651858734472791f,-0.5635988989407706f,0.11151109025740497f,0f,0.9826046943738659f,-0.18570948978025204f,0.08736001722605652f,0.5735764363510459f,-0.152124308197359f,-0.8049026441243124f,0.37718519073339035f,0f,0f,0f,1f],start_interpolation:0}
execute if entity @s[tag=aj.tultaria.bone.right_leg] run data modify entity @s {} merge value {transformation:[-0.8191520442889919f,-0.361750493087288f,-0.44511404054272363f,-0.10239400553612399f,0f,0.7760326476701712f,-0.6306927379873847f,0.3480377083333333f,0.5735764363510459f,-0.5166332456405877f,-0.6356887297740198f,0.07169705454388074f,0f,0f,0f,1f],start_interpolation:0}
execute if entity @s[tag=aj.tultaria.bone.lower] run data modify entity @s {} merge value {transformation:[-0.8191520442889919f,0f,-0.5735764363510459f,0f,0f,1f,0f,0.4105377083333333f,0.5735764363510459f,0f,-0.8191520442889919f,0f,0f,0f,0f,1f],start_interpolation:0}