execute if entity @s[tag=aj.tultaria.bone.head] run data modify entity @s {} merge value {transformation:[-0.984807753012208f,0.030153689607045765f,-0.17101007166283427f,0f,0f,0.984807753012208f,0.17364817766693036f,1.1993368623388094f,0.1736481776669302f,0.17101007166283436f,-0.9698463103929542f,0f,0f,0f,0f,1f],start_interpolation:0}
execute if entity @s[tag=aj.tultaria.bone.bust] run data modify entity @s {} merge value {transformation:[-0.8191520442889919f,0f,-0.5735764363510459f,0.696364240320019f,0f,1f,0f,0.04308686233880954f,0.5735764363510459f,0f,-0.8191520442889919f,0.12278780396897299f,0f,0f,0f,1f],start_interpolation:0}
execute if entity @s[tag=aj.tultaria.bone.left_wing] run data modify entity @s {} merge value {transformation:[-0.506033764121164f,0f,-0.8625136692072574f,-0.020500051775818706f,0f,1f,0f,1.1055868623388094f,0.8625136692072574f,0f,-0.506033764121164f,-0.13824253280806437f,0f,0f,0f,1f],start_interpolation:0}
execute if entity @s[tag=aj.tultaria.bone.right_wing] run data modify entity @s {} merge value {transformation:[-0.9835714708133859f,0f,-0.1805191452505598f,-0.1228940573119427f,0f,1f,0f,1.1055868623388094f,0.1805191452505598f,0f,-0.9835714708133859f,-0.06654547826418361f,0f,0f,0f,1f],start_interpolation:0}
execute if entity @s[tag=aj.tultaria.bone.body] run data modify entity @s {} merge value {transformation:[-0.8191520442889919f,0f,-0.5735764363510459f,0.696364240320019f,0f,1f,0f,0.04308686233880954f,0.5735764363510459f,0f,-0.8191520442889919f,0.12278780396897299f,0f,0f,0f,1f],start_interpolation:0}
execute if entity @s[tag=aj.tultaria.bone.left_hand] run data modify entity @s {} merge value {transformation:[-0.9029885161807791f,-0.3766789440982157f,-0.20669957116232301f,0.2765737236369613f,-0.29078104653839904f,0.8899133940854982f,-0.3514264275794611f,0.7908394288322877f,0.3163196525979193f,-0.2572297107650709f,-0.9131126728285233f,-0.37572918026861307f,0f,0f,0f,1f],start_interpolation:0}
execute if entity @s[tag=aj.tultaria.bone.left_arm] run data modify entity @s {} merge value {transformation:[-0.9029885161807791f,-0.14712711915898471f,-0.40368967097711683f,0.17918950968821698f,-0.29078104653839904f,0.9009526195347668f,0.3220726010195143f,1.0430868623388094f,0.3163196525979193f,0.40821316510056327f,-0.8563316467461143f,-0.1254698454517913f,0f,0f,0f,1f],start_interpolation:0}
execute if entity @s[tag=aj.tultaria.bone.rod] run data modify entity @s {} merge value {transformation:[-0.000006060835050814102f,0.0000047691859772041666f,-0.000006365622012157367f,-0.3069130917779614f,0.0000029078104653839906f,0.000008777598056561923f,0.0000038076778559699224f,0.5010502094976587f,0.0000074034395239122854f,4.567685106041309e-7f,-0.000006706746285904508f,0.3604320252588484f,0f,0f,0f,1f],start_interpolation:0}
execute if entity @s[tag=aj.tultaria.bone.sword] run data modify entity @s {} merge value {transformation:[-0.000006060835050814102f,-0.000001128850746045973f,-0.000007873498236487687f,-0.36276022429529153f,0.0000029078104653839906f,0.000008899133940854983f,-0.000003514264275794611f,0.4936640034091963f,0.0000074034395239122854f,-0.0000044194016671801095f,-0.000005065369889741429f,0.35982385241291137f,0f,0f,0f,1f],start_interpolation:0}
execute if entity @s[tag=aj.tultaria.bone.right_hand] run data modify entity @s {} merge value {transformation:[-0.6060835050814102f,-0.11288507460459729f,-0.7873498236487686f,-0.4476637227107815f,0.29078104653839904f,0.8899133940854982f,-0.3514264275794611f,0.7908394288322877f,0.7403439523912285f,-0.4419401667180109f,-0.5065369889741429f,0.13138733911782646f,0f,0f,0f,1f],start_interpolation:0}
execute if entity @s[tag=aj.tultaria.bone.right_arm] run data modify entity @s {} merge value {transformation:[-0.6060835050814102f,0.4339153373345077f,-0.6666185302660831f,-0.17918950968821698f,0.29078104653839904f,0.9009526195347668f,0.3220726010195143f,1.0430868623388094f,0.7403439523912285f,0.0013628570439327137f,-0.6722268774591001f,0.1254698454517913f,0f,0f,0f,1f],start_interpolation:0}
execute if entity @s[tag=aj.tultaria.bone.skirt] run data modify entity @s {} merge value {transformation:[-0.8191520442889919f,-0.00860896243259127f,-0.5735118255999607f,0.03464163931919707f,0f,0.9998873545930577f,-0.015009267966723666f,0.49353026524182647f,0.5735764363510459f,-0.012294872538222965f,-0.8190597705736153f,0.049473388143990576f,0f,0f,0f,1f],start_interpolation:0}
execute if entity @s[tag=aj.tultaria.bone.left_foot] run data modify entity @s {} merge value {transformation:[-0.8191520442889919f,0.18389605658798358f,-0.5432974955846517f,0.1726149593892441f,0f,0.9472102777460288f,0.32061299058567616f,0.043190008374381195f,0.5735764363510459f,0.26263078666386397f,-0.7759092353872035f,0.02858886073298275f,0f,0f,0f,1f],start_interpolation:0}
execute if entity @s[tag=aj.tultaria.bone.left_leg] run data modify entity @s {} merge value {transformation:[-0.8191520442889919f,-0.00020021594245767105f,-0.5735764014067715f,0.10083031473857242f,0f,0.9999999390765166f,-0.00034906584331008406f,0.4806463484899434f,0.5735764363510459f,-0.0002859379991389105f,-0.819151994383396f,-0.07393023643956502f,0f,0f,0f,1f],start_interpolation:0}
execute if entity @s[tag=aj.tultaria.bone.right_foot] run data modify entity @s {} merge value {transformation:[-0.8191520442889919f,0.2537761510222949f,-0.5143807864894205f,0.0628376927574812f,0f,0.8967955339340405f,0.44244521730487607f,0.1306931265707275f,0.5735764363510459f,0.3624299042411765f,-0.7346118949313074f,0.3076723751125075f,0f,0f,0f,1f],start_interpolation:0}
execute if entity @s[tag=aj.tultaria.bone.right_leg] run data modify entity @s {} merge value {transformation:[-0.8191520442889919f,-0.2312808693742237f,-0.524880069919471f,-0.10395769633367556f,0f,0.9151004759864798f,-0.40322589059895214f,0.4806463484899434f,0.5735764363510459f,-0.33030331259438106f,-0.7496064256341545f,0.06946387264819646f,0f,0f,0f,1f],start_interpolation:0}
execute if entity @s[tag=aj.tultaria.bone.lower] run data modify entity @s {} merge value {transformation:[-0.8191520442889919f,0.02501905276082526f,-0.5730305186777721f,0f,0f,0.9990482215818578f,0.043619387365336f,0.5430868623388095f,0.5735764363510459f,0.03573091033094841f,-0.8183723930520606f,0f,0f,0f,0f,1f],start_interpolation:0}