execute if entity @s[tag=aj.tultaria.bone.head] run data modify entity @s {} merge value {transformation:[-0.984807753012208f,0.06635699008437784f,-0.16046943470327157f,0f,0f,0.9241066440159457f,0.3821346758481703f,1.0353300694444445f,0.1736481776669302f,0.3763291914700851f,-0.910067387636996f,0f,0f,0f,0f,1f],start_interpolation:0}
execute if entity @s[tag=aj.tultaria.bone.bust] run data modify entity @s {} merge value {transformation:[-0.8191520442889919f,0f,-0.5735764363510459f,0.696364240320019f,0f,1f,0f,-0.12091993055555555f,0.5735764363510459f,0f,-0.8191520442889919f,0.12278780396897299f,0f,0f,0f,1f],start_interpolation:0}
execute if entity @s[tag=aj.tultaria.bone.left_wing] run data modify entity @s {} merge value {transformation:[-0.1703533597520555f,0.11416856002074198f,-0.9787467868268978f,-0.020500051775818706f,-0.3964332734061268f,0.9013955046099659f,0.17414592732948997f,0.9415800694444445f,0.9021199435538989f,0.4176741363452316f,-0.10829553670662045f,-0.13824253280806437f,0f,0f,0f,1f],start_interpolation:0}
execute if entity @s[tag=aj.tultaria.bone.right_wing] run data modify entity @s {} merge value {transformation:[-0.9059797345398062f,0.353437356555162f,0.23298659960281304f,-0.1228940573119427f,0.3964332734061268f,0.9013955046099659f,0.17414592732948997f,0.9415800694444445f,-0.14846339730615532f,0.2501363213534655f,-0.9567603881850828f,-0.06654547826418361f,0f,0f,0f,1f],start_interpolation:0}
execute if entity @s[tag=aj.tultaria.bone.body] run data modify entity @s {} merge value {transformation:[-0.8191520442889919f,0f,-0.5735764363510459f,0.696364240320019f,0f,1f,0f,-0.12091993055555555f,0.5735764363510459f,0f,-0.8191520442889919f,0.12278780396897299f,0f,0f,0f,1f],start_interpolation:0}
execute if entity @s[tag=aj.tultaria.bone.left_hand] run data modify entity @s {} merge value {transformation:[-0.7955799301674579f,-0.4661059795744822f,-0.38703719526636626f,0.36148332383240855f,-0.5806021074374115f,0.7690632791582178f,0.2672879823142929f,0.7097571873599693f,0.1730715677226607f,0.43736356553252304f,-0.8824734239571745f,-0.39720669320595564f,0f,0f,0f,1f],start_interpolation:0}
execute if entity @s[tag=aj.tultaria.bone.left_arm] run data modify entity @s {} merge value {transformation:[-0.7955799301674579f,-0.42978905648870264f,-0.4270057864213245f,0.17918950968821698f,-0.5806021074374115f,0.7422063125426146f,0.33471029631777294f,0.8790800694444445f,0.1730715677226607f,0.5142092536550131f,-0.8400208782533771f,-0.1254698454517913f,0f,0f,0f,1f],start_interpolation:0}
execute if entity @s[tag=aj.tultaria.bone.rod] run data modify entity @s {} merge value {transformation:[-0.000004347384367997326f,0.00000896105249110228f,-8.943083408993332e-7f,-0.6236787267190034f,0.000005806021074374115f,0.0000035480871503023215f,0.000007328110046784453f,0.387947459886351f,0.000006884066272256258f,0.000002666573799010481f,-0.0000067452958225429f,0.3951739322683628f,0f,0f,0f,1f],start_interpolation:0}
execute if entity @s[tag=aj.tultaria.bone.right_hand] run data modify entity @s {} merge value {transformation:[-0.43473843679973256f,0.5704049490705416f,-0.6968792475348635f,-0.4968867767594082f,0.5806021074374115f,0.7690632791582178f,0.2672879823142929f,0.7097571873599693f,0.6884066272256257f,-0.288409200141469f,-0.6655196833044059f,0.20383052180226113f,0f,0f,0f,1f],start_interpolation:0}
execute if entity @s[tag=aj.tultaria.bone.right_arm] run data modify entity @s {} merge value {transformation:[-0.43473843679973256f,0.6301951558995152f,-0.6433168403280848f,-0.17918950968821698f,0.5806021074374115f,0.7422063125426146f,0.33471029631777294f,0.8790800694444445f,0.6884066272256257f,-0.22799968224249884f,-0.6885582477097767f,0.1254698454517913f,0f,0f,0f,1f],start_interpolation:0}
execute if entity @s[tag=aj.tultaria.bone.skirt] run data modify entity @s {} merge value {transformation:[-0.8191520442889919f,-0.21893158686547878f,-0.5301498737241468f,0.03584852727194037f,0f,0.9242880985432937f,-0.38169557358086115f,0.33220506944444445f,0.5735764363510459f,-0.3126667093948217f,-0.7571324854337242f,0.051197002768061994f,0f,0f,0f,1f],start_interpolation:0}
execute if entity @s[tag=aj.tultaria.bone.left_foot] run data modify entity @s {} merge value {transformation:[-0.8191520442889919f,-0.2183647241513163f,-0.5303836117221996f,0.2644453090052893f,0f,0.9246956083070138f,-0.3807072785982975f,-0.04008402697063895f,0.5735764363510459f,-0.3118571455394942f,-0.7574662978897432f,0.15973619149556928f,0f,0f,0f,1f],start_interpolation:0}
execute if entity @s[tag=aj.tultaria.bone.left_leg] run data modify entity @s {} merge value {transformation:[-0.8191520442889919f,-0.21893158686547878f,-0.5301498737241468f,0.10239400553612399f,0f,0.9242880985432937f,-0.38169557358086115f,0.31658006944444445f,0.5735764363510459f,-0.3126667093948217f,-0.7571324854337242f,-0.07169705454388074f,0f,0f,0f,1f],start_interpolation:0}
execute if entity @s[tag=aj.tultaria.bone.right_foot] run data modify entity @s {} merge value {transformation:[-0.8191520442889919f,-0.21836472415131628f,-0.5303836117221996f,0.12560900390475646f,0f,0.9246956083070139f,-0.3807072785982974f,0.09518412888522287f,0.5735764363510459f,-0.311857145539494f,-0.7574662978897434f,0.3973190980080778f,0f,0f,0f,1f],start_interpolation:0}
execute if entity @s[tag=aj.tultaria.bone.right_leg] run data modify entity @s {} merge value {transformation:[-0.8191520442889919f,-0.4051459854699081f,-0.40601312638236525f,-0.10239400553612399f,0f,0.7078622841714388f,-0.7063504701262634f,0.31658006944444445f,0.5735764363510459f,-0.5786084315884191f,-0.5798468371541095f,0.07169705454388074f,0f,0f,0f,1f],start_interpolation:0}
execute if entity @s[tag=aj.tultaria.bone.lower] run data modify entity @s {} merge value {transformation:[-0.8191520442889919f,0f,-0.5735764363510459f,0f,0f,1f,0f,0.37908006944444445f,0.5735764363510459f,0f,-0.8191520442889919f,0f,0f,0f,0f,1f],start_interpolation:0}