execute if entity @s[tag=aj.tultaria.bone.head] run data modify entity @s {} merge value {transformation:[-0.9848077530122081f,0.06233406736052309f,-0.16207453116803855f,0f,0f,0.9333500261598445f,0.35896758721006766f,1.0491929861111111f,0.17364817766693008f,0.3535140629645606f,-0.9191703420363622f,0f,0f,0f,0f,1f],start_interpolation:0}
execute if entity @s[tag=aj.tultaria.bone.bust] run data modify entity @s {} merge value {transformation:[-0.8191520442889919f,0f,-0.5735764363510459f,0.696364240320019f,0f,1f,0f,-0.10705701388888889f,0.5735764363510459f,0f,-0.8191520442889919f,0.12278780396897299f,0f,0f,0f,1f],start_interpolation:0}
execute if entity @s[tag=aj.tultaria.bone.left_wing] run data modify entity @s {} merge value {transformation:[-0.22090448153866782f,0.0944485502811054f,-0.9707114305425326f,-0.020500051775818706f,-0.36489710808848475f,0.9150096039518018f,0.17206837357465693f,0.9554429861111111f,0.9044618900455638f,0.39222046864711757f,-0.16766571930314939f,-0.13824253280806437f,0f,0f,0f,1f],start_interpolation:0}
execute if entity @s[tag=aj.tultaria.bone.right_wing] run data modify entity @s {} merge value {transformation:[-0.9254699462950295f,0.3362633734048417f,0.17444862341409145f,-0.1228940573119427f,0.36489710808848475f,0.9150096039518018f,0.17206837357465693f,0.9554429861111111f,-0.10176187406556625f,0.22289990664502982f,-0.9695154215402151f,-0.06654547826418361f,0f,0f,0f,1f],start_interpolation:0}
execute if entity @s[tag=aj.tultaria.bone.body] run data modify entity @s {} merge value {transformation:[-0.8191520442889919f,0f,-0.5735764363510459f,0.696364240320019f,0f,1f,0f,-0.10705701388888889f,0.5735764363510459f,0f,-0.8191520442889919f,0.12278780396897299f,0f,0f,0f,1f],start_interpolation:0}
execute if entity @s[tag=aj.tultaria.bone.left_hand] run data modify entity @s {} merge value {transformation:[-0.8143044449682981f,-0.46249019173625694f,-0.35072937352413486f,0.3522655422862476f,-0.5470856963786908f,0.8134281873687946f,0.19756473574947578f,0.7111044461067559f,0.1939214060456319f,0.35275686604469864f,-0.9153999572512593f,-0.3951393094428222f,0f,0f,0f,1f],start_interpolation:0}
execute if entity @s[tag=aj.tultaria.bone.left_arm] run data modify entity @s {} merge value {transformation:[-0.8143044449682981f,-0.3969154400631071f,-0.423516710820697f,0.17918950968821698f,-0.5470856963786908f,0.768614338770744f,0.3315557857342485f,0.8929429861111111f,0.1939214060456319f,0.5016872847457088f,-0.8430328324577656f,-0.1254698454517913f,0f,0f,0f,1f],start_interpolation:0}
execute if entity @s[tag=aj.tultaria.bone.rod] run data modify entity @s {} merge value {transformation:[-0.00000460735037252295f,0.000008696720867602206f,-0.0000017718263729341508f,-0.5828856398471534f,0.000005470856963786908f,0.000004354812229249736f,0.00000714879951668539f,0.3813732838747735f,0.000006988708509202322f,0.000002324361546530422f,-0.000006764266166733371f,0.39393935591966556f,0f,0f,0f,1f],start_interpolation:0}
execute if entity @s[tag=aj.tultaria.bone.right_hand] run data modify entity @s {} merge value {transformation:[-0.4607350372522949f,0.4896639856181172f,-0.7402380742954977f,-0.49179140452729664f,0.5470856963786908f,0.8134281873687946f,0.19756473574947578f,0.7111044461067559f,0.6988708509202322f,-0.31394866647669883f,-0.6426630287728812f,0.19587572739429326f,0f,0f,0f,1f],start_interpolation:0}
execute if entity @s[tag=aj.tultaria.bone.right_arm] run data modify entity @s {} merge value {transformation:[-0.4607350372522949f,0.6071849151162162f,-0.6473404856050946f,-0.17918950968821698f,0.5470856963786908f,0.768614338770744f,0.3315557857342485f,0.8929429861111111f,0.6988708509202322f,-0.20139135306990014f,-0.6863097381231782f,0.1254698454517913f,0f,0f,0f,1f],start_interpolation:0}
execute if entity @s[tag=aj.tultaria.bone.skirt] run data modify entity @s {} merge value {transformation:[-0.8191520442889919f,-0.19491596567238584f,-0.5394420215956176f,0.03584852727194037f,0f,0.9404884639742469f,-0.3398256157669131f,0.3460679861111111f,0.5735764363510459f,-0.27836884785723237f,-0.7704030478947183f,0.051197002768061994f,0f,0f,0f,1f],start_interpolation:0}
execute if entity @s[tag=aj.tultaria.bone.left_foot] run data modify entity @s {} merge value {transformation:[-0.8191520442889919f,-0.16992194292891785f,-0.5478288616424175f,0.25509999321724497f,0f,0.9551104733792269f,-0.296249866905133f,-0.03854251490675775f,0.5735764363510459f,-0.24267368409568152f,-0.7823806967904205f,0.14638969738049817f,0f,0f,0f,1f],start_interpolation:0}
execute if entity @s[tag=aj.tultaria.bone.left_leg] run data modify entity @s {} merge value {transformation:[-0.8191520442889919f,-0.19491596567238584f,-0.5394420215956176f,0.10239400553612399f,0f,0.9404884639742469f,-0.3398256157669131f,0.3304429861111111f,0.5735764363510459f,-0.27836884785723237f,-0.7704030478947183f,-0.07169705454388074f,0f,0f,0f,1f],start_interpolation:0}
execute if entity @s[tag=aj.tultaria.bone.right_foot] run data modify entity @s {} merge value {transformation:[-0.8191520442889919f,-0.1699219429289178f,-0.5478288616424175f,0.11967958404755236f,0f,0.955110473379227f,-0.2962498669051329f,0.09142846757213627f,0.5735764363510459f,-0.2426736840956814f,-0.7823806967904205f,0.38885100885787466f,0f,0f,0f,1f],start_interpolation:0}
execute if entity @s[tag=aj.tultaria.bone.right_leg] run data modify entity @s {} merge value {transformation:[-0.8191520442889919f,-0.3865143956305636f,-0.42378833196243804f,-0.10239400553612399f,0f,0.738852409381523f,-0.6738672845235316f,0.3304429861111111f,0.5735764363510459f,-0.5519997636969227f,-0.6052324615727217f,0.07169705454388074f,0f,0f,0f,1f],start_interpolation:0}
execute if entity @s[tag=aj.tultaria.bone.lower] run data modify entity @s {} merge value {transformation:[-0.8191520442889919f,0f,-0.5735764363510459f,0f,0f,1f,0f,0.3929429861111111f,0.5735764363510459f,0f,-0.8191520442889919f,0f,0f,0f,0f,1f],start_interpolation:0}