execute if entity @s[tag=aj.tultaria.bone.head] run data modify entity @s {} merge value {transformation:[-0.984807753012208f,0.05250598051016342f,-0.16551982243136948f,0f,1.3877787807814457e-17f,0.953190667792947f,0.3023698907504444f,1.08253f,0.17364817766693014f,0.297776212688492f,-0.9387095597413784f,0f,0f,0f,0f,1f],start_interpolation:0}
execute if entity @s[tag=aj.tultaria.bone.bust] run data modify entity @s {} merge value {transformation:[-0.8191520442889919f,0f,-0.5735764363510459f,0.696364240320019f,0f,1f,0f,-0.07371999999999995f,0.5735764363510459f,0f,-0.8191520442889919f,0.12278780396897299f,0f,0f,0f,1f],start_interpolation:0}
execute if entity @s[tag=aj.tultaria.bone.left_wing] run data modify entity @s {} merge value {transformation:[-0.33574476961202f,0.05169988989730792f,-0.9405331312945748f,-0.020500051775818706f,-0.27225193512724677f,0.9505511214203548f,0.149437108463645f,0.98878f,0.9017507047391985f,0.3062346925988498f,-0.30506717219531654f,-0.13824253280806437f,0f,0f,0f,1f],start_interpolation:0}
execute if entity @s[tag=aj.tultaria.bone.right_wing] run data modify entity @s {} merge value {transformation:[-0.962199957255464f,0.27008407711118154f,0.03501190581194791f,-0.1228940573119427f,0.27225193512724677f,0.9505511214203548f,0.149437108463645f,0.98878f,0.007079977192956277f,0.153320438485895f,-0.9881511610403745f,-0.06654547826418361f,0f,0f,0f,1f],start_interpolation:0}
execute if entity @s[tag=aj.tultaria.bone.body] run data modify entity @s {} merge value {transformation:[-0.8191520442889919f,0f,-0.5735764363510459f,0.696364240320019f,0f,1f,0f,-0.07371999999999995f,0.5735764363510459f,0f,-0.8191520442889919f,0.12278780396897299f,0f,0f,0f,1f],start_interpolation:0}
execute if entity @s[tag=aj.tultaria.bone.left_hand] run data modify entity @s {} merge value {transformation:[-0.8540579086564578f,-0.44016518884677214f,-0.2771997387964913f,0.32827867084495876f,-0.46127664030363613f,0.8871687591488143f,0.012468115356499776f,0.7161892861769475f,0.24043491795400154f,0.13851425673135065f,-0.9607314145538355f,-0.3888640395618729f,0f,0f,0f,1f],start_interpolation:0}
execute if entity @s[tag=aj.tultaria.bone.left_arm] run data modify entity @s {} merge value {transformation:[-0.8540579086564578f,-0.3139115696858496f,-0.4147826118326606f,0.17918950968821698f,-0.46127664030363613f,0.8256030400976674f,0.3249668926085846f,0.92628f,0.24043491795400154f,0.46887007432641226f,-0.8499128800233569f,-0.1254698454517913f,0f,0f,0f,1f],start_interpolation:0}
execute if entity @s[tag=aj.tultaria.bone.rod] run data modify entity @s {} merge value {transformation:[-0.000005180399265077435f,0.000007698204438755445f,-0.0000037284194873312143f,-0.4819573654285546f,0.000004612766403036362f,0.000006185067567337844f,0.0000063613933456817875f,0.3819424870765797f,0.000007203183293891956f,0.0000015756229265250932f,-0.000006755113827908774f,0.38645770838085675f,0f,0f,0f,1f],start_interpolation:0}
execute if entity @s[tag=aj.tultaria.bone.right_hand] run data modify entity @s {} merge value {transformation:[-0.5180399265077434f,0.2807061859004382f,-0.8079843264204327f,-0.4776905865184444f,0.46127664030363613f,0.8871687591488143f,0.012468115356499776f,0.7161892861769475f,0.7203183293891956f,-0.3662453139462424f,-0.5890720451340197f,0.1754817100092634f,0f,0f,0f,1f],start_interpolation:0}
execute if entity @s[tag=aj.tultaria.bone.right_arm] run data modify entity @s {} merge value {transformation:[-0.5180399265077434f,0.5479578290074101f,-0.6567928533208456f,-0.17918950968821698f,0.46127664030363613f,0.8256030400976674f,0.3249668926085846f,0.92628f,0.7203183293891956f,-0.13461737559087758f,-0.6804554846093775f,0.1254698454517913f,0f,0f,0f,1f],start_interpolation:0}
execute if entity @s[tag=aj.tultaria.bone.skirt] run data modify entity @s {} merge value {transformation:[-0.8191520442889919f,-0.13565025191346458f,-0.55730506681079f,0.03584852727194037f,0f,0.971631732914674f,-0.2364989970237246f,0.37940500000000005f,0.5735764363510459f,-0.19372863688428021f,-0.7959141203131109f,0.051197002768061994f,0f,0f,0f,1f],start_interpolation:0}
execute if entity @s[tag=aj.tultaria.bone.left_foot] run data modify entity @s {} merge value {transformation:[-0.8191520442889919f,-0.0485941540371994f,-0.5715142487555095f,0.23140412409961347f,0f,0.9964046856445924f,-0.08472132214207334f,-0.03174650852220423f,0.5735764363510459f,-0.0693996442275456f,-0.8162069351848983f,0.11254848913213074f,0f,0f,0f,1f],start_interpolation:0}
execute if entity @s[tag=aj.tultaria.bone.left_leg] run data modify entity @s {} merge value {transformation:[-0.8191520442889919f,-0.13565025191346458f,-0.55730506681079f,0.10239400553612399f,0f,0.971631732914674f,-0.2364989970237246f,0.36378000000000005f,0.5735764363510459f,-0.19372863688428021f,-0.7959141203131109f,-0.07169705454388074f,0f,0f,0f,1f],start_interpolation:0}
execute if entity @s[tag=aj.tultaria.bone.right_foot] run data modify entity @s {} merge value {transformation:[-0.8191520442889919f,-0.04859415403719927f,-0.5715142487555096f,0.10361315892181294f,0f,0.9964046856445925f,-0.08472132214207323f,0.08443518349923668f,0.5735764363510459f,-0.06939964422754547f,-0.8162069351848983f,0.3659057758390785f,0f,0f,0f,1f],start_interpolation:0}
execute if entity @s[tag=aj.tultaria.bone.right_leg] run data modify entity @s {} merge value {transformation:[-0.8191520442889919f,-0.33859590716445864f,-0.4629716405878904f,-0.10239400553612399f,0f,0.8071664232464004f,-0.5903239493562944f,0.36378000000000005f,0.5735764363510459f,-0.4835650699079599f,-0.6611920256837226f,0.07169705454388074f,0f,0f,0f,1f],start_interpolation:0}
execute if entity @s[tag=aj.tultaria.bone.lower] run data modify entity @s {} merge value {transformation:[-0.8191520442889919f,0f,-0.5735764363510459f,0f,0f,1f,0f,0.42628000000000005f,0.5735764363510459f,0f,-0.8191520442889919f,0f,0f,0f,0f,1f],start_interpolation:0}