execute if entity @s[tag=aj.tultaria.bone.head] run data modify entity @s {} merge value {transformation:[-0.9848077530122081f,0.03639988145340943f,-0.16979027721640455f,0f,-6.938893903907228e-18f,0.9777832367586062f,0.20961856290382175f,1.13588f,0.1736481776669303f,0.20643398592296092f,-0.9629285123252469f,0f,0f,0f,0f,1f],start_interpolation:0}
execute if entity @s[tag=aj.tultaria.bone.bust] run data modify entity @s {} merge value {transformation:[-0.8191520442889919f,0f,-0.5735764363510459f,0.696364240320019f,0f,1f,0f,-0.02037f,0.5735764363510459f,0f,-0.8191520442889919f,0.12278780396897299f,0f,0f,0f,1f],start_interpolation:0}
execute if entity @s[tag=aj.tultaria.bone.left_wing] run data modify entity @s {} merge value {transformation:[-0.4904122582396062f,0.007312641675084712f,-0.8714598913547666f,-0.020500051775818706f,-0.08248507167529812f,0.9950862492342533f,0.054768326025417605f,1.04213f,0.8675782557896727f,0.09874149004667349f,-0.4873993108574447f,-0.13824253280806437f,0f,0f,0f,1f],start_interpolation:0}
execute if entity @s[tag=aj.tultaria.bone.right_wing] run data modify entity @s {} merge value {transformation:[-0.9829877557716398f,0.09028557880846255f,-0.15994869884514845f,-0.1228940573119427f,0.08248507167529812f,0.9950862492342533f,0.054768326025417605f,1.04213f,0.1641075408192934f,0.040643213998482f,-0.9856048113732591f,-0.06654547826418361f,0f,0f,0f,1f],start_interpolation:0}
execute if entity @s[tag=aj.tultaria.bone.body] run data modify entity @s {} merge value {transformation:[-0.8191520442889919f,0f,-0.5735764363510459f,0.696364240320019f,0f,1f,0f,-0.02037f,0.5735764363510459f,0f,-0.8191520442889919f,0.12278780396897299f,0f,0f,0f,1f],start_interpolation:0}
execute if entity @s[tag=aj.tultaria.bone.left_hand] run data modify entity @s {} merge value {transformation:[-0.9007863288905249f,-0.3816913745047186f,-0.2071127333425682f,0.2851184733494246f,-0.31085817098935076f,0.8997780179798487f,-0.30621351356432747f,0.7304887469031106f,0.30323454158965235f,-0.2114502612648037f,-0.9291596201934089f,-0.3753695816720887f,0f,0f,0f,1f],start_interpolation:0}
execute if entity @s[tag=aj.tultaria.bone.left_arm] run data modify entity @s {} merge value {transformation:[-0.9007863288905249f,-0.17131754447338807f,-0.3990417129067333f,0.17918950968821698f,-0.31085817098935076f,0.896019965201159f,0.31704166838141207f,0.97963f,0.30323454158965235f,0.40963217758926407f,-0.8603779935995521f,-0.1254698454517913f,0f,0f,0f,1f],start_interpolation:0}
execute if entity @s[tag=aj.tultaria.bone.rod] run data modify entity @s {} merge value {transformation:[-0.000005930343304121346f,0.000005191122613010242f,-0.000006154939017728514f,-0.3244052812640056f,0.0000031085817098935078f,0.000008527647900084372f,0.000004197134861438476f,0.43134867935620835f,0.000007427499447874681f,5.757319766005165e-7f,-0.000006670890843278806f,0.36521377530449417f,0f,0f,0f,1f],start_interpolation:0}
execute if entity @s[tag=aj.tultaria.bone.right_hand] run data modify entity @s {} merge value {transformation:[-0.5930343304121346f,-0.0681521115595129f,-0.8022877118855871f,-0.45024828708452125f,0.31085817098935076f,0.8997780179798487f,-0.30621351356432747f,0.7304887469031106f,0.742749944787468f,-0.43099281670375295f,-0.5124136136637849f,0.13953976733261367f,0f,0f,0f,1f],start_interpolation:0}
execute if entity @s[tag=aj.tultaria.bone.right_arm] run data modify entity @s {} merge value {transformation:[-0.5930343304121346f,0.443522385632084f,-0.672010547830803f,-0.17918950968821698f,0.31085817098935076f,0.896019965201159f,0.31704166838141207f,0.97963f,0.742749944787468f,-0.020883376262918363f,-0.6692431576893967f,0.1254698454517913f,0f,0f,0f,1f],start_interpolation:0}
execute if entity @s[tag=aj.tultaria.bone.skirt] run data modify entity @s {} merge value {transformation:[-0.8191520442889919f,-0.03781336953726312f,-0.5723286445927758f,0.03584852727194037f,0f,0.9978245414574415f,-0.06592559795137785f,0.432755f,0.5735764363510459f,-0.054003088332845346f,-0.8173700129765892f,0.051197002768061994f,0f,0f,0f,1f],start_interpolation:0}
execute if entity @s[tag=aj.tultaria.bone.left_foot] run data modify entity @s {} merge value {transformation:[-0.8191520442889919f,0.14787224299679103f,-0.5541874485120205f,0.19047843528277358f,0f,0.9661963312817149f,0.25780738821405974f,-0.01117753714370845f,0.5735764363510459f,0.2111834490883528f,-0.7914616999539408f,0.05410054822381273f,0f,0f,0f,1f],start_interpolation:0}
execute if entity @s[tag=aj.tultaria.bone.left_leg] run data modify entity @s {} merge value {transformation:[-0.8191520442889919f,-0.03781336953726312f,-0.5723286445927758f,0.10239400553612399f,0f,0.9978245414574415f,-0.06592559795137785f,0.41713f,0.5735764363510459f,-0.054003088332845346f,-0.8173700129765892f,-0.07169705454388074f,0f,0f,0f,1f],start_interpolation:0}
execute if entity @s[tag=aj.tultaria.bone.right_foot] run data modify entity @s {} merge value {transformation:[-0.8191520442889919f,0.14787224299679105f,-0.5541874485120205f,0.0729981294264678f,0f,0.9661963312817148f,0.25780738821405974f,0.08019432528632198f,0.5735764363510459f,0.2111834490883528f,-0.7914616999539407f,0.3221829824889502f,0f,0f,0f,1f],start_interpolation:0}
execute if entity @s[tag=aj.tultaria.bone.right_leg] run data modify entity @s {} merge value {transformation:[-0.8191520442889919f,-0.2539556883243862f,-0.5142921705653827f,-0.10239400553612399f,0f,0.8966410367852359f,-0.4427582310389015f,0.41713f,0.5735764363510459f,-0.36268631008129393f,-0.7344853382760271f,0.07169705454388074f,0f,0f,0f,1f],start_interpolation:0}
execute if entity @s[tag=aj.tultaria.bone.lower] run data modify entity @s {} merge value {transformation:[-0.8191520442889919f,0f,-0.5735764363510459f,0f,0f,1f,0f,0.47963f,0.5735764363510459f,0f,-0.8191520442889919f,0f,0f,0f,0f,1f],start_interpolation:0}