execute if entity @s[tag=aj.tultaria.bone.head] run data modify entity @s {} merge value {transformation:[-0.984807753012208f,0.030153689607045765f,-0.17101007166283427f,0f,0f,0.984807753012208f,0.17364817766693036f,1.1294896008868207f,0.1736481776669302f,0.17101007166283436f,-0.9698463103929542f,0f,0f,0f,0f,1f],start_interpolation:0}
execute if entity @s[tag=aj.tultaria.bone.bust] run data modify entity @s {} merge value {transformation:[-0.8191520442889919f,0f,-0.5735764363510459f,0.696364240320019f,0f,1f,0f,-0.0267603991131794f,0.5735764363510459f,0f,-0.8191520442889919f,0.12278780396897299f,0f,0f,0f,1f],start_interpolation:0}
execute if entity @s[tag=aj.tultaria.bone.left_wing] run data modify entity @s {} merge value {transformation:[-0.4481166880344598f,0f,-0.8939750745434834f,-0.020500051775818706f,0f,1f,0f,1.0357396008868207f,0.8939750745434834f,0f,-0.4481166880344598f,-0.13824253280806437f,0f,0f,0f,1f],start_interpolation:0}
execute if entity @s[tag=aj.tultaria.bone.right_wing] run data modify entity @s {} merge value {transformation:[-0.9933267145832136f,0f,-0.11533446187206486f,-0.1228940573119427f,0f,1f,0f,1.0357396008868207f,0.11533446187206486f,0f,-0.9933267145832136f,-0.06654547826418361f,0f,0f,0f,1f],start_interpolation:0}
execute if entity @s[tag=aj.tultaria.bone.body] run data modify entity @s {} merge value {transformation:[-0.8191520442889919f,0f,-0.5735764363510459f,0.696364240320019f,0f,1f,0f,-0.0267603991131794f,0.5735764363510459f,0f,-0.8191520442889919f,0.12278780396897299f,0f,0f,0f,1f],start_interpolation:0}
execute if entity @s[tag=aj.tultaria.bone.left_hand] run data modify entity @s {} merge value {transformation:[-0.8818056634098768f,-0.4089384001424544f,-0.23492159727704265f,0.29233041062390186f,-0.3626626592214248f,0.9064142555943991f,-0.21653866366470453f,0.7394284262068556f,0.3014872594069471f,-0.10574772878970595f,-0.9475879116320063f,-0.38676213127407966f,0f,0f,0f,1f],start_interpolation:0}
execute if entity @s[tag=aj.tultaria.bone.left_arm] run data modify entity @s {} merge value {transformation:[-0.8818056634098768f,-0.2045400507941195f,-0.424949573007676f,0.17918950968821698f,-0.3626626592214248f,0.8701081158602166f,0.3337479023464096f,0.9732396008868206f,0.3014872594069471f,0.4484141326222033f,-0.8414453030827168f,-0.1254698454517913f,0f,0f,0f,1f],start_interpolation:0}
execute if entity @s[tag=aj.tultaria.bone.rod] run data modify entity @s {} merge value {transformation:[-0.000005849006523105079f,0.000006014567263290549f,-0.000005441884170765481f,-0.37734428216310584f,0.0000036266265922142486f,0.000007940476241613418f,0.000004878157092285706f,0.42659041331704395f,0.000007255115592002564f,8.796690808062524e-7f,-0.000006825648691146856f,0.3681929145926883f,0f,0f,0f,1f],start_interpolation:0}
execute if entity @s[tag=aj.tultaria.bone.sword] run data modify entity @s {} merge value {transformation:[-0.000005849006523105079f,4.0494809819535795e-7f,-0.000008100934497355365f,-0.43359555800416255f,0.0000036266265922142486f,0.000009064142555943992f,-0.0000021653866366470454f,0.4277733715584304f,0.000007255115592002564f,-0.000004204442503268787f,-0.000005448482447745263f,0.36532538934389047f,0f,0f,0f,1f],start_interpolation:0}
execute if entity @s[tag=aj.tultaria.bone.right_hand] run data modify entity @s {} merge value {transformation:[-0.5849006523105078f,0.04049480981953579f,-0.8100934497355364f,-0.463420409697722f,0.3626626592214248f,0.9064142555943991f,-0.21653866366470453f,0.7394284262068556f,0.7255115592002563f,-0.42044425032687865f,-0.5448482447745262f,0.14242029012329308f,0f,0f,0f,1f],start_interpolation:0}
execute if entity @s[tag=aj.tultaria.bone.right_arm] run data modify entity @s {} merge value {transformation:[-0.5849006523105078f,0.49132826896964243f,-0.6453586282355239f,-0.17918950968821698f,0.3626626592214248f,0.8701081158602166f,0.3337479023464096f,0.9732396008868206f,0.7255115592002563f,-0.038838110477707355f,-0.6871132211224976f,0.1254698454517913f,0f,0f,0f,1f],start_interpolation:0}
execute if entity @s[tag=aj.tultaria.bone.skirt] run data modify entity @s {} merge value {transformation:[-0.8191520442889919f,-0.0689407874184381f,-0.5694182084964365f,0.03464163931919707f,0f,0.9927503509714187f,-0.12019459491227125f,0.42368300378983753f,0.5735764363510459f,-0.09845764813487426f,-0.8132134794668519f,0.049473388143990576f,0f,0f,0f,1f],start_interpolation:0}
execute if entity @s[tag=aj.tultaria.bone.left_foot] run data modify entity @s {} merge value {transformation:[-0.8191520442889919f,0.07356387648568515f,-0.5688394188288679f,0.19221888636829493f,0f,0.9917412619801578f,0.12825470473243406f,-0.015399043686216418f,0.5735764363510459f,0.1050601035712544f,-0.8123868821567911f,0.056586169972432196f,0f,0f,0f,1f],start_interpolation:0}
execute if entity @s[tag=aj.tultaria.bone.left_leg] run data modify entity @s {} merge value {transformation:[-0.8191520442889919f,-0.045526216273981374f,-0.5717668160788453f,0.10083031473857242f,0f,0.9968450233351408f,-0.07937253587962592f,0.4107990870379545f,0.5735764363510459f,-0.06501817502619693f,-0.8165676387042885f,-0.07393023643956502f,0f,0f,0f,1f],start_interpolation:0}
execute if entity @s[tag=aj.tultaria.bone.right_foot] run data modify entity @s {} merge value {transformation:[-0.8191520442889919f,0.2739179311268405f,-0.5039433453716369f,0.08542708172111581f,0f,0.8785984106627567f,0.4775613392862509f,0.09773214684366066f,0.5735764363510459f,0.3911953473497213f,-0.7197056842034565f,0.3399333659344446f,0f,0f,0f,1f],start_interpolation:0}
execute if entity @s[tag=aj.tultaria.bone.right_leg] run data modify entity @s {} merge value {transformation:[-0.8191520442889919f,-0.2917910359521816f,-0.4938095986056955f,-0.10395769633367556f,0f,0.8609307623360407f,-0.5087221466217916f,0.4107990870379545f,0.5735764363510459f,-0.41672078638032495f,-0.705233193958848f,0.06946387264819646f,0f,0f,0f,1f],start_interpolation:0}
execute if entity @s[tag=aj.tultaria.bone.lower] run data modify entity @s {} merge value {transformation:[-0.8191520442889919f,0.02501905276082526f,-0.5730305186777721f,0f,0f,0.9990482215818578f,0.043619387365336f,0.4732396008868206f,0.5735764363510459f,0.03573091033094841f,-0.8183723930520606f,0f,0f,0f,0f,1f],start_interpolation:0}