execute if entity @s[tag=aj.tultaria.bone.head] run data modify entity @s {} merge value {transformation:[-0.984807753012208f,0.030153689607045765f,-0.17101007166283427f,0f,0f,0.984807753012208f,0.17364817766693036f,1.6202550059241096f,0.1736481776669302f,0.17101007166283436f,-0.9698463103929542f,0f,0f,0f,0f,1f],start_interpolation:0}
execute if entity @s[tag=aj.tultaria.bone.bust] run data modify entity @s {} merge value {transformation:[-0.8191520442889919f,0f,-0.5735764363510459f,0.696364240320019f,0f,1f,0f,0.46400500592410965f,0.5735764363510459f,0f,-0.8191520442889919f,0.12278780396897299f,0f,0f,0f,1f],start_interpolation:0}
execute if entity @s[tag=aj.tultaria.bone.left_wing] run data modify entity @s {} merge value {transformation:[-0.342578163377605f,0f,-0.9394893304220261f,-0.020500051775818706f,0f,1f,0f,1.5265050059241096f,0.9394893304220261f,0f,-0.342578163377605f,-0.13824253280806437f,0f,0f,0f,1f],start_interpolation:0}
execute if entity @s[tag=aj.tultaria.bone.right_wing] run data modify entity @s {} merge value {transformation:[-0.9999998236433247f,0f,-0.0005938967244464299f,-0.1228940573119427f,0f,1f,0f,1.5265050059241096f,0.0005938967244464299f,0f,-0.9999998236433247f,-0.06654547826418361f,0f,0f,0f,1f],start_interpolation:0}
execute if entity @s[tag=aj.tultaria.bone.body] run data modify entity @s {} merge value {transformation:[-0.8191520442889919f,0f,-0.5735764363510459f,0.696364240320019f,0f,1f,0f,0.46400500592410965f,0.5735764363510459f,0f,-0.8191520442889919f,0.12278780396897299f,0f,0f,0f,1f],start_interpolation:0}
execute if entity @s[tag=aj.tultaria.bone.left_hand] run data modify entity @s {} merge value {transformation:[-0.8339683207602445f,-0.45424609964996776f,-0.3133006877125064f,0.31678799753588166f,-0.4823666253584961f,0.875855582586122f,0.014122223372439402f,1.2657817901875237f,0.2679911914757538f,0.16290328236569207f,-0.9495489676082478f,-0.40388751799626704f,0f,0f,0f,1f],start_interpolation:0}
execute if entity @s[tag=aj.tultaria.bone.left_arm] run data modify entity @s {} merge value {transformation:[-0.8339683207602445f,-0.2992782627118413f,-0.46360474699523946f,0.17918950968821698f,-0.4823666253584961f,0.8034079911183751f,0.34908170755196144f,1.4640050059241096f,0.2679911914757538f,0.5147505427635011f,-0.8143786588658171f,-0.1254698454517913f,0f,0f,0f,1f],start_interpolation:0}
execute if entity @s[tag=aj.tultaria.bone.rod] run data modify entity @s {} merge value {transformation:[-0.000005370633096608756f,0.000007732702962020065f,-0.000003370698005276762f,-0.5054019933001858f,0.000004823666253584961f,0.0000060933750187465805f,0.000006293093416988242f,0.935570668796173f,0.000006920154912690631f,0.0000017538773566248078f,-0.000007002525987262205f,0.3761178930909134f,0f,0f,0f,1f],start_interpolation:0}
execute if entity @s[tag=aj.tultaria.bone.sword] run data modify entity @s {} merge value {transformation:[-0.000005370633096608756f,0.000003084403284482522f,-0.000007851290118208858f,-0.5589881441561921f,0.000004823666253584961f,0.00000875855582586122f,1.4122223372439403e-7f,0.9513066050592092f,0.000006920154912690631f,-0.00000371135503878919f,-0.000006191712183267067f,0.36871972633400724f,0f,0f,0f,1f],start_interpolation:0}
execute if entity @s[tag=aj.tultaria.bone.right_hand] run data modify entity @s {} merge value {transformation:[-0.5370633096608756f,0.3084403284482522f,-0.7851290118208858f,-0.4878779966097019f,0.4823666253584961f,0.875855582586122f,0.014122223372439402f,1.2657817901875237f,0.692015491269063f,-0.37113550387891897f,-0.6191712183267066f,0.15954567684548043f,0f,0f,0f,1f],start_interpolation:0}
execute if entity @s[tag=aj.tultaria.bone.right_arm] run data modify entity @s {} merge value {transformation:[-0.5370633096608756f,0.5860664808873643f,-0.6067034542479605f,-0.17918950968821698f,0.4823666253584961f,0.8034079911183751f,0.34908170755196144f,1.4640050059241096f,0.692015491269063f,-0.10517452061900512f,-0.7141798653393974f,0.1254698454517913f,0f,0f,0f,1f],start_interpolation:0}
execute if entity @s[tag=aj.tultaria.bone.skirt] run data modify entity @s {} merge value {transformation:[-0.8191520442889919f,-0.17195787653677802f,-0.5471932172771585f,0.03464163931919707f,0f,0.9540022612474617f,-0.29979940882985406f,0.9144484088271265f,0.5735764363510459f,-0.24558129861960623f,-0.7814729025571792f,0.049473388143990576f,0f,0f,0f,1f],start_interpolation:0}
execute if entity @s[tag=aj.tultaria.bone.left_foot] run data modify entity @s {} merge value {transformation:[-0.8191520442889919f,-0.12314675432492572f,-0.5602006830024414f,0.224977580913259f,0f,0.9766800856853572f,-0.21469981421893042f,0.5013355844984759f,0.5735764363510459f,-0.17587179172590356f,-0.8000494888055081f,0.10337043429029642f,0f,0f,0f,1f],start_interpolation:0}
execute if entity @s[tag=aj.tultaria.bone.left_leg] run data modify entity @s {} merge value {transformation:[-0.8191520442889919f,-0.12374554631175763f,-0.560068717306341f,0.10083031473857242f,0f,0.9764500105153591f,-0.21574377618961607f,0.9015644920752436f,0.5735764363510459f,-0.1767269553083507f,-0.7998610222596639f,-0.07393023643956502f,0f,0f,0f,1f],start_interpolation:0}
execute if entity @s[tag=aj.tultaria.bone.right_foot] run data modify entity @s {} merge value {transformation:[-0.8191520442889919f,0.3080099967040641f,-0.48385924633877564f,0.11828918804566387f,0f,0.8435828525609781f,0.5369990417729656f,0.6630400800344829f,0.5735764363510459f,0.43988386284955466f,-0.6910226182024645f,0.3868653175791954f,0f,0f,0f,1f],start_interpolation:0}
execute if entity @s[tag=aj.tultaria.bone.right_leg] run data modify entity @s {} merge value {transformation:[-0.8191520442889919f,-0.38705033242965736f,-0.4232989115309148f,-0.10395769633367556f,0f,0.7379991308984722f,-0.674801661818567f,0.9015644920752436f,0.5735764363510459f,-0.5527651607682882f,-0.6045334967589829f,0.06946387264819646f,0f,0f,0f,1f],start_interpolation:0}
execute if entity @s[tag=aj.tultaria.bone.lower] run data modify entity @s {} merge value {transformation:[-0.8191520442889919f,0.02501905276082526f,-0.5730305186777721f,0f,0f,0.9990482215818578f,0.043619387365336f,0.9640050059241096f,0.5735764363510459f,0.03573091033094841f,-0.8183723930520606f,0f,0f,0f,0f,1f],start_interpolation:0}