execute if entity @s[tag=aj.tultaria.bone.head] run data modify entity @s {} merge value {transformation:[-0.984807753012208f,0.030153689607045765f,-0.17101007166283427f,0f,0f,0.984807753012208f,0.17364817766693036f,1.131831382629156f,0.1736481776669302f,0.17101007166283436f,-0.9698463103929542f,0f,0f,0f,0f,1f],start_interpolation:0}
execute if entity @s[tag=aj.tultaria.bone.bust] run data modify entity @s {} merge value {transformation:[-0.8191520442889919f,0f,-0.5735764363510459f,0.696364240320019f,0f,1f,0f,-0.024418617370844053f,0.5735764363510459f,0f,-0.8191520442889919f,0.12278780396897299f,0f,0f,0f,1f],start_interpolation:0}
execute if entity @s[tag=aj.tultaria.bone.left_wing] run data modify entity @s {} merge value {transformation:[-0.43906821107249705f,0f,-0.8984537305980743f,-0.020500051775818706f,0f,1f,0f,1.038081382629156f,0.8984537305980743f,0f,-0.43906821107249705f,-0.13824253280806437f,0f,0f,0f,1f],start_interpolation:0}
execute if entity @s[tag=aj.tultaria.bone.right_wing] run data modify entity @s {} merge value {transformation:[-0.9944405132413414f,0f,-0.10529988425585957f,-0.1228940573119427f,0f,1f,0f,1.038081382629156f,0.10529988425585957f,0f,-0.9944405132413414f,-0.06654547826418361f,0f,0f,0f,1f],start_interpolation:0}
execute if entity @s[tag=aj.tultaria.bone.body] run data modify entity @s {} merge value {transformation:[-0.8191520442889919f,0f,-0.5735764363510459f,0.696364240320019f,0f,1f,0f,-0.024418617370844053f,0.5735764363510459f,0f,-0.8191520442889919f,0.12278780396897299f,0f,0f,0f,1f],start_interpolation:0}
execute if entity @s[tag=aj.tultaria.bone.left_hand] run data modify entity @s {} merge value {transformation:[-0.8781527086764396f,-0.41361794011441777f,-0.2403497864774136f,0.2946362149685589f,-0.37348228117401283f,0.9067324857664256f,-0.19582437260181457f,0.7447259173631215f,0.2989294329658555f,-0.08219731669187652f,-0.9507285602291369f,-0.38837667285784516f,0f,0f,0f,1f],start_interpolation:0}
execute if entity @s[tag=aj.tultaria.bone.left_arm] run data modify entity @s {} merge value {transformation:[-0.8781527086764396f,-0.21314963253066405f,-0.4282698382985606f,0.17918950968821698f,-0.37348228117401283f,0.8648983369338731f,0.3353533247458211f,0.975581382629156f,0.2989294329658555f,0.4544426266549644f,-0.8391204282971835f,-0.1254698454517913f,0f,0f,0f,1f],start_interpolation:0}
execute if entity @s[tag=aj.tultaria.bone.rod] run data modify entity @s {} merge value {transformation:[-0.000005812476975770707f,0.000006190108923476188f,-0.0000052818238253122285f,-0.38841224174866595f,0.0000037348228117401286f,0.000007796254311959185f,0.000005026879476192301f,0.4291792817759387f,0.000007229537327591648f,9.491945104973438e-7f,-0.000006843450870007084f,0.36920781067606523f,0f,0f,0f,1f],start_interpolation:0}
execute if entity @s[tag=aj.tultaria.bone.sword] run data modify entity @s {} merge value {transformation:[-0.000005812476975770707f,6.422545521624246e-7f,-0.00000811188143998432f,-0.4446006765478759f,0.0000037348228117401286f,0.000009067324857664257f,-0.0000019582437260181457f,0.4316713355969166f,0.000007229537327591648f,-0.00000416786864186127f,-0.0000055102323919367054f,0.36597090048758574f,0f,0f,0f,1f],start_interpolation:0}
execute if entity @s[tag=aj.tultaria.bone.right_hand] run data modify entity @s {} merge value {transformation:[-0.5812476975770706f,0.06422545521624246f,-0.8111881439984319f,-0.465726214042379f,0.37348228117401283f,0.9067324857664256f,-0.19582437260181457f,0.7447259173631215f,0.7229537327591647f,-0.41678686418612704f,-0.5510232391936705f,0.14403483170705866f,0f,0f,0f,1f],start_interpolation:0}
execute if entity @s[tag=aj.tultaria.bone.right_arm] run data modify entity @s {} merge value {transformation:[-0.5812476975770706f,0.49993785070618696f,-0.6420383629446393f,-0.17918950968821698f,0.37348228117401283f,0.8648983369338731f,0.3353533247458211f,0.975581382629156f,0.7229537327591647f,-0.04486660451046856f,-0.689438095908031f,0.1254698454517913f,0f,0f,0f,1f],start_interpolation:0}
execute if entity @s[tag=aj.tultaria.bone.skirt] run data modify entity @s {} merge value {transformation:[-0.8191520442889919f,-0.07812976956686199f,-0.568230294374204f,0.03464163931919707f,0f,0.9906792859015394f,-0.13621509639396034f,0.4260247855321729f,0.5735764363510459f,-0.11158087467413469f,-0.8115169622810046f,0.049473388143990576f,0f,0f,0f,1f],start_interpolation:0}
execute if entity @s[tag=aj.tultaria.bone.left_foot] run data modify entity @s {} merge value {transformation:[-0.8191520442889919f,0.05630334306162187f,-0.5708063260837696f,0.19517382652401588f,0f,0.9951704601310001f,0.09816188304354008f,-0.011095654645475794f,0.5735764363510459f,0.08040950716637277f,-0.8151959168323253f,0.06080626186586731f,0f,0f,0f,1f],start_interpolation:0}
execute if entity @s[tag=aj.tultaria.bone.left_leg] run data modify entity @s {} merge value {transformation:[-0.8191520442889919f,-0.052449942926819315f,-0.5711732940396801f,0.10083031473857242f,0f,0.9958102492378278f,-0.09144368492627264f,0.4131408687802898f,0.5735764363510459f,-0.0749062814446747f,-0.8157200013870971f,-0.07393023643956502f,0f,0f,0f,1f],start_interpolation:0}
execute if entity @s[tag=aj.tultaria.bone.right_foot] run data modify entity @s {} merge value {transformation:[-0.8191520442889919f,0.2769656478454948f,-0.5022747836102176f,0.08865895845289527f,0f,0.8756893620065145f,0.48287487123334966f,0.1061257768402934f,0.5735764363510459f,0.39554793790658205f,-0.7173227310497594f,0.3445489642469716f,0f,0f,0f,1f],start_interpolation:0}
execute if entity @s[tag=aj.tultaria.bone.right_leg] run data modify entity @s {} merge value {transformation:[-0.8191520442889919f,-0.300716479645021f,-0.48842555953499317f,-0.10395769633367556f,0f,0.8515439766707259f,-0.5242831828275691f,0.4131408687802898f,0.5735764363510459f,-0.4294676409995425f,-0.6975439892918027f,0.06946387264819646f,0f,0f,0f,1f],start_interpolation:0}
execute if entity @s[tag=aj.tultaria.bone.lower] run data modify entity @s {} merge value {transformation:[-0.8191520442889919f,0.02501905276082526f,-0.5730305186777721f,0f,0f,0.9990482215818578f,0.043619387365336f,0.47558138262915595f,0.5735764363510459f,0.03573091033094841f,-0.8183723930520606f,0f,0f,0f,0f,1f],start_interpolation:0}