execute if entity @s[tag=aj.tultaria.bone.head] run data modify entity @s {} merge value {transformation:[-0.984807753012208f,0.030153689607045765f,-0.17101007166283427f,0f,0f,0.984807753012208f,0.17364817766693036f,1.1885691771995464f,0.1736481776669302f,0.17101007166283436f,-0.9698463103929542f,0f,0f,0f,0f,1f],start_interpolation:0}
execute if entity @s[tag=aj.tultaria.bone.bust] run data modify entity @s {} merge value {transformation:[-0.8191520442889919f,0f,-0.5735764363510459f,0.696364240320019f,0f,1f,0f,0.03231917719954647f,0.5735764363510459f,0f,-0.8191520442889919f,0.12278780396897299f,0f,0f,0f,1f],start_interpolation:0}
execute if entity @s[tag=aj.tultaria.bone.left_wing] run data modify entity @s {} merge value {transformation:[-0.5190219199913958f,0f,-0.8547609294817149f,-0.020500051775818706f,0f,1f,0f,1.0948191771995464f,0.8547609294817149f,0f,-0.5190219199913958f,-0.13824253280806437f,0f,0f,0f,1f],start_interpolation:0}
execute if entity @s[tag=aj.tultaria.bone.right_wing] run data modify entity @s {} merge value {transformation:[-0.9807284894346927f,0f,-0.19537561263153042f,-0.1228940573119427f,0f,1f,0f,1.0948191771995464f,0.19537561263153042f,0f,-0.9807284894346927f,-0.06654547826418361f,0f,0f,0f,1f],start_interpolation:0}
execute if entity @s[tag=aj.tultaria.bone.body] run data modify entity @s {} merge value {transformation:[-0.8191520442889919f,0f,-0.5735764363510459f,0.696364240320019f,0f,1f,0f,0.03231917719954647f,0.5735764363510459f,0f,-0.8191520442889919f,0.12278780396897299f,0f,0f,0f,1f],start_interpolation:0}
execute if entity @s[tag=aj.tultaria.bone.left_hand] run data modify entity @s {} merge value {transformation:[-0.9071875404267395f,-0.369062009348364f,-0.20199999938175978f,0.27279318453736184f,-0.2740144529057122f,0.8826177459564486f,-0.3819711954081633f,0.7760600282588686f,0.31925984102806615f,-0.2911685899586461f,-0.9018281466710982f,-0.3730820182925769f,0f,0f,0f,1f],start_interpolation:0}
execute if entity @s[tag=aj.tultaria.bone.left_arm] run data modify entity @s {} merge value {transformation:[-0.9071875404267395f,-0.1336839335274266f,-0.39892276496975876f,0.17918950968821698f,-0.2740144529057122f,0.9072414508376585f,0.31910661146513974f,1.0323191771995464f,0.31925984102806615f,0.3988001451837938f,-0.8596694702664035f,-0.1254698454517913f,0f,0f,0f,1f],start_interpolation:0}
execute if entity @s[tag=aj.tultaria.bone.rod] run data modify entity @s {} merge value {transformation:[-0.000006102825293273706f,0.000004461637680728704f,-0.000006545938637482062f,-0.2913206601024695f,0.000002740144529057122f,0.000008941994158524344f,0.0000035401057087034623f,0.49282477295122074f,0.000007432841408213754f,3.6678287148980256e-7f,-0.000006679696020443197f,0.35841922836646145f,0f,0f,0f,1f],start_interpolation:0}
execute if entity @s[tag=aj.tultaria.bone.sword] run data modify entity @s {} merge value {transformation:[-0.000006102825293273706f,-0.0000014738233405539082f,-0.000007783531859035283f,-0.3468772947331777f,0.000002740144529057122f,0.000008826177459564487f,-0.000003819711954081634f,0.48348282481976657f,0.000007432841408213754f,-0.000004463903696666666f,-0.000004982613007973693f,0.3582908592922528f,0f,0f,0f,1f],start_interpolation:0}
execute if entity @s[tag=aj.tultaria.bone.right_hand] run data modify entity @s {} merge value {transformation:[-0.6102825293273706f,-0.1473823340553908f,-0.7783531859035282f,-0.44388318361118206f,0.2740144529057122f,0.8826177459564486f,-0.3819711954081633f,0.7760600282588686f,0.7432841408213754f,-0.4463903696666666f,-0.49826130079736924f,0.12874017714179034f,0f,0f,0f,1f],start_interpolation:0}
execute if entity @s[tag=aj.tultaria.bone.right_arm] run data modify entity @s {} merge value {transformation:[-0.6102825293273706f,0.4204721517029496f,-0.6713854362734412f,-0.17918950968821698f,0.2740144529057122f,0.9072414508376585f,0.31910661146513974f,1.0323191771995464f,0.7432841408213754f,0.010775876960702147f,-0.6688890539388109f,0.1254698454517913f,0f,0f,0f,1f],start_interpolation:0}
execute if entity @s[tag=aj.tultaria.bone.skirt] run data modify entity @s {} merge value {transformation:[-0.8191520442889919f,0.005272279011642709f,-0.5735522046084287f,0.03464163931919707f,0f,0.9999577532459817f,0.009191937948468856f,0.4827625801025634f,0.5735764363510459f,0.007529594761465825f,-0.8191174377740732f,0.049473388143990576f,0f,0f,0f,1f],start_interpolation:0}
execute if entity @s[tag=aj.tultaria.bone.left_foot] run data modify entity @s {} merge value {transformation:[-0.8191520442889919f,0.2083523462748234f,-0.5343961340980505f,0.16804892598131066f,0f,0.9316912275855489f,0.36325123047297836f,0.030222811380159142f,0.5735764363510459f,0.29755798803243194f,-0.7631967737228228f,0.02206788922272472f,0f,0f,0f,1f],start_interpolation:0}
execute if entity @s[tag=aj.tultaria.bone.left_leg] run data modify entity @s {} merge value {transformation:[-0.8191520442889919f,0.01021047392878532f,-0.5734855486926546f,0.10083031473857242f,0f,0.999841542203216f,0.01780141805291354f,0.46987866335068035f,0.5735764363510459f,0.014582067989287094f,-0.8190222432608227f,-0.07393023643956502f,0f,0f,0f,1f],start_interpolation:0}
execute if entity @s[tag=aj.tultaria.bone.right_foot] run data modify entity @s {} merge value {transformation:[-0.8191520442889919f,0.24909739166149358f,-0.5166627699037409f,0.05731138284928279f,0f,0.9007740506053981f,0.4342880492898047f,0.11213850382331936f,0.5735764363510459f,0.3557479433860219f,-0.7378709049958876f,0.29977998663247474f,0f,0f,0f,1f],start_interpolation:0}
execute if entity @s[tag=aj.tultaria.bone.right_leg] run data modify entity @s {} merge value {transformation:[-0.8191520442889919f,-0.21690593285977106f,-0.530981868454468f,-0.10395769633367556f,0f,0.9257386370898459f,-0.3781639535955729f,0.46987866335068035f,0.5735764363510459f,-0.30977377566422104f,-0.7583206970494524f,0.06946387264819646f,0f,0f,0f,1f],start_interpolation:0}
execute if entity @s[tag=aj.tultaria.bone.lower] run data modify entity @s {} merge value {transformation:[-0.8191520442889919f,0.02501905276082526f,-0.5730305186777721f,0f,0f,0.9990482215818578f,0.043619387365336f,0.5323191771995465f,0.5735764363510459f,0.03573091033094841f,-0.8183723930520606f,0f,0f,0f,0f,1f],start_interpolation:0}