execute if entity @s[tag=aj.tultaria.bone.head] run data modify entity @s {} merge value {transformation:[-0.9848077530122081f,0.06501852833031707f,-0.16101639848414667f,0f,0f,0.9272564828925981f,0.3744267818060682f,1.0399577777777778f,0.17364817766693008f,0.36873839765802635f,-0.9131693733834626f,0f,0f,0f,0f,1f],start_interpolation:0}
execute if entity @s[tag=aj.tultaria.bone.bust] run data modify entity @s {} merge value {transformation:[-0.8191520442889919f,0f,-0.5735764363510459f,0.696364240320019f,0f,1f,0f,-0.11629222222222224f,0.5735764363510459f,0f,-0.8191520442889919f,0.12278780396897299f,0f,0f,0f,1f],start_interpolation:0}
execute if entity @s[tag=aj.tultaria.bone.left_wing] run data modify entity @s {} merge value {transformation:[-0.187370553645424f,0.10751048725895586f,-0.9763881250588564f,-0.020500051775818706f,-0.3863859995376694f,0.905797746446404f,0.17388588756391965f,0.9462077777777778f,0.9031047198347947f,0.40984379666155474f,-0.1281792781621065f,-0.13824253280806437f,0f,0f,0f,1f],start_interpolation:0}
execute if entity @s[tag=aj.tultaria.bone.right_wing] run data modify entity @s {} merge value {transformation:[-0.9127253446384995f,0.34835643913642267f,0.21349528464751555f,-0.1228940573119427f,0.3863859995376694f,0.905797746446404f,0.17388588756391965f,0.9462077777777778f,-0.1328092791028096f,0.24120164560965957f,-0.9613446112291804f,-0.06654547826418361f,0f,0f,0f,1f],start_interpolation:0}
execute if entity @s[tag=aj.tultaria.bone.body] run data modify entity @s {} merge value {transformation:[-0.8191520442889919f,0f,-0.5735764363510459f,0.696364240320019f,0f,1f,0f,-0.11629222222222224f,0.5735764363510459f,0f,-0.8191520442889919f,0.12278780396897299f,0f,0f,0f,1f],start_interpolation:0}
execute if entity @s[tag=aj.tultaria.bone.left_hand] run data modify entity @s {} merge value {transformation:[-0.8019677995443526f,-0.46533110504232833f,-0.3745859196153461f,0.35845772419462163f,-0.5695632687224055f,0.7847117929373066f,0.24459166982415087f,0.7101599286500905f,0.18012587658700763f,0.40950502402925787f,-0.8943490950845532f,-0.3965532990797086f,0f,0f,0f,1f],start_interpolation:0}
execute if entity @s[tag=aj.tultaria.bone.left_arm] run data modify entity @s {} merge value {transformation:[-0.8019677995443526f,-0.41892922473518934f,-0.42584733550506354f,0.17918950968821698f,-0.5695632687224055f,0.7511917614337654f,0.33362946583940367f,0.8837077777777778f,0.18012587658700763f,0.5101070889693752f,-0.8410383025564009f,-0.1254698454517913f,0f,0f,0f,1f],start_interpolation:0}
execute if entity @s[tag=aj.tultaria.bone.rod] run data modify entity @s {} merge value {transformation:[-0.000004435520987841352f,0.00000888309099179029f,-0.0000011903142433798963f,-0.6101863543917053f,0.000005695632687224055f,0.000003819226017086253f,0.000007278274584174217f,0.3853190475705816f,0.000006919965452127906f,0.000002550334696071412f,-0.000006753508057252215f,0.3948994553587532f,0f,0f,0f,1f],start_interpolation:0}
execute if entity @s[tag=aj.tultaria.bone.right_hand] run data modify entity @s {} merge value {transformation:[-0.4435520987841352f,0.5439614604955189f,-0.7122973151428909f,-0.4952379710987471f,0.5695632687224055f,0.7847117929373066f,0.24459166982415087f,0.7101599286500905f,0.6919965452127905f,-0.29720923861936f,-0.6578810301968455f,0.20121086210188746f,0f,0f,0f,1f],start_interpolation:0}
execute if entity @s[tag=aj.tultaria.bone.right_arm] run data modify entity @s {} merge value {transformation:[-0.4435520987841352f,0.6226261008023436f,-0.6446691199862598f,-0.17918950968821698f,0.5695632687224055f,0.7511917614337654f,0.33362946583940367f,0.8837077777777778f,0.6919965452127905f,-0.2191978014344733f,-0.6878176395381669f,0.1254698454517913f,0f,0f,0f,1f],start_interpolation:0}
execute if entity @s[tag=aj.tultaria.bone.skirt] run data modify entity @s {} merge value {transformation:[-0.8191520442889919f,-0.21096140012295797f,-0.5333715552926747f,0.03584852727194037f,0f,0.9299049289504552f,-0.3677999770441115f,0.33683277777777776f,0.5735764363510459f,-0.3012841030851282f,-0.7617335235441751f,0.051197002768061994f,0f,0f,0f,1f],start_interpolation:0}
execute if entity @s[tag=aj.tultaria.bone.left_foot] run data modify entity @s {} merge value {transformation:[-0.8191520442889919f,-0.2023702102332855f,-0.5366900654449468f,0.26136106250150243f,0f,0.9356905748416702f,-0.3528216945603896f,-0.03965063150753245f,0.5735764363510459f,-0.2890146123686495f,-0.7664728472034962f,0.15533143099888475f,0f,0f,0f,1f],start_interpolation:0}
execute if entity @s[tag=aj.tultaria.bone.left_leg] run data modify entity @s {} merge value {transformation:[-0.8191520442889919f,-0.21096140012295797f,-0.5333715552926747f,0.10239400553612399f,0f,0.9299049289504552f,-0.3677999770441115f,0.32120777777777776f,0.5735764363510459f,-0.3012841030851282f,-0.7617335235441751f,-0.07169705454388074f,0f,0f,0f,1f],start_interpolation:0}
execute if entity @s[tag=aj.tultaria.bone.right_foot] run data modify entity @s {} merge value {transformation:[-0.8191520442889919f,-0.20237021023328544f,-0.5366900654449468f,0.12368017580936691f,0f,0.9356905748416702f,-0.35282169456038953f,0.09387902451957642f,0.5735764363510459f,-0.2890146123686494f,-0.766472847203496f,0.394564446008299f,0f,0f,0f,1f],start_interpolation:0}
execute if entity @s[tag=aj.tultaria.bone.right_leg] run data modify entity @s {} merge value {transformation:[-0.8191520442889919f,-0.39901537722883185f,-0.4120396304630156f,-0.10239400553612399f,0f,0.7183691733996461f,-0.6956620808331507f,0.32120777777777776f,0.5735764363510459f,-0.5698530156488093f,-0.5884535769445134f,0.07169705454388074f,0f,0f,0f,1f],start_interpolation:0}
execute if entity @s[tag=aj.tultaria.bone.lower] run data modify entity @s {} merge value {transformation:[-0.8191520442889919f,0f,-0.5735764363510459f,0f,0f,1f,0f,0.38370777777777776f,0.5735764363510459f,0f,-0.8191520442889919f,0f,0f,0f,0f,1f],start_interpolation:0}