execute if entity @s[tag=aj.tultaria.bone.head] run data modify entity @s {} merge value {transformation:[-0.984807753012208f,0.030153689607045765f,-0.17101007166283427f,0f,0f,0.984807753012208f,0.17364817766693036f,1.2175587169777011f,0.1736481776669302f,0.17101007166283436f,-0.9698463103929542f,0f,0f,0f,0f,1f],start_interpolation:0}
execute if entity @s[tag=aj.tultaria.bone.bust] run data modify entity @s {} merge value {transformation:[-0.8191520442889919f,0f,-0.5735764363510459f,0.696364240320019f,0f,1f,0f,0.06130871697770124f,0.5735764363510459f,0f,-0.8191520442889919f,0.12278780396897299f,0f,0f,0f,1f],start_interpolation:0}
execute if entity @s[tag=aj.tultaria.bone.left_wing] run data modify entity @s {} merge value {transformation:[-0.43001874889292657f,0f,-0.902819957466915f,-0.020500051775818706f,0f,1f,0f,1.1238087169777011f,0.902819957466915f,0f,-0.43001874889292657f,-0.13824253280806437f,0f,0f,0f,1f],start_interpolation:0}
execute if entity @s[tag=aj.tultaria.bone.right_wing] run data modify entity @s {} merge value {transformation:[-0.9954483260589913f,0f,-0.09530283388416283f,-0.1228940573119427f,0f,1f,0f,1.1238087169777011f,0.09530283388416283f,0f,-0.9954483260589913f,-0.06654547826418361f,0f,0f,0f,1f],start_interpolation:0}
execute if entity @s[tag=aj.tultaria.bone.body] run data modify entity @s {} merge value {transformation:[-0.8191520442889919f,0f,-0.5735764363510459f,0.696364240320019f,0f,1f,0f,0.06130871697770124f,0.5735764363510459f,0f,-0.8191520442889919f,0.12278780396897299f,0f,0f,0f,1f],start_interpolation:0}
execute if entity @s[tag=aj.tultaria.bone.left_hand] run data modify entity @s {} merge value {transformation:[-0.8744109566473988f,-0.4181747208305694f,-0.246039390653725f,0.2969016574720297f,-0.38419552391271966f,0.9064674507741889f,-0.175244286903666f,0.8334284108035521f,0.29630942998900955f,-0.05870829196305166f,-0.9532859267577432f,-0.3899629527761561f,0f,0f,0f,1f],start_interpolation:0}
execute if entity @s[tag=aj.tultaria.bone.left_arm] run data modify entity @s {} merge value {transformation:[-0.8744109566473988f,-0.22166591539279293f,-0.43158973672697093f,0.17918950968821698f,-0.38419552391271966f,0.8595875339616598f,0.33690216808911067f,1.0613087169777011f,0.29630942998900955f,0.4604057921125533f,-0.83679581039152f,-0.1254698454517913f,0f,0f,0f,1f],start_interpolation:0}
execute if entity @s[tag=aj.tultaria.bone.rod] run data modify entity @s {} merge value {transformation:[-0.000005775059455480298f,0.000006360437888360979f,-0.0000051179603509571814f,-0.39948215209996196f,0.000003841955239127197f,0.000007648857050010951f,0.000005170528577335289f,0.5154086526261896f,0.000007203337297823191f,0.0000010197135366366043f,-0.000006860912189861446f,0.37016482943860674f,0f,0f,0f,1f],start_interpolation:0}
execute if entity @s[tag=aj.tultaria.bone.sword] run data modify entity @s {} merge value {transformation:[-0.000005775059455480298f,8.78564292170187e-7f,-0.000008116453232181598f,-0.45557508742418906f,0.000003841955239127197f,0.00000906467450774189f,-0.0000017524428690366601f,0.5192001867998527f,0.000007203337297823191f,-0.000004130351177953014f,-0.000005572443891199933f,0.3665544277543045f,0f,0f,0f,1f],start_interpolation:0}
execute if entity @s[tag=aj.tultaria.bone.right_hand] run data modify entity @s {} merge value {transformation:[-0.5775059455480298f,0.0878564292170187f,-0.8116453232181597f,-0.46799165654584984f,0.38419552391271966f,0.9064674507741889f,-0.175244286903666f,0.8334284108035521f,0.720333729782319f,-0.4130351177953014f,-0.5572443891199933f,0.14562111162536956f,0f,0f,0f,1f],start_interpolation:0}
execute if entity @s[tag=aj.tultaria.bone.right_arm] run data modify entity @s {} merge value {transformation:[-0.5775059455480298f,0.5084541335683159f,-0.6387184645162289f,-0.17918950968821698f,0.38419552391271966f,0.8595875339616598f,0.33690216808911067f,1.0613087169777011f,0.720333729782319f,-0.050829769968057326f,-0.6917627138136945f,0.1254698454517913f,0f,0f,0f,1f],start_interpolation:0}
execute if entity @s[tag=aj.tultaria.bone.skirt] run data modify entity @s {} merge value {transformation:[-0.8191520442889919f,-0.08725438973646635f,-0.5669008730006352f,0.03464163931919707f,0f,0.9883615104677607f,-0.15212338618991672f,0.5117521198807181f,0.5735764363510459f,-0.12461218278163408f,-0.8096183517962221f,0.049473388143990576f,0f,0f,0f,1f],start_interpolation:0}
execute if entity @s[tag=aj.tultaria.bone.left_foot] run data modify entity @s {} merge value {transformation:[-0.8191520442889919f,0.039074390399369184f,-0.5722439343078117f,0.1981008295032542f,0f,0.9976768535825649f,0.06812412073262805f,0.07664569105322722f,0.5735764363510459f,0.055804012763522357f,-0.8172490341519673f,0.06498645533639476f,0f,0f,0f,1f],start_interpolation:0}
execute if entity @s[tag=aj.tultaria.bone.left_leg] run data modify entity @s {} merge value {transformation:[-0.8191520442889919f,-0.05933278059041369f,-0.5704993860510065f,0.10083031473857242f,0f,0.9946353265144313f,-0.10344354619564644f,0.4988682031288351f,0.5735764363510459f,-0.08473599233466655f,-0.8147575610363453f,-0.07393023643956502f,0f,0f,0f,1f],start_interpolation:0}
execute if entity @s[tag=aj.tultaria.bone.right_foot] run data modify entity @s {} merge value {transformation:[-0.8191520442889919f,0.27998863935424373f,-0.5005959350311633f,0.09181216199143456f,0f,0.8727623788310294f,0.4881452960924677f,0.1979765670683153f,0.5735764363510459f,0.39986521720420015f,-0.7149250867979613f,0.34905220559538874f,0f,0f,0f,1f],start_interpolation:0}
execute if entity @s[tag=aj.tultaria.bone.right_leg] run data modify entity @s {} merge value {transformation:[-0.8191520442889919f,-0.30950046901038886f,-0.48290722506451983f,-0.10395769633367556f,0f,0.8419230541210138f,-0.5395976009393896f,0.4988682031288351f,0.5735764363510459f,-0.44201247790293663f,-0.68966299091726f,0.06946387264819646f,0f,0f,0f,1f],start_interpolation:0}
execute if entity @s[tag=aj.tultaria.bone.lower] run data modify entity @s {} merge value {transformation:[-0.8191520442889919f,0.02501905276082526f,-0.5730305186777721f,0f,0f,0.9990482215818578f,0.043619387365336f,0.5613087169777012f,0.5735764363510459f,0.03573091033094841f,-0.8183723930520606f,0f,0f,0f,0f,1f],start_interpolation:0}