execute if entity @s[tag=aj.tultaria.bone.head] run data modify entity @s {} merge value {transformation:[-0.984807753012208f,0.030153689607045765f,-0.17101007166283427f,0f,0f,0.984807753012208f,0.17364817766693036f,1.1267170629070649f,0.1736481776669302f,0.17101007166283436f,-0.9698463103929542f,0f,0f,0f,0f,1f],start_interpolation:0}
execute if entity @s[tag=aj.tultaria.bone.bust] run data modify entity @s {} merge value {transformation:[-0.8191520442889919f,0f,-0.5735764363510459f,0.696364240320019f,0f,1f,0f,-0.029532937092935085f,0.5735764363510459f,0f,-0.8191520442889919f,0.12278780396897299f,0f,0f,0f,1f],start_interpolation:0}
execute if entity @s[tag=aj.tultaria.bone.left_wing] run data modify entity @s {} merge value {transformation:[-0.512802659151411f,0f,-0.8585065129439857f,-0.020500051775818706f,0f,1f,0f,1.0329670629070649f,0.8585065129439857f,0f,-0.512802659151411f,-0.13824253280806437f,0f,0f,0f,1f],start_interpolation:0}
execute if entity @s[tag=aj.tultaria.bone.right_wing] run data modify entity @s {} merge value {transformation:[-0.982121074090855f,0f,-0.18825035412084984f,-0.1228940573119427f,0f,1f,0f,1.0329670629070649f,0.18825035412084984f,0f,-0.982121074090855f,-0.06654547826418361f,0f,0f,0f,1f],start_interpolation:0}
execute if entity @s[tag=aj.tultaria.bone.body] run data modify entity @s {} merge value {transformation:[-0.8191520442889919f,0f,-0.5735764363510459f,0.696364240320019f,0f,1f,0f,-0.029532937092935085f,0.5735764363510459f,0f,-0.8191520442889919f,0.12278780396897299f,0f,0f,0f,1f],start_interpolation:0}
execute if entity @s[tag=aj.tultaria.bone.left_hand] run data modify entity @s {} merge value {transformation:[-0.9052032570603854f,-0.37272029308162846f,-0.20417307984260516f,0.27461516534133645f,-0.2820734879318765f,0.8862814417109839f,-0.3673414671455504f,0.7161229529042118f,0.31787043085700084f,-0.2749268797404956f,-0.907399360801483f,-0.37435778298599337f,0f,0f,0f,1f],start_interpolation:0}
execute if entity @s[tag=aj.tultaria.bone.left_arm] run data modify entity @s {} merge value {transformation:[-0.9052032570603854f,-0.1401478977899726f,-0.40120522199034403f,0.17918950968821698f,-0.2820734879318765f,0.9042601911941732f,0.32054337308299297f,0.9704670629070649f,0.31787043085700084f,0.4033262616871467f,-0.8580712766549501f,-0.1254698454517913f,0f,0f,0f,1f],start_interpolation:0}
execute if entity @s[tag=aj.tultaria.bone.rod] run data modify entity @s {} merge value {transformation:[-0.000006082982459610165f,0.000004610168383891618f,-0.000006460934287565635f,-0.2987736752047796f,0.000002820734879318765f,0.000008864452599032607f,0.000003669459750439926f,0.4296850956557866f,0.000007418947306503102f,4.096676600248639e-7f,-0.0000066926372433936795f,0.3593944312655623f,0f,0f,0f,1f],start_interpolation:0}
execute if entity @s[tag=aj.tultaria.bone.sword] run data modify entity @s {} merge value {transformation:[-0.000006082982459610165f,-0.0000013086891208767466f,-0.000007828451774199924f,-0.3544788630826235f,0.000002820734879318765f,0.00000886281441710984f,-0.000003673414671455504f,0.4212807608812101f,0.000007418947306503102f,-0.000004442730398388906f,-0.0000050220879592617186f,0.3590376042893451f,0f,0f,0f,1f],start_interpolation:0}
execute if entity @s[tag=aj.tultaria.bone.right_hand] run data modify entity @s {} merge value {transformation:[-0.6082982459610164f,-0.13086891208767465f,-0.7828451774199924f,-0.4457051644151566f,0.2820734879318765f,0.8862814417109839f,-0.3673414671455504f,0.7161229529042118f,0.7418947306503101f,-0.4442730398388906f,-0.5022087959261718f,0.13001594183520676f,0f,0f,0f,1f],start_interpolation:0}
execute if entity @s[tag=aj.tultaria.bone.right_arm] run data modify entity @s {} merge value {transformation:[-0.6082982459610164f,0.4269361159654955f,-0.6691029792528559f,-0.17918950968821698f,0.2820734879318765f,0.9042601911941732f,0.32054337308299297f,0.9704670629070649f,0.7418947306503101f,0.006249760457349235f,-0.6704872475502643f,0.1254698454517913f,0f,0f,0f,1f],start_interpolation:0}
execute if entity @s[tag=aj.tultaria.bone.skirt] run data modify entity @s {} merge value {transformation:[-0.8191520442889919f,-0.0013903871558468422f,-0.5735747511534328f,0.03464163931919707f,0f,0.9999970619476214f,-0.002424066031533903f,0.42091046581008185f,0.5735764363510459f,-0.001985678645222498f,-0.8191496375773797f,0.049473388143990576f,0f,0f,0f,1f],start_interpolation:0}
execute if entity @s[tag=aj.tultaria.bone.left_foot] run data modify entity @s {} merge value {transformation:[-0.8191520442889919f,0.1966645655354829f,-0.5388069942009895f,0.17024333229396124f,0f,0.9393813274979511f,0.3428742065950532f,-0.030591641565376193f,0.5735764363510459f,0.28086610726630395f,-0.7694961347868536f,0.02520182622411897f,0f,0f,0f,1f],start_interpolation:0}
execute if entity @s[tag=aj.tultaria.bone.left_leg] run data modify entity @s {} merge value {transformation:[-0.8191520442889919f,0.0052138851337376405f,-0.5735527384111924f,0.10083031473857242f,0f,0.9999586839026995f,0.009090131329151374f,0.4080265490581988f,0.5735764363510459f,0.007446199661129766f,-0.8191182001234261f,-0.07393023643956502f,0f,0f,0f,1f],start_interpolation:0}
execute if entity @s[tag=aj.tultaria.bone.right_foot] run data modify entity @s {} merge value {transformation:[-0.8191520442889919f,0.2513456305503712f,-0.5155727905353441f,0.0599790078239769f,0f,0.8988737295682735f,0.4382077341764091f,0.053991126225518826f,0.5735764363510459f,0.35895876127385273f,-0.7363142531335216f,0.3035897499228196f,0f,0f,0f,1f],start_interpolation:0}
execute if entity @s[tag=aj.tultaria.bone.right_leg] run data modify entity @s {} merge value {transformation:[-0.8191520442889919f,-0.2238261665698894f,-0.5281020502666067f,-0.10395769633367556f,0f,0.9207178272982478f,-0.39022901288242795f,0.4080265490581988f,0.5735764363510459f,-0.3196568936435161f,-0.7542078904446786f,0.06946387264819646f,0f,0f,0f,1f],start_interpolation:0}
execute if entity @s[tag=aj.tultaria.bone.lower] run data modify entity @s {} merge value {transformation:[-0.8191520442889919f,0.02501905276082526f,-0.5730305186777721f,0f,0f,0.9990482215818578f,0.043619387365336f,0.4704670629070649f,0.5735764363510459f,0.03573091033094841f,-0.8183723930520606f,0f,0f,0f,0f,1f],start_interpolation:0}