execute if entity @s[tag=aj.tultaria.bone.head] run data modify entity @s {} merge value {transformation:[-0.984807753012208f,0.030153689607045765f,-0.17101007166283427f,0f,0f,0.984807753012208f,0.17364817766693036f,1.1658766720379055f,0.1736481776669302f,0.17101007166283436f,-0.9698463103929542f,0f,0f,0f,0f,1f],start_interpolation:0}
execute if entity @s[tag=aj.tultaria.bone.bust] run data modify entity @s {} merge value {transformation:[-0.8191520442889919f,0f,-0.5735764363510459f,0.696364240320019f,0f,1f,0f,0.00962667203790546f,0.5735764363510459f,0f,-0.8191520442889919f,0.12278780396897299f,0f,0f,0f,1f],start_interpolation:0}
execute if entity @s[tag=aj.tultaria.bone.left_wing] run data modify entity @s {} merge value {transformation:[-0.533829759348113f,0f,-0.8455919749112664f,-0.020500051775818706f,0f,1f,0f,1.0721266720379055f,0.8455919749112664f,0f,-0.533829759348113f,-0.13824253280806437f,0f,0f,0f,1f],start_interpolation:0}
execute if entity @s[tag=aj.tultaria.bone.right_wing] run data modify entity @s {} merge value {transformation:[-0.9771770698236489f,0f,-0.21242639716115214f,-0.1228940573119427f,0f,1f,0f,1.0721266720379055f,0.21242639716115214f,0f,-0.9771770698236489f,-0.06654547826418361f,0f,0f,0f,1f],start_interpolation:0}
execute if entity @s[tag=aj.tultaria.bone.body] run data modify entity @s {} merge value {transformation:[-0.8191520442889919f,0f,-0.5735764363510459f,0.696364240320019f,0f,1f,0f,0.00962667203790546f,0.5735764363510459f,0f,-0.8191520442889919f,0.12278780396897299f,0f,0f,0f,1f],start_interpolation:0}
execute if entity @s[tag=aj.tultaria.bone.left_hand] run data modify entity @s {} merge value {transformation:[-0.9117127632249135f,-0.36029279704966033f,-0.19740551604989445f,0.2683670827015453f,-0.2545972131404771f,0.8726169450354455f,-0.41679722443666617f,0.7488529211918156f,0.322428436143426f,-0.3297404549507665f,-0.8873055482385794f,-0.3699828284222544f,0f,0f,0f,1f],start_interpolation:0}
execute if entity @s[tag=aj.tultaria.bone.left_arm] run data modify entity @s {} merge value {transformation:[-0.9117127632249135f,-0.11809208768281465f,-0.39348963925306507f,0.17918950968821698f,-0.2545972131404771f,0.914112320291925f,0.3155612855716233f,1.0096266720379055f,0.322428436143426f,0.3878826171887927f,-0.8634737858492735f,-0.1254698454517913f,0f,0f,0f,1f],start_interpolation:0}
execute if entity @s[tag=aj.tultaria.bone.rod] run data modify entity @s {} merge value {transformation:[-0.000006148077521255445f,0.000004098748239913363f,-0.000006738056519386032f,-0.27368712580204013f,0.0000025459721314047713f,0.000009117535029917505f,0.000003223132154339544f,0.4737212198581068f,0.000007464527359367353f,2.661162227943518e-7f,-0.000006649061095915868f,0.35601648210071524f,0f,0f,0f,1f],start_interpolation:0}
execute if entity @s[tag=aj.tultaria.bone.sword] run data modify entity @s {} merge value {transformation:[-0.000006148077521255445f,-0.0000018662727820569244f,-0.000007662778131695255f,-0.32881914054828487f,0.0000025459721314047713f,0.000008726169450354457f,-0.000004167972244366662f,0.4621400128732779f,0.000007464527359367353f,-0.000004513423603724131f,-0.0000048897687751674034f,0.35642233896514103f,0f,0f,0f,1f],start_interpolation:0}
execute if entity @s[tag=aj.tultaria.bone.right_hand] run data modify entity @s {} merge value {transformation:[-0.6148077521255445f,-0.18662727820569242f,-0.7662778131695254f,-0.43945708177536547f,0.2545972131404771f,0.8726169450354455f,-0.41679722443666617f,0.7488529211918156f,0.7464527359367352f,-0.4513423603724131f,-0.4889768775167403f,0.1256409872714678f,0f,0f,0f,1f],start_interpolation:0}
execute if entity @s[tag=aj.tultaria.bone.right_arm] run data modify entity @s {} merge value {transformation:[-0.6148077521255445f,0.40488030585833756f,-0.6768185619901348f,-0.17918950968821698f,0.2545972131404771f,0.914112320291925f,0.3155612855716233f,1.0096266720379055f,0.7464527359367352f,0.021693404955703155f,-0.665084738355941f,0.1254698454517913f,0f,0f,0f,1f],start_interpolation:0}
execute if entity @s[tag=aj.tultaria.bone.skirt] run data modify entity @s {} merge value {transformation:[-0.8191520442889919f,0.021251394498876967f,-0.57318261188649f,0.03464163931919707f,0f,0.9993133879992326f,0.03705067564154689f,0.4600700749409224f,0.5735764363510459f,0.030350136694061492f,-0.81858960466493f,0.049473388143990576f,0f,0f,0f,1f],start_interpolation:0}
execute if entity @s[tag=aj.tultaria.bone.left_foot] run data modify entity @s {} merge value {transformation:[-0.8191520442889919f,0.23597791370253385f,-0.5227851877987411f,0.16276406540882973f,0f,0.9114481604658893f,0.4114149374820348f,0.005177155442486869f,0.5735764363510459f,0.3370113870894366f,-0.7466146239090743f,0.014520326130226094f,0f,0f,0f,1f],start_interpolation:0}
execute if entity @s[tag=aj.tultaria.bone.left_leg] run data modify entity @s {} merge value {transformation:[-0.8191520442889919f,0.022193401530292332f,-0.5731469107180817f,0.10083031473857242f,0f,0.9992511449115713f,0.03869301478192055f,0.44718615818903934f,0.5735764363510459f,0.031695462158314404f,-0.8185386181124293f,-0.07393023643956502f,0f,0f,0f,1f],start_interpolation:0}
execute if entity @s[tag=aj.tultaria.bone.right_foot] run data modify entity @s {} merge value {transformation:[-0.8191520442889919f,0.2436846805716783f,-0.519237618814204f,0.050800345317275244f,0f,0.9052631626875534f,0.4248512754846436f,0.08080860370230375f,0.5735764363510459f,0.3480177908320313f,-0.7415481703350275f,0.29048126135931507f,0f,0f,0f,1f],start_interpolation:0}
execute if entity @s[tag=aj.tultaria.bone.right_leg] run data modify entity @s {} merge value {transformation:[-0.8191520442889919f,-0.20015554035732216f,-0.5375199419569788f,-0.10395769633367556f,0f,0.9371374203873336f,-0.34896053546178274f,0.44718615818903934f,0.5735764363510459f,-0.2858517359997006f,-0.7676580336899966f,0.06946387264819646f,0f,0f,0f,1f],start_interpolation:0}
execute if entity @s[tag=aj.tultaria.bone.lower] run data modify entity @s {} merge value {transformation:[-0.8191520442889919f,0.02501905276082526f,-0.5730305186777721f,0f,0f,0.9990482215818578f,0.043619387365336f,0.5096266720379055f,0.5735764363510459f,0.03573091033094841f,-0.8183723930520606f,0f,0f,0f,0f,1f],start_interpolation:0}