execute if entity @s[tag=aj.tultaria.bone.head] run data modify entity @s {} merge value {transformation:[-0.984807753012208f,0.030153689607045765f,-0.17101007166283427f,0f,0f,0.984807753012208f,0.17364817766693036f,1.6318412325614078f,0.1736481776669302f,0.17101007166283436f,-0.9698463103929542f,0f,0f,0f,0f,1f],start_interpolation:0}
execute if entity @s[tag=aj.tultaria.bone.bust] run data modify entity @s {} merge value {transformation:[-0.8191520442889919f,0f,-0.5735764363510459f,0.696364240320019f,0f,1f,0f,0.4755912325614078f,0.5735764363510459f,0f,-0.8191520442889919f,0.12278780396897299f,0f,0f,0f,1f],start_interpolation:0}
execute if entity @s[tag=aj.tultaria.bone.left_wing] run data modify entity @s {} merge value {transformation:[-0.5128026591514108f,0f,-0.8585065129439857f,-0.020500051775818706f,0f,1f,0f,1.5380912325614078f,0.8585065129439857f,0f,-0.5128026591514108f,-0.13824253280806437f,0f,0f,0f,1f],start_interpolation:0}
execute if entity @s[tag=aj.tultaria.bone.right_wing] run data modify entity @s {} merge value {transformation:[-0.982121074090855f,0f,-0.18825035412084973f,-0.1228940573119427f,0f,1f,0f,1.5380912325614078f,0.18825035412084973f,0f,-0.982121074090855f,-0.06654547826418361f,0f,0f,0f,1f],start_interpolation:0}
execute if entity @s[tag=aj.tultaria.bone.body] run data modify entity @s {} merge value {transformation:[-0.8191520442889919f,0f,-0.5735764363510459f,0.696364240320019f,0f,1f,0f,0.4755912325614078f,0.5735764363510459f,0f,-0.8191520442889919f,0.12278780396897299f,0f,0f,0f,1f],start_interpolation:0}
execute if entity @s[tag=aj.tultaria.bone.left_hand] run data modify entity @s {} merge value {transformation:[-0.9052032570603854f,-0.37272029308162846f,-0.20417307984260516f,0.27461516534133645f,-0.28207348793187653f,0.8862814417109839f,-0.3673414671455504f,1.2212471225585548f,0.31787043085700084f,-0.2749268797404955f,-0.907399360801483f,-0.3743577829859934f,0f,0f,0f,1f],start_interpolation:0}
execute if entity @s[tag=aj.tultaria.bone.left_arm] run data modify entity @s {} merge value {transformation:[-0.9052032570603854f,-0.1401478977899726f,-0.40120522199034403f,0.17918950968821698f,-0.28207348793187653f,0.9042601911941732f,0.320543373082993f,1.4755912325614078f,0.31787043085700084f,0.4033262616871468f,-0.8580712766549501f,-0.1254698454517913f,0f,0f,0f,1f],start_interpolation:0}
execute if entity @s[tag=aj.tultaria.bone.rod] run data modify entity @s {} merge value {transformation:[-0.000006082982459610165f,0.00000461016838389162f,-0.000006460934287565635f,-0.29877367520477965f,0.0000028207348793187655f,0.000008864452599032607f,0.000003669459750439926f,0.9348092653101296f,0.000007418947306503102f,4.096676600248643e-7f,-0.000006692637243393679f,0.3593944312655623f,0f,0f,0f,1f],start_interpolation:0}
execute if entity @s[tag=aj.tultaria.bone.sword] run data modify entity @s {} merge value {transformation:[-0.000006082982459610165f,-0.0000013086891208767456f,-0.000007828451774199925f,-0.35447886308262355f,0.0000028207348793187655f,0.00000886281441710984f,-0.000003673414671455504f,0.9264049305355531f,0.000007418947306503102f,-0.000004442730398388906f,-0.0000050220879592617186f,0.35903760428934506f,0f,0f,0f,1f],start_interpolation:0}
execute if entity @s[tag=aj.tultaria.bone.right_hand] run data modify entity @s {} merge value {transformation:[-0.6082982459610164f,-0.13086891208767454f,-0.7828451774199925f,-0.4457051644151566f,0.28207348793187653f,0.8862814417109839f,-0.3673414671455504f,1.2212471225585548f,0.7418947306503101f,-0.44427303983889055f,-0.5022087959261718f,0.13001594183520676f,0f,0f,0f,1f],start_interpolation:0}
execute if entity @s[tag=aj.tultaria.bone.right_arm] run data modify entity @s {} merge value {transformation:[-0.6082982459610164f,0.42693611596549563f,-0.6691029792528559f,-0.17918950968821698f,0.28207348793187653f,0.9042601911941732f,0.320543373082993f,1.4755912325614078f,0.7418947306503101f,0.00624976045734929f,-0.6704872475502643f,0.1254698454517913f,0f,0f,0f,1f],start_interpolation:0}
execute if entity @s[tag=aj.tultaria.bone.skirt] run data modify entity @s {} merge value {transformation:[-0.8191520442889919f,-0.0013903871558468353f,-0.5735747511534328f,0.03464163931919707f,0f,0.9999970619476214f,-0.002424066031533889f,0.9260346354644247f,0.5735764363510459f,-0.0019856786452224842f,-0.8191496375773797f,0.049473388143990576f,0f,0f,0f,1f],start_interpolation:0}
execute if entity @s[tag=aj.tultaria.bone.left_foot] run data modify entity @s {} merge value {transformation:[-0.8191520442889919f,0.1966645655354828f,-0.5388069942009895f,0.17024333229396127f,0f,0.9393813274979511f,0.3428742065950531f,0.4745325280889668f,0.5735764363510459f,0.28086610726630384f,-0.7694961347868536f,0.025201826224118984f,0f,0f,0f,1f],start_interpolation:0}
execute if entity @s[tag=aj.tultaria.bone.left_leg] run data modify entity @s {} merge value {transformation:[-0.8191520442889919f,0.005213885133737616f,-0.5735527384111924f,0.10083031473857242f,0f,0.9999586839026995f,0.009090131329151332f,0.9131507187125417f,0.5735764363510459f,0.007446199661129735f,-0.8191182001234261f,-0.07393023643956502f,0f,0f,0f,1f],start_interpolation:0}
execute if entity @s[tag=aj.tultaria.bone.right_foot] run data modify entity @s {} merge value {transformation:[-0.8191520442889919f,0.2513456305503712f,-0.5155727905353442f,0.05997900782397693f,0f,0.8988737295682736f,0.4382077341764092f,0.5591152958798618f,0.5735764363510459f,0.35895876127385273f,-0.7363142531335217f,0.3035897499228197f,0f,0f,0f,1f],start_interpolation:0}
execute if entity @s[tag=aj.tultaria.bone.right_leg] run data modify entity @s {} merge value {transformation:[-0.8191520442889919f,-0.22382616656988946f,-0.5281020502666067f,-0.10395769633367556f,0f,0.9207178272982478f,-0.39022901288242806f,0.9131507187125417f,0.5735764363510459f,-0.31965689364351624f,-0.7542078904446786f,0.06946387264819646f,0f,0f,0f,1f],start_interpolation:0}
execute if entity @s[tag=aj.tultaria.bone.lower] run data modify entity @s {} merge value {transformation:[-0.8191520442889919f,0.02501905276082526f,-0.5730305186777721f,0f,0f,0.9990482215818578f,0.043619387365336f,0.9755912325614078f,0.5735764363510459f,0.03573091033094841f,-0.8183723930520606f,0f,0f,0f,0f,1f],start_interpolation:0}