execute if entity @s[tag=aj.tultaria.bone.head] run data modify entity @s {} merge value {transformation:[-0.984807753012208f,0.030153689607045765f,-0.17101007166283427f,0f,0f,0.984807753012208f,0.17364817766693036f,1.594858716333853f,0.1736481776669302f,0.17101007166283436f,-0.9698463103929542f,0f,0f,0f,0f,1f],start_interpolation:0}
execute if entity @s[tag=aj.tultaria.bone.bust] run data modify entity @s {} merge value {transformation:[-0.8191520442889919f,0f,-0.5735764363510459f,0.696364240320019f,0f,1f,0f,0.438608716333853f,0.5735764363510459f,0f,-0.8191520442889919f,0.12278780396897299f,0f,0f,0f,1f],start_interpolation:0}
execute if entity @s[tag=aj.tultaria.bone.left_wing] run data modify entity @s {} merge value {transformation:[-0.37244792623316636f,0f,-0.9280530923630468f,-0.020500051775818706f,0f,1f,0f,1.501108716333853f,0.9280530923630468f,0f,-0.37244792623316636f,-0.13824253280806437f,0f,0f,0f,1f],start_interpolation:0}
execute if entity @s[tag=aj.tultaria.bone.right_wing] run data modify entity @s {} merge value {transformation:[-0.9994693357027138f,0f,-0.03257371624448102f,-0.1228940573119427f,0f,1f,0f,1.501108716333853f,0.03257371624448102f,0f,-0.9994693357027138f,-0.06654547826418361f,0f,0f,0f,1f],start_interpolation:0}
execute if entity @s[tag=aj.tultaria.bone.body] run data modify entity @s {} merge value {transformation:[-0.8191520442889919f,0f,-0.5735764363510459f,0.696364240320019f,0f,1f,0f,0.438608716333853f,0.5735764363510459f,0f,-0.8191520442889919f,0.12278780396897299f,0f,0f,0f,1f],start_interpolation:0}
execute if entity @s[tag=aj.tultaria.bone.left_hand] run data modify entity @s {} merge value {transformation:[-0.8486259149548714f,-0.4437398928714948f,-0.2879738945484499f,0.3103927879316376f,-0.44989827982833386f,0.8917709031144541f,-0.048334192513549534f,1.2300783136945128f,0.2782545494228504f,0.08854131144739774f,-0.9564177130797303f,-0.39940954402294426f,0f,0f,0f,1f],start_interpolation:0}
execute if entity @s[tag=aj.tultaria.bone.left_arm] run data modify entity @s {} merge value {transformation:[-0.8486259149548714f,-0.2736982604440871f,-0.4526845686533704f,0.17918950968821698f,-0.44989827982833386f,0.8235533009037932f,0.3454728619992781f,1.438608716333853f,0.2782545494228504f,0.49683923234819805f,-0.8220250500593882f,-0.1254698454517913f,0f,0f,0f,1f],start_interpolation:0}
execute if entity @s[tag=aj.tultaria.bone.rod] run data modify entity @s {} merge value {transformation:[-0.0000055172090385550245f,0.000007320078246925965f,-0.00000399710631379352f,-0.46956566220554674f,0.0000044989827982833386f,0.0000066475468814658906f,0.000005963998175675753f,0.9017059990907862f,0.000007022788492161596f,0.0000014921712092097177f,-0.000006960881185364988f,0.3747939078143414f,0f,0f,0f,1f],start_interpolation:0}
execute if entity @s[tag=aj.tultaria.bone.sword] run data modify entity @s {} merge value {transformation:[-0.0000055172090385550245f,0.0000023496959876105224f,-0.000008002457946824447f,-0.5243184620767708f,0.0000044989827982833386f,0.000008917709031144542f,-4.833419251354953e-7f,0.913499655061349f,0.000007022788492161596f,-0.000003866961908481914f,-0.000005977210669928958f,0.3687219468370544f,0f,0f,0f,1f],start_interpolation:0}
execute if entity @s[tag=aj.tultaria.bone.right_hand] run data modify entity @s {} merge value {transformation:[-0.5517209038555024f,0.23496959876105222f,-0.8002457946824446f,-0.48148278700545777f,0.44989827982833386f,0.8917709031144541f,-0.048334192513549534f,1.2300783136945128f,0.7022788492161596f,-0.3866961908481914f,-0.5977210669928957f,0.15506770287215768f,0f,0f,0f,1f],start_interpolation:0}
execute if entity @s[tag=aj.tultaria.bone.right_arm] run data modify entity @s {} merge value {transformation:[-0.5517209038555024f,0.56048647861961f,-0.6176236325898294f,-0.17918950968821698f,0.44989827982833386f,0.8235533009037932f,0.3454728619992781f,1.438608716333853f,0.7022788492161596f,-0.0872632102037022f,-0.7065334741458262f,0.1254698454517913f,0f,0f,0f,1f],start_interpolation:0}
execute if entity @s[tag=aj.tultaria.bone.skirt] run data modify entity @s {} merge value {transformation:[-0.8191520442889919f,-0.1437412923001369f,-0.5552732383476194f,0.03464163931919707f,0f,0.9680893480913074f,-0.25060529545910937f,0.8890521192368699f,0.5735764363510459f,-0.20528384008497624f,-0.7930123685433919f,0.049473388143990576f,0f,0f,0f,1f],start_interpolation:0}
execute if entity @s[tag=aj.tultaria.bone.left_foot] run data modify entity @s {} merge value {transformation:[-0.8191520442889919f,-0.06890765989325687f,-0.5694222183452281f,0.21607710242468864f,0f,0.9927573419294456f,-0.12013683883464718f,0.46792840254563955f,0.5735764363510459f,-0.09841033712581834f,-0.813219206124411f,0.09065923367779359f,0f,0f,0f,1f],start_interpolation:0}
execute if entity @s[tag=aj.tultaria.bone.left_leg] run data modify entity @s {} merge value {transformation:[-0.8191520442889919f,-0.10216273344937782f,-0.5644047344161075f,0.10083031473857242f,0f,0.9840096256511398f,-0.17811529026421016f,0.876168202484987f,0.5735764363510459f,-0.1459035041390549f,-0.8060534964521767f,-0.07393023643956502f,0f,0f,0f,1f],start_interpolation:0}
execute if entity @s[tag=aj.tultaria.bone.right_foot] run data modify entity @s {} merge value {transformation:[-0.8191520442889919f,0.2986679352520726f,-0.4896809091535316f,0.11004847220373583f,0f,0.8537326119405508f,0.5207116546699957f,0.6157427906171118f,0.5735764363510459f,0.4265420164080306f,-0.6993368143472828f,0.3750963556754177f,0f,0f,0f,1f],start_interpolation:0}
execute if entity @s[tag=aj.tultaria.bone.right_leg] run data modify entity @s {} merge value {transformation:[-0.8191520442889919f,-0.36205144767185554f,-0.44486928144779686f,-0.10395769633367556f,0f,0.7756059232104221f,-0.6312174362934763f,0.876168202484987f,0.5735764363510459f,-0.5170630533306576f,-0.6353391775604681f,0.06946387264819646f,0f,0f,0f,1f],start_interpolation:0}
execute if entity @s[tag=aj.tultaria.bone.lower] run data modify entity @s {} merge value {transformation:[-0.8191520442889919f,0.02501905276082526f,-0.5730305186777721f,0f,0f,0.9990482215818578f,0.043619387365336f,0.938608716333853f,0.5735764363510459f,0.03573091033094841f,-0.8183723930520606f,0f,0f,0f,0f,1f],start_interpolation:0}