execute if entity @s[tag=aj.tultaria.bone.head] run data modify entity @s {} merge value {transformation:[-0.984807753012208f,0.030153689607045765f,-0.17101007166283427f,0f,0f,0.984807753012208f,0.17364817766693036f,1.6392684019371453f,0.1736481776669302f,0.17101007166283436f,-0.9698463103929542f,0f,0f,0f,0f,1f],start_interpolation:0}
execute if entity @s[tag=aj.tultaria.bone.bust] run data modify entity @s {} merge value {transformation:[-0.8191520442889919f,0f,-0.5735764363510459f,0.696364240320019f,0f,1f,0f,0.4830184019371453f,0.5735764363510459f,0f,-0.8191520442889919f,0.12278780396897299f,0f,0f,0f,1f],start_interpolation:0}
execute if entity @s[tag=aj.tultaria.bone.left_wing] run data modify entity @s {} merge value {transformation:[-0.3548010224118051f,0f,-0.9349418348194383f,-0.020500051775818706f,0f,1f,0f,1.5455184019371453f,0.9349418348194383f,0f,-0.3548010224118051f,-0.13824253280806437f,0f,0f,0f,1f],start_interpolation:0}
execute if entity @s[tag=aj.tultaria.bone.right_wing] run data modify entity @s {} merge value {transformation:[-0.9999070395812432f,0f,-0.01363496226156069f,-0.1228940573119427f,0f,1f,0f,1.5455184019371453f,0.01363496226156069f,0f,-0.9999070395812432f,-0.06654547826418361f,0f,0f,0f,1f],start_interpolation:0}
execute if entity @s[tag=aj.tultaria.bone.body] run data modify entity @s {} merge value {transformation:[-0.8191520442889919f,0f,-0.5735764363510459f,0.696364240320019f,0f,1f,0f,0.4830184019371453f,0.5735764363510459f,0f,-0.8191520442889919f,0.12278780396897299f,0f,0f,0f,1f],start_interpolation:0}
execute if entity @s[tag=aj.tultaria.bone.left_hand] run data modify entity @s {} merge value {transformation:[-0.8400678481853115f,-0.45020012229903433f,-0.3026646003866903f,0.3142196429417572f,-0.46921140745643775f,0.8830159043737116f,-0.011116102546540774f,1.280556508495574f,0.2722621265583025f,0.1326754027881994f,-0.953032303721621f,-0.4020891367486656f,0f,0f,0f,1f],start_interpolation:0}
execute if entity @s[tag=aj.tultaria.bone.left_arm] run data modify entity @s {} merge value {transformation:[-0.8400678481853115f,-0.28892514346120224f,-0.45913861950529067f,0.17918950968821698f,-0.46921140745643775f,0.8117664582223973f,0.3476720759822589f,1.4830184019371453f,0.2722621265583025f,0.5075012106202196f,-0.8175058750008848f,-0.1254698454517913f,0f,0f,0f,1f],start_interpolation:0}
execute if entity @s[tag=aj.tultaria.bone.rod] run data modify entity @s {} merge value {transformation:[-0.000005431628370859427f,0.000007570933195486429f,-0.0000036302043730837865f,-0.49079899061151677f,0.000004692114074564378f,0.000006322468053692475f,0.0000061652626238719956f,0.9508150571737496f,0.000006962864263516118f,0.0000016454082349130765f,-0.000006986497905841696f,0.37567031487801217f,0f,0f,0f,1f],start_interpolation:0}
execute if entity @s[tag=aj.tultaria.bone.sword] run data modify entity @s {} merge value {transformation:[-0.000005431628370859427f,0.000002786516073138186f,-0.000007920400331739396f,-0.544899705825481f,0.000004692114074564378f,0.000008830159043737117f,-1.1116102546540774e-7f,0.9649568463498942f,0.000006962864263516118f,-0.0000037767207252390525f,-0.0000061036793666935f,0.36881826867012435f,0f,0f,0f,1f],start_interpolation:0}
execute if entity @s[tag=aj.tultaria.bone.right_hand] run data modify entity @s {} merge value {transformation:[-0.5431628370859426f,0.27865160731381855f,-0.7920400331739396f,-0.48530964201557736f,0.46921140745643775f,0.8830159043737116f,-0.011116102546540774f,1.280556508495574f,0.6962864263516118f,-0.3776720725239052f,-0.61036793666935f,0.157747295597879f,0f,0f,0f,1f],start_interpolation:0}
execute if entity @s[tag=aj.tultaria.bone.right_arm] run data modify entity @s {} merge value {transformation:[-0.5431628370859426f,0.5757133616367253f,-0.6111695817379093f,-0.17918950968821698f,0.46921140745643775f,0.8117664582223973f,0.3476720759822589f,1.4830184019371453f,0.6962864263516118f,-0.09792518847572362f,-0.7110526492043296f,0.1254698454517913f,0f,0f,0f,1f],start_interpolation:0}
execute if entity @s[tag=aj.tultaria.bone.skirt] run data modify entity @s {} merge value {transformation:[-0.8191520442889919f,-0.16050332865552328f,-0.5506619741980215f,0.03464163931919707f,0f,0.9600498543859287f,-0.2798290140309921f,0.9334618048401622f,0.5735764363510459f,-0.22922250889486018f,-0.7864268008395825f,0.049473388143990576f,0f,0f,0f,1f],start_interpolation:0}
execute if entity @s[tag=aj.tultaria.bone.left_foot] run data modify entity @s {} merge value {transformation:[-0.8191520442889919f,-0.10114055421975067f,-0.5645888031384321f,0.2213699309942312f,0f,0.9843305396752506f,-0.17633317516176625f,0.5170108243657751f,0.5735764363510459f,-0.14444368090972975f,-0.8063163738310681f,0.0982181762494135f,0f,0f,0f,1f],start_interpolation:0}
execute if entity @s[tag=aj.tultaria.bone.left_leg] run data modify entity @s {} merge value {transformation:[-0.8191520442889919f,-0.11496579541506192f,-0.5619366460925534f,0.10083031473857242f,0f,0.9797066449721296f,-0.20043674762242047f,0.9205778880882792f,0.5735764363510459f,-0.1641881715655425f,-0.8025287010324295f,-0.07393023643956502f,0f,0f,0f,1f],start_interpolation:0}
execute if entity @s[tag=aj.tultaria.bone.right_foot] run data modify entity @s {} merge value {transformation:[-0.8191520442889919f,0.30421445908582573f,-0.48625455393269473f,0.11501663278299219f,0f,0.8477589439101232f,0.5303817238747888f,0.6730241635509566f,0.5735764363510459f,0.4344632733655528f,-0.6944434719682542f,0.3821916243038574f,0f,0f,0f,1f],start_interpolation:0}
execute if entity @s[tag=aj.tultaria.bone.right_leg] run data modify entity @s {} merge value {transformation:[-0.8191520442889919f,-0.3770078000197985f,-0.4322673328640474f,-0.10395769633367556f,0f,0.7536350963335022f,-0.6572930408686776f,0.9205778880882792f,0.5735764363510459f,-0.538422938124505f,-0.6173417298095196f,0.06946387264819646f,0f,0f,0f,1f],start_interpolation:0}
execute if entity @s[tag=aj.tultaria.bone.lower] run data modify entity @s {} merge value {transformation:[-0.8191520442889919f,0.02501905276082526f,-0.5730305186777721f,0f,0f,0.9990482215818578f,0.043619387365336f,0.9830184019371453f,0.5735764363510459f,0.03573091033094841f,-0.8183723930520606f,0f,0f,0f,0f,1f],start_interpolation:0}