execute if entity @s[tag=aj.tultaria.bone.head] run data modify entity @s {} merge value {transformation:[-0.984807753012208f,0.04750571822242461f,-0.16702364007294696f,0f,-6.938893903907228e-18f,0.9618508084392943f,0.27357452787983777f,1.0992422916666666f,0.1736481776669302f,0.2694183160827187f,-0.9472381333920772f,0f,0f,0f,0f,1f],start_interpolation:0}
execute if entity @s[tag=aj.tultaria.bone.bust] run data modify entity @s {} merge value {transformation:[-0.8191520442889919f,0f,-0.5735764363510459f,0.696364240320019f,0f,1f,0f,-0.057007708333333296f,0.5735764363510459f,0f,-0.8191520442889919f,0.12278780396897299f,0f,0f,0f,1f],start_interpolation:0}
execute if entity @s[tag=aj.tultaria.bone.left_wing] run data modify entity @s {} merge value {transformation:[-0.3886189515211591f,0.034090755553669555f,-0.9207676856321441f,-0.020500051775818706f,-0.2177031030365825f,0.9676237385158976f,0.1277092776142792f,1.0054922916666666f,0.89531037604109f,0.2500842279039161f,-0.3686152594601369f,-0.13824253280806437f,0f,0f,0f,1f],start_interpolation:0}
execute if entity @s[tag=aj.tultaria.bone.right_wing] run data modify entity @s {} merge value {transformation:[-0.974232063177207f,0.22334257843570485f,-0.03146394341422298f,-0.1228940573119427f,0.2177031030365825f,0.9676237385158976f,0.1277092776142792f,1.0054922916666666f,0.058968177907457564f,0.11756867490198619f,-0.9913124435192295f,-0.06654547826418361f,0f,0f,0f,1f],start_interpolation:0}
execute if entity @s[tag=aj.tultaria.bone.body] run data modify entity @s {} merge value {transformation:[-0.8191520442889919f,0f,-0.5735764363510459f,0.696364240320019f,0f,1f,0f,-0.057007708333333296f,0.5735764363510459f,0f,-0.8191520442889919f,0.12278780396897299f,0f,0f,0f,1f],start_interpolation:0}
execute if entity @s[tag=aj.tultaria.bone.left_hand] run data modify entity @s {} merge value {transformation:[-0.8710169406693634f,-0.4236727341645721f,-0.24865820596251895f,0.31534996593174747f,-0.41573830537205536f,0.9053770213356608f,-0.08633719177583982f,0.7198067526363133f,0.2617081399447757f,0.028175584517136976f,-0.9647357078100527f,-0.3850670966377086f,0f,0f,0f,1f],start_interpolation:0}
execute if entity @s[tag=aj.tultaria.bone.left_arm] run data modify entity @s {} merge value {transformation:[-0.8710169406693634f,-0.2704075764484931f,-0.41013318771617957f,0.17918950968821698f,-0.41573830537205536f,0.8505129767725886f,0.32216352647033425f,0.9429922916666666f,0.2617081399447757f,0.45111796565940754f,-0.8532299986205145f,-0.1254698454517913f,0f,0f,0f,1f],start_interpolation:0}
execute if entity @s[tag=aj.tultaria.bone.rod] run data modify entity @s {} merge value {transformation:[-0.00000543830546792533f,0.00000702079187282365f,-0.000004597098554091143f,-0.4312800102589193f,0.000004157383053720554f,0.0000070124784509022304f,0.000005791486175436235f,0.3910825186074205f,0.0000072897873619311165f,0.0000012383971310227074f,-0.000006732412105902617f,0.38076606983172656f,0f,0f,0f,1f],start_interpolation:0}
execute if entity @s[tag=aj.tultaria.bone.right_hand] run data modify entity @s {} merge value {transformation:[-0.543830546792533f,0.1713809981192283f,-0.8215089103953723f,-0.4697007497636302f,0.41573830537205536f,0.9053770213356608f,-0.08633719177583982f,0.7198067526363133f,0.7289787361931116f,-0.3884855244678024f,-0.5636213262974267f,0.1646313323691223f,0f,0f,0f,1f],start_interpolation:0}
execute if entity @s[tag=aj.tultaria.bone.right_arm] run data modify entity @s {} merge value {transformation:[-0.543830546792533f,0.5163970614873565f,-0.661500121891567f,-0.17918950968821698f,0.41573830537205536f,0.8505129767725886f,0.32216352647033425f,0.9429922916666666f,0.7289787361931116f,-0.09980857292163547f,-0.6772209764542445f,0.1254698454517913f,0f,0f,0f,1f],start_interpolation:0}
execute if entity @s[tag=aj.tultaria.bone.skirt] run data modify entity @s {} merge value {transformation:[-0.8191520442889919f,-0.10530105360502978f,-0.563827647820534f,0.03584852727194037f,0f,0.9830035058752912f,-0.1835867844832147f,0.3961172916666667f,0.5735764363510459f,-0.1503854898138679f,-0.8052293313809908f,0.051197002768061994f,0f,0f,0f,1f],start_interpolation:0}
execute if entity @s[tag=aj.tultaria.bone.left_foot] run data modify entity @s {} merge value {transformation:[-0.8191520442889919f,0.013438265699236604f,-0.5734189928421992f,0.21894167246589125f,0f,0.9997255056190099f,0.023428901272038977f,-0.026623394093371333f,0.5735764363510459f,0.019191832372435685f,-0.8189271916556581f,0.09475026367231033f,0f,0f,0f,1f],start_interpolation:0}
execute if entity @s[tag=aj.tultaria.bone.left_leg] run data modify entity @s {} merge value {transformation:[-0.8191520442889919f,-0.10530105360502978f,-0.563827647820534f,0.10239400553612399f,0f,0.9830035058752912f,-0.1835867844832147f,0.3804922916666667f,0.5735764363510459f,-0.1503854898138679f,-0.8052293313809908f,-0.07169705454388074f,0f,0f,0f,1f],start_interpolation:0}
execute if entity @s[tag=aj.tultaria.bone.right_foot] run data modify entity @s {} merge value {transformation:[-0.8191520442889919f,0.013438265699236618f,-0.5734189928421993f,0.09464315846858135f,0f,0.99972550561901f,0.023428901272039004f,0.08212567079560157f,0.5735764363510459f,0.019191832372435713f,-0.818927191655658f,0.3530952875713199f,0f,0f,0f,1f],start_interpolation:0}
execute if entity @s[tag=aj.tultaria.bone.right_leg] run data modify entity @s {} merge value {transformation:[-0.8191520442889919f,-0.31305298770785783f,-0.48061185506014026f,-0.10239400553612399f,0f,0.8379211986421133f,-0.5457912282788758f,0.3804922916666667f,0.5735764363510459f,-0.44708600039964097f,-0.6863848628207696f,0.07169705454388074f,0f,0f,0f,1f],start_interpolation:0}
execute if entity @s[tag=aj.tultaria.bone.lower] run data modify entity @s {} merge value {transformation:[-0.8191520442889919f,0f,-0.5735764363510459f,0f,0f,1f,0f,0.4429922916666667f,0.5735764363510459f,0f,-0.8191520442889919f,0f,0f,0f,0f,1f],start_interpolation:0}