execute if entity @s[tag=aj.tultaria.bone.head] run data modify entity @s {} merge value {transformation:[-0.984807753012208f,0.06645228065352374f,-0.16042999720436024f,0f,0f,0.9238795325112867f,0.3826834323650897f,1.0350000000000001f,0.1736481776669302f,0.3768696111424633f,-0.9098437264664097f,0f,0f,0f,0f,1f],start_interpolation:0}
execute if entity @s[tag=aj.tultaria.bone.bust] run data modify entity @s {} merge value {transformation:[-0.8191520442889919f,0f,-0.5735764363510459f,0.696364240320019f,0f,1f,0f,-0.12124999999999997f,0.5735764363510459f,0f,-0.8191520442889919f,0.12278780396897299f,0f,0f,0f,1f],start_interpolation:0}
execute if entity @s[tag=aj.tultaria.bone.left_wing] run data modify entity @s {} merge value {transformation:[-0.1691347015268731f,0.11464561417671038f,-0.9789023627969545f,-0.020500051775818706f,-0.3971312574337452f,0.9010877016016581f,0.1741485526535712f,0.94125f,0.902042247962094f,0.4182072897168175f,-0.10687584254267152f,-0.13824253280806437f,0f,0f,0f,1f],start_interpolation:0}
execute if entity @s[tag=aj.tultaria.bone.right_wing] run data modify entity @s {} merge value {transformation:[-0.9054899189046777f,0.35377519471339f,0.23437388584802543f,-0.1228940573119427f,0.3971312574337452f,0.9010877016016581f,0.1741485526535712f,0.94125f,-0.14958198799017447f,0.2507669548161086f,-0.9564210177746844f,-0.06654547826418361f,0f,0f,0f,1f],start_interpolation:0}
execute if entity @s[tag=aj.tultaria.bone.body] run data modify entity @s {} merge value {transformation:[-0.8191520442889919f,0f,-0.5735764363510459f,0.696364240320019f,0f,1f,0f,-0.12124999999999997f,0.5735764363510459f,0f,-0.8191520442889919f,0.12278780396897299f,0f,0f,0f,1f],start_interpolation:0}
execute if entity @s[tag=aj.tultaria.bone.left_hand] run data modify entity @s {} merge value {transformation:[-0.7951191419748811f,-0.46614396467133246f,-0.3879373071330217f,0.36169712818696353f,-0.5813836217138882f,0.7679158964656825f,0.2688833582766883f,0.7097302206148426f,0.1725648703182993f,0.43933470174321404f,-0.8815930951273551f,-0.3972518736775529f,0f,0f,0f,1f],start_interpolation:0}
execute if entity @s[tag=aj.tultaria.bone.left_arm] run data modify entity @s {} merge value {transformation:[-0.7951191419748811f,-0.43055918201034243f,-0.4270882120261734f,0.17918950968821698f,-0.5813836217138882f,0.7415590158363932f,0.33478845624454046f,0.87875f,0.1725648703182993f,0.5144988015713396f,-0.8399478249949123f,-0.1254698454517913f,0f,0f,0f,1f],start_interpolation:0}
execute if entity @s[tag=aj.tultaria.bone.rod] run data modify entity @s {} merge value {transformation:[-0.00000434104698144215f,0.000008966215494375315f,-8.730926716769762e-7f,-0.6246356649151237f,0.000005813836217138883f,0.000003528692917861726f,0.000007331277837574892f,0.38815133965562565f,0.000006881469286801785f,0.000002674940373140407f,-0.000006744633011139094f,0.39518805455678063f,0f,0f,0f,1f],start_interpolation:0}
execute if entity @s[tag=aj.tultaria.bone.right_hand] run data modify entity @s {} merge value {transformation:[-0.43410469814421493f,0.5722702028905607f,-0.6957441526399747f,-0.4970023579111603f,0.5813836217138882f,0.7679158964656825f,0.2688833582766883f,0.7097302206148426f,0.6881469286801785f,-0.28777072616738414f,-0.6660644215908351f,0.20401597954515716f,0f,0f,0f,1f],start_interpolation:0}
execute if entity @s[tag=aj.tultaria.bone.right_arm] run data modify entity @s {} merge value {transformation:[-0.43410469814421493f,0.6307306403811412f,-0.643220001502997f,-0.17918950968821698f,0.5813836217138882f,0.7415590158363932f,0.33478845624454046f,0.87875f,0.6881469286801785f,-0.22862433229242102f,-0.6886107167564864f,0.1254698454517913f,0f,0f,0f,1f],start_interpolation:0}
execute if entity @s[tag=aj.tultaria.bone.skirt] run data modify entity @s {} merge value {transformation:[-0.8191520442889919f,-0.21949819938655468f,-0.5299155298754942f,0.03584852727194037f,0f,0.9238795325112867f,-0.3826834323650897f,0.33187500000000003f,0.5735764363510459f,-0.31347591593739144f,-0.7567978077333787f,0.051197002768061994f,0f,0f,0f,1f],start_interpolation:0}
execute if entity @s[tag=aj.tultaria.bone.left_foot] run data modify entity @s {} merge value {transformation:[-0.8191520442889919f,-0.21949819938655468f,-0.5299155298754942f,0.26466390900217845f,0f,0.9238795325112867f,-0.3826834323650897f,-0.0401118664280517f,0.5735764363510459f,-0.31347591593739144f,-0.7567978077333787f,0.16004838464540033f,0f,0f,0f,1f],start_interpolation:0}
execute if entity @s[tag=aj.tultaria.bone.left_leg] run data modify entity @s {} merge value {transformation:[-0.8191520442889919f,-0.21949819938655468f,-0.5299155298754942f,0.10239400553612399f,0f,0.9238795325112867f,-0.3826834323650897f,0.31625000000000003f,0.5735764363510459f,-0.31347591593739144f,-0.7567978077333787f,-0.07169705454388074f,0f,0f,0f,1f],start_interpolation:0}
execute if entity @s[tag=aj.tultaria.bone.right_foot] run data modify entity @s {} merge value {transformation:[-0.8191520442889919f,-0.21949819938655474f,-0.5299155298754941f,0.12574462502973532f,0f,0.9238795325112867f,-0.38268343236508984f,0.09527913087920398f,0.5735764363510459f,-0.31347591593739155f,-0.7567978077333786f,0.39751278504738846f,0f,0f,0f,1f],start_interpolation:0}
execute if entity @s[tag=aj.tultaria.bone.right_leg] run data modify entity @s {} merge value {transformation:[-0.8191520442889919f,-0.40557978767263875f,-0.4055797876726387f,-0.10239400553612399f,0f,0.7071067811865475f,-0.7071067811865476f,0.31625000000000003f,0.5735764363510459f,-0.5792279653395693f,-0.5792279653395692f,0.07169705454388074f,0f,0f,0f,1f],start_interpolation:0}
execute if entity @s[tag=aj.tultaria.bone.lower] run data modify entity @s {} merge value {transformation:[-0.8191520442889919f,0f,-0.5735764363510459f,0f,0f,1f,0f,0.37875000000000003f,0.5735764363510459f,0f,-0.8191520442889919f,0f,0f,0f,0f,1f],start_interpolation:0}