execute if entity @s[tag=aj.tultaria.bone.head] run data modify entity @s {} merge value {transformation:[-0.984807753012208f,0.030153689607045765f,-0.17101007166283427f,0f,0f,0.984807753012208f,0.17364817766693036f,1.6021624280475601f,0.1736481776669302f,0.17101007166283436f,-0.9698463103929542f,0f,0f,0f,0f,1f],start_interpolation:0}
execute if entity @s[tag=aj.tultaria.bone.bust] run data modify entity @s {} merge value {transformation:[-0.8191520442889919f,0f,-0.5735764363510459f,0.696364240320019f,0f,1f,0f,0.44591242804756015f,0.5735764363510459f,0f,-0.8191520442889919f,0.12278780396897299f,0f,0f,0f,1f],start_interpolation:0}
execute if entity @s[tag=aj.tultaria.bone.left_wing] run data modify entity @s {} merge value {transformation:[-0.35999680812005147f,0f,-0.9329535348254889f,-0.020500051775818706f,0f,1f,0f,1.5084124280475601f,0.9329535348254889f,0f,-0.35999680812005147f,-0.13824253280806437f,0f,0f,0f,1f],start_interpolation:0}
execute if entity @s[tag=aj.tultaria.bone.right_wing] run data modify entity @s {} merge value {transformation:[-0.9998157121216442f,0f,-0.019197442399689513f,-0.1228940573119427f,0f,1f,0f,1.5084124280475601f,0.019197442399689513f,0f,-0.9998157121216442f,-0.06654547826418361f,0f,0f,0f,1f],start_interpolation:0}
execute if entity @s[tag=aj.tultaria.bone.body] run data modify entity @s {} merge value {transformation:[-0.8191520442889919f,0f,-0.5735764363510459f,0.696364240320019f,0f,1f,0f,0.44591242804756015f,0.5735764363510459f,0f,-0.8191520442889919f,0.12278780396897299f,0f,0f,0f,1f],start_interpolation:0}
execute if entity @s[tag=aj.tultaria.bone.left_hand] run data modify entity @s {} merge value {transformation:[-0.842618330196119f,-0.448372322034028f,-0.29825594788925525f,0.31310756005872253f,-0.4635645014365737f,0.8857904857777956f,-0.02198108990467501f,1.2416574273524676f,0.27404799328833823f,0.11973920051240733f,-0.9542327919513585f,-0.40131044793085074f,0f,0f,0f,1f],start_interpolation:0}
execute if entity @s[tag=aj.tultaria.bone.left_arm] run data modify entity @s {} merge value {transformation:[-0.842618330196119f,-0.2844763456817517f,-0.4572390604104824f,0.17918950968821698f,-0.4635645014365737f,0.81527163678245f,0.3470448260180891f,1.4459124280475601f,0.27404799328833823f,0.5043861288790776f,-0.8188359605983445f,-0.1254698454517913f,0f,0f,0f,1f],start_interpolation:0}
execute if entity @s[tag=aj.tultaria.bone.rod] run data modify entity @s {} merge value {transformation:[-0.000005457133190967501f,0.000007499195370958219f,-0.0000037392199887462727f,-0.48456446611918697f,0.000004635645014365737f,0.0000064189143693347224f,0.000006108054814745386f,0.9122336314238787f,0.0000069807229308164744f,0.0000015998772163347543f,-0.000006979247828801184f,0.3754401794280004f,0f,0f,0f,1f],start_interpolation:0}
execute if entity @s[tag=aj.tultaria.bone.sword] run data modify entity @s {} merge value {transformation:[-0.000005457133190967501f,0.0000026587040898565476f,-0.0000079467597106381f,-0.5388684434845765f,0.000004635645014365737f,0.000008857904857777956f,-2.1981089904675012e-7f,0.92568965850449f,0.0000069807229308164744f,-0.0000038037894385906445f,-0.000006066357496062967f,0.36881888782400674f,0f,0f,0f,1f],start_interpolation:0}
execute if entity @s[tag=aj.tultaria.bone.right_hand] run data modify entity @s {} merge value {transformation:[-0.54571331909675f,0.2658704089856547f,-0.7946759710638098f,-0.4841975591325427f,0.4635645014365737f,0.8857904857777956f,-0.02198108990467501f,1.2416574273524676f,0.6980722930816474f,-0.3803789438590644f,-0.6066357496062966f,0.15696860678006413f,0f,0f,0f,1f],start_interpolation:0}
execute if entity @s[tag=aj.tultaria.bone.right_arm] run data modify entity @s {} merge value {transformation:[-0.54571331909675f,0.5712645638572746f,-0.6130691408327175f,-0.17918950968821698f,0.4635645014365737f,0.81527163678245f,0.3470448260180891f,1.4459124280475601f,0.6980722930816474f,-0.09481010673458173f,-0.7097225636068701f,0.1254698454517913f,0f,0f,0f,1f],start_interpolation:0}
execute if entity @s[tag=aj.tultaria.bone.skirt] run data modify entity @s {} merge value {transformation:[-0.8191520442889919f,-0.15559549410122422f,-0.5520688096175707f,0.03464163931919707f,0f,0.9625025970901078f,-0.2712724656038609f,0.896355830950577f,0.5735764363510459f,-0.2222133947587179f,-0.7884359700398256f,0.049473388143990576f,0f,0f,0f,1f],start_interpolation:0}
execute if entity @s[tag=aj.tultaria.bone.left_foot] run data modify entity @s {} merge value {transformation:[-0.8191520442889919f,-0.09170408187585534f,-0.5661981011134459f,0.2198219456704692f,0f,0.987136265072988f,-0.15988118769183485f,0.47851088730811975f,0.5735764363510459f,-0.13096700174111853f,-0.8086146895263383f,0.09600742409481676f,0f,0f,0f,1f],start_interpolation:0}
execute if entity @s[tag=aj.tultaria.bone.left_leg] run data modify entity @s {} merge value {transformation:[-0.8191520442889919f,-0.1112118373413935f,-0.562691616760297f,0.10083031473857242f,0f,0.981022896163595f,-0.19389192144798734f,0.8834719141986941f,0.5735764363510459f,-0.15882696382523945f,-0.8036069108867162f,-0.07393023643956502f,0f,0f,0f,1f],start_interpolation:0}
execute if entity @s[tag=aj.tultaria.bone.right_foot] run data modify entity @s {} merge value {transformation:[-0.8191520442889919f,0.30258967775146006f,-0.48726729343906616f,0.11358380454261084f,0f,0.8495246013573055f,0.5275490040638038f,0.6321076858878787f,0.5735764363510459f,0.4321428451414865f,-0.6958898138756276f,0.380145333508353f,0f,0f,0f,1f],start_interpolation:0}
execute if entity @s[tag=aj.tultaria.bone.right_leg] run data modify entity @s {} merge value {transformation:[-0.8191520442889919f,-0.37266031985893083f,-0.4360208875040333f,-0.10395769633367556f,0f,0.7601792191427743f,-0.6497134405131866f,0.8834719141986941f,0.5735764363510459f,-0.5322140929984112f,-0.6227023613868131f,0.06946387264819646f,0f,0f,0f,1f],start_interpolation:0}
execute if entity @s[tag=aj.tultaria.bone.lower] run data modify entity @s {} merge value {transformation:[-0.8191520442889919f,0.02501905276082526f,-0.5730305186777721f,0f,0f,0.9990482215818578f,0.043619387365336f,0.9459124280475601f,0.5735764363510459f,0.03573091033094841f,-0.8183723930520606f,0f,0f,0f,0f,1f],start_interpolation:0}