execute if entity @s[tag=aj.tultaria.bone.head] run data modify entity @s {} merge value {transformation:[-0.9848077530122081f,0.03270586715232082f,-0.1705403643154912f,0f,0f,0.9821028162046139f,0.1883455823824022f,1.147944375f,0.17364817766693008f,0.18548418977578923f,-0.9671824676534275f,0f,0f,0f,0f,1f],start_interpolation:0}
execute if entity @s[tag=aj.tultaria.bone.bust] run data modify entity @s {} merge value {transformation:[-0.8191520442889919f,0f,-0.5735764363510459f,0.696364240320019f,0f,1f,0f,-0.008305624999999983f,0.5735764363510459f,0f,-0.8191520442889919f,0.12278780396897299f,0f,0f,0f,1f],start_interpolation:0}
execute if entity @s[tag=aj.tultaria.bone.left_wing] run data modify entity @s {} merge value {transformation:[-0.5190841608323464f,0.0023322634426617764f,-0.8547199509314222f,-0.020500051775818706f,-0.03414060926870498f,0.9991416447550028f,0.023460445755129764f,1.054194375f,0.8540410135185197f,0.04135860567647069f,-0.5185589773253934f,-0.13824253280806437f,0f,0f,0f,1f],start_interpolation:0}
execute if entity @s[tag=aj.tultaria.bone.right_wing] run data modify entity @s {} merge value {transformation:[-0.9800732773378349f,0.03806669548324129f,-0.1949546043140854f,-0.1228940573119427f,0.03414060926870498f,0.9991416447550028f,0.023460445755129764f,1.054194375f,0.19568032565139765f,0.016337086988014348f,-0.9805316464763945f,-0.06654547826418361f,0f,0f,0f,1f],start_interpolation:0}
execute if entity @s[tag=aj.tultaria.bone.body] run data modify entity @s {} merge value {transformation:[-0.8191520442889919f,0f,-0.5735764363510459f,0.696364240320019f,0f,1f,0f,-0.008305624999999983f,0.5735764363510459f,0f,-0.8191520442889919f,0.12278780396897299f,0f,0f,0f,1f],start_interpolation:0}
execute if entity @s[tag=aj.tultaria.bone.left_hand] run data modify entity @s {} merge value {transformation:[-0.9082690210019747f,-0.36762048313290546f,-0.19975626615764422f,0.2746510068938538f,-0.2750072831353829f,0.8843832339771199f,-0.37714359292273036f,0.7348855846193207f,0.3153068025124257f,-0.2876134138758134f,-0.9043562044062561f,-0.3717999800972921f,0f,0f,0f,1f],start_interpolation:0}
execute if entity @s[tag=aj.tultaria.bone.left_arm] run data modify entity @s {} merge value {transformation:[-0.9082690210019747f,-0.13774091329463686f,-0.39506306622218407f,0.17918950968821698f,-0.2750072831353829f,0.9081602627183314f,0.3156199161045873f,0.991694375f,0.3153068025124257f,0.3953130127179355f,-0.8627335870738194f,-0.1254698454517913f,0f,0f,0f,1f],start_interpolation:0}
execute if entity @s[tag=aj.tultaria.bone.rod] run data modify entity @s {} merge value {transformation:[-0.000006069377763458867f,0.000004503998615772392f,-0.00000654802642278965f,-0.29142637919267267f,0.0000027500728313538293f,0.000008920341739496321f,0.000003586725898761892f,0.45038482099324206f,0.000007456524189371386f,3.7616448492666316e-7f,-0.000006652724802184386f,0.3594840715845131f,0f,0f,0f,1f],start_interpolation:0}
execute if entity @s[tag=aj.tultaria.bone.right_hand] run data modify entity @s {} merge value {transformation:[-0.6069377763458866f,-0.14453459232757715f,-0.7814961850610733f,-0.4433138744481482f,0.2750072831353829f,0.8843832339771199f,-0.37714359292273036f,0.7348855846193207f,0.7456524189371385f,-0.44381983628593236f,-0.49701752791257f,0.13092444198821723f,0f,0f,0f,1f],start_interpolation:0}
execute if entity @s[tag=aj.tultaria.bone.right_arm] run data modify entity @s {} merge value {transformation:[-0.6069377763458866f,0.41858288785853015f,-0.6755848589454352f,-0.17918950968821698f,0.2750072831353829f,0.9081602627183314f,0.3156199161045873f,0.991694375f,0.7456524189371385f,0.005770893465008503f,-0.6663101131768973f,0.1254698454517913f,0f,0f,0f,1f],start_interpolation:0}
execute if entity @s[tag=aj.tultaria.bone.skirt] run data modify entity @s {} merge value {transformation:[-0.8191520442889919f,-0.01542728068175321f,-0.573368927783789f,0.03584852727194037f,0f,0.999638219853352f,-0.02689664306974991f,0.444819375f,0.5735764363510459f,-0.022032440155096984f,-0.818855691342282f,0.051197002768061994f,0f,0f,0f,1f],start_interpolation:0}
execute if entity @s[tag=aj.tultaria.bone.left_foot] run data modify entity @s {} merge value {transformation:[-0.8191520442889919f,0.19068503162099448f,-0.5409520746358828f,0.18081455680736463f,0f,0.9431211611085154f,0.3324492073525307f,-0.00478526580212274f,0.5735764363510459f,0.2723264478250805f,-0.772559627134248f,0.04029909944175944f,0f,0f,0f,1f],start_interpolation:0}
execute if entity @s[tag=aj.tultaria.bone.left_leg] run data modify entity @s {} merge value {transformation:[-0.8191520442889919f,-0.01542728068175321f,-0.573368927783789f,0.10239400553612399f,0f,0.999638219853352f,-0.02689664306974991f,0.429194375f,0.5735764363510459f,-0.022032440155096984f,-0.818855691342282f,-0.07169705454388074f,0f,0f,0f,1f],start_interpolation:0}
execute if entity @s[tag=aj.tultaria.bone.right_foot] run data modify entity @s {} merge value {transformation:[-0.8191520442889919f,0.19068503162099443f,-0.5409520746358829f,0.06531488643811695f,0f,0.9431211611085154f,0.33244920735253064f,0.0805707340873707f,0.5735764363510459f,0.2723264478250804f,-0.7725596271342481f,0.3112101743298217f,0f,0f,0f,1f],start_interpolation:0}
execute if entity @s[tag=aj.tultaria.bone.right_leg] run data modify entity @s {} merge value {transformation:[-0.8191520442889919f,-0.2336717381599702f,-0.5238200522340317f,-0.10239400553612399f,0f,0.9132523915494991f,-0.4073942431222124f,0.429194375f,0.5735764363510459f,-0.3337178270851269f,-0.7480925634895831f,0.07169705454388074f,0f,0f,0f,1f],start_interpolation:0}
execute if entity @s[tag=aj.tultaria.bone.lower] run data modify entity @s {} merge value {transformation:[-0.8191520442889919f,0f,-0.5735764363510459f,0f,0f,1f,0f,0.491694375f,0.5735764363510459f,0f,-0.8191520442889919f,0f,0f,0f,0f,1f],start_interpolation:0}