execute if entity @s[tag=aj.tultaria.bone.head] run data modify entity @s {} merge value {transformation:[-0.9848077530122081f,0.058599380594824266f,-0.16346192890379296f,0f,0f,0.9413397312888873f,0.3374603832999741f,1.0619444444444444f,0.17364817766693008f,0.3323336018082859f,-0.9270386655917249f,0f,0f,0f,0f,1f],start_interpolation:0}
execute if entity @s[tag=aj.tultaria.bone.bust] run data modify entity @s {} merge value {transformation:[-0.8191520442889919f,0f,-0.5735764363510459f,0.696364240320019f,0f,1f,0f,-0.09430555555555553f,0.5735764363510459f,0f,-0.8191520442889919f,0.12278780396897299f,0f,0f,0f,1f],start_interpolation:0}
execute if entity @s[tag=aj.tultaria.bone.left_wing] run data modify entity @s {} merge value {transformation:[-0.2661048177996519f,0.0771262744605634f,-0.9608536640569405f,-0.020500051775818706f,-0.33216677738981637f,0.9284063122912042f,0.1665141174084383f,0.9681944444444445f,0.9049052204193975f,0.36347387400703346f,-0.22143460653664976f,-0.13824253280806437f,0f,0f,0f,1f],start_interpolation:0}
execute if entity @s[tag=aj.tultaria.bone.right_wing] run data modify entity @s {} merge value {transformation:[-0.9413459660622416f,0.3151749778076995f,0.12055084214662831f,-0.1228940573119427f,0.33216677738981637f,0.9284063122912042f,0.1665141174084383f,0.9681944444444445f,-0.059439079542077056f,0.19679037746232186f,-0.9786421936343372f,-0.06654547826418361f,0f,0f,0f,1f],start_interpolation:0}
execute if entity @s[tag=aj.tultaria.bone.body] run data modify entity @s {} merge value {transformation:[-0.8191520442889919f,0f,-0.5735764363510459f,0.696364240320019f,0f,1f,0f,-0.09430555555555553f,0.5735764363510459f,0f,-0.8191520442889919f,0.12278780396897299f,0f,0f,0f,1f],start_interpolation:0}
execute if entity @s[tag=aj.tultaria.bone.left_hand] run data modify entity @s {} merge value {transformation:[-0.8304126606240293f,-0.45597979027854074f,-0.3201519075889736f,0.3433861864408868f,-0.5151011976879338f,0.8473268337138677f,0.1292594020134994f,0.7127298451308168f,0.21233362714317472f,0.2722492749778581f,-0.9385066664964367f,-0.3929512508898336f,0f,0f,0f,1f],start_interpolation:0}
execute if entity @s[tag=aj.tultaria.bone.left_arm] run data modify entity @s {} merge value {transformation:[-0.8304126606240293f,-0.3657991347100248f,-0.4202449358656423f,0.17918950968821698f,-0.5151011976879338f,0.7915261812721514f,0.3288724076312596f,0.9056944444444445f,0.21233362714317472f,0.48956848081358595f,-0.8457169345461286f,-0.1254698454517913f,0f,0f,0f,1f],start_interpolation:0}
execute if entity @s[tag=aj.tultaria.bone.rod] run data modify entity @s {} merge value {transformation:[-0.000004835461997772285f,0.000008373518167186026f,-0.0000025500001513540474f,-0.544566550500027f,0.0000051510119768793385f,0.000005077503503045385f,0.000006905507496962656f,0.378824857236429f,0.000007077102718072254f,0.000002025623775622571f,-0.000006768416760032355f,0.39177158407786616f,0f,0f,0f,1f],start_interpolation:0}
execute if entity @s[tag=aj.tultaria.bone.right_hand] run data modify entity @s {} merge value {transformation:[-0.48354619977722846f,0.4117849079356819f,-0.7724093877455158f,-0.48669838349233574f,0.5151011976879338f,0.8473268337138677f,0.1292594020134994f,0.7127298451308168f,0.7077102718072253f,-0.33536610810401424f,-0.6218325696790976f,0.18828022232897357f,0f,0f,0f,1f],start_interpolation:0}
execute if entity @s[tag=aj.tultaria.bone.right_arm] run data modify entity @s {} merge value {transformation:[-0.48354619977722846f,0.5851545612718226f,-0.6509817294700224f,-0.17918950968821698f,0.5151011976879338f,0.7915261812721514f,0.3288724076312596f,0.9056944444444445f,0.7077102718072253f,-0.17629646560128798f,-0.6841532923220037f,0.1254698454517913f,0f,0f,0f,1f],start_interpolation:0}
execute if entity @s[tag=aj.tultaria.bone.skirt] run data modify entity @s {} merge value {transformation:[-0.8191520442889919f,-0.17247776086975306f,-0.547029569897754f,0.03584852727194037f,0f,0.9537169507482269f,-0.30070579950427306f,0.35881944444444447f,0.5735764363510459f,-0.24632377039348102f,-0.7812391898784738f,0.051197002768061994f,0f,0f,0f,1f],start_interpolation:0}
execute if entity @s[tag=aj.tultaria.bone.left_foot] run data modify entity @s {} merge value {transformation:[-0.8191520442889919f,-0.1241446624478132f,-0.5599803845876067f,0.2462317221538602f,0f,0.9762960071199334f,-0.21643961393810285f,-0.03646849656987067f,0.5735764363510459f,-0.17729695222251715f,-0.7997348700634735f,0.13372449373807643f,0f,0f,0f,1f],start_interpolation:0}
execute if entity @s[tag=aj.tultaria.bone.left_leg] run data modify entity @s {} merge value {transformation:[-0.8191520442889919f,-0.17247776086975306f,-0.547029569897754f,0.10239400553612399f,0f,0.9537169507482269f,-0.30070579950427306f,0.34319444444444447f,0.5735764363510459f,-0.24632377039348102f,-0.7812391898784738f,-0.07169705454388074f,0f,0f,0f,1f],start_interpolation:0}
execute if entity @s[tag=aj.tultaria.bone.right_foot] run data modify entity @s {} merge value {transformation:[-0.8191520442889919f,-0.12414466244781322f,-0.5599803845876068f,0.11383004877660702f,0f,0.9762960071199336f,-0.21643961393810296f,0.08839845179070893f,0.5735764363510459f,-0.17729695222251723f,-0.7997348700634738f,0.3804970067203064f,0f,0f,0f,1f],start_interpolation:0}
execute if entity @s[tag=aj.tultaria.bone.right_leg] run data modify entity @s {} merge value {transformation:[-0.8191520442889919f,-0.3686878264946123f,-0.439385041770705f,-0.10239400553612399f,0f,0.7660444431189781f,-0.6427876096865394f,0.34319444444444447f,0.5735764363510459f,-0.5265407845183634f,-0.6275068715971334f,0.07169705454388074f,0f,0f,0f,1f],start_interpolation:0}
execute if entity @s[tag=aj.tultaria.bone.lower] run data modify entity @s {} merge value {transformation:[-0.8191520442889919f,0f,-0.5735764363510459f,0f,0f,1f,0f,0.40569444444444447f,0.5735764363510459f,0f,-0.8191520442889919f,0f,0f,0f,0f,1f],start_interpolation:0}