execute if entity @s[tag=aj.tultaria.bone.head] run data modify entity @s {} merge value {transformation:[-0.984807753012208f,0.030153689607045765f,-0.17101007166283427f,0f,0f,0.984807753012208f,0.17364817766693036f,1.609497884084267f,0.1736481776669302f,0.17101007166283436f,-0.9698463103929542f,0f,0f,0f,0f,1f],start_interpolation:0}
execute if entity @s[tag=aj.tultaria.bone.bust] run data modify entity @s {} merge value {transformation:[-0.8191520442889919f,0f,-0.5735764363510459f,0.696364240320019f,0f,1f,0f,0.4532478840842671f,0.5735764363510459f,0f,-0.8191520442889919f,0.12278780396897299f,0f,0f,0f,1f],start_interpolation:0}
execute if entity @s[tag=aj.tultaria.bone.left_wing] run data modify entity @s {} merge value {transformation:[-0.3503890192700141f,0f,-0.9366042575042022f,-0.020500051775818706f,0f,1f,0f,1.515747884084267f,0.9366042575042022f,0f,-0.3503890192700141f,-0.13824253280806437f,0f,0f,0f,1f],start_interpolation:0}
execute if entity @s[tag=aj.tultaria.bone.right_wing] run data modify entity @s {} merge value {transformation:[-0.9999602119638342f,0f,-0.008920453421424557f,-0.1228940573119427f,0f,1f,0f,1.515747884084267f,0.008920453421424557f,0f,-0.9999602119638342f,-0.06654547826418361f,0f,0f,0f,1f],start_interpolation:0}
execute if entity @s[tag=aj.tultaria.bone.body] run data modify entity @s {} merge value {transformation:[-0.8191520442889919f,0f,-0.5735764363510459f,0.696364240320019f,0f,1f,0f,0.4532478840842671f,0.5735764363510459f,0f,-0.8191520442889919f,0.12278780396897299f,0f,0f,0f,1f],start_interpolation:0}
execute if entity @s[tag=aj.tultaria.bone.left_hand] run data modify entity @s {} merge value {transformation:[-0.8378821932663203f,-0.4517021369370523f,-0.3064614326366715f,0.3151544331310039f,-0.47398076856210675f,0.8805330293234802f,-0.0019532802383900316f,1.252312706444171f,0.27073171450809974f,0.14362020664556785f,-0.9518810718795647f,-0.4027436838858205f,0f,0f,0f,1f],start_interpolation:0}
execute if entity @s[tag=aj.tultaria.bone.left_arm] run data modify entity @s {} merge value {transformation:[-0.8378821932663203f,-0.2926803994182452f,-0.4607511410768259f,0.17918950968821698f,-0.47398076856210675f,0.8087675093558823f,0.3481915375817704f,1.453247884084267f,0.27073171450809974f,0.5101306691492478f,-0.8163767752409701f,-0.1254698454517913f,0f,0f,0f,1f],start_interpolation:0}
execute if entity @s[tag=aj.tultaria.bone.rod] run data modify entity @s {} merge value {transformation:[-0.000005409771821669514f,0.000007630457964088198f,-0.0000035370157047648944f,-0.4960807569538369f,0.000004739807685621068f,0.0000062401205379548925f,0.000006212496983912427f,0.9223569804776648f,0.0000069475601430140905f,0.0000016843416904169227f,-0.000006992453155304331f,0.37584715911905675f,0f,0f,0f,1f],start_interpolation:0}
execute if entity @s[tag=aj.tultaria.bone.sword] run data modify entity @s {} merge value {transformation:[-0.000005409771821669514f,0.00000289450077996309f,-0.000007896596359968236f,-0.5500015893339052f,0.000004739807685621068f,0.000008805330293234802f,-1.953280238390032e-8f,0.937077319484056f,0.0000069475601430140905f,-0.000003753401612115945f,-0.000006135420474373982f,0.3687985010923477f,0f,0f,0f,1f],start_interpolation:0}
execute if entity @s[tag=aj.tultaria.bone.right_hand] run data modify entity @s {} merge value {transformation:[-0.5409771821669513f,0.28945007799630895f,-0.7896596359968234f,-0.48624443220482394f,0.47398076856210675f,0.8805330293234802f,-0.0019532802383900316f,1.252312706444171f,0.694756014301409f,-0.37534016121159447f,-0.6135420474373982f,0.158401842735034f,0f,0f,0f,1f],start_interpolation:0}
execute if entity @s[tag=aj.tultaria.bone.right_arm] run data modify entity @s {} merge value {transformation:[-0.5409771821669513f,0.579468617593768f,-0.609557060166374f,-0.17918950968821698f,0.47398076856210675f,0.8087675093558823f,0.3481915375817704f,1.453247884084267f,0.694756014301409f,-0.10055464700475197f,-0.7121817489642444f,0.1254698454517913f,0f,0f,0f,1f],start_interpolation:0}
execute if entity @s[tag=aj.tultaria.bone.skirt] run data modify entity @s {} merge value {transformation:[-0.8191520442889919f,-0.16465275158098092f,-0.5494355282778656f,0.03464163931919707f,0f,0.9579116111764302f,-0.28706331213405795f,0.903691286987284f,0.5735764363510459f,-0.23514849897498252f,-0.7846752545433346f,0.049473388143990576f,0f,0f,0f,1f],start_interpolation:0}
execute if entity @s[tag=aj.tultaria.bone.left_foot] run data modify entity @s {} merge value {transformation:[-0.8191520442889919f,-0.10911596272949597f,-0.5631017980922993f,0.22267763718688333f,0f,0.9817380254924982f,-0.19023787557185098f,0.48843576582139464f,0.5735764363510459f,-0.15583374467587663f,-0.8041927105384183f,0.10008577424185398f,0f,0f,0f,1f],start_interpolation:0}
execute if entity @s[tag=aj.tultaria.bone.left_leg] run data modify entity @s {} merge value {transformation:[-0.8191520442889919f,-0.11814324988404504f,-0.5612772049923296f,0.10083031473857242f,0f,0.9785569444990435f,-0.20597647043460104f,0.890807370235401f,0.5735764363510459f,-0.16872604683193457f,-0.801586921539581f,-0.07393023643956502f,0f,0f,0f,1f],start_interpolation:0}
execute if entity @s[tag=aj.tultaria.bone.right_foot] run data modify entity @s {} merge value {transformation:[-0.8191520442889919f,0.3055887995872297f,-0.48539202084912914f,0.11621376241329194f,0f,0.8462551633694637f,0.5327778134180536f,0.6465024758942284f,0.5735764363510459f,0.43642603501321775f,-0.6932116470642109f,0.3839013025991819f,0f,0f,0f,1f],start_interpolation:0}
execute if entity @s[tag=aj.tultaria.bone.right_leg] run data modify entity @s {} merge value {transformation:[-0.8191520442889919f,-0.3806626867532424f,-0.4290522663393917f,-0.10395769633367556f,0f,0.7480297989033826f,-0.6636651414324585f,0.890807370235401f,0.5735764363510459f,-0.5436426573277412f,-0.6127501389607893f,0.06946387264819646f,0f,0f,0f,1f],start_interpolation:0}
execute if entity @s[tag=aj.tultaria.bone.lower] run data modify entity @s {} merge value {transformation:[-0.8191520442889919f,0.02501905276082526f,-0.5730305186777721f,0f,0f,0.9990482215818578f,0.043619387365336f,0.9532478840842671f,0.5735764363510459f,0.03573091033094841f,-0.8183723930520606f,0f,0f,0f,0f,1f],start_interpolation:0}