execute if entity @s[tag=aj.tultaria.bone.head] run data modify entity @s {} merge value {transformation:[-0.984807753012208f,0.030153689607045765f,-0.17101007166283427f,0f,0f,0.984807753012208f,0.17364817766693036f,1.133724820930706f,0.1736481776669302f,0.17101007166283436f,-0.9698463103929542f,0f,0f,0f,0f,1f],start_interpolation:0}
execute if entity @s[tag=aj.tultaria.bone.bust] run data modify entity @s {} merge value {transformation:[-0.8191520442889919f,0f,-0.5735764363510459f,0.696364240320019f,0f,1f,0f,-0.02252517906929402f,0.5735764363510459f,0f,-0.8191520442889919f,0.12278780396897299f,0f,0f,0f,1f],start_interpolation:0}
execute if entity @s[tag=aj.tultaria.bone.left_wing] run data modify entity @s {} merge value {transformation:[-0.5246361161207506f,0f,-0.8513265799102798f,-0.020500051775818706f,0f,1f,0f,1.039974820930706f,0.8513265799102798f,0f,-0.5246361161207506f,-0.13824253280806437f,0f,0f,0f,1f],start_interpolation:0}
execute if entity @s[tag=aj.tultaria.bone.right_wing] run data modify entity @s {} merge value {transformation:[-0.9794214246500365f,0f,-0.20182584803858256f,-0.1228940573119427f,0f,1f,0f,1.039974820930706f,0.20182584803858256f,0f,-0.9794214246500365f,-0.06654547826418361f,0f,0f,0f,1f],start_interpolation:0}
execute if entity @s[tag=aj.tultaria.bone.body] run data modify entity @s {} merge value {transformation:[-0.8191520442889919f,0f,-0.5735764363510459f,0.696364240320019f,0f,1f,0f,-0.02252517906929402f,0.5735764363510459f,0f,-0.8191520442889919f,0.12278780396897299f,0f,0f,0f,1f],start_interpolation:0}
execute if entity @s[tag=aj.tultaria.bone.left_hand] run data modify entity @s {} merge value {transformation:[-0.9089365547675572f,-0.3657454563506084f,-0.2001614362612556f,0.271129785391691f,-0.26669086159613914f,0.8790391770291485f,-0.3951785793651098f,0.7194964720921815f,0.3204845140539436f,-0.3058110305512256f,-0.8965318119535999f,-0.37191729367172666f,0f,0f,0f,1f],start_interpolation:0}
execute if entity @s[tag=aj.tultaria.bone.left_arm] run data modify entity @s {} merge value {transformation:[-0.9089365547675572f,-0.1278060934985512f,-0.3968626234251886f,0.17918950968821698f,-0.26669086159613914f,0.9098844967510646f,0.31778323888016935f,0.977474820930706f,0.3204845140539436f,0.39468443728718444f,-0.8611119969056906f,-0.1254698454517913f,0f,0f,0f,1f],start_interpolation:0}
execute if entity @s[tag=aj.tultaria.bone.rod] run data modify entity @s {} merge value {transformation:[-0.000006120315436681883f,0.0000043255774501667f,-0.000006620507433582627f,-0.28461562809541235f,0.0000026669086159613916f,0.000009010080162546884f,0.0000034214110975721753f,0.4392541031268896f,0.000007445088138472529f,3.283826839047744e-7f,-0.000006668045247543478f,0.3575214125454437f,0f,0f,0f,1f],start_interpolation:0}
execute if entity @s[tag=aj.tultaria.bone.sword] run data modify entity @s {} merge value {transformation:[-0.000006120315436681883f,-0.0000016227605536217333f,-0.000007740050848742711f,-0.3400231021885246f,0.0000026669086159613916f,0.000008790391770291486f,-0.000003951785793651099f,0.42906419664402934f,0.000007445088138472529f,-0.00000448281838918342f,-0.0000049472216344100285f,0.3575972115668733f,0f,0f,0f,1f],start_interpolation:0}
execute if entity @s[tag=aj.tultaria.bone.right_hand] run data modify entity @s {} merge value {transformation:[-0.6120315436681882f,-0.16227605536217332f,-0.774005084874271f,-0.44221978446551113f,0.26669086159613914f,0.8790391770291485f,-0.3951785793651098f,0.7194964720921815f,0.7445088138472529f,-0.44828183891834195f,-0.4947221634410028f,0.1275754525209401f,0f,0f,0f,1f],start_interpolation:0}
execute if entity @s[tag=aj.tultaria.bone.right_arm] run data modify entity @s {} merge value {transformation:[-0.6120315436681882f,0.4145943116740741f,-0.6734455778180113f,-0.17918950968821698f,0.26669086159613914f,0.9098844967510646f,0.31778323888016935f,0.977474820930706f,0.7445088138472529f,0.014891584857311457f,-0.6674465272995238f,0.1254698454517913f,0f,0f,0f,1f],start_interpolation:0}
execute if entity @s[tag=aj.tultaria.bone.skirt] run data modify entity @s {} merge value {transformation:[-0.8191520442889919f,0.0113114676492843f,-0.5734648891055012f,0.03464163931919707f,0f,0.9998055233121945f,0.019720942026916436f,0.4279182238337229f,0.5735764363510459f,0.0161544499766533f,-0.8189927383126094f,0.049473388143990576f,0f,0f,0f,1f],start_interpolation:0}
execute if entity @s[tag=aj.tultaria.bone.left_foot] run data modify entity @s {} merge value {transformation:[-0.8191520442889919f,0.21886218853381878f,-0.5301785272597833f,0.16605525960874024f,0f,0.9243380544581822f,0.3815745812819071f,-0.025533362013685057f,0.5735764363510459f,0.3125675983057903f,-0.7571734069235295f,0.01922063856662949f,0f,0f,0f,1f],start_interpolation:0}
execute if entity @s[tag=aj.tultaria.bone.left_leg] run data modify entity @s {} merge value {transformation:[-0.8191520442889919f,0.014739276417032838f,-0.5733870264209575f,0.10083031473857242f,0f,0.9996697738643284f,0.02569714423904953f,0.41503430708183986f,0.5735764363510459f,0.021049868235806516f,-0.8188815388748789f,-0.07393023643956502f,0f,0f,0f,1f],start_interpolation:0}
execute if entity @s[tag=aj.tultaria.bone.right_foot] run data modify entity @s {} merge value {transformation:[-0.8191520442889919f,0.24705525308242648f,-0.517642376802309f,0.054869340670989655f,0f,0.902481943113675f,0.4307276893279159f,0.05398853920376512f,0.5735764363510459f,0.35283146724483605f,-0.7392699286354685f,0.2962923889631653f,0f,0f,0f,1f],start_interpolation:0}
execute if entity @s[tag=aj.tultaria.bone.right_leg] run data modify entity @s {} merge value {transformation:[-0.8191520442889919f,-0.21060062467453297f,-0.5335141096764564f,-0.10395769633367556f,0f,0.9301534649340613f,-0.3671709842446162f,0.41503430708183986f,0.5735764363510459f,-0.3007688623475786f,-0.7619371123032254f,0.06946387264819646f,0f,0f,0f,1f],start_interpolation:0}
execute if entity @s[tag=aj.tultaria.bone.lower] run data modify entity @s {} merge value {transformation:[-0.8191520442889919f,0.02501905276082526f,-0.5730305186777721f,0f,0f,0.9990482215818578f,0.043619387365336f,0.477474820930706f,0.5735764363510459f,0.03573091033094841f,-0.8183723930520606f,0f,0f,0f,0f,1f],start_interpolation:0}