execute if entity @s[tag=aj.tultaria.bone.head] run data modify entity @s {} merge value {transformation:[-0.984807753012208f,0.031711086360428645f,-0.17072813654722285f,0f,0f,0.983184153390264f,0.18261686812085534f,1.1511844444444446f,0.17364817766693014f,0.17984250755622627f,-0.968247376897476f,0f,0f,0f,0f,1f],start_interpolation:0}
execute if entity @s[tag=aj.tultaria.bone.bust] run data modify entity @s {} merge value {transformation:[-0.8191520442889919f,0f,-0.5735764363510459f,0.696364240320019f,0f,1f,0f,-0.005065555555555545f,0.5735764363510459f,0f,-0.8191520442889919f,0.12278780396897299f,0f,0f,0f,1f],start_interpolation:0}
execute if entity @s[tag=aj.tultaria.bone.left_wing] run data modify entity @s {} merge value {transformation:[-0.5263407657846272f,0.001317809404128515f,-0.8502726984042392f,-0.020500051775818706f,-0.020898822790997754f,0.9996766412146557f,0.014486276807203012f,1.0574344444444446f,0.8500168454090793f,0.025394416476044998f,-0.5261430282087167f,-0.13824253280806437f,0f,0f,0f,1f],start_interpolation:0}
execute if entity @s[tag=aj.tultaria.bone.right_wing] run data modify entity @s {} merge value {transformation:[-0.9787737013264285f,0.023412228410427623f,-0.2036023309115617f,-0.1228940573119427f,0.020898822790997754f,0.9996766412146557f,0.014486276807203012f,1.0574344444444446f,0.20387565033057187f,0.009923737735470485f,-0.9789464942639325f,-0.06654547826418361f,0f,0f,0f,1f],start_interpolation:0}
execute if entity @s[tag=aj.tultaria.bone.body] run data modify entity @s {} merge value {transformation:[-0.8191520442889919f,0f,-0.5735764363510459f,0.696364240320019f,0f,1f,0f,-0.005065555555555545f,0.5735764363510459f,0f,-0.8191520442889919f,0.12278780396897299f,0f,0f,0f,1f],start_interpolation:0}
execute if entity @s[tag=aj.tultaria.bone.left_hand] run data modify entity @s {} merge value {transformation:[-0.910077255684542f,-0.3639192057143651f,-0.19829826120750121f,0.2718004285167354f,-0.2652820309743965f,0.879137349227419f,-0.3959077736487204f,0.7361438593146703f,0.31840985023675383f,-0.307701694674587f,-0.8966241321571684f,-0.37081213341276764f,0f,0f,0f,1f],start_interpolation:0}
execute if entity @s[tag=aj.tultaria.bone.left_arm] run data modify entity @s {} merge value {transformation:[-0.910077255684542f,-0.12865527454846964f,-0.3939634615247341f,0.17918950968821698f,-0.2652820309743965f,0.9111741914779344f,0.3152570963937715f,0.9949344444444445f,0.31840985023675383f,0.39141974032410565f,-0.8633688401586067f,-0.1254698454517913f,0f,0f,0f,1f],start_interpolation:0}
execute if entity @s[tag=aj.tultaria.bone.rod] run data modify entity @s {} merge value {transformation:[-0.000006104721400796825f,0.000004313717419538222f,-0.000006642606314017547f,-0.28281551950036066f,0.0000026528203097439653f,0.00000901593052704553f,0.000003416949097615952f,0.45595582506047827f,0.000007462902988975751f,3.2378813421902506e-7f,-0.000006648326121759958f,0.357913642564348f,0f,0f,0f,1f],start_interpolation:0}
execute if entity @s[tag=aj.tultaria.bone.right_hand] run data modify entity @s {} merge value {transformation:[-0.6104721400796824f,-0.16467731299163724f,-0.7747290808872396f,-0.4414106469831296f,0.2652820309743965f,0.879137349227419f,-0.3959077736487204f,0.7361438593146703f,0.746290298897575f,-0.4472123698862114f,-0.4930029269610139f,0.12858363798689204f,0f,0f,0f,1f],start_interpolation:0}
execute if entity @s[tag=aj.tultaria.bone.right_arm] run data modify entity @s {} merge value {transformation:[-0.6104721400796824f,0.4118169370531694f,-0.6765578885377648f,-0.17918950968821698f,0.2652820309743965f,0.9111741914779344f,0.3152570963937715f,0.9949344444444445f,0.746290298897575f,0.012977023567764812f,-0.6654940921080291f,0.1254698454517913f,0f,0f,0f,1f],start_interpolation:0}
execute if entity @s[tag=aj.tultaria.bone.skirt] run data modify entity @s {} merge value {transformation:[-0.8191520442889919f,-0.009409727353060787f,-0.5734992461793708f,0.03584852727194037f,0f,0.9998654230425394f,-0.01640535900136203f,0.44805944444444445f,0.5735764363510459f,-0.013438483363260522f,-0.8190418052991739f,0.051197002768061994f,0f,0f,0f,1f],start_interpolation:0}
execute if entity @s[tag=aj.tultaria.bone.left_foot] run data modify entity @s {} merge value {transformation:[-0.8191520442889919f,0.20199548059913983f,-0.5368312157044223f,0.17819816702550945f,0f,0.9359366628092537f,0.3521683733805141f,-0.002956008261496279f,0.5735764363510459f,0.28847944298857714f,-0.766674430665217f,0.03656250758994248f,0f,0f,0f,1f],start_interpolation:0}
execute if entity @s[tag=aj.tultaria.bone.left_leg] run data modify entity @s {} merge value {transformation:[-0.8191520442889919f,-0.009409727353060787f,-0.5734992461793708f,0.10239400553612399f,0f,0.9998654230425394f,-0.01640535900136203f,0.43243444444444445f,0.5735764363510459f,-0.013438483363260522f,-0.8190418052991739f,-0.07169705454388074f,0f,0f,0f,1f],start_interpolation:0}
execute if entity @s[tag=aj.tultaria.bone.right_foot] run data modify entity @s {} merge value {transformation:[-0.8191520442889919f,0.2019954805991398f,-0.5368312157044223f,0.06320732814215041f,0f,0.9359366628092538f,0.3521683733805141f,0.08076175889041126f,0.5735764363510459f,0.2884794429885772f,-0.7666744306652171f,0.30820026915034426f,0f,0f,0f,1f],start_interpolation:0}
execute if entity @s[tag=aj.tultaria.bone.right_leg] run data modify entity @s {} merge value {transformation:[-0.8191520442889919f,-0.22816211449471768f,-0.5262432686946834f,-0.10239400553612399f,0f,0.9174771405229186f,-0.39778850739794974f,0.43243444444444445f,0.5735764363510459f,-0.3258492690296973f,-0.7515532752477675f,0.07169705454388074f,0f,0f,0f,1f],start_interpolation:0}
execute if entity @s[tag=aj.tultaria.bone.lower] run data modify entity @s {} merge value {transformation:[-0.8191520442889919f,0f,-0.5735764363510459f,0f,0f,1f,0f,0.49493444444444445f,0.5735764363510459f,0f,-0.8191520442889919f,0f,0f,0f,0f,1f],start_interpolation:0}