execute if entity @s[tag=aj.tultaria.bone.head] run data modify entity @s {} merge value {transformation:[-0.9848077530122081f,0.05567386155154731f,-0.16448133859798464f,0f,0f,0.9472102777460288f,0.32061299058567616f,1.07186f,0.17364817766693008f,0.315742158845204f,-0.9328200252571363f,0f,0f,0f,0f,1f],start_interpolation:0}
execute if entity @s[tag=aj.tultaria.bone.bust] run data modify entity @s {} merge value {transformation:[-0.8191520442889919f,0f,-0.5735764363510459f,0.696364240320019f,0f,1f,0f,-0.08438999999999997f,0.5735764363510459f,0f,-0.8191520442889919f,0.12278780396897299f,0f,0f,0f,1f],start_interpolation:0}
execute if entity @s[tag=aj.tultaria.bone.left_wing] run data modify entity @s {} merge value {transformation:[-0.3002125858556561f,0.06442705822605761f,-0.9516940461420343f,-0.020500051775818706f,-0.3043609068327772f,0.939093759973208f,0.1595849252633605f,0.97811f,0.9040115274075822f,0.33756786598803956f,-0.2623186881762165f,-0.13824253280806437f,0f,0f,0f,1f],start_interpolation:0}
execute if entity @s[tag=aj.tultaria.bone.right_wing] run data modify entity @s {} merge value {transformation:[-0.952171713052824f,0.2951746809948797f,0.07899959849025417f,-0.1228940573119427f,0.3043609068327772f,0.939093759973208f,0.1595849252633605f,0.97811f,-0.0270826005763824f,0.17599664110133995f,-0.9840181477325844f,-0.06654547826418361f,0f,0f,0f,1f],start_interpolation:0}
execute if entity @s[tag=aj.tultaria.bone.body] run data modify entity @s {} merge value {transformation:[-0.8191520442889919f,0f,-0.5735764363510459f,0.696364240320019f,0f,1f,0f,-0.08438999999999997f,0.5735764363510459f,0f,-0.8191520442889919f,0.12278780396897299f,0f,0f,0f,1f],start_interpolation:0}
execute if entity @s[tag=aj.tultaria.bone.left_hand] run data modify entity @s {} merge value {transformation:[-0.8421731912936666f,-0.4490924826990337f,-0.29842965310012215f,0.33622556894978184f,-0.4895016803762795f,0.868868438093826f,0.07386299610220154f,0.7142634386575956f,0.22612479027085874f,0.20828725181252267f,-0.9515692302493534f,-0.3910662042882551f,0f,0f,0f,1f],start_interpolation:0}
execute if entity @s[tag=aj.tultaria.bone.left_arm] run data modify entity @s {} merge value {transformation:[-0.8421731912936666f,-0.3410519352808273f,-0.4176456552000075f,0.17918950968821698f,-0.4895016803762795f,0.8083977708578176f,0.3269268251167379f,0.91561f,0.22612479027085874f,0.47976725765032546f,-0.8477564259335617f,-0.1254698454517913f,0f,0f,0f,1f],start_interpolation:0}
execute if entity @s[tag=aj.tultaria.bone.rod] run data modify entity @s {} merge value {transformation:[-0.000005005279923855831f,0.000008071187621918638f,-0.0000031309907785927943f,-0.5144604906138011f,0.000004895016803762795f,0.00000562153739112486f,0.0000066661178995773066f,0.3792048998596357f,0.000007140447001044517f,0.0000018039533619172216f,-0.000006764596728061617f,0.38947108636249583f,0f,0f,0f,1f],start_interpolation:0}
execute if entity @s[tag=aj.tultaria.bone.right_hand] run data modify entity @s {} merge value {transformation:[-0.5005279923855831f,0.34932466883120794f,-0.7921136311063106f,-0.4824779436903869f,0.4895016803762795f,0.868868438093826f,0.07386299610220154f,0.7142634386575956f,0.7140447001044516f,-0.35077045632487636f,-0.6058879873560638f,0.18219616682115922f,0f,0f,0f,1f],start_interpolation:0}
execute if entity @s[tag=aj.tultaria.bone.right_arm] run data modify entity @s {} merge value {transformation:[-0.5005279923855831f,0.5674803834949478f,-0.6537872308227536f,-0.17918950968821698f,0.4895016803762795f,0.8083977708578176f,0.3269268251167379f,0.91561f,0.7140447001044516f,-0.15639392066361898f,-0.6824083145977966f,0.1254698454517913f,0f,0f,0f,1f],start_interpolation:0}
execute if entity @s[tag=aj.tultaria.bone.skirt] run data modify entity @s {} merge value {transformation:[-0.8191520442889919f,-0.1548245092069672f,-0.5522855236976497f,0.03584852727194037f,0f,0.9628804265585876f,-0.2699282944604962f,0.36873500000000003f,0.5735764363510459f,-0.22111231421875643f,-0.7887454698213237f,0.051197002768061994f,0f,0f,0f,1f],start_interpolation:0}
execute if entity @s[tag=aj.tultaria.bone.left_foot] run data modify entity @s {} merge value {transformation:[-0.8191520442889919f,-0.08794692451875867f,-0.5667938485947578f,0.23916541877637837f,0f,0.9881749191102805f,-0.1533307837369604f,-0.03440914981182003f,0.5735764363510459f,-0.12560122495056442f,-0.8094655051042956f,0.12363276665449065f,0f,0f,0f,1f],start_interpolation:0}
execute if entity @s[tag=aj.tultaria.bone.left_leg] run data modify entity @s {} merge value {transformation:[-0.8191520442889919f,-0.1548245092069672f,-0.5522855236976497f,0.10239400553612399f,0f,0.9628804265585876f,-0.2699282944604962f,0.35311000000000003f,0.5735764363510459f,-0.22111231421875643f,-0.7887454698213237f,-0.07169705454388074f,0f,0f,0f,1f],start_interpolation:0}
execute if entity @s[tag=aj.tultaria.bone.right_foot] run data modify entity @s {} merge value {transformation:[-0.8191520442889919f,-0.08794692451875877f,-0.5667938485947578f,0.10902605940069329f,0f,0.9881749191102804f,-0.15333078373696063f,0.08634126257652103f,0.5735764363510459f,-0.12560122495056458f,-0.8094655051042955f,0.3736361988686849f,0f,0f,0f,1f],start_interpolation:0}
execute if entity @s[tag=aj.tultaria.bone.right_leg] run data modify entity @s {} merge value {transformation:[-0.8191520442889919f,-0.35438971504159f,-0.45099651684897313f,-0.10239400553612399f,0f,0.7862884321366189f,-0.6178596130903343f,0.35311000000000003f,0.5735764363510459f,-0.5061209651465529f,-0.6440897765854977f,0.07169705454388074f,0f,0f,0f,1f],start_interpolation:0}
execute if entity @s[tag=aj.tultaria.bone.lower] run data modify entity @s {} merge value {transformation:[-0.8191520442889919f,0f,-0.5735764363510459f,0f,0f,1f,0f,0.41561000000000003f,0.5735764363510459f,0f,-0.8191520442889919f,0f,0f,0f,0f,1f],start_interpolation:0}