execute if entity @s[tag=aj.tultaria.bone.head] run data modify entity @s {} merge value {transformation:[-0.984807753012208f,0.030153689607045765f,-0.17101007166283427f,0f,0f,0.984807753012208f,0.17364817766693036f,1.2145803265022956f,0.1736481776669302f,0.17101007166283436f,-0.9698463103929542f,0f,0f,0f,0f,1f],start_interpolation:0}
execute if entity @s[tag=aj.tultaria.bone.bust] run data modify entity @s {} merge value {transformation:[-0.8191520442889919f,0f,-0.5735764363510459f,0.696364240320019f,0f,1f,0f,0.058330326502295526f,0.5735764363510459f,0f,-0.8191520442889919f,0.12278780396897299f,0f,0f,0f,1f],start_interpolation:0}
execute if entity @s[tag=aj.tultaria.bone.left_wing] run data modify entity @s {} merge value {transformation:[-0.4659470043896233f,0f,-0.8848126293743419f,-0.020500051775818706f,0f,1f,0f,1.1208303265022956f,0.8848126293743419f,0f,-0.4659470043896233f,-0.13824253280806437f,0f,0f,0f,1f],start_interpolation:0}
execute if entity @s[tag=aj.tultaria.bone.right_wing] run data modify entity @s {} merge value {transformation:[-0.990815159824751f,0f,-0.13522321938725362f,-0.1228940573119427f,0f,1f,0f,1.1208303265022956f,0.13522321938725362f,0f,-0.990815159824751f,-0.06654547826418361f,0f,0f,0f,1f],start_interpolation:0}
execute if entity @s[tag=aj.tultaria.bone.body] run data modify entity @s {} merge value {transformation:[-0.8191520442889919f,0f,-0.5735764363510459f,0.696364240320019f,0f,1f,0f,0.058330326502295526f,0.5735764363510459f,0f,-0.8191520442889919f,0.12278780396897299f,0f,0f,0f,1f],start_interpolation:0}
execute if entity @s[tag=aj.tultaria.bone.left_hand] run data modify entity @s {} merge value {transformation:[-0.8887393758320065f,-0.3993910188117676f,-0.22500919078614096f,0.28766590845914963f,-0.3410230473816243f,0.9040421007430008f,-0.2577036306277662f,0.8187524561911209f,0.30634229711270056f,-0.15229804390299978f,-0.9396593546722312f,-0.38349601169632463f,0f,0f,0f,1f],start_interpolation:0}
execute if entity @s[tag=aj.tultaria.bone.left_arm] run data modify entity @s {} merge value {transformation:[-0.8887393758320065f,-0.1872947739297746f,-0.4184052933512318f,0.17918950968821698f,-0.3410230473816243f,0.8800733305350635f,0.3304152145944117f,1.0583303265022956f,0.30634229711270056f,0.4363388597632754f,-0.8460276570303117f,-0.1254698454517913f,0f,0f,0f,1f],start_interpolation:0}
execute if entity @s[tag=aj.tultaria.bone.rod] run data modify entity @s {} merge value {transformation:[-0.0000059183436473263755f,0.000005653458096493324f,-0.0000057455739507333495f,-0.35555915634396357f,0.0000034102304738162436f,0.000008214782846667946f,0.000004570303151602212f,0.5119496222409664f,0.0000073036659690600984f,7.45489324728501e-7f,-0.000006789750295784763f,0.36602958046073397f,0f,0f,0f,1f],start_interpolation:0}
execute if entity @s[tag=aj.tultaria.bone.sword] run data modify entity @s {} merge value {transformation:[-0.0000059183436473263755f,-6.513574518791422e-8f,-0.000008060332859556754f,-0.4118367905210308f,0.0000034102304738162436f,0.000009040421007430009f,-0.000002577036306277662f,0.5105267347859657f,0.0000073036659690600984f,-0.000004273937919895069f,-0.000005328219033530475f,0.3638775098943728f,0f,0f,0f,1f],start_interpolation:0}
execute if entity @s[tag=aj.tultaria.bone.right_hand] run data modify entity @s {} merge value {transformation:[-0.5918343647326375f,-0.006513574518791421f,-0.8060332859556754f,-0.4587559075329698f,0.3410230473816243f,0.9040421007430008f,-0.2577036306277662f,0.8187524561911209f,0.7303665969060098f,-0.4273937919895069f,-0.5328219033530475f,0.13915417054553803f,0f,0f,0f,1f],start_interpolation:0}
execute if entity @s[tag=aj.tultaria.bone.right_arm] run data modify entity @s {} merge value {transformation:[-0.5918343647326375f,0.4740829921052975f,-0.6519029078919681f,-0.17918950968821698f,0.3410230473816243f,0.8800733305350635f,0.3304152145944117f,1.0583303265022956f,0.7303665969060098f,-0.026762837618779567f,-0.682530867174903f,0.1254698454517913f,0f,0f,0f,1f],start_interpolation:0}
execute if entity @s[tag=aj.tultaria.bone.skirt] run data modify entity @s {} merge value {transformation:[-0.8191520442889919f,-0.05064421356873337f,-0.5713362337268397f,0.03464163931919707f,0f,0.9960943259132856f,-0.08829549186315876f,0.5087737294053124f,0.5735764363510459f,-0.07232743266120853f,-0.8159527033765333f,0.049473388143990576f,0f,0f,0f,1f],start_interpolation:0}
execute if entity @s[tag=aj.tultaria.bone.left_foot] run data modify entity @s {} merge value {transformation:[-0.8191520442889919f,0.10762090807189384f,-0.5633894465491402f,0.18631223724590357f,0f,0.9822395252728425f,0.18763132731977614f,0.06598242715870822f,0.5735764363510459f,0.1536985853466516f,-0.8046035151086979f,0.048150600801763865f,0f,0f,0f,1f],start_interpolation:0}
execute if entity @s[tag=aj.tultaria.bone.left_leg] run data modify entity @s {} merge value {transformation:[-0.8191520442889919f,-0.03175968763326879f,-0.5726964733422083f,0.10083031473857242f,0f,0.9984658313119769f,-0.055371325634149496f,0.4958898126534294f,0.5735764363510459f,-0.04535753458820501f,-0.8178953268719136f,-0.07393023643956502f,0f,0f,0f,1f],start_interpolation:0}
execute if entity @s[tag=aj.tultaria.bone.right_foot] run data modify entity @s {} merge value {transformation:[-0.8191520442889919f,0.2678367173737025f,-0.5072015587157093f,0.07882555410816362f,0f,0.8842789322769296f,0.4669590666548554f,0.17111473590747117f,0.5735764363510459f,0.38251047404960437f,-0.7243588950963338f,0.3305054074325539f,0f,0f,0f,1f],start_interpolation:0}
execute if entity @s[tag=aj.tultaria.bone.right_leg] run data modify entity @s {} merge value {transformation:[-0.8191520442889919f,-0.27378598968202444f,-0.504015039647628f,-0.10395769633367556f,0f,0.8787234058184978f,-0.47733130639707655f,0.4958898126534294f,0.5735764363510459f,-0.3910069154383004f,-0.7198080742408078f,0.06946387264819646f,0f,0f,0f,1f],start_interpolation:0}
execute if entity @s[tag=aj.tultaria.bone.lower] run data modify entity @s {} merge value {transformation:[-0.8191520442889919f,0.02501905276082526f,-0.5730305186777721f,0f,0f,0.9990482215818578f,0.043619387365336f,0.5583303265022955f,0.5735764363510459f,0.03573091033094841f,-0.8183723930520606f,0f,0f,0f,0f,1f],start_interpolation:0}