execute if entity @s[tag=aj.tultaria.bone.head] run data modify entity @s {} merge value {transformation:[-0.984807753012208f,0.030153689607045765f,-0.17101007166283427f,0f,0f,0.984807753012208f,0.17364817766693036f,1.6447446379004576f,0.1736481776669302f,0.17101007166283436f,-0.9698463103929542f,0f,0f,0f,0f,1f],start_interpolation:0}
execute if entity @s[tag=aj.tultaria.bone.bust] run data modify entity @s {} merge value {transformation:[-0.8191520442889919f,0f,-0.5735764363510459f,0.696364240320019f,0f,1f,0f,0.48849463790045755f,0.5735764363510459f,0f,-0.8191520442889919f,0.12278780396897299f,0f,0f,0f,1f],start_interpolation:0}
execute if entity @s[tag=aj.tultaria.bone.left_wing] run data modify entity @s {} merge value {transformation:[-0.49107269493327255f,0f,-0.8711185959965342f,-0.020500051775818706f,0f,1f,0f,1.5509946379004576f,0.8711185959965342f,0f,-0.49107269493327255f,-0.13824253280806437f,0f,0f,0f,1f],start_interpolation:0}
execute if entity @s[tag=aj.tultaria.bone.right_wing] run data modify entity @s {} merge value {transformation:[-0.9865404699917245f,0f,-0.16351728064185544f,-0.1228940573119427f,0f,1f,0f,1.5509946379004576f,0.16351728064185544f,0f,-0.9865404699917245f,-0.06654547826418361f,0f,0f,0f,1f],start_interpolation:0}
execute if entity @s[tag=aj.tultaria.bone.body] run data modify entity @s {} merge value {transformation:[-0.8191520442889919f,0f,-0.5735764363510459f,0.696364240320019f,0f,1f,0f,0.48849463790045755f,0.5735764363510459f,0f,-0.8191520442889919f,0.12278780396897299f,0f,0f,0f,1f],start_interpolation:0}
execute if entity @s[tag=aj.tultaria.bone.left_hand] run data modify entity @s {} merge value {transformation:[-0.8978937525683941f,-0.38532128322890796f,-0.21287159930219718f,0.28081372776745744f,-0.30979482326004776f,0.896645833598932f,-0.31631221375557445f,1.240926110872215f,0.3127522607111308f,-0.218068241109301f,-0.9244632310911953f,-0.3786980631228268f,0f,0f,0f,1f],start_interpolation:0}
execute if entity @s[tag=aj.tultaria.bone.left_arm] run data modify entity @s {} merge value {transformation:[-0.8978937525683941f,-0.16234896956949596f,-0.40918164814464775f,0.17918950968821698f,-0.30979482326004776f,0.8934144494321965f,0.32532720302341905f,1.4884946379004576f,0.3127522607111308f,0.4188716195035037f,-0.8524861229337337f,-0.1254698454517913f,0f,0f,0f,1f],start_interpolation:0}
execute if entity @s[tag=aj.tultaria.bone.rod] run data modify entity @s {} merge value {transformation:[-0.000006009887414690252f,0.000005110794043343509f,-0.0000061450010178414334f,-0.3249920604679823f,0.000003097948232600478f,0.00000857690860579165f,0.000004103578379417742f,0.9442229499920622f,0.000007367765605044401f,5.6251490151077e-7f,-0.0000067379230460656834f,0.3626338232869296f,0f,0f,0f,1f],start_interpolation:0}
execute if entity @s[tag=aj.tultaria.bone.sword] run data modify entity @s {} merge value {transformation:[-0.000006009887414690252f,-7.312947648179053e-7f,-0.000007959049015409923f,-0.38108100089862323f,0.000003097948232600478f,0.000008966458335989322f,-0.0000031631221375557447f,0.9390769031991462f,0.000007367765605044401f,-0.000004366672975609415f,-0.000005162189178362911f,0.3614603290291172f,0f,0f,0f,1f],start_interpolation:0}
execute if entity @s[tag=aj.tultaria.bone.right_hand] run data modify entity @s {} merge value {transformation:[-0.6009887414690251f,-0.07312947648179052f,-0.7959049015409922f,-0.45190372684127766f,0.30979482326004776f,0.896645833598932f,-0.31631221375557445f,1.240926110872215f,0.7367765605044401f,-0.4366672975609414f,-0.516218917836291f,0.13435622197204017f,0f,0f,0f,1f],start_interpolation:0}
execute if entity @s[tag=aj.tultaria.bone.right_arm] run data modify entity @s {} merge value {transformation:[-0.6009887414690251f,0.4491371877450189f,-0.6611265530985522f,-0.17918950968821698f,0.30979482326004776f,0.8934144494321965f,0.32532720302341905f,1.4884946379004576f,0.7367765605044401f,-0.009295597359007868f,-0.6760724012714809f,0.1254698454517913f,0f,0f,0f,1f],start_interpolation:0}
execute if entity @s[tag=aj.tultaria.bone.skirt] run data modify entity @s {} merge value {transformation:[-0.8191520442889919f,-0.02444118902477026f,-0.5730554568418496f,0.03464163931919707f,0f,0.9990916999441074f,-0.04261191268640527f,0.9389380408034744f,0.5735764363510459f,-0.03490563538813289f,-0.8184080084413796f,0.049473388143990576f,0f,0f,0f,1f],start_interpolation:0}
execute if entity @s[tag=aj.tultaria.bone.left_foot] run data modify entity @s {} merge value {transformation:[-0.8191520442889919f,0.15553125692526432f,-0.5520869102382457f,0.17779594583164726f,0f,0.9625341545592226f,0.27116047150527384f,0.49128348776354874f,0.5735764363510459f,0.222121654563912f,-0.7884618204051637f,0.035988076193658736f,0f,0f,0f,1f],start_interpolation:0}
execute if entity @s[tag=aj.tultaria.bone.left_leg] run data modify entity @s {} merge value {transformation:[-0.8191520442889919f,-0.012078802495752196f,-0.573449240009466f,0.10083031473857242f,0f,0.9997782399458576f,-0.02105874950615929f,0.9260541240515915f,0.5735764363510459f,-0.017250317708140173f,-0.8189703890872995f,-0.07393023643956502f,0f,0f,0f,1f],start_interpolation:0}
execute if entity @s[tag=aj.tultaria.bone.right_foot] run data modify entity @s {} merge value {transformation:[-0.8191520442889919f,0.2590891806827995f,-0.5117252434561744f,0.06899209809869543f,0f,0.892165735942094f,0.4517082018415228f,0.5853025225381225f,0.5735764363510459f,0.37001769696058795f,-0.7308193864415592f,0.31646177683324567f,0f,0f,0f,1f],start_interpolation:0}
execute if entity @s[tag=aj.tultaria.bone.right_leg] run data modify entity @s {} merge value {transformation:[-0.8191520442889919f,-0.24747302112379854f,-0.517442781525673f,-0.10395769633367556f,0f,0.902133959368203f,-0.431456045680959f,0.9260541240515915f,0.5735764363510459f,-0.35342810184040224f,-0.7389848770389857f,0.06946387264819646f,0f,0f,0f,1f],start_interpolation:0}
execute if entity @s[tag=aj.tultaria.bone.lower] run data modify entity @s {} merge value {transformation:[-0.8191520442889919f,0.02501905276082526f,-0.5730305186777721f,0f,0f,0.9990482215818578f,0.043619387365336f,0.9884946379004576f,0.5735764363510459f,0.03573091033094841f,-0.8183723930520606f,0f,0f,0f,0f,1f],start_interpolation:0}