execute if entity @s[tag=aj.tultaria.bone.head] run data modify entity @s {} merge value {transformation:[-0.984807753012208f,0.03932478731171181f,-0.16913678106767432f,0f,6.938893903907228e-18f,0.9740199024264505f,0.22646242442658746f,1.1262877777777778f,0.17364817766693014f,0.22302195134124458f,-0.9592223514977629f,0f,0f,0f,0f,1f],start_interpolation:0}
execute if entity @s[tag=aj.tultaria.bone.bust] run data modify entity @s {} merge value {transformation:[-0.8191520442889919f,0f,-0.5735764363510459f,0.696364240320019f,0f,1f,0f,-0.029962222222222168f,0.5735764363510459f,0f,-0.8191520442889919f,0.12278780396897299f,0f,0f,0f,1f],start_interpolation:0}
execute if entity @s[tag=aj.tultaria.bone.left_wing] run data modify entity @s {} merge value {transformation:[-0.46582156190155977f,0.012643640471121868f,-0.8847883423866005f,-0.020500051775818706f,-0.11970915425468352f,0.9898054003662734f,0.07716856739236286f,1.0325377777777778f,0.8767439710971612f,0.14186404675391956f,-0.4595591380697179f,-0.13824253280806437f,0f,0f,0f,1f],start_interpolation:0}
execute if entity @s[tag=aj.tultaria.bone.right_wing] run data modify entity @s {} merge value {transformation:[-0.9831901973242945f,0.12898421816339395f,-0.12922889518289993f,-0.1228940573119427f,0.11970915425468352f,0.9898054003662734f,0.07716856739236286f,1.0325377777777778f,0.1378649856672945f,0.06040149725411828f,-0.98860755856731f,-0.06654547826418361f,0f,0f,0f,1f],start_interpolation:0}
execute if entity @s[tag=aj.tultaria.bone.body] run data modify entity @s {} merge value {transformation:[-0.8191520442889919f,0f,-0.5735764363510459f,0.696364240320019f,0f,1f,0f,-0.029962222222222168f,0.5735764363510459f,0f,-0.8191520442889919f,0.12278780396897299f,0f,0f,0f,1f],start_interpolation:0}
execute if entity @s[tag=aj.tultaria.bone.left_hand] run data modify entity @s {} merge value {transformation:[-0.8940040323505766f,-0.39300936329529834f,-0.21517534827004103f,0.2932681033649087f,-0.3389280346805811f,0.9072792364274702f,-0.24894211065053962f,0.7273110459723313f,0.2930607060806141f,-0.14962629284257123f,-0.9443131869468525f,-0.3780802087225707f,0f,0f,0f,1f],start_interpolation:0}
execute if entity @s[tag=aj.tultaria.bone.left_arm] run data modify entity @s {} merge value {transformation:[-0.8940040323505766f,-0.19770438798637485f,-0.4020817890825723f,0.17918950968821698f,-0.3389280346805811f,0.8853468987378211f,0.31825878810000086f,0.9700377777777778f,0.2930607060806141f,0.4208014304470166f,-0.8585112571686387f,-0.1254698454517913f,0f,0f,0f,1f],start_interpolation:0}
execute if entity @s[tag=aj.tultaria.bone.rod] run data modify entity @s {} merge value {transformation:[-0.000005811543702245314f,0.00000571048282253093f,-0.000005797960480244068f,-0.3515419505074222f,0.000003389280346805811f,0.000008175719550715055f,0.000004655146459437287f,0.41819909614334744f,0.000007398563274558699f,7.402673582124328e-7f,-0.00000668679786674582f,0.36959862954590017f,0f,0f,0f,1f],start_interpolation:0}
execute if entity @s[tag=aj.tultaria.bone.right_hand] run data modify entity @s {} merge value {transformation:[-0.5811543702245313f,-0.006185604497127628f,-0.8137698300293108f,-0.4555827809475089f,0.3389280346805811f,0.9072792364274702f,-0.24894211065053962f,0.7273110459723313f,0.7398563274558698f,-0.4204832047116647f,-0.5251728184882771f,0.1462708254679912f,0f,0f,0f,1f],start_interpolation:0}
execute if entity @s[tag=aj.tultaria.bone.right_arm] run data modify entity @s {} merge value {transformation:[-0.5811543702245313f,0.4630428821224298f,-0.6692166220923401f,-0.17918950968821698f,0.3389280346805811f,0.8853468987378211f,0.31825878810000086f,0.9700377777777778f,0.7398563274558698f,-0.041858788934655444f,-0.6714614333768073f,0.1254698454517913f,0f,0f,0f,1f],start_interpolation:0}
execute if entity @s[tag=aj.tultaria.bone.skirt] run data modify entity @s {} merge value {transformation:[-0.8191520442889919f,-0.05557271749338527f,-0.5708779216326078f,0.03584852727194037f,0f,0.9952952831612025f,-0.09688807623779912f,0.42316277777777783f,0.5735764363510459f,-0.07936606571742084f,-0.8152981658726901f,0.051197002768061994f,0f,0f,0f,1f],start_interpolation:0}
execute if entity @s[tag=aj.tultaria.bone.left_foot] run data modify entity @s {} merge value {transformation:[-0.8191520442889919f,0.11317532008920161f,-0.5622999868930038f,0.198066809643556f,0f,0.9803401103263931f,0.1973151491529107f,-0.015792899075523392f,0.5735764363510459f,0.16163110779779413f,-0.8030476054723606f,0.06493786994157714f,0f,0f,0f,1f],start_interpolation:0}
execute if entity @s[tag=aj.tultaria.bone.left_leg] run data modify entity @s {} merge value {transformation:[-0.8191520442889919f,-0.05557271749338527f,-0.5708779216326078f,0.10239400553612399f,0f,0.9952952831612025f,-0.09688807623779912f,0.40753777777777783f,0.5735764363510459f,-0.07936606571742084f,-0.8152981658726901f,-0.07169705454388074f,0f,0f,0f,1f],start_interpolation:0}
execute if entity @s[tag=aj.tultaria.bone.right_foot] run data modify entity @s {} merge value {transformation:[-0.8191520442889919f,0.11317532008920161f,-0.5622999868930038f,0.07891646131108532f,0f,0.9803401103263931f,0.1973151491529107f,0.08026299628282241f,0.5735764363510459f,0.16163110779779422f,-0.8030476054723609f,0.3306352363732051f,0f,0f,0f,1f],start_interpolation:0}
execute if entity @s[tag=aj.tultaria.bone.right_leg] run data modify entity @s {} merge value {transformation:[-0.8191520442889919f,-0.26980801876998567f,-0.5061556690827245f,-0.10239400553612399f,0f,0.8824554793477292f,-0.47039592575740874f,0.40753777777777783f,0.5735764363510459f,-0.38532578420939423f,-0.7228652099017147f,0.07169705454388074f,0f,0f,0f,1f],start_interpolation:0}
execute if entity @s[tag=aj.tultaria.bone.lower] run data modify entity @s {} merge value {transformation:[-0.8191520442889919f,0f,-0.5735764363510459f,0f,0f,1f,0f,0.47003777777777783f,0.5735764363510459f,0f,-0.8191520442889919f,0f,0f,0f,0f,1f],start_interpolation:0}