execute if entity @s[tag=aj.tultaria.bone.head] run data modify entity @s {} merge value {transformation:[-0.984807753012208f,0.06607876350101272f,-0.16058420414605845f,0f,0f,0.9247675748954338f,0.3805324328122613f,1.0362933333333333f,0.17364817766693014f,0.3747512901061121f,-0.9107182774913211f,0f,0f,0f,0f,1f],start_interpolation:0}
execute if entity @s[tag=aj.tultaria.bone.bust] run data modify entity @s {} merge value {transformation:[-0.8191520442889919f,0f,-0.5735764363510459f,0.696364240320019f,0f,1f,0f,-0.11995666666666671f,0.5735764363510459f,0f,-0.8191520442889919f,0.12278780396897299f,0f,0f,0f,1f],start_interpolation:0}
execute if entity @s[tag=aj.tultaria.bone.left_wing] run data modify entity @s {} merge value {transformation:[-0.17390621691575447f,0.11277785169235997f,-0.9782830796276232f,-0.020500051775818706f,-0.39438206694441175f,0.9022986331767049f,0.17412628130211621f,0.9425433333333333f,0.9023410735363342f,0.41609894584714613f,-0.11243777956803364f,-0.13824253280806437f,0f,0f,0f,1f],start_interpolation:0}
execute if entity @s[tag=aj.tultaria.bone.right_wing] run data modify entity @s {} merge value {transformation:[-0.9074026774688791f,0.35243281192957643f,0.2289355673496829f,-0.1228940573119427f,0.39438206694441175f,0.9022986331767049f,0.17412628130211621f,0.9425433333333333f,-0.14520043455500725f,0.24829073611969898f,-0.9577413764488696f,-0.06654547826418361f,0f,0f,0f,1f],start_interpolation:0}
execute if entity @s[tag=aj.tultaria.bone.body] run data modify entity @s {} merge value {transformation:[-0.8191520442889919f,0f,-0.5735764363510459f,0.696364240320019f,0f,1f,0f,-0.11995666666666671f,0.5735764363510459f,0f,-0.8191520442889919f,0.12278780396897299f,0f,0f,0f,1f],start_interpolation:0}
execute if entity @s[tag=aj.tultaria.bone.left_hand] run data modify entity @s {} merge value {transformation:[-0.7969207547253152f,-0.4659818263956617f,-0.3844193649609725f,0.36085784039202984f,-0.5783169066899098f,0.7723881402693291f,0.26261400611525176f,0.7098372169692766f,0.17454760417905557f,0.4315987699707341f,-0.8850173080991698f,-0.39707375387645905f,0f,0f,0f,1f],start_interpolation:0}
execute if entity @s[tag=aj.tultaria.bone.left_arm] run data modify entity @s {} merge value {transformation:[-0.7969207547253152f,-0.4275381453318137f,-0.4267650934346282f,0.17918950968821698f,-0.5783169066899098f,0.744090498327215f,0.33448301262660746f,0.8800433333333333f,0.17454760417905557f,0.5133619235835376f,-0.8402336992110955f,-0.1254698454517913f,0f,0f,0f,1f],start_interpolation:0}
execute if entity @s[tag=aj.tultaria.bone.rod] run data modify entity @s {} merge value {transformation:[-0.000004365840463732709f,0.00000894568155319741f,-9.561477887951117e-7f,-0.620881799667897f,0.000005783169066899098f,0.000003604647471338489f,0.00000731857036251169f,0.3873649136038717f,0.000006891617559680428f,0.0000026422146309784626f,-0.000006747170462864248f,0.3951285298902063f,0f,0f,0f,1f],start_interpolation:0}
execute if entity @s[tag=aj.tultaria.bone.right_hand] run data modify entity @s {} merge value {transformation:[-0.4365840463732708f,0.5649453503327748f,-0.7001650673874842f,-0.496547926716542f,0.5783169066899098f,0.7723881402693291f,0.26261400611525176f,0.7098372169692766f,0.6891617559680427f,-0.29026421051977047f,-0.6639297871028068f,0.20328822755744155f,0f,0f,0f,1f],start_interpolation:0}
execute if entity @s[tag=aj.tultaria.bone.right_arm] run data modify entity @s {} merge value {transformation:[-0.4365840463732708f,0.6286290691274874f,-0.6435991484614089f,-0.17918950968821698f,0.5783169066899098f,0.744090498327215f,0.33448301262660746f,0.8800433333333333f,0.6891617559680427f,-0.22617432159081582f,-0.6884048593407648f,0.1254698454517913f,0f,0f,0f,1f],start_interpolation:0}
execute if entity @s[tag=aj.tultaria.bone.skirt] run data modify entity @s {} merge value {transformation:[-0.8191520442889919f,-0.21727657524591756f,-0.5308303101618921f,0.03584852727194037f,0f,0.9254744032703046f,-0.3788101488760215f,0.3331683333333333f,0.5735764363510459f,-0.3103031078492104f,-0.758104249376005f,0.051197002768061994f,0f,0f,0f,1f],start_interpolation:0}
execute if entity @s[tag=aj.tultaria.bone.left_foot] run data modify entity @s {} merge value {transformation:[-0.8191520442889919f,-0.21505113878402213f,-0.5317357765327255f,0.26380629597644945f,0f,0.9270530357130768f,-0.37493021880767147f,-0.04000044948792231f,0.5735764363510459f,-0.3071248552020232f,-0.7593973893686828f,0.15882358631214943f,0f,0f,0f,1f],start_interpolation:0}
execute if entity @s[tag=aj.tultaria.bone.left_leg] run data modify entity @s {} merge value {transformation:[-0.8191520442889919f,-0.21727657524591756f,-0.5308303101618921f,0.10239400553612399f,0f,0.9254744032703046f,-0.3788101488760215f,0.3175433333333333f,0.5735764363510459f,-0.3103031078492104f,-0.758104249376005f,-0.07169705454388074f,0f,0f,0f,1f],start_interpolation:0}
execute if entity @s[tag=aj.tultaria.bone.right_foot] run data modify entity @s {} merge value {transformation:[-0.8191520442889919f,-0.21505113878402218f,-0.5317357765327256f,0.1252117224285829f,0f,0.927053035713077f,-0.37493021880767163f,0.09490832655344422f,0.5735764363510459f,-0.30712485520202326f,-0.7593973893686827f,0.396751721259765f,0f,0f,0f,1f],start_interpolation:0}
execute if entity @s[tag=aj.tultaria.bone.right_leg] run data modify entity @s {} merge value {transformation:[-0.8191520442889919f,-0.4038773458600298f,-0.4072751132075508f,-0.10239400553612399f,0f,0.7100624910579245f,-0.7041386644636232f,0.3175433333333333f,0.5735764363510459f,-0.5767966264582974f,-0.5816491411230329f,0.07169705454388074f,0f,0f,0f,1f],start_interpolation:0}
execute if entity @s[tag=aj.tultaria.bone.lower] run data modify entity @s {} merge value {transformation:[-0.8191520442889919f,0f,-0.5735764363510459f,0f,0f,1f,0f,0.3800433333333333f,0.5735764363510459f,0f,-0.8191520442889919f,0f,0f,0f,0f,1f],start_interpolation:0}