execute if entity @s[tag=aj.tultaria.bone.head] run data modify entity @s {} merge value {transformation:[-0.984807753012208f,0.030153689607045765f,-0.17101007166283427f,0f,0f,0.984807753012208f,0.17364817766693036f,1.6486833054040142f,0.1736481776669302f,0.17101007166283436f,-0.9698463103929542f,0f,0f,0f,0f,1f],start_interpolation:0}
execute if entity @s[tag=aj.tultaria.bone.bust] run data modify entity @s {} merge value {transformation:[-0.8191520442889919f,0f,-0.5735764363510459f,0.696364240320019f,0f,1f,0f,0.4924333054040141f,0.5735764363510459f,0f,-0.8191520442889919f,0.12278780396897299f,0f,0f,0f,1f],start_interpolation:0}
execute if entity @s[tag=aj.tultaria.bone.left_wing] run data modify entity @s {} merge value {transformation:[-0.3795570819953163f,0f,-0.9251683206353322f,-0.020500051775818706f,0f,1f,0f,1.5549333054040142f,0.9251683206353322f,0f,-0.3795570819953163f,-0.13824253280806437f,0f,0f,0f,1f],start_interpolation:0}
execute if entity @s[tag=aj.tultaria.bone.right_wing] run data modify entity @s {} merge value {transformation:[-0.9991900114702237f,0f,-0.04024078749396576f,-0.1228940573119427f,0f,1f,0f,1.5549333054040142f,0.04024078749396576f,0f,-0.9991900114702237f,-0.06654547826418361f,0f,0f,0f,1f],start_interpolation:0}
execute if entity @s[tag=aj.tultaria.bone.body] run data modify entity @s {} merge value {transformation:[-0.8191520442889919f,0f,-0.5735764363510459f,0.696364240320019f,0f,1f,0f,0.4924333054040141f,0.5735764363510459f,0f,-0.8191520442889919f,0.12278780396897299f,0f,0f,0f,1f],start_interpolation:0}
execute if entity @s[tag=aj.tultaria.bone.left_hand] run data modify entity @s {} merge value {transformation:[-0.8519891528497855f,-0.44094049581045436f,-0.2822870216299993f,0.30881096824934384f,-0.4420099366612017f,0.8947545399639036f,-0.06357302184687796f,1.2814756980586346f,0.2806095139496617f,0.07061014352353268f,-0.9572212431368836f,-0.39830194195731367f,0f,0f,0f,1f],start_interpolation:0}
execute if entity @s[tag=aj.tultaria.bone.left_arm] run data modify entity @s {} merge value {transformation:[-0.8519891528497855f,-0.26746974975168314f,-0.45008267728727014f,0.17918950968821698f,-0.4420099366612017f,0.8282061156539325f,0.3445313423858348f,1.4924333054040142f,0.2806095139496617f,0.4924779822095571f,-0.8238469140075344f,-0.1254698454517913f,0f,0f,0f,1f],start_interpolation:0}
execute if entity @s[tag=aj.tultaria.bone.rod] run data modify entity @s {} merge value {transformation:[-0.000005550841417504166f,0.000007213254635484344f,-0.0000041421150540978445f,-0.4609686168421976f,0.000004420099366612018f,0.00000677639917554374f,0.000005877340878574782f,0.9538893733030305f,0.000007046338137429711f,0.0000014315627046531245f,-0.000006949801945066481f,0.3743660125656759f,0f,0f,0f,1f],start_interpolation:0}
execute if entity @s[tag=aj.tultaria.bone.sword] run data modify entity @s {} merge value {transformation:[-0.000005550841417504166f,0.0000021716236239688083f,-0.000008029458910383748f,-0.5159530849143219f,0.000004420099366612018f,0.000008947545399639037f,-6.357302184687797e-7f,0.9647221984246206f,0.000007046338137429711f,-0.000003901984387105988f,-0.000005926519779413945f,0.36860525777914094f,0f,0f,0f,1f],start_interpolation:0}
execute if entity @s[tag=aj.tultaria.bone.right_hand] run data modify entity @s {} merge value {transformation:[-0.5550841417504165f,0.2171623623968808f,-0.8029458910383747f,-0.4799009673231641f,0.4420099366612017f,0.8947545399639036f,-0.06357302184687796f,1.2814756980586346f,0.7046338137429711f,-0.3901984387105988f,-0.5926519779413945f,0.1539601008065271f,0f,0f,0f,1f],start_interpolation:0}
execute if entity @s[tag=aj.tultaria.bone.right_arm] run data modify entity @s {} merge value {transformation:[-0.5550841417504165f,0.5542579679272062f,-0.6202255239559298f,-0.17918950968821698f,0.4420099366612017f,0.8282061156539325f,0.3445313423858348f,1.4924333054040142f,0.7046338137429711f,-0.08290196006506112f,-0.70471161019768f,0.1254698454517913f,0f,0f,0f,1f],start_interpolation:0}
execute if entity @s[tag=aj.tultaria.bone.skirt] run data modify entity @s {} merge value {transformation:[-0.8191520442889919f,-0.1369143867486044f,-0.5569958519041404f,0.03464163931919707f,0f,0.9710926331765175f,-0.23870294885128218f,0.942876708307031f,0.5735764363510459f,-0.19553400852933844f,-0.7954725156605245f,0.049473388143990576f,0f,0f,0f,1f],start_interpolation:0}
execute if entity @s[tag=aj.tultaria.bone.left_foot] run data modify entity @s {} merge value {transformation:[-0.8191520442889919f,-0.05578444227779999f,-0.5708572714233571f,0.2139164585459013f,0f,0.9952592806200553f,-0.09725720713474054f,0.5199204655757363f,0.5735764363510459f,-0.07966844004626061f,-0.8152686743175098f,0.08757351442902388f,0f,0f,0f,1f],start_interpolation:0}
execute if entity @s[tag=aj.tultaria.bone.left_leg] run data modify entity @s {} merge value {transformation:[-0.8191520442889919f,-0.09696222185309925f,-0.5653213739727836f,0.10083031473857242f,0f,0.9856077379489662f,-0.16904847498608794f,0.929992791555148f,0.5735764363510459f,-0.13847640386879043f,-0.8073625934079447f,-0.07393023643956502f,0f,0f,0f,1f],start_interpolation:0}
execute if entity @s[tag=aj.tultaria.bone.right_foot] run data modify entity @s {} merge value {transformation:[-0.8191520442889919f,0.2964106277491776f,-0.49105057590283296f,0.10796529014265112f,0f,0.8561205530456891f,0.5167761591373419f,0.6644397805646493f,0.5735764363510459f,0.42331824719716704f,-0.7012929011851986f,0.3721212633671986f,0f,0f,0f,1f],start_interpolation:0}
execute if entity @s[tag=aj.tultaria.bone.right_leg] run data modify entity @s {} merge value {transformation:[-0.8191520442889919f,-0.3558735112216893f,-0.44982660253470075f,-0.10395769633367556f,0f,0.7842487487742495f,-0.6204465327858832f,0.929992791555148f,0.5735764363510459f,-0.5082400457035733f,-0.6424189657895105f,0.06946387264819646f,0f,0f,0f,1f],start_interpolation:0}
execute if entity @s[tag=aj.tultaria.bone.lower] run data modify entity @s {} merge value {transformation:[-0.8191520442889919f,0.02501905276082526f,-0.5730305186777721f,0f,0f,0.9990482215818578f,0.043619387365336f,0.9924333054040141f,0.5735764363510459f,0.03573091033094841f,-0.8183723930520606f,0f,0f,0f,0f,1f],start_interpolation:0}