execute if entity @s[tag=aj.tultaria.bone.head] run data modify entity @s {} merge value {transformation:[-0.984807753012208f,0.06336018867319712f,-0.16167614573072492f,0f,0f,0.9310558158625283f,0.3648767843376196f,1.0456699999999999f,0.17364817766693014f,0.35933348610985116f,-0.9169109859485246f,0f,0f,0f,0f,1f],start_interpolation:0}
execute if entity @s[tag=aj.tultaria.bone.bust] run data modify entity @s {} merge value {transformation:[-0.8191520442889919f,0f,-0.5735764363510459f,0.696364240320019f,0f,1f,0f,-0.11058000000000001f,0.5735764363510459f,0f,-0.8191520442889919f,0.12278780396897299f,0f,0f,0f,1f],start_interpolation:0}
execute if entity @s[tag=aj.tultaria.bone.left_wing] run data modify entity @s {} merge value {transformation:[-0.2081839108734076f,0.09938967552429011f,-0.9730267990413364f,-0.020500051775818706f,-0.37331826619812636f,0.9114352738537052f,0.17297171357781685f,0.95192f,0.9040425495386142f,0.39925860538552926f,-0.15264217847411726f,-0.13824253280806437f,0f,0f,0f,1f],start_interpolation:0}
execute if entity @s[tag=aj.tultaria.bone.right_wing] run data modify entity @s {} merge value {transformation:[-0.9207252037129359f,0.3411870941981453f,0.1893580365350213f,-0.1228940573119427f,0.37331826619812636f,0.9114352738537052f,0.17297171357781685f,0.95192f,-0.11357187755160791f,0.22995023011044669f,-0.9665528026453367f,-0.06654547826418361f,0f,0f,0f,1f],start_interpolation:0}
execute if entity @s[tag=aj.tultaria.bone.body] run data modify entity @s {} merge value {transformation:[-0.8191520442889919f,0f,-0.5735764363510459f,0.696364240320019f,0f,1f,0f,-0.11058000000000001f,0.5735764363510459f,0f,-0.8191520442889919f,0.12278780396897299f,0f,0f,0f,1f],start_interpolation:0}
execute if entity @s[tag=aj.tultaria.bone.left_hand] run data modify entity @s {} merge value {transformation:[-0.8096636870996108f,-0.46377069362663126f,-0.3596685384146588f,0.35465171008530405f,-0.5557298317668034f,0.8028759236393518f,0.21576516244449262f,0.7107216423114202f,0.18870365093633967f,0.37457575331744486f,-0.9077906901648445f,-0.39569586324285605f,0f,0f,0f,1f],start_interpolation:0}
execute if entity @s[tag=aj.tultaria.bone.left_arm] run data modify entity @s {} merge value {transformation:[-0.8096636870996108f,-0.4053660560741164f,-0.42440908846910885f,0.17918950968821698f,-0.5557298317668034f,0.7620489432320019f,0.3323338114056853f,0.88942f,0.18870365093633967f,0.5049354104258341f,-0.8422773672736258f,-0.1254698454517913f,0f,0f,0f,1f],start_interpolation:0}
execute if entity @s[tag=aj.tultaria.bone.rod] run data modify entity @s {} merge value {transformation:[-0.000004542447186076368f,0.000008772616464291727f,-0.0000015515714395878226f,-0.5933535919237307f,0.0000055572983176680336f,0.000004151500005484806f,0.000007202880195651162f,0.3826725256411017f,0.000006962945423464909f,0.000002409615752541764f,-0.000006761001623646578f,0.39436875287434997f,0f,0f,0f,1f],start_interpolation:0}
execute if entity @s[tag=aj.tultaria.bone.right_hand] run data modify entity @s {} merge value {transformation:[-0.4542447186076368f,0.510604990422151f,-0.7300303277077357f,-0.4931305114788911f,0.5557298317668034f,0.8028759236393518f,0.21576516244449262f,0.7107216423114202f,0.6962945423464909f,-0.30768944570175466f,-0.648460573436996f,0.19792763905656752f,0f,0f,0f,1f],start_interpolation:0}
execute if entity @s[tag=aj.tultaria.bone.right_arm] run data modify entity @s {} merge value {transformation:[-0.4542447186076368f,0.6131274357484908f,-0.6463253694150873f,-0.17918950968821698f,0.5557298317668034f,0.7620489432320019f,0.3323338114056853f,0.88942f,0.6962945423464909f,-0.20822141016588452f,-0.686889914503788f,0.1254698454517913f,0f,0f,0f,1f],start_interpolation:0}
execute if entity @s[tag=aj.tultaria.bone.skirt] run data modify entity @s {} merge value {transformation:[-0.8191520442889919f,-0.2010582261940388f,-0.5371829465060038f,0.03584852727194037f,0f,0.9365498867481924f,-0.35053432019125896f,0.342545f,0.5735764363510459f,-0.28714090497812184f,-0.7671767543084057f,0.051197002768061994f,0f,0f,0f,1f],start_interpolation:0}
execute if entity @s[tag=aj.tultaria.bone.left_foot] run data modify entity @s {} merge value {transformation:[-0.8191520442889919f,-0.18237816871213214f,-0.5438089112127297f,0.2575048478092664f,0f,0.948101903684032f,-0.31796663383241086f,-0.03900378542842681f,0.5735764363510459f,-0.26046301811950867f,-0.7766396125970598f,0.14982418567259825f,0f,0f,0f,1f],start_interpolation:0}
execute if entity @s[tag=aj.tultaria.bone.left_leg] run data modify entity @s {} merge value {transformation:[-0.8191520442889919f,-0.2010582261940388f,-0.5371829465060038f,0.10239400553612399f,0f,0.9365498867481924f,-0.35053432019125896f,0.32692f,0.5735764363510459f,-0.28714090497812184f,-0.7671767543084057f,-0.07169705454388074f,0f,0f,0f,1f],start_interpolation:0}
execute if entity @s[tag=aj.tultaria.bone.right_foot] run data modify entity @s {} merge value {transformation:[-0.8191520442889919f,-0.18237816871213214f,-0.5438089112127297f,0.1212293389248705f,0f,0.9481019036840321f,-0.3179666338324108f,0.09233862844435897f,0.5735764363510459f,-0.2604630181195087f,-0.7766396125970598f,0.39106428819685546f,0f,0f,0f,1f],start_interpolation:0}
execute if entity @s[tag=aj.tultaria.bone.right_leg] run data modify entity @s {} merge value {transformation:[-0.8191520442889919f,-0.3913245938006071f,-0.41935067738583104f,-0.10239400553612399f,0f,0.7311155947298642f,-0.6822536091093964f,0.32692f,0.5735764363510459f,-0.5588694386255049f,-0.5988948340345304f,0.07169705454388074f,0f,0f,0f,1f],start_interpolation:0}
execute if entity @s[tag=aj.tultaria.bone.lower] run data modify entity @s {} merge value {transformation:[-0.8191520442889919f,0f,-0.5735764363510459f,0f,0f,1f,0f,0.38942f,0.5735764363510459f,0f,-0.8191520442889919f,0f,0f,0f,0f,1f],start_interpolation:0}