execute if entity @s[tag=aj.tultaria.bone.head] run data modify entity @s {} merge value {transformation:[-0.984807753012208f,0.030153689607045765f,-0.17101007166283427f,0f,0f,0.984807753012208f,0.17364817766693036f,1.2144998945924694f,0.1736481776669302f,0.17101007166283436f,-0.9698463103929542f,0f,0f,0f,0f,1f],start_interpolation:0}
execute if entity @s[tag=aj.tultaria.bone.bust] run data modify entity @s {} merge value {transformation:[-0.8191520442889919f,0f,-0.5735764363510459f,0.696364240320019f,0f,1f,0f,0.05824989459246954f,0.5735764363510459f,0f,-0.8191520442889919f,0.12278780396897299f,0f,0f,0f,1f],start_interpolation:0}
execute if entity @s[tag=aj.tultaria.bone.left_wing] run data modify entity @s {} merge value {transformation:[-0.39517811875255415f,0f,-0.9186045147174011f,-0.020500051775818706f,0f,1f,0f,1.1207498945924694f,0.9186045147174011f,0f,-0.39517811875255415f,-0.13824253280806437f,0f,0f,0f,1f],start_interpolation:0}
execute if entity @s[tag=aj.tultaria.bone.right_wing] run data modify entity @s {} merge value {transformation:[-0.998364760715479f,0f,-0.0571647143045802f,-0.1228940573119427f,0f,1f,0f,1.1207498945924694f,0.0571647143045802f,0f,-0.998364760715479f,-0.06654547826418361f,0f,0f,0f,1f],start_interpolation:0}
execute if entity @s[tag=aj.tultaria.bone.body] run data modify entity @s {} merge value {transformation:[-0.8191520442889919f,0f,-0.5735764363510459f,0.696364240320019f,0f,1f,0f,0.05824989459246954f,0.5735764363510459f,0f,-0.8191520442889919f,0.12278780396897299f,0f,0f,0f,1f],start_interpolation:0}
execute if entity @s[tag=aj.tultaria.bone.left_hand] run data modify entity @s {} merge value {transformation:[-0.859205285812421f,-0.4344147063104592f,-0.27027789360803006f,0.30525304683757704f,-0.4244565048810796f,0.9001816374916407f,-0.09751766499976516f,0.8419953758720837f,0.2856623046468227f,0.030933516839601605f,-0.9578309690335765f,-0.39581065856443676f,0f,0f,0f,1f],start_interpolation:0}
execute if entity @s[tag=aj.tultaria.bone.left_arm] run data modify entity @s {} merge value {transformation:[-0.859205285812421f,-0.25359126160105194f,-0.4443621820897712f,0.17918950968821698f,-0.4244565048810796f,0.8382327241138324f,0.3423486171855258f,1.0582498945924694f,0.2856623046468227f,0.48276016018753093f,-0.8278524478671156f,-0.1254698454517913f,0f,0f,0f,1f],start_interpolation:0}
execute if entity @s[tag=aj.tultaria.bone.rod] run data modify entity @s {} merge value {transformation:[-0.00000562300274713052f,0.00000696693069201219f,-0.000004454628698158936f,-0.4420072363140405f,0.000004244565048810796f,0.000007054799423767616f,0.000005675691379631377f,0.5166169699376891f,0.000007096866044401321f,0.000001300646694189729f,-0.000006924074705310229f,0.37327942385727003f,0f,0f,0f,1f],start_interpolation:0}
execute if entity @s[tag=aj.tultaria.bone.sword] run data modify entity @s {} merge value {transformation:[-0.00000562300274713052f,0.0000017764657762421195f,-0.00000807626209651489f,-0.49743659847623695f,0.000004244565048810796f,0.000009001816374916408f,-9.751766499976518e-7f,0.5253100951683589f,0.000007096866044401321f,-0.000003976364080177685f,-0.000005815756274956531f,0.3681957727071654f,0f,0f,0f,1f],start_interpolation:0}
execute if entity @s[tag=aj.tultaria.bone.right_hand] run data modify entity @s {} merge value {transformation:[-0.562300274713052f,0.17764657762421193f,-0.807626209651489f,-0.4763430459113972f,0.4244565048810796f,0.9001816374916407f,-0.09751766499976516f,0.8419953758720837f,0.709686604440132f,-0.3976364080177685f,-0.5815756274956531f,0.15146881741365018f,0f,0f,0f,1f],start_interpolation:0}
execute if entity @s[tag=aj.tultaria.bone.right_arm] run data modify entity @s {} merge value {transformation:[-0.562300274713052f,0.5403794797765749f,-0.6259460191534287f,-0.17918950968821698f,0.4244565048810796f,0.8382327241138324f,0.3423486171855258f,1.0582498945924694f,0.709686604440132f,-0.07318413804303509f,-0.700706076338099f,0.1254698454517913f,0f,0f,0f,1f],start_interpolation:0}
execute if entity @s[tag=aj.tultaria.bone.skirt] run data modify entity @s {} merge value {transformation:[-0.8191520442889919f,-0.1217653313284371f,-0.5605025712908384f,0.03464163931919707f,0f,0.9772064118543986f,-0.21229137672230505f,0.5086932974954864f,0.5735764363510459f,-0.17389891522700068f,-0.8004806299628412f,0.049473388143990576f,0f,0f,0f,1f],start_interpolation:0}
execute if entity @s[tag=aj.tultaria.bone.left_foot] run data modify entity @s {} merge value {transformation:[-0.8191520442889919f,-0.026706655996081262f,-0.5729543462289752f,0.2091109111861586f,0f,0.9989154189700883f,-0.046561633818122894f,0.08181323248387135f,0.5735764363510459f,-0.03814105752755083f,-0.8182636075211427f,0.0807104815459025f,0f,0f,0f,1f],start_interpolation:0}
execute if entity @s[tag=aj.tultaria.bone.left_leg] run data modify entity @s {} merge value {transformation:[-0.8191520442889919f,-0.08544824282848314f,-0.5671759216809984f,0.10083031473857242f,0f,0.9888410432081798f,-0.14897446515077245f,0.4958093807436034f,0.5735764363510459f,-0.12203273767511442f,-0.8100111620208398f,-0.07393023643956502f,0f,0f,0f,1f],start_interpolation:0}
execute if entity @s[tag=aj.tultaria.bone.right_foot] run data modify entity @s {} merge value {transformation:[-0.8191520442889919f,0.2914031088445559f,-0.49403861842258173f,0.1032219002987634f,0f,0.8613300462019247f,0.5080458163490672f,0.21911272495799f,0.5735764363510459f,0.4161667690548081f,-0.7055602681538387f,0.3653470006164496f,0f,0f,0f,1f],start_interpolation:0}
execute if entity @s[tag=aj.tultaria.bone.right_leg] run data modify entity @s {} merge value {transformation:[-0.8191520442889919f,-0.34199058501903223f,-0.4604697254928988f,-0.10395769633367556f,0f,0.8028044673911212f,-0.5962423895840165f,0.4958093807436034f,0.5735764363510459f,-0.4884131723195008f,-0.6576189206277723f,0.06946387264819646f,0f,0f,0f,1f],start_interpolation:0}
execute if entity @s[tag=aj.tultaria.bone.lower] run data modify entity @s {} merge value {transformation:[-0.8191520442889919f,0.02501905276082526f,-0.5730305186777721f,0f,0f,0.9990482215818578f,0.043619387365336f,0.5582498945924695f,0.5735764363510459f,0.03573091033094841f,-0.8183723930520606f,0f,0f,0f,0f,1f],start_interpolation:0}