execute if entity @s[tag=aj.tultaria.bone.head] run data modify entity @s {} merge value {transformation:[-0.984807753012208f,0.042499235673779015f,-0.16836717190174083f,0f,0f,0.969587899878116f,0.2447433439543238f,1.1158333333333332f,0.1736481776669302f,0.2410251426243516f,-0.9548576810267932f,0f,0f,0f,0f,1f],start_interpolation:0}
execute if entity @s[tag=aj.tultaria.bone.bust] run data modify entity @s {} merge value {transformation:[-0.8191520442889919f,0f,-0.5735764363510459f,0.696364240320019f,0f,1f,0f,-0.040416666666666656f,0.5735764363510459f,0f,-0.8191520442889919f,0.12278780396897299f,0f,0f,0f,1f],start_interpolation:0}
execute if entity @s[tag=aj.tultaria.bone.left_wing] run data modify entity @s {} merge value {transformation:[-0.4373028611091381f,0.019832423515433892f,-0.8990955914936222f,-0.020500051775818706f,-0.1588882009887774f,0.9823256757029749f,0.09894850398689042f,1.0220833333333332f,0.8851670730728249f,0.1861261449452985f,-0.42642269043226344f,-0.13824253280806437f,0f,0f,0f,1f],start_interpolation:0}
execute if entity @s[tag=aj.tultaria.bone.right_wing] run data modify entity @s {} merge value {transformation:[-0.981351353962467f,0.16811827660718132f,-0.09319745246874578f,-0.1228940573119427f,0.1588882009887774f,0.9823256757029749f,0.09894850398689042f,1.0220833333333332f,0.10818530243329139f,0.0822952728005994f,-0.9907186424066583f,-0.06654547826418361f,0f,0f,0f,1f],start_interpolation:0}
execute if entity @s[tag=aj.tultaria.bone.body] run data modify entity @s {} merge value {transformation:[-0.8191520442889919f,0f,-0.5735764363510459f,0.696364240320019f,0f,1f,0f,-0.040416666666666656f,0.5735764363510459f,0f,-0.8191520442889919f,0.12278780396897299f,0f,0f,0f,1f],start_interpolation:0}
execute if entity @s[tag=aj.tultaria.bone.left_hand] run data modify entity @s {} merge value {transformation:[-0.885786531890036f,-0.4052171026890221f,-0.22623288799495267f,0.3019657623858558f,-0.369045953729756f,0.9105965146050662f,-0.1860620101600547f,0.7241601818111665f,0.281402387974795f,-0.08132089078102911f,-0.9561378607526547f,-0.38089912920934393f,0f,0f,0f,1f],start_interpolation:0}
execute if entity @s[tag=aj.tultaria.bone.left_arm] run data modify entity @s {} merge value {transformation:[-0.885786531890036f,-0.22612006415644065f,-0.40528007168883773f,0.17918950968821698f,-0.369045953729756f,0.8727020732673934f,0.319681365347572f,0.9595833333333333f,0.281402387974795f,0.43273641850516836f,-0.8564764375868158f,-0.1254698454517913f,0f,0f,0f,1f],start_interpolation:0}
execute if entity @s[tag=aj.tultaria.bone.rod] run data modify entity @s {} merge value {transformation:[-0.0000056738858404442555f,0.0000062456992457430434f,-0.000005366401066015379f,-0.3818849523430598f,0.0000036904595372975603f,0.000007754546795074524f,0.000005123232612967025f,0.40594424010427355f,0.000007361217825412835f,9.264150984975578e-7f,-0.000006704791360818032f,0.37415313580441706f,0f,0f,0f,1f],start_interpolation:0}
execute if entity @s[tag=aj.tultaria.bone.right_hand] run data modify entity @s {} merge value {transformation:[-0.5673885840444255f,0.062175770557041876f,-0.8210994874262803f,-0.4612064743124541f,0.369045953729756f,0.9105965146050662f,-0.1860620101600547f,0.7241601818111665f,0.7361217825412835f,-0.40859290393341835f,-0.5396077836016636f,0.15347982387917727f,0f,0f,0f,1f],start_interpolation:0}
execute if entity @s[tag=aj.tultaria.bone.right_arm] run data modify entity @s {} merge value {transformation:[-0.5673885840444255f,0.4839768359662246f,-0.6662106400712796f,-0.17918950968821698f,0.369045953729756f,0.8727020732673934f,0.319681365347572f,0.9595833333333333f,0.7361217825412835f,-0.064478783820069f,-0.673770886656086f,0.1254698454517913f,0f,0f,0f,1f],start_interpolation:0}
execute if entity @s[tag=aj.tultaria.bone.skirt] run data modify entity @s {} merge value {transformation:[-0.8191520442889919f,-0.07486674818404886f,-0.5686694104253469f,0.03584852727194037f,0f,0.9914448613738104f,-0.13052619222005168f,0.41270833333333334f,0.5735764363510459f,-0.10692079719031325f,-0.812144084994173f,0.051197002768061994f,0f,0f,0f,1f],start_interpolation:0}
execute if entity @s[tag=aj.tultaria.bone.left_foot] run data modify entity @s {} merge value {transformation:[-0.8191520442889919f,0.07486674818404873f,-0.5686694104253469f,0.20623188416981372f,0f,0.9914448613738105f,0.1305261922200514f,-0.020358019490202273f,0.5735764363510459f,0.10692079719031303f,-0.812144084994173f,0.07659880485115293f,0f,0f,0f,1f],start_interpolation:0}
execute if entity @s[tag=aj.tultaria.bone.left_leg] run data modify entity @s {} merge value {transformation:[-0.8191520442889919f,-0.07486674818404886f,-0.5686694104253469f,0.10239400553612399f,0f,0.9914448613738104f,-0.13052619222005168f,0.39708333333333334f,0.5735764363510459f,-0.10692079719031325f,-0.812144084994173f,-0.07169705454388074f,0f,0f,0f,1f],start_interpolation:0}
execute if entity @s[tag=aj.tultaria.bone.right_foot] run data modify entity @s {} merge value {transformation:[-0.8191520442889919f,0.07486674818404868f,-0.5686694104253469f,0.0851673105271866f,0f,0.9914448613738105f,0.1305261922200513f,0.0806972191776415f,0.5735764363510459f,0.10692079719031294f,-0.812144084994173f,0.3395623742216256f,0f,0f,0f,1f],start_interpolation:0}
execute if entity @s[tag=aj.tultaria.bone.right_leg] run data modify entity @s {} merge value {transformation:[-0.8191520442889919f,-0.2867882181755231f,-0.4967317648921539f,-0.10239400553612399f,0f,0.8660254037844386f,-0.5000000000000002f,0.39708333333333334f,0.5735764363510459f,-0.4095760221444961f,-0.7094064799162225f,0.07169705454388074f,0f,0f,0f,1f],start_interpolation:0}
execute if entity @s[tag=aj.tultaria.bone.lower] run data modify entity @s {} merge value {transformation:[-0.8191520442889919f,0f,-0.5735764363510459f,0f,0f,1f,0f,0.45958333333333334f,0.5735764363510459f,0f,-0.8191520442889919f,0f,0f,0f,0f,1f],start_interpolation:0}