execute if entity @s[tag=aj.tultaria.bone.head] run data modify entity @s {} merge value {transformation:[-0.984807753012208f,0.05086037816574862f,-0.16603286283107577f,0f,6.938893903907228e-18f,0.9561451497034352f,0.2928932445424364f,1.0880468749999999f,0.1736481776669302f,0.288443538030292f,-0.9416191564329612f,0f,0f,0f,0f,1f],start_interpolation:0}
execute if entity @s[tag=aj.tultaria.bone.bust] run data modify entity @s {} merge value {transformation:[-0.8191520442889919f,0f,-0.5735764363510459f,0.696364240320019f,0f,1f,0f,-0.06820312500000003f,0.5735764363510459f,0f,-0.8191520442889919f,0.12278780396897299f,0f,0f,0f,1f],start_interpolation:0}
execute if entity @s[tag=aj.tultaria.bone.left_wing] run data modify entity @s {} merge value {transformation:[-0.35359343065430526f,0.04555351687651486f,-0.9342893357511367f,-0.020500051775818706f,-0.2548007963174228f,0.9563523823632079f,0.14306178715584406f,0.994296875f,0.9000267995977267f,0.2886433748562365f,-0.3265528474190295f,-0.13824253280806437f,0f,0f,0f,1f],start_interpolation:0}
execute if entity @s[tag=aj.tultaria.bone.right_wing] run data modify entity @s {} merge value {transformation:[-0.9666846179229417f,0.2556558290200523f,0.012686471504959274f,-0.1228940573119427f,0.2548007963174228f,0.9563523823632079f,0.14306178715584406f,0.994296875f,0.024441842548866666f,0.1415281520980422f,-0.9896324461619728f,-0.06654547826418361f,0f,0f,0f,1f],start_interpolation:0}
execute if entity @s[tag=aj.tultaria.bone.body] run data modify entity @s {} merge value {transformation:[-0.8191520442889919f,0f,-0.5735764363510459f,0.696364240320019f,0f,1f,0f,-0.06820312500000003f,0.5735764363510459f,0f,-0.8191520442889919f,0.12278780396897299f,0f,0f,0f,1f],start_interpolation:0}
execute if entity @s[tag=aj.tultaria.bone.left_hand] run data modify entity @s {} merge value {transformation:[-0.8598825784751507f,-0.435021018588698f,-0.267130426235908f,0.3240744978631587f,-0.44641861171608443f,0.8946039315572658f,-0.019855194679649968f,0.7173007826030504f,0.24761335656302966f,0.10217885803009646f,-0.9634558145671525f,-0.3876567140169166f,0f,0f,0f,1f],start_interpolation:0}
execute if entity @s[tag=aj.tultaria.bone.left_arm] run data modify entity @s {} merge value {transformation:[-0.8598825784751507f,-0.2996806268852034f,-0.4132716698548519f,0.17918950968821698f,-0.44641861171608443f,0.8341045161201714f,0.3240062951570827f,0.931796875f,0.24761335656302966f,0.46309953364004397f,-0.8510149514514793f,-0.1254698454517913f,0f,0f,0f,1f],start_interpolation:0}
execute if entity @s[tag=aj.tultaria.bone.rod] run data modify entity @s {} merge value {transformation:[-0.000005267776067036258f,0.000007486782979057916f,-0.000004024750418603452f,-0.46517061943236343f,0.000004464186117160845f,0.000006466202492800483f,0.000006185407636805293f,0.38430620760403206f,0.000007233365580344215f,0.0000014616107370259391f,-0.000006748489937349104f,0.3847012876209689f,0f,0f,0f,1f],start_interpolation:0}
execute if entity @s[tag=aj.tultaria.bone.right_hand] run data modify entity @s {} merge value {transformation:[-0.5267776067036258f,0.24480267001859768f,-0.813988332734177f,-0.47511815976716143f,0.44641861171608443f,0.8946039315572658f,-0.019855194679649968f,0.7173007826030504f,0.7233365580344214f,-0.3738388133862621f,-0.5805417861074839f,0.17194400933768506f,0f,0f,0f,1f],start_interpolation:0}
execute if entity @s[tag=aj.tultaria.bone.right_arm] run data modify entity @s {} merge value {transformation:[-0.5267776067036258f,0.5376680254101485f,-0.6583452343012379f,-0.17918950968821698f,0.44641861171608443f,0.8341045161201714f,0.3240062951570827f,0.931796875f,0.7233365580344214f,-0.12321830480690235f,-0.6794125942101967f,0.1254698454517913f,0f,0f,0f,1f],start_interpolation:0}
execute if entity @s[tag=aj.tultaria.bone.skirt] run data modify entity @s {} merge value {transformation:[-0.8191520442889919f,-0.12567130852927205f,-0.5596397506876241f,0.03584852727194037f,0f,0.9757021300385286f,-0.2191012401568698f,0.38492187499999997f,0.5735764363510459f,-0.17947722878075326f,-0.7992483944381845f,0.051197002768061994f,0f,0f,0f,1f],start_interpolation:0}
execute if entity @s[tag=aj.tultaria.bone.left_foot] run data modify entity @s {} merge value {transformation:[-0.8191520442889919f,-0.028144061780754098f,-0.57288553841378f,0.22733017185363352f,0f,0.9987954562051724f,-0.04906767432741799f,-0.030185151872247573f,0.5735764363510459f,-0.04019388573381091f,-0.8181653397770233f,0.10673028235247185f,0f,0f,0f,1f],start_interpolation:0}
execute if entity @s[tag=aj.tultaria.bone.left_leg] run data modify entity @s {} merge value {transformation:[-0.8191520442889919f,-0.12567130852927205f,-0.5596397506876241f,0.10239400553612399f,0f,0.9757021300385286f,-0.2191012401568698f,0.36929687499999997f,0.5735764363510459f,-0.17947722878075326f,-0.7992483944381845f,-0.07169705454388074f,0f,0f,0f,1f],start_interpolation:0}
execute if entity @s[tag=aj.tultaria.bone.right_foot] run data modify entity @s {} merge value {transformation:[-0.8191520442889919f,-0.028144061780754237f,-0.57288553841378f,0.10071754698079868f,0f,0.9987954562051724f,-0.0490676743274181f,0.08357954317341276f,0.5735764363510459f,-0.040193885733811f,-0.8181653397770233f,0.3617704134172203f,0f,0f,0f,1f],start_interpolation:0}
execute if entity @s[tag=aj.tultaria.bone.right_leg] run data modify entity @s {} merge value {transformation:[-0.8191520442889919f,-0.33027001045518867f,-0.46894738354222115f,-0.10239400553612399f,0f,0.8175848131515837f,-0.5758081914178453f,0.36929687499999997f,0.5735764363510459f,-0.47167445711827516f,-0.6697262710727533f,0.07169705454388074f,0f,0f,0f,1f],start_interpolation:0}
execute if entity @s[tag=aj.tultaria.bone.lower] run data modify entity @s {} merge value {transformation:[-0.8191520442889919f,0f,-0.5735764363510459f,0f,0f,1f,0f,0.43179687499999997f,0.5735764363510459f,0f,-0.8191520442889919f,0f,0f,0f,0f,1f],start_interpolation:0}