execute if entity @s[tag=aj.tultaria.bone.head] run data modify entity @s {} merge value {transformation:[-0.984807753012208f,0.030153689607045765f,-0.17101007166283427f,0f,0f,0.984807753012208f,0.17364817766693036f,1.5912657793025864f,0.1736481776669302f,0.17101007166283436f,-0.9698463103929542f,0f,0f,0f,0f,1f],start_interpolation:0}
execute if entity @s[tag=aj.tultaria.bone.bust] run data modify entity @s {} merge value {transformation:[-0.8191520442889919f,0f,-0.5735764363510459f,0.696364240320019f,0f,1f,0f,0.4350157793025864f,0.5735764363510459f,0f,-0.8191520442889919f,0.12278780396897299f,0f,0f,0f,1f],start_interpolation:0}
execute if entity @s[tag=aj.tultaria.bone.left_wing] run data modify entity @s {} merge value {transformation:[-0.3795570819953163f,0f,-0.9251683206353322f,-0.020500051775818706f,0f,1f,0f,1.4975157793025864f,0.9251683206353322f,0f,-0.3795570819953163f,-0.13824253280806437f,0f,0f,0f,1f],start_interpolation:0}
execute if entity @s[tag=aj.tultaria.bone.right_wing] run data modify entity @s {} merge value {transformation:[-0.9991900114702237f,0f,-0.04024078749396576f,-0.1228940573119427f,0f,1f,0f,1.4975157793025864f,0.04024078749396576f,0f,-0.9991900114702237f,-0.06654547826418361f,0f,0f,0f,1f],start_interpolation:0}
execute if entity @s[tag=aj.tultaria.bone.body] run data modify entity @s {} merge value {transformation:[-0.8191520442889919f,0f,-0.5735764363510459f,0.696364240320019f,0f,1f,0f,0.4350157793025864f,0.5735764363510459f,0f,-0.8191520442889919f,0.12278780396897299f,0f,0f,0f,1f],start_interpolation:0}
execute if entity @s[tag=aj.tultaria.bone.left_hand] run data modify entity @s {} merge value {transformation:[-0.8519891528497855f,-0.4409404958104543f,-0.2822870216299992f,0.30881096824934384f,-0.44200993666120164f,0.8947545399639036f,-0.06357302184687813f,1.2240581719572068f,0.2806095139496617f,0.07061014352353256f,-0.9572212431368835f,-0.39830194195731367f,0f,0f,0f,1f],start_interpolation:0}
execute if entity @s[tag=aj.tultaria.bone.left_arm] run data modify entity @s {} merge value {transformation:[-0.8519891528497855f,-0.26746974975168314f,-0.4500826772872701f,0.17918950968821698f,-0.44200993666120164f,0.8282061156539327f,0.3445313423858348f,1.4350157793025864f,0.2806095139496617f,0.4924779822095571f,-0.8238469140075344f,-0.1254698454517913f,0f,0f,0f,1f],start_interpolation:0}
execute if entity @s[tag=aj.tultaria.bone.rod] run data modify entity @s {} merge value {transformation:[-0.000005550841417504166f,0.000007213254635484344f,-0.000004142115054097845f,-0.46096861684219753f,0.000004420099366612017f,0.000006776399175543741f,0.00000587734087857478f,0.8964718472016027f,0.000007046338137429711f,0.0000014315627046531232f,-0.000006949801945066481f,0.374366012565676f,0f,0f,0f,1f],start_interpolation:0}
execute if entity @s[tag=aj.tultaria.bone.sword] run data modify entity @s {} merge value {transformation:[-0.000005550841417504166f,0.000002171623623968808f,-0.000008029458910383748f,-0.5159530849143219f,0.000004420099366612017f,0.000008947545399639037f,-6.357302184687813e-7f,0.9073046723231928f,0.000007046338137429711f,-0.000003901984387105989f,-0.000005926519779413944f,0.368605257779141f,0f,0f,0f,1f],start_interpolation:0}
execute if entity @s[tag=aj.tultaria.bone.right_hand] run data modify entity @s {} merge value {transformation:[-0.5550841417504165f,0.21716236239688075f,-0.8029458910383747f,-0.4799009673231641f,0.44200993666120164f,0.8947545399639036f,-0.06357302184687813f,1.2240581719572068f,0.7046338137429711f,-0.39019843871059884f,-0.5926519779413943f,0.1539601008065271f,0f,0f,0f,1f],start_interpolation:0}
execute if entity @s[tag=aj.tultaria.bone.right_arm] run data modify entity @s {} merge value {transformation:[-0.5550841417504165f,0.5542579679272062f,-0.6202255239559298f,-0.17918950968821698f,0.44200993666120164f,0.8282061156539327f,0.3445313423858348f,1.4350157793025864f,0.7046338137429711f,-0.08290196006506112f,-0.70471161019768f,0.1254698454517913f,0f,0f,0f,1f],start_interpolation:0}
execute if entity @s[tag=aj.tultaria.bone.skirt] run data modify entity @s {} merge value {transformation:[-0.8191520442889919f,-0.13691438674860437f,-0.5569958519041404f,0.03464163931919707f,0f,0.9710926331765175f,-0.23870294885128213f,0.8854591822056033f,0.5735764363510459f,-0.1955340085293384f,-0.7954725156605245f,0.049473388143990576f,0f,0f,0f,1f],start_interpolation:0}
execute if entity @s[tag=aj.tultaria.bone.left_foot] run data modify entity @s {} merge value {transformation:[-0.8191520442889919f,-0.05578444227779993f,-0.5708572714233571f,0.2139164585459013f,0f,0.9952592806200553f,-0.09725720713474044f,0.4625029394743086f,0.5735764363510459f,-0.07966844004626053f,-0.8152686743175098f,0.08757351442902385f,0f,0f,0f,1f],start_interpolation:0}
execute if entity @s[tag=aj.tultaria.bone.left_leg] run data modify entity @s {} merge value {transformation:[-0.8191520442889919f,-0.09696222185309923f,-0.5653213739727836f,0.10083031473857242f,0f,0.9856077379489662f,-0.1690484749860879f,0.8725752654537203f,0.5735764363510459f,-0.1384764038687904f,-0.8073625934079447f,-0.07393023643956502f,0f,0f,0f,1f],start_interpolation:0}
execute if entity @s[tag=aj.tultaria.bone.right_foot] run data modify entity @s {} merge value {transformation:[-0.8191520442889919f,0.29641062774917776f,-0.4910505759028329f,0.10796529014265106f,0f,0.856120553045689f,0.5167761591373421f,0.6070222544632216f,0.5735764363510459f,0.42331824719716715f,-0.7012929011851985f,0.3721212633671986f,0f,0f,0f,1f],start_interpolation:0}
execute if entity @s[tag=aj.tultaria.bone.right_leg] run data modify entity @s {} merge value {transformation:[-0.8191520442889919f,-0.3558735112216892f,-0.44982660253470086f,-0.10395769633367556f,0f,0.7842487487742497f,-0.6204465327858831f,0.8725752654537203f,0.5735764363510459f,-0.5082400457035732f,-0.6424189657895106f,0.06946387264819646f,0f,0f,0f,1f],start_interpolation:0}
execute if entity @s[tag=aj.tultaria.bone.lower] run data modify entity @s {} merge value {transformation:[-0.8191520442889919f,0.02501905276082526f,-0.5730305186777721f,0f,0f,0.9990482215818578f,0.043619387365336f,0.9350157793025864f,0.5735764363510459f,0.03573091033094841f,-0.8183723930520606f,0f,0f,0f,0f,1f],start_interpolation:0}