execute if entity @s[tag=aj.tultaria.bone.head] run data modify entity @s {} merge value {transformation:[-0.9848077530122081f,0.0656289016014785f,-0.16076858176157793f,0f,1.3877787807814457e-17f,0.9258293632654404f,0.3779417813837327f,1.037849375f,0.17364817766693008f,0.372199996493945f,-0.9117639349101618f,0f,0f,0f,0f,1f],start_interpolation:0}
execute if entity @s[tag=aj.tultaria.bone.bust] run data modify entity @s {} merge value {transformation:[-0.8191520442889919f,0f,-0.5735764363510459f,0.696364240320019f,0f,1f,0f,-0.11840062500000004f,0.5735764363510459f,0f,-0.8191520442889919f,0.12278780396897299f,0f,0f,0f,1f],start_interpolation:0}
execute if entity @s[tag=aj.tultaria.bone.left_wing] run data modify entity @s {} merge value {transformation:[-0.179633750249393f,0.11053642273758169f,-0.9775036649648516f,-0.020500051775818706f,-0.3910239073432964f,0.9037724489617831f,0.17405649767705403f,0.944099375f,0.9026804637618562f,0.4134937239499529f,-0.1191256504564836f,-0.13824253280806437f,0f,0f,0f,1f],start_interpolation:0}
execute if entity @s[tag=aj.tultaria.bone.right_wing] run data modify entity @s {} merge value {transformation:[-0.9096805317310426f,0.35075131798964165f,0.22238444891236625f,-0.1228940573119427f,0.3910239073432964f,0.9037724489617831f,0.17405649767705403f,0.944099375f,-0.13993439203965813f,0.24529344350420476f,-0.959296352801542f,-0.06654547826418361f,0f,0f,0f,1f],start_interpolation:0}
execute if entity @s[tag=aj.tultaria.bone.body] run data modify entity @s {} merge value {transformation:[-0.8191520442889919f,0f,-0.5735764363510459f,0.696364240320019f,0f,1f,0f,-0.11840062500000004f,0.5735764363510459f,0f,-0.8191520442889919f,0.12278780396897299f,0f,0f,0f,1f],start_interpolation:0}
execute if entity @s[tag=aj.tultaria.bone.left_hand] run data modify entity @s {} merge value {transformation:[-0.7990743137169337f,-0.4657397694227301f,-0.3802192897998121f,0.35984266076848737f,-0.5746114572527763f,0.7776843066371285f,0.2550074359781875f,0.7099707028088291f,0.1769234703244656f,0.42224825208447087f,-0.88904696122306f,-0.39685559560581957f,0f,0f,0f,1f],start_interpolation:0}
execute if entity @s[tag=aj.tultaria.bone.left_arm] run data modify entity @s {} merge value {transformation:[-0.7990743137169337f,-0.4238913922109649f,-0.42637580696758737f,0.17918950968821698f,-0.5746114572527763f,0.7471188328179559f,0.3341184263739071f,0.881599375f,0.1769234703244656f,0.5119858760338856f,-0.8405763191942555f,-0.1254698454517913f,0f,0f,0f,1f],start_interpolation:0}
execute if entity @s[tag=aj.tultaria.bone.rod] run data modify entity @s {} merge value {transformation:[-0.000004395531908130614f,0.000008919898633966597f,-0.0000010557971416737578f,-0.616350667486729f,0.000005746114572527763f,0.000003695883596123012f,0.000007302233340786428f,0.3864631583226325f,0.000006903728453813181f,0.0000026030468308637218f,-0.000006750013380160118f,0.39504209534372836f,0f,0f,0f,1f],start_interpolation:0}
execute if entity @s[tag=aj.tultaria.bone.right_hand] run data modify entity @s {} merge value {transformation:[-0.4395531908130613f,0.5560759493139514f,-0.7053882130009291f,-0.4959957131191133f,0.5746114572527763f,0.7776843066371285f,0.2550074359781875f,0.7099707028088291f,0.690372845381318f,-0.2932348168361259f,-0.6613612300061037f,0.20240888527941825f,0f,0f,0f,1f],start_interpolation:0}
execute if entity @s[tag=aj.tultaria.bone.right_arm] run data modify entity @s {} merge value {transformation:[-0.4395531908130613f,0.6260887443741626f,-0.64405424974457f,-0.17918950968821698f,0.5746114572527763f,0.7471188328179559f,0.3341184263739071f,0.881599375f,0.690372845381318f,-0.2232181305734811f,-0.6881562326560613f,0.1254698454517913f,0f,0f,0f,1f],start_interpolation:0}
execute if entity @s[tag=aj.tultaria.bone.skirt] run data modify entity @s {} merge value {transformation:[-0.8191520442889919f,-0.21459863466880988f,-0.531918559871197f,0.03584852727194037f,0f,0.9273717087388278f,-0.3741413019579994f,0.33472437499999996f,0.5735764363510459f,-0.3064786123518402f,-0.7596584310291864f,0.051197002768061994f,0f,0f,0f,1f],start_interpolation:0}
execute if entity @s[tag=aj.tultaria.bone.left_foot] run data modify entity @s {} merge value {transformation:[-0.8191520442889919f,-0.20968079402601622f,-0.5338762899340866f,0.2627707281876279f,0f,0.9307849069436638f,-0.36556730844794555f,-0.039858084828487295f,0.5735764363510459f,-0.2994552080403591f,-0.7624543593162413f,0.15734464223869765f,0f,0f,0f,1f],start_interpolation:0}
execute if entity @s[tag=aj.tultaria.bone.left_leg] run data modify entity @s {} merge value {transformation:[-0.8191520442889919f,-0.21459863466880988f,-0.531918559871197f,0.10239400553612399f,0f,0.9273717087388278f,-0.3741413019579994f,0.31909937499999996f,0.5735764363510459f,-0.3064786123518402f,-0.7596584310291864f,-0.07169705454388074f,0f,0f,0f,1f],start_interpolation:0}
execute if entity @s[tag=aj.tultaria.bone.right_foot] run data modify entity @s {} merge value {transformation:[-0.8191520442889919f,-0.20968079402601614f,-0.5338762899340865f,0.12456528210156423f,0f,0.9307849069436636f,-0.3655673084479453f,0.09446738235451321f,0.5735764363510459f,-0.29945520804035897f,-0.7624543593162412f,0.39582850879525555f,0f,0f,0f,1f],start_interpolation:0}
execute if entity @s[tag=aj.tultaria.bone.right_leg] run data modify entity @s {} merge value {transformation:[-0.8191520442889919f,-0.40181970650558557f,-0.40930532833195626f,-0.10239400553612399f,0f,0.7136020631109907f,-0.7005512797245734f,0.31909937499999996f,0.5735764363510459f,-0.5738580129156537f,-0.5845485888062103f,0.07169705454388074f,0f,0f,0f,1f],start_interpolation:0}
execute if entity @s[tag=aj.tultaria.bone.lower] run data modify entity @s {} merge value {transformation:[-0.8191520442889919f,0f,-0.5735764363510459f,0f,0f,1f,0f,0.38159937499999996f,0.5735764363510459f,0f,-0.8191520442889919f,0f,0f,0f,0f,1f],start_interpolation:0}