execute if entity @s[tag=aj.tultaria.bone.head] run data modify entity @s {} merge value {transformation:[-0.9848077530122081f,0.0491895799423608f,-0.16653550622056496f,0f,6.938893903907228e-18f,0.9590397576183737f,0.28327150105030163f,1.0936311111111112f,0.17364817766693008f,0.2789679704417429f,-0.9444697887495233f,0f,0f,0f,0f,1f],start_interpolation:0}
execute if entity @s[tag=aj.tultaria.bone.bust] run data modify entity @s {} merge value {transformation:[-0.8191520442889919f,0f,-0.5735764363510459f,0.696364240320019f,0f,1f,0f,-0.06261888888888889f,0.5735764363510459f,0f,-0.8191520442889919f,0.12278780396897299f,0f,0f,0f,1f],start_interpolation:0}
execute if entity @s[tag=aj.tultaria.bone.left_wing] run data modify entity @s {} merge value {transformation:[-0.3712706605730009f,0.039660599745310846f,-0.9276772787050085f,-0.020500051775818706f,-0.2365718452468234f,0.9620754465696395f,0.1358108874293283f,0.9998811111111111f,0.897881873430019f,0.2698849235056877f,-0.3478078053036309f,-0.13824253280806437f,0f,0f,0f,1f],start_interpolation:0}
execute if entity @s[tag=aj.tultaria.bone.right_wing] run data modify entity @s {} merge value {transformation:[-0.9707150153414092f,0.24004414707039085f,-0.009548112272910247f,-0.1228940573119427f,0.2365718452468234f,0.9620754465696395f,0.1358108874293283f,0.9998811111111111f,0.04178661301470321f,0.12957485313546463f,-0.9906887686895831f,-0.06654547826418361f,0f,0f,0f,1f],start_interpolation:0}
execute if entity @s[tag=aj.tultaria.bone.body] run data modify entity @s {} merge value {transformation:[-0.8191520442889919f,0f,-0.5735764363510459f,0.696364240320019f,0f,1f,0f,-0.06261888888888889f,0.5735764363510459f,0f,-0.8191520442889919f,0.12278780396897299f,0f,0f,0f,1f],start_interpolation:0}
execute if entity @s[tag=aj.tultaria.bone.left_hand] run data modify entity @s {} merge value {transformation:[-0.865552158390171f,-0.42949923398411594f,-0.2575846833823275f,0.31975459251575455f,-0.4312022163460735f,0.9007037950783889f,-0.05288971686085708f,0.7185082902412028f,0.2547235947539026f,0.0652922777857014f,-0.9648071355132095f,-0.3863880956263173f,0f,0f,0f,1f],start_interpolation:0}
execute if entity @s[tag=aj.tultaria.bone.left_arm] run data modify entity @s {} merge value {transformation:[-0.865552158390171f,-0.2851438883007911f,-0.4117188653326712f,0.17918950968821698f,-0.4312022163460735f,0.8424314213901763f,0.32306957280555093f,0.9373811111111111f,0.2547235947539026f,0.45716765329497355f,-0.8521230116928051f,-0.1254698454517913f,0f,0f,0f,1f],start_interpolation:0}
execute if entity @s[tag=aj.tultaria.bone.rod] run data modify entity @s {} merge value {transformation:[-0.00000535398155598751f,0.000007260396052676166f,-0.000004315267159334395f,-0.44822770230468545f,0.000004312022163460735f,0.000006742924387877358f,0.0000059949508389303886f,0.3873555816944141f,0.000007262323757584f,0.0000013489328588380987f,-0.000006740848150075621f,0.382797501801133f,0f,0f,0f,1f],start_interpolation:0}
execute if entity @s[tag=aj.tultaria.bone.right_hand] run data modify entity @s {} merge value {transformation:[-0.5353981555987509f,0.2082520611950397f,-0.8185229953944319f,-0.4724485537808495f,0.4312022163460735f,0.9007037950783889f,-0.05288971686085708f,0.7185082902412028f,0.7262323757583999f,-0.38126598660174904f,-0.572033900971704f,0.16831851920401414f,0f,0f,0f,1f],start_interpolation:0}
execute if entity @s[tag=aj.tultaria.bone.right_arm] run data modify entity @s {} merge value {transformation:[-0.5353981555987509f,0.5271220238083723f,-0.6599175607586311f,-0.17918950968821698f,0.4312022163460735f,0.8424314213901763f,0.32306957280555093f,0.9373811111111111f,0.7262323757583999f,-0.11158706139464805f,-0.6783324141817324f,0.1254698454517913f,0f,0f,0f,1f],start_interpolation:0}
execute if entity @s[tag=aj.tultaria.bone.skirt] run data modify entity @s {} merge value {transformation:[-0.8191520442889919f,-0.1155296769950637f,-0.5618209875668421f,0.03584852727194037f,0f,0.9795050004860918f,-0.20141984515618433f,0.3905061111111111f,0.5735764363510459f,-0.1649934779200606f,-0.8023635235394722f,0.051197002768061994f,0f,0f,0f,1f],start_interpolation:0}
execute if entity @s[tag=aj.tultaria.bone.left_foot] run data modify entity @s {} merge value {transformation:[-0.8191520442889919f,-0.007407784070475862f,-0.573528598303808f,0.2231658626673196f,0f,0.999916596909834f,-0.01291507740032416f,-0.028474845957031036f,0.5735764363510459f,-0.010579412054626092f,-0.8190837244771825f,0.1007830324885798f,0f,0f,0f,1f],start_interpolation:0}
execute if entity @s[tag=aj.tultaria.bone.left_leg] run data modify entity @s {} merge value {transformation:[-0.8191520442889919f,-0.1155296769950637f,-0.5618209875668421f,0.10239400553612399f,0f,0.9795050004860918f,-0.20141984515618433f,0.3748811111111111f,0.5735764363510459f,-0.1649934779200606f,-0.8023635235394722f,-0.07169705454388074f,0f,0f,0f,1f],start_interpolation:0}
execute if entity @s[tag=aj.tultaria.bone.right_foot] run data modify entity @s {} merge value {transformation:[-0.8191520442889919f,-0.007407784070475709f,-0.5735285983038079f,0.09772054765906257f,0f,0.999916596909834f,-0.012915077400323993f,0.08280635649968249f,0.5735764363510459f,-0.010579412054625925f,-0.8190837244771823f,0.3574902548096754f,0f,0f,0f,1f],start_interpolation:0}
execute if entity @s[tag=aj.tultaria.bone.right_leg] run data modify entity @s {} merge value {transformation:[-0.8191520442889919f,-0.3217350878702029f,-0.4748436180157824f,-0.10239400553612399f,0f,0.8278645842507447f,-0.5609280079861778f,0.3748811111111111f,0.5735764363510459f,-0.4594853244408295f,-0.6781469665834539f,0.07169705454388074f,0f,0f,0f,1f],start_interpolation:0}
execute if entity @s[tag=aj.tultaria.bone.lower] run data modify entity @s {} merge value {transformation:[-0.8191520442889919f,0f,-0.5735764363510459f,0f,0f,1f,0f,0.4373811111111111f,0.5735764363510459f,0f,-0.8191520442889919f,0f,0f,0f,0f,1f],start_interpolation:0}