execute if entity @s[tag=aj.tultaria.bone.head] run data modify entity @s {} merge value {transformation:[-0.984807753012208f,0.03382753583654395f,-0.17032142386168897f,0f,6.938893903907228e-18f,0.9808419883816906f,0.19480501489297314f,1.1442866666666667f,0.1736481776669302f,0.1918454889922586f,-0.9659407946381992f,0f,0f,0f,0f,1f],start_interpolation:0}
execute if entity @s[tag=aj.tultaria.bone.bust] run data modify entity @s {} merge value {transformation:[-0.8191520442889919f,0f,-0.5735764363510459f,0.696364240320019f,0f,1f,0f,-0.011963333333333326f,0.5735764363510459f,0f,-0.8191520442889919f,0.12278780396897299f,0f,0f,0f,1f],start_interpolation:0}
execute if entity @s[tag=aj.tultaria.bone.left_wing] run data modify entity @s {} merge value {transformation:[-0.5106639444849135f,0.003640702072118921f,-0.8597726915246444f,-0.020500051775818706f,-0.04896341256621162f,0.9982450076278301f,0.033308992419231694f,1.0505366666666667f,0.8583850651269396f,0.059107106463906295f,-0.5095894719600124f,-0.13824253280806437f,0f,0f,0f,1f],start_interpolation:0}
execute if entity @s[tag=aj.tultaria.bone.right_wing] run data modify entity @s {} merge value {transformation:[-0.981275466976598f,0.05429731833562762f,-0.1847978872482559f,-0.1228940573119427f,0.04896341256621162f,0.9982450076278301f,0.033308992419231694f,1.0505366666666667f,0.1862821573305682f,0.023636961896000928f,-0.9822119180159629f,-0.06654547826418361f,0f,0f,0f,1f],start_interpolation:0}
execute if entity @s[tag=aj.tultaria.bone.body] run data modify entity @s {} merge value {transformation:[-0.8191520442889919f,0f,-0.5735764363510459f,0.696364240320019f,0f,1f,0f,-0.011963333333333326f,0.5735764363510459f,0f,-0.8191520442889919f,0.12278780396897299f,0f,0f,0f,1f],start_interpolation:0}
execute if entity @s[tag=aj.tultaria.bone.left_hand] run data modify entity @s {} merge value {transformation:[-0.9061248384016422f,-0.3718462588350817f,-0.2016634250972434f,0.2778493103710032f,-0.28593794900436487f,0.8897437278856264f,-0.35580273749279334f,0.7335047705020392f,0.3117326844441809f,-0.2647384718520181f,-0.9125438482454873f,-0.37290053284539704f,0f,0f,0f,1f],start_interpolation:0}
execute if entity @s[tag=aj.tultaria.bone.left_arm] run data modify entity @s {} merge value {transformation:[-0.9061248384016422f,-0.14796400530101136f,-0.3962883172222976f,0.17918950968821698f,-0.28593794900436487f,0.9046319234637167f,0.31603887793990393f,0.9880366666666667f,0.3117326844441809f,0.3996845458428666f,-0.8620179796637691f,-0.1254698454517913f,0f,0f,0f,1f],start_interpolation:0}
execute if entity @s[tag=aj.tultaria.bone.rod] run data modify entity @s {} merge value {transformation:[-0.000006028458503310574f,0.000004716005466457358f,-0.000006435602575843757f,-0.3012770149740656f,0.000002859379490043649f,0.00000880734351952016f,0.000003775532950602336f,0.44432621473152856f,0.000007448599667439524f,4.358813709148196e-7f,-0.000006657955423755048f,0.3612423575756625f,0f,0f,0f,1f],start_interpolation:0}
execute if entity @s[tag=aj.tultaria.bone.right_hand] run data modify entity @s {} merge value {transformation:[-0.6028458503310573f,-0.12159387769559082f,-0.7885377667845557f,-0.44544193995798165f,0.28593794900436487f,0.8897437278856264f,-0.35580273749279334f,0.7335047705020392f,0.7448599667439523f,-0.439967075580819f,-0.5016100102141705f,0.13355345295608412f,0f,0f,0f,1f],start_interpolation:0}
execute if entity @s[tag=aj.tultaria.bone.right_arm] run data modify entity @s {} merge value {transformation:[-0.6028458503310573f,0.4261872886708008f,-0.6744933474201625f,-0.17918950968821698f,0.28593794900436487f,0.9046319234637167f,0.31603887793990393f,0.9880366666666667f,0.7448599667439523f,-0.002340518269055153f,-0.6672167203513643f,0.1254698454517913f,0f,0f,0f,1f],start_interpolation:0}
execute if entity @s[tag=aj.tultaria.bone.skirt] run data modify entity @s {} merge value {transformation:[-0.8191520442889919f,-0.022218409760882f,-0.5731459418026643f,0.03584852727194037f,0f,0.9992494556590916f,-0.03873661530140626f,0.4411616666666667f,0.5735764363510459f,-0.031731177612983184f,-0.8185372343578072f,0.051197002768061994f,0f,0f,0f,1f],start_interpolation:0}
execute if entity @s[tag=aj.tultaria.bone.left_foot] run data modify entity @s {} merge value {transformation:[-0.8191520442889919f,0.17781601915754436f,-0.5453176979230817f,0.1837578025318429f,0f,0.9507323930394708f,0.3100127688103205f,-0.006792893271510114f,0.5735764363510459f,0.2539475933266647f,-0.7787943833300478f,0.04450248995652531f,0f,0f,0f,1f],start_interpolation:0}
execute if entity @s[tag=aj.tultaria.bone.left_leg] run data modify entity @s {} merge value {transformation:[-0.8191520442889919f,-0.022218409760882f,-0.5731459418026643f,0.10239400553612399f,0f,0.9992494556590916f,-0.03873661530140626f,0.4255366666666667f,0.5735764363510459f,-0.031731177612983184f,-0.8185372343578072f,-0.07169705454388074f,0f,0f,0f,1f],start_interpolation:0}
execute if entity @s[tag=aj.tultaria.bone.right_foot] run data modify entity @s {} merge value {transformation:[-0.8191520442889919f,0.17781601915754436f,-0.5453176979230816f,0.06767190114363542f,0f,0.9507323930394708f,0.31001276881032064f,0.08040120051975946f,0.5735764363510459f,0.25394759332666483f,-0.7787943833300479f,0.3145763401833697f,0f,0f,0f,1f],start_interpolation:0}
execute if entity @s[tag=aj.tultaria.bone.right_leg] run data modify entity @s {} merge value {transformation:[-0.8191520442889919f,-0.2398605902781934f,-0.5210151874643982f,-0.10239400553612399f,0f,0.9083622590547311f,-0.4181841775163015f,0.4255366666666667f,0.5735764363510459f,-0.34255642390178903f,-0.7440868014596499f,0.07169705454388074f,0f,0f,0f,1f],start_interpolation:0}
execute if entity @s[tag=aj.tultaria.bone.lower] run data modify entity @s {} merge value {transformation:[-0.8191520442889919f,0f,-0.5735764363510459f,0f,0f,1f,0f,0.4880366666666667f,0.5735764363510459f,0f,-0.8191520442889919f,0f,0f,0f,0f,1f],start_interpolation:0}