execute if entity @s[tag=aj.tultaria.bone.head] run data modify entity @s {} merge value {transformation:[-0.984807753012208f,0.059942625643258696f,-0.16297414285106065f,0f,-1.3877787807814457e-17f,0.9385306833663225f,0.34519582323652714f,1.057370625f,0.1736481776669302f,0.3399515230307637f,-0.9242722934190002f,0f,0f,0f,0f,1f],start_interpolation:0}
execute if entity @s[tag=aj.tultaria.bone.bust] run data modify entity @s {} merge value {transformation:[-0.8191520442889919f,0f,-0.5735764363510459f,0.696364240320019f,0f,1f,0f,-0.09887937499999999f,0.5735764363510459f,0f,-0.8191520442889919f,0.12278780396897299f,0f,0f,0f,1f],start_interpolation:0}
execute if entity @s[tag=aj.tultaria.bone.left_wing] run data modify entity @s {} merge value {transformation:[-0.2500533004857968f,0.08322591363494669f,-0.9646485340349553f,-0.020500051775818706f,-0.3443065131861158f,0.923534548321467f,0.16892886974784105f,0.963620625f,0.9049455076930207f,0.37437599463145654f,-0.20227763779006513f,-0.13824253280806437f,0f,0f,0f,1f],start_interpolation:0}
execute if entity @s[tag=aj.tultaria.bone.right_wing] run data modify entity @s {} merge value {transformation:[-0.9358938814636979f,0.32333342064473025f,0.139850426288203f,-0.1228940573119427f,0.3443065131861158f,0.923534548321467f,0.16892886974784105f,0.963620625f,-0.0745363509734227f,0.2062509082424654f,-0.9756561357531274f,-0.06654547826418361f,0f,0f,0f,1f],start_interpolation:0}
execute if entity @s[tag=aj.tultaria.bone.body] run data modify entity @s {} merge value {transformation:[-0.8191520442889919f,0f,-0.5735764363510459f,0.696364240320019f,0f,1f,0f,-0.09887937499999999f,0.5735764363510459f,0f,-0.8191520442889919f,0.12278780396897299f,0f,0f,0f,1f],start_interpolation:0}
execute if entity @s[tag=aj.tultaria.bone.left_hand] run data modify entity @s {} merge value {transformation:[-0.8247604253310237f,-0.45863797252389393f,-0.33078913368936536f,0.34661435644635735f,-0.5266973894156464f,0.8359550485575067f,0.1541720362905007f,0.7121028578738187f,0.2058156961714336f,0.30138076738635533f,-0.9310260642211257f,-0.39376705359724684f,0f,0f,0f,1f],start_interpolation:0}
execute if entity @s[tag=aj.tultaria.bone.left_arm] run data modify entity @s {} merge value {transformation:[-0.8247604253310237f,-0.37705400936852035f,-0.42142676092876763f,0.17918950968821698f,-0.5266973894156464f,0.783463112753878f,0.3298111746693056f,0.901120625f,0.2058156961714336f,0.4939795795102546f,-0.8447627325091586f,-0.1254698454517913f,0f,0f,0f,1f],start_interpolation:0}
execute if entity @s[tag=aj.tultaria.bone.rod] run data modify entity @s {} merge value {transformation:[-0.000004754881698152671f,0.000008498083426899268f,-0.0000022745720709691238f,-0.5583771301167071f,0.000005266973894156464f,0.0000048209339127179105f,0.0000070012557593249425f,0.379348210128441f,0.00000704628171696584f,0.0000021310031155928375f,-0.000006768215398942808f,0.39265607031489147f,0f,0f,0f,1f],start_interpolation:0}
execute if entity @s[tag=aj.tultaria.bone.right_hand] run data modify entity @s {} merge value {transformation:[-0.4754881698152671f,0.4400687082569689f,-0.7617417753929283f,-0.48856908644445973f,0.5266973894156464f,0.8359550485575067f,0.1541720362905007f,0.7121028578738187f,0.704628171696584f,-0.32790042513583184f,-0.6292697758889029f,0.1910346889028417f,0f,0f,0f,1f],start_interpolation:0}
execute if entity @s[tag=aj.tultaria.bone.right_arm] run data modify entity @s {} merge value {transformation:[-0.4754881698152671f,0.5931490320104517f,-0.6496808648796668f,-0.17918950968821698f,0.5266973894156464f,0.783463112753878f,0.3298111746693056f,0.901120625f,0.704628171696584f,-0.18536390365728825f,-0.6849374882954363f,0.1254698454517913f,0f,0f,0f,1f],start_interpolation:0}
execute if entity @s[tag=aj.tultaria.bone.skirt] run data modify entity @s {} merge value {transformation:[-0.8191520442889919f,-0.18056195335757563f,-0.5444146483489053f,0.03584852727194037f,0f,0.949157974153086f,-0.3148001589923515f,0.354245625f,0.5735764363510459f,-0.2578691937810844f,-0.7775046948806985f,0.051197002768061994f,0f,0f,0f,1f],start_interpolation:0}
execute if entity @s[tag=aj.tultaria.bone.left_foot] run data modify entity @s {} merge value {transformation:[-0.8191520442889919f,-0.14067827376673175f,-0.5560571478069299f,0.24944169117367648f,0f,0.9694560525261995f,-0.24526508561211616f,-0.037285968817931225f,0.5735764363510459f,-0.2009093962718796f,-0.7941319072751726f,0.138308804595431f,0f,0f,0f,1f],start_interpolation:0}
execute if entity @s[tag=aj.tultaria.bone.left_leg] run data modify entity @s {} merge value {transformation:[-0.8191520442889919f,-0.18056195335757563f,-0.5444146483489053f,0.10239400553612399f,0f,0.949157974153086f,-0.3148001589923515f,0.338620625f,0.5735764363510459f,-0.2578691937810844f,-0.7775046948806985f,-0.07169705454388074f,0f,0f,0f,1f],start_interpolation:0}
execute if entity @s[tag=aj.tultaria.bone.right_foot] run data modify entity @s {} merge value {transformation:[-0.8191520442889919f,-0.14067827376673164f,-0.5560571478069299f,0.11597116200813354f,0f,0.9694560525261996f,-0.2452650856121159f,0.08943669810289698f,0.5735764363510459f,-0.20090939627187931f,-0.7941319072751727f,0.3835548333141201f,0f,0f,0f,1f],start_interpolation:0}
execute if entity @s[tag=aj.tultaria.bone.right_leg] run data modify entity @s {} merge value {transformation:[-0.8191520442889919f,-0.37515595931731405f,-0.43387548274346094f,-0.10239400553612399f,0f,0.7564388200876442f,-0.6540644551299304f,0.338620625f,0.5735764363510459f,-0.5357782355164481f,-0.6196384058543467f,0.07169705454388074f,0f,0f,0f,1f],start_interpolation:0}
execute if entity @s[tag=aj.tultaria.bone.lower] run data modify entity @s {} merge value {transformation:[-0.8191520442889919f,0f,-0.5735764363510459f,0f,0f,1f,0f,0.401120625f,0.5735764363510459f,0f,-0.8191520442889919f,0f,0f,0f,0f,1f],start_interpolation:0}