execute if entity @s[tag=aj.tultaria.bone.head] run data modify entity @s {} merge value {transformation:[-0.984807753012208f,0.03932478731171181f,-0.16913678106767432f,0f,6.938893903907228e-18f,0.9740199024264505f,0.2264624244265875f,1.1262877777777778f,0.17364817766693014f,0.22302195134124464f,-0.9592223514977629f,0f,0f,0f,0f,1f],start_interpolation:0}
execute if entity @s[tag=aj.tultaria.bone.bust] run data modify entity @s {} merge value {transformation:[-0.8191520442889919f,0f,-0.5735764363510459f,0.696364240320019f,0f,1f,0f,-0.029962222222222223f,0.5735764363510459f,0f,-0.8191520442889919f,0.12278780396897299f,0f,0f,0f,1f],start_interpolation:0}
execute if entity @s[tag=aj.tultaria.bone.left_wing] run data modify entity @s {} merge value {transformation:[-0.46582156190155977f,0.012643640471121806f,-0.8847883423866005f,-0.020500051775818706f,-0.11970915425468368f,0.9898054003662734f,0.07716856739236289f,1.0325377777777778f,0.8767439710971612f,0.1418640467539197f,-0.4595591380697179f,-0.13824253280806437f,0f,0f,0f,1f],start_interpolation:0}
execute if entity @s[tag=aj.tultaria.bone.right_wing] run data modify entity @s {} merge value {transformation:[-0.9831901973242945f,0.12898421816339412f,-0.12922889518289993f,-0.1228940573119427f,0.11970915425468368f,0.9898054003662734f,0.07716856739236289f,1.0325377777777778f,0.1378649856672945f,0.060401497254118273f,-0.98860755856731f,-0.06654547826418361f,0f,0f,0f,1f],start_interpolation:0}
execute if entity @s[tag=aj.tultaria.bone.body] run data modify entity @s {} merge value {transformation:[-0.8191520442889919f,0f,-0.5735764363510459f,0.696364240320019f,0f,1f,0f,-0.029962222222222223f,0.5735764363510459f,0f,-0.8191520442889919f,0.12278780396897299f,0f,0f,0f,1f],start_interpolation:0}
execute if entity @s[tag=aj.tultaria.bone.left_hand] run data modify entity @s {} merge value {transformation:[-0.8940040323505766f,-0.39300936329529834f,-0.21517534827004098f,0.29326810336490877f,-0.33892803468058114f,0.9072792364274702f,-0.24894211065053962f,0.7273110459723313f,0.2930607060806141f,-0.14962629284257117f,-0.9443131869468525f,-0.37808020872257075f,0f,0f,0f,1f],start_interpolation:0}
execute if entity @s[tag=aj.tultaria.bone.left_arm] run data modify entity @s {} merge value {transformation:[-0.8940040323505766f,-0.19770438798637494f,-0.4020817890825723f,0.17918950968821698f,-0.33892803468058114f,0.885346898737821f,0.31825878810000086f,0.9700377777777778f,0.2930607060806141f,0.4208014304470167f,-0.8585112571686387f,-0.1254698454517913f,0f,0f,0f,1f],start_interpolation:0}
execute if entity @s[tag=aj.tultaria.bone.rod] run data modify entity @s {} merge value {transformation:[-0.000005811543702245314f,0.000005710482822530931f,-0.0000057979604802440675f,-0.35154195050742226f,0.0000033892803468058116f,0.000008175719550715055f,0.000004655146459437287f,0.41819909614334744f,0.000007398563274558699f,7.402673582124324e-7f,-0.000006686797866745821f,0.36959862954590017f,0f,0f,0f,1f],start_interpolation:0}
execute if entity @s[tag=aj.tultaria.bone.right_hand] run data modify entity @s {} merge value {transformation:[-0.5811543702245313f,-0.0061856044971275725f,-0.8137698300293108f,-0.4555827809475089f,0.33892803468058114f,0.9072792364274702f,-0.24894211065053962f,0.7273110459723313f,0.7398563274558698f,-0.4204832047116648f,-0.5251728184882771f,0.1462708254679912f,0f,0f,0f,1f],start_interpolation:0}
execute if entity @s[tag=aj.tultaria.bone.right_arm] run data modify entity @s {} merge value {transformation:[-0.5811543702245313f,0.46304288212242983f,-0.6692166220923401f,-0.17918950968821698f,0.33892803468058114f,0.885346898737821f,0.31825878810000086f,0.9700377777777778f,0.7398563274558698f,-0.04185878893465547f,-0.6714614333768073f,0.1254698454517913f,0f,0f,0f,1f],start_interpolation:0}
execute if entity @s[tag=aj.tultaria.bone.skirt] run data modify entity @s {} merge value {transformation:[-0.8191520442889919f,-0.055572717493385326f,-0.5708779216326078f,0.03584852727194037f,0f,0.9952952831612025f,-0.09688807623779921f,0.4231627777777778f,0.5735764363510459f,-0.07936606571742093f,-0.8152981658726901f,0.051197002768061994f,0f,0f,0f,1f],start_interpolation:0}
execute if entity @s[tag=aj.tultaria.bone.left_foot] run data modify entity @s {} merge value {transformation:[-0.8191520442889919f,0.1131753200892015f,-0.5622999868930038f,0.19806680964355605f,0f,0.9803401103263931f,0.19731514915291049f,-0.015792899075523448f,0.5735764363510459f,0.16163110779779397f,-0.8030476054723608f,0.06493786994157717f,0f,0f,0f,1f],start_interpolation:0}
execute if entity @s[tag=aj.tultaria.bone.left_leg] run data modify entity @s {} merge value {transformation:[-0.8191520442889919f,-0.055572717493385326f,-0.5708779216326078f,0.10239400553612399f,0f,0.9952952831612025f,-0.09688807623779921f,0.4075377777777778f,0.5735764363510459f,-0.07936606571742093f,-0.8152981658726901f,-0.07169705454388074f,0f,0f,0f,1f],start_interpolation:0}
execute if entity @s[tag=aj.tultaria.bone.right_foot] run data modify entity @s {} merge value {transformation:[-0.8191520442889919f,0.1131753200892015f,-0.5622999868930039f,0.07891646131108532f,0f,0.9803401103263933f,0.19731514915291054f,0.08026299628282235f,0.5735764363510459f,0.161631107797794f,-0.8030476054723609f,0.3306352363732051f,0f,0f,0f,1f],start_interpolation:0}
execute if entity @s[tag=aj.tultaria.bone.right_leg] run data modify entity @s {} merge value {transformation:[-0.8191520442889919f,-0.2698080187699857f,-0.5061556690827245f,-0.10239400553612399f,0f,0.8824554793477292f,-0.4703959257574088f,0.4075377777777778f,0.5735764363510459f,-0.3853257842093943f,-0.7228652099017147f,0.07169705454388074f,0f,0f,0f,1f],start_interpolation:0}
execute if entity @s[tag=aj.tultaria.bone.lower] run data modify entity @s {} merge value {transformation:[-0.8191520442889919f,0f,-0.5735764363510459f,0f,0f,1f,0f,0.4700377777777778f,0.5735764363510459f,0f,-0.8191520442889919f,0f,0f,0f,0f,1f],start_interpolation:0}