execute if entity @s[tag=aj.tultaria.bone.head] run data modify entity @s {} merge value {transformation:[-0.984807753012208f,0.030153689607045765f,-0.17101007166283427f,0f,0f,0.984807753012208f,0.17364817766693036f,1.2159866996123614f,0.1736481776669302f,0.17101007166283436f,-0.9698463103929542f,0f,0f,0f,0f,1f],start_interpolation:0}
execute if entity @s[tag=aj.tultaria.bone.bust] run data modify entity @s {} merge value {transformation:[-0.8191520442889919f,0f,-0.5735764363510459f,0.696364240320019f,0f,1f,0f,0.0597366996123615f,0.5735764363510459f,0f,-0.8191520442889919f,0.12278780396897299f,0f,0f,0f,1f],start_interpolation:0}
execute if entity @s[tag=aj.tultaria.bone.left_wing] run data modify entity @s {} merge value {transformation:[-0.4570979270586943f,0f,-0.8894163732912974f,-0.020500051775818706f,0f,1f,0f,1.1222366996123614f,0.8894163732912974f,0f,-0.4570979270586943f,-0.13824253280806437f,0f,0f,0f,1f],start_interpolation:0}
execute if entity @s[tag=aj.tultaria.bone.right_wing] run data modify entity @s {} merge value {transformation:[-0.9921147013144778f,0f,-0.12533323356430398f,-0.1228940573119427f,0f,1f,0f,1.1222366996123614f,0.12533323356430398f,0f,-0.9921147013144778f,-0.06654547826418361f,0f,0f,0f,1f],start_interpolation:0}
execute if entity @s[tag=aj.tultaria.bone.body] run data modify entity @s {} merge value {transformation:[-0.8191520442889919f,0f,-0.5735764363510459f,0.696364240320019f,0f,1f,0f,0.0597366996123615f,0.5735764363510459f,0f,-0.8191520442889919f,0.12278780396897299f,0f,0f,0f,1f],start_interpolation:0}
execute if entity @s[tag=aj.tultaria.bone.left_hand] run data modify entity @s {} merge value {transformation:[-0.8853425912577922f,-0.4041804792931125f,-0.2297969457223651f,0.2900010833079163f,-0.35181597218591887f,0.9055119407197437f,-0.2372206713776016f,0.8230111078140503f,0.30396384294816137f,-0.12917532803269033f,-0.9438854362727673f,-0.3851311187284688f,0f,0f,0f,1f],start_interpolation:0}
execute if entity @s[tag=aj.tultaria.bone.left_arm] run data modify entity @s {} merge value {transformation:[-0.8853425912577922f,-0.19590025213397527f,-0.4216533971389092f,0.17918950968821698f,-0.35181597218591887f,0.8751781290861868f,0.33209752194811476f,1.0597366996123614f,0.30396384294816137f,0.44236448047175614f,-0.8437533102732924f,-0.1254698454517913f,0f,0f,0f,1f],start_interpolation:0}
execute if entity @s[tag=aj.tultaria.bone.rod] run data modify entity @s {} merge value {transformation:[-0.000005884375801584233f,0.000005835184868073588f,-0.0000055968508092618445f,-0.36636499409811224f,0.000003518159721859189f,0.000008080339790970496f,0.000004725532883595943f,0.5130967139663466f,0.0000072798814274147065f,8.116196263422503e-7f,-0.00000680768683070237f,0.3671298101486148f,0f,0f,0f,1f],start_interpolation:0}
execute if entity @s[tag=aj.tultaria.bone.sword] run data modify entity @s {} merge value {transformation:[-0.000005884375801584233f,1.685276291734972e-7f,-0.000008083669950210429f,-0.42264587136967435f,0.000003518159721859189f,0.000009055119407197438f,-0.0000023722067137760165f,0.5129712441263314f,0.0000072798814274147065f,-0.000004239859780653305f,-0.000005387663263714699f,0.36462476806062316f,0f,0f,0f,1f],start_interpolation:0}
execute if entity @s[tag=aj.tultaria.bone.right_hand] run data modify entity @s {} merge value {transformation:[-0.5884375801584233f,0.016852762917349717f,-0.8083669950210429f,-0.46109108238173646f,0.35181597218591887f,0.9055119407197437f,-0.2372206713776016f,0.8230111078140503f,0.7279881427414706f,-0.42398597806533045f,-0.5387663263714698f,0.1407892775776822f,0f,0f,0f,1f],start_interpolation:0}
execute if entity @s[tag=aj.tultaria.bone.right_arm] run data modify entity @s {} merge value {transformation:[-0.5884375801584233f,0.4826884703094982f,-0.6486548041042908f,-0.17918950968821698f,0.35181597218591887f,0.8751781290861868f,0.33209752194811476f,1.0597366996123614f,0.7279881427414706f,-0.032788458327260295f,-0.6848052139319221f,0.1254698454517913f,0f,0f,0f,1f],start_interpolation:0}
execute if entity @s[tag=aj.tultaria.bone.skirt] run data modify entity @s {} merge value {transformation:[-0.8191520442889919f,-0.05975594066706461f,-0.5704552181303627f,0.03464163931919707f,0f,0.9945583220947157f,-0.10418130327531828f,0.5101801025153784f,0.5735764363510459f,-0.08534032755466842f,-0.814694482708516f,0.049473388143990576f,0f,0f,0f,1f],start_interpolation:0}
execute if entity @s[tag=aj.tultaria.bone.left_foot] run data modify entity @s {} merge value {transformation:[-0.8191520442889919f,0.09071574059599574f,-0.5663572924800081f,0.18925767450702563f,0f,0.9874138067509114f,0.15815806725448356f,0.06920349094599726f,0.5735764363510459f,0.1295555041123061f,-0.8088420383591847f,0.05235712115521936f,0f,0f,0f,1f],start_interpolation:0}
execute if entity @s[tag=aj.tultaria.bone.left_leg] run data modify entity @s {} merge value {transformation:[-0.8191520442889919f,-0.0386124539581886f,-0.5722752892939658f,0.10083031473857242f,0f,0.9977315193327018f,-0.06731875912447112f,0.4972961857634954f,0.5735764363510459f,-0.05514429915580874f,-0.8172938137129445f,-0.07393023643956502f,0f,0f,0f,1f],start_interpolation:0}
execute if entity @s[tag=aj.tultaria.bone.right_foot] run data modify entity @s {} merge value {transformation:[-0.8191520442889919f,0.270867516194363f,-0.5055894747795506f,0.0821406430474282f,0f,0.8814683497041618f,0.47224310314690804f,0.17829494665863682f,0.5735764363510459f,0.38683890334416704f,-0.7220566006362081f,0.3352398450933375f,0f,0f,0f,1f],start_interpolation:0}
execute if entity @s[tag=aj.tultaria.bone.right_leg] run data modify entity @s {} merge value {transformation:[-0.8191520442889919f,-0.2827910001005467f,-0.49901821469691665f,-0.10395769633367556f,0f,0.8700117073699006f,-0.4930310629557839f,0.4972961857634954f,0.5735764363510459f,-0.40386740311820507f,-0.7126718686474104f,0.06946387264819646f,0f,0f,0f,1f],start_interpolation:0}
execute if entity @s[tag=aj.tultaria.bone.lower] run data modify entity @s {} merge value {transformation:[-0.8191520442889919f,0.02501905276082526f,-0.5730305186777721f,0f,0f,0.9990482215818578f,0.043619387365336f,0.5597366996123615f,0.5735764363510459f,0.03573091033094841f,-0.8183723930520606f,0f,0f,0f,0f,1f],start_interpolation:0}