execute if entity @s[tag=aj.tultaria.bone.head] run data modify entity @s {} merge value {transformation:[-0.9848077530122081f,0.04582107426190181f,-0.1674936379703152f,0f,0f,0.9645574184577981f,0.2638730499653729f,1.10484f,0.17364817766693008f,0.25986422541687704f,-0.9499036239226801f,0f,0f,0f,0f,1f],start_interpolation:0}
execute if entity @s[tag=aj.tultaria.bone.bust] run data modify entity @s {} merge value {transformation:[-0.8191520442889919f,0f,-0.5735764363510459f,0.696364240320019f,0f,1f,0f,-0.05141000000000001f,0.5735764363510459f,0f,-0.8191520442889919f,0.12278780396897299f,0f,0f,0f,1f],start_interpolation:0}
execute if entity @s[tag=aj.tultaria.bone.left_wing] run data modify entity @s {} merge value {transformation:[-0.4054927586540928f,0.028901877483314686f,-0.9136412338314385f,-0.020500051775818706f,-0.1983498760379361f,0.9729038534880844f,0.11880832691260071f,1.01109f,0.8923188608086399f,0.22939654170448057f,-0.38877278364000156f,-0.13824253280806437f,0f,0f,0f,1f],start_interpolation:0}
execute if entity @s[tag=aj.tultaria.bone.right_wing] run data modify entity @s {} merge value {transformation:[-0.9771921403223607f,0.20567721319428303f,-0.052843210205636204f,-0.1228940573119427f,0.1983498760379361f,0.9729038534880844f,0.11880832691260071f,1.01109f,0.07584752842340342f,0.10561711907010848f,-0.9915100486588079f,-0.06654547826418361f,0f,0f,0f,1f],start_interpolation:0}
execute if entity @s[tag=aj.tultaria.bone.body] run data modify entity @s {} merge value {transformation:[-0.8191520442889919f,0f,-0.5735764363510459f,0.696364240320019f,0f,1f,0f,-0.05141000000000001f,0.5735764363510459f,0f,-0.8191520442889919f,0.12278780396897299f,0f,0f,0f,1f],start_interpolation:0}
execute if entity @s[tag=aj.tultaria.bone.left_hand] run data modify entity @s {} merge value {transformation:[-0.8762338764724701f,-0.417623856973638f,-0.24042568042638557f,0.3108935295602011f,-0.4001429471753562f,0.9085769347467688f,-0.11988984724315027f,0.7211886832831058f,0.26851408817387634f,-0.008846905257103632f,-0.9632351305468065f,-0.3837040023810844f,0f,0f,0f,1f],start_interpolation:0}
execute if entity @s[tag=aj.tultaria.bone.left_arm] run data modify entity @s {} merge value {transformation:[-0.8762338764724701f,-0.25558181783335626f,-0.40852432989361265f,0.17918950968821698f,-0.4001429471753562f,0.8582865951599772f,0.3212938567643546f,0.94859f,0.26851408817387634f,0.44499669095588856f,-0.8543290522336585f,-0.1254698454517913f,0f,0f,0f,1f],start_interpolation:0}
execute if entity @s[tag=aj.tultaria.bone.rod] run data modify entity @s {} merge value {transformation:[-0.000005520103432519691f,0.000006770101375656603f,-0.0000048676673528104735f,-0.4144772542572728f,0.000004001429471753562f,0.000007272358357701784f,0.000005576859878080767f,0.3954585636584613f,0.000007315532808816208f,0.000001130721575144652f,-0.0000067234253504174565f,0.37863031825741333f,0f,0f,0f,1f],start_interpolation:0}
execute if entity @s[tag=aj.tultaria.bone.right_hand] run data modify entity @s {} merge value {transformation:[-0.5520103432519691f,0.13452239983145015f,-0.8229145185779814f,-0.4668956691427266f,0.4001429471753562f,0.9085769347467688f,-0.11988984724315027f,0.7211886832831058f,0.7315532808816207f,-0.39546387646630043f,-0.555372055150044f,0.1609098576887952f,0f,0f,0f,1f],start_interpolation:0}
execute if entity @s[tag=aj.tultaria.bone.right_arm] run data modify entity @s {} merge value {transformation:[-0.5520103432519691f,0.5055742367321954f,-0.6630831562447513f,-0.17918950968821698f,0.4001429471753562f,0.8582865951599772f,0.3212938567643546f,0.94859f,0.7315532808816207f,-0.08797051620487159f,-0.6760850431047748f,0.1254698454517913f,0f,0f,0f,1f],start_interpolation:0}
execute if entity @s[tag=aj.tultaria.bone.skirt] run data modify entity @s {} merge value {transformation:[-0.8191520442889919f,-0.09506233470639211f,-0.565643952374049f,0.03584852727194037f,0f,0.9861701362289889f,-0.16573612282811967f,0.401715f,0.5735764363510459f,-0.1357630838271857f,-0.8078232831087299f,0.051197002768061994f,0f,0f,0f,1f],start_interpolation:0}
execute if entity @s[tag=aj.tultaria.bone.left_foot] run data modify entity @s {} merge value {transformation:[-0.8191520442889919f,0.03421659986413231f,-0.5725549341599488f,0.21468927101692664f,0f,0.9982190652782117f,0.059654821390170754f,-0.024642419246667713f,0.5735764363510459f,0.04886636889345303f,-0.8176931879708939f,0.08867720501910421f,0f,0f,0f,1f],start_interpolation:0}
execute if entity @s[tag=aj.tultaria.bone.left_leg] run data modify entity @s {} merge value {transformation:[-0.8191520442889919f,-0.09506233470639211f,-0.565643952374049f,0.10239400553612399f,0f,0.9861701362289889f,-0.16573612282811967f,0.38609f,0.5735764363510459f,-0.1357630838271857f,-0.8078232831087299f,-0.07169705454388074f,0f,0f,0f,1f],start_interpolation:0}
execute if entity @s[tag=aj.tultaria.bone.right_foot] run data modify entity @s {} merge value {transformation:[-0.8191520442889919f,0.034216599864132335f,-0.5725549341599487f,0.09150831829383782f,0f,0.9982190652782117f,0.05965482139017081f,0.08154480100111783f,0.5735764363510459f,0.04886636889345314f,-0.8176931879708939f,0.3486182718243048f,0f,0f,0f,1f],start_interpolation:0}
execute if entity @s[tag=aj.tultaria.bone.right_leg] run data modify entity @s {} merge value {transformation:[-0.8191520442889919f,-0.3042887145390294f,-0.4862080897530917f,-0.10239400553612399f,0f,0.8476779360850832f,-0.5305111843067339f,0.38609f,0.5735764363510459f,-0.43456932114303526f,-0.6943771142427694f,0.07169705454388074f,0f,0f,0f,1f],start_interpolation:0}
execute if entity @s[tag=aj.tultaria.bone.lower] run data modify entity @s {} merge value {transformation:[-0.8191520442889919f,0f,-0.5735764363510459f,0f,0f,1f,0f,0.44859f,0.5735764363510459f,0f,-0.8191520442889919f,0f,0f,0f,0f,1f],start_interpolation:0}