execute if entity @s[tag=aj.tultaria.bone.head] run data modify entity @s {} merge value {transformation:[-0.984807753012208f,0.040887230128174246f,-0.16876588523600222f,0f,0f,0.9718839984586964f,0.23546017399963126f,1.121148125f,0.17364817766693014f,0.2318830048804404f,-0.9571188967106292f,0f,0f,0f,0f,1f],start_interpolation:0}
execute if entity @s[tag=aj.tultaria.bone.bust] run data modify entity @s {} merge value {transformation:[-0.8191520442889919f,0f,-0.5735764363510459f,0.696364240320019f,0f,1f,0f,-0.035101875000000005f,0.5735764363510459f,0f,-0.8191520442889919f,0.12278780396897299f,0f,0f,0f,1f],start_interpolation:0}
execute if entity @s[tag=aj.tultaria.bone.left_wing] run data modify entity @s {} merge value {transformation:[-0.4520190747429486f,0.015999649180380757f,-0.89186476962297f,-0.020500051775818706f,-0.13916145827198417f,0.9863318265335815f,0.0882248065939712f,1.027398125f,0.8810861731976865f,0.16399249736812216f,-0.44361426510745017f,-0.13824253280806437f,0f,0f,0f,1f],start_interpolation:0}
execute if entity @s[tag=aj.tultaria.bone.right_wing] run data modify entity @s {} merge value {transformation:[-0.9825498039598801f,0.1486303373352426f,-0.11182533506327141f,-0.1228940573119427f,0.13916145827198417f,0.9863318265335815f,0.0882248065939712f,1.027398125f,0.12340976975108481f,0.07112348972414667f,-0.9898037572869904f,-0.06654547826418361f,0f,0f,0f,1f],start_interpolation:0}
execute if entity @s[tag=aj.tultaria.bone.body] run data modify entity @s {} merge value {transformation:[-0.8191520442889919f,0f,-0.5735764363510459f,0.696364240320019f,0f,1f,0f,-0.035101875000000005f,0.5735764363510459f,0f,-0.8191520442889919f,0.12278780396897299f,0f,0f,0f,1f],start_interpolation:0}
execute if entity @s[tag=aj.tultaria.bone.left_hand] run data modify entity @s {} merge value {transformation:[-0.8900707953680838f,-0.399043300667663f,-0.22031437407732615f,0.2975687208267107f,-0.3537987965381956f,0.9095465035081569f,-0.2180632236857254f,0.7257218053504305f,0.287402837148403f,-0.11614474653785806f,-0.9507418193446133f,-0.3794840930622648f,0f,0f,0f,1f],start_interpolation:0}
execute if entity @s[tag=aj.tultaria.bone.left_arm] run data modify entity @s {} merge value {transformation:[-0.8900707953680838f,-0.2117207332092346f,-0.4036685649913442f,0.17918950968821698f,-0.3537987965381956f,0.8792612804602922f,0.31894515555413583f,0.9648981249999999f,0.287402837148403f,0.4267012207771049f,-0.8575113278472635f,-0.1254698454517913f,0f,0f,0f,1f],start_interpolation:0}
execute if entity @s[tag=aj.tultaria.bone.rod] run data modify entity @s {} merge value {transformation:[-0.000005744924662630727f,0.00000597783549972679f,-0.0000055911826440301f,-0.3663689408471822f,0.0000035379879653819565f,0.000007973404846307072f,0.0000048895251623955635f,0.41189976949558726f,0.000007380953988307318f,8.308416787168829e-7f,-0.000006695612020375527f,0.37187021580085144f,0f,0f,0f,1f],start_interpolation:0}
execute if entity @s[tag=aj.tultaria.bone.right_hand] run data modify entity @s {} merge value {transformation:[-0.5744924662630726f,0.027340485622827315f,-0.81805311811207f,-0.45837289850263074f,0.3537987965381956f,0.9095465035081569f,-0.2180632236857254f,0.7257218053504305f,0.7380953988307317f,-0.4147018878688572f,-0.5322006448914817f,0.14983192723859473f,0f,0f,0f,1f],start_interpolation:0}
execute if entity @s[tag=aj.tultaria.bone.right_arm] run data modify entity @s {} merge value {transformation:[-0.5744924662630726f,0.4733807439618223f,-0.6677342865639925f,-0.17918950968821698f,0.3537987965381956f,0.8792612804602922f,0.31894515555413583f,0.9648981249999999f,0.7380953988307317f,-0.053011997976676384f,-0.6726105190193088f,0.1254698454517913f,0f,0f,0f,1f],start_interpolation:0}
execute if entity @s[tag=aj.tultaria.bone.skirt] run data modify entity @s {} merge value {transformation:[-0.8191520442889919f,-0.0650674577044807f,-0.5698738055789554f,0.03584852727194037f,0f,0.9935446602450307f,-0.11344165063408825f,0.418023125f,0.5735764363510459f,-0.092925960024431f,-0.8138641395321289f,0.051197002768061994f,0f,0f,0f,1f],start_interpolation:0}
execute if entity @s[tag=aj.tultaria.bone.left_foot] run data modify entity @s {} merge value {transformation:[-0.8191520442889919f,0.09439588530941893f,-0.5657555524904873f,0.20209524397920373f,0f,0.9863647050943842f,0.16457420376252316f,-0.018097457527939897f,0.5735764363510459f,0.13481129544930398f,-0.8079826645925735f,0.07069107040832394f,0f,0f,0f,1f],start_interpolation:0}
execute if entity @s[tag=aj.tultaria.bone.left_leg] run data modify entity @s {} merge value {transformation:[-0.8191520442889919f,-0.0650674577044807f,-0.5698738055789554f,0.10239400553612399f,0f,0.9935446602450307f,-0.11344165063408825f,0.402398125f,0.5735764363510459f,-0.092925960024431f,-0.8138641395321289f,-0.07169705454388074f,0f,0f,0f,1f],start_interpolation:0}
execute if entity @s[tag=aj.tultaria.bone.right_foot] run data modify entity @s {} merge value {transformation:[-0.8191520442889919f,0.09439588530941903f,-0.5657555524904873f,0.08201595124234806f,0f,0.9863647050943842f,0.16457420376252335f,0.08043035299389134f,0.5735764363510459f,0.1348112954493041f,-0.8079826645925735f,0.33506176674045524f,0f,0f,0f,1f],start_interpolation:0}
execute if entity @s[tag=aj.tultaria.bone.right_leg] run data modify entity @s {} merge value {transformation:[-0.8191520442889919f,-0.278195756339624f,-0.5015945070390923f,-0.10239400553612399f,0f,0.87450333599845f,-0.4850194999457054f,0.402398125f,0.5735764363510459f,-0.3973047149005492f,-0.7163511954206735f,0.07169705454388074f,0f,0f,0f,1f],start_interpolation:0}
execute if entity @s[tag=aj.tultaria.bone.lower] run data modify entity @s {} merge value {transformation:[-0.8191520442889919f,0f,-0.5735764363510459f,0f,0f,1f,0f,0.464898125f,0.5735764363510459f,0f,-0.8191520442889919f,0f,0f,0f,0f,1f],start_interpolation:0}