execute if entity @s[tag=aj.tultaria.bone.head] run data modify entity @s {} merge value {transformation:[-0.984807753012208f,0.030153689607045765f,-0.17101007166283427f,0f,0f,0.984807753012208f,0.17364817766693036f,1.2044248020856916f,0.1736481776669302f,0.17101007166283436f,-0.9698463103929542f,0f,0f,0f,0f,1f],start_interpolation:0}
execute if entity @s[tag=aj.tultaria.bone.bust] run data modify entity @s {} merge value {transformation:[-0.8191520442889919f,0f,-0.5735764363510459f,0.696364240320019f,0f,1f,0f,0.04817480208569147f,0.5735764363510459f,0f,-0.8191520442889919f,0.12278780396897299f,0f,0f,0f,1f],start_interpolation:0}
execute if entity @s[tag=aj.tultaria.bone.left_wing] run data modify entity @s {} merge value {transformation:[-0.35999680812005147f,0f,-0.9329535348254889f,-0.020500051775818706f,0f,1f,0f,1.1106748020856916f,0.9329535348254889f,0f,-0.35999680812005147f,-0.13824253280806437f,0f,0f,0f,1f],start_interpolation:0}
execute if entity @s[tag=aj.tultaria.bone.right_wing] run data modify entity @s {} merge value {transformation:[-0.9998157121216442f,0f,-0.019197442399689513f,-0.1228940573119427f,0f,1f,0f,1.1106748020856916f,0.019197442399689513f,0f,-0.9998157121216442f,-0.06654547826418361f,0f,0f,0f,1f],start_interpolation:0}
execute if entity @s[tag=aj.tultaria.bone.body] run data modify entity @s {} merge value {transformation:[-0.8191520442889919f,0f,-0.5735764363510459f,0.696364240320019f,0f,1f,0f,0.04817480208569147f,0.5735764363510459f,0f,-0.8191520442889919f,0.12278780396897299f,0f,0f,0f,1f],start_interpolation:0}
execute if entity @s[tag=aj.tultaria.bone.left_hand] run data modify entity @s {} merge value {transformation:[-0.842618330196119f,-0.448372322034028f,-0.2982559478892552f,0.31310756005872253f,-0.46356450143657374f,0.8857904857777957f,-0.0219810899046749f,0.8439198013905991f,0.2740479932883382f,0.11973920051240738f,-0.9542327919513584f,-0.40131044793085074f,0f,0f,0f,1f],start_interpolation:0}
execute if entity @s[tag=aj.tultaria.bone.left_arm] run data modify entity @s {} merge value {transformation:[-0.842618330196119f,-0.2844763456817517f,-0.45723906041048235f,0.17918950968821698f,-0.46356450143657374f,0.81527163678245f,0.3470448260180892f,1.0481748020856916f,0.2740479932883382f,0.5043861288790776f,-0.8188359605983444f,-0.1254698454517913f,0f,0f,0f,1f],start_interpolation:0}
execute if entity @s[tag=aj.tultaria.bone.rod] run data modify entity @s {} merge value {transformation:[-0.000005457133190967501f,0.00000749919537095822f,-0.000003739219988746274f,-0.4845644661191869f,0.000004635645014365738f,0.0000064189143693347224f,0.000006108054814745388f,0.51449600546201f,0.0000069807229308164744f,0.0000015998772163347538f,-0.0000069792478288011825f,0.37544017942800023f,0f,0f,0f,1f],start_interpolation:0}
execute if entity @s[tag=aj.tultaria.bone.sword] run data modify entity @s {} merge value {transformation:[-0.000005457133190967501f,0.0000026587040898565468f,-0.0000079467597106381f,-0.5388684434845765f,0.000004635645014365738f,0.000008857904857777958f,-2.19810899046749e-7f,0.5279520325426214f,0.0000069807229308164744f,-0.0000038037894385906436f,-0.000006066357496062966f,0.3688188878240067f,0f,0f,0f,1f],start_interpolation:0}
execute if entity @s[tag=aj.tultaria.bone.right_hand] run data modify entity @s {} merge value {transformation:[-0.54571331909675f,0.26587040898565467f,-0.7946759710638099f,-0.4841975591325427f,0.46356450143657374f,0.8857904857777957f,-0.0219810899046749f,0.8439198013905991f,0.6980722930816474f,-0.38037894385906434f,-0.6066357496062965f,0.15696860678006413f,0f,0f,0f,1f],start_interpolation:0}
execute if entity @s[tag=aj.tultaria.bone.right_arm] run data modify entity @s {} merge value {transformation:[-0.54571331909675f,0.5712645638572746f,-0.6130691408327176f,-0.17918950968821698f,0.46356450143657374f,0.81527163678245f,0.3470448260180892f,1.0481748020856916f,0.6980722930816474f,-0.0948101067345817f,-0.70972256360687f,0.1254698454517913f,0f,0f,0f,1f],start_interpolation:0}
execute if entity @s[tag=aj.tultaria.bone.skirt] run data modify entity @s {} merge value {transformation:[-0.8191520442889919f,-0.15559549410122414f,-0.5520688096175707f,0.03464163931919707f,0f,0.9625025970901078f,-0.27127246560386076f,0.4986182049887084f,0.5735764363510459f,-0.22221339475871774f,-0.7884359700398256f,0.049473388143990576f,0f,0f,0f,1f],start_interpolation:0}
execute if entity @s[tag=aj.tultaria.bone.left_foot] run data modify entity @s {} merge value {transformation:[-0.8191520442889919f,-0.0917040818758553f,-0.5661981011134459f,0.2198219456704692f,0f,0.987136265072988f,-0.1598811876918348f,0.08077326134625101f,0.5735764363510459f,-0.13096700174111847f,-0.8086146895263383f,0.09600742409481673f,0f,0f,0f,1f],start_interpolation:0}
execute if entity @s[tag=aj.tultaria.bone.left_leg] run data modify entity @s {} merge value {transformation:[-0.8191520442889919f,-0.11121183734139348f,-0.562691616760297f,0.10083031473857242f,0f,0.981022896163595f,-0.19389192144798728f,0.48573428823682535f,0.5735764363510459f,-0.15882696382523942f,-0.8036069108867162f,-0.07393023643956502f,0f,0f,0f,1f],start_interpolation:0}
execute if entity @s[tag=aj.tultaria.bone.right_foot] run data modify entity @s {} merge value {transformation:[-0.8191520442889919f,0.30258967775146006f,-0.4872672934390663f,0.11358380454261084f,0f,0.8495246013573055f,0.5275490040638038f,0.23437005992600984f,0.5735764363510459f,0.4321428451414865f,-0.6958898138756279f,0.38014533350835295f,0f,0f,0f,1f],start_interpolation:0}
execute if entity @s[tag=aj.tultaria.bone.right_leg] run data modify entity @s {} merge value {transformation:[-0.8191520442889919f,-0.3726603198589308f,-0.4360208875040334f,-0.10395769633367556f,0f,0.7601792191427744f,-0.6497134405131864f,0.48573428823682535f,0.5735764363510459f,-0.532214092998411f,-0.6227023613868132f,0.06946387264819646f,0f,0f,0f,1f],start_interpolation:0}
execute if entity @s[tag=aj.tultaria.bone.lower] run data modify entity @s {} merge value {transformation:[-0.8191520442889919f,0.02501905276082526f,-0.5730305186777721f,0f,0f,0.9990482215818578f,0.043619387365336f,0.5481748020856915f,0.5735764363510459f,0.03573091033094841f,-0.8183723930520606f,0f,0f,0f,0f,1f],start_interpolation:0}