execute if entity @s[tag=aj.tultaria.bone.head] run data modify entity @s {} merge value {transformation:[-0.984807753012208f,0.030153689607045765f,-0.17101007166283427f,0f,0f,0.984807753012208f,0.17364817766693036f,1.1502396152095673f,0.1736481776669302f,0.17101007166283436f,-0.9698463103929542f,0f,0f,0f,0f,1f],start_interpolation:0}
execute if entity @s[tag=aj.tultaria.bone.bust] run data modify entity @s {} merge value {transformation:[-0.8191520442889919f,0f,-0.5735764363510459f,0.696364240320019f,0f,1f,0f,-0.006010384790432699f,0.5735764363510459f,0f,-0.8191520442889919f,0.12278780396897299f,0f,0f,0f,1f],start_interpolation:0}
execute if entity @s[tag=aj.tultaria.bone.left_wing] run data modify entity @s {} merge value {transformation:[-0.3871580118200009f,0f,-0.9220133805339183f,-0.020500051775818706f,0f,1f,0f,1.0564896152095673f,0.9220133805339183f,0f,-0.3871580118200009f,-0.13824253280806437f,0f,0f,0f,1f],start_interpolation:0}
execute if entity @s[tag=aj.tultaria.bone.right_wing] run data modify entity @s {} merge value {transformation:[-0.9988250086459505f,0f,-0.048462378227002834f,-0.1228940573119427f,0f,1f,0f,1.0564896152095673f,0.048462378227002834f,0f,-0.9988250086459505f,-0.06654547826418361f,0f,0f,0f,1f],start_interpolation:0}
execute if entity @s[tag=aj.tultaria.bone.body] run data modify entity @s {} merge value {transformation:[-0.8191520442889919f,0f,-0.5735764363510459f,0.696364240320019f,0f,1f,0f,-0.006010384790432699f,0.5735764363510459f,0f,-0.8191520442889919f,0.12278780396897299f,0f,0f,0f,1f],start_interpolation:0}
execute if entity @s[tag=aj.tultaria.bone.left_hand] run data modify entity @s {} merge value {transformation:[-0.8555304988580323f,-0.4378280289349043f,-0.2763587932429563f,0.3070939277452166f,-0.4335067189729878f,0.8975911226134673f,-0.0800131314895906f,0.7804483014494712f,0.28308919112004505f,0.05134971941960553f,-0.9577179731980215f,-0.39709965725291235f,0f,0f,0f,1f],start_interpolation:0}
execute if entity @s[tag=aj.tultaria.bone.left_arm] run data modify entity @s {} merge value {transformation:[-0.8555304988580323f,-0.26074991519908547f,-0.44729972864668294f,0.17918950968821698f,-0.4335067189729878f,0.8331190020286579f,0.3434889416910654f,0.9939896152095673f,0.28308919112004505f,0.48777270340030604f,-0.825795555624124f,-0.1254698454517913f,0f,0f,0f,1f],start_interpolation:0}
execute if entity @s[tag=aj.tultaria.bone.rod] run data modify entity @s {} merge value {transformation:[-0.000005586254877586635f,0.000007095386598304792f,-0.000004295258486195715f,-0.4517535061621707f,0.000004335067189729879f,0.0000069127059739308895f,0.000005781149416725683f,0.45385327190561975f,0.0000070711349091335435f,0.0000013674739992325095f,-0.000006937511510495388f,0.37386213433483684f,0f,0f,0f,1f],start_interpolation:0}
execute if entity @s[tag=aj.tultaria.bone.sword] run data modify entity @s {} merge value {transformation:[-0.000005586254877586635f,0.0000019799895762634124f,-0.000008054402381339523f,-0.506965563817158f,0.000004335067189729879f,0.000008975911226134673f,-8.001313148959061e-7f,0.46364974133495107f,0.0000070711349091335435f,-0.000003938611295677422f,-0.000005872511571584613f,0.3684320329340762f,0f,0f,0f,1f],start_interpolation:0}
execute if entity @s[tag=aj.tultaria.bone.right_hand] run data modify entity @s {} merge value {transformation:[-0.5586254877586634f,0.19799895762634123f,-0.8054402381339523f,-0.47818392681903676f,0.4335067189729878f,0.8975911226134673f,-0.0800131314895906f,0.7804483014494712f,0.7071134909133543f,-0.3938611295677422f,-0.5872511571584612f,0.1527578161021258f,0f,0f,0f,1f],start_interpolation:0}
execute if entity @s[tag=aj.tultaria.bone.right_arm] run data modify entity @s {} merge value {transformation:[-0.5586254877586634f,0.5475381333746083f,-0.623008472596517f,-0.17918950968821698f,0.4335067189729878f,0.8331190020286579f,0.3434889416910654f,0.9939896152095673f,0.7071134909133543f,-0.0781966812558102f,-0.7027629685810904f,0.1254698454517913f,0f,0f,0f,1f],start_interpolation:0}
execute if entity @s[tag=aj.tultaria.bone.skirt] run data modify entity @s {} merge value {transformation:[-0.8191520442889919f,-0.1295684645450681f,-0.5587503389999857f,0.03464163931919707f,0f,0.9741514880817275f,-0.22589572432464486f,0.44443301811258423f,0.5735764363510459f,-0.18504294437667537f,-0.7979781829093106f,0.049473388143990576f,0f,0f,0f,1f],start_interpolation:0}
execute if entity @s[tag=aj.tultaria.bone.left_foot] run data modify entity @s {} merge value {transformation:[-0.8191520442889919f,-0.04167489991957367f,-0.5720604260511812f,0.21158815054073773f,0f,0.9973569167005722f,-0.07265797072261065f,0.019549722880290388f,0.5735764363510459f,-0.05951792525131622f,-0.8169869572010396f,0.08424834599236784f,0f,0f,0f,1f],start_interpolation:0}
execute if entity @s[tag=aj.tultaria.bone.left_leg] run data modify entity @s {} merge value {transformation:[-0.8191520442889919f,-0.09137466567241587f,-0.566251356563867f,0.10083031473857242f,0f,0.987229113117374f,-0.15930686806752262f,0.4315491013607012f,0.5735764363510459f,-0.13049654664678786f,-0.8086907461917054f,-0.07393023643956502f,0f,0f,0f,1f],start_interpolation:0}
execute if entity @s[tag=aj.tultaria.bone.right_foot] run data modify entity @s {} merge value {transformation:[-0.8191520442889919f,0.2939823010872398f,-0.4925082080378123f,0.10568580620722672f,0f,0.8586618571206133f,0.5125425007998652f,0.16055219360937584f,0.5735764363510459f,0.4198502373152019f,-0.7033746156133327f,0.3688658229284216f,0f,0f,0f,1f],start_interpolation:0}
execute if entity @s[tag=aj.tultaria.bone.right_leg] run data modify entity @s {} merge value {transformation:[-0.8191520442889919f,-0.34917121103879223f,-0.4550487816914454f,-0.10395769633367556f,0f,0.7933533402912353f,-0.6087614290087207f,0.4315491013607012f,0.5735764363510459f,-0.4986681690567816f,-0.6498770105430657f,0.06946387264819646f,0f,0f,0f,1f],start_interpolation:0}
execute if entity @s[tag=aj.tultaria.bone.lower] run data modify entity @s {} merge value {transformation:[-0.8191520442889919f,0.02501905276082526f,-0.5730305186777721f,0f,0f,0.9990482215818578f,0.043619387365336f,0.4939896152095673f,0.5735764363510459f,0.03573091033094841f,-0.8183723930520606f,0f,0f,0f,0f,1f],start_interpolation:0}