execute if entity @s[tag=aj.tultaria.bone.head] run data modify entity @s {} merge value {transformation:[-0.984807753012208f,0.06425864626418315f,-0.1613211579035445f,0f,-1.3877787807814457e-17f,0.9290115224414862f,0.37005079539294605f,1.042578125f,0.17364817766693014f,0.3644288923113076f,-0.9148977499380506f,0f,0f,0f,0f,1f],start_interpolation:0}
execute if entity @s[tag=aj.tultaria.bone.bust] run data modify entity @s {} merge value {transformation:[-0.8191520442889919f,0f,-0.5735764363510459f,0.696364240320019f,0f,1f,0f,-0.11367187500000003f,0.5735764363510459f,0f,-0.8191520442889919f,0.12278780396897299f,0f,0f,0f,1f],start_interpolation:0}
execute if entity @s[tag=aj.tultaria.bone.left_wing] run data modify entity @s {} merge value {transformation:[-0.19694585195558806f,0.10377008676809182f,-0.974907226606527f,-0.020500051775818706f,-0.3804821753897781f,0.9083577782154494f,0.17354959223851424f,0.9488281249999999f,0.9035738185716482f,0.40511469468242584f,-0.13941462815721722f,-0.13824253280806437f,0f,0f,0f,1f],start_interpolation:0}
execute if entity @s[tag=aj.tultaria.bone.right_wing] run data modify entity @s {} merge value {transformation:[-0.9164410981603692f,0.34519182921567193f,0.20243101206424663f,-0.1228940573119427f,0.3804821753897781f,0.9083577782154494f,0.17354959223851424f,0.9488281249999999f,-0.12397188315613722f,0.2360693707329073f,-0.963795737897035f,-0.06654547826418361f,0f,0f,0f,1f],start_interpolation:0}
execute if entity @s[tag=aj.tultaria.bone.body] run data modify entity @s {} merge value {transformation:[-0.8191520442889919f,0f,-0.5735764363510459f,0.696364240320019f,0f,1f,0f,-0.11367187500000003f,0.5735764363510459f,0f,-0.8191520442889919f,0.12278780396897299f,0f,0f,0f,1f],start_interpolation:0}
execute if entity @s[tag=aj.tultaria.bone.left_hand] run data modify entity @s {} merge value {transformation:[-0.8055242318886966f,-0.464696271543644f,-0.36767932638858164f,0.35672153105451365f,-0.5632457340011636f,0.7932042590744148f,0.23147623315515348f,0.7104086385410162f,0.18407866516686766f,0.39355352698158386f,-0.9006834440749645f,-0.39616691446733165f,0f,0f,0f,1f],start_interpolation:0}
execute if entity @s[tag=aj.tultaria.bone.left_arm] run data modify entity @s {} merge value {transformation:[-0.8055242318886966f,-0.4127289480899796f,-0.4251888136447903f,0.17918950968821698f,-0.5632457340011636f,0.7562045753759662f,0.3330298534815536f,0.8863281249999999f,0.18407866516686766f,0.5077494023521775f,-0.8416089290409119f,-0.1254698454517913f,0f,0f,0f,1f],start_interpolation:0}
execute if entity @s[tag=aj.tultaria.bone.rod] run data modify entity @s {} merge value {transformation:[-0.000004484828765442972f,0.000008834356521377295f,-0.0000013566339955395981f,-0.602487655503515f,0.000005632457340011637f,0.000003972016963100424f,0.0000072455852460509725f,0.3840225122437164f,0.0000069398656512647514f,0.0000024854026028072278f,-0.0000067572952166051425f,0.3946818631868266f,0f,0f,0f,1f],start_interpolation:0}
execute if entity @s[tag=aj.tultaria.bone.right_hand] run data modify entity @s {} merge value {transformation:[-0.44848287654429714f,0.5287548305851233f,-0.7206118501519734f,-0.4942810753030905f,0.5632457340011636f,0.7932042590744148f,0.23147623315515348f,0.7104086385410162f,0.693986565126475f,-0.3020684235717231f,-0.6535574304564602f,0.1997115255403729f,0f,0f,0f,1f],start_interpolation:0}
execute if entity @s[tag=aj.tultaria.bone.right_arm] run data modify entity @s {} merge value {transformation:[-0.44848287654429714f,0.6182899805791837f,-0.6454305612240137f,-0.17918950968821698f,0.5632457340011636f,0.7562045753759662f,0.3330298534815536f,0.8863281249999999f,0.693986565126475f,-0.21417782353886952f,-0.6873939971574596f,0.1254698454517913f,0f,0f,0f,1f],start_interpolation:0}
execute if entity @s[tag=aj.tultaria.bone.skirt] run data modify entity @s {} merge value {transformation:[-0.8191520442889919f,-0.206427312516168f,-0.5351426846968178f,0.03584852727194037f,0f,0.9329927988347388f,-0.35989503653498817f,0.33945312499999997f,0.5735764363510459f,-0.294808754907097f,-0.7642629584723846f,0.051197002768061994f,0f,0f,0f,1f],start_interpolation:0}
execute if entity @s[tag=aj.tultaria.bone.left_foot] run data modify entity @s {} merge value {transformation:[-0.8191520442889919f,-0.19323208155153593f,-0.540047489575154f,0.2595987903490497f,0f,0.9415440651830207f,-0.33688985339222005f,-0.03936934492332472f,0.5735764363510459f,-0.2759640121064559f,-0.7712677457828394f,0.1528146455370223f,0f,0f,0f,1f],start_interpolation:0}
execute if entity @s[tag=aj.tultaria.bone.left_leg] run data modify entity @s {} merge value {transformation:[-0.8191520442889919f,-0.206427312516168f,-0.5351426846968178f,0.10239400553612399f,0f,0.9329927988347388f,-0.35989503653498817f,0.32382812499999997f,0.5735764363510459f,-0.294808754907097f,-0.7642629584723846f,-0.07169705454388074f,0f,0f,0f,1f],start_interpolation:0}
execute if entity @s[tag=aj.tultaria.bone.right_foot] run data modify entity @s {} merge value {transformation:[-0.8191520442889919f,-0.19323208155153593f,-0.540047489575154f,0.12256546823530143f,0f,0.9415440651830208f,-0.3368898533922201f,0.0931625943008666f,0.5735764363510459f,-0.2759640121064558f,-0.7712677457828393f,0.39297247860829704f,0f,0f,0f,1f],start_interpolation:0}
execute if entity @s[tag=aj.tultaria.bone.right_leg] run data modify entity @s {} merge value {transformation:[-0.8191520442889919f,-0.39550420836984584f,-0.41541106087694274f,-0.10239400553612399f,0f,0.7242470829514669f,-0.6895405447370669f,0.32382812499999997f,0.5735764363510459f,-0.5648385468415135f,-0.5932684785700332f,0.07169705454388074f,0f,0f,0f,1f],start_interpolation:0}
execute if entity @s[tag=aj.tultaria.bone.lower] run data modify entity @s {} merge value {transformation:[-0.8191520442889919f,0f,-0.5735764363510459f,0f,0f,1f,0f,0.38632812499999997f,0.5735764363510459f,0f,-0.8191520442889919f,0f,0f,0f,0f,1f],start_interpolation:0}