execute if entity @s[tag=aj.tultaria.bone.head] run data modify entity @s {} merge value {transformation:[-0.984807753012208f,0.030153689607045765f,-0.17101007166283427f,0f,0f,0.984807753012208f,0.17364817766693036f,1.2126795711807583f,0.1736481776669302f,0.17101007166283436f,-0.9698463103929542f,0f,0f,0f,0f,1f],start_interpolation:0}
execute if entity @s[tag=aj.tultaria.bone.bust] run data modify entity @s {} merge value {transformation:[-0.8191520442889919f,0f,-0.5735764363510459f,0.696364240320019f,0f,1f,0f,0.05642957118075842f,0.5735764363510459f,0f,-0.8191520442889919f,0.12278780396897299f,0f,0f,0f,1f],start_interpolation:0}
execute if entity @s[tag=aj.tultaria.bone.left_wing] run data modify entity @s {} merge value {transformation:[-0.4746003697476407f,0f,-0.880201391180111f,-0.020500051775818706f,0f,1f,0f,1.1189295711807583f,0.880201391180111f,0f,-0.4746003697476407f,-0.13824253280806437f,0f,0f,0f,1f],start_interpolation:0}
execute if entity @s[tag=aj.tultaria.bone.right_wing] run data modify entity @s {} merge value {transformation:[-0.9894416385809446f,0f,-0.14493185930724667f,-0.1228940573119427f,0f,1f,0f,1.1189295711807583f,0.14493185930724667f,0f,-0.9894416385809446f,-0.06654547826418361f,0f,0f,0f,1f],start_interpolation:0}
execute if entity @s[tag=aj.tultaria.bone.body] run data modify entity @s {} merge value {transformation:[-0.8191520442889919f,0f,-0.5735764363510459f,0.696364240320019f,0f,1f,0f,0.05642957118075842f,0.5735764363510459f,0f,-0.8191520442889919f,0.12278780396897299f,0f,0f,0f,1f],start_interpolation:0}
execute if entity @s[tag=aj.tultaria.bone.left_hand] run data modify entity @s {} merge value {transformation:[-0.891975003106956f,-0.3946184880518309f,-0.2205829610827476f,0.2853433611139849f,-0.330366089549352f,0.902038424412122f,-0.27782175537557535f,0.8140813959229889f,0.3086079077214572f,-0.17493693084018452f,-0.9349642931791571f,-0.38186974653739136f,0f,0f,0f,1f],start_interpolation:0}
execute if entity @s[tag=aj.tultaria.bone.left_arm] run data modify entity @s {} merge value {transformation:[-0.891975003106956f,-0.1787894970328885f,-0.4152287436860227f,0.17918950968821698f,-0.330366089549352f,0.8847623658905462f,0.32871538263311106f,1.0564295711807583f,0.3086079077214572f,0.43038340076551496f,-0.8482519010513885f,-0.1254698454517913f,0f,0f,0f,1f],start_interpolation:0}
execute if entity @s[tag=aj.tultaria.bone.rod] run data modify entity @s {} merge value {transformation:[-0.000005950699920075871f,0.000005470996605100542f,-0.00000588705075637941f,-0.3450091546194206f,0.0000033036608954935203f,0.0000083428713397986f,0.00000441387839605421f,0.51054470619039f,0.000007326322075147665f,6.816846444988194e-7f,-0.000006772024135859126f,0.3649045189589562f,0f,0f,0f,1f],start_interpolation:0}
execute if entity @s[tag=aj.tultaria.bone.sword] run data modify entity @s {} merge value {transformation:[-0.000005950699920075871f,-2.941947117101018e-7f,-0.000008031352310340447f,-0.40125205582437856f,0.0000033036608954935203f,0.000009020384244121222f,-0.0000027782175537557537f,0.5078457517055772f,0.000007326322075147665f,-0.000004306520354069102f,-0.000005270568023580814f,0.3630934878332576f,0f,0f,0f,1f],start_interpolation:0}
execute if entity @s[tag=aj.tultaria.bone.right_hand] run data modify entity @s {} merge value {transformation:[-0.595069992007587f,-0.02941947117101018f,-0.8031352310340447f,-0.456433360187805f,0.330366089549352f,0.902038424412122f,-0.27782175537557535f,0.8140813959229889f,0.7326322075147664f,-0.43065203540691016f,-0.5270568023580813f,0.13752790538660475f,0f,0f,0f,1f],start_interpolation:0}
execute if entity @s[tag=aj.tultaria.bone.right_arm] run data modify entity @s {} merge value {transformation:[-0.595069992007587f,0.4655777152084114f,-0.6550794575571772f,-0.17918950968821698f,0.330366089549352f,0.8847623658905462f,0.32871538263311106f,1.0564295711807583f,0.7326322075147664f,-0.020807378621019057f,-0.680306623153826f,0.1254698454517913f,0f,0f,0f,1f],start_interpolation:0}
execute if entity @s[tag=aj.tultaria.bone.skirt] run data modify entity @s {} merge value {transformation:[-0.8191520442889919f,-0.04167489991957361f,-0.5720604260511812f,0.03464163931919707f,0f,0.9973569167005724f,-0.0726579707226106f,0.5068729740837753f,0.5735764363510459f,-0.05951792525131619f,-0.8169869572010395f,0.049473388143990576f,0f,0f,0f,1f],start_interpolation:0}
execute if entity @s[tag=aj.tultaria.bone.left_foot] run data modify entity @s {} merge value {transformation:[-0.8191520442889919f,0.12414466244781322f,-0.5599803845876068f,0.18340496515615498f,0f,0.9762960071199335f,0.21643961393810285f,0.062357883810496506f,0.5735764363510459f,0.17729695222251715f,-0.7997348700634737f,0.04399858596173248f,0f,0f,0f,1f],start_interpolation:0}
execute if entity @s[tag=aj.tultaria.bone.left_leg] run data modify entity @s {} merge value {transformation:[-0.8191520442889919f,-0.025019052760825267f,-0.5730305186777721f,0.10083031473857242f,0f,0.9990482215818578f,-0.043619387365336014f,0.4939890573318923f,0.5735764363510459f,-0.035730910330948405f,-0.8183723930520606f,-0.07393023643956502f,0f,0f,0f,1f],start_interpolation:0}
execute if entity @s[tag=aj.tultaria.bone.right_foot] run data modify entity @s {} merge value {transformation:[-0.8191520442889919f,0.2648481240693882f,-0.5087685126991366f,0.0755094220340738f,0f,0.8870108331782219f,0.4617486132350339f,0.16364039447079948f,0.5735764363510459f,0.378242320479085f,-0.7265967373044224f,0.325769480020849f,0f,0f,0f,1f],start_interpolation:0}
execute if entity @s[tag=aj.tultaria.bone.right_leg] run data modify entity @s {} merge value {transformation:[-0.8191520442889919f,-0.2648481240693881f,-0.5087685126991366f,-0.10395769633367556f,0f,0.8870108331782218f,-0.4617486132350339f,0.4939890573318923f,0.5735764363510459f,-0.37824232047908507f,-0.7265967373044223f,0.06946387264819646f,0f,0f,0f,1f],start_interpolation:0}
execute if entity @s[tag=aj.tultaria.bone.lower] run data modify entity @s {} merge value {transformation:[-0.8191520442889919f,0.02501905276082526f,-0.5730305186777721f,0f,0f,0.9990482215818578f,0.043619387365336f,0.5564295711807584f,0.5735764363510459f,0.03573091033094841f,-0.8183723930520606f,0f,0f,0f,0f,1f],start_interpolation:0}