execute if entity @s[tag=aj.tultaria.bone.head] run data modify entity @s {} merge value {transformation:[-0.984807753012208f,0.06607876350101272f,-0.16058420414605845f,0f,0f,0.9247675748954338f,0.3805324328122613f,1.0362933333333333f,0.17364817766693014f,0.3747512901061121f,-0.9107182774913211f,0f,0f,0f,0f,1f],start_interpolation:0}
execute if entity @s[tag=aj.tultaria.bone.bust] run data modify entity @s {} merge value {transformation:[-0.8191520442889919f,0f,-0.5735764363510459f,0.696364240320019f,0f,1f,0f,-0.11995666666666666f,0.5735764363510459f,0f,-0.8191520442889919f,0.12278780396897299f,0f,0f,0f,1f],start_interpolation:0}
execute if entity @s[tag=aj.tultaria.bone.left_wing] run data modify entity @s {} merge value {transformation:[-0.1739062169157542f,0.11277785169236013f,-0.9782830796276233f,-0.020500051775818706f,-0.3943820669444116f,0.902298633176705f,0.17412628130211621f,0.9425433333333333f,0.9023410735363344f,0.4160989458471459f,-0.1124377795680333f,-0.13824253280806437f,0f,0f,0f,1f],start_interpolation:0}
execute if entity @s[tag=aj.tultaria.bone.right_wing] run data modify entity @s {} merge value {transformation:[-0.9074026774688793f,0.3524328119295762f,0.22893556734968323f,-0.1228940573119427f,0.3943820669444116f,0.902298633176705f,0.17412628130211621f,0.9425433333333333f,-0.14520043455500753f,0.248290736119699f,-0.9577413764488694f,-0.06654547826418361f,0f,0f,0f,1f],start_interpolation:0}
execute if entity @s[tag=aj.tultaria.bone.body] run data modify entity @s {} merge value {transformation:[-0.8191520442889919f,0f,-0.5735764363510459f,0.696364240320019f,0f,1f,0f,-0.11995666666666666f,0.5735764363510459f,0f,-0.8191520442889919f,0.12278780396897299f,0f,0f,0f,1f],start_interpolation:0}
execute if entity @s[tag=aj.tultaria.bone.left_hand] run data modify entity @s {} merge value {transformation:[-0.7969207547253152f,-0.46598182639566166f,-0.38441936496097256f,0.36085784039202984f,-0.5783169066899098f,0.7723881402693291f,0.2626140061152519f,0.7098372169692766f,0.17454760417905557f,0.4315987699707342f,-0.8850173080991697f,-0.39707375387645905f,0f,0f,0f,1f],start_interpolation:0}
execute if entity @s[tag=aj.tultaria.bone.left_arm] run data modify entity @s {} merge value {transformation:[-0.7969207547253152f,-0.4275381453318137f,-0.4267650934346282f,0.17918950968821698f,-0.5783169066899098f,0.744090498327215f,0.33448301262660746f,0.8800433333333333f,0.17454760417905557f,0.5133619235835376f,-0.8402336992110955f,-0.1254698454517913f,0f,0f,0f,1f],start_interpolation:0}
execute if entity @s[tag=aj.tultaria.bone.rod] run data modify entity @s {} merge value {transformation:[-0.000004365840463732709f,0.00000894568155319741f,-9.5614778879511e-7f,-0.620881799667897f,0.000005783169066899098f,0.000003604647471338488f,0.0000073185703625116904f,0.3873649136038716f,0.000006891617559680428f,0.0000026422146309784635f,-0.000006747170462864247f,0.3951285298902063f,0f,0f,0f,1f],start_interpolation:0}
execute if entity @s[tag=aj.tultaria.bone.right_hand] run data modify entity @s {} merge value {transformation:[-0.4365840463732708f,0.5649453503327749f,-0.7001650673874841f,-0.496547926716542f,0.5783169066899098f,0.7723881402693291f,0.2626140061152519f,0.7098372169692766f,0.6891617559680427f,-0.29026421051977036f,-0.6639297871028068f,0.20328822755744155f,0f,0f,0f,1f],start_interpolation:0}
execute if entity @s[tag=aj.tultaria.bone.right_arm] run data modify entity @s {} merge value {transformation:[-0.4365840463732708f,0.6286290691274874f,-0.6435991484614089f,-0.17918950968821698f,0.5783169066899098f,0.744090498327215f,0.33448301262660746f,0.8800433333333333f,0.6891617559680427f,-0.22617432159081582f,-0.6884048593407648f,0.1254698454517913f,0f,0f,0f,1f],start_interpolation:0}
execute if entity @s[tag=aj.tultaria.bone.skirt] run data modify entity @s {} merge value {transformation:[-0.8191520442889919f,-0.21727657524591754f,-0.5308303101618921f,0.03584852727194037f,0f,0.9254744032703046f,-0.37881014887602144f,0.33316833333333334f,0.5735764363510459f,-0.31030310784921034f,-0.758104249376005f,0.051197002768061994f,0f,0f,0f,1f],start_interpolation:0}
execute if entity @s[tag=aj.tultaria.bone.left_foot] run data modify entity @s {} merge value {transformation:[-0.8191520442889919f,-0.21505113878402204f,-0.5317357765327255f,0.26380629597644945f,0f,0.927053035713077f,-0.37493021880767136f,-0.04000044948792225f,0.5735764363510459f,-0.3071248552020231f,-0.7593973893686828f,0.15882358631214938f,0f,0f,0f,1f],start_interpolation:0}
execute if entity @s[tag=aj.tultaria.bone.left_leg] run data modify entity @s {} merge value {transformation:[-0.8191520442889919f,-0.21727657524591754f,-0.5308303101618921f,0.10239400553612399f,0f,0.9254744032703046f,-0.37881014887602144f,0.31754333333333334f,0.5735764363510459f,-0.31030310784921034f,-0.758104249376005f,-0.07169705454388074f,0f,0f,0f,1f],start_interpolation:0}
execute if entity @s[tag=aj.tultaria.bone.right_foot] run data modify entity @s {} merge value {transformation:[-0.8191520442889919f,-0.21505113878402207f,-0.5317357765327256f,0.12521172242858286f,0f,0.927053035713077f,-0.37493021880767136f,0.09490832655344422f,0.5735764363510459f,-0.30712485520202304f,-0.7593973893686828f,0.39675172125976493f,0f,0f,0f,1f],start_interpolation:0}
execute if entity @s[tag=aj.tultaria.bone.right_leg] run data modify entity @s {} merge value {transformation:[-0.8191520442889919f,-0.40387734586002977f,-0.40727511320755083f,-0.10239400553612399f,0f,0.7100624910579246f,-0.704138664463623f,0.31754333333333334f,0.5735764363510459f,-0.5767966264582973f,-0.581649141123033f,0.07169705454388074f,0f,0f,0f,1f],start_interpolation:0}
execute if entity @s[tag=aj.tultaria.bone.lower] run data modify entity @s {} merge value {transformation:[-0.8191520442889919f,0f,-0.5735764363510459f,0f,0f,1f,0f,0.38004333333333334f,0.5735764363510459f,0f,-0.8191520442889919f,0f,0f,0f,0f,1f],start_interpolation:0}