execute if entity @s[tag=aj.tultaria.bone.left_hand] run data modify entity @s {} merge value {transformation:[-0.44772081896322485f,-0.8226355413761051f,-0.3504523281870759f,0.2900935681760611f,-0.8935492357201082f,0.42625510998862737f,0.1409834903546999f,1.0062893490973144f,0.03340406578412114f,0.37626765376979443f,-0.9259086462041838f,-0.5099545139090501f,0f,0f,0f,1f],start_interpolation:0}
execute if entity @s[tag=aj.tultaria.bone.left_arm] run data modify entity @s {} merge value {transformation:[-0.44772081896322485f,-0.568187167987936f,-0.6904414605169278f,0.11753428932586775f,-0.8935492357201082f,0.31314374335897466f,0.32173088030081787f,1f,0.03340406578412114f,0.7609890525684175f,-0.6479041829314829f,-0.18449187877156872f,0f,0f,0f,1f],start_interpolation:0}
execute if entity @s[tag=aj.tultaria.bone.rod] run data modify entity @s {} merge value {transformation:[0.0000017626782579915127f,-0.000005260213989881687f,-0.000008320042916923985f,0.4403655798339613f,0.00000904200874122124f,0.000004205870194751346f,-7.434607108522476e-7f,0.8848599304030091f,0.000003890378295549501f,-0.000007391941875147236f,0.0000054976496825427195f,0.44030236059410877f,0f,0f,0f,1f],start_interpolation:0}
execute if entity @s[tag=aj.tultaria.bone.sword] run data modify entity @s {} merge value {transformation:[0.17626782579915126f,-0.9377578195624564f,-0.29923222660252874f,0.43573195352964245f,0.904200874122124f,0.274399615794443f,-0.3273005195361727f,0.8967113384426609f,0.3890378295549501f,-0.2128734898979422f,0.8962892638394391f,0.4951831565044233f,0f,0f,0f,1f],start_interpolation:0}
execute if entity @s[tag=aj.tultaria.bone.right_hand] run data modify entity @s {} merge value {transformation:[0.17626782579915126f,-0.9602691749057738f,-0.21636257835823658f,0.053219316949516524f,0.904200874122124f,0.2448293225309666f,-0.3499705445688457f,0.932924608281016f,0.3890378295549501f,-0.13394668549393868f,0.9114317597167441f,0.5040013234984747f,0f,0f,0f,1f],start_interpolation:0}
execute if entity @s[tag=aj.tultaria.bone.right_arm] run data modify entity @s {} merge value {transformation:[0.17626782579915126f,-0.6502154401830366f,-0.7390193061995198f,-0.11753428932586775f,0.904200874122124f,0.40368131166966514f,-0.13950690966918156f,1f,0.3890378295549501f,-0.6436313230073862f,0.6590813965049648f,0.18449187877156872f,0f,0f,0f,1f],start_interpolation:0}