execute if entity @s[tag=aj.tultaria.bone.head] run data modify entity @s {} merge value {transformation:[-0.8739419328719169f,0.08439828400506641f,-0.47864645368486547f,0f,0f,0.984807753012208f,0.17364817766693036f,1.15625f,0.48603034675635004f,0.15175842402992312f,-0.8606647911747384f,0f,0f,0f,0f,1f],start_interpolation:0}
execute if entity @s[tag=aj.tultaria.bone.bust] run data modify entity @s {} merge value {transformation:[-0.5866550788802815f,0f,-0.8098369085340398f,0.6982459937071606f,0f,1f,0f,0f,0.8098369085340398f,0f,-0.5866550788802815f,-0.11159091482687916f,0f,0f,0f,1f],start_interpolation:0}
execute if entity @s[tag=aj.tultaria.bone.left_wing] run data modify entity @s {} merge value {transformation:[-0.5866550788802815f,0f,-0.8098369085340398f,-0.06456367113673744f,0f,1f,0f,1.0625f,0.8098369085340398f,0f,-0.5866550788802815f,-0.12394669164341265f,0f,0f,0f,1f],start_interpolation:0}
execute if entity @s[tag=aj.tultaria.bone.right_wing] run data modify entity @s {} merge value {transformation:[-0.5866550788802815f,0f,-0.8098369085340398f,-0.1378955559967726f,0f,1f,0f,1.0625f,0.8098369085340398f,0f,-0.5866550788802815f,-0.022717078076657682f,0f,0f,0f,1f],start_interpolation:0}
execute if entity @s[tag=aj.tultaria.bone.body] run data modify entity @s {} merge value {transformation:[-0.5866550788802815f,0f,-0.8098369085340398f,0.6982459937071606f,0f,1f,0f,0f,0.8098369085340398f,0f,-0.5866550788802815f,-0.11159091482687916f,0f,0f,0f,1f],start_interpolation:0}
execute if entity @s[tag=aj.tultaria.bone.left_hand] run data modify entity @s {} merge value {transformation:[-0.560974130227959f,-0.806723483146918f,-0.1857558799992325f,0.29022843259604425f,-0.8059386092566166f,0.5834759374288054f,-0.10009389867063359f,0.9278374444377572f,0.18913218479279306f,0.09355774783993631f,-0.9774845085701478f,-0.5001439430736534f,0f,0f,0f,1f],start_interpolation:0}
execute if entity @s[tag=aj.tultaria.bone.left_arm] run data modify entity @s {} merge value {transformation:[-0.560974130227959f,-0.49827683617226187f,-0.6610810992224372f,0.12833079850506157f,-0.8059386092566166f,0.511168692153428f,0.29861266930869557f,1f,0.18913218479279306f,0.700304764153661f,-0.6883329528499923f,-0.1771518237418212f,0f,0f,0f,1f],start_interpolation:0}
execute if entity @s[tag=aj.tultaria.bone.rod] run data modify entity @s {} merge value {transformation:[3.2457712789485645e-7f,-4.209068001660665e-7f,-0.000009985864366874883f,0.29286964295630524f,0.000008453664668598769f,0.000005341637498753919f,4.962361122350374e-8f,0.7939136686393448f,0.000005331998064415666f,-0.000008443325547287631f,5.291978302937848e-7f,0.6540786113785713f,0f,0f,0f,1f],start_interpolation:0}
execute if entity @s[tag=aj.tultaria.bone.sword] run data modify entity @s {} merge value {transformation:[0.025966170231588516f,-0.5470805503850945f,-0.5831197384704501f,0.262180291681689f,0.6762931734879015f,0.3262742208938328f,-0.27599397869117653f,0.8027906571068122f,0.42655984515325324f,-0.48399173977503424f,0.47307366691918945f,0.7004810996641326f,0f,0f,0f,1f],start_interpolation:0}
execute if entity @s[tag=aj.tultaria.bone.right_hand] run data modify entity @s {} merge value {transformation:[0.03245771278948564f,-0.7358698462471296f,-0.6763446357181382f,-0.06762462885113557f,0.8453664668598768f,0.3812197290012348f,-0.374201890600614f,0.8900958306897311f,0.5331998064415665f,-0.5596133375862757f,0.6344532124642643f,0.523530261341751f,0f,0f,0f,1f],start_interpolation:0}
execute if entity @s[tag=aj.tultaria.bone.right_arm] run data modify entity @s {} merge value {transformation:[0.03245771278948564f,-0.4156427429563051f,-0.9089486273207271f,-0.12833079850506157f,0.8453664668598768f,0.49657906047178524f,-0.1968877177728663f,1f,0.5331998064415665f,-0.762004164640009f,0.36748825761098536f,0.1771518237418212f,0f,0f,0f,1f],start_interpolation:0}