execute if entity @s[tag=aj.tultaria.bone.left_hand] run data modify entity @s {} merge value {transformation:[-0.44849593011798194f,-0.8018527246989875f,-0.3948209829282331f,0.2890249165448247f,-0.8927811137560657f,0.42284254434292473f,0.15539004348439034f,1.0033927769016866f,0.042347179222296055f,0.4221805189565379f,-0.905522128843632f,-0.510561873314066f,0f,0f,0f,1f],start_interpolation:0}
execute if entity @s[tag=aj.tultaria.bone.left_arm] run data modify entity @s {} merge value {transformation:[-0.44849593011798194f,-0.5653616853046305f,-0.6922554192327529f,0.11753428932586775f,-0.8927811137560657f,0.3200730439686751f,0.31700966774706657f,1f,0.042347179222296055f,0.7602101099789024f,-0.648295692641699f,-0.18449187877156872f,0f,0f,0f,1f],start_interpolation:0}
execute if entity @s[tag=aj.tultaria.bone.rod] run data modify entity @s {} merge value {transformation:[0.0000015799171710602637f,-0.000004906324607968179f,-0.000008569238039279504f,0.4290597135404898f,0.00000897288775077774f,0.000004336042031823925f,-8.282662073264966e-7f,0.880025363724309f,0.000004122031919397482f,-0.000007558221903298563f,0.000005087448723669473f,0.46358862426285596f,0f,0f,0f,1f],start_interpolation:0}
execute if entity @s[tag=aj.tultaria.bone.sword] run data modify entity @s {} merge value {transformation:[0.15799171710602636f,-0.9266662738175362f,-0.34106925146517175f,0.4218559972335866f,0.897288775077774f,0.27892016480175064f,-0.342164281868216f,0.8909482127452979f,0.4122031919397482f,-0.25197848843916726f,0.8755543215121466f,0.5183848464468198f,0f,0f,0f,1f],start_interpolation:0}
execute if entity @s[tag=aj.tultaria.bone.right_hand] run data modify entity @s {} merge value {transformation:[0.15799171710602636f,-0.952866172817298f,-0.25900709261795224f,0.03935901215675895f,0.897288775077774f,0.24803720723843642f,-0.36517173760408217f,0.9273928492382122f,0.4122031919397482f,-0.1747100470089576f,0.8941839452980638f,0.5098453497967548f,0f,0f,0f,1f],start_interpolation:0}
execute if entity @s[tag=aj.tultaria.bone.right_arm] run data modify entity @s {} merge value {transformation:[0.15799171710602636f,-0.6223980574520016f,-0.7665893786153473f,-0.11753428932586775f,0.897288775077774f,0.4145726546078359f,-0.15166531630811214f,1f,0.4122031919397482f,-0.6638901807764496f,0.6239698361485881f,0.18449187877156872f,0f,0f,0f,1f],start_interpolation:0}