execute if entity @s[tag=aj.tultaria.bone.left_hand] run data modify entity @s {} merge value {transformation:[-0.45615092889383013f,-0.846687063401503f,-0.27394770803537505f,0.2892773710462251f,-0.8890528373881516f,0.44703341115187845f,0.09872275141016204f,1.0030794780297956f,0.03887650191790587f,0.28858646188353115f,-0.956664241840455f,-0.5104320852454842f,0f,0f,0f,1f],start_interpolation:0}
execute if entity @s[tag=aj.tultaria.bone.left_arm] run data modify entity @s {} merge value {transformation:[-0.45615092889383013f,-0.5631368102535673f,-0.6890596948064323f,0.11753428932586775f,-0.8890528373881516f,0.32220675774323315f,0.3252197066548559f,1f,0.03887650191790587f,0.7609597480826639f,-0.6476332908340923f,-0.18449187877156872f,0f,0f,0f,1f],start_interpolation:0}
execute if entity @s[tag=aj.tultaria.bone.rod] run data modify entity @s {} merge value {transformation:[0.0000019089728462180147f,-0.0000043529728943523655f,-0.000008798150354104883f,0.45208377911530373f,0.000009090160549937403f,0.000004166657054824268f,-8.916369129261434e-8f,0.8664005431141512f,0.000003704700237369289f,-0.000007980638819575583f,0.0000047523257656350955f,0.4718444360363363f,0f,0f,0f,1f],start_interpolation:0}
execute if entity @s[tag=aj.tultaria.bone.sword] run data modify entity @s {} merge value {transformation:[0.19089728462180144f,-0.8989912732544021f,-0.3941737146696259f,0.4433154983595698f,0.9090160549937403f,0.3134531167233809f,-0.274657887889673f,0.880701108696329f,0.3704700237369289f,-0.305878790093114f,0.8770348495262502f,0.5256258380412901f,0f,0f,0f,1f],start_interpolation:0}
execute if entity @s[tag=aj.tultaria.bone.right_hand] run data modify entity @s {} merge value {transformation:[0.19089728462180144f,-0.9299248429204178f,-0.3143215125368595f,0.06407177395303969f,0.9090160549937403f,0.2883223207596376f,-0.3009319709093639f,0.9369049170353447f,0.3704700237369289f,-0.2282762052234371f,0.9003565602810626f,0.4987854291126802f,0f,0f,0f,1f],start_interpolation:0}
execute if entity @s[tag=aj.tultaria.bone.right_arm] run data modify entity @s {} merge value {transformation:[0.19089728462180144f,-0.671513115489405f,-0.715980699774607f,-0.11753428932586775f,0.9090160549937403f,0.3962149581797345f,-0.12924209329103598f,1f,0.3704700237369289f,-0.6261659864926746f,0.6860525627617867f,0.18449187877156872f,0f,0f,0f,1f],start_interpolation:0}