execute if entity @s[tag=aj.tultaria.bone.left_hand] run data modify entity @s {} merge value {transformation:[-0.4484959306447962f,-0.8018527289166328f,-0.3948209737640682f,0.2890249198389225f,-0.8927811110675596f,0.42284257073886755f,0.1553899871031585f,1.0033927565645353f,0.042347230323033586f,0.42218048450857476f,-0.9055221425145126f,-0.5105618717932032f,0f,0f,0f,1f],start_interpolation:0}
execute if entity @s[tag=aj.tultaria.bone.left_arm] run data modify entity @s {} merge value {transformation:[-0.4484959306447962f,-0.5653616929482066f,-0.6922554126489702f,0.11753428932586775f,-0.8927811110675596f,0.32007309140173235f,0.31700962742716854f,1f,0.042347230323033586f,0.7602100843235877f,-0.6482957193879131f,-0.18449187877156872f,0f,0f,0f,1f],start_interpolation:0}
execute if entity @s[tag=aj.tultaria.bone.rod] run data modify entity @s {} merge value {transformation:[0.0000015799171710602637f,-0.000004906324607968179f,-0.000008569238039279504f,0.42905971354048983f,0.00000897288775077774f,0.000004336042031823925f,-8.282662073264966e-7f,0.8800253637243087f,0.000004122031919397482f,-0.000007558221903298563f,0.000005087448723669473f,0.4635886242628559f,0f,0f,0f,1f],start_interpolation:0}
execute if entity @s[tag=aj.tultaria.bone.sword] run data modify entity @s {} merge value {transformation:[0.15799171710602636f,-0.9266662738175362f,-0.34106925146517175f,0.4218559972335866f,0.897288775077774f,0.27892016480175064f,-0.342164281868216f,0.8909482127452979f,0.4122031919397482f,-0.25197848843916726f,0.8755543215121466f,0.5183848464468198f,0f,0f,0f,1f],start_interpolation:0}
execute if entity @s[tag=aj.tultaria.bone.right_hand] run data modify entity @s {} merge value {transformation:[0.15799171710602636f,-0.952866172817298f,-0.25900709261795224f,0.03935901215675895f,0.897288775077774f,0.24803720723843642f,-0.36517173760408217f,0.9273928492382122f,0.4122031919397482f,-0.1747100470089576f,0.8941839452980638f,0.5098453497967548f,0f,0f,0f,1f],start_interpolation:0}
execute if entity @s[tag=aj.tultaria.bone.right_arm] run data modify entity @s {} merge value {transformation:[0.15799171710602636f,-0.6223980574520016f,-0.7665893786153473f,-0.11753428932586775f,0.897288775077774f,0.4145726546078359f,-0.15166531630811214f,1f,0.4122031919397482f,-0.6638901807764496f,0.6239698361485881f,0.18449187877156872f,0f,0f,0f,1f],start_interpolation:0}