execute if entity @s[tag=aj.tultaria.bone.head] run data modify entity @s {} merge value {transformation:[-0.9726949236671331f,0.04030156313520124f,-0.2285615223108421f,0f,0f,0.984807753012208f,0.17364817766693036f,1.15625f,0.2320874522075465f,0.16890670092067156f,-0.9579175021430106f,0f,0f,0f,0f,1f],start_interpolation:0}
execute if entity @s[tag=aj.tultaria.bone.bust] run data modify entity @s {} merge value {transformation:[-0.7834765881067616f,0f,-0.6214213030534018f,0.7024489455800818f,0f,1f,0f,0f,0.6214213030534018f,0f,-0.7834765881067616f,0.08102764252667988f,0f,0f,0f,1f],start_interpolation:0}
execute if entity @s[tag=aj.tultaria.bone.left_wing] run data modify entity @s {} merge value {transformation:[-0.7834765881067616f,0f,-0.6214213030534018f,-0.02871037612500249f,0f,1f,0f,1.0625f,0.6214213030534018f,0f,-0.7834765881067616f,-0.13677340495418283f,0f,0f,0f,1f],start_interpolation:0}
execute if entity @s[tag=aj.tultaria.bone.right_wing] run data modify entity @s {} merge value {transformation:[-0.7834765881067616f,0f,-0.6214213030534018f,-0.12664494963834771f,0f,1f,0f,1.0625f,0.6214213030534018f,0f,-0.7834765881067616f,-0.05909574207250762f,0f,0f,0f,1f],start_interpolation:0}
execute if entity @s[tag=aj.tultaria.bone.body] run data modify entity @s {} merge value {transformation:[-0.7834765881067616f,0f,-0.6214213030534018f,0.7024489455800818f,0f,1f,0f,0f,0.6214213030534018f,0f,-0.7834765881067616f,0.08102764252667988f,0f,0f,0f,1f],start_interpolation:0}
execute if entity @s[tag=aj.tultaria.bone.left_hand] run data modify entity @s {} merge value {transformation:[-0.86453821929212f,-0.46924578967240915f,-0.17995014936900536f,0.2824743647812432f,-0.3739248288933083f,0.8398316185064634f,-0.39352646022081433f,0.7619185199557521f,0.3357884597783555f,-0.2729308363515036f,-0.901529183580958f,-0.3942354673250494f,0f,0f,0f,1f],start_interpolation:0}
execute if entity @s[tag=aj.tultaria.bone.left_arm] run data modify entity @s {} merge value {transformation:[-0.86453821929212f,-0.2116950960132945f,-0.455805719256716f,0.1713855036483541f,-0.3739248288933083f,0.8769301428769953f,0.30194990785036296f,1f,0.3357884597783555f,0.4314843112300314f,-0.8372976767207856f,-0.13593591004293165f,0f,0f,0f,1f],start_interpolation:0}
execute if entity @s[tag=aj.tultaria.bone.rod] run data modify entity @s {} merge value {transformation:[-0.000005197889918045332f,0.000004003120004809291f,-0.000007546984207415461f,-0.2162644647857414f,0.0000038784635818822044f,0.0000089770613761225f,0.0000020904280167810354f,0.504496716266527f,0.000007611797464718578f,-0.000001840488868867536f,-0.000006218773197317824f,0.4809287390306687f,0f,0f,0f,1f],start_interpolation:0}
execute if entity @s[tag=aj.tultaria.bone.sword] run data modify entity @s {} merge value {transformation:[-0.10395779836090661f,-0.047946797284431054f,-0.16399353886698934f,-0.2707914192727991f,0.07756927163764406f,0.15779598136496975f,-0.09530706355077512f,0.49379073457895956f,0.1522359492943715f,-0.11314385929086816f,-0.0634246233509491f,0.4902035067081799f,0f,0f,0f,1f],start_interpolation:0}
execute if entity @s[tag=aj.tultaria.bone.right_hand] run data modify entity @s {} merge value {transformation:[-0.5197889918045332f,-0.25058904092670803f,-0.8167157011875428f,-0.4123248177816997f,0.3878463581882204f,0.7825896800432275f,-0.4869585147935844f,0.7370980319335392f,0.7611797464718577f,-0.5698758858359174f,-0.3095914538609988f,0.2285263501095748f,0f,0f,0f,1f],start_interpolation:0}
execute if entity @s[tag=aj.tultaria.bone.right_arm] run data modify entity @s {} merge value {transformation:[-0.5197889918045332f,0.34614658523578024f,-0.781026213086626f,-0.1713855036483541f,0.3878463581882204f,0.9102031038215643f,0.14527736311526726f,1f,0.7611797464718577f,-0.22740459828947904f,-0.6073652461557536f,0.13593591004293165f,0f,0f,0f,1f],start_interpolation:0}