execute if entity @s[tag=aj.tultaria.bone.left_hand] run data modify entity @s {} merge value {transformation:[-0.4480002519353901f,-0.8120222379672041f,-0.3740530167136212f,0.28956680114710076f,-0.8932320023160971f,0.42425105732121027f,0.14882079962226816f,1.0048702590766132f,0.037846589069599146f,0.40078788081548683f,-0.9153888301084017f,-0.510257565965607f,0f,0f,0f,1f],start_interpolation:0}
execute if entity @s[tag=aj.tultaria.bone.left_arm] run data modify entity @s {} merge value {transformation:[-0.4480002519353901f,-0.566832594047512f,-0.6913729706831151f,0.11753428932586775f,-0.8932320023160971f,0.3165217110167894f,0.3192970348960043f,1f,0.037846589069599146f,0.7606016150261402f,-0.6481148192376288f,-0.18449187877156872f,0f,0f,0f,1f],start_interpolation:0}
execute if entity @s[tag=aj.tultaria.bone.rod] run data modify entity @s {} merge value {transformation:[0.0000016683180676054847f,-0.000005115037488468594f,-0.000008429300464265227f,0.43454666764388483f,0.00000900757418707423f,0.000004267614917022522f,-8.06889202035118e-7f,0.8832313624119563f,0.000004010027691881329f,-0.000007458140144269733f,0.000005319381871869805f,0.45088792702507635f,0f,0f,0f,1f],start_interpolation:0}
execute if entity @s[tag=aj.tultaria.bone.sword] run data modify entity @s {} merge value {transformation:[0.16683180676054846f,-0.9336595941141301f,-0.3169336059360832f,0.4287748280513021f,0.9007574187074229f,0.2750524311098728f,-0.3361282981007234f,0.894560267963385f,0.4010027691881329f,-0.22940340550913008f,0.8868882999816055f,0.5057711657389524f,0f,0f,0f,1f],start_interpolation:0}
execute if entity @s[tag=aj.tultaria.bone.right_hand] run data modify entity @s {} merge value {transformation:[0.16683180676054846f,-0.9577293213060405f,-0.23435378248213057f,0.046103949343853354f,0.9007574187074229f,0.24471026208942556f,-0.35882162737447243f,0.9301450072736819f,0.4010027691881329f,-0.1512330477732814f,0.9035072464372673f,0.5071139399147543f,0f,0f,0f,1f],start_interpolation:0}
execute if entity @s[tag=aj.tultaria.bone.right_arm] run data modify entity @s {} merge value {transformation:[0.16683180676054846f,-0.6360182415409085f,-0.7534241466001877f,-0.11753428932586775f,0.9007574187074229f,0.4090889136149263f,-0.1458846578667526f,1f,0.4010027691881329f,-0.6543141884328734f,0.641147192085311f,0.18449187877156872f,0f,0f,0f,1f],start_interpolation:0}