execute if entity @s[tag=aj.tultaria.bone.head] run data modify entity @s {} merge value {transformation:[-0.9485449445269376f,0.05498439732129896f,-0.31183201289091955f,0f,0f,0.984807753012208f,0.17364817766693036f,1.15625f,0.31664252432733836f,0.16471310105228223f,-0.934134415450663f,0f,0f,0f,0f,1f],start_interpolation:0}
execute if entity @s[tag=aj.tultaria.bone.bust] run data modify entity @s {} merge value {transformation:[-0.7258547563546038f,0f,-0.6878480011437111f,0.7068513787491575f,0f,1f,0f,0f,0.6878480011437111f,0f,-0.7258547563546038f,0.019003377605446348f,0f,0f,0f,1f],start_interpolation:0}
execute if entity @s[tag=aj.tultaria.bone.left_wing] run data modify entity @s {} merge value {transformation:[-0.7258547563546038f,0f,-0.6878480011437111f,-0.04061507787080121f,0f,1f,0f,1.0625f,0.6878480011437111f,0f,-0.7258547563546038f,-0.13372234461580745f,0f,0f,0f,1f],start_interpolation:0}
execute if entity @s[tag=aj.tultaria.bone.right_wing] run data modify entity @s {} merge value {transformation:[-0.7258547563546038f,0f,-0.6878480011437111f,-0.1313469224151267f,0f,1f,0f,1.0625f,0.6878480011437111f,0f,-0.7258547563546038f,-0.047741344472843505f,0f,0f,0f,1f],start_interpolation:0}
execute if entity @s[tag=aj.tultaria.bone.body] run data modify entity @s {} merge value {transformation:[-0.7258547563546038f,0f,-0.6878480011437111f,0.7068513787491575f,0f,1f,0f,0f,0.6878480011437111f,0f,-0.7258547563546038f,0.019003377605446348f,0f,0f,0f,1f],start_interpolation:0}
execute if entity @s[tag=aj.tultaria.bone.left_hand] run data modify entity @s {} merge value {transformation:[-0.7756709057750231f,-0.6095053951432571f,-0.16382252355954488f,0.29629806955538834f,-0.540229110388573f,0.775394049407669f,-0.3269810031667721f,0.8060698179316332f,0.3263236954665208f,-0.16512795473341169f,-0.930723162031887f,-0.4319312288996673f,0f,0f,0f,1f],start_interpolation:0}
execute if entity @s[tag=aj.tultaria.bone.left_arm] run data modify entity @s {} merge value {transformation:[-0.7756709057750231f,-0.33447337644209835f,-0.5352216422993169f,0.1587807279525696f,-0.540229110388573f,0.7903234936185033f,0.2890350908166943f,1f,0.3263236954665208f,0.5133384223746223f,-0.7937231947543221f,-0.1504667502501868f,0f,0f,0f,1f],start_interpolation:0}
execute if entity @s[tag=aj.tultaria.bone.rod] run data modify entity @s {} merge value {transformation:[-0.0000035333158574947235f,0.000003367055100441219f,-0.000008728036377202444f,-0.09016742114143694f,0.000005712968218988531f,0.000008164647973907991f,8.369692891541165e-7f,0.5925622303395566f,0.000007407946623728018f,-0.000004690571757552902f,-0.000004808415893747519f,0.62395983712551f,0f,0f,0f,1f],start_interpolation:0}
execute if entity @s[tag=aj.tultaria.bone.sword] run data modify entity @s {} merge value {transformation:[-0.14133263429978893f,-0.14032676579387182f,-0.3468911721040391f,-0.14129897633476468f,0.22851872875954127f,0.26126650845153787f,-0.19879386853639552f,0.5861272031097758f,0.2963178649491207f,-0.2684179769750423f,-0.01214547440902613f,0.6467190685067243f,0f,0f,0f,1f],start_interpolation:0}
execute if entity @s[tag=aj.tultaria.bone.right_hand] run data modify entity @s {} merge value {transformation:[-0.3533315857494723f,-0.37907862146119775f,-0.8552521202913452f,-0.33922841922580416f,0.5712968218988531f,0.6365104608357106f,-0.5181451288345587f,0.7664855120486282f,0.7407946623728018f,-0.6716798582641803f,-0.008332838782628416f,0.3710382854286139f,0f,0f,0f,1f],start_interpolation:0}
execute if entity @s[tag=aj.tultaria.bone.right_arm] run data modify entity @s {} merge value {transformation:[-0.3533315857494723f,0.17810636215921116f,-0.9183871265812558f,-0.1587807279525696f,0.5712968218988531f,0.8184685793868395f,-0.06106656896173954f,1f,0.7407946623728018f,-0.546248394336222f,-0.39094239970239336f,0.1504667502501868f,0f,0f,0f,1f],start_interpolation:0}