execute if entity @s[tag=aj.tultaria.bone.left_hand] run data modify entity @s {} merge value {transformation:[-0.47724709972216045f,-0.8476438405401912f,-0.23180838078262178f,0.2841648114512288f,-0.875451731157524f,0.4815048156969055f,0.041681877044866755f,0.9876367665105937f,0.07628546532649944f,0.22282960318360717f,-0.9718680443995242f,-0.5128569302827124f,0f,0f,0f,1f],start_interpolation:0}
execute if entity @s[tag=aj.tultaria.bone.left_arm] run data modify entity @s {} merge value {transformation:[-0.47724709972216045f,-0.5430171902130985f,-0.6909178944996704f,0.11753428932586775f,-0.875451731157524f,0.36204418728302934f,0.3201691316599167f,1f,0.07628546532649944f,0.7576650563327059f,-0.648169877572444f,-0.18449187877156872f,0f,0f,0f,1f],start_interpolation:0}
execute if entity @s[tag=aj.tultaria.bone.rod] run data modify entity @s {} merge value {transformation:[0.000001719755984880771f,-0.0000027960128881937738f,-0.000009445885415434654f,0.43338314858753785f,0.000009026675386661034f,0.000004287064290368899f,3.7444790571141936e-7f,0.8426566080919694f,0.000003944815688509999f,-0.000008590890041159769f,0.000003261140518957631f,0.5420102708402037f,0f,0f,0f,1f],start_interpolation:0}
execute if entity @s[tag=aj.tultaria.bone.sword] run data modify entity @s {} merge value {transformation:[0.17197559848807709f,-0.8213568243450069f,-0.5438725591777482f,0.41671596436198644f,0.9026675386661034f,0.35247722511952734f,-0.24688280703709725f,0.8578963550294747f,0.39448156885099983f,-0.4484782858443913f,0.8020296247414617f,0.5936221222725282f,0f,0f,0f,1f],start_interpolation:0}
execute if entity @s[tag=aj.tultaria.bone.right_hand] run data modify entity @s {} merge value {transformation:[0.17197559848807709f,-0.8656329305091753f,-0.47021699580381504f,0.04999367517112023f,0.9026675386661034f,0.32961868844321873f,-0.2766637577772897f,0.9316806465360152f,0.39448156885099983f,-0.3768702029174893f,0.8380651179889209f,0.5054420844947604f,0f,0f,0f,1f],start_interpolation:0}
execute if entity @s[tag=aj.tultaria.bone.right_arm] run data modify entity @s {} merge value {transformation:[0.17197559848807709f,-0.6438015870625755f,-0.7456164630829826f,-0.11753428932586775f,0.9026675386661034f,0.4060838192521956f,-0.1424333050238905f,1f,0.39448156885099983f,-0.6485487246439229f,0.6509753018353266f,0.18449187877156872f,0f,0f,0f,1f],start_interpolation:0}