execute if entity @s[tag=aj.tultaria.bone.left_hand] run data modify entity @s {} merge value {transformation:[-0.4484564572108475f,-0.8325873362009035f,-0.32509250004234047f,0.29037507289849285f,-0.89327148387371f,0.43005350230840567f,0.13084357550271422f,1.0069373327153852f,0.030868464230597414f,0.3490735062277829f,-0.936586795318985f,-0.5097919317208375f,0f,0f,0f,1f],start_interpolation:0}
execute if entity @s[tag=aj.tultaria.bone.left_arm] run data modify entity @s {} merge value {transformation:[-0.4484564572108475f,-0.5685856606489641f,-0.6896355214823816f,0.11753428932586775f,-0.89327148387371f,0.31175835004751173f,0.32384068193127535f,1f,0.030868464230597414f,0.7612601905262315f,-0.6477114019654202f,-0.18449187877156872f,0f,0f,0f,1f],start_interpolation:0}
execute if entity @s[tag=aj.tultaria.bone.rod] run data modify entity @s {} merge value {transformation:[0.0000018458004446889977f,-0.0000052628614762644255f,-0.000008300319861308823f,0.4459085422025948f,0.000009070144638523726f,0.000004164568493533426f,-6.235747741274249e-7f,0.8836625726956395f,0.0000037849038236981974f,-0.000007413410709270098f,0.000005542187717953463f,0.43620085419313087f,0f,0f,0f,1f],start_interpolation:0}
execute if entity @s[tag=aj.tultaria.bone.sword] run data modify entity @s {} merge value {transformation:[0.18458004446889975f,-0.936692855208171f,-0.2975511757426328f,0.44160882130332535f,0.9070144638523725f,0.2789418413937463f,-0.3154619017923708f,0.8961361720010774f,0.3784903823698197f,-0.21165524827376767f,0.9010810653496818f,0.4909708263088419f,0f,0f,0f,1f],start_interpolation:0}
execute if entity @s[tag=aj.tultaria.bone.right_hand] run data modify entity @s {} merge value {transformation:[0.18458004446889975f,-0.9590617498260872f,-0.2147807421636832f,0.059412793247351756f,0.9070144638523725f,0.25038606711309574f,-0.33857285738557014f,0.935235740689854f,0.3784903823698197f,-0.13231544662721678f,0.9160991502219549f,0.501094955485669f,0f,0f,0f,1f],start_interpolation:0}
execute if entity @s[tag=aj.tultaria.bone.right_arm] run data modify entity @s {} merge value {transformation:[0.18458004446889975f,-0.6624242202823387f,-0.7260333047231335f,-0.11753428932586775f,0.9070144638523725f,0.3993016717215794f,-0.13372710018147171f,1f,0.3784903823698197f,-0.6338393545242261f,0.6745314693250866f,0.18449187877156872f,0f,0f,0f,1f],start_interpolation:0}