execute if entity @s[tag=aj.tultaria.bone.left_hand] run data modify entity @s {} merge value {transformation:[-0.44841057562259f,-0.7933314322574035f,-0.41176837452897513f,0.28870479408020644f,-0.8926912912526994f,0.42071104406237586f,0.16156879626194415f,1.0025713160593621f,0.04505789821335976f,0.4400311988897631f,-0.8968513420920057f,-0.5107375440850985f,0f,0f,0f,1f],start_interpolation:0}
execute if entity @s[tag=aj.tultaria.bone.left_arm] run data modify entity @s {} merge value {transformation:[-0.44841057562259f,-0.5646312774395302f,-0.6929065421879216f,0.11753428932586775f,-0.8926912912526994f,0.32197949234293055f,0.3153275519712426f,1f,0.04505789821335976f,0.7599478449522656f,-0.6484204336393182f,-0.18449187877156872f,0f,0f,0f,1f],start_interpolation:0}
execute if entity @s[tag=aj.tultaria.bone.rod] run data modify entity @s {} merge value {transformation:[0.0000015144917975398447f,-0.00000471692909757961f,-0.000008686592800608956f,0.42482117232335215f,0.00000894569223128649f,0.000004392402417680114f,-8.254644173181915e-7f,0.8768023266666078f,0.000004204866834786224f,-0.000007645742664356726f,0.000004884845341681782f,0.4742027350475562f,0f,0f,0f,1f],start_interpolation:0}
execute if entity @s[tag=aj.tultaria.bone.sword] run data modify entity @s {} merge value {transformation:[0.15144917975398445f,-0.9197011546410808f,-0.3622332564849729f,0.41639625861202906f,0.8945692231286488f,0.28341771643169633f,-0.34557242807210226f,0.8874626663470857f,0.4204866834786224f,-0.27170606206801007f,0.8656597280991207f,0.5288763677405974f,0f,0f,0f,1f],start_interpolation:0}
execute if entity @s[tag=aj.tultaria.bone.right_hand] run data modify entity @s {} merge value {transformation:[0.15144917975398445f,-0.947772122599152f,-0.28069761234421514f,0.03431942480564325f,0.8945692231286488f,0.25222060481278996f,-0.36895890223556904f,0.9252651906919579f,0.4204866834786224f,-0.19522492190232366f,0.8860463751324648f,0.511749186225743f,0f,0f,0f,1f],start_interpolation:0}
execute if entity @s[tag=aj.tultaria.bone.right_arm] run data modify entity @s {} merge value {transformation:[0.15144917975398445f,-0.6121222919438091f,-0.7761246328118336f,-0.11753428932586775f,0.8945692231286488f,0.41888949469537695f,-0.15581237519804886f,1f,0.4204866834786224f,-0.6706995534062252f,0.6110262335430771f,0.18449187877156872f,0f,0f,0f,1f],start_interpolation:0}