execute if entity @s[tag=aj.tultaria.bone.left_hand] run data modify entity @s {} merge value {transformation:[-0.46466026717777686f,-0.8491869314172985f,-0.25094300471690634f,0.2873841565529156f,-0.8838992051791786f,0.46178513961003487f,0.07400459390441144f,0.997157641942085f,0.053038016458887755f,0.256195316790555f,-0.9651688600782216f,-0.5114247940670843f,0f,0f,0f,1f],start_interpolation:0}
execute if entity @s[tag=aj.tultaria.bone.left_arm] run data modify entity @s {} merge value {transformation:[-0.46466026717777686f,-0.5554577550770884f,-0.6896067853719235f,0.11753428932586775f,-0.8838992051791786f,0.3375999264316998f,0.3236487057859604f,1f,0.053038016458887755f,0.7599295835786577f,-0.6478379402382007f,-0.18449187877156872f,0f,0f,0f,1f],start_interpolation:0}
execute if entity @s[tag=aj.tultaria.bone.rod] run data modify entity @s {} merge value {transformation:[0.0000018544092626420441f,-0.0000035733738934627256f,-0.000009153806055633168f,0.446855003185293f,0.000009072941622888344f,0.000004200283682449771f,1.9836152501546233e-7f,0.8542032997612421f,0.000003773976231282819f,-0.000008341979141934202f,0.00000402100576985996f,0.5060880266876264f,0f,0f,0f,1f],start_interpolation:0}
execute if entity @s[tag=aj.tultaria.bone.sword] run data modify entity @s {} merge value {transformation:[0.1854409262642044f,-0.8621316328308162f,-0.4715301798811451f,0.43415333795688266f,0.9072941622888343f,0.3345108304982431f,-0.2547936564280563f,0.8692916190735378f,0.37739762312828184f,-0.38056740789490484f,0.8442389958449424f,0.5588595952236819f,0f,0f,0f,1f],start_interpolation:0}
execute if entity @s[tag=aj.tultaria.bone.right_hand] run data modify entity @s {} merge value {transformation:[0.1854409262642044f,-0.8999475247387165f,-0.3945961423822227f,0.060050163610496435f,0.9072941622888343f,0.3110311854232375f,-0.2829786295302498f,0.935467665603675f,0.37739762312828184f,-0.30553895727201985f,0.8741950466836623f,0.5007852985460768f,0f,0f,0f,1f],start_interpolation:0}
execute if entity @s[tag=aj.tultaria.bone.right_arm] run data modify entity @s {} merge value {transformation:[0.1854409262642044f,-0.6636725159221345f,-0.7246726533241462f,-0.11753428932586775f,0.9072941622888343f,0.3988687178078886f,-0.1331204305540425f,1f,0.37739762312828184f,-0.6328052919847268f,0.6761127838558063f,0.18449187877156872f,0f,0f,0f,1f],start_interpolation:0}