execute if entity @s[tag=aj.tultaria.bone.head] run data modify entity @s {} merge value {transformation:[-0.9517532213702814f,0.02674500118387688f,-0.30569676236912685f,0f,0f,0.9961946980917455f,0.08715574274765814f,1.59375f,0.30686447433890424f,0.08295075892100318f,-0.9481315130208137f,0f,0f,0f,0f,1f],start_interpolation:0}
execute if entity @s[tag=aj.tultaria.bone.bust] run data modify entity @s {} merge value {transformation:[-0.7523723284354973f,0f,-0.6587380962146854f,0.7055552123250913f,0f,1f,0f,0.4375f,0.6587380962146854f,0f,-0.7523723284354973f,0.046817116110405954f,0f,0f,0f,1f],start_interpolation:0}
execute if entity @s[tag=aj.tultaria.bone.left_wing] run data modify entity @s {} merge value {transformation:[-0.7523723284354973f,0f,-0.6587380962146854f,-0.03531899149961715f,0f,1f,0f,1.5f,0.6587380962146854f,0f,-0.7523723284354973f,-0.135217672067855f,0f,0f,0f,1f],start_interpolation:0}
execute if entity @s[tag=aj.tultaria.bone.right_wing] run data modify entity @s {} merge value {transformation:[-0.9972381958074503f,0f,-0.07426964940472974f,-0.12936553255405425f,0f,1f,0f,1.5f,0.07426964940472974f,0f,-0.9972381958074503f,-0.05287541004101931f,0f,0f,0f,1f],start_interpolation:0}
execute if entity @s[tag=aj.tultaria.bone.body] run data modify entity @s {} merge value {transformation:[-0.7523723284354973f,0f,-0.6587380962146854f,0.7055552123250913f,0f,1f,0f,0.4375f,0.6587380962146854f,0f,-0.7523723284354973f,0.046817116110405954f,0f,0f,0f,1f],start_interpolation:0}
execute if entity @s[tag=aj.tultaria.bone.left_hand] run data modify entity @s {} merge value {transformation:[-0.13552976071559464f,-0.9902281174956148f,-0.03286273393168132f,0.4913908356243344f,-0.9610254790506827f,0.13945494569950773f,-0.2387097541688508f,1.4463690311900035f,0.2409599812744421f,-0.000770351243373546f,-0.9705347464069394f,-0.31397877250848605f,0f,0f,0f,1f],start_interpolation:0}
execute if entity @s[tag=aj.tultaria.bone.left_arm] run data modify entity @s {} merge value {transformation:[-0.13552976071559464f,-0.9694777734999755f,-0.20431478323876562f,0.16458144684526504f,-0.9610254790506827f,0.17878782552351358f,-0.2108671194377623f,1.4375f,0.2409599812744421f,0.16777294219898453f,-0.9559239129188665f,-0.14409895854696242f,0f,0f,0f,1f],start_interpolation:0}
execute if entity @s[tag=aj.tultaria.bone.rod] run data modify entity @s {} merge value {transformation:[4.2352901220966855e-7f,0.00000976490412537921f,-0.0000021135918711919718f,-0.5886661098639119f,0.00000997035407319951f,-2.7706825768642593e-7f,7.178250731317378e-7f,1.5158915671873046f,6.423883800713389e-7f,-0.000002137727906618307f,-0.000009747689806636989f,0.6664005561783891f,0f,0f,0f,1f],start_interpolation:0}
execute if entity @s[tag=aj.tultaria.bone.sword] run data modify entity @s {} merge value {transformation:[-0.5008596111334642f,0.8651283680390496f,-0.026316472965156656f,-0.6267146054639101f,0.8579641646070809f,0.500263785745954f,0.1167631659437175f,1.5503465603259534f,0.11418030559299133f,0.03590336314632708f,-0.9928110627553836f,0.6431843214407629f,0f,0f,0f,1f],start_interpolation:0}
execute if entity @s[tag=aj.tultaria.bone.right_hand] run data modify entity @s {} merge value {transformation:[0.042352901220966854f,0.5410294779911524f,-0.839936506947274f,-0.49077211898563894f,0.9970354073199509f,0.03116621330555676f,0.07034958207787946f,1.5363725949366231f,0.06423883800713388f,-0.8404259462277528f,-0.5381055664074472f,0.28397763054205083f,0f,0f,0f,1f],start_interpolation:0}
execute if entity @s[tag=aj.tultaria.bone.right_arm] run data modify entity @s {} merge value {transformation:[0.042352901220966854f,0.7956766125865061f,-0.6042391579010996f,-0.16458144684526504f,0.9970354073199509f,0.005225686515894057f,0.07676645589564081f,1.4375f,0.06423883800713388f,-0.6056991170402187f,-0.7930964325403265f,0.14409895854696242f,0f,0f,0f,1f],start_interpolation:0}
execute if entity @s[tag=aj.tultaria.bone.skirt] run data modify entity @s {} merge value {transformation:[-0.9899049026997269f,0.031123741356387617f,-0.13827362848723104f,0.00856009431718002f,0f,0.9755913563732694f,0.21959395567675438f,0.8879434029030169f,0.14173314224642064f,0.21737713332764566f,-0.9657426667053758f,0.059786153032690345f,0f,0f,0f,1f],start_interpolation:0}
execute if entity @s[tag=aj.tultaria.bone.left_foot] run data modify entity @s {} merge value {transformation:[-0.9899049026997269f,0.040868895038811595f,-0.1357129950644031f,0.13426377617552243f,0f,0.9575247744698221f,0.28835101226892973f,0.4266135422284127f,0.14173314224642064f,0.2854400807434426f,-0.9478584687041269f,0.055797607855040565f,0f,0f,0f,1f],start_interpolation:0}
execute if entity @s[tag=aj.tultaria.bone.left_leg] run data modify entity @s {} merge value {transformation:[-0.9899049026997269f,0.015316196313455373f,-0.14090315021862285f,0.1233517182853313f,0f,0.9941439806198982f,0.10806361921212661f,0.8750594861511339f,0.14173314224642064f,0.10697270646156051f,-0.9841080004050593f,-0.020415333118659118f,0f,0f,0f,1f],start_interpolation:0}
execute if entity @s[tag=aj.tultaria.bone.right_foot] run data modify entity @s {} merge value {transformation:[-0.9899049026997269f,0.06299492067955788f,-0.1269642610328604f,-0.07843440510670549f,0f,0.8957979694835052f,0.44446146949902104f,0.5539509348292035f,0.14173314224642064f,0.439974587718206f,-0.8867548018201821f,0.33413072689942214f,0f,0f,0f,1f],start_interpolation:0}
execute if entity @s[tag=aj.tultaria.bone.right_leg] run data modify entity @s {} merge value {transformation:[-0.9899049026997269f,-0.06907389223189679f,-0.12376219545152072f,-0.12412450738960042f,0f,0.8732057547721958f,-0.48735173112724234f,0.8750594861511339f,0.14173314224642064f,-0.4824318679820563f,-0.864390657714612f,0.01501795244294604f,0f,0f,0f,1f],start_interpolation:0}
execute if entity @s[tag=aj.tultaria.bone.lower] run data modify entity @s {} merge value {transformation:[-0.9899049026997269f,0.006182312834152889f,-0.141598243700495f,0f,0f,0.9990482215818578f,0.043619387365336f,0.9375f,0.14173314224642064f,0.04317904540570463f,-0.988962732577324f,0f,0f,0f,0f,1f],start_interpolation:0}