execute if entity @s[tag=aj.blazing_inferno.bone.body] run data modify entity @s {} merge value {transformation:[-0.7933533402912353f,0.053057054501380825f,-0.606444907981242f,-0.006632131812672603f,0f,0.9961946980917455f,0.08715574274765818f,0.7192256627385318f,0.6087614290087207f,0.06914529963441822f,-0.790334391311505f,-0.008643162454302277f,0f,0f,0f,1f],start_interpolation:0}
execute if entity @s[tag=aj.blazing_inferno.bone.left_hand] run data modify entity @s {} merge value {transformation:[-0.4985105763502041f,-0.10403103180581563f,0.8606188178795563f,0.8675462704617716f,-0.8160349234517082f,-0.2786972095287006f,-0.5063742381955071f,1.4839395850101136f,0.2925306974902838f,-0.9547279245011813f,0.05404055147308501f,0.04597966519703872f,0f,0f,0f,1f],start_interpolation:0}
execute if entity @s[tag=aj.blazing_inferno.bone.left_arm] run data modify entity @s {} merge value {transformation:[-0.4985105763502041f,-0.7646474125127161f,0.40841344224277903f,0.3678565994987279f,-0.8160349234517082f,0.25494334013067754f,-0.5187397199272273f,1.4663716863073408f,0.2925306974902838f,-0.5918768688339003f,-0.7510709441625513f,-0.2136054155915426f,0f,0f,0f,1f],start_interpolation:0}
execute if entity @s[tag=aj.blazing_inferno.bone.right_hand] run data modify entity @s {} merge value {transformation:[-0.7273616981625255f,-0.6853707897798016f,-0.034811500437901044f,-0.31566519259225406f,0.34071865342161f,-0.31663012928094597f,-0.8852435599551661f,1.1601402423135265f,0.5956977079498395f,-0.6557531866092166f,0.4638232411114883f,0.772694908807426f,0f,0f,0f,1f],start_interpolation:0}
execute if entity @s[tag=aj.blazing_inferno.bone.right_arm] run data modify entity @s {} merge value {transformation:[-0.7273616981625255f,-0.23011841352512252f,-0.6465218293320094f,-0.30153528137200186f,0.34071865342161f,0.6966893016665716f,-0.6312961398218029f,1.4663716863073408f,0.5956977079498395f,-0.679462679401912f,-0.4283394775680645f,0.3000370401345654f,0f,0f,0f,1f],start_interpolation:0}
execute if entity @s[tag=aj.blazing_inferno.bone.head] run data modify entity @s {} merge value {transformation:[-0.9113936511061415f,0.10325290122936027f,-0.398372251934214f,0.03979279087603562f,0.026799739121016374f,0.9808501427599716f,0.19291130456971411f,1.5908960235688092f,0.41066213205804913f,0.16514186578655188f,-0.8967077436144254f,0.05185897472581366f,0f,0f,0f,1f],start_interpolation:0}
execute if entity @s[tag=aj.blazing_inferno.bone.bottom] run data modify entity @s {} merge value {transformation:[-1f,2.1265768495757713e-17f,1.2060416625018976e-16f,0f,0f,0.984807753012208f,-0.17364817766693033f,0.84375f,-1.2246467991473532e-16f,-0.17364817766693033f,-0.984807753012208f,0f,0f,0f,0f,1f],start_interpolation:0}