execute if entity @s[tag=aj.blazing_inferno.bone.body] run data modify entity @s {} merge value {transformation:[-1f,0f,1.2246467991473532e-16f,0f,0f,1f,0f,0.6164157784059703f,-1.2246467991473532e-16f,0f,-1f,0f,0f,0f,0f,1f],start_interpolation:0}
execute if entity @s[tag=aj.blazing_inferno.bone.left_hand] run data modify entity @s {} merge value {transformation:[-0.9659258262890683f,-0.24508355189472952f,0.08319465546802925f,0.7316709277596707f,-0.2588190451025207f,0.9146642677705744f,-0.31048668112487265f,0.9346860057457429f,-1.2523069104177421e-16f,-0.3214394653031616f,-0.9469301294951056f,-0.1871328379581552f,0f,0f,0f,1f],start_interpolation:0}
execute if entity @s[tag=aj.blazing_inferno.bone.left_arm] run data modify entity @s {} merge value {transformation:[-0.9659258262890683f,-0.24223027826912077f,-0.0911690210402907f,0.421875f,-0.2588190451025207f,0.904015705631906f,0.34024741859868135f,1.3664157784059703f,-1.2523069104177421e-16f,0.35225004792123343f,-0.9359059267573256f,5.1664786839028965e-17f,0f,0f,0f,1f],start_interpolation:0}
execute if entity @s[tag=aj.blazing_inferno.bone.right_hand] run data modify entity @s {} merge value {transformation:[-0.9659258262890683f,0.24508355189472955f,-0.08319465546802898f,-0.7316709277596707f,0.2588190451025207f,0.9146642677705744f,-0.31048668112487265f,0.9346860057457429f,-1.1135290323395976e-16f,-0.32143946530316153f,-0.9469301294951056f,-0.1871328379581554f,0f,0f,0f,1f],start_interpolation:0}
execute if entity @s[tag=aj.blazing_inferno.bone.right_arm] run data modify entity @s {} merge value {transformation:[-0.9659258262890683f,0.24223027826912066f,0.09116902104029093f,-0.421875f,0.2588190451025207f,0.904015705631906f,0.34024741859868135f,1.3664157784059703f,-1.1135290323395976e-16f,0.35225004792123354f,-0.9359059267573256f,-5.1664786839028965e-17f,0f,0f,0f,1f],start_interpolation:0}
execute if entity @s[tag=aj.blazing_inferno.bone.head] run data modify entity @s {} merge value {transformation:[-1f,-1.7035523857311073e-17f,1.2127402340784099e-16f,0f,0f,0.9902775517992345f,0.1391056088104086f,1.4914157784059703f,-1.2246467991473532e-16f,0.1391056088104086f,-0.9902775517992345f,0f,0f,0f,0f,1f],start_interpolation:0}
execute if entity @s[tag=aj.blazing_inferno.bone.bottom] run data modify entity @s {} merge value {transformation:[-1f,-1.9948942008827592e-17f,1.208289598537826e-16f,0f,0f,0.986643332084879f,0.16289547339458874f,0.7414157784059703f,-1.2246467991473532e-16f,0.16289547339458874f,-0.986643332084879f,0f,0f,0f,0f,1f],start_interpolation:0}