execute if entity @s[tag=aj.blazing_inferno.bone.body] run data modify entity @s {} merge value {transformation:[-1f,0f,1.2246467991473532e-16f,0f,0f,1f,0f,0.6024048293740758f,-1.2246467991473532e-16f,0f,-1f,0f,0f,0f,0f,1f],start_interpolation:0}
execute if entity @s[tag=aj.blazing_inferno.bone.left_hand] run data modify entity @s {} merge value {transformation:[-0.9659258262890683f,-0.2533864114452059f,0.05275058864791422f,0.728479011401792f,-0.25881904510252074f,0.9456509614610609f,-0.19686787696318153f,0.932587450734962f,-1.1829179713786698e-16f,-0.20381262370788483f,-0.9790099153825298f,-0.2170948209536853f,0f,0f,0f,1f],start_interpolation:0}
execute if entity @s[tag=aj.blazing_inferno.bone.left_arm] run data modify entity @s {} merge value {transformation:[-0.9659258262890683f,-0.23622196512487847f,-0.10576616330529037f,0.421875f,-0.25881904510252074f,0.8815923757098099f,0.3947246951769711f,1.3524048293740758f,-1.1829179713786698e-16f,0.4086490747363489f,-0.9126915874035029f,5.1664786839028965e-17f,0f,0f,0f,1f],start_interpolation:0}
execute if entity @s[tag=aj.blazing_inferno.bone.right_hand] run data modify entity @s {} merge value {transformation:[-0.9659258262890683f,0.25338641144520596f,-0.05275058864791396f,-0.7284790114017919f,0.25881904510252074f,0.9456509614610609f,-0.19686787696318153f,0.932587450734962f,-1.1829179713786698e-16f,-0.20381262370788472f,-0.9790099153825298f,-0.2170948209536855f,0f,0f,0f,1f],start_interpolation:0}
execute if entity @s[tag=aj.blazing_inferno.bone.right_arm] run data modify entity @s {} merge value {transformation:[-0.9659258262890683f,0.23622196512487836f,0.1057661633052906f,-0.421875f,0.25881904510252074f,0.8815923757098099f,0.3947246951769711f,1.3524048293740758f,-1.1829179713786698e-16f,0.40864907473634904f,-0.9126915874035029f,-5.1664786839028965e-17f,0f,0f,0f,1f],start_interpolation:0}
execute if entity @s[tag=aj.blazing_inferno.bone.head] run data modify entity @s {} merge value {transformation:[-1f,-1.3674908814892143e-17f,1.216987867463064e-16f,0f,0f,0.993746007673705f,0.1116641044945624f,1.4774048293740758f,-1.2246467991473532e-16f,0.1116641044945624f,-0.993746007673705f,0f,0f,0f,0f,1f],start_interpolation:0}
execute if entity @s[tag=aj.blazing_inferno.bone.bottom] run data modify entity @s {} merge value {transformation:[-1f,-8.713272266730439e-18f,1.221543151633392e-16f,0f,0f,0.9974656794790775f,0.07114926746876699f,0.7274048293740758f,-1.2246467991473532e-16f,0.07114926746876699f,-0.9974656794790775f,0f,0f,0f,0f,1f],start_interpolation:0}