execute if entity @s[tag=aj.blazing_inferno.bone.helm] run data modify entity @s {} merge value {transformation:[-1.2291666666666665f,-1.786147243905035e-17f,1.494660459557762e-16f,0.49999999999999994f,0f,1.22048288583974f,0.14584999080131678f,-0.04101305376320252f,-1.5052950239519548e-16f,0.14584999080131678f,-1.22048288583974f,0.355561691262351f,0f,0f,0f,1f],start_interpolation:0}
execute if entity @s[tag=aj.blazing_inferno.bone.head] run data modify entity @s {} merge value {transformation:[-1f,-1.4531367408040964e-17f,1.2159949501486878e-16f,0f,0f,0.9929352291577547f,0.1186576196349696f,1.1974263406791161f,-1.2246467991473532e-16f,0.1186576196349696f,-0.9929352291577547f,0f,0f,0f,0f,1f],start_interpolation:0}
execute if entity @s[tag=aj.blazing_inferno.bone.body] run data modify entity @s {} merge value {transformation:[-1f,0f,1.2246467991473532e-16f,0f,0f,1f,0f,0.44742634067911624f,-1.2246467991473532e-16f,0f,-1f,0f,0f,0f,0f,1f],start_interpolation:0}
execute if entity @s[tag=aj.blazing_inferno.bone.left_hand] run data modify entity @s {} merge value {transformation:[-0.9659258262890683f,-0.22476135509176495f,0.12833406159353866f,0.480065352896638f,-0.2588190451025207f,0.8388207967804971f,-0.4789492382087597f,0.813400255488661f,-1.1135290323395976e-16f,-0.4958447379430839f,-0.8684111905394555f,-0.08160387639991354f,0f,0f,0f,1f],start_interpolation:0}
execute if entity @s[tag=aj.blazing_inferno.bone.left_arm] run data modify entity @s {} merge value {transformation:[-0.9659258262890683f,-0.2498387987536143f,-0.06758603957276711f,0.28125f,-0.2588190451025207f,0.9324110906504647f,0.25223453356792813f,1.0724263406791161f,-1.1135290323395976e-16f,0.26113240447972347f,-0.9653029925006128f,3.444319122601931e-17f,0f,0f,0f,1f],start_interpolation:0}
execute if entity @s[tag=aj.blazing_inferno.bone.right_hand] run data modify entity @s {} merge value {transformation:[-0.9659258262890683f,0.2247613550917651f,-0.12833406159353844f,-0.4956802778187389f,0.2588190451025207f,0.8388207967804971f,-0.4789492382087597f,0.755124562323007f,-1.2523069104177421e-16f,-0.4958447379430838f,-0.8684111905394556f,-0.09792465167989638f,0f,0f,0f,1f],start_interpolation:0}
execute if entity @s[tag=aj.blazing_inferno.bone.right_arm] run data modify entity @s {} merge value {transformation:[-0.9659258262890683f,0.24983879875361426f,0.06758603957276736f,-0.28125f,0.2588190451025207f,0.9324110906504647f,0.25223453356792813f,1.0724263406791161f,-1.2523069104177421e-16f,0.2611324044797236f,-0.9653029925006128f,-3.444319122601931e-17f,0f,0f,0f,1f],start_interpolation:0}
execute if entity @s[tag=aj.blazing_inferno.bone.bottom] run data modify entity @s {} merge value {transformation:[-1f,9.938856144770707e-19f,1.224606468135944e-16f,0f,0f,0.9999670672299661f,-0.008115691929861349f,0.6974263406791162f,-1.2246467991473532e-16f,-0.008115691929861349f,-0.9999670672299661f,0f,0f,0f,0f,1f],start_interpolation:0}