execute if entity @s[tag=aj.blazing_inferno.bone.body] run data modify entity @s {} merge value {transformation:[-1f,0f,1.2246467991473532e-16f,0f,0f,1f,0f,0.7846866844485011f,-1.2246467991473532e-16f,0f,-1f,0f,0f,0f,0f,1f],start_interpolation:0}
execute if entity @s[tag=aj.blazing_inferno.bone.left_hand] run data modify entity @s {} merge value {transformation:[-0.9659258262890683f,-0.23366699929108525f,0.1112970419646479f,0.734287935457419f,-0.2588190451025207f,0.8720571134064914f,-0.41536621534419127f,1.0931901060964784f,-1.2523069104177421e-16f,-0.4300187488929264f,-0.902819957466915f,-0.15767606528048184f,0f,0f,0f,1f],start_interpolation:0}
execute if entity @s[tag=aj.blazing_inferno.bone.left_arm] run data modify entity @s {} merge value {transformation:[-0.9659258262890683f,-0.2471564104060586f,-0.0768180115791379f,0.421875f,-0.2588190451025207f,0.9224002810517561f,0.2866887221497574f,1.5346866844485012f,-1.2523069104177421e-16f,0.2968020052338483f,-0.9549390397764491f,5.1664786839028965e-17f,0f,0f,0f,1f],start_interpolation:0}
execute if entity @s[tag=aj.blazing_inferno.bone.right_hand] run data modify entity @s {} merge value {transformation:[-0.9659258262890683f,0.23366699929108536f,-0.11129704196464768f,-0.7342879354574189f,0.2588190451025207f,0.8720571134064914f,-0.41536621534419127f,1.0931901060964784f,-1.1135290323395976e-16f,-0.43001874889292635f,-0.9028199574669151f,-0.15767606528048206f,0f,0f,0f,1f],start_interpolation:0}
execute if entity @s[tag=aj.blazing_inferno.bone.right_arm] run data modify entity @s {} merge value {transformation:[-0.9659258262890683f,0.24715641040605854f,0.07681801157913812f,-0.421875f,0.2588190451025207f,0.9224002810517561f,0.2866887221497574f,1.5346866844485012f,-1.1135290323395976e-16f,0.2968020052338484f,-0.9549390397764491f,-5.1664786839028965e-17f,0f,0f,0f,1f],start_interpolation:0}
execute if entity @s[tag=aj.blazing_inferno.bone.head] run data modify entity @s {} merge value {transformation:[-1f,-1.0398998726848718e-17f,1.2202236947419753e-16f,0f,0f,0.9963882611635801f,0.08491426862087016f,1.6596866844485012f,-1.2246467991473532e-16f,0.08491426862087016f,-0.9963882611635801f,0f,0f,0f,0f,1f],start_interpolation:0}
execute if entity @s[tag=aj.blazing_inferno.bone.bottom] run data modify entity @s {} merge value {transformation:[-1f,1.9948942008827592e-17f,1.208289598537826e-16f,0f,0f,0.986643332084879f,-0.16289547339458874f,0.9096866844485011f,-1.2246467991473532e-16f,-0.16289547339458874f,-0.986643332084879f,0f,0f,0f,0f,1f],start_interpolation:0}