execute if entity @s[tag=aj.blazing_inferno.bone.body] run data modify entity @s {} merge value {transformation:[-1f,0f,1.2246467991473532e-16f,0f,0f,1f,0f,0.5815097118886358f,-1.2246467991473532e-16f,0f,-1f,0f,0f,0f,0f,1f],start_interpolation:0}
execute if entity @s[tag=aj.blazing_inferno.bone.left_hand] run data modify entity @s {} merge value {transformation:[-0.9934925828034175f,-0.11389458190817828f,0.0007156301809534693f,0.663379719832526f,-0.11389683013409381f,0.9934729721103989f,-0.006242256926469014f,0.8711531962252854f,-1.251371981026378e-16f,-0.006283143965559124f,-0.9999802608561371f,-0.21709482095368532f,0f,0f,0f,1f],start_interpolation:0}
execute if entity @s[tag=aj.blazing_inferno.bone.left_arm] run data modify entity @s {} merge value {transformation:[-0.9934925828034175f,-0.10395267869531326f,-0.04654383424970043f,0.421875f,-0.11389683013409381f,0.9067523224724571f,0.40598982472004214f,1.3315097118886356f,-1.251371981026378e-16f,0.408649074736349f,-0.9126915874035029f,5.1664786839028965e-17f,0f,0f,0f,1f],start_interpolation:0}
execute if entity @s[tag=aj.blazing_inferno.bone.right_hand] run data modify entity @s {} merge value {transformation:[-0.9934925828034175f,0.11389458190817828f,-0.0007156301809532195f,-0.6633797198325259f,0.11389683013409381f,0.9934729721103989f,-0.006242256926469014f,0.8711531962252854f,-1.1819830419873057e-16f,-0.006283143965559124f,-0.9999802608561371f,-0.21709482095368549f,0f,0f,0f,1f],start_interpolation:0}
execute if entity @s[tag=aj.blazing_inferno.bone.right_arm] run data modify entity @s {} merge value {transformation:[-0.9934925828034175f,0.10395267869531315f,0.046543834249700655f,-0.421875f,0.11389683013409381f,0.9067523224724571f,0.40598982472004214f,1.3315097118886356f,-1.1819830419873057e-16f,0.408649074736349f,-0.9126915874035029f,-5.1664786839028965e-17f,0f,0f,0f,1f],start_interpolation:0}
execute if entity @s[tag=aj.blazing_inferno.bone.head] run data modify entity @s {} merge value {transformation:[-1f,-1.8057835638225826e-17f,1.211260186693239e-16f,0f,0f,0.9890690013941696f,0.1474534180042637f,1.4565097118886356f,-1.2246467991473532e-16f,0.1474534180042637f,-0.9890690013941696f,0f,0f,0f,0f,1f],start_interpolation:0}
execute if entity @s[tag=aj.blazing_inferno.bone.bottom] run data modify entity @s {} merge value {transformation:[-1f,-3.095232146727153e-17f,1.1848861389350985e-16f,0f,0f,0.9675329570616299f,0.2527448852095293f,0.7065097118886358f,-1.2246467991473532e-16f,0.2527448852095293f,-0.9675329570616299f,0f,0f,0f,0f,1f],start_interpolation:0}