execute if entity @s[tag=aj.blazing_inferno.bone.helm] run data modify entity @s {} merge value {transformation:[-1.2291666666666665f,-1.0816156539167619e-17f,1.5014040711635686e-16f,0.49999999999999994f,0f,1.2259894626017107f,0.08832062066138782f,0.03372849617648632f,-1.5052950239519548e-16f,0.08832062066138782f,-1.2259894626017107f,0.4133808766905416f,0f,0f,0f,1f],start_interpolation:0}
execute if entity @s[tag=aj.blazing_inferno.bone.head] run data modify entity @s {} merge value {transformation:[-1f,-8.799584981017725e-18f,1.221481278234768e-16f,0f,0f,0.9974151560149511f,0.0718540642668918f,1.2540860260776867f,-1.2246467991473532e-16f,0.0718540642668918f,-0.9974151560149511f,0f,0f,0f,0f,1f],start_interpolation:0}
execute if entity @s[tag=aj.blazing_inferno.bone.body] run data modify entity @s {} merge value {transformation:[-1f,0f,1.2246467991473532e-16f,0f,0f,1f,0f,0.5040860260776867f,-1.2246467991473532e-16f,0f,-1f,0f,0f,0f,0f,1f],start_interpolation:0}
execute if entity @s[tag=aj.blazing_inferno.bone.left_hand] run data modify entity @s {} merge value {transformation:[-0.9659258262890683f,-0.23725371689082392f,0.10343100081343806f,0.47881541104786807f,-0.25881904510252074f,0.8854429257211175f,-0.3860097501134484f,0.8747247873733477f,-1.1829179713786698e-16f,-0.3996266996985016f,-0.9166779701116874f,-0.0977216383524201f,0f,0f,0f,1f],start_interpolation:0}
execute if entity @s[tag=aj.blazing_inferno.bone.left_arm] run data modify entity @s {} merge value {transformation:[-0.9659258262890683f,-0.24583898483755046f,-0.0809351075975271f,0.28125f,-0.25881904510252074f,0.9174835818948932f,0.3020539336700255f,1.1290860260776867f,-1.1829179713786698e-16f,0.3127092427277445f,-0.9498488982531067f,3.444319122601931e-17f,0f,0f,0f,1f],start_interpolation:0}
execute if entity @s[tag=aj.blazing_inferno.bone.right_hand] run data modify entity @s {} merge value {transformation:[-0.9659258262890683f,0.23725371689082403f,-0.10343100081343784f,-0.49418034760021495f,0.25881904510252074f,0.8854429257211175f,-0.3860097501134484f,0.8173820635049168f,-1.1829179713786698e-16f,-0.3996266996985015f,-0.9166779701116875f,-0.11726596602290426f,0f,0f,0f,1f],start_interpolation:0}
execute if entity @s[tag=aj.blazing_inferno.bone.right_arm] run data modify entity @s {} merge value {transformation:[-0.9659258262890683f,0.2458389848375504f,0.08093510759752733f,-0.28125f,0.25881904510252074f,0.9174835818948932f,0.3020539336700255f,1.1290860260776867f,-1.1829179713786698e-16f,0.3127092427277446f,-0.9498488982531067f,-3.444319122601931e-17f,0f,0f,0f,1f],start_interpolation:0}
execute if entity @s[tag=aj.blazing_inferno.bone.bottom] run data modify entity @s {} merge value {transformation:[-1f,2.6464471494078028e-17f,1.1957102314171988e-16f,0f,0f,0.9763714993169449f,-0.21609880916280208f,0.7540860260776867f,-1.2246467991473532e-16f,-0.21609880916280208f,-0.9763714993169449f,0f,0f,0f,0f,1f],start_interpolation:0}