execute if entity @s[tag=aj.blazing_inferno.bone.helm] run data modify entity @s {} merge value {transformation:[-1.2291666666666665f,-1.9749039325237413e-17f,1.4922837041620268e-16f,0.49999999999999994f,0f,1.2185421177771523f,0.16126314410806009f,-0.17296471845514816f,-1.5052950239519548e-16f,0.16126314410806009f,-1.2185421177771523f,0.3398815527541057f,0f,0f,0f,1f],start_interpolation:0}
execute if entity @s[tag=aj.blazing_inferno.bone.head] run data modify entity @s {} merge value {transformation:[-1f,-1.6067015044260948e-17f,1.214061318640293e-16f,0f,0f,0.9913562992085307f,0.1311971341896082f,1.0698694539497862f,-1.2246467991473532e-16f,0.1311971341896082f,-0.9913562992085307f,0f,0f,0f,0f,1f],start_interpolation:0}
execute if entity @s[tag=aj.blazing_inferno.bone.body] run data modify entity @s {} merge value {transformation:[-1f,0f,1.2246467991473532e-16f,0f,0f,1f,0f,0.3198694539497861f,-1.2246467991473532e-16f,0f,-1f,0f,0f,0f,0f,1f],start_interpolation:0}
execute if entity @s[tag=aj.blazing_inferno.bone.left_hand] run data modify entity @s {} merge value {transformation:[-0.9659258262890683f,-0.24869298204511964f,0.07168750790260796f,0.47700337483958294f,-0.25881904510252074f,0.9281348444782012f,-0.2675414217605278f,0.6972708264399218f,-1.1829179713786698e-16f,-0.2769792612217224f,-0.9608758966968985f,-0.11686225179306256f,0f,0f,0f,1f],start_interpolation:0}
execute if entity @s[tag=aj.blazing_inferno.bone.left_arm] run data modify entity @s {} merge value {transformation:[-0.9659258262890683f,-0.24004046897103803f,-0.09678776453635449f,0.28125f,-0.25881904510252074f,0.8958432260725744f,0.36121685480068855f,0.9448694539497862f,-1.1829179713786698e-16f,0.37395920573780034f,-0.9274451533346614f,3.444319122601931e-17f,0f,0f,0f,1f],start_interpolation:0}
execute if entity @s[tag=aj.blazing_inferno.bone.right_hand] run data modify entity @s {} merge value {transformation:[-0.9659258262890683f,0.2486929820451197f,-0.07168750790260771f,-0.4920059041502728f,0.25881904510252074f,0.9281348444782012f,-0.2675414217605278f,0.6412806248103858f,-1.1829179713786698e-16f,-0.2769792612217223f,-0.9608758966968987f,-0.14023470215167522f,0f,0f,0f,1f],start_interpolation:0}
execute if entity @s[tag=aj.blazing_inferno.bone.right_arm] run data modify entity @s {} merge value {transformation:[-0.9659258262890683f,0.24004046897103792f,0.09678776453635471f,-0.28125f,0.25881904510252074f,0.8958432260725744f,0.36121685480068855f,0.9448694539497862f,-1.1829179713786698e-16f,0.37395920573780045f,-0.9274451533346614f,-3.444319122601931e-17f,0f,0f,0f,1f],start_interpolation:0}
execute if entity @s[tag=aj.blazing_inferno.bone.bottom] run data modify entity @s {} merge value {transformation:[-1f,-2.4457418839474887e-17f,1.19997635353073e-16f,0f,0f,0.9798550523842469f,0.19970998051440705f,0.5698694539497862f,-1.2246467991473532e-16f,0.19970998051440705f,-0.9798550523842469f,0f,0f,0f,0f,1f],start_interpolation:0}