execute if entity @s[tag=aj.blazing_inferno.bone.helm] run data modify entity @s {} merge value {transformation:[-1.2291666666666665f,-1.9175029492195067e-17f,1.4930321274278934e-16f,0.49999999999999994f,0f,1.2191532517517707f,0.15657599812080897f,-0.16438820674826204f,-1.5052950239519548e-16f,0.15657599812080897f,-1.2191532517517707f,0.34465840930773545f,0f,0f,0f,1f],start_interpolation:0}
execute if entity @s[tag=aj.blazing_inferno.bone.head] run data modify entity @s {} merge value {transformation:[-1f,-1.5600023993650225e-17f,1.214670205365066e-16f,0f,0f,0.9918534929505932f,0.12738386287794629f,1.0771297475695407f,-1.2246467991473532e-16f,0.12738386287794629f,-0.9918534929505932f,0f,0f,0f,0f,1f],start_interpolation:0}
execute if entity @s[tag=aj.blazing_inferno.bone.body] run data modify entity @s {} merge value {transformation:[-1f,0f,1.2246467991473532e-16f,0f,0f,1f,0f,0.3271297475695406f,-1.2246467991473532e-16f,0f,-1f,0f,0f,0f,0f,1f],start_interpolation:0}
execute if entity @s[tag=aj.blazing_inferno.bone.left_hand] run data modify entity @s {} merge value {transformation:[-0.9659258262890683f,-0.24698738759812042f,0.07735973419833149f,0.4773445577352343f,-0.25881904510252074f,0.9217694793448928f,-0.2887104584881963f,0.7032578081584318f,-1.2523069104177421e-16f,-0.29889506070810384f,-0.9542859857947715f,-0.11353824113652708f,0f,0f,0f,1f],start_interpolation:0}
execute if entity @s[tag=aj.blazing_inferno.bone.left_arm] run data modify entity @s {} merge value {transformation:[-0.9659258262890683f,-0.2411322542371225f,-0.09403474929144212f,0.28125f,-0.25881904510252074f,0.8999178241565569f,0.3509424620326639f,0.9521297475695406f,-1.2523069104177421e-16f,0.3633223716368868f,-0.9316634876757529f,3.444319122601931e-17f,0f,0f,0f,1f],start_interpolation:0}
execute if entity @s[tag=aj.blazing_inferno.bone.right_hand] run data modify entity @s {} merge value {transformation:[-0.9659258262890683f,0.24698738759812047f,-0.07735973419833123f,-0.49241532362505447f,0.25881904510252074f,0.9217694793448928f,-0.2887104584881963f,0.6470129441486469f,-1.1135290323395976e-16f,-0.29889506070810373f,-0.9542859857947716f,-0.13624588936383264f,0f,0f,0f,1f],start_interpolation:0}
execute if entity @s[tag=aj.blazing_inferno.bone.right_arm] run data modify entity @s {} merge value {transformation:[-0.9659258262890683f,0.2411322542371224f,0.09403474929144234f,-0.28125f,0.25881904510252074f,0.8999178241565569f,0.3509424620326639f,0.9521297475695406f,-1.1135290323395976e-16f,0.3633223716368869f,-0.9316634876757529f,-3.444319122601931e-17f,0f,0f,0f,1f],start_interpolation:0}
execute if entity @s[tag=aj.blazing_inferno.bone.bottom] run data modify entity @s {} merge value {transformation:[-1f,-2.2270127112638355e-17f,1.204227522730049e-16f,0f,0f,0.9833263954704974f,0.18184938815129134f,0.5771297475695406f,-1.2246467991473532e-16f,0.18184938815129134f,-0.9833263954704974f,0f,0f,0f,0f,1f],start_interpolation:0}