execute if entity @s[tag=aj.blazing_inferno.bone.body] run data modify entity @s {} merge value {transformation:[-1f,0f,1.2246467991473532e-16f,0f,0f,1f,0f,0.7466607666278301f,-1.2246467991473532e-16f,0f,-1f,0f,0f,0f,0f,1f],start_interpolation:0}
execute if entity @s[tag=aj.blazing_inferno.bone.left_hand] run data modify entity @s {} merge value {transformation:[-0.9659258262890683f,-0.22628572122346174f,0.12562671084669216f,0.7354950517028115f,-0.2588190451025207f,0.8445098086333267f,-0.46884526766761914f,1.0506591691173603f,-1.1829179713786698e-16f,-0.48538433791427577f,-0.8743008890007604f,-0.14180215332650947f,0f,0f,0f,1f],start_interpolation:0}
execute if entity @s[tag=aj.blazing_inferno.bone.left_arm] run data modify entity @s {} merge value {transformation:[-0.9659258262890683f,-0.2494286292209152f,-0.06908441960931459f,0.421875f,-0.2588190451025207f,0.9308803171147148f,0.25782656399337023f,1.49666076662783f,-1.1829179713786698e-16f,0.2669217003793121f,-0.9637182191214487f,5.1664786839028965e-17f,0f,0f,0f,1f],start_interpolation:0}
execute if entity @s[tag=aj.blazing_inferno.bone.right_hand] run data modify entity @s {} merge value {transformation:[-0.9659258262890683f,0.22628572122346186f,-0.12562671084669197f,-0.7354950517028115f,0.2588190451025207f,0.8445098086333267f,-0.46884526766761914f,1.0506591691173603f,-1.1829179713786698e-16f,-0.4853843379142757f,-0.8743008890007605f,-0.1418021533265097f,0f,0f,0f,1f],start_interpolation:0}
execute if entity @s[tag=aj.blazing_inferno.bone.right_arm] run data modify entity @s {} merge value {transformation:[-0.9659258262890683f,0.24942862922091513f,0.06908441960931484f,-0.421875f,0.2588190451025207f,0.9308803171147148f,0.25782656399337023f,1.49666076662783f,-1.1829179713786698e-16f,0.26692170037931223f,-0.9637182191214487f,-5.1664786839028965e-17f,0f,0f,0f,1f],start_interpolation:0}
execute if entity @s[tag=aj.blazing_inferno.bone.head] run data modify entity @s {} merge value {transformation:[-1f,-1.401072583345424e-17f,1.21660582721925e-16f,0f,0f,0.9934340481404911f,0.11440625854906944f,1.62166076662783f,-1.2246467991473532e-16f,0.11440625854906944f,-0.9934340481404911f,0f,0f,0f,0f,1f],start_interpolation:0}
execute if entity @s[tag=aj.blazing_inferno.bone.bottom] run data modify entity @s {} merge value {transformation:[-1f,3.9909099644532626e-18f,1.2239963424893968e-16f,0f,0f,0.9994688618315016f,-0.03258825293326933f,0.8716607666278301f,-1.2246467991473532e-16f,-0.03258825293326933f,-0.9994688618315016f,0f,0f,0f,0f,1f],start_interpolation:0}