execute if entity @s[tag=aj.blazing_inferno.bone.body] run data modify entity @s {} merge value {transformation:[-1f,0f,1.2246467991473532e-16f,0f,0f,1f,0f,0.6083797475695406f,-1.2246467991473532e-16f,0f,-1f,0f,0f,0f,0f,1f],start_interpolation:0}
execute if entity @s[tag=aj.blazing_inferno.bone.left_hand] run data modify entity @s {} merge value {transformation:[-0.980038177014017f,-0.19607665611222427f,0.03284990902408988f,0.7040321133911753f,-0.1988093850778741f,0.9665670890534572f,-0.16193483492962218f,0.9105903084313758f,-1.2695895555614954e-16f,-0.16523319063243602f,-0.9862545273474922f,-0.19301500993209608f,0f,0f,0f,1f],start_interpolation:0}
execute if entity @s[tag=aj.blazing_inferno.bone.left_arm] run data modify entity @s {} merge value {transformation:[-0.980038177014017f,-0.18522344508432403f,-0.07223189729016422f,0.421875f,-0.1988093850778741f,0.913065786052266f,0.3560697947674238f,1.3583797475695407f,-1.2695895555614954e-16f,0.3633223716368869f,-0.9316634876757529f,5.1664786839028965e-17f,0f,0f,0f,1f],start_interpolation:0}
execute if entity @s[tag=aj.blazing_inferno.bone.right_hand] run data modify entity @s {} merge value {transformation:[-0.980038177014017f,0.19607665611222427f,-0.03284990902408963f,-0.7040321133911752f,0.1988093850778741f,0.9665670890534572f,-0.16193483492962218f,0.9105903084313758f,-1.1308116774833508e-16f,-0.16523319063243602f,-0.9862545273474922f,-0.19301500993209625f,0f,0f,0f,1f],start_interpolation:0}
execute if entity @s[tag=aj.blazing_inferno.bone.right_arm] run data modify entity @s {} merge value {transformation:[-0.980038177014017f,0.18522344508432392f,0.07223189729016444f,-0.421875f,0.1988093850778741f,0.913065786052266f,0.3560697947674238f,1.3583797475695407f,-1.1308116774833508e-16f,0.3633223716368869f,-0.9316634876757529f,-5.1664786839028965e-17f,0f,0f,0f,1f],start_interpolation:0}
execute if entity @s[tag=aj.blazing_inferno.bone.head] run data modify entity @s {} merge value {transformation:[-1f,-1.727486238411215e-17f,1.2124016230700355e-16f,0f,0f,0.9900010549279651f,0.14105995619422335f,1.4833797475695407f,-1.2246467991473532e-16f,0.14105995619422335f,-0.9900010549279651f,0f,0f,0f,0f,1f],start_interpolation:0}
execute if entity @s[tag=aj.blazing_inferno.bone.bottom] run data modify entity @s {} merge value {transformation:[-1f,-2.2270127112638355e-17f,1.204227522730049e-16f,0f,0f,0.9833263954704974f,0.18184938815129134f,0.7333797475695406f,-1.2246467991473532e-16f,0.18184938815129134f,-0.9833263954704974f,0f,0f,0f,0f,1f],start_interpolation:0}