execute if entity @s[tag=aj.blazing_inferno.bone.body] run data modify entity @s {} merge value {transformation:[-1f,0f,1.2246467991473532e-16f,0f,0f,1f,0f,0.5832448705166391f,-1.2246467991473532e-16f,0f,-1f,0f,0f,0f,0f,1f],start_interpolation:0}
execute if entity @s[tag=aj.blazing_inferno.bone.left_hand] run data modify entity @s {} merge value {transformation:[-0.9958288174137578f,-0.09118208506987519f,-0.003285387439331676f,0.6525712731063528f,-0.09124125387299582f,0.9951830349772143f,0.03585750249563491f,0.8703621827354231f,-1.2195385737444525e-16f,0.03600769717506225f,-0.9993515126041232f,-0.22338679331436828f,0f,0f,0f,1f],start_interpolation:0}
execute if entity @s[tag=aj.blazing_inferno.bone.left_arm] run data modify entity @s {} merge value {transformation:[-0.9958288174137578f,-0.08278281381886719f,-0.03836628916832125f,0.421875f,-0.09124125387299582f,0.9035113842492288f,0.41873883522277455f,1.333244870516639f,-1.2195385737444525e-16f,0.4204927874152816f,-0.9072958810287451f,5.1664786839028965e-17f,0f,0f,0f,1f],start_interpolation:0}
execute if entity @s[tag=aj.blazing_inferno.bone.right_hand] run data modify entity @s {} merge value {transformation:[-0.9958288174137578f,0.09118208506987519f,0.0032853874393319257f,-0.6525712731063527f,0.09124125387299582f,0.9951830349772143f,0.03585750249563491f,0.8703621827354231f,-1.2195385737444525e-16f,0.03600769717506225f,-0.9993515126041232f,-0.22338679331436845f,0f,0f,0f,1f],start_interpolation:0}
execute if entity @s[tag=aj.blazing_inferno.bone.right_arm] run data modify entity @s {} merge value {transformation:[-0.9958288174137578f,0.08278281381886708f,0.03836628916832147f,-0.421875f,0.09124125387299582f,0.9035113842492288f,0.41873883522277455f,1.333244870516639f,-1.2195385737444525e-16f,0.4204927874152816f,-0.9072958810287451f,-5.1664786839028965e-17f,0f,0f,0f,1f],start_interpolation:0}
execute if entity @s[tag=aj.blazing_inferno.bone.head] run data modify entity @s {} merge value {transformation:[-1f,-1.6789040745854656e-17f,1.2130839186739147e-16f,0f,0f,0.9905581915687943f,0.13709292146555105f,1.458244870516639f,-1.2246467991473532e-16f,0.13709292146555105f,-0.9905581915687943f,0f,0f,0f,0f,1f],start_interpolation:0}
execute if entity @s[tag=aj.blazing_inferno.bone.bottom] run data modify entity @s {} merge value {transformation:[-1f,-2.6523162592051213e-17f,1.1955801801942933e-16f,0f,0f,0.9762653044344728f,0.21657805834725302f,0.7082448705166391f,-1.2246467991473532e-16f,0.21657805834725302f,-0.9762653044344728f,0f,0f,0f,0f,1f],start_interpolation:0}