execute if entity @s[tag=aj.blazing_inferno.bone.body] run data modify entity @s {} merge value {transformation:[-1f,0f,1.2246467991473532e-16f,0f,0f,1f,0f,0.778457058597016f,-1.2246467991473532e-16f,0f,-1f,0f,0f,0f,0f,1f],start_interpolation:0}
execute if entity @s[tag=aj.blazing_inferno.bone.left_hand] run data modify entity @s {} merge value {transformation:[-0.9422914125695191f,-0.304552398348439f,0.13904938136487366f,0.7689300228073457f,-0.33479380788440566f,0.8571756791280625f,-0.39136039824387525f,1.111702135433518f,-1.223363101306372e-16f,-0.4153284143561077f,-0.9096715386492211f,-0.15248264708870807f,0f,0f,0f,1f],start_interpolation:0}
execute if entity @s[tag=aj.blazing_inferno.bone.left_arm] run data modify entity @s {} merge value {transformation:[-0.9422914125695191f,-0.3207066032010558f,-0.0960945808096424f,0.421875f,-0.33479380788440566f,0.902642375796375f,0.2704622850212862f,1.528457058597016f,-1.223363101306372e-16f,0.2870261592258036f,-0.9579227442336274f,5.1664786839028965e-17f,0f,0f,0f,1f],start_interpolation:0}
execute if entity @s[tag=aj.blazing_inferno.bone.right_hand] run data modify entity @s {} merge value {transformation:[-0.9422914125695191f,0.30455239834843906f,-0.13904938136487344f,-0.7689300228073457f,0.33479380788440566f,0.8571756791280625f,-0.39136039824387525f,1.111702135433518f,-1.0845852232282274e-16f,-0.41532841435610757f,-0.9096715386492211f,-0.15248264708870832f,0f,0f,0f,1f],start_interpolation:0}
execute if entity @s[tag=aj.blazing_inferno.bone.right_arm] run data modify entity @s {} merge value {transformation:[-0.9422914125695191f,0.3207066032010557f,0.09609458080964262f,-0.421875f,0.33479380788440566f,0.902642375796375f,0.2704622850212862f,1.528457058597016f,-1.0845852232282274e-16f,0.2870261592258037f,-0.9579227442336274f,-5.1664786839028965e-17f,0f,0f,0f,1f],start_interpolation:0}
execute if entity @s[tag=aj.blazing_inferno.bone.head] run data modify entity @s {} merge value {transformation:[-1f,-1.1512311845816494e-17f,1.2192237080447235e-16f,0f,0f,0.9955717100584385f,0.09400516013132777f,1.653457058597016f,-1.2246467991473532e-16f,0.09400516013132777f,-0.9955717100584385f,0f,0f,0f,0f,1f],start_interpolation:0}
execute if entity @s[tag=aj.blazing_inferno.bone.bottom] run data modify entity @s {} merge value {transformation:[-1f,1.5094393923190227e-17f,1.2153088948374456e-16f,0f,0f,0.9923750224828832f,-0.12325508002551865f,0.903457058597016f,-1.2246467991473532e-16f,-0.12325508002551865f,-0.9923750224828832f,0f,0f,0f,0f,1f],start_interpolation:0}