execute if entity @s[tag=aj.blazing_inferno.bone.body] run data modify entity @s {} merge value {transformation:[-1f,0f,1.2246467991473532e-16f,0f,0f,1f,0f,0.5896103875521412f,-1.2246467991473532e-16f,0f,-1f,0f,0f,0f,0f,1f],start_interpolation:0}
execute if entity @s[tag=aj.blazing_inferno.bone.left_hand] run data modify entity @s {} merge value {transformation:[-0.9659258262890683f,-0.2542998839937324f,0.04815461668993805f,0.7279652302678569f,-0.2588190451025207f,0.9490600874234812f,-0.17971547610585276f,0.9217104662088436f,-1.1829179713786698e-16f,-0.18605515166344683f,-0.9825393022874411f,-0.22147514347175815f,0f,0f,0f,1f],start_interpolation:0}
execute if entity @s[tag=aj.blazing_inferno.bone.left_arm] run data modify entity @s {} merge value {transformation:[-0.9659258262890683f,-0.23525484769629473f,-0.107900207336102f,0.421875f,-0.2588190451025207f,0.8779830443294501f,0.40268905592554927f,1.3396103875521412f,-1.1829179713786698e-16f,0.4168943877115449f,-0.9089549325982097f,5.1664786839028965e-17f,0f,0f,0f,1f],start_interpolation:0}
execute if entity @s[tag=aj.blazing_inferno.bone.right_hand] run data modify entity @s {} merge value {transformation:[-0.9659258262890683f,0.25429988399373243f,-0.04815461668993781f,-0.7279652302678569f,0.2588190451025207f,0.9490600874234812f,-0.17971547610585276f,0.9217104662088436f,-1.1829179713786698e-16f,-0.18605515166344672f,-0.9825393022874412f,-0.22147514347175837f,0f,0f,0f,1f],start_interpolation:0}
execute if entity @s[tag=aj.blazing_inferno.bone.right_arm] run data modify entity @s {} merge value {transformation:[-0.9659258262890683f,0.23525484769629462f,0.10790020733610223f,-0.421875f,0.2588190451025207f,0.8779830443294501f,0.40268905592554927f,1.3396103875521412f,-1.1829179713786698e-16f,0.416894387711545f,-0.9089549325982097f,-5.1664786839028965e-17f,0f,0f,0f,1f],start_interpolation:0}
execute if entity @s[tag=aj.blazing_inferno.bone.head] run data modify entity @s {} merge value {transformation:[-1f,-1.5693532073599832e-17f,1.2145497469298436e-16f,0f,0f,0.9917551311737068f,0.12814741429550366f,1.4646103875521412f,-1.2246467991473532e-16f,0.12814741429550366f,-0.9917551311737068f,0f,0f,0f,0f,1f],start_interpolation:0}
execute if entity @s[tag=aj.blazing_inferno.bone.bottom] run data modify entity @s {} merge value {transformation:[-1f,-2.0443038534557776e-17f,1.207463457090655e-16f,0f,0f,0.9859687363992117f,0.16693007770722967f,0.7146103875521412f,-1.2246467991473532e-16f,0.16693007770722967f,-0.9859687363992117f,0f,0f,0f,0f,1f],start_interpolation:0}