execute if entity @s[tag=aj.blazing_inferno.bone.helm] run data modify entity @s {} merge value {transformation:[-1.2291666666666665f,-1.0282653887870934e-17f,1.501778882537886e-16f,0.49999999999999994f,0f,1.2262955193150245f,0.08396424091444257f,0.032802757805791005f,-1.5052950239519548e-16f,0.08396424091444257f,-1.2262955193150245f,0.4177140801938537f,0f,0f,0f,1f],start_interpolation:0}
execute if entity @s[tag=aj.blazing_inferno.bone.head] run data modify entity @s {} merge value {transformation:[-1f,-8.365548925725507e-18f,1.221786209522348e-16f,0f,0f,0.9976641513071387f,0.06830989091344482f,1.2516838829397408f,-1.2246467991473532e-16f,0.06830989091344482f,-0.9976641513071387f,0f,0f,0f,0f,1f],start_interpolation:0}
execute if entity @s[tag=aj.blazing_inferno.bone.body] run data modify entity @s {} merge value {transformation:[-1f,0f,1.2246467991473532e-16f,0f,0f,1f,0f,0.5016838829397408f,-1.2246467991473532e-16f,0f,-1f,0f,0f,0f,0f,1f],start_interpolation:0}
execute if entity @s[tag=aj.blazing_inferno.bone.left_hand] run data modify entity @s {} merge value {transformation:[-0.9659258262890683f,-0.23844448947549182f,0.10065546953123175f,0.4786665347264086f,-0.2588190451025207f,0.8898869495073582f,-0.3756513263502578f,0.8728782582311324f,-1.1135290323395976e-16f,-0.38890287030987647f,-0.9212787620827583f,-0.09945183096801075f,0f,0f,0f,1f],start_interpolation:0}
execute if entity @s[tag=aj.blazing_inferno.bone.left_arm] run data modify entity @s {} merge value {transformation:[-0.9659258262890683f,-0.2453625806088801f,-0.08236808935948103f,0.28125f,-0.2588190451025207f,0.9157056171085549f,0.3074018944119571f,1.1266838829397408f,-1.1135290323395976e-16f,0.31824585909763453f,-0.9480082136602027f,3.444319122601931e-17f,0f,0f,0f,1f],start_interpolation:0}
execute if entity @s[tag=aj.blazing_inferno.bone.right_hand] run data modify entity @s {} merge value {transformation:[-0.9659258262890683f,0.2384444894754919f,-0.10065546953123153f,-0.49400169601446353f,0.2588190451025207f,0.8898869495073582f,-0.3756513263502578f,0.8156466571618477f,-1.2523069104177421e-16f,-0.38890287030987636f,-0.9212787620827584f,-0.11934219716161303f,0f,0f,0f,1f],start_interpolation:0}
execute if entity @s[tag=aj.blazing_inferno.bone.right_arm] run data modify entity @s {} merge value {transformation:[-0.9659258262890683f,0.24536258060888005f,0.08236808935948126f,-0.28125f,0.2588190451025207f,0.9157056171085549f,0.3074018944119571f,1.1266838829397408f,-1.2523069104177421e-16f,0.31824585909763464f,-0.9480082136602027f,-3.444319122601931e-17f,0f,0f,0f,1f],start_interpolation:0}
execute if entity @s[tag=aj.blazing_inferno.bone.bottom] run data modify entity @s {} merge value {transformation:[-1f,2.824576511122836e-17f,1.191628070326471e-16f,0f,0f,0.9730381618243962f,-0.23064417537280268f,0.7516838829397408f,-1.2246467991473532e-16f,-0.23064417537280268f,-0.9730381618243962f,0f,0f,0f,0f,1f],start_interpolation:0}