execute if entity @s[tag=aj.blazing_inferno.bone.body] run data modify entity @s {} merge value {transformation:[-1f,0f,1.2246467991473532e-16f,0f,0f,1f,0f,0.778457058597016f,-1.2246467991473532e-16f,0f,-1f,0f,0f,0f,0f,1f],start_interpolation:0}
execute if entity @s[tag=aj.blazing_inferno.bone.left_hand] run data modify entity @s {} merge value {transformation:[-0.9659258262890683f,-0.2313431838719072f,0.11605011582841943f,0.7346981877122338f,-0.2588190451025207f,0.8633845161947069f,-0.4331049284959142f,1.0854293979861045f,-1.1829179713786698e-16f,-0.4483832160900322f,-0.8938414241512637f,-0.152482647088708f,0f,0f,0f,1f],start_interpolation:0}
execute if entity @s[tag=aj.blazing_inferno.bone.left_arm] run data modify entity @s {} merge value {transformation:[-0.9659258262890683f,-0.24792864994453365f,-0.07428783645026643f,0.421875f,-0.2588190451025207f,0.9252823182449584f,0.27724598001676193f,1.528457058597016f,-1.1829179713786698e-16f,0.2870261592258035f,-0.9579227442336274f,5.1664786839028965e-17f,0f,0f,0f,1f],start_interpolation:0}
execute if entity @s[tag=aj.blazing_inferno.bone.right_hand] run data modify entity @s {} merge value {transformation:[-0.9659258262890683f,0.23134318387190733f,-0.11605011582841923f,-0.7346981877122338f,0.2588190451025207f,0.8633845161947069f,-0.4331049284959142f,1.0854293979861045f,-1.1829179713786698e-16f,-0.4483832160900321f,-0.8938414241512638f,-0.15248264708870823f,0f,0f,0f,1f],start_interpolation:0}
execute if entity @s[tag=aj.blazing_inferno.bone.right_arm] run data modify entity @s {} merge value {transformation:[-0.9659258262890683f,0.2479286499445336f,0.07428783645026665f,-0.421875f,0.2588190451025207f,0.9252823182449584f,0.27724598001676193f,1.528457058597016f,-1.1829179713786698e-16f,0.2870261592258036f,-0.9579227442336274f,-5.1664786839028965e-17f,0f,0f,0f,1f],start_interpolation:0}
execute if entity @s[tag=aj.blazing_inferno.bone.head] run data modify entity @s {} merge value {transformation:[-1f,-1.1512311845816494e-17f,1.2192237080447235e-16f,0f,0f,0.9955717100584385f,0.09400516013132777f,1.653457058597016f,-1.2246467991473532e-16f,0.09400516013132777f,-0.9955717100584385f,0f,0f,0f,0f,1f],start_interpolation:0}
execute if entity @s[tag=aj.blazing_inferno.bone.bottom] run data modify entity @s {} merge value {transformation:[-1f,1.5094393923190227e-17f,1.2153088948374456e-16f,0f,0f,0.9923750224828832f,-0.12325508002551865f,0.903457058597016f,-1.2246467991473532e-16f,-0.12325508002551865f,-0.9923750224828832f,0f,0f,0f,0f,1f],start_interpolation:0}