execute if entity @s[tag=aj.blazing_inferno.bone.body] run data modify entity @s {} merge value {transformation:[-1f,0f,1.2246467991473532e-16f,0f,0f,1f,0f,0.6994891273700402f,-1.2246467991473532e-16f,0f,-1f,0f,0f,0f,0f,1f],start_interpolation:0}
execute if entity @s[tag=aj.blazing_inferno.bone.left_hand] run data modify entity @s {} merge value {transformation:[-0.9659258262890683f,-0.24786596203455846f,0.07449673128710743f,0.7307964403098514f,-0.25881904510252074f,0.9250483637799108f,-0.27802558616129047f,1.02102298630312f,-1.2523069104177421e-16f,-0.2878332668973353f,-0.957680536748663f,-0.19587527198732635f,0f,0f,0f,1f],start_interpolation:0}
execute if entity @s[tag=aj.blazing_inferno.bone.left_arm] run data modify entity @s {} merge value {transformation:[-0.9659258262890683f,-0.24058418424593137f,-0.09542823690344715f,0.421875f,-0.25881904510252074f,0.8978723991033275f,0.35614302860038455f,1.44948912737004f,-1.2523069104177421e-16f,0.36870639432908503f,-0.9295459078393306f,5.1664786839028965e-17f,0f,0f,0f,1f],start_interpolation:0}
execute if entity @s[tag=aj.blazing_inferno.bone.right_hand] run data modify entity @s {} merge value {transformation:[-0.9659258262890683f,0.24786596203455852f,-0.07449673128710721f,-0.7307964403098512f,0.25881904510252074f,0.9250483637799108f,-0.27802558616129047f,1.02102298630312f,-1.1135290323395976e-16f,-0.28783326689733524f,-0.9576805367486632f,-0.19587527198732657f,0f,0f,0f,1f],start_interpolation:0}
execute if entity @s[tag=aj.blazing_inferno.bone.right_arm] run data modify entity @s {} merge value {transformation:[-0.9659258262890683f,0.24058418424593125f,0.09542823690344737f,-0.421875f,0.25881904510252074f,0.8978723991033275f,0.35614302860038455f,1.44948912737004f,-1.1135290323395976e-16f,0.36870639432908514f,-0.9295459078393306f,-5.1664786839028965e-17f,0f,0f,0f,1f],start_interpolation:0}
execute if entity @s[tag=aj.blazing_inferno.bone.head] run data modify entity @s {} merge value {transformation:[-1f,-7.92486764622204e-18f,1.2220799605348433e-16f,0f,0f,0.9979040172119038f,0.06471145518642307f,1.57448912737004f,-1.2246467991473532e-16f,0.06471145518642307f,-0.9979040172119038f,0f,0f,0f,0f,1f],start_interpolation:0}
execute if entity @s[tag=aj.blazing_inferno.bone.bottom] run data modify entity @s {} merge value {transformation:[-1f,2.6523162592051213e-17f,1.1955801801942933e-16f,0f,0f,0.9762653044344728f,-0.21657805834725302f,0.8244891273700402f,-1.2246467991473532e-16f,-0.21657805834725302f,-0.9762653044344728f,0f,0f,0f,0f,1f],start_interpolation:0}