execute if entity @s[tag=aj.blazing_inferno.bone.helm] run data modify entity @s {} merge value {transformation:[-1.2291666666666665f,-1.7031398914700596e-17f,1.4956290496762057e-16f,0.49999999999999994f,0f,1.2212737996927119f,0.13907192609786365f,-0.16529148941970928f,-1.5052950239519548e-16f,0.13907192609786365f,-1.2212737996927119f,0.3624317187296079f,0f,0f,0f,1f],start_interpolation:0}
execute if entity @s[tag=aj.blazing_inferno.bone.head] run data modify entity @s {} merge value {transformation:[-1f,-1.3856053354332691e-17f,1.2167829556687776e-16f,0f,0f,0.9935786844957658f,0.11314326191012637f,1.0711548293740758f,-1.2246467991473532e-16f,0.11314326191012637f,-0.9935786844957658f,0f,0f,0f,0f,1f],start_interpolation:0}
execute if entity @s[tag=aj.blazing_inferno.bone.body] run data modify entity @s {} merge value {transformation:[-1f,0f,1.2246467991473532e-16f,0f,0f,1f,0f,0.3211548293740758f,-1.2246467991473532e-16f,0f,-1f,0f,0f,0f,0f,1f],start_interpolation:0}
execute if entity @s[tag=aj.blazing_inferno.bone.left_hand] run data modify entity @s {} merge value {transformation:[-0.9659258262890683f,-0.2533864114452059f,0.05275058864791422f,0.47581009238765803f,-0.25881904510252074f,0.9456509614610609f,-0.19686787696318153f,0.7030095926025753f,-1.1829179713786698e-16f,-0.20381262370788483f,-0.9790099153825298f,-0.127702835855109f,0f,0f,0f,1f],start_interpolation:0}
execute if entity @s[tag=aj.blazing_inferno.bone.left_arm] run data modify entity @s {} merge value {transformation:[-0.9659258262890683f,-0.23622196512487847f,-0.10576616330529037f,0.28125f,-0.25881904510252074f,0.8815923757098099f,0.3947246951769711f,0.9461548293740758f,-1.1829179713786698e-16f,0.4086490747363489f,-0.9126915874035029f,3.444319122601931e-17f,0f,0f,0f,1f],start_interpolation:0}
execute if entity @s[tag=aj.blazing_inferno.bone.right_hand] run data modify entity @s {} merge value {transformation:[-0.9659258262890683f,0.25338641144520596f,-0.05275058864791396f,-0.4905739652079629f,0.25881904510252074f,0.9456509614610609f,-0.19686787696318153f,0.6479100691207123f,-1.1829179713786698e-16f,-0.20381262370788472f,-0.9790099153825298f,-0.15324340302613093f,0f,0f,0f,1f],start_interpolation:0}
execute if entity @s[tag=aj.blazing_inferno.bone.right_arm] run data modify entity @s {} merge value {transformation:[-0.9659258262890683f,0.23622196512487836f,0.1057661633052906f,-0.28125f,0.25881904510252074f,0.8815923757098099f,0.3947246951769711f,0.9461548293740758f,-1.1829179713786698e-16f,0.40864907473634904f,-0.9126915874035029f,-3.444319122601931e-17f,0f,0f,0f,1f],start_interpolation:0}
execute if entity @s[tag=aj.blazing_inferno.bone.bottom] run data modify entity @s {} merge value {transformation:[-1f,-8.713272266730439e-18f,1.221543151633392e-16f,0f,0f,0.9974656794790775f,0.07114926746876699f,0.5711548293740758f,-1.2246467991473532e-16f,0.07114926746876699f,-0.9974656794790775f,0f,0f,0f,0f,1f],start_interpolation:0}