execute if entity @s[tag=aj.blazing_inferno.bone.body] run data modify entity @s {} merge value {transformation:[-1f,0f,1.2246467991473532e-16f,0f,0f,1f,0f,0.5777647925031824f,-1.2246467991473532e-16f,0f,-1f,0f,0f,0f,0f,1f],start_interpolation:0}
execute if entity @s[tag=aj.blazing_inferno.bone.left_hand] run data modify entity @s {} merge value {transformation:[-0.9961946980917455f,-0.08707278979269381f,-0.003801680104023566f,0.6506249053213216f,-0.08715574274765818f,0.9952465414778341f,0.043453402427357846f,0.8644626439918699f,-1.185292178826084e-16f,0.04361938736533605f,-0.9990482215818577f,-0.2245159515497465f,0f,0f,0f,1f],start_interpolation:0}
execute if entity @s[tag=aj.blazing_inferno.bone.left_arm] run data modify entity @s {} merge value {transformation:[-0.9961946980917455f,-0.07898992833716569f,-0.03683360850073476f,0.421875f,-0.08715574274765818f,0.9028590122851735f,0.4210100716628344f,1.3277647925031824f,-1.185292178826084e-16f,0.42261826174069944f,-0.9063077870366499f,5.1664786839028965e-17f,0f,0f,0f,1f],start_interpolation:0}
execute if entity @s[tag=aj.blazing_inferno.bone.right_hand] run data modify entity @s {} merge value {transformation:[-0.9961946980917455f,0.08707278979269378f,0.0038016801040238087f,-0.6506249053213216f,0.08715574274765818f,0.9952465414778341f,0.043453402427357846f,0.8644626439918699f,-1.2546811178651563e-16f,0.04361938736533605f,-0.9990482215818577f,-0.22451595154974666f,0f,0f,0f,1f],start_interpolation:0}
execute if entity @s[tag=aj.blazing_inferno.bone.right_arm] run data modify entity @s {} merge value {transformation:[-0.9961946980917455f,0.07898992833716557f,0.036833608500734985f,-0.421875f,0.08715574274765818f,0.9028590122851735f,0.4210100716628344f,1.3277647925031824f,-1.2546811178651563e-16f,0.42261826174069944f,-0.9063077870366499f,-5.1664786839028965e-17f,0f,0f,0f,1f],start_interpolation:0}
execute if entity @s[tag=aj.blazing_inferno.bone.head] run data modify entity @s {} merge value {transformation:[-1f,-1.782063223560006e-17f,1.211611443216928e-16f,0f,0f,0.9893558241123065f,0.14551650523242685f,1.4527647925031824f,-1.2246467991473532e-16f,0.14551650523242685f,-0.9893558241123065f,0f,0f,0f,0f,1f],start_interpolation:0}
execute if entity @s[tag=aj.blazing_inferno.bone.bottom] run data modify entity @s {} merge value {transformation:[-1f,-3.169619151431765e-17f,1.1829179713786698e-16f,0f,0f,0.9659258262890683f,0.25881904510252074f,0.7027647925031824f,-1.2246467991473532e-16f,0.25881904510252074f,-0.9659258262890683f,0f,0f,0f,0f,1f],start_interpolation:0}