execute if entity @s[tag=aj.blazing_inferno.bone.body] run data modify entity @s {} merge value {transformation:[-1f,0f,1.2246467991473532e-16f,0f,0f,1f,0f,0.7791067899805726f,-1.2246467991473532e-16f,0f,-1f,0f,0f,0f,0f,1f],start_interpolation:0}
execute if entity @s[tag=aj.blazing_inferno.bone.left_hand] run data modify entity @s {} merge value {transformation:[-0.9627807093447106f,-0.25800517867786255f,0.08053963924118461f,0.7382459704282144f,-0.27028375036930347f,0.9190430745565561f,-0.28689113160907687f,1.0958736889711473f,-1.1790663139798182e-16f,-0.2979818029427918f,-0.9545715505476597f,-0.17205028846260922f,0f,0f,0f,1f],start_interpolation:0}
execute if entity @s[tag=aj.blazing_inferno.bone.left_arm] run data modify entity @s {} merge value {transformation:[-0.9627807093447106f,-0.25571687044909397f,-0.08753392417467198f,0.421875f,-0.27028375036930347f,0.9108918667363193f,0.31180555062398696f,1.5291067899805726f,-1.1790663139798182e-16f,0.3238593665178528f,-0.9461052323704034f,5.1664786839028965e-17f,0f,0f,0f,1f],start_interpolation:0}
execute if entity @s[tag=aj.blazing_inferno.bone.right_hand] run data modify entity @s {} merge value {transformation:[-0.9627807093447106f,0.25800517867786255f,-0.08053963924118437f,-0.7382459704282144f,0.27028375036930347f,0.9190430745565561f,-0.28689113160907687f,1.0958736889711473f,-1.1790663139798182e-16f,-0.2979818029427917f,-0.9545715505476597f,-0.17205028846260945f,0f,0f,0f,1f],start_interpolation:0}
execute if entity @s[tag=aj.blazing_inferno.bone.right_arm] run data modify entity @s {} merge value {transformation:[-0.9627807093447106f,0.25571687044909386f,0.0875339241746722f,-0.421875f,0.27028375036930347f,0.9108918667363193f,0.31180555062398696f,1.5291067899805726f,-1.1790663139798182e-16f,0.3238593665178529f,-0.9461052323704034f,-5.1664786839028965e-17f,0f,0f,0f,1f],start_interpolation:0}
execute if entity @s[tag=aj.blazing_inferno.bone.head] run data modify entity @s {} merge value {transformation:[-1f,-8.01712784134095e-18f,1.222019782482844e-16f,0f,0f,0.9978548781033533f,0.06546481685105278f,1.6541067899805726f,-1.2246467991473532e-16f,0.06546481685105278f,-0.9978548781033533f,0f,0f,0f,0f,1f],start_interpolation:0}
execute if entity @s[tag=aj.blazing_inferno.bone.bottom] run data modify entity @s {} merge value {transformation:[-1f,2.975648995747801e-17f,1.187945669297594e-16f,0f,0f,0.970031253194544f,-0.24298017990326387f,0.9041067899805726f,-1.2246467991473532e-16f,-0.24298017990326387f,-0.970031253194544f,0f,0f,0f,0f,1f],start_interpolation:0}