execute if entity @s[tag=aj.blazing_inferno.bone.body] run data modify entity @s {} merge value {transformation:[-1f,0f,1.2246467991473532e-16f,0f,0f,1f,0f,0.6083797475695406f,-1.2246467991473532e-16f,0f,-1f,0f,0f,0f,0f,1f],start_interpolation:0}
execute if entity @s[tag=aj.blazing_inferno.bone.left_hand] run data modify entity @s {} merge value {transformation:[-0.9659258262890683f,-0.24698738759812042f,0.07735973419833149f,0.7310876024926717f,-0.25881904510252074f,0.9217694793448928f,-0.2887104584881963f,0.9288269744430926f,-1.2523069104177421e-16f,-0.29889506070810384f,-0.9542859857947715f,-0.19301500993209603f,0f,0f,0f,1f],start_interpolation:0}
execute if entity @s[tag=aj.blazing_inferno.bone.left_arm] run data modify entity @s {} merge value {transformation:[-0.9659258262890683f,-0.2411322542371225f,-0.09403474929144212f,0.421875f,-0.25881904510252074f,0.8999178241565569f,0.3509424620326639f,1.3583797475695407f,-1.2523069104177421e-16f,0.3633223716368868f,-0.9316634876757529f,5.1664786839028965e-17f,0f,0f,0f,1f],start_interpolation:0}
execute if entity @s[tag=aj.blazing_inferno.bone.right_hand] run data modify entity @s {} merge value {transformation:[-0.9659258262890683f,0.24698738759812047f,-0.07735973419833123f,-0.7310876024926716f,0.25881904510252074f,0.9217694793448928f,-0.2887104584881963f,0.9288269744430926f,-1.1135290323395976e-16f,-0.29889506070810373f,-0.9542859857947716f,-0.19301500993209625f,0f,0f,0f,1f],start_interpolation:0}
execute if entity @s[tag=aj.blazing_inferno.bone.right_arm] run data modify entity @s {} merge value {transformation:[-0.9659258262890683f,0.2411322542371224f,0.09403474929144234f,-0.421875f,0.25881904510252074f,0.8999178241565569f,0.3509424620326639f,1.3583797475695407f,-1.1135290323395976e-16f,0.3633223716368869f,-0.9316634876757529f,-5.1664786839028965e-17f,0f,0f,0f,1f],start_interpolation:0}
execute if entity @s[tag=aj.blazing_inferno.bone.head] run data modify entity @s {} merge value {transformation:[-1f,-1.727486238411215e-17f,1.2124016230700355e-16f,0f,0f,0.9900010549279651f,0.14105995619422335f,1.4833797475695407f,-1.2246467991473532e-16f,0.14105995619422335f,-0.9900010549279651f,0f,0f,0f,0f,1f],start_interpolation:0}
execute if entity @s[tag=aj.blazing_inferno.bone.bottom] run data modify entity @s {} merge value {transformation:[-1f,-2.2270127112638355e-17f,1.204227522730049e-16f,0f,0f,0.9833263954704974f,0.18184938815129134f,0.7333797475695406f,-1.2246467991473532e-16f,0.18184938815129134f,-0.9833263954704974f,0f,0f,0f,0f,1f],start_interpolation:0}