execute if entity @s[tag=aj.blazing_inferno.bone.body] run data modify entity @s {} merge value {transformation:[-1f,0f,1.2246467991473532e-16f,0f,0f,1f,0f,0.7829338829397408f,-1.2246467991473532e-16f,0f,-1f,0f,0f,0f,0f,1f],start_interpolation:0}
execute if entity @s[tag=aj.blazing_inferno.bone.left_hand] run data modify entity @s {} merge value {transformation:[-0.9659258262890683f,-0.23844448947549182f,0.10065546953123175f,0.7333349633776679f,-0.2588190451025207f,0.8898869495073582f,-0.3756513263502578f,1.0949938448075436f,-1.1135290323395976e-16f,-0.38890287030987647f,-0.9212787620827583f,-0.16906811264561827f,0f,0f,0f,1f],start_interpolation:0}
execute if entity @s[tag=aj.blazing_inferno.bone.left_arm] run data modify entity @s {} merge value {transformation:[-0.9659258262890683f,-0.2453625806088801f,-0.08236808935948103f,0.421875f,-0.2588190451025207f,0.9157056171085549f,0.3074018944119571f,1.5329338829397408f,-1.1135290323395976e-16f,0.31824585909763453f,-0.9480082136602027f,5.1664786839028965e-17f,0f,0f,0f,1f],start_interpolation:0}
execute if entity @s[tag=aj.blazing_inferno.bone.right_hand] run data modify entity @s {} merge value {transformation:[-0.9659258262890683f,0.2384444894754919f,-0.10065546953123153f,-0.7333349633776678f,0.2588190451025207f,0.8898869495073582f,-0.3756513263502578f,1.0949938448075436f,-1.2523069104177421e-16f,-0.38890287030987636f,-0.9212787620827584f,-0.1690681126456185f,0f,0f,0f,1f],start_interpolation:0}
execute if entity @s[tag=aj.blazing_inferno.bone.right_arm] run data modify entity @s {} merge value {transformation:[-0.9659258262890683f,0.24536258060888005f,0.08236808935948126f,-0.421875f,0.2588190451025207f,0.9157056171085549f,0.3074018944119571f,1.5329338829397408f,-1.2523069104177421e-16f,0.31824585909763464f,-0.9480082136602027f,-5.1664786839028965e-17f,0f,0f,0f,1f],start_interpolation:0}
execute if entity @s[tag=aj.blazing_inferno.bone.head] run data modify entity @s {} merge value {transformation:[-1f,-8.408274161737827e-18f,1.2217568805715656e-16f,0f,0f,0.9976402024013784f,0.0686587689413143f,1.6579338829397408f,-1.2246467991473532e-16f,0.0686587689413143f,-0.9976402024013784f,0f,0f,0f,0f,1f],start_interpolation:0}
execute if entity @s[tag=aj.blazing_inferno.bone.bottom] run data modify entity @s {} merge value {transformation:[-1f,2.824576511122836e-17f,1.191628070326471e-16f,0f,0f,0.9730381618243962f,-0.23064417537280268f,0.9079338829397408f,-1.2246467991473532e-16f,-0.23064417537280268f,-0.9730381618243962f,0f,0f,0f,0f,1f],start_interpolation:0}