execute if entity @s[tag=aj.blazing_inferno.bone.body] run data modify entity @s {} merge value {transformation:[-1f,0f,1.2246467991473532e-16f,0f,0f,1f,0f,0.7738126467651193f,-1.2246467991473532e-16f,0f,-1f,0f,0f,0f,0f,1f],start_interpolation:0}
execute if entity @s[tag=aj.blazing_inferno.bone.left_hand] run data modify entity @s {} merge value {transformation:[-0.9659258262890683f,-0.24077666030837674f,0.09494155022183508f,0.7328039935333094f,-0.2588190451025208f,0.8985907295476149f,-0.3543266891772402f,1.0878542150693549f,-1.2523069104177421e-16f,-0.366825981388764f,-0.9302895782379647f,-0.17506061611262788f,0f,0f,0f,1f],start_interpolation:0}
execute if entity @s[tag=aj.blazing_inferno.bone.left_arm] run data modify entity @s {} merge value {transformation:[-0.9659258262890683f,-0.24436310796067595f,-0.08528756987732569f,0.421875f,-0.2588190451025208f,0.9119755344046812f,0.3182975440362608f,1.5238126467651192f,-1.2523069104177421e-16f,0.3295258656237703f,-0.9441465478859227f,5.1664786839028965e-17f,0f,0f,0f,1f],start_interpolation:0}
execute if entity @s[tag=aj.blazing_inferno.bone.right_hand] run data modify entity @s {} merge value {transformation:[-0.9659258262890683f,0.24077666030837688f,-0.09494155022183488f,-0.7328039935333094f,0.2588190451025208f,0.8985907295476149f,-0.3543266891772402f,1.0878542150693549f,-1.1135290323395976e-16f,-0.36682598138876393f,-0.9302895782379648f,-0.1750606161126281f,0f,0f,0f,1f],start_interpolation:0}
execute if entity @s[tag=aj.blazing_inferno.bone.right_arm] run data modify entity @s {} merge value {transformation:[-0.9659258262890683f,0.2443631079606759f,0.08528756987732591f,-0.421875f,0.2588190451025208f,0.9119755344046812f,0.3182975440362608f,1.5238126467651192f,-1.1135290323395976e-16f,0.3295258656237704f,-0.9441465478859227f,-5.1664786839028965e-17f,0f,0f,0f,1f],start_interpolation:0}
execute if entity @s[tag=aj.blazing_inferno.bone.head] run data modify entity @s {} merge value {transformation:[-1f,-7.688292151387223e-18f,1.2222310743232434e-16f,0f,0f,0.9980274109843003f,0.06277966967079905f,1.6488126467651192f,-1.2246467991473532e-16f,0.06277966967079905f,-0.9980274109843003f,0f,0f,0f,0f,1f],start_interpolation:0}
execute if entity @s[tag=aj.blazing_inferno.bone.bottom] run data modify entity @s {} merge value {transformation:[-1f,3.095232146727153e-17f,1.1848861389350985e-16f,0f,0f,0.9675329570616299f,-0.2527448852095293f,0.8988126467651193f,-1.2246467991473532e-16f,-0.2527448852095293f,-0.9675329570616299f,0f,0f,0f,0f,1f],start_interpolation:0}