execute if entity @s[tag=aj.blazing_inferno.bone.body] run data modify entity @s {} merge value {transformation:[-1f,0f,1.2246467991473532e-16f,0f,0f,1f,0f,0.7682633208559634f,-1.2246467991473532e-16f,0f,-1f,0f,0f,0f,0f,1f],start_interpolation:0}
execute if entity @s[tag=aj.blazing_inferno.bone.left_hand] run data modify entity @s {} merge value {transformation:[-0.9367418887880671f,-0.3138849356769257f,0.15488989942813214f,0.7761251443265911f,-0.35002090478964915f,0.8400331622616256f,-0.414523404056959f,1.1058852390763043f,-1.1471779557315522e-16f,-0.44251613920378735f,-0.8967605402470462f,-0.14776320723481307f,0f,0f,0f,1f],start_interpolation:0}
execute if entity @s[tag=aj.blazing_inferno.bone.left_arm] run data modify entity @s {} merge value {transformation:[-0.9367418887880671f,-0.3362090168072065f,-0.09735569221825821f,0.421875f,-0.35002090478964915f,0.8997778850404108f,0.26054773804898157f,1.5182633208559633f,-1.1471779557315522e-16f,0.27814250773611887f,-0.9605398197837833f,5.1664786839028965e-17f,0f,0f,0f,1f],start_interpolation:0}
execute if entity @s[tag=aj.blazing_inferno.bone.right_hand] run data modify entity @s {} merge value {transformation:[-0.9367418887880671f,0.31388493567692577f,-0.15488989942813192f,-0.776125144326591f,0.35002090478964915f,0.8400331622616256f,-0.414523404056959f,1.1058852390763043f,-1.1471779557315522e-16f,-0.4425161392037873f,-0.8967605402470462f,-0.1477632072348133f,0f,0f,0f,1f],start_interpolation:0}
execute if entity @s[tag=aj.blazing_inferno.bone.right_arm] run data modify entity @s {} merge value {transformation:[-0.9367418887880671f,0.3362090168072064f,0.09735569221825843f,-0.421875f,0.35002090478964915f,0.8997778850404108f,0.26054773804898157f,1.5182633208559633f,-1.1471779557315522e-16f,0.278142507736119f,-0.9605398197837833f,-5.1664786839028965e-17f,0f,0f,0f,1f],start_interpolation:0}
execute if entity @s[tag=aj.blazing_inferno.bone.head] run data modify entity @s {} merge value {transformation:[-1f,-1.2599585184397004e-17f,1.2181481141388225e-16f,0f,0f,0.9946934209822332f,0.10288342069868084f,1.6432633208559633f,-1.2246467991473532e-16f,0.10288342069868084f,-0.9946934209822332f,0f,0f,0f,0f,1f],start_interpolation:0}
execute if entity @s[tag=aj.blazing_inferno.bone.bottom] run data modify entity @s {} merge value {transformation:[-1f,1.0279528683267414e-17f,1.2203249205301209e-16f,0f,0f,0.9964709182923261f,-0.08393872168223869f,0.8932633208559634f,-1.2246467991473532e-16f,-0.08393872168223869f,-0.9964709182923261f,0f,0f,0f,0f,1f],start_interpolation:0}