execute if entity @s[tag=aj.blazing_inferno.bone.helm] run data modify entity @s {} merge value {transformation:[-1.2291666666666665f,-1.5951500022980548e-17f,1.4968193190349333e-16f,0.49999999999999994f,0f,1.2222457283823198f,0.13025388245889838f,-0.003203854985574406f,-1.5052950239519548e-16f,0.13025388245889838f,-1.2222457283823198f,0.37134620645794025f,0f,0f,0f,1f],start_interpolation:0}
execute if entity @s[tag=aj.blazing_inferno.bone.head] run data modify entity @s {} merge value {transformation:[-1f,-1.2977491544119768e-17f,1.2177513104013018e-16f,0f,0f,0.9943694061415485f,0.10596926030554445f,1.2305944449602868f,-1.2246467991473532e-16f,0.10596926030554445f,-0.9943694061415485f,0f,0f,0f,0f,1f],start_interpolation:0}
execute if entity @s[tag=aj.blazing_inferno.bone.body] run data modify entity @s {} merge value {transformation:[-1f,0f,1.2246467991473532e-16f,0f,0f,1f,0f,0.4805944449602869f,-1.2246467991473532e-16f,0f,-1f,0f,0f,0f,0f,1f],start_interpolation:0}
execute if entity @s[tag=aj.blazing_inferno.bone.left_hand] run data modify entity @s {} merge value {transformation:[-0.9659258262890683f,-0.22813312978727224f,0.12223981839500694f,0.4797741073862519f,-0.2588190451025208f,0.8514044312558051f,-0.4562052129581581f,0.8476553028120689f,-1.1135290323395976e-16f,-0.4722983903544906f,-0.881438727574729f,-0.08565528433397067f,0f,0f,0f,1f],start_interpolation:0}
execute if entity @s[tag=aj.blazing_inferno.bone.left_arm] run data modify entity @s {} merge value {transformation:[-0.9659258262890683f,-0.24890681312037888f,-0.07094150047777018f,0.28125f,-0.2588190451025208f,0.9289328729153055f,0.2647572841482105f,1.1055944449602868f,-1.1135290323395976e-16f,0.2740969098687063f,-0.9617020765291225f,3.444319122601931e-17f,0f,0f,0f,1f],start_interpolation:0}
execute if entity @s[tag=aj.blazing_inferno.bone.right_hand] run data modify entity @s {} merge value {transformation:[-0.9659258262890683f,0.22813312978727238f,-0.12223981839500675f,-0.4953307832062756f,0.2588190451025208f,0.8514044312558051f,-0.4562052129581581f,0.7895969982548623f,-1.2523069104177421e-16f,-0.4722983903544905f,-0.8814387275747291f,-0.10278634120076494f,0f,0f,0f,1f],start_interpolation:0}
execute if entity @s[tag=aj.blazing_inferno.bone.right_arm] run data modify entity @s {} merge value {transformation:[-0.9659258262890683f,0.24890681312037882f,0.0709415004777704f,-0.28125f,0.2588190451025208f,0.9289328729153055f,0.2647572841482105f,1.1055944449602868f,-1.2523069104177421e-16f,0.2740969098687064f,-0.9617020765291225f,-3.444319122601931e-17f,0f,0f,0f,1f],start_interpolation:0}
execute if entity @s[tag=aj.blazing_inferno.bone.bottom] run data modify entity @s {} merge value {transformation:[-1f,8.00957328659154e-18f,1.2220247363447802e-16f,0f,0f,0.9978589232386035f,-0.06540312923014306f,0.7305944449602869f,-1.2246467991473532e-16f,-0.06540312923014306f,-0.9978589232386035f,0f,0f,0f,0f,1f],start_interpolation:0}