execute if entity @s[tag=aj.blazing_inferno.bone.helm] run data modify entity @s {} merge value {transformation:[-1.2291666666666665f,-2.1579103341664304e-17f,1.489747407794856e-16f,0.49999999999999994f,0f,1.2164710746250071f,0.1762067508500289f,-0.19665237750163733f,-1.5052950239519548e-16f,0.1762067508500289f,-1.2164710746250071f,0.32460205072116155f,0f,0f,0f,1f],start_interpolation:0}
execute if entity @s[tag=aj.blazing_inferno.bone.head] run data modify entity @s {} merge value {transformation:[-1f,-1.7555880684743843e-17f,1.2119978910873407e-16f,0f,0f,0.9896713827457687f,0.14335464475934556f,1.0502597118886356f,-1.2246467991473532e-16f,0.14335464475934556f,-0.9896713827457687f,0f,0f,0f,0f,1f],start_interpolation:0}
execute if entity @s[tag=aj.blazing_inferno.bone.body] run data modify entity @s {} merge value {transformation:[-1f,0f,1.2246467991473532e-16f,0f,0f,1f,0f,0.30025971188863576f,-1.2246467991473532e-16f,0f,-1f,0f,0f,0f,0f,1f],start_interpolation:0}
execute if entity @s[tag=aj.blazing_inferno.bone.left_hand] run data modify entity @s {} merge value {transformation:[-0.9659258262890683f,-0.25338641144520596f,0.052750588647914265f,0.4758100923876581f,-0.25881904510252074f,0.9456509614610609f,-0.1968678769631817f,0.6821144751171353f,-1.1829179713786698e-16f,-0.203812623707885f,-0.9790099153825298f,-0.12770283585510897f,0f,0f,0f,1f],start_interpolation:0}
execute if entity @s[tag=aj.blazing_inferno.bone.left_arm] run data modify entity @s {} merge value {transformation:[-0.9659258262890683f,-0.2362219651248785f,-0.10576616330529036f,0.28125f,-0.25881904510252074f,0.8815923757098099f,0.39472469517697106f,0.9252597118886358f,-1.1829179713786698e-16f,0.40864907473634887f,-0.9126915874035029f,3.444319122601931e-17f,0f,0f,0f,1f],start_interpolation:0}
execute if entity @s[tag=aj.blazing_inferno.bone.right_hand] run data modify entity @s {} merge value {transformation:[-0.9659258262890683f,0.253386411445206f,-0.05275058864791403f,-0.4905739652079629f,0.25881904510252074f,0.9456509614610609f,-0.1968678769631817f,0.6270149516352721f,-1.1829179713786698e-16f,-0.2038126237078849f,-0.9790099153825298f,-0.15324340302613093f,0f,0f,0f,1f],start_interpolation:0}
execute if entity @s[tag=aj.blazing_inferno.bone.right_arm] run data modify entity @s {} merge value {transformation:[-0.9659258262890683f,0.2362219651248784f,0.10576616330529058f,-0.28125f,0.25881904510252074f,0.8815923757098099f,0.39472469517697106f,0.9252597118886358f,-1.1829179713786698e-16f,0.408649074736349f,-0.9126915874035029f,-3.444319122601931e-17f,0f,0f,0f,1f],start_interpolation:0}
execute if entity @s[tag=aj.blazing_inferno.bone.bottom] run data modify entity @s {} merge value {transformation:[-1f,-3.095232146727153e-17f,1.1848861389350985e-16f,0f,0f,0.9675329570616299f,0.2527448852095293f,0.5502597118886358f,-1.2246467991473532e-16f,0.2527448852095293f,-0.9675329570616299f,0f,0f,0f,0f,1f],start_interpolation:0}