execute if entity @s[tag=aj.blazing_inferno.bone.body] run data modify entity @s {} merge value {transformation:[-1f,0f,1.2246467991473532e-16f,0f,0f,1f,0f,0.7130154807477445f,-1.2246467991473532e-16f,0f,-1f,0f,0f,0f,0f,1f],start_interpolation:0}
execute if entity @s[tag=aj.blazing_inferno.bone.left_hand] run data modify entity @s {} merge value {transformation:[-0.980038177014017f,-0.19607665611222413f,0.03284990902408983f,0.7040321133911752f,-0.198809385077874f,0.9665670890534571f,-0.16193483492962202f,1.0152260416095795f,-1.2695895555614954e-16f,-0.16523319063243586f,-0.9862545273474921f,-0.1930150099320961f,0f,0f,0f,1f],start_interpolation:0}
execute if entity @s[tag=aj.blazing_inferno.bone.left_arm] run data modify entity @s {} merge value {transformation:[-0.980038177014017f,-0.18522344508432392f,-0.07223189729016419f,0.421875f,-0.198809385077874f,0.913065786052266f,0.35606979476742384f,1.4630154807477445f,-1.2695895555614954e-16f,0.36332237163688696f,-0.9316634876757529f,5.1664786839028965e-17f,0f,0f,0f,1f],start_interpolation:0}
execute if entity @s[tag=aj.blazing_inferno.bone.right_hand] run data modify entity @s {} merge value {transformation:[-0.980038177014017f,0.19607665611222416f,-0.03284990902408959f,-0.7040321133911752f,0.198809385077874f,0.9665670890534571f,-0.16193483492962202f,1.0152260416095795f,-1.1308116774833508e-16f,-0.16523319063243586f,-0.9862545273474921f,-0.19301500993209628f,0f,0f,0f,1f],start_interpolation:0}
execute if entity @s[tag=aj.blazing_inferno.bone.right_arm] run data modify entity @s {} merge value {transformation:[-0.980038177014017f,0.1852234450843238f,0.07223189729016441f,-0.421875f,0.198809385077874f,0.913065786052266f,0.35606979476742384f,1.4630154807477445f,-1.1308116774833508e-16f,0.36332237163688696f,-0.9316634876757529f,-5.1664786839028965e-17f,0f,0f,0f,1f],start_interpolation:0}
execute if entity @s[tag=aj.blazing_inferno.bone.head] run data modify entity @s {} merge value {transformation:[-1f,-7.57488056191682e-18f,1.2223018862413358e-16f,0f,0f,0.9980852333034715f,0.06185359376426531f,1.5880154807477445f,-1.2246467991473532e-16f,0.06185359376426531f,-0.9980852333034715f,0f,0f,0f,0f,1f],start_interpolation:0}
execute if entity @s[tag=aj.blazing_inferno.bone.bottom] run data modify entity @s {} merge value {transformation:[-1f,2.883815148017784e-17f,1.190208336629554e-16f,0f,0f,0.9718788612832886f,-0.23548137716324483f,0.8380154807477445f,-1.2246467991473532e-16f,-0.23548137716324483f,-0.9718788612832886f,0f,0f,0f,0f,1f],start_interpolation:0}