execute if entity @s[tag=aj.blazing_inferno.bone.body] run data modify entity @s {} merge value {transformation:[-1f,0f,1.2246467991473532e-16f,0f,0f,1f,0f,0.7379949348536717f,-1.2246467991473532e-16f,0f,-1f,0f,0f,0f,0f,1f],start_interpolation:0}
execute if entity @s[tag=aj.blazing_inferno.bone.left_hand] run data modify entity @s {} merge value {transformation:[-0.9273257877103843f,-0.32723237522303356f,0.18162008714128247f,0.7875265251292334f,-0.37425510477121776f,0.8108133095566974f,-0.450016548138399f,1.0829821865021714f,-1.0662576186472478e-16f,-0.4852841947267672f,-0.8743564778443589f,-0.1401657887768261f,0f,0f,0f,1f],start_interpolation:0}
execute if entity @s[tag=aj.blazing_inferno.bone.left_arm] run data modify entity @s {} merge value {transformation:[-0.9273257877103843f,-0.3609937692866565f,-0.0987440225204921f,0.421875f,-0.37425510477121776f,0.8944669750514894f,0.24466701268238628f,1.4879949348536718f,-1.0662576186472478e-16f,0.2638414847563787f,-0.9645660531666815f,5.1664786839028965e-17f,0f,0f,0f,1f],start_interpolation:0}
execute if entity @s[tag=aj.blazing_inferno.bone.right_hand] run data modify entity @s {} merge value {transformation:[-0.9273257877103843f,0.3272323752230336f,-0.18162008714128217f,-0.7875265251292333f,0.37425510477121776f,0.8108133095566974f,-0.450016548138399f,1.0829821865021714f,-1.2050354967253924e-16f,-0.48528419472676715f,-0.874356477844359f,-0.1401657887768263f,0f,0f,0f,1f],start_interpolation:0}
execute if entity @s[tag=aj.blazing_inferno.bone.right_arm] run data modify entity @s {} merge value {transformation:[-0.9273257877103843f,0.3609937692866564f,0.09874402252049234f,-0.421875f,0.37425510477121776f,0.8944669750514894f,0.24466701268238628f,1.4879949348536718f,-1.2050354967253924e-16f,0.2638414847563788f,-0.9645660531666815f,-5.1664786839028965e-17f,0f,0f,0f,1f],start_interpolation:0}
execute if entity @s[tag=aj.blazing_inferno.bone.head] run data modify entity @s {} merge value {transformation:[-1f,-1.4383567060911285e-17f,1.2161706634030786e-16f,0f,0f,0.9930787099185039f,0.11745073821223952f,1.6129949348536718f,-1.2246467991473532e-16f,0.11745073821223952f,-0.9930787099185039f,0f,0f,0f,0f,1f],start_interpolation:0}
execute if entity @s[tag=aj.blazing_inferno.bone.bottom] run data modify entity @s {} merge value {transformation:[-1f,2.3403235398070867e-18f,1.2244231585668248e-16f,0f,0f,0.9998173836075153f,-0.01911019194625349f,0.8629949348536717f,-1.2246467991473532e-16f,-0.01911019194625349f,-0.9998173836075153f,0f,0f,0f,0f,1f],start_interpolation:0}