execute if entity @s[tag=aj.blazing_inferno.bone.helm] run data modify entity @s {} merge value {transformation:[-1.2291666666666665f,-1.5633570117650502e-17f,1.4971547206859305e-16f,0.49999999999999994f,0f,1.2225196046144144f,0.1276577877681565f,-0.08905302539816295f,-1.5052950239519548e-16f,0.1276577877681565f,-1.2225196046144144f,0.37396570521967853f,0f,0f,0f,1f],start_interpolation:0}
execute if entity @s[tag=aj.blazing_inferno.bone.head] run data modify entity @s {} merge value {transformation:[-1f,-1.2718836705885155e-17f,1.2180241795410961e-16f,0f,0f,0.9945922207032526f,0.1038571832690087f,1.1439538283214536f,-1.2246467991473532e-16f,0.1038571832690087f,-0.9945922207032526f,0f,0f,0f,0f,1f],start_interpolation:0}
execute if entity @s[tag=aj.blazing_inferno.bone.body] run data modify entity @s {} merge value {transformation:[-1f,0f,1.2246467991473532e-16f,0f,0f,1f,0f,0.3939538283214537f,-1.2246467991473532e-16f,0f,-1f,0f,0f,0f,0f,1f],start_interpolation:0}
execute if entity @s[tag=aj.blazing_inferno.bone.left_hand] run data modify entity @s {} merge value {transformation:[-0.9659258262890683f,-0.23134318387190722f,0.1160501158284194f,0.4794684313938003f,-0.2588190451025207f,0.863384516194707f,-0.4331049284959142f,0.7621554845077192f,-1.1829179713786698e-16f,-0.4483832160900322f,-0.8938414241512638f,-0.08969567475806357f,0f,0f,0f,1f],start_interpolation:0}
execute if entity @s[tag=aj.blazing_inferno.bone.left_arm] run data modify entity @s {} merge value {transformation:[-0.9659258262890683f,-0.24792864994453365f,-0.07428783645026645f,0.28125f,-0.2588190451025207f,0.9252823182449584f,0.277245980016762f,1.0189538283214536f,-1.1829179713786698e-16f,0.28702615922580355f,-0.9579227442336274f,3.444319122601931e-17f,0f,0f,0f,1f],start_interpolation:0}
execute if entity @s[tag=aj.blazing_inferno.bone.right_hand] run data modify entity @s {} merge value {transformation:[-0.9659258262890683f,0.23134318387190733f,-0.11605011582841922f,-0.49496397201533365f,0.2588190451025207f,0.863384516194707f,-0.4331049284959142f,0.7043253396174094f,-1.1829179713786698e-16f,-0.44838321609003207f,-0.8938414241512638f,-0.10763480970967641f,0f,0f,0f,1f],start_interpolation:0}
execute if entity @s[tag=aj.blazing_inferno.bone.right_arm] run data modify entity @s {} merge value {transformation:[-0.9659258262890683f,0.2479286499445336f,0.07428783645026667f,-0.28125f,0.2588190451025207f,0.9252823182449584f,0.277245980016762f,1.0189538283214536f,-1.1829179713786698e-16f,0.28702615922580366f,-0.9579227442336274f,-3.444319122601931e-17f,0f,0f,0f,1f],start_interpolation:0}
execute if entity @s[tag=aj.blazing_inferno.bone.bottom] run data modify entity @s {} merge value {transformation:[-1f,-5.8969755667701746e-18f,1.223226205809191e-16f,0f,0f,0.9988399975085459f,0.04815245972043432f,0.6439538283214536f,-1.2246467991473532e-16f,0.04815245972043432f,-0.9988399975085459f,0f,0f,0f,0f,1f],start_interpolation:0}