execute if entity @s[tag=aj.blazing_inferno.bone.body] run data modify entity @s {} merge value {transformation:[-1f,0f,1.2246467991473532e-16f,0f,0f,1f,0f,0.7738184834274409f,-1.2246467991473532e-16f,0f,-1f,0f,0f,0f,0f,1f],start_interpolation:0}
execute if entity @s[tag=aj.blazing_inferno.bone.left_hand] run data modify entity @s {} merge value {transformation:[-0.9659258262890683f,-0.2302272485485232f,0.11824851852584531f,0.7348846605278146f,-0.25881904510252074f,0.8592197888698769f,-0.44130947905820406f,1.0800948967945514f,-1.1829179713786698e-16f,-0.45687719185814113f,-0.8895297811539642f,-0.15005713439189383f,0f,0f,0f,1f],start_interpolation:0}
execute if entity @s[tag=aj.blazing_inferno.bone.left_arm] run data modify entity @s {} merge value {transformation:[-0.9659258262890683f,-0.24827965759739162f,-0.07310615385248104f,0.421875f,-0.25881904510252074f,0.9265922966392698f,0.2728358805234069f,1.5238184834274409f,-1.1829179713786698e-16f,0.2824604882670944f,-0.9592789336621099f,5.1664786839028965e-17f,0f,0f,0f,1f],start_interpolation:0}
execute if entity @s[tag=aj.blazing_inferno.bone.right_hand] run data modify entity @s {} merge value {transformation:[-0.9659258262890683f,0.2302272485485233f,-0.11824851852584511f,-0.7348846605278145f,0.25881904510252074f,0.8592197888698769f,-0.44130947905820406f,1.0800948967945514f,-1.1829179713786698e-16f,-0.456877191858141f,-0.8895297811539643f,-0.15005713439189405f,0f,0f,0f,1f],start_interpolation:0}
execute if entity @s[tag=aj.blazing_inferno.bone.right_arm] run data modify entity @s {} merge value {transformation:[-0.9659258262890683f,0.24827965759739157f,0.07310615385248126f,-0.421875f,0.25881904510252074f,0.9265922966392698f,0.2728358805234069f,1.5238184834274409f,-1.1829179713786698e-16f,0.2824604882670945f,-0.9592789336621099f,-5.1664786839028965e-17f,0f,0f,0f,1f],start_interpolation:0}
execute if entity @s[tag=aj.blazing_inferno.bone.head] run data modify entity @s {} merge value {transformation:[-1f,-1.2064096723178275e-17f,1.21869009173261e-16f,0f,0f,0.9951359792726439f,0.09851082558316217f,1.6488184834274409f,-1.2246467991473532e-16f,0.09851082558316217f,-0.9951359792726439f,0f,0f,0f,0f,1f],start_interpolation:0}
execute if entity @s[tag=aj.blazing_inferno.bone.bottom] run data modify entity @s {} merge value {transformation:[-1f,1.2657550999046298e-17f,1.2180880193699108e-16f,0f,0f,0.9946443498794845f,-0.10335674749535113f,0.8988184834274409f,-1.2246467991473532e-16f,-0.10335674749535113f,-0.9946443498794845f,0f,0f,0f,0f,1f],start_interpolation:0}