execute if entity @s[tag=aj.blazing_inferno.bone.body] run data modify entity @s {} merge value {transformation:[-1f,0f,1.2246467991473532e-16f,0f,0f,1f,0f,0.6542195582509074f,-1.2246467991473532e-16f,0f,-1f,0f,0f,0f,0f,1f],start_interpolation:0}
execute if entity @s[tag=aj.blazing_inferno.bone.left_hand] run data modify entity @s {} merge value {transformation:[-0.9540640134093704f,-0.28046218495219866f,0.10536992516388863f,0.7522258481636396f,-0.299602834294345f,0.8931119707705193f,-0.3355430663107114f,0.9780691971139488f,-1.2377803792425353e-16f,-0.35169869274456783f,-0.9361132567813374f,-0.16323908637456835f,0f,0f,0f,1f],start_interpolation:0}
execute if entity @s[tag=aj.blazing_inferno.bone.left_arm] run data modify entity @s {} merge value {transformation:[-0.9540640134093704f,-0.28510841534001435f,-0.09206003377965186f,0.421875f,-0.299602834294345f,0.9079075624793378f,0.2931586595610346f,1.4042195582509074f,-1.2377803792425353e-16f,0.3072735743521288f,-0.9516212221807933f,5.1664786839028965e-17f,0f,0f,0f,1f],start_interpolation:0}
execute if entity @s[tag=aj.blazing_inferno.bone.right_hand] run data modify entity @s {} merge value {transformation:[-0.9540640134093704f,0.2804621849521987f,-0.1053699251638884f,-0.7522258481636395f,0.299602834294345f,0.8931119707705193f,-0.3355430663107114f,0.9780691971139488f,-1.0990025011643907e-16f,-0.3516986927445678f,-0.9361132567813375f,-0.16323908637456858f,0f,0f,0f,1f],start_interpolation:0}
execute if entity @s[tag=aj.blazing_inferno.bone.right_arm] run data modify entity @s {} merge value {transformation:[-0.9540640134093704f,0.28510841534001424f,0.09206003377965208f,-0.421875f,0.299602834294345f,0.9079075624793378f,0.2931586595610346f,1.4042195582509074f,-1.0990025011643907e-16f,0.30727357435212893f,-0.9516212221807933f,-5.1664786839028965e-17f,0f,0f,0f,1f],start_interpolation:0}
execute if entity @s[tag=aj.blazing_inferno.bone.head] run data modify entity @s {} merge value {transformation:[-1f,-1.600653739282958e-17f,1.214141202138801e-16f,0f,0f,0.9914215290352559f,0.1307032966890858f,1.5292195582509074f,-1.2246467991473532e-16f,0.1307032966890858f,-0.9914215290352559f,0f,0f,0f,0f,1f],start_interpolation:0}
execute if entity @s[tag=aj.blazing_inferno.bone.bottom] run data modify entity @s {} merge value {transformation:[-1f,-1.0279528683267403e-17f,1.2203249205301209e-16f,0f,0f,0.9964709182923261f,0.08393872168223859f,0.7792195582509074f,-1.2246467991473532e-16f,0.08393872168223859f,-0.9964709182923261f,0f,0f,0f,0f,1f],start_interpolation:0}