execute if entity @s[tag=aj.blazing_inferno.bone.body] run data modify entity @s {} merge value {transformation:[-1f,0f,1.2246467991473532e-16f,0f,0f,1f,0f,0.5947359988929981f,-1.2246467991473532e-16f,0f,-1f,0f,0f,0f,0f,1f],start_interpolation:0}
execute if entity @s[tag=aj.blazing_inferno.bone.left_hand] run data modify entity @s {} merge value {transformation:[-0.9659258262890683f,-0.25018753494724927f,0.06628344789462605f,0.7299431588104853f,-0.25881904510252074f,0.9337125918435484f,-0.24737319524358825f,0.9194543477348704f,-1.1829179713786698e-16f,-0.25609957670761985f,-0.9666504056845876f,-0.2039910272912371f,0f,0f,0f,1f],start_interpolation:0}
execute if entity @s[tag=aj.blazing_inferno.bone.left_arm] run data modify entity @s {} merge value {transformation:[-0.9659258262890683f,-0.2389780073059483f,-0.09938214191623568f,0.421875f,-0.25881904510252074f,0.8918780651573651f,0.3708992029964126f,1.344735998892998f,-1.1829179713786698e-16f,0.38398311019527f,-0.9233401166876521f,5.1664786839028965e-17f,0f,0f,0f,1f],start_interpolation:0}
execute if entity @s[tag=aj.blazing_inferno.bone.right_hand] run data modify entity @s {} merge value {transformation:[-0.9659258262890683f,0.2501875349472493f,-0.06628344789462581f,-0.7299431588104852f,0.25881904510252074f,0.9337125918435484f,-0.24737319524358825f,0.9194543477348704f,-1.1829179713786698e-16f,-0.25609957670761974f,-0.9666504056845877f,-0.20399102729123733f,0f,0f,0f,1f],start_interpolation:0}
execute if entity @s[tag=aj.blazing_inferno.bone.right_arm] run data modify entity @s {} merge value {transformation:[-0.9659258262890683f,0.23897800730594818f,0.0993821419162359f,-0.421875f,0.25881904510252074f,0.8918780651573651f,0.3708992029964126f,1.344735998892998f,-1.1829179713786698e-16f,0.3839831101952701f,-0.9233401166876521f,-5.1664786839028965e-17f,0f,0f,0f,1f],start_interpolation:0}
execute if entity @s[tag=aj.blazing_inferno.bone.head] run data modify entity @s {} merge value {transformation:[-1f,-1.7689145601568622e-17f,1.2118041077049162e-16f,0f,0f,0.9895131466057164f,0.14444283538637012f,1.469735998892998f,-1.2246467991473532e-16f,0.14444283538637012f,-0.9895131466057164f,0f,0f,0f,0f,1f],start_interpolation:0}
execute if entity @s[tag=aj.blazing_inferno.bone.bottom] run data modify entity @s {} merge value {transformation:[-1f,-2.6464471494078022e-17f,1.1957102314171988e-16f,0f,0f,0.9763714993169449f,0.21609880916280202f,0.7197359988929981f,-1.2246467991473532e-16f,0.21609880916280202f,-0.9763714993169449f,0f,0f,0f,0f,1f],start_interpolation:0}