execute if entity @s[tag=aj.blazing_inferno.bone.helm] run data modify entity @s {} merge value {transformation:[-1.2291666666666665f,-9.332405101437137e-18f,1.5023993246260406e-16f,0.49999999999999994f,0f,1.226802148727347f,0.07620487072627571f,-0.034448745945296455f,-1.5052950239519548e-16f,0.07620487072627571f,-1.226802148727347f,0.42541650742472237f,0f,0f,0f,1f],start_interpolation:0}
execute if entity @s[tag=aj.blazing_inferno.bone.head] run data modify entity @s {} merge value {transformation:[-1f,-7.592465167270893e-18f,1.2222909759669485e-16f,0f,0f,0.9980763243883503f,0.06199718296374974f,1.1817654807477445f,-1.2246467991473532e-16f,0.06199718296374974f,-0.9980763243883503f,0f,0f,0f,0f,1f],start_interpolation:0}
execute if entity @s[tag=aj.blazing_inferno.bone.body] run data modify entity @s {} merge value {transformation:[-1f,0f,1.2246467991473532e-16f,0f,0f,1f,0f,0.4317654807477444f,-1.2246467991473532e-16f,0f,-1f,0f,0f,0f,0f,1f],start_interpolation:0}
execute if entity @s[tag=aj.blazing_inferno.bone.left_hand] run data modify entity @s {} merge value {transformation:[-0.9659258262890683f,-0.24698738759812042f,0.07735973419833149f,0.4773445577352343f,-0.25881904510252074f,0.9217694793448928f,-0.28871045848819626f,0.8078935413366355f,-1.2523069104177421e-16f,-0.2988950607081038f,-0.9542859857947715f,-0.1135382411365271f,0f,0f,0f,1f],start_interpolation:0}
execute if entity @s[tag=aj.blazing_inferno.bone.left_arm] run data modify entity @s {} merge value {transformation:[-0.9659258262890683f,-0.2411322542371225f,-0.09403474929144212f,0.28125f,-0.25881904510252074f,0.8999178241565569f,0.35094246203266394f,1.0567654807477445f,-1.2523069104177421e-16f,0.36332237163688685f,-0.9316634876757529f,3.444319122601931e-17f,0f,0f,0f,1f],start_interpolation:0}
execute if entity @s[tag=aj.blazing_inferno.bone.right_hand] run data modify entity @s {} merge value {transformation:[-0.9659258262890683f,0.24698738759812047f,-0.07735973419833123f,-0.49241532362505447f,0.25881904510252074f,0.9217694793448928f,-0.28871045848819626f,0.7516486773268507f,-1.1135290323395976e-16f,-0.2988950607081037f,-0.9542859857947716f,-0.13624588936383267f,0f,0f,0f,1f],start_interpolation:0}
execute if entity @s[tag=aj.blazing_inferno.bone.right_arm] run data modify entity @s {} merge value {transformation:[-0.9659258262890683f,0.2411322542371224f,0.09403474929144234f,-0.28125f,0.25881904510252074f,0.8999178241565569f,0.35094246203266394f,1.0567654807477445f,-1.1135290323395976e-16f,0.36332237163688696f,-0.9316634876757529f,-3.444319122601931e-17f,0f,0f,0f,1f],start_interpolation:0}
execute if entity @s[tag=aj.blazing_inferno.bone.bottom] run data modify entity @s {} merge value {transformation:[-1f,2.883815148017784e-17f,1.190208336629554e-16f,0f,0f,0.9718788612832886f,-0.23548137716324483f,0.6817654807477445f,-1.2246467991473532e-16f,-0.23548137716324483f,-0.9718788612832886f,0f,0f,0f,0f,1f],start_interpolation:0}