execute if entity @s[tag=aj.blazing_inferno.bone.body] run data modify entity @s {} merge value {transformation:[-1f,0f,1.2246467991473532e-16f,0f,0f,1f,0f,0.6343923391345051f,-1.2246467991473532e-16f,0f,-1f,0f,0f,0f,0f,1f],start_interpolation:0}
execute if entity @s[tag=aj.blazing_inferno.bone.left_hand] run data modify entity @s {} merge value {transformation:[-0.9659258262890683f,-0.24077666030837674f,0.09494155022183509f,0.7328039935333094f,-0.2588190451025208f,0.8985907295476149f,-0.3543266891772403f,0.9484339074387407f,-1.2523069104177421e-16f,-0.3668259813887641f,-0.9302895782379645f,-0.17506061611262785f,0f,0f,0f,1f],start_interpolation:0}
execute if entity @s[tag=aj.blazing_inferno.bone.left_arm] run data modify entity @s {} merge value {transformation:[-0.9659258262890683f,-0.24436310796067595f,-0.08528756987732566f,0.421875f,-0.2588190451025208f,0.9119755344046813f,0.31829754403626076f,1.384392339134505f,-1.2523069104177421e-16f,0.32952586562377023f,-0.9441465478859227f,5.1664786839028965e-17f,0f,0f,0f,1f],start_interpolation:0}
execute if entity @s[tag=aj.blazing_inferno.bone.right_hand] run data modify entity @s {} merge value {transformation:[-0.9659258262890683f,0.24077666030837686f,-0.0949415502218349f,-0.7328039935333094f,0.2588190451025208f,0.8985907295476149f,-0.3543266891772403f,0.9484339074387407f,-1.1135290323395976e-16f,-0.366825981388764f,-0.9302895782379647f,-0.17506061611262808f,0f,0f,0f,1f],start_interpolation:0}
execute if entity @s[tag=aj.blazing_inferno.bone.right_arm] run data modify entity @s {} merge value {transformation:[-0.9659258262890683f,0.2443631079606759f,0.08528756987732589f,-0.421875f,0.2588190451025208f,0.9119755344046813f,0.31829754403626076f,1.384392339134505f,-1.1135290323395976e-16f,0.32952586562377034f,-0.9441465478859227f,-5.1664786839028965e-17f,0f,0f,0f,1f],start_interpolation:0}
execute if entity @s[tag=aj.blazing_inferno.bone.head] run data modify entity @s {} merge value {transformation:[-1f,-1.652308188365606e-17f,1.213449034433856e-16f,0f,0f,0.9908563312121555f,0.13492120254721668f,1.509392339134505f,-1.2246467991473532e-16f,0.13492120254721668f,-0.9908563312121555f,0f,0f,0f,0f,1f],start_interpolation:0}
execute if entity @s[tag=aj.blazing_inferno.bone.bottom] run data modify entity @s {} merge value {transformation:[-1f,-1.509439392319022e-17f,1.2153088948374456e-16f,0f,0f,0.9923750224828832f,0.12325508002551859f,0.7593923391345051f,-1.2246467991473532e-16f,0.12325508002551859f,-0.9923750224828832f,0f,0f,0f,0f,1f],start_interpolation:0}