execute if entity @s[tag=aj.blazing_inferno.bone.body] run data modify entity @s {} merge value {transformation:[-1f,0f,1.2246467991473532e-16f,0f,0f,1f,0f,0.7670253279930889f,-1.2246467991473532e-16f,0f,-1f,0f,0f,0f,0f,1f],start_interpolation:0}
execute if entity @s[tag=aj.blazing_inferno.bone.left_hand] run data modify entity @s {} merge value {transformation:[-0.9659258262890683f,-0.2419057952660336f,0.09202654141327112f,0.7325280016658651f,-0.25881904510252074f,0.9028047185781924f,-0.3434477281991689f,1.0820969119691028f,-1.2523069104177421e-16f,-0.355563252220556f,-0.934652220705831f,-0.1780864901974728f,0f,0f,0f,1f],start_interpolation:0}
execute if entity @s[tag=aj.blazing_inferno.bone.left_arm] run data modify entity @s {} merge value {transformation:[-0.9659258262890683f,-0.2438435938572512f,-0.0867617418137775f,0.421875f,-0.25881904510252074f,0.9100366813754517f,0.3237992286021912f,1.517025327993089f,-1.2523069104177421e-16f,0.33522162860700777f,-0.9421392995274454f,5.1664786839028965e-17f,0f,0f,0f,1f],start_interpolation:0}
execute if entity @s[tag=aj.blazing_inferno.bone.right_hand] run data modify entity @s {} merge value {transformation:[-0.9659258262890683f,0.24190579526603373f,-0.09202654141327092f,-0.732528001665865f,0.25881904510252074f,0.9028047185781924f,-0.3434477281991689f,1.0820969119691028f,-1.1135290323395976e-16f,-0.3555632522205559f,-0.9346522207058311f,-0.17808649019747302f,0f,0f,0f,1f],start_interpolation:0}
execute if entity @s[tag=aj.blazing_inferno.bone.right_arm] run data modify entity @s {} merge value {transformation:[-0.9659258262890683f,0.24384359385725116f,0.08676174181377772f,-0.421875f,0.25881904510252074f,0.9100366813754517f,0.3237992286021912f,1.517025327993089f,-1.1135290323395976e-16f,0.3352216286070079f,-0.9421392995274454f,-5.1664786839028965e-17f,0f,0f,0f,1f],start_interpolation:0}
execute if entity @s[tag=aj.blazing_inferno.bone.head] run data modify entity @s {} merge value {transformation:[-1f,-7.431615119844205e-18f,1.2223898283006562e-16f,0f,0f,0.9981570434444704f,0.060683742651500706f,1.642025327993089f,-1.2246467991473532e-16f,0.060683742651500706f,-0.9981570434444704f,0f,0f,0f,0f,1f],start_interpolation:0}
execute if entity @s[tag=aj.blazing_inferno.bone.bottom] run data modify entity @s {} merge value {transformation:[-1f,3.178908788908145e-17f,1.1826686652566233e-16f,0f,0f,0.9657222523915004f,-0.25957760156817666f,0.8920253279930889f,-1.2246467991473532e-16f,-0.25957760156817666f,-0.9657222523915004f,0f,0f,0f,0f,1f],start_interpolation:0}