execute if entity @s[tag=aj.blazing_inferno.bone.body] run data modify entity @s {} merge value {transformation:[-1f,0f,1.2246467991473532e-16f,0f,0f,1f,0f,0.5777897927640998f,-1.2246467991473532e-16f,0f,-1f,0f,0f,0f,0f,1f],start_interpolation:0}
execute if entity @s[tag=aj.blazing_inferno.bone.left_hand] run data modify entity @s {} merge value {transformation:[-0.9955434672880676f,-0.09426049389768223f,-0.00285727671345562f,0.6540308708516381f,-0.0943037896378096f,0.9950864040946291f,0.03016361460382616f,0.8652287357116122f,-1.253883590145926e-16f,0.030298641490756895f,-0.9995408907712653f,-0.22253928333578055f,0f,0f,0f,1f],start_interpolation:0}
execute if entity @s[tag=aj.blazing_inferno.bone.left_arm] run data modify entity @s {} merge value {transformation:[-0.9955434672880676f,-0.08563100373670675f,-0.03950361931641658f,0.421875f,-0.0943037896378096f,0.9039868566768506f,0.4170306442162913f,1.3277897927640998f,-1.253883590145926e-16f,0.4188974745144106f,-0.9080335378417741f,5.1664786839028965e-17f,0f,0f,0f,1f],start_interpolation:0}
execute if entity @s[tag=aj.blazing_inferno.bone.right_hand] run data modify entity @s {} merge value {transformation:[-0.9955434672880676f,0.09426049389768221f,0.0028572767134558696f,-0.6540308708516381f,0.0943037896378096f,0.9950864040946291f,0.03016361460382616f,0.8652287357116122f,-1.1844946511068537e-16f,0.030298641490756895f,-0.9995408907712653f,-0.2225392833357807f,0f,0f,0f,1f],start_interpolation:0}
execute if entity @s[tag=aj.blazing_inferno.bone.right_arm] run data modify entity @s {} merge value {transformation:[-0.9955434672880676f,0.08563100373670664f,0.0395036193164168f,-0.421875f,0.0943037896378096f,0.9039868566768506f,0.4170306442162913f,1.3277897927640998f,-1.1844946511068537e-16f,0.4188974745144106f,-0.9080335378417741f,-5.1664786839028965e-17f,0f,0f,0f,1f],start_interpolation:0}
execute if entity @s[tag=aj.blazing_inferno.bone.head] run data modify entity @s {} merge value {transformation:[-1f,-1.8063781841092393e-17f,1.2112513204209932e-16f,0f,0f,0.9890617615334589f,0.14750197243539198f,1.4527897927640998f,-1.2246467991473532e-16f,0.14750197243539198f,-0.9890617615334589f,0f,0f,0f,0f,1f],start_interpolation:0}
execute if entity @s[tag=aj.blazing_inferno.bone.bottom] run data modify entity @s {} merge value {transformation:[-1f,-3.222234410295991e-17f,1.181495593183869e-16f,0f,0f,0.9647643663515653f,0.26311540703323083f,0.7027897927640998f,-1.2246467991473532e-16f,0.26311540703323083f,-0.9647643663515653f,0f,0f,0f,0f,1f],start_interpolation:0}