execute if entity @s[tag=aj.blazing_inferno.bone.helm] run data modify entity @s {} merge value {transformation:[-1.2291666666666665f,-9.014088937297489e-18f,1.5025936673623928e-16f,0.49999999999999994f,0f,1.2269608416145432f,0.07360562199299789f,-0.020576040389857164f,-1.5052950239519548e-16f,0.07360562199299789f,-1.2269608416145432f,0.42799219907030783f,0f,0f,0f,1f],start_interpolation:0}
execute if entity @s[tag=aj.blazing_inferno.bone.head] run data modify entity @s {} merge value {transformation:[-1f,-7.333496084581009e-18f,1.2224490853117774e-16f,0f,0f,0.9982054304660691f,0.059882539926506766f,1.1947341782518532f,-1.2246467991473532e-16f,0.059882539926506766f,-0.9982054304660691f,0f,0f,0f,0f,1f],start_interpolation:0}
execute if entity @s[tag=aj.blazing_inferno.bone.body] run data modify entity @s {} merge value {transformation:[-1f,0f,1.2246467991473532e-16f,0f,0f,1f,0f,0.44473417825185313f,-1.2246467991473532e-16f,0f,-1f,0f,0f,0f,0f,1f],start_interpolation:0}
execute if entity @s[tag=aj.blazing_inferno.bone.left_hand] run data modify entity @s {} merge value {transformation:[-0.9659258262890683f,-0.24605911501413485f,0.08026337911053473f,0.4775163069665701f,-0.25881904510252074f,0.9183051188981854f,-0.29954700882767765f,0.8202212619832383f,-1.2523069104177421e-16f,-0.3101138831523836f,-0.9506994159439406f,-0.11182169451781378f,0f,0f,0f,1f],start_interpolation:0}
execute if entity @s[tag=aj.blazing_inferno.bone.left_arm] run data modify entity @s {} merge value {transformation:[-0.9659258262890683f,-0.24168185177739693f,-0.09261306942990821f,0.28125f,-0.25881904510252074f,0.9019689501005759f,0.34563668055732194f,1.0697341782518532f,-1.2523069104177421e-16f,0.3578294224570042f,-0.933786969508617f,3.444319122601931e-17f,0f,0f,0f,1f],start_interpolation:0}
execute if entity @s[tag=aj.blazing_inferno.bone.right_hand] run data modify entity @s {} merge value {transformation:[-0.9659258262890683f,0.2460591150141349f,-0.08026337911053448f,-0.49262142270265735f,0.25881904510252074f,0.9183051188981854f,-0.29954700882767765f,0.7638482026019524f,-1.1135290323395976e-16f,-0.3101138831523835f,-0.9506994159439406f,-0.1341860334213767f,0f,0f,0f,1f],start_interpolation:0}
execute if entity @s[tag=aj.blazing_inferno.bone.right_arm] run data modify entity @s {} merge value {transformation:[-0.9659258262890683f,0.24168185177739682f,0.09261306942990843f,-0.28125f,0.25881904510252074f,0.9019689501005759f,0.34563668055732194f,1.0697341782518532f,-1.1135290323395976e-16f,0.35782942245700433f,-0.933786969508617f,-3.444319122601931e-17f,0f,0f,0f,1f],start_interpolation:0}
execute if entity @s[tag=aj.blazing_inferno.bone.bottom] run data modify entity @s {} merge value {transformation:[-1f,3.058380705465122e-17f,1.1858426781265062e-16f,0f,0f,0.9683140305859093f,-0.2497357366707271f,0.6947341782518531f,-1.2246467991473532e-16f,-0.2497357366707271f,-0.9683140305859093f,0f,0f,0f,0f,1f],start_interpolation:0}