execute if entity @s[tag=aj.blazing_inferno.bone.body] run data modify entity @s {} merge value {transformation:[-1f,0f,1.2246467991473532e-16f,0f,0f,1f,0f,0.71875f,-1.2246467991473532e-16f,0f,-1f,0f,0f,0f,0f,1f],start_interpolation:0}
execute if entity @s[tag=aj.blazing_inferno.bone.left_hand] run data modify entity @s {} merge value {transformation:[-0.9238795325112867f,-0.33141357403559163f,0.19134171618254503f,0.7914756867347589f,-0.38268343236508967f,0.8001031451912655f,-0.4619397662556435f,1.0664161212511765f,-1.1314261122877003e-16f,-0.5000000000000002f,-0.8660254037844386f,-0.137497617710714f,0f,0f,0f,1f],start_interpolation:0}
execute if entity @s[tag=aj.blazing_inferno.bone.left_arm] run data modify entity @s {} merge value {transformation:[-0.9238795325112867f,-0.3696438106143861f,-0.09904576054128747f,0.421875f,-0.38268343236508967f,0.8923991008325228f,0.23911761839433446f,1.46875f,-1.1314261122877003e-16f,0.25881904510252063f,-0.9659258262890683f,5.1664786839028965e-17f,0f,0f,0f,1f],start_interpolation:0}
execute if entity @s[tag=aj.blazing_inferno.bone.right_hand] run data modify entity @s {} merge value {transformation:[-0.9238795325112867f,0.3314135740355918f,-0.1913417161825448f,-0.7914756867347588f,0.38268343236508967f,0.8001031451912655f,-0.4619397662556435f,1.0664161212511765f,-1.1314261122877003e-16f,-0.5000000000000001f,-0.8660254037844386f,-0.13749761771071423f,0f,0f,0f,1f],start_interpolation:0}
execute if entity @s[tag=aj.blazing_inferno.bone.right_arm] run data modify entity @s {} merge value {transformation:[-0.9238795325112867f,0.369643810614386f,0.09904576054128772f,-0.421875f,0.38268343236508967f,0.8923991008325228f,0.23911761839433446f,1.46875f,-1.1314261122877003e-16f,0.25881904510252074f,-0.9659258262890683f,-5.1664786839028965e-17f,0f,0f,0f,1f],start_interpolation:0}
execute if entity @s[tag=aj.blazing_inferno.bone.head] run data modify entity @s {} merge value {transformation:[-1f,-1.4924690131530345e-17f,1.2155184676135683e-16f,0f,0f,0.992546151641322f,0.12186934340514746f,1.59375f,-1.2246467991473532e-16f,0.12186934340514746f,-0.992546151641322f,0f,0f,0f,0f,1f],start_interpolation:0}
execute if entity @s[tag=aj.blazing_inferno.bone.bottom] run data modify entity @s {} merge value {transformation:[-1f,0f,1.2246467991473532e-16f,0f,0f,1f,0f,0.84375f,-1.2246467991473532e-16f,0f,-1f,0f,0f,0f,0f,1f],start_interpolation:0}