execute if entity @s[tag=aj.blazing_inferno.bone.helm] run data modify entity @s {} merge value {transformation:[-1.2291666666666665f,-1.2026998902007217e-17f,1.5004826686355388e-16f,0.49999999999999994f,0f,1.2252370803404158f,0.09820789888464887f,0.031238844218363315f,-1.5052950239519548e-16f,0.09820789888464887f,-1.2252370803404158f,0.40352270663974577f,0f,0f,0f,1f],start_interpolation:0}
execute if entity @s[tag=aj.blazing_inferno.bone.head] run data modify entity @s {} merge value {transformation:[-1f,-9.784677072819432e-18f,1.2207316626187435e-16f,0f,0f,0.9968030484125419f,0.07989795163496859f,1.254891440025741f,-1.2246467991473532e-16f,0.07989795163496859f,-0.9968030484125419f,0f,0f,0f,0f,1f],start_interpolation:0}
execute if entity @s[tag=aj.blazing_inferno.bone.body] run data modify entity @s {} merge value {transformation:[-1f,0f,1.2246467991473532e-16f,0f,0f,1f,0f,0.5048914400257409f,-1.2246467991473532e-16f,0f,-1f,0f,0f,0f,0f,1f],start_interpolation:0}
execute if entity @s[tag=aj.blazing_inferno.bone.left_hand] run data modify entity @s {} merge value {transformation:[-0.9659258262890683f,-0.23485734860089574f,0.10876269542420317f,0.4790961270276267f,-0.2588190451025207f,0.8764995575094586f,-0.405907905291265f,0.8744825550224461f,-1.1829179713786698e-16f,-0.4202267857881986f,-0.9074191140295201f,-0.09436345416283731f,0f,0f,0f,1f],start_interpolation:0}
execute if entity @s[tag=aj.blazing_inferno.bone.left_arm] run data modify entity @s {} merge value {transformation:[-0.9659258262890683f,-0.24673727597277814f,-0.07815378911680328f,0.28125f,-0.2588190451025207f,0.9208360500515518f,0.29167391178793384f,1.129891440025741f,-1.1829179713786698e-16f,0.30196305332107953f,-0.9533196286812785f,3.444319122601931e-17f,0f,0f,0f,1f],start_interpolation:0}
execute if entity @s[tag=aj.blazing_inferno.bone.right_hand] run data modify entity @s {} merge value {transformation:[-0.9659258262890683f,0.23485734860089585f,-0.10876269542420294f,-0.4945172067759253f,0.2588190451025207f,0.8764995575094586f,-0.405907905291265f,0.8169303018942241f,-1.1829179713786698e-16f,-0.4202267857881985f,-0.9074191140295202f,-0.11323614499540491f,0f,0f,0f,1f],start_interpolation:0}
execute if entity @s[tag=aj.blazing_inferno.bone.right_arm] run data modify entity @s {} merge value {transformation:[-0.9659258262890683f,0.2467372759727781f,0.0781537891168035f,-0.28125f,0.2588190451025207f,0.9208360500515518f,0.29167391178793384f,1.129891440025741f,-1.1829179713786698e-16f,0.30196305332107964f,-0.9533196286812785f,-3.444319122601931e-17f,0f,0f,0f,1f],start_interpolation:0}
execute if entity @s[tag=aj.blazing_inferno.bone.bottom] run data modify entity @s {} merge value {transformation:[-1f,2.2270127112638362e-17f,1.204227522730049e-16f,0f,0f,0.9833263954704974f,-0.1818493881512914f,0.7548914400257409f,-1.2246467991473532e-16f,-0.1818493881512914f,-0.9833263954704974f,0f,0f,0f,0f,1f],start_interpolation:0}