execute if entity @s[tag=aj.blazing_inferno.bone.body] run data modify entity @s {} merge value {transformation:[-1f,0f,1.2246467991473532e-16f,0f,0f,1f,0f,0.6251290033911236f,-1.2246467991473532e-16f,0f,-1f,0f,0f,0f,0f,1f],start_interpolation:0}
execute if entity @s[tag=aj.blazing_inferno.bone.left_hand] run data modify entity @s {} merge value {transformation:[-0.9659258262890683f,-0.2520246927718364f,0.0589139401249153f,0.7291548311651884f,-0.2588190451025207f,0.9405689581864307f,-0.2198698178202544f,0.9527894310582552f,-1.1135290323395976e-16f,-0.22762598518041371f,-0.973748638443539f,-0.2111662934769255f,0f,0f,0f,1f],start_interpolation:0}
execute if entity @s[tag=aj.blazing_inferno.bone.left_arm] run data modify entity @s {} merge value {transformation:[-0.9659258262890683f,-0.23749409644421288f,-0.10287785117277454f,0.421875f,-0.2588190451025207f,0.8863400344274657f,0.38394536755030445f,1.3751290033911236f,-1.1135290323395976e-16f,0.3974894936036246f,-0.917606725386608f,5.1664786839028965e-17f,0f,0f,0f,1f],start_interpolation:0}
execute if entity @s[tag=aj.blazing_inferno.bone.right_hand] run data modify entity @s {} merge value {transformation:[-0.9659258262890683f,0.2520246927718365f,-0.05891394012491506f,-0.7291548311651883f,0.2588190451025207f,0.9405689581864307f,-0.2198698178202544f,0.9527894310582552f,-1.2523069104177421e-16f,-0.2276259851804136f,-0.9737486384435391f,-0.21116629347692573f,0f,0f,0f,1f],start_interpolation:0}
execute if entity @s[tag=aj.blazing_inferno.bone.right_arm] run data modify entity @s {} merge value {transformation:[-0.9659258262890683f,0.23749409644421277f,0.10287785117277476f,-0.421875f,0.2588190451025207f,0.8863400344274657f,0.38394536755030445f,1.3751290033911236f,-1.2523069104177421e-16f,0.39748949360362473f,-0.917606725386608f,-5.1664786839028965e-17f,0f,0f,0f,1f],start_interpolation:0}
execute if entity @s[tag=aj.blazing_inferno.bone.head] run data modify entity @s {} merge value {transformation:[-1f,-1.149130633446958e-17f,1.219243523884624e-16f,0f,0f,0.9955878909196585f,0.09383363711455642f,1.5001290033911236f,-1.2246467991473532e-16f,0.09383363711455642f,-0.9955878909196585f,0f,0f,0f,0f,1f],start_interpolation:0}
execute if entity @s[tag=aj.blazing_inferno.bone.bottom] run data modify entity @s {} merge value {transformation:[-1f,4.3954448136870264e-18f,1.2238577487399591e-16f,0f,0f,0.9993556914467555f,-0.03589153065804203f,0.7501290033911236f,-1.2246467991473532e-16f,-0.03589153065804203f,-0.9993556914467555f,0f,0f,0f,0f,1f],start_interpolation:0}