execute if entity @s[tag=aj.blazing_inferno.bone.helm] run data modify entity @s {} merge value {transformation:[-1.2291666666666665f,-8.812338200215363e-18f,1.5027133388238152e-16f,0.49999999999999994f,0f,1.227058560778555f,0.071958202204512f,0.00308917831851363f,-1.5052950239519548e-16f,0.071958202204512f,-1.227058560778555f,0.42962352428861256f,0f,0f,0f,1f],start_interpolation:0}
execute if entity @s[tag=aj.blazing_inferno.bone.head] run data modify entity @s {} merge value {transformation:[-1f,-7.169359891700635e-18f,1.222546445144799e-16f,0f,0f,0.9982849308028923f,0.058542266200280954f,1.2178236667470888f,-1.2246467991473532e-16f,0.058542266200280954f,-0.9982849308028923f,0f,0f,0f,0f,1f],start_interpolation:0}
execute if entity @s[tag=aj.blazing_inferno.bone.body] run data modify entity @s {} merge value {transformation:[-1f,0f,1.2246467991473532e-16f,0f,0f,1f,0f,0.46782366674708864f,-1.2246467991473532e-16f,0f,-1f,0f,0f,0f,0f,1f],start_interpolation:0}
execute if entity @s[tag=aj.blazing_inferno.bone.left_hand] run data modify entity @s {} merge value {transformation:[-0.9659258262890683f,-0.24406367512908878f,0.08614070228564004f,0.47785790636849473f,-0.25881904510252074f,0.9108580358637441f,-0.32148147752967277f,0.842035884154656f,-1.2523069104177421e-16f,-0.3328221161295097f,-0.9429896282648476f,-0.10831467700994117f,0f,0f,0f,1f],start_interpolation:0}
execute if entity @s[tag=aj.blazing_inferno.bone.left_arm] run data modify entity @s {} merge value {transformation:[-0.9659258262890683f,-0.2427749698635558f,-0.08970848407776291f,0.28125f,-0.25881904510252074f,0.9060485223367931f,0.3347966204481953f,1.0928236667470888f,-1.2523069104177421e-16f,0.3466069664318119f,-0.9380104534710351f,3.444319122601931e-17f,0f,0f,0f,1f],start_interpolation:0}
execute if entity @s[tag=aj.blazing_inferno.bone.right_hand] run data modify entity @s {} merge value {transformation:[-0.9659258262890683f,0.24406367512908883f,-0.08614070228563982f,-0.4930313419849669f,0.25881904510252074f,0.9108580358637441f,-0.32148147752967277f,0.7854078515086065f,-1.1135290323395976e-16f,-0.33282211612950957f,-0.9429896282648476f,-0.12997761241192957f,0f,0f,0f,1f],start_interpolation:0}
execute if entity @s[tag=aj.blazing_inferno.bone.right_arm] run data modify entity @s {} merge value {transformation:[-0.9659258262890683f,0.24277496986355568f,0.08970848407776313f,-0.28125f,0.25881904510252074f,0.9060485223367931f,0.3347966204481953f,1.0928236667470888f,-1.1135290323395976e-16f,0.346606966431812f,-0.9380104534710351f,-3.444319122601931e-17f,0f,0f,0f,1f],start_interpolation:0}
execute if entity @s[tag=aj.blazing_inferno.bone.bottom] run data modify entity @s {} merge value {transformation:[-1f,3.220687808579437e-17f,1.1815377620112424e-16f,0f,0f,0.9647987998122194f,-0.26298911741914527f,0.7178236667470886f,-1.2246467991473532e-16f,-0.26298911741914527f,-0.9647987998122194f,0f,0f,0f,0f,1f],start_interpolation:0}