execute if entity @s[tag=aj.blazing_inferno.bone.body] run data modify entity @s {} merge value {transformation:[-1f,0f,1.2246467991473532e-16f,0f,0f,1f,0f,0.6251290033911236f,-1.2246467991473532e-16f,0f,-1f,0f,0f,0f,0f,1f],start_interpolation:0}
execute if entity @s[tag=aj.blazing_inferno.bone.left_hand] run data modify entity @s {} merge value {transformation:[-0.9908360395117597f,-0.13492779439365934f,0.006199443903521049f,0.6735005566453178f,-0.13507014031476575f,0.9897918304187576f,-0.04547735295325295f,0.9174433162190745f,-1.1787297147483807e-16f,-0.045897960045601705f,-0.9989461333143306f,-0.21116629347692556f,0f,0f,0f,1f],start_interpolation:0}
execute if entity @s[tag=aj.blazing_inferno.bone.left_arm] run data modify entity @s {} merge value {transformation:[-0.9908360395117597f,-0.12394126915174193f,-0.053688961674686675f,0.421875f,-0.13507014031476575f,0.9091978136114216f,0.3938469155897505f,1.3751290033911236f,-1.1787297147483807e-16f,0.39748949360362473f,-0.917606725386608f,5.1664786839028965e-17f,0f,0f,0f,1f],start_interpolation:0}
execute if entity @s[tag=aj.blazing_inferno.bone.right_hand] run data modify entity @s {} merge value {transformation:[-0.9908360395117597f,0.13492779439365934f,-0.006199443903520799f,-0.6735005566453178f,0.13507014031476575f,0.9897918304187576f,-0.04547735295325295f,0.9174433162190745f,-1.248118653787453e-16f,-0.045897960045601705f,-0.9989461333143306f,-0.21116629347692573f,0f,0f,0f,1f],start_interpolation:0}
execute if entity @s[tag=aj.blazing_inferno.bone.right_arm] run data modify entity @s {} merge value {transformation:[-0.9908360395117597f,0.12394126915174182f,0.0536889616746869f,-0.421875f,0.13507014031476575f,0.9091978136114216f,0.3938469155897505f,1.3751290033911236f,-1.248118653787453e-16f,0.39748949360362473f,-0.917606725386608f,-5.1664786839028965e-17f,0f,0f,0f,1f],start_interpolation:0}
execute if entity @s[tag=aj.blazing_inferno.bone.head] run data modify entity @s {} merge value {transformation:[-1f,-1.149130633446958e-17f,1.219243523884624e-16f,0f,0f,0.9955878909196585f,0.09383363711455642f,1.5001290033911236f,-1.2246467991473532e-16f,0.09383363711455642f,-0.9955878909196585f,0f,0f,0f,0f,1f],start_interpolation:0}
execute if entity @s[tag=aj.blazing_inferno.bone.bottom] run data modify entity @s {} merge value {transformation:[-1f,4.3954448136870264e-18f,1.2238577487399591e-16f,0f,0f,0.9993556914467555f,-0.03589153065804203f,0.7501290033911236f,-1.2246467991473532e-16f,-0.03589153065804203f,-0.9993556914467555f,0f,0f,0f,0f,1f],start_interpolation:0}