execute if entity @s[tag=aj.blazing_inferno.bone.helm] run data modify entity @s {} merge value {transformation:[-1.2291666666666665f,-1.521520338781019e-17f,1.4975856795927482e-16f,0.49999999999999994f,0f,1.222871509267346f,0.12424156416693864f,-0.14698913661975443f,-1.5052950239519548e-16f,0.12424156416693864f,-1.222871509267346f,0.3774092722864543f,0f,0f,0f,1f],start_interpolation:0}
execute if entity @s[tag=aj.blazing_inferno.bone.head] run data modify entity @s {} merge value {transformation:[-1f,-1.2378470552794732e-17f,1.2183747901771512e-16f,0f,0f,0.994878516014112f,0.10107788271208569f,1.0849680425030466f,-1.2246467991473532e-16f,0.10107788271208569f,-0.994878516014112f,0f,0f,0f,0f,1f],start_interpolation:0}
execute if entity @s[tag=aj.blazing_inferno.bone.body] run data modify entity @s {} merge value {transformation:[-1f,0f,1.2246467991473532e-16f,0f,0f,1f,0f,0.33496804250304657f,-1.2246467991473532e-16f,0f,-1f,0f,0f,0f,0f,1f],start_interpolation:0}
execute if entity @s[tag=aj.blazing_inferno.bone.left_hand] run data modify entity @s {} merge value {transformation:[-0.9659258262890683f,-0.25253029360106743f,0.05670757375817921f,0.4760663395207251f,-0.25881904510252074f,0.9424558861694696f,-0.2116355464394839f,0.7158664784116462f,-1.2523069104177421e-16f,-0.21910124015686977f,-0.9757021300385286f,-0.12546820419483767f,0f,0f,0f,1f],start_interpolation:0}
execute if entity @s[tag=aj.blazing_inferno.bone.left_arm] run data modify entity @s {} merge value {transformation:[-0.9659258262890683f,-0.23704195595069294f,-0.10391539456139506f,0.28125f,-0.25881904510252074f,0.8846526231334897f,0.38781753219169346f,0.9599680425030466f,-1.2523069104177421e-16f,0.4014982534234807f,-0.9158597886673999f,3.444319122601931e-17f,0f,0f,0f,1f],start_interpolation:0}
execute if entity @s[tag=aj.blazing_inferno.bone.right_hand] run data modify entity @s {} merge value {transformation:[-0.9659258262890683f,0.2525302936010675f,-0.05670757375817896f,-0.49088146176764336f,0.25881904510252074f,0.9424558861694696f,-0.2116355464394839f,0.660575689465803f,-1.1135290323395976e-16f,-0.21910124015686971f,-0.9757021300385287f,-0.15056184503380537f,0f,0f,0f,1f],start_interpolation:0}
execute if entity @s[tag=aj.blazing_inferno.bone.right_arm] run data modify entity @s {} merge value {transformation:[-0.9659258262890683f,0.23704195595069283f,0.10391539456139529f,-0.28125f,0.25881904510252074f,0.8846526231334897f,0.38781753219169346f,0.9599680425030466f,-1.1135290323395976e-16f,0.40149825342348083f,-0.9158597886673999f,-3.444319122601931e-17f,0f,0f,0f,1f],start_interpolation:0}
execute if entity @s[tag=aj.blazing_inferno.bone.bottom] run data modify entity @s {} merge value {transformation:[-1f,0f,1.2246467991473532e-16f,0f,0f,1f,0f,0.5849680425030466f,-1.2246467991473532e-16f,0f,-1f,0f,0f,0f,0f,1f],start_interpolation:0}