execute if entity @s[tag=aj.blazing_inferno.bone.body] run data modify entity @s {} merge value {transformation:[-1f,0f,1.2246467991473532e-16f,0f,0f,1f,0f,0.6542195582509074f,-1.2246467991473532e-16f,0f,-1f,0f,0f,0f,0f,1f],start_interpolation:0}
execute if entity @s[tag=aj.blazing_inferno.bone.left_hand] run data modify entity @s {} merge value {transformation:[-0.9659258262890683f,-0.23605553666527196f,0.10613708926407918f,0.7338317434420176f,-0.25881904510252074f,0.8809712562427332f,-0.39610900970101637f,0.9644255116783698f,-1.1829179713786698e-16f,-0.4100822225892887f,-0.9120485572140492f,-0.1632390863745683f,0f,0f,0f,1f],start_interpolation:0}
execute if entity @s[tag=aj.blazing_inferno.bone.left_arm] run data modify entity @s {} merge value {transformation:[-0.9659258262890683f,-0.24629769602412668f,-0.07952825309905627f,0.421875f,-0.25881904510252074f,0.9191955153491959f,0.2968034812028755f,1.4042195582509074f,-1.1829179713786698e-16f,0.3072735743521287f,-0.9516212221807933f,5.1664786839028965e-17f,0f,0f,0f,1f],start_interpolation:0}
execute if entity @s[tag=aj.blazing_inferno.bone.right_hand] run data modify entity @s {} merge value {transformation:[-0.9659258262890683f,0.23605553666527207f,-0.10613708926407896f,-0.7338317434420176f,0.25881904510252074f,0.8809712562427332f,-0.39610900970101637f,0.9644255116783698f,-1.1829179713786698e-16f,-0.41008222258928867f,-0.9120485572140493f,-0.16323908637456852f,0f,0f,0f,1f],start_interpolation:0}
execute if entity @s[tag=aj.blazing_inferno.bone.right_arm] run data modify entity @s {} merge value {transformation:[-0.9659258262890683f,0.24629769602412663f,0.07952825309905649f,-0.421875f,0.25881904510252074f,0.9191955153491959f,0.2968034812028755f,1.4042195582509074f,-1.1829179713786698e-16f,0.3072735743521288f,-0.9516212221807933f,-5.1664786839028965e-17f,0f,0f,0f,1f],start_interpolation:0}
execute if entity @s[tag=aj.blazing_inferno.bone.head] run data modify entity @s {} merge value {transformation:[-1f,-1.600653739282958e-17f,1.214141202138801e-16f,0f,0f,0.9914215290352559f,0.1307032966890858f,1.5292195582509074f,-1.2246467991473532e-16f,0.1307032966890858f,-0.9914215290352559f,0f,0f,0f,0f,1f],start_interpolation:0}
execute if entity @s[tag=aj.blazing_inferno.bone.bottom] run data modify entity @s {} merge value {transformation:[-1f,-1.0279528683267403e-17f,1.2203249205301209e-16f,0f,0f,0.9964709182923261f,0.08393872168223859f,0.7792195582509074f,-1.2246467991473532e-16f,0.08393872168223859f,-0.9964709182923261f,0f,0f,0f,0f,1f],start_interpolation:0}