execute if entity @s[tag=aj.blazing_inferno.bone.helm] run data modify entity @s {} merge value {transformation:[-1.2291666666666665f,-1.468987535466559e-17f,1.4981100978702982e-16f,0.49999999999999994f,0f,1.223299729287939f,0.11995193524282473f,0.011942534016587736f,-1.5052950239519548e-16f,0.11995193524282473f,-1.223299729287939f,0.3817276812554159f,0f,0f,0f,1f],start_interpolation:0}
execute if entity @s[tag=aj.blazing_inferno.bone.head] run data modify entity @s {} merge value {transformation:[-1f,-1.195108503430421e-17f,1.218801435555497e-16f,0f,0f,0.9952268984037472f,0.09758801511280657f,1.2425684834274409f,-1.2246467991473532e-16f,0.09758801511280657f,-0.9952268984037472f,0f,0f,0f,0f,1f],start_interpolation:0}
execute if entity @s[tag=aj.blazing_inferno.bone.body] run data modify entity @s {} merge value {transformation:[-1f,0f,1.2246467991473532e-16f,0f,0f,1f,0f,0.49256848342744086f,-1.2246467991473532e-16f,0f,-1f,0f,0f,0f,0f,1f],start_interpolation:0}
execute if entity @s[tag=aj.blazing_inferno.bone.left_hand] run data modify entity @s {} merge value {transformation:[-0.9659258262890683f,-0.2302272485485232f,0.11824851852584531f,0.4795781212853184f,-0.25881904510252074f,0.8592197888698769f,-0.44130947905820406f,0.8603607713654842f,-1.1829179713786698e-16f,-0.45687719185814113f,-0.8895297811539642f,-0.08826890258346697f,0f,0f,0f,1f],start_interpolation:0}
execute if entity @s[tag=aj.blazing_inferno.bone.left_arm] run data modify entity @s {} merge value {transformation:[-0.9659258262890683f,-0.24827965759739162f,-0.07310615385248104f,0.28125f,-0.25881904510252074f,0.9265922966392698f,0.2728358805234069f,1.1175684834274409f,-1.1829179713786698e-16f,0.2824604882670944f,-0.9592789336621099f,3.444319122601931e-17f,0f,0f,0f,1f],start_interpolation:0}
execute if entity @s[tag=aj.blazing_inferno.bone.right_hand] run data modify entity @s {} merge value {transformation:[-0.9659258262890683f,0.2302272485485233f,-0.11824851852584511f,-0.4950955998851554f,0.25881904510252074f,0.8592197888698769f,-0.44130947905820406f,0.8024487528255297f,-1.1829179713786698e-16f,-0.456877191858141f,-0.8895297811539643f,-0.1059226831001605f,0f,0f,0f,1f],start_interpolation:0}
execute if entity @s[tag=aj.blazing_inferno.bone.right_arm] run data modify entity @s {} merge value {transformation:[-0.9659258262890683f,0.24827965759739157f,0.07310615385248126f,-0.28125f,0.25881904510252074f,0.9265922966392698f,0.2728358805234069f,1.1175684834274409f,-1.1829179713786698e-16f,0.2824604882670945f,-0.9592789336621099f,-3.444319122601931e-17f,0f,0f,0f,1f],start_interpolation:0}
execute if entity @s[tag=aj.blazing_inferno.bone.bottom] run data modify entity @s {} merge value {transformation:[-1f,1.2657550999046298e-17f,1.2180880193699108e-16f,0f,0f,0.9946443498794845f,-0.10335674749535113f,0.7425684834274409f,-1.2246467991473532e-16f,-0.10335674749535113f,-0.9946443498794845f,0f,0f,0f,0f,1f],start_interpolation:0}