execute if entity @s[tag=aj.blazing_inferno.bone.body] run data modify entity @s {} merge value {transformation:[-1f,0f,1.2246467991473532e-16f,0f,0f,1f,0f,0.5791537339988986f,-1.2246467991473532e-16f,0f,-1f,0f,0f,0f,0f,1f],start_interpolation:0}
execute if entity @s[tag=aj.blazing_inferno.bone.left_hand] run data modify entity @s {} merge value {transformation:[-0.9947103831460343f,-0.10270835077478543f,-0.0014994474292916657f,0.6580441319160594f,-0.10271929546813283f,0.9946043972155099f,0.014520309160034162f,0.8675083588103485f,-1.2181688867984282e-16f,0.014597524471504808f,-0.9998934504632501f,-0.2202055884782169f,0f,0f,0f,1f],start_interpolation:0}
execute if entity @s[tag=aj.blazing_inferno.bone.left_arm] run data modify entity @s {} merge value {transformation:[-0.9947103831460343f,-0.09347940720221729f,-0.04257762429482913f,0.421875f,-0.10271929546813283f,0.9052333987554352f,0.4123120664208285f,1.3291537339988986f,-1.2181688867984282e-16f,0.41450463713546726f,-0.9100471997611963f,5.1664786839028965e-17f,0f,0f,0f,1f],start_interpolation:0}
execute if entity @s[tag=aj.blazing_inferno.bone.right_hand] run data modify entity @s {} merge value {transformation:[-0.9947103831460343f,0.10270835077478542f,0.0014994474292919224f,-0.6580441319160593f,0.10271929546813283f,0.9946043972155099f,0.014520309160034162f,0.8675083588103485f,-1.2181688867984282e-16f,0.014597524471504808f,-0.9998934504632501f,-0.22020558847821706f,0f,0f,0f,1f],start_interpolation:0}
execute if entity @s[tag=aj.blazing_inferno.bone.right_arm] run data modify entity @s {} merge value {transformation:[-0.9947103831460343f,0.09347940720221717f,0.04257762429482935f,-0.421875f,0.10271929546813283f,0.9052333987554352f,0.4123120664208285f,1.3291537339988986f,-1.2181688867984282e-16f,0.41450463713546726f,-0.9100471997611963f,-5.1664786839028965e-17f,0f,0f,0f,1f],start_interpolation:0}
execute if entity @s[tag=aj.blazing_inferno.bone.head] run data modify entity @s {} merge value {transformation:[-1f,-1.8088875046459973e-17f,1.2112138715425997e-16f,0f,0f,0.9890311822036313f,0.14770687400689042f,1.4541537339988986f,-1.2246467991473532e-16f,0.14770687400689042f,-0.9890311822036313f,0f,0f,0f,0f,1f],start_interpolation:0}
execute if entity @s[tag=aj.blazing_inferno.bone.bottom] run data modify entity @s {} merge value {transformation:[-1f,-3.178908788908145e-17f,1.1826686652566233e-16f,0f,0f,0.9657222523915004f,0.25957760156817666f,0.7041537339988986f,-1.2246467991473532e-16f,0.25957760156817666f,-0.9657222523915004f,0f,0f,0f,0f,1f],start_interpolation:0}