execute if entity @s[tag=aj.blazing_inferno.bone.body] run data modify entity @s {} merge value {transformation:[-1f,0f,1.2246467991473532e-16f,0f,0f,1f,0f,0.7821002586900523f,-1.2246467991473532e-16f,0f,-1f,0f,0f,0f,0f,1f],start_interpolation:0}
execute if entity @s[tag=aj.blazing_inferno.bone.left_hand] run data modify entity @s {} merge value {transformation:[-0.9659258262890683f,-0.23249274067322462f,0.11372960758761694f,0.7344991018149869f,-0.2588190451025207f,0.86767472058341f,-0.42444467384185713f,1.0898155967627368f,-1.1829179713786698e-16f,-0.4394174607304014f,-0.8982829705639788f,-0.155026647026287f,0f,0f,0f,1f],start_interpolation:0}
execute if entity @s[tag=aj.blazing_inferno.bone.left_arm] run data modify entity @s {} merge value {transformation:[-0.9659258262890683f,-0.24755390002030406f,-0.07552724470360302f,0.421875f,-0.2588190451025207f,0.9238837324876011f,0.28187151458953424f,1.5321002586900523f,-1.1829179713786698e-16f,0.291814864990658f,-0.9564748217127746f,5.1664786839028965e-17f,0f,0f,0f,1f],start_interpolation:0}
execute if entity @s[tag=aj.blazing_inferno.bone.right_hand] run data modify entity @s {} merge value {transformation:[-0.9659258262890683f,0.23249274067322476f,-0.11372960758761672f,-0.7344991018149868f,0.2588190451025207f,0.86767472058341f,-0.42444467384185713f,1.0898155967627368f,-1.1829179713786698e-16f,-0.43941746073040133f,-0.8982829705639789f,-0.1550266470262872f,0f,0f,0f,1f],start_interpolation:0}
execute if entity @s[tag=aj.blazing_inferno.bone.right_arm] run data modify entity @s {} merge value {transformation:[-0.9659258262890683f,0.247553900020304f,0.07552724470360324f,-0.421875f,0.2588190451025207f,0.9238837324876011f,0.28187151458953424f,1.5321002586900523f,-1.1829179713786698e-16f,0.2918148649906581f,-0.9564748217127746f,-5.1664786839028965e-17f,0f,0f,0f,1f],start_interpolation:0}
execute if entity @s[tag=aj.blazing_inferno.bone.head] run data modify entity @s {} merge value {transformation:[-1f,-1.0954012665765377e-17f,1.2197379814180106e-16f,0f,0f,0.9959916461360447f,0.08944630136127402f,1.6571002586900523f,-1.2246467991473532e-16f,0.08944630136127402f,-0.9959916461360447f,0f,0f,0f,0f,1f],start_interpolation:0}
execute if entity @s[tag=aj.blazing_inferno.bone.bottom] run data modify entity @s {} merge value {transformation:[-1f,1.7541048030931622e-17f,1.2120193670315308e-16f,0f,0f,0.9896889191850139f,-0.14323352694952032f,0.9071002586900523f,-1.2246467991473532e-16f,-0.14323352694952032f,-0.9896889191850139f,0f,0f,0f,0f,1f],start_interpolation:0}