execute if entity @s[tag=aj.blazing_inferno.bone.body] run data modify entity @s {} merge value {transformation:[-1f,0f,1.2246467991473532e-16f,0f,0f,1f,0f,0.5807971618154097f,-1.2246467991473532e-16f,0f,-1f,0f,0f,0f,0f,1f],start_interpolation:0}
execute if entity @s[tag=aj.blazing_inferno.bone.left_hand] run data modify entity @s {} merge value {transformation:[-0.9659258262890683f,-0.2547913217112816f,0.04548274934960375f,0.7276626697669178f,-0.25881904510252074f,0.9508941579541301f,-0.16974393144064104f,0.9140264116339802f,-1.2523069104177421e-16f,-0.175731848989658f,-0.9844380718210142f,-0.22400637337300663f,0f,0f,0f,1f],start_interpolation:0}
execute if entity @s[tag=aj.blazing_inferno.bone.left_arm] run data modify entity @s {} merge value {transformation:[-0.9659258262890683f,-0.23468532204746825f,-0.1091333941708805f,0.421875f,-0.25881904510252074f,0.8758575456718158f,0.40729137184816766f,1.3307971618154097f,-1.2523069104177421e-16f,0.4216590557609538f,-0.9067544544664674f,5.1664786839028965e-17f,0f,0f,0f,1f],start_interpolation:0}
execute if entity @s[tag=aj.blazing_inferno.bone.right_hand] run data modify entity @s {} merge value {transformation:[-0.9659258262890683f,0.2547913217112816f,-0.045482749349603516f,-0.7276626697669177f,0.25881904510252074f,0.9508941579541301f,-0.16974393144064104f,0.9140264116339802f,-1.1135290323395976e-16f,-0.17573184898965788f,-0.9844380718210142f,-0.22400637337300686f,0f,0f,0f,1f],start_interpolation:0}
execute if entity @s[tag=aj.blazing_inferno.bone.right_arm] run data modify entity @s {} merge value {transformation:[-0.9659258262890683f,0.23468532204746814f,0.10913339417088072f,-0.421875f,0.25881904510252074f,0.8758575456718158f,0.40729137184816766f,1.3307971618154097f,-1.1135290323395976e-16f,0.4216590557609539f,-0.9067544544664674f,-5.1664786839028965e-17f,0f,0f,0f,1f],start_interpolation:0}
execute if entity @s[tag=aj.blazing_inferno.bone.head] run data modify entity @s {} merge value {transformation:[-1f,-1.7226250423638137e-17f,1.2124707882238105e-16f,0f,0f,0.9900575325620251f,0.14066300941325877f,1.4557971618154097f,-1.2246467991473532e-16f,0.14066300941325877f,-0.9900575325620251f,0f,0f,0f,0f,1f],start_interpolation:0}
execute if entity @s[tag=aj.blazing_inferno.bone.bottom] run data modify entity @s {} merge value {transformation:[-1f,-2.883815148017784e-17f,1.190208336629554e-16f,0f,0f,0.9718788612832886f,0.23548137716324483f,0.7057971618154097f,-1.2246467991473532e-16f,0.23548137716324483f,-0.9718788612832886f,0f,0f,0f,0f,1f],start_interpolation:0}