execute if entity @s[tag=aj.blazing_inferno.bone.body] run data modify entity @s {} merge value {transformation:[-1f,0f,1.2246467991473532e-16f,0f,0f,1f,0f,0.5975f,-1.2246467991473532e-16f,0f,-1f,0f,0f,0f,0f,1f],start_interpolation:0}
execute if entity @s[tag=aj.blazing_inferno.bone.left_hand] run data modify entity @s {} merge value {transformation:[-0.9941525469242437f,-0.10798355771854848f,-0.0005144963405352837f,0.6605569123751449f,-0.10798478339117745f,0.9941412628754404f,0.004736665956661723f,0.8864514195518862f,-1.2521802039745002e-16f,0.004764526300632843f,-0.9999886495801492f,-0.21874177395212502f,0f,0f,0f,1f],start_interpolation:0}
execute if entity @s[tag=aj.blazing_inferno.bone.left_arm] run data modify entity @s {} merge value {transformation:[-0.9941525469242437f,-0.09840623026230444f,-0.04446265050131214f,0.421875f,-0.10798478339117745f,0.9059684279227478f,0.40934153730490797f,1.3475000000000001f,-1.2521802039745002e-16f,0.4117492215569414f,-0.9112971955115701f,5.1664786839028965e-17f,0f,0f,0f,1f],start_interpolation:0}
execute if entity @s[tag=aj.blazing_inferno.bone.right_hand] run data modify entity @s {} merge value {transformation:[-0.9941525469242437f,0.10798355771854846f,0.0005144963405355335f,-0.6605569123751449f,0.10798478339117745f,0.9941412628754404f,0.004736665956661723f,0.8864514195518862f,-1.182791264935428e-16f,0.004764526300632843f,-0.9999886495801492f,-0.21874177395212518f,0f,0f,0f,1f],start_interpolation:0}
execute if entity @s[tag=aj.blazing_inferno.bone.right_arm] run data modify entity @s {} merge value {transformation:[-0.9941525469242437f,0.09840623026230433f,0.04446265050131236f,-0.421875f,0.10798478339117745f,0.9059684279227478f,0.40934153730490797f,1.3475000000000001f,-1.182791264935428e-16f,0.4117492215569414f,-0.9112971955115701f,-5.1664786839028965e-17f,0f,0f,0f,1f],start_interpolation:0}
execute if entity @s[tag=aj.blazing_inferno.bone.head] run data modify entity @s {} merge value {transformation:[-1f,-1.4382017978263714e-17f,1.21617249539247e-16f,0f,0f,0.993080205851366f,0.11743808899249183f,1.4725000000000001f,-1.2246467991473532e-16f,0.11743808899249183f,-0.993080205851366f,0f,0f,0f,0f,1f],start_interpolation:0}
execute if entity @s[tag=aj.blazing_inferno.bone.bottom] run data modify entity @s {} merge value {transformation:[-1f,-1.2876770483097911e-17f,1.217858226910842e-16f,0f,0f,0.9944567100969538f,0.10514681042781658f,0.7225f,-1.2246467991473532e-16f,0.10514681042781658f,-0.9944567100969538f,0f,0f,0f,0f,1f],start_interpolation:0}