execute if entity @s[tag=aj.blazing_inferno.bone.body] run data modify entity @s {} merge value {transformation:[-1f,0f,1.2246467991473532e-16f,0f,0f,1f,0f,0.5791537339988986f,-1.2246467991473532e-16f,0f,-1f,0f,0f,0f,0f,1f],start_interpolation:0}
execute if entity @s[tag=aj.blazing_inferno.bone.left_hand] run data modify entity @s {} merge value {transformation:[-0.9659258262890683f,-0.2540433175816169f,0.049490311172050494f,0.7281154144006712f,-0.2588190451025207f,0.9481025685379504f,-0.1847003557764857f,0.9106933178414472f,-1.1829179713786698e-16f,-0.1912158788486636f,-0.9815480057929582f,-0.2202055884782168f,0f,0f,0f,1f],start_interpolation:0}
execute if entity @s[tag=aj.blazing_inferno.bone.left_arm] run data modify entity @s {} merge value {transformation:[-0.9659258262890683f,-0.23553754724041578f,-0.10728169437396835f,0.421875f,-0.2588190451025207f,0.8790380933913863f,0.4003807341257265f,1.3291537339988986f,-1.1829179713786698e-16f,0.4145046371354671f,-0.9100471997611963f,5.1664786839028965e-17f,0f,0f,0f,1f],start_interpolation:0}
execute if entity @s[tag=aj.blazing_inferno.bone.right_hand] run data modify entity @s {} merge value {transformation:[-0.9659258262890683f,0.25404331758161697f,-0.04949031117205026f,-0.7281154144006712f,0.2588190451025207f,0.9481025685379504f,-0.1847003557764857f,0.9106933178414472f,-1.1829179713786698e-16f,-0.19121587884866353f,-0.9815480057929583f,-0.22020558847821703f,0f,0f,0f,1f],start_interpolation:0}
execute if entity @s[tag=aj.blazing_inferno.bone.right_arm] run data modify entity @s {} merge value {transformation:[-0.9659258262890683f,0.23553754724041567f,0.10728169437396858f,-0.421875f,0.2588190451025207f,0.8790380933913863f,0.4003807341257265f,1.3291537339988986f,-1.1829179713786698e-16f,0.4145046371354672f,-0.9100471997611963f,-5.1664786839028965e-17f,0f,0f,0f,1f],start_interpolation:0}
execute if entity @s[tag=aj.blazing_inferno.bone.head] run data modify entity @s {} merge value {transformation:[-1f,-1.8088875046459973e-17f,1.2112138715425997e-16f,0f,0f,0.9890311822036313f,0.14770687400689042f,1.4541537339988986f,-1.2246467991473532e-16f,0.14770687400689042f,-0.9890311822036313f,0f,0f,0f,0f,1f],start_interpolation:0}
execute if entity @s[tag=aj.blazing_inferno.bone.bottom] run data modify entity @s {} merge value {transformation:[-1f,-3.178908788908145e-17f,1.1826686652566233e-16f,0f,0f,0.9657222523915004f,0.25957760156817666f,0.7041537339988986f,-1.2246467991473532e-16f,0.25957760156817666f,-0.9657222523915004f,0f,0f,0f,0f,1f],start_interpolation:0}