execute if entity @s[tag=aj.blazing_inferno.bone.body] run data modify entity @s {} merge value {transformation:[-1f,0f,1.2246467991473532e-16f,0f,0f,1f,0f,0.6343923391345051f,-1.2246467991473532e-16f,0f,-1f,0f,0f,0f,0f,1f],start_interpolation:0}
execute if entity @s[tag=aj.blazing_inferno.bone.left_hand] run data modify entity @s {} merge value {transformation:[-0.9655635052852647f,-0.24981183558561593f,0.07267161799889815f,0.7334124030523255f,-0.2601674792537157f,0.9271304481317053f,-0.26970727629389357f,0.9488684710334788f,-1.1824742561210978e-16f,-0.2793262947673356f,-0.960196240906801f,-0.17506061611262785f,0f,0f,0f,1f],start_interpolation:0}
execute if entity @s[tag=aj.blazing_inferno.bone.left_arm] run data modify entity @s {} merge value {transformation:[-0.9655635052852647f,-0.2456362274095781f,-0.08573191380823483f,0.421875f,-0.2601674792537157f,0.9116334502797135f,0.31817814989384874f,1.384392339134505f,-1.1824742561210978e-16f,0.32952586562377023f,-0.9441465478859227f,5.1664786839028965e-17f,0f,0f,0f,1f],start_interpolation:0}
execute if entity @s[tag=aj.blazing_inferno.bone.right_hand] run data modify entity @s {} merge value {transformation:[-0.9655635052852647f,0.24981183558561598f,-0.07267161799889794f,-0.7334124030523255f,0.2601674792537157f,0.9271304481317053f,-0.26970727629389357f,0.9488684710334788f,-1.1824742561210978e-16f,-0.2793262947673355f,-0.9601962409068011f,-0.17506061611262808f,0f,0f,0f,1f],start_interpolation:0}
execute if entity @s[tag=aj.blazing_inferno.bone.right_arm] run data modify entity @s {} merge value {transformation:[-0.9655635052852647f,0.24563622740957805f,0.08573191380823506f,-0.421875f,0.2601674792537157f,0.9116334502797135f,0.31817814989384874f,1.384392339134505f,-1.1824742561210978e-16f,0.32952586562377034f,-0.9441465478859227f,-5.1664786839028965e-17f,0f,0f,0f,1f],start_interpolation:0}
execute if entity @s[tag=aj.blazing_inferno.bone.head] run data modify entity @s {} merge value {transformation:[-1f,-1.652308188365606e-17f,1.213449034433856e-16f,0f,0f,0.9908563312121555f,0.13492120254721668f,1.509392339134505f,-1.2246467991473532e-16f,0.13492120254721668f,-0.9908563312121555f,0f,0f,0f,0f,1f],start_interpolation:0}
execute if entity @s[tag=aj.blazing_inferno.bone.bottom] run data modify entity @s {} merge value {transformation:[-1f,-1.509439392319022e-17f,1.2153088948374456e-16f,0f,0f,0.9923750224828832f,0.12325508002551859f,0.7593923391345051f,-1.2246467991473532e-16f,0.12325508002551859f,-0.9923750224828832f,0f,0f,0f,0f,1f],start_interpolation:0}