execute if entity @s[tag=aj.blazing_inferno.bone.helm] run data modify entity @s {} merge value {transformation:[-1.2291666666666665f,-2.1668120679717937e-17f,1.489618193952878e-16f,0.49999999999999994f,0f,1.2163655635159527f,0.176933632577198f,-0.1994146926147815f,-1.5052950239519548e-16f,0.176933632577198f,-1.2163655635159527f,0.32385688927936584f,0f,0f,0f,1f],start_interpolation:0}
execute if entity @s[tag=aj.blazing_inferno.bone.head] run data modify entity @s {} merge value {transformation:[-1f,-1.762830156994002e-17f,1.2118927679616635e-16f,0f,0f,0.9895855431994193f,0.14394600616450007f,1.047691143016779f,-1.2246467991473532e-16f,0.14394600616450007f,-0.9895855431994193f,0f,0f,0f,0f,1f],start_interpolation:0}
execute if entity @s[tag=aj.blazing_inferno.bone.body] run data modify entity @s {} merge value {transformation:[-1f,0f,1.2246467991473532e-16f,0f,0f,1f,0f,0.29769114301677896f,-1.2246467991473532e-16f,0f,-1f,0f,0f,0f,0f,1f],start_interpolation:0}
execute if entity @s[tag=aj.blazing_inferno.bone.left_hand] run data modify entity @s {} merge value {transformation:[-0.9659258262890683f,-0.2548628203029337f,0.045080383039801136f,0.4753029437009849f,-0.25881904510252074f,0.9511609943308457f,-0.1682422799292037f,0.6814386109109345f,-1.1829179713786698e-16f,-0.17417722494858995f,-0.9847143211658944f,-0.1319921239828378f,0f,0f,0f,1f],start_interpolation:0}
execute if entity @s[tag=aj.blazing_inferno.bone.left_arm] run data modify entity @s {} merge value {transformation:[-0.9659258262890683f,-0.2345990893275245f,-0.10931864156893308f,0.28125f,-0.25881904510252074f,0.8755357207797108f,0.4079827245496698f,0.922691143016779f,-1.1829179713786698e-16f,0.4223747967450811f,-0.9064212768214079f,3.444319122601931e-17f,0f,0f,0f,1f],start_interpolation:0}
execute if entity @s[tag=aj.blazing_inferno.bone.right_hand] run data modify entity @s {} merge value {transformation:[-0.9659258262890683f,0.2548628203029338f,-0.04508038303980087f,-0.4899653867839552f,0.25881904510252074f,0.9511609943308457f,-0.1682422799292037f,0.6267176283622026f,-1.1829179713786698e-16f,-0.1741772249485899f,-0.9847143211658945f,-0.1583905487794055f,0f,0f,0f,1f],start_interpolation:0}
execute if entity @s[tag=aj.blazing_inferno.bone.right_arm] run data modify entity @s {} merge value {transformation:[-0.9659258262890683f,0.23459908932752438f,0.1093186415689333f,-0.28125f,0.25881904510252074f,0.8755357207797108f,0.4079827245496698f,0.922691143016779f,-1.1829179713786698e-16f,0.4223747967450812f,-0.9064212768214079f,-3.444319122601931e-17f,0f,0f,0f,1f],start_interpolation:0}
execute if entity @s[tag=aj.blazing_inferno.bone.bottom] run data modify entity @s {} merge value {transformation:[-1f,-3.058380705465122e-17f,1.1858426781265062e-16f,0f,0f,0.9683140305859093f,0.2497357366707271f,0.547691143016779f,-1.2246467991473532e-16f,0.2497357366707271f,-0.9683140305859093f,0f,0f,0f,0f,1f],start_interpolation:0}