execute if entity @s[tag=aj.blazing_inferno.bone.helm] run data modify entity @s {} merge value {transformation:[-1.2291666666666665f,-2.199314075238102e-17f,1.4891417948332229e-16f,0.49999999999999994f,0f,1.2159765541134155f,0.1795876228778249f,-0.20126980949916273f,-1.5052950239519548e-16f,0.1795876228778249f,-1.2159765541134155f,0.32113462363874506f,0f,0f,0f,1f],start_interpolation:0}
execute if entity @s[tag=aj.blazing_inferno.bone.head] run data modify entity @s {} merge value {transformation:[-1f,-1.7892724679903207e-17f,1.2115051890168593e-16f,0f,0f,0.9892690609736263f,0.14610518471416264f,1.0465397927640998f,-1.2246467991473532e-16f,0.14610518471416264f,-0.9892690609736263f,0f,0f,0f,0f,1f],start_interpolation:0}
execute if entity @s[tag=aj.blazing_inferno.bone.body] run data modify entity @s {} merge value {transformation:[-1f,0f,1.2246467991473532e-16f,0f,0f,1f,0f,0.2965397927640998f,-1.2246467991473532e-16f,0f,-1f,0f,0f,0f,0f,1f],start_interpolation:0}
execute if entity @s[tag=aj.blazing_inferno.bone.left_hand] run data modify entity @s {} merge value {transformation:[-0.9659258262890683f,-0.2545097574554537f,0.0470327701474917f,0.47543334490653094f,-0.25881904510252074f,0.9498433458457852f,-0.1755286878111474f,0.6798005967337893f,-1.1829179713786698e-16f,-0.1817206694695186f,-0.9833501910751581f,-0.13090546078575324f,0f,0f,0f,1f],start_interpolation:0}
execute if entity @s[tag=aj.blazing_inferno.bone.left_arm] run data modify entity @s {} merge value {transformation:[-0.9659258262890683f,-0.23501637318527166f,-0.10841864434967716f,0.28125f,-0.25881904510252074f,0.8770930453380017f,0.404623889200736f,0.9215397927640998f,-1.1829179713786698e-16f,0.41889747451441056f,-0.9080335378417742f,3.444319122601931e-17f,0f,0f,0f,1f],start_interpolation:0}
execute if entity @s[tag=aj.blazing_inferno.bone.right_hand] run data modify entity @s {} merge value {transformation:[-0.9659258262890683f,0.25450975745545373f,-0.04703277014749144f,-0.4901218682306104f,0.25881904510252074f,0.9498433458457852f,-0.1755286878111474f,0.6249822814001642f,-1.1829179713786698e-16f,-0.18172066946951854f,-0.9833501910751582f,-0.15708655294290405f,0f,0f,0f,1f],start_interpolation:0}
execute if entity @s[tag=aj.blazing_inferno.bone.right_arm] run data modify entity @s {} merge value {transformation:[-0.9659258262890683f,0.23501637318527155f,0.10841864434967738f,-0.28125f,0.25881904510252074f,0.8770930453380017f,0.404623889200736f,0.9215397927640998f,-1.1829179713786698e-16f,0.4188974745144107f,-0.9080335378417742f,-3.444319122601931e-17f,0f,0f,0f,1f],start_interpolation:0}
execute if entity @s[tag=aj.blazing_inferno.bone.bottom] run data modify entity @s {} merge value {transformation:[-1f,-3.222234410295991e-17f,1.181495593183869e-16f,0f,0f,0.9647643663515653f,0.26311540703323083f,0.5465397927640998f,-1.2246467991473532e-16f,0.26311540703323083f,-0.9647643663515653f,0f,0f,0f,0f,1f],start_interpolation:0}