execute if entity @s[tag=aj.blazing_inferno.bone.helm] run data modify entity @s {} merge value {transformation:[-1.2291666666666665f,-1.1743976947941184e-17f,1.500706836687012e-16f,0.49999999999999994f,0f,1.2254201274456136f,0.09589684924761817f,-0.09511275908881145f,-1.5052950239519548e-16f,0.09589684924761817f,-1.2254201274456136f,0.40582987545051685f,0f,0f,0f,1f],start_interpolation:0}
execute if entity @s[tag=aj.blazing_inferno.bone.head] run data modify entity @s {} merge value {transformation:[-1f,-9.554421923748761e-18f,1.2209140366267218e-16f,0f,0f,0.9969519680913467f,0.07801777565907919f,1.1277765908492023f,-1.2246467991473532e-16f,0.07801777565907919f,-0.9969519680913467f,0f,0f,0f,0f,1f],start_interpolation:0}
execute if entity @s[tag=aj.blazing_inferno.bone.body] run data modify entity @s {} merge value {transformation:[-1f,0f,1.2246467991473532e-16f,0f,0f,1f,0f,0.3777765908492024f,-1.2246467991473532e-16f,0f,-1f,0f,0f,0f,0f,1f],start_interpolation:0}
execute if entity @s[tag=aj.blazing_inferno.bone.left_hand] run data modify entity @s {} merge value {transformation:[-0.9659258262890683f,-0.25018753494724927f,0.06628344789462604f,0.4766713555692424f,-0.2588190451025208f,0.9337125918435485f,-0.2473731952435882f,0.7564170761253408f,-1.1829179713786698e-16f,-0.2560995767076198f,-0.9666504056845876f,-0.11999472193602184f,0f,0f,0f,1f],start_interpolation:0}
execute if entity @s[tag=aj.blazing_inferno.bone.left_arm] run data modify entity @s {} merge value {transformation:[-0.9659258262890683f,-0.2389780073059483f,-0.09938214191623569f,0.28125f,-0.2588190451025208f,0.8918780651573651f,0.37089920299641266f,1.0027765908492023f,-1.1829179713786698e-16f,0.38398311019527004f,-0.9233401166876521f,3.444319122601931e-17f,0f,0f,0f,1f],start_interpolation:0}
execute if entity @s[tag=aj.blazing_inferno.bone.right_hand] run data modify entity @s {} merge value {transformation:[-0.9659258262890683f,0.2501875349472493f,-0.0662834478946258f,-0.4916074810258641f,0.2588190451025208f,0.9337125918435485f,-0.2473731952435882f,0.7006746970530056f,-1.1829179713786698e-16f,-0.2560995767076197f,-0.9666504056845877f,-0.14399366632322635f,0f,0f,0f,1f],start_interpolation:0}
execute if entity @s[tag=aj.blazing_inferno.bone.right_arm] run data modify entity @s {} merge value {transformation:[-0.9659258262890683f,0.23897800730594818f,0.09938214191623591f,-0.28125f,0.2588190451025208f,0.8918780651573651f,0.37089920299641266f,1.0027765908492023f,-1.1829179713786698e-16f,0.38398311019527015f,-0.9233401166876521f,-3.444319122601931e-17f,0f,0f,0f,1f],start_interpolation:0}
execute if entity @s[tag=aj.blazing_inferno.bone.bottom] run data modify entity @s {} merge value {transformation:[-1f,1.6810930813246446e-17f,1.2130536027649734e-16f,0f,0f,0.9905334367505378f,-0.13727166743056748f,0.6277765908492023f,-1.2246467991473532e-16f,-0.13727166743056748f,-0.9905334367505378f,0f,0f,0f,0f,1f],start_interpolation:0}