execute if entity @s[tag=aj.blazing_inferno.bone.body] run data modify entity @s {} merge value {transformation:[-1f,0f,1.2246467991473532e-16f,0f,0f,1f,0f,0.7821002586900523f,-1.2246467991473532e-16f,0f,-1f,0f,0f,0f,0f,1f],start_interpolation:0}
execute if entity @s[tag=aj.blazing_inferno.bone.left_hand] run data modify entity @s {} merge value {transformation:[-0.9451863621178679f,-0.29920197516281694f,0.13077048185680049f,0.76501693376102f,-0.32653137807321164f,0.8660779497252991f,-0.37853169501804157f,1.1130499460705114f,-1.157519452965378e-16f,-0.40048366141241204f,-0.9163038998834985f,-0.155026647026287f,0f,0f,0f,1f],start_interpolation:0}
execute if entity @s[tag=aj.blazing_inferno.bone.left_arm] run data modify entity @s {} merge value {transformation:[-0.9451863621178679f,-0.3123190416262018f,-0.09528671000764768f,0.421875f,-0.32653137807321164f,0.9040469571920338f,0.2758194306524369f,1.5321002586900523f,-1.157519452965378e-16f,0.291814864990658f,-0.9564748217127746f,5.1664786839028965e-17f,0f,0f,0f,1f],start_interpolation:0}
execute if entity @s[tag=aj.blazing_inferno.bone.right_hand] run data modify entity @s {} merge value {transformation:[-0.9451863621178679f,0.299201975162817f,-0.13077048185680026f,-0.7650169337610199f,0.32653137807321164f,0.8660779497252991f,-0.37853169501804157f,1.1130499460705114f,-1.157519452965378e-16f,-0.400483661412412f,-0.9163038998834986f,-0.1550266470262872f,0f,0f,0f,1f],start_interpolation:0}
execute if entity @s[tag=aj.blazing_inferno.bone.right_arm] run data modify entity @s {} merge value {transformation:[-0.9451863621178679f,0.31231904162620167f,0.0952867100076479f,-0.421875f,0.32653137807321164f,0.9040469571920338f,0.2758194306524369f,1.5321002586900523f,-1.157519452965378e-16f,0.2918148649906581f,-0.9564748217127746f,-5.1664786839028965e-17f,0f,0f,0f,1f],start_interpolation:0}
execute if entity @s[tag=aj.blazing_inferno.bone.head] run data modify entity @s {} merge value {transformation:[-1f,-1.0954012665765377e-17f,1.2197379814180106e-16f,0f,0f,0.9959916461360447f,0.08944630136127402f,1.6571002586900523f,-1.2246467991473532e-16f,0.08944630136127402f,-0.9959916461360447f,0f,0f,0f,0f,1f],start_interpolation:0}
execute if entity @s[tag=aj.blazing_inferno.bone.bottom] run data modify entity @s {} merge value {transformation:[-1f,1.7541048030931622e-17f,1.2120193670315308e-16f,0f,0f,0.9896889191850139f,-0.14323352694952032f,0.9071002586900523f,-1.2246467991473532e-16f,-0.14323352694952032f,-0.9896889191850139f,0f,0f,0f,0f,1f],start_interpolation:0}