execute if entity @s[tag=aj.blazing_inferno.bone.helm] run data modify entity @s {} merge value {transformation:[-1.2291666666666665f,-9.813031016031967e-18f,1.5020930568251608e-16f,0.49999999999999994f,0f,1.2265520620892296f,0.08012947915157399f,0.030287721527625378f,-1.5052950239519548e-16f,0.08012947915157399f,-1.2265520620892296f,0.4215232064152848f,0f,0f,0f,1f],start_interpolation:0}
execute if entity @s[tag=aj.blazing_inferno.bone.head] run data modify entity @s {} merge value {transformation:[-1f,-7.983482860500584e-18f,1.2220418089425039e-16f,0f,0f,0.9978728640725938f,0.06519008473348394f,1.2478567899805726f,-1.2246467991473532e-16f,0.06519008473348394f,-0.9978728640725938f,0f,0f,0f,0f,1f],start_interpolation:0}
execute if entity @s[tag=aj.blazing_inferno.bone.body] run data modify entity @s {} merge value {transformation:[-1f,0f,1.2246467991473532e-16f,0f,0f,1f,0f,0.4978567899805726f,-1.2246467991473532e-16f,0f,-1f,0f,0f,0f,0f,1f],start_interpolation:0}
execute if entity @s[tag=aj.blazing_inferno.bone.left_hand] run data modify entity @s {} merge value {transformation:[-0.9659258262890683f,-0.2396209379126519f,0.09782179829486713f,0.47851261978882303f,-0.25881904510252074f,0.8942775148473248f,-0.3650759213241983f,0.8696255836390774f,-1.1135290323395976e-16f,-0.3779544053882081f,-0.9258242097977596f,-0.10120605203682893f,0f,0f,0f,1f],start_interpolation:0}
execute if entity @s[tag=aj.blazing_inferno.bone.left_arm] run data modify entity @s {} merge value {transformation:[-0.9659258262890683f,-0.24487005280860633f,-0.08382097198965782f,0.28125f,-0.25881904510252074f,0.9138674783337929f,0.3128241262052112f,1.1228567899805726f,-1.1135290323395976e-16f,0.32385936651785274f,-0.9461052323704034f,3.444319122601931e-17f,0f,0f,0f,1f],start_interpolation:0}
execute if entity @s[tag=aj.blazing_inferno.bone.right_hand] run data modify entity @s {} merge value {transformation:[-0.9659258262890683f,0.23962093791265202f,-0.09782179829486694f,-0.49381699808936086f,0.25881904510252074f,0.8942775148473248f,-0.3650759213241983f,0.8125088662432154f,-1.2523069104177421e-16f,-0.377954405388208f,-0.9258242097977596f,-0.12144726244419486f,0f,0f,0f,1f],start_interpolation:0}
execute if entity @s[tag=aj.blazing_inferno.bone.right_arm] run data modify entity @s {} merge value {transformation:[-0.9659258262890683f,0.24487005280860627f,0.08382097198965804f,-0.28125f,0.25881904510252074f,0.9138674783337929f,0.3128241262052112f,1.1228567899805726f,-1.2523069104177421e-16f,0.32385936651785285f,-0.9461052323704034f,-3.444319122601931e-17f,0f,0f,0f,1f],start_interpolation:0}
execute if entity @s[tag=aj.blazing_inferno.bone.bottom] run data modify entity @s {} merge value {transformation:[-1f,2.975648995747801e-17f,1.187945669297594e-16f,0f,0f,0.970031253194544f,-0.24298017990326387f,0.7478567899805726f,-1.2246467991473532e-16f,-0.24298017990326387f,-0.970031253194544f,0f,0f,0f,0f,1f],start_interpolation:0}