execute if entity @s[tag=aj.blazing_inferno.bone.helm] run data modify entity @s {} merge value {transformation:[-1.2291666666666665f,-1.1002073342092529e-17f,1.501268979014766e-16f,0.49999999999999994f,0f,1.2258791514908691f,0.0898387465655616f,-0.07996923940816991f,-1.5052950239519548e-16f,0.0898387465655616f,-1.2258791514908691f,0.41186934036515005f,0f,0f,0f,1f],start_interpolation:0}
execute if entity @s[tag=aj.blazing_inferno.bone.head] run data modify entity @s {} merge value {transformation:[-1f,-8.950839329160024e-18f,1.221371372757776e-16f,0f,0f,0.997325411382402f,0.0730891497482535f,1.1408992614825593f,-1.2246467991473532e-16f,0.0730891497482535f,-0.997325411382402f,0f,0f,0f,0f,1f],start_interpolation:0}
execute if entity @s[tag=aj.blazing_inferno.bone.body] run data modify entity @s {} merge value {transformation:[-1f,0f,1.2246467991473532e-16f,0f,0f,1f,0f,0.3908992614825594f,-1.2246467991473532e-16f,0f,-1f,0f,0f,0f,0f,1f],start_interpolation:0}
execute if entity @s[tag=aj.blazing_inferno.bone.left_hand] run data modify entity @s {} merge value {transformation:[-0.9659258262890683f,-0.2494671179300194f,0.06894530571018195f,0.47683574596738715f,-0.2588190451025207f,0.9310239589326097f,-0.25730738385376734f,0.7689262334405449f,-1.1829179713786698e-16f,-0.2663842055474394f,-0.963866928074026f,-0.11845585419952485f,0f,0f,0f,1f],start_interpolation:0}
execute if entity @s[tag=aj.blazing_inferno.bone.left_arm] run data modify entity @s {} merge value {transformation:[-0.9659258262890683f,-0.23950405658001153f,-0.09810761942631815f,0.28125f,-0.2588190451025207f,0.8938413077754542f,0.3661426203086512f,1.0158992614825593f,-1.1829179713786698e-16f,0.3790587334384797f,-0.9253726150065257f,3.444319122601931e-17f,0f,0f,0f,1f],start_interpolation:0}
execute if entity @s[tag=aj.blazing_inferno.bone.right_hand] run data modify entity @s {} merge value {transformation:[-0.9659258262890683f,0.24946711793001947f,-0.0689453057101817f,-0.49180474950363784f,0.2588190451025207f,0.9310239589326097f,-0.25730738385376734f,0.7130611517045791f,-1.1829179713786698e-16f,-0.26638420554743936f,-0.9638669280740261f,-0.14214702503942997f,0f,0f,0f,1f],start_interpolation:0}
execute if entity @s[tag=aj.blazing_inferno.bone.right_arm] run data modify entity @s {} merge value {transformation:[-0.9659258262890683f,0.23950405658001142f,0.09810761942631838f,-0.28125f,0.2588190451025207f,0.8938413077754542f,0.3661426203086512f,1.0158992614825593f,-1.1829179713786698e-16f,0.3790587334384798f,-0.9253726150065257f,-3.444319122601931e-17f,0f,0f,0f,1f],start_interpolation:0}
execute if entity @s[tag=aj.blazing_inferno.bone.bottom] run data modify entity @s {} merge value {transformation:[-1f,2.0443038534557776e-17f,1.207463457090655e-16f,0f,0f,0.9859687363992117f,-0.16693007770722967f,0.6408992614825594f,-1.2246467991473532e-16f,-0.16693007770722967f,-0.9859687363992117f,0f,0f,0f,0f,1f],start_interpolation:0}