execute if entity @s[tag=aj.blazing_inferno.bone.body] run data modify entity @s {} merge value {transformation:[-1f,0f,1.2246467991473532e-16f,0f,0f,1f,0f,0.6441217356915747f,-1.2246467991473532e-16f,0f,-1f,0f,0f,0f,0f,1f],start_interpolation:0}
execute if entity @s[tag=aj.blazing_inferno.bone.left_hand] run data modify entity @s {} merge value {transformation:[-0.9659258262890683f,-0.23844448947549182f,0.1006554695312317f,0.7333349633776679f,-0.2588190451025207f,0.8898869495073584f,-0.37565132635025744f,0.9561816975593775f,-1.1135290323395976e-16f,-0.38890287030987614f,-0.9212787620827584f,-0.1690681126456183f,0f,0f,0f,1f],start_interpolation:0}
execute if entity @s[tag=aj.blazing_inferno.bone.left_arm] run data modify entity @s {} merge value {transformation:[-0.9659258262890683f,-0.2453625806088801f,-0.08236808935948103f,0.421875f,-0.2588190451025207f,0.9157056171085549f,0.30740189441195714f,1.3941217356915747f,-1.1135290323395976e-16f,0.3182458590976346f,-0.9480082136602027f,5.1664786839028965e-17f,0f,0f,0f,1f],start_interpolation:0}
execute if entity @s[tag=aj.blazing_inferno.bone.right_hand] run data modify entity @s {} merge value {transformation:[-0.9659258262890683f,0.2384444894754919f,-0.10065546953123147f,-0.7333349633776678f,0.2588190451025207f,0.8898869495073584f,-0.37565132635025744f,0.9561816975593775f,-1.2523069104177421e-16f,-0.388902870309876f,-0.9212787620827585f,-0.16906811264561852f,0f,0f,0f,1f],start_interpolation:0}
execute if entity @s[tag=aj.blazing_inferno.bone.right_arm] run data modify entity @s {} merge value {transformation:[-0.9659258262890683f,0.24536258060888005f,0.08236808935948126f,-0.421875f,0.2588190451025207f,0.9157056171085549f,0.30740189441195714f,1.3941217356915747f,-1.2523069104177421e-16f,0.3182458590976347f,-0.9480082136602027f,-5.1664786839028965e-17f,0f,0f,0f,1f],start_interpolation:0}
execute if entity @s[tag=aj.blazing_inferno.bone.head] run data modify entity @s {} merge value {transformation:[-1f,-1.6262250072990264e-17f,1.213801344915308e-16f,0f,0f,0.9911440145521172f,0.13279134918176144f,1.5191217356915747f,-1.2246467991473532e-16f,0.13279134918176144f,-0.9911440145521172f,0f,0f,0f,0f,1f],start_interpolation:0}
execute if entity @s[tag=aj.blazing_inferno.bone.bottom] run data modify entity @s {} merge value {transformation:[-1f,-1.2657550999046301e-17f,1.2180880193699108e-16f,0f,0f,0.9946443498794845f,0.10335674749535116f,0.7691217356915747f,-1.2246467991473532e-16f,0.10335674749535116f,-0.9946443498794845f,0f,0f,0f,0f,1f],start_interpolation:0}