execute if entity @s[tag=aj.blazing_inferno.bone.helm] run data modify entity @s {} merge value {transformation:[-1.2291666666666665f,-1.2680452575636186e-17f,1.499944572770014e-16f,0.49999999999999994f,0f,1.2247976917216736f,0.10354375305977863f,0.028038065777821863f,-1.5052950239519548e-16f,0.10354375305977863f,-1.2247976917216736f,0.39818899452394557f,0f,0f,0f,1f],start_interpolation:0}
execute if entity @s[tag=aj.blazing_inferno.bone.head] run data modify entity @s {} merge value {transformation:[-1f,-1.0316300400517576e-17f,1.220293889711198e-16f,0f,0f,0.9964455797057684f,0.08423898554015889f,1.2534366844485012f,-1.2246467991473532e-16f,0.08423898554015889f,-0.9964455797057684f,0f,0f,0f,0f,1f],start_interpolation:0}
execute if entity @s[tag=aj.blazing_inferno.bone.body] run data modify entity @s {} merge value {transformation:[-1f,0f,1.2246467991473532e-16f,0f,0f,1f,0f,0.5034366844485011f,-1.2246467991473532e-16f,0f,-1f,0f,0f,0f,0f,1f],start_interpolation:0}
execute if entity @s[tag=aj.blazing_inferno.bone.left_hand] run data modify entity @s {} merge value {transformation:[-0.9659258262890683f,-0.23366699929108525f,0.1112970419646479f,0.47922710653802686f,-0.2588190451025207f,0.8720571134064914f,-0.41536621534419127f,0.8725389772576425f,-1.2523069104177421e-16f,-0.4300187488929264f,-0.902819957466915f,-0.09275062663557755f,0f,0f,0f,1f],start_interpolation:0}
execute if entity @s[tag=aj.blazing_inferno.bone.left_arm] run data modify entity @s {} merge value {transformation:[-0.9659258262890683f,-0.2471564104060586f,-0.0768180115791379f,0.28125f,-0.2588190451025207f,0.9224002810517561f,0.2866887221497574f,1.1284366844485012f,-1.2523069104177421e-16f,0.2968020052338483f,-0.9549390397764491f,3.444319122601931e-17f,0f,0f,0f,1f],start_interpolation:0}
execute if entity @s[tag=aj.blazing_inferno.bone.right_hand] run data modify entity @s {} merge value {transformation:[-0.9659258262890683f,0.23366699929108536f,-0.11129704196464768f,-0.4946743821884055f,0.2588190451025207f,0.8720571134064914f,-0.41536621534419127f,0.8148889596919078f,-1.1135290323395976e-16f,-0.43001874889292635f,-0.9028199574669151f,-0.11130075196269319f,0f,0f,0f,1f],start_interpolation:0}
execute if entity @s[tag=aj.blazing_inferno.bone.right_arm] run data modify entity @s {} merge value {transformation:[-0.9659258262890683f,0.24715641040605854f,0.07681801157913812f,-0.28125f,0.2588190451025207f,0.9224002810517561f,0.2866887221497574f,1.1284366844485012f,-1.1135290323395976e-16f,0.2968020052338484f,-0.9549390397764491f,-3.444319122601931e-17f,0f,0f,0f,1f],start_interpolation:0}
execute if entity @s[tag=aj.blazing_inferno.bone.bottom] run data modify entity @s {} merge value {transformation:[-1f,1.9948942008827592e-17f,1.208289598537826e-16f,0f,0f,0.986643332084879f,-0.16289547339458874f,0.7534366844485011f,-1.2246467991473532e-16f,-0.16289547339458874f,-0.986643332084879f,0f,0f,0f,0f,1f],start_interpolation:0}