execute if entity @s[tag=aj.blazing_inferno.bone.body] run data modify entity @s {} merge value {transformation:[-1f,0f,1.2246467991473532e-16f,0f,0f,1f,0f,0.608640719050661f,-1.2246467991473532e-16f,0f,-1f,0f,0f,0f,0f,1f],start_interpolation:0}
execute if entity @s[tag=aj.blazing_inferno.bone.left_hand] run data modify entity @s {} merge value {transformation:[-0.9927240912710033f,-0.12039076163140369f,0.002223313736580128f,0.6664918510663038f,-0.12041128938002751f,0.9925548514040161f,-0.018329984838803937f,0.8990738340078247f,-1.2157363808114992e-16f,-0.018464329615830777f,-0.9998295197341585f,-0.21527583897509278f,0f,0f,0f,1f],start_interpolation:0}
execute if entity @s[tag=aj.blazing_inferno.bone.left_arm] run data modify entity @s {} merge value {transformation:[-0.9927240912710033f,-0.1100820403821002f,-0.04879367782279164f,0.421875f,-0.12041128938002751f,0.9075651798618194f,0.40227672775369766f,1.358640719050661f,-1.2157363808114992e-16f,0.40522510865899836f,-0.9142169388675223f,5.1664786839028965e-17f,0f,0f,0f,1f],start_interpolation:0}
execute if entity @s[tag=aj.blazing_inferno.bone.right_hand] run data modify entity @s {} merge value {transformation:[-0.9927240912710033f,0.12039076163140368f,-0.002223313736579878f,-0.6664918510663038f,0.12041128938002751f,0.9925548514040161f,-0.018329984838803937f,0.8990738340078247f,-1.2157363808114992e-16f,-0.018464329615830777f,-0.9998295197341585f,-0.21527583897509295f,0f,0f,0f,1f],start_interpolation:0}
execute if entity @s[tag=aj.blazing_inferno.bone.right_arm] run data modify entity @s {} merge value {transformation:[-0.9927240912710033f,0.1100820403821001f,0.04879367782279186f,-0.421875f,0.12041128938002751f,0.9075651798618194f,0.40227672775369766f,1.358640719050661f,-1.2157363808114992e-16f,0.40522510865899836f,-0.9142169388675223f,-5.1664786839028965e-17f,0f,0f,0f,1f],start_interpolation:0}
execute if entity @s[tag=aj.blazing_inferno.bone.head] run data modify entity @s {} merge value {transformation:[-1f,-1.2949446014040762e-17f,1.217781165667626e-16f,0f,0f,0.9943937848165632f,0.1057402511732907f,1.483640719050661f,-1.2246467991473532e-16f,0.1057402511732907f,-0.9943937848165632f,0f,0f,0f,0f,1f],start_interpolation:0}
execute if entity @s[tag=aj.blazing_inferno.bone.bottom] run data modify entity @s {} merge value {transformation:[-1f,-4.3954448136870426e-18f,1.2238577487399591e-16f,0f,0f,0.9993556914467555f,0.03589153065804216f,0.733640719050661f,-1.2246467991473532e-16f,0.03589153065804216f,-0.9993556914467555f,0f,0f,0f,0f,1f],start_interpolation:0}