execute if entity @s[tag=aj.blazing_inferno.bone.body] run data modify entity @s {} merge value {transformation:[-1f,0f,1.2246467991473532e-16f,0f,0f,1f,0f,0.7846866844485011f,-1.2246467991473532e-16f,0f,-1f,0f,0f,0f,0f,1f],start_interpolation:0}
execute if entity @s[tag=aj.blazing_inferno.bone.left_hand] run data modify entity @s {} merge value {transformation:[-0.9481287809998808f,-0.2933976973434931f,0.12235034055210445f,0.7609165708609097f,-0.31788648074380244f,0.8750884922176155f,-0.364922342627333f,1.1132938936157295f,-1.161122876830986e-16f,-0.3848868950507884f,-0.9229637468601697f,-0.15767606528048186f,0f,0f,0f,1f],start_interpolation:0}
execute if entity @s[tag=aj.blazing_inferno.bone.left_arm] run data modify entity @s {} merge value {transformation:[-0.9481287809998808f,-0.3035622106794014f,-0.09434934492149159f,0.421875f,-0.31788648074380244f,0.9054051877124415f,0.281406523420689f,1.5346866844485012f,-1.161122876830986e-16f,0.29680200523384836f,-0.9549390397764491f,5.1664786839028965e-17f,0f,0f,0f,1f],start_interpolation:0}
execute if entity @s[tag=aj.blazing_inferno.bone.right_hand] run data modify entity @s {} merge value {transformation:[-0.9481287809998808f,0.29339769734349314f,-0.1223503405521042f,-0.7609165708609096f,0.31788648074380244f,0.8750884922176155f,-0.364922342627333f,1.1132938936157295f,-1.161122876830986e-16f,-0.3848868950507883f,-0.9229637468601698f,-0.1576760652804821f,0f,0f,0f,1f],start_interpolation:0}
execute if entity @s[tag=aj.blazing_inferno.bone.right_arm] run data modify entity @s {} merge value {transformation:[-0.9481287809998808f,0.3035622106794013f,0.09434934492149182f,-0.421875f,0.31788648074380244f,0.9054051877124415f,0.281406523420689f,1.5346866844485012f,-1.161122876830986e-16f,0.2968020052338485f,-0.9549390397764491f,-5.1664786839028965e-17f,0f,0f,0f,1f],start_interpolation:0}
execute if entity @s[tag=aj.blazing_inferno.bone.head] run data modify entity @s {} merge value {transformation:[-1f,-1.0398998726848718e-17f,1.2202236947419753e-16f,0f,0f,0.9963882611635801f,0.08491426862087016f,1.6596866844485012f,-1.2246467991473532e-16f,0.08491426862087016f,-0.9963882611635801f,0f,0f,0f,0f,1f],start_interpolation:0}
execute if entity @s[tag=aj.blazing_inferno.bone.bottom] run data modify entity @s {} merge value {transformation:[-1f,1.9948942008827592e-17f,1.208289598537826e-16f,0f,0f,0.986643332084879f,-0.16289547339458874f,0.9096866844485011f,-1.2246467991473532e-16f,-0.16289547339458874f,-0.986643332084879f,0f,0f,0f,0f,1f],start_interpolation:0}