execute if entity @s[tag=aj.blazing_inferno.bone.body] run data modify entity @s {} merge value {transformation:[-1f,0f,1.2246467991473532e-16f,0f,0f,1f,0f,0.63531527107891f,-1.2246467991473532e-16f,0f,-1f,0f,0f,0f,0f,1f],start_interpolation:0}
execute if entity @s[tag=aj.blazing_inferno.bone.left_hand] run data modify entity @s {} merge value {transformation:[-0.9659258262890683f,-0.2514661102361821f,0.06125433462592651f,0.7294075148828217f,-0.25881904510252074f,0.938484299783148f,-0.2286042890077828f,0.9620326702735884f,-1.1829179713786698e-16f,-0.23666857514934014f,-0.9715904412543287f,-0.2088980723829923f,0f,0f,0f,1f],start_interpolation:0}
execute if entity @s[tag=aj.blazing_inferno.bone.left_arm] run data modify entity @s {} merge value {transformation:[-0.9659258262890683f,-0.23796973638328744f,-0.10177279928079679f,0.421875f,-0.25881904510252074f,0.8881151468462006f,0.37982125774444336f,1.3853152710789098f,-1.1829179713786698e-16f,0.39321990095622095f,-0.9194444569912745f,5.1664786839028965e-17f,0f,0f,0f,1f],start_interpolation:0}
execute if entity @s[tag=aj.blazing_inferno.bone.right_hand] run data modify entity @s {} merge value {transformation:[-0.9659258262890683f,0.25146611023618215f,-0.06125433462592628f,-0.7294075148828217f,0.25881904510252074f,0.938484299783148f,-0.2286042890077828f,0.9620326702735884f,-1.1829179713786698e-16f,-0.23666857514934003f,-0.9715904412543288f,-0.20889807238299252f,0f,0f,0f,1f],start_interpolation:0}
execute if entity @s[tag=aj.blazing_inferno.bone.right_arm] run data modify entity @s {} merge value {transformation:[-0.9659258262890683f,0.23796973638328733f,0.10177279928079701f,-0.421875f,0.25881904510252074f,0.8881151468462006f,0.37982125774444336f,1.3853152710789098f,-1.1829179713786698e-16f,0.39321990095622106f,-0.9194444569912745f,-5.1664786839028965e-17f,0f,0f,0f,1f],start_interpolation:0}
execute if entity @s[tag=aj.blazing_inferno.bone.head] run data modify entity @s {} merge value {transformation:[-1f,-1.0782627332566377e-17f,1.2198906825787943e-16f,0f,0f,0.9961163360963584f,0.08804683391222401f,1.5103152710789098f,-1.2246467991473532e-16f,0.08804683391222401f,-0.9961163360963584f,0f,0f,0f,0f,1f],start_interpolation:0}
execute if entity @s[tag=aj.blazing_inferno.bone.bottom] run data modify entity @s {} merge value {transformation:[-1f,8.713272266730435e-18f,1.221543151633392e-16f,0f,0f,0.9974656794790775f,-0.07114926746876694f,0.76031527107891f,-1.2246467991473532e-16f,-0.07114926746876694f,-0.9974656794790775f,0f,0f,0f,0f,1f],start_interpolation:0}