execute if entity @s[tag=aj.blazing_inferno.bone.helm] run data modify entity @s {} merge value {transformation:[-1.2291666666666665f,-1.3350021268783457e-17f,1.4993634657236445e-16f,0.49999999999999994f,0f,1.224323181808469f,0.10901119635537579f,0.02368602012036125f,-1.5052950239519548e-16f,0.10901119635537579f,-1.224323181808469f,0.3927138673075736f,0f,0f,0f,1f],start_interpolation:0}
execute if entity @s[tag=aj.blazing_inferno.bone.head] run data modify entity @s {} merge value {transformation:[-1f,-1.0861034252569594e-17f,1.2198211246565246e-16f,0f,0f,0.9960595377424835f,0.0886870750009837f,1.2508502586900523f,-1.2246467991473532e-16f,0.0886870750009837f,-0.9960595377424835f,0f,0f,0f,0f,1f],start_interpolation:0}
execute if entity @s[tag=aj.blazing_inferno.bone.body] run data modify entity @s {} merge value {transformation:[-1f,0f,1.2246467991473532e-16f,0f,0f,1f,0f,0.5008502586900523f,-1.2246467991473532e-16f,0f,-1f,0f,0f,0f,0f,1f],start_interpolation:0}
execute if entity @s[tag=aj.blazing_inferno.bone.left_hand] run data modify entity @s {} merge value {transformation:[-0.9659258262890683f,-0.23249274067322462f,0.11372960758761694f,0.47935132204247854f,-0.2588190451025207f,0.86767472058341f,-0.42444467384185713f,0.869488972925492f,-1.1829179713786698e-16f,-0.4394174607304014f,-0.8982829705639788f,-0.09119214530958059f,0f,0f,0f,1f],start_interpolation:0}
execute if entity @s[tag=aj.blazing_inferno.bone.left_arm] run data modify entity @s {} merge value {transformation:[-0.9659258262890683f,-0.24755390002030406f,-0.07552724470360302f,0.28125f,-0.2588190451025207f,0.9238837324876011f,0.28187151458953424f,1.1258502586900523f,-1.1829179713786698e-16f,0.291814864990658f,-0.9564748217127746f,3.444319122601931e-17f,0f,0f,0f,1f],start_interpolation:0}
execute if entity @s[tag=aj.blazing_inferno.bone.right_hand] run data modify entity @s {} merge value {transformation:[-0.9659258262890683f,0.23249274067322476f,-0.11372960758761672f,-0.4948234407937475f,0.2588190451025207f,0.86767472058341f,-0.42444467384185713f,0.811746239645017f,-1.1829179713786698e-16f,-0.43941746073040133f,-0.8982829705639789f,-0.10943057437149684f,0f,0f,0f,1f],start_interpolation:0}
execute if entity @s[tag=aj.blazing_inferno.bone.right_arm] run data modify entity @s {} merge value {transformation:[-0.9659258262890683f,0.247553900020304f,0.07552724470360324f,-0.28125f,0.2588190451025207f,0.9238837324876011f,0.28187151458953424f,1.1258502586900523f,-1.1829179713786698e-16f,0.2918148649906581f,-0.9564748217127746f,-3.444319122601931e-17f,0f,0f,0f,1f],start_interpolation:0}
execute if entity @s[tag=aj.blazing_inferno.bone.bottom] run data modify entity @s {} merge value {transformation:[-1f,1.7541048030931622e-17f,1.2120193670315308e-16f,0f,0f,0.9896889191850139f,-0.14323352694952032f,0.7508502586900523f,-1.2246467991473532e-16f,-0.14323352694952032f,-0.9896889191850139f,0f,0f,0f,0f,1f],start_interpolation:0}