execute if entity @s[tag=aj.blazing_inferno.bone.body] run data modify entity @s {} merge value {transformation:[-1f,0f,1.2246467991473532e-16f,0f,0f,1f,0f,0.6590265908492025f,-1.2246467991473532e-16f,0f,-1f,0f,0f,0f,0f,1f],start_interpolation:0}
execute if entity @s[tag=aj.blazing_inferno.bone.left_hand] run data modify entity @s {} merge value {transformation:[-0.9870414784300222f,-0.15976289888090223f,0.01499786650982448f,0.6856574393856828f,-0.16046532291643545f,0.9827207838031928f,-0.09225367863972883f,0.9549458734030589f,-1.243471656704534e-16f,-0.09346484484772272f,-0.9956225804880036f,-0.20399102729123716f,0f,0f,0f,1f],start_interpolation:0}
execute if entity @s[tag=aj.blazing_inferno.bone.left_arm] run data modify entity @s {} merge value {transformation:[-0.9870414784300222f,-0.14816406998598336f,-0.06161597377194113f,0.421875f,-0.16046532291643545f,0.9113749938691295f,0.3790072567792976f,1.4090265908492023f,-1.243471656704534e-16f,0.3839831101952701f,-0.9233401166876521f,5.1664786839028965e-17f,0f,0f,0f,1f],start_interpolation:0}
execute if entity @s[tag=aj.blazing_inferno.bone.right_hand] run data modify entity @s {} merge value {transformation:[-0.9870414784300222f,0.15976289888090225f,-0.014997866509824244f,-0.6856574393856827f,0.16046532291643545f,0.9827207838031928f,-0.09225367863972883f,0.9549458734030589f,-1.1740827176654618e-16f,-0.09346484484772272f,-0.9956225804880036f,-0.20399102729123733f,0f,0f,0f,1f],start_interpolation:0}
execute if entity @s[tag=aj.blazing_inferno.bone.right_arm] run data modify entity @s {} merge value {transformation:[-0.9870414784300222f,0.14816406998598325f,0.06161597377194135f,-0.421875f,0.16046532291643545f,0.9113749938691295f,0.3790072567792976f,1.4090265908492023f,-1.1740827176654618e-16f,0.3839831101952701f,-0.9233401166876521f,-5.1664786839028965e-17f,0f,0f,0f,1f],start_interpolation:0}
execute if entity @s[tag=aj.blazing_inferno.bone.head] run data modify entity @s {} merge value {transformation:[-1f,-9.466218362534951e-18f,1.220982740931721e-16f,0f,0f,0.9970080694138235f,0.07729753892408571f,1.5340265908492023f,-1.2246467991473532e-16f,0.07729753892408571f,-0.9970080694138235f,0f,0f,0f,0f,1f],start_interpolation:0}
execute if entity @s[tag=aj.blazing_inferno.bone.bottom] run data modify entity @s {} merge value {transformation:[-1f,1.6810930813246446e-17f,1.2130536027649734e-16f,0f,0f,0.9905334367505378f,-0.13727166743056748f,0.7840265908492025f,-1.2246467991473532e-16f,-0.13727166743056748f,-0.9905334367505378f,0f,0f,0f,0f,1f],start_interpolation:0}