execute if entity @s[tag=aj.blazing_inferno.bone.body] run data modify entity @s {} merge value {transformation:[-1f,0f,1.2246467991473532e-16f,0f,0f,1f,0f,0.6859631850939089f,-1.2246467991473532e-16f,0f,-1f,0f,0f,0f,0f,1f],start_interpolation:0}
execute if entity @s[tag=aj.blazing_inferno.bone.left_hand] run data modify entity @s {} merge value {transformation:[-0.936741888788067f,-0.31388493567692577f,0.1548898994281322f,0.7761251443265911f,-0.3500209047896493f,0.8400331622616255f,-0.4145234040569591f,1.0235851033142498f,-1.1471779557315522e-16f,-0.4425161392037875f,-0.8967605402470462f,-0.14776320723481307f,0f,0f,0f,1f],start_interpolation:0}
execute if entity @s[tag=aj.blazing_inferno.bone.left_arm] run data modify entity @s {} merge value {transformation:[-0.936741888788067f,-0.33620901680720655f,-0.09735569221825824f,0.421875f,-0.3500209047896493f,0.8997778850404108f,0.26054773804898157f,1.4359631850939087f,-1.1471779557315522e-16f,0.27814250773611887f,-0.9605398197837833f,5.1664786839028965e-17f,0f,0f,0f,1f],start_interpolation:0}
execute if entity @s[tag=aj.blazing_inferno.bone.right_hand] run data modify entity @s {} merge value {transformation:[-0.936741888788067f,0.3138849356769258f,-0.15488989942813194f,-0.776125144326591f,0.3500209047896493f,0.8400331622616255f,-0.4145234040569591f,1.0235851033142498f,-1.1471779557315522e-16f,-0.4425161392037874f,-0.8967605402470462f,-0.1477632072348133f,0f,0f,0f,1f],start_interpolation:0}
execute if entity @s[tag=aj.blazing_inferno.bone.right_arm] run data modify entity @s {} merge value {transformation:[-0.936741888788067f,0.33620901680720644f,0.09735569221825846f,-0.421875f,0.3500209047896493f,0.8997778850404108f,0.26054773804898157f,1.4359631850939087f,-1.1471779557315522e-16f,0.278142507736119f,-0.9605398197837833f,-5.1664786839028965e-17f,0f,0f,0f,1f],start_interpolation:0}
execute if entity @s[tag=aj.blazing_inferno.bone.head] run data modify entity @s {} merge value {transformation:[-1f,-1.533167555824998e-17f,1.2150118333248914e-16f,0f,0f,0.9921324533496759f,0.12519263161365785f,1.5609631850939087f,-1.2246467991473532e-16f,0.12519263161365785f,-0.9921324533496759f,0f,0f,0f,0f,1f],start_interpolation:0}
execute if entity @s[tag=aj.blazing_inferno.bone.bottom] run data modify entity @s {} merge value {transformation:[-1f,-3.990909964453261e-18f,1.2239963424893968e-16f,0f,0f,0.9994688618315016f,0.032588252933269314f,0.8109631850939089f,-1.2246467991473532e-16f,0.032588252933269314f,-0.9994688618315016f,0f,0f,0f,0f,1f],start_interpolation:0}