execute if entity @s[tag=aj.blazing_inferno.bone.helm] run data modify entity @s {} merge value {transformation:[-1.2291666666666665f,-1.5976578444365943e-17f,1.496792571886839e-16f,0.49999999999999994f,0f,1.2222238876784428f,0.13045866331002098f,-0.10050710226640147f,-1.5052950239519548e-16f,0.13045866331002098f,-1.2222238876784428f,0.37113948297646504f,0f,0f,0f,1f],start_interpolation:0}
execute if entity @s[tag=aj.blazing_inferno.bone.head] run data modify entity @s {} merge value {transformation:[-1f,-1.2997894327619752e-17f,1.217729550009632e-16f,0f,0f,0.9943516374333095f,0.10613586167594928f,1.1333533980236281f,-1.2246467991473532e-16f,0.10613586167594928f,-0.9943516374333095f,0f,0f,0f,0f,1f],start_interpolation:0}
execute if entity @s[tag=aj.blazing_inferno.bone.body] run data modify entity @s {} merge value {transformation:[-1f,0f,1.2246467991473532e-16f,0f,0f,1f,0f,0.38335339802362806f,-1.2246467991473532e-16f,0f,-1f,0f,0f,0f,0f,1f],start_interpolation:0}
execute if entity @s[tag=aj.blazing_inferno.bone.left_hand] run data modify entity @s {} merge value {transformation:[-0.9659258262890683f,-0.23366699929108525f,0.1112970419646479f,0.47922710653802686f,-0.2588190451025207f,0.8720571134064914f,-0.41536621534419127f,0.7524556908327694f,-1.2523069104177421e-16f,-0.4300187488929264f,-0.902819957466915f,-0.09275062663557755f,0f,0f,0f,1f],start_interpolation:0}
execute if entity @s[tag=aj.blazing_inferno.bone.left_arm] run data modify entity @s {} merge value {transformation:[-0.9659258262890683f,-0.2471564104060586f,-0.0768180115791379f,0.28125f,-0.2588190451025207f,0.9224002810517561f,0.2866887221497574f,1.0083533980236281f,-1.2523069104177421e-16f,0.2968020052338483f,-0.9549390397764491f,3.444319122601931e-17f,0f,0f,0f,1f],start_interpolation:0}
execute if entity @s[tag=aj.blazing_inferno.bone.right_hand] run data modify entity @s {} merge value {transformation:[-0.9659258262890683f,0.23366699929108536f,-0.11129704196464768f,-0.4946743821884055f,0.2588190451025207f,0.8720571134064914f,-0.41536621534419127f,0.6948056732670347f,-1.1135290323395976e-16f,-0.43001874889292635f,-0.9028199574669151f,-0.11130075196269319f,0f,0f,0f,1f],start_interpolation:0}
execute if entity @s[tag=aj.blazing_inferno.bone.right_arm] run data modify entity @s {} merge value {transformation:[-0.9659258262890683f,0.24715641040605854f,0.07681801157913812f,-0.28125f,0.2588190451025207f,0.9224002810517561f,0.2866887221497574f,1.0083533980236281f,-1.1135290323395976e-16f,0.2968020052338484f,-0.9549390397764491f,-3.444319122601931e-17f,0f,0f,0f,1f],start_interpolation:0}
execute if entity @s[tag=aj.blazing_inferno.bone.bottom] run data modify entity @s {} merge value {transformation:[-1f,-8.00957328659154e-18f,1.2220247363447802e-16f,0f,0f,0.9978589232386035f,0.06540312923014306f,0.6333533980236281f,-1.2246467991473532e-16f,0.06540312923014306f,-0.9978589232386035f,0f,0f,0f,0f,1f],start_interpolation:0}