execute if entity @s[tag=aj.blazing_inferno.bone.body] run data modify entity @s {} merge value {transformation:[-1f,0f,1.2246467991473532e-16f,0f,0f,1f,0f,0.7738184834274409f,-1.2246467991473532e-16f,0f,-1f,0f,0f,0f,0f,1f],start_interpolation:0}
execute if entity @s[tag=aj.blazing_inferno.bone.left_hand] run data modify entity @s {} merge value {transformation:[-0.9394682174767175f,-0.3094462230421341f,0.1471139129928809f,0.7726384280454252f,-0.34263605815955667f,0.8484655500878956f,-0.40336923774988787f,1.10929383221365f,-1.0811278063944593e-16f,-0.4293591100221381f,-0.9031338520069977f,-0.15005713439189386f,0f,0f,0f,1f],start_interpolation:0}
execute if entity @s[tag=aj.blazing_inferno.bone.left_arm] run data modify entity @s {} merge value {transformation:[-0.9394682174767175f,-0.32868355250548825f,-0.09678114828566087f,0.421875f,-0.34263605815955667f,0.9012120698705086f,0.2653626514198905f,1.5238184834274409f,-1.0811278063944593e-16f,0.28246048826709447f,-0.9592789336621099f,5.1664786839028965e-17f,0f,0f,0f,1f],start_interpolation:0}
execute if entity @s[tag=aj.blazing_inferno.bone.right_hand] run data modify entity @s {} merge value {transformation:[-0.9394682174767175f,0.30944622304213415f,-0.14711391299288065f,-0.7726384280454252f,0.34263605815955667f,0.8484655500878956f,-0.40336923774988787f,1.10929383221365f,-1.2199056844726039e-16f,-0.42935911002213806f,-0.9031338520069978f,-0.15005713439189408f,0f,0f,0f,1f],start_interpolation:0}
execute if entity @s[tag=aj.blazing_inferno.bone.right_arm] run data modify entity @s {} merge value {transformation:[-0.9394682174767175f,0.32868355250548814f,0.09678114828566109f,-0.421875f,0.34263605815955667f,0.9012120698705086f,0.2653626514198905f,1.5238184834274409f,-1.2199056844726039e-16f,0.2824604882670946f,-0.9592789336621099f,-5.1664786839028965e-17f,0f,0f,0f,1f],start_interpolation:0}
execute if entity @s[tag=aj.blazing_inferno.bone.head] run data modify entity @s {} merge value {transformation:[-1f,-1.2064096723178275e-17f,1.21869009173261e-16f,0f,0f,0.9951359792726439f,0.09851082558316217f,1.6488184834274409f,-1.2246467991473532e-16f,0.09851082558316217f,-0.9951359792726439f,0f,0f,0f,0f,1f],start_interpolation:0}
execute if entity @s[tag=aj.blazing_inferno.bone.bottom] run data modify entity @s {} merge value {transformation:[-1f,1.2657550999046298e-17f,1.2180880193699108e-16f,0f,0f,0.9946443498794845f,-0.10335674749535113f,0.8988184834274409f,-1.2246467991473532e-16f,-0.10335674749535113f,-0.9946443498794845f,0f,0f,0f,0f,1f],start_interpolation:0}