execute if entity @s[tag=aj.blazing_inferno.bone.helm] run data modify entity @s {} merge value {transformation:[-1.2291666666666665f,-1.6889523903137834e-17f,1.4957899275523448e-16f,0.49999999999999994f,0f,1.2214051664478054f,0.1379134287118292f,-0.12323024357298151f,-1.5052950239519548e-16f,0.1379134287118292f,-1.2214051664478054f,0.36360438234191644f,0f,0f,0f,1f],start_interpolation:0}
execute if entity @s[tag=aj.blazing_inferno.bone.head] run data modify entity @s {} merge value {transformation:[-1f,-1.3740629616112137e-17f,1.2169138393646198e-16f,0f,0f,0.9936855591439774f,0.11220075556216616f,1.1128717356915747f,-1.2246467991473532e-16f,0.11220075556216616f,-0.9936855591439774f,0f,0f,0f,0f,1f],start_interpolation:0}
execute if entity @s[tag=aj.blazing_inferno.bone.body] run data modify entity @s {} merge value {transformation:[-1f,0f,1.2246467991473532e-16f,0f,0f,1f,0f,0.36287173569157466f,-1.2246467991473532e-16f,0f,-1f,0f,0f,0f,0f,1f],start_interpolation:0}
execute if entity @s[tag=aj.blazing_inferno.bone.left_hand] run data modify entity @s {} merge value {transformation:[-0.9659258262890683f,-0.23844448947549182f,0.1006554695312317f,0.4786665347264086f,-0.2588190451025207f,0.8898869495073584f,-0.37565132635025744f,0.7340661109829664f,-1.1135290323395976e-16f,-0.38890287030987614f,-0.9212787620827584f,-0.09945183096801076f,0f,0f,0f,1f],start_interpolation:0}
execute if entity @s[tag=aj.blazing_inferno.bone.left_arm] run data modify entity @s {} merge value {transformation:[-0.9659258262890683f,-0.2453625806088801f,-0.08236808935948103f,0.28125f,-0.2588190451025207f,0.9157056171085549f,0.30740189441195714f,0.9878717356915747f,-1.1135290323395976e-16f,0.3182458590976346f,-0.9480082136602027f,3.444319122601931e-17f,0f,0f,0f,1f],start_interpolation:0}
execute if entity @s[tag=aj.blazing_inferno.bone.right_hand] run data modify entity @s {} merge value {transformation:[-0.9659258262890683f,0.2384444894754919f,-0.10065546953123147f,-0.49400169601446353f,0.2588190451025207f,0.8898869495073584f,-0.37565132635025744f,0.6768345099136817f,-1.2523069104177421e-16f,-0.388902870309876f,-0.9212787620827585f,-0.11934219716161305f,0f,0f,0f,1f],start_interpolation:0}
execute if entity @s[tag=aj.blazing_inferno.bone.right_arm] run data modify entity @s {} merge value {transformation:[-0.9659258262890683f,0.24536258060888005f,0.08236808935948126f,-0.28125f,0.2588190451025207f,0.9157056171085549f,0.30740189441195714f,0.9878717356915747f,-1.2523069104177421e-16f,0.3182458590976347f,-0.9480082136602027f,-3.444319122601931e-17f,0f,0f,0f,1f],start_interpolation:0}
execute if entity @s[tag=aj.blazing_inferno.bone.bottom] run data modify entity @s {} merge value {transformation:[-1f,-1.2657550999046301e-17f,1.2180880193699108e-16f,0f,0f,0.9946443498794845f,0.10335674749535116f,0.6128717356915747f,-1.2246467991473532e-16f,0.10335674749535116f,-0.9946443498794845f,0f,0f,0f,0f,1f],start_interpolation:0}