execute if entity @s[tag=aj.blazing_inferno.bone.body] run data modify entity @s {} merge value {transformation:[-1f,0f,1.2246467991473532e-16f,0f,0f,1f,0f,0.6994891273700402f,-1.2246467991473532e-16f,0f,-1f,0f,0f,0f,0f,1f],start_interpolation:0}
execute if entity @s[tag=aj.blazing_inferno.bone.left_hand] run data modify entity @s {} merge value {transformation:[-0.9820007805706825f,-0.18683450494374448f,0.027700807226434546f,0.6992715543359225f,-0.18887685659860545f,0.9713822698892205f,-0.14402089704725346f,0.9999706717239472f,-1.2026041126860886e-16f,-0.14666067471306565f,-0.989186861261667f,-0.1958752719873264f,0f,0f,0f,1f],start_interpolation:0}
execute if entity @s[tag=aj.blazing_inferno.bone.left_arm] run data modify entity @s {} merge value {transformation:[-0.9820007805706825f,-0.1755697091367898f,-0.06964010476868336f,0.421875f,-0.18887685659860545f,0.9128148070745064f,0.36206996703256344f,1.44948912737004f,-1.2026041126860886e-16f,0.36870639432908514f,-0.9295459078393306f,5.1664786839028965e-17f,0f,0f,0f,1f],start_interpolation:0}
execute if entity @s[tag=aj.blazing_inferno.bone.right_hand] run data modify entity @s {} merge value {transformation:[-0.9820007805706825f,0.18683450494374448f,-0.027700807226434303f,-0.6992715543359225f,0.18887685659860545f,0.9713822698892205f,-0.14402089704725346f,0.9999706717239472f,-1.2026041126860886e-16f,-0.14666067471306565f,-0.989186861261667f,-0.19587527198732657f,0f,0f,0f,1f],start_interpolation:0}
execute if entity @s[tag=aj.blazing_inferno.bone.right_arm] run data modify entity @s {} merge value {transformation:[-0.9820007805706825f,0.17556970913678968f,0.06964010476868358f,-0.421875f,0.18887685659860545f,0.9128148070745064f,0.36206996703256344f,1.44948912737004f,-1.2026041126860886e-16f,0.36870639432908514f,-0.9295459078393306f,-5.1664786839028965e-17f,0f,0f,0f,1f],start_interpolation:0}
execute if entity @s[tag=aj.blazing_inferno.bone.head] run data modify entity @s {} merge value {transformation:[-1f,-7.92486764622204e-18f,1.2220799605348433e-16f,0f,0f,0.9979040172119038f,0.06471145518642307f,1.57448912737004f,-1.2246467991473532e-16f,0.06471145518642307f,-0.9979040172119038f,0f,0f,0f,0f,1f],start_interpolation:0}
execute if entity @s[tag=aj.blazing_inferno.bone.bottom] run data modify entity @s {} merge value {transformation:[-1f,2.6523162592051213e-17f,1.1955801801942933e-16f,0f,0f,0.9762653044344728f,-0.21657805834725302f,0.8244891273700402f,-1.2246467991473532e-16f,-0.21657805834725302f,-0.9762653044344728f,0f,0f,0f,0f,1f],start_interpolation:0}