execute if entity @s[tag=aj.blazing_inferno.bone.body] run data modify entity @s {} merge value {transformation:[-1f,0f,1.2246467991473532e-16f,0f,0f,1f,0f,0.6024048293740758f,-1.2246467991473532e-16f,0f,-1f,0f,0f,0f,0f,1f],start_interpolation:0}
execute if entity @s[tag=aj.blazing_inferno.bone.left_hand] run data modify entity @s {} merge value {transformation:[-0.9934925828034175f,-0.11389458190817818f,0.0007156301809534554f,0.663379719832526f,-0.11389683013409373f,0.9934729721103989f,-0.006242256926468903f,0.8920483137107256f,-1.251371981026378e-16f,-0.006283143965558957f,-0.999980260856137f,-0.21709482095368535f,0f,0f,0f,1f],start_interpolation:0}
execute if entity @s[tag=aj.blazing_inferno.bone.left_arm] run data modify entity @s {} merge value {transformation:[-0.9934925828034175f,-0.10395267869531317f,-0.046543834249700405f,0.421875f,-0.11389683013409373f,0.9067523224724571f,0.4059898247200422f,1.3524048293740758f,-1.251371981026378e-16f,0.40864907473634904f,-0.9126915874035028f,5.1664786839028965e-17f,0f,0f,0f,1f],start_interpolation:0}
execute if entity @s[tag=aj.blazing_inferno.bone.right_hand] run data modify entity @s {} merge value {transformation:[-0.9934925828034175f,0.11389458190817818f,-0.0007156301809532056f,-0.6633797198325259f,0.11389683013409373f,0.9934729721103989f,-0.006242256926468903f,0.8920483137107256f,-1.1819830419873057e-16f,-0.006283143965558957f,-0.999980260856137f,-0.2170948209536855f,0f,0f,0f,1f],start_interpolation:0}
execute if entity @s[tag=aj.blazing_inferno.bone.right_arm] run data modify entity @s {} merge value {transformation:[-0.9934925828034175f,0.10395267869531306f,0.04654383424970063f,-0.421875f,0.11389683013409373f,0.9067523224724571f,0.4059898247200422f,1.3524048293740758f,-1.1819830419873057e-16f,0.40864907473634904f,-0.9126915874035028f,-5.1664786839028965e-17f,0f,0f,0f,1f],start_interpolation:0}
execute if entity @s[tag=aj.blazing_inferno.bone.head] run data modify entity @s {} merge value {transformation:[-1f,-1.3674908814892143e-17f,1.216987867463064e-16f,0f,0f,0.993746007673705f,0.1116641044945624f,1.4774048293740758f,-1.2246467991473532e-16f,0.1116641044945624f,-0.993746007673705f,0f,0f,0f,0f,1f],start_interpolation:0}
execute if entity @s[tag=aj.blazing_inferno.bone.bottom] run data modify entity @s {} merge value {transformation:[-1f,-8.713272266730439e-18f,1.221543151633392e-16f,0f,0f,0.9974656794790775f,0.07114926746876699f,0.7274048293740758f,-1.2246467991473532e-16f,0.07114926746876699f,-0.9974656794790775f,0f,0f,0f,0f,1f],start_interpolation:0}