execute if entity @s[tag=aj.blazing_inferno.bone.helm] run data modify entity @s {} merge value {transformation:[-1.2291666666666665f,-1.2552098596049882e-17f,1.5000525294862245e-16f,0.49999999999999994f,0f,1.2248858450702842f,0.1024956632784991f,-0.10963826640272911f,-1.5052950239519548e-16f,0.1024956632784991f,-1.2248858450702842f,0.3992374148273285f,0f,0f,0f,1f],start_interpolation:0}
execute if entity @s[tag=aj.blazing_inferno.bone.head] run data modify entity @s {} merge value {transformation:[-1f,-1.021187682390499e-17f,1.2203817189040472e-16f,0f,0f,0.9965172976842992f,0.08338630232827046f,1.1154191757615113f,-1.2246467991473532e-16f,0.08338630232827046f,-0.9965172976842992f,0f,0f,0f,0f,1f],start_interpolation:0}
execute if entity @s[tag=aj.blazing_inferno.bone.body] run data modify entity @s {} merge value {transformation:[-1f,0f,1.2246467991473532e-16f,0f,0f,1f,0f,0.3654191757615113f,-1.2246467991473532e-16f,0f,-1f,0f,0f,0f,0f,1f],start_interpolation:0}
execute if entity @s[tag=aj.blazing_inferno.bone.left_hand] run data modify entity @s {} merge value {transformation:[-0.9659258262890683f,-0.25085385480054756f,0.06371531714969658f,0.4765111917767966f,-0.2588190451025207f,0.93619933139015f,-0.23778880082303194f,0.7446574004485902f,-1.1135290323395976e-16f,-0.24617708146036255f,-0.9692248679040679f,-0.12147208231090106f,0f,0f,0f,1f],start_interpolation:0}
execute if entity @s[tag=aj.blazing_inferno.bone.left_arm] run data modify entity @s {} merge value {transformation:[-0.9659258262890683f,-0.23846548317012184f,-0.100605722721031f,0.28125f,-0.2588190451025207f,0.8899652990423559f,0.37546566872707476f,0.9904191757615113f,-1.1135290323395976e-16f,0.3887106633948835f,-0.9213598754900875f,3.444319122601931e-17f,0f,0f,0f,1f],start_interpolation:0}
execute if entity @s[tag=aj.blazing_inferno.bone.right_hand] run data modify entity @s {} merge value {transformation:[-0.9659258262890683f,0.2508538548005476f,-0.06371531714969632f,-0.4914152844749292f,0.2588190451025207f,0.93619933139015f,-0.23778880082303194f,0.689034569258443f,-1.2523069104177421e-16f,-0.24617708146036243f,-0.9692248679040679f,-0.14576649877308143f,0f,0f,0f,1f],start_interpolation:0}
execute if entity @s[tag=aj.blazing_inferno.bone.right_arm] run data modify entity @s {} merge value {transformation:[-0.9659258262890683f,0.23846548317012173f,0.10060572272103122f,-0.28125f,0.2588190451025207f,0.8899652990423559f,0.37546566872707476f,0.9904191757615113f,-1.2523069104177421e-16f,0.38871066339488364f,-0.9213598754900875f,-3.444319122601931e-17f,0f,0f,0f,1f],start_interpolation:0}
execute if entity @s[tag=aj.blazing_inferno.bone.bottom] run data modify entity @s {} merge value {transformation:[-1f,1.2876770483097911e-17f,1.217858226910842e-16f,0f,0f,0.9944567100969538f,-0.10514681042781658f,0.6154191757615113f,-1.2246467991473532e-16f,-0.10514681042781658f,-0.9944567100969538f,0f,0f,0f,0f,1f],start_interpolation:0}