execute if entity @s[tag=aj.blazing_inferno.bone.helm] run data modify entity @s {} merge value {transformation:[-1.2291666666666665f,-9.780415440534363e-18f,1.502114328709893e-16f,0.49999999999999994f,0f,1.2265694319012823f,0.07986315276652721f,-0.04923838593114227f,-1.5052950239519548e-16f,0.07986315276652721f,-1.2265694319012823f,0.4217875704735378f,0f,0f,0f,1f],start_interpolation:0}
execute if entity @s[tag=aj.blazing_inferno.bone.head] run data modify entity @s {} merge value {transformation:[-1f,-7.956948155011008e-18f,1.2220591148826248e-16f,0f,0f,0.9978869954451112f,0.06497341242022553f,1.16823912737004f,-1.2246467991473532e-16f,0.06497341242022553f,-0.9978869954451112f,0f,0f,0f,0f,1f],start_interpolation:0}
execute if entity @s[tag=aj.blazing_inferno.bone.body] run data modify entity @s {} merge value {transformation:[-1f,0f,1.2246467991473532e-16f,0f,0f,1f,0f,0.4182391273700402f,-1.2246467991473532e-16f,0f,-1f,0f,0f,0f,0f,1f],start_interpolation:0}
execute if entity @s[tag=aj.blazing_inferno.bone.left_hand] run data modify entity @s {} merge value {transformation:[-0.9659258262890683f,-0.24786596203455846f,0.07449673128710743f,0.4771732858629871f,-0.25881904510252074f,0.9250483637799108f,-0.27802558616129047f,0.7950063832880654f,-1.2523069104177421e-16f,-0.2878332668973353f,-0.957680536748663f,-0.11522074822783902f,0f,0f,0f,1f],start_interpolation:0}
execute if entity @s[tag=aj.blazing_inferno.bone.left_arm] run data modify entity @s {} merge value {transformation:[-0.9659258262890683f,-0.24058418424593137f,-0.09542823690344715f,0.28125f,-0.25881904510252074f,0.8978723991033275f,0.35614302860038455f,1.04323912737004f,-1.2523069104177421e-16f,0.36870639432908503f,-0.9295459078393306f,3.444319122601931e-17f,0f,0f,0f,1f],start_interpolation:0}
execute if entity @s[tag=aj.blazing_inferno.bone.right_hand] run data modify entity @s {} merge value {transformation:[-0.9659258262890683f,0.24786596203455852f,-0.07449673128710721f,-0.49220979737835774f,0.25881904510252074f,0.9250483637799108f,-0.27802558616129047f,0.7388893583441074f,-1.1135290323395976e-16f,-0.28783326689733524f,-0.9576805367486632f,-0.13826489787340698f,0f,0f,0f,1f],start_interpolation:0}
execute if entity @s[tag=aj.blazing_inferno.bone.right_arm] run data modify entity @s {} merge value {transformation:[-0.9659258262890683f,0.24058418424593125f,0.09542823690344737f,-0.28125f,0.25881904510252074f,0.8978723991033275f,0.35614302860038455f,1.04323912737004f,-1.1135290323395976e-16f,0.36870639432908514f,-0.9295459078393306f,-3.444319122601931e-17f,0f,0f,0f,1f],start_interpolation:0}
execute if entity @s[tag=aj.blazing_inferno.bone.bottom] run data modify entity @s {} merge value {transformation:[-1f,2.6523162592051213e-17f,1.1955801801942933e-16f,0f,0f,0.9762653044344728f,-0.21657805834725302f,0.6682391273700402f,-1.2246467991473532e-16f,-0.21657805834725302f,-0.9762653044344728f,0f,0f,0f,0f,1f],start_interpolation:0}