execute if entity @s[tag=aj.blazing_inferno.bone.body] run data modify entity @s {} merge value {transformation:[-1f,0f,1.2246467991473532e-16f,0f,0f,1f,0f,0.6162180425030466f,-1.2246467991473532e-16f,0f,-1f,0f,0f,0f,0f,1f],start_interpolation:0}
execute if entity @s[tag=aj.blazing_inferno.bone.left_hand] run data modify entity @s {} merge value {transformation:[-0.9659258262890683f,-0.25253029360106743f,0.05670757375817921f,0.728914631528006f,-0.25881904510252074f,0.9424558861694696f,-0.2116355464394839f,0.9447749074201028f,-1.2523069104177421e-16f,-0.21910124015686977f,-0.9757021300385286f,-0.21329594713122405f,0f,0f,0f,1f],start_interpolation:0}
execute if entity @s[tag=aj.blazing_inferno.bone.left_arm] run data modify entity @s {} merge value {transformation:[-0.9659258262890683f,-0.23704195595069294f,-0.10391539456139506f,0.421875f,-0.25881904510252074f,0.8846526231334897f,0.38781753219169346f,1.3662180425030466f,-1.2523069104177421e-16f,0.4014982534234807f,-0.9158597886673999f,5.1664786839028965e-17f,0f,0f,0f,1f],start_interpolation:0}
execute if entity @s[tag=aj.blazing_inferno.bone.right_hand] run data modify entity @s {} merge value {transformation:[-0.9659258262890683f,0.2525302936010675f,-0.05670757375817896f,-0.7289146315280058f,0.25881904510252074f,0.9424558861694696f,-0.2116355464394839f,0.9447749074201028f,-1.1135290323395976e-16f,-0.21910124015686971f,-0.9757021300385287f,-0.21329594713122427f,0f,0f,0f,1f],start_interpolation:0}
execute if entity @s[tag=aj.blazing_inferno.bone.right_arm] run data modify entity @s {} merge value {transformation:[-0.9659258262890683f,0.23704195595069283f,0.10391539456139529f,-0.421875f,0.25881904510252074f,0.8846526231334897f,0.38781753219169346f,1.3662180425030466f,-1.1135290323395976e-16f,0.40149825342348083f,-0.9158597886673999f,-5.1664786839028965e-17f,0f,0f,0f,1f],start_interpolation:0}
execute if entity @s[tag=aj.blazing_inferno.bone.head] run data modify entity @s {} merge value {transformation:[-1f,-1.221758341586184e-17f,1.2185371755549781e-16f,0f,0f,0.9950111137377496f,0.099764139541035f,1.4912180425030466f,-1.2246467991473532e-16f,0.099764139541035f,-0.9950111137377496f,0f,0f,0f,0f,1f],start_interpolation:0}
execute if entity @s[tag=aj.blazing_inferno.bone.bottom] run data modify entity @s {} merge value {transformation:[-1f,0f,1.2246467991473532e-16f,0f,0f,1f,0f,0.7412180425030466f,-1.2246467991473532e-16f,0f,-1f,0f,0f,0f,0f,1f],start_interpolation:0}