execute if entity @s[tag=aj.blazing_inferno.bone.helm] run data modify entity @s {} merge value {transformation:[-1.2291666666666665f,-8.906953857979097e-18f,1.5026575546117282e-16f,0.49999999999999994f,0f,1.2270130095125689f,0.07273079768126178f,0.012504495191068443f,-1.5052950239519548e-16f,0.07273079768126178f,-1.2270130095125689f,0.42885858916050407f,0f,0f,0f,1f],start_interpolation:0}
execute if entity @s[tag=aj.blazing_inferno.bone.head] run data modify entity @s {} merge value {transformation:[-1f,-7.24633534208469e-18f,1.2225010613790333e-16f,0f,0f,0.9982478721458189f,0.05917081845255196f,1.2275092525905043f,-1.2246467991473532e-16f,0.05917081845255196f,-0.9982478721458189f,0f,0f,0f,0f,1f],start_interpolation:0}
execute if entity @s[tag=aj.blazing_inferno.bone.body] run data modify entity @s {} merge value {transformation:[-1f,0f,1.2246467991473532e-16f,0f,0f,1f,0f,0.47750925259050425f,-1.2246467991473532e-16f,0f,-1f,0f,0f,0f,0f,1f],start_interpolation:0}
execute if entity @s[tag=aj.blazing_inferno.bone.left_hand] run data modify entity @s {} merge value {transformation:[-0.9659258262890683f,-0.24300304209721676f,0.08908883004776183f,0.4780261977315546f,-0.25881904510252074f,0.9068996995006118f,-0.33248404012511545f,0.8510933980806571f,-1.1829179713786698e-16f,-0.34421280710804236f,-0.9388916569140454f,-0.106538472428487f,0f,0f,0f,1f],start_interpolation:0}
execute if entity @s[tag=aj.blazing_inferno.bone.left_arm] run data modify entity @s {} merge value {transformation:[-0.9659258262890683f,-0.24331350222534737f,-0.0882373942419911f,0.28125f,-0.25881904510252074f,0.9080583524725192f,0.3293064384385967f,1.1025092525905043f,-1.1829179713786698e-16f,0.3409231117711585f,-0.9400911827372226f,3.444319122601931e-17f,0f,0f,0f,1f],start_interpolation:0}
execute if entity @s[tag=aj.blazing_inferno.bone.right_hand] run data modify entity @s {} merge value {transformation:[-0.9659258262890683f,0.24300304209721682f,-0.08908883004776158f,-0.4932332916206388f,0.25881904510252074f,0.9068996995006118f,-0.33248404012511545f,0.7943397510511246f,-1.1829179713786698e-16f,-0.3442128071080423f,-0.9388916569140455f,-0.12784616691418454f,0f,0f,0f,1f],start_interpolation:0}
execute if entity @s[tag=aj.blazing_inferno.bone.right_arm] run data modify entity @s {} merge value {transformation:[-0.9659258262890683f,0.24331350222534726f,0.08823739424199133f,-0.28125f,0.25881904510252074f,0.9080583524725192f,0.3293064384385967f,1.1025092525905043f,-1.1829179713786698e-16f,0.34092311177115864f,-0.9400911827372226f,-3.444319122601931e-17f,0f,0f,0f,1f],start_interpolation:0}
execute if entity @s[tag=aj.blazing_inferno.bone.bottom] run data modify entity @s {} merge value {transformation:[-1f,3.222234410295991e-17f,1.181495593183869e-16f,0f,0f,0.9647643663515653f,-0.26311540703323083f,0.7275092525905043f,-1.2246467991473532e-16f,-0.26311540703323083f,-0.9647643663515653f,0f,0f,0f,0f,1f],start_interpolation:0}