execute if entity @s[tag=aj.blazing_inferno.bone.helm] run data modify entity @s {} merge value {transformation:[-1.2291666666666665f,-2.1841037961323197e-17f,1.4893656418796965e-16f,0.49999999999999994f,0f,1.2161593390981391f,0.17834560933429766f,-0.19957723129969596f,-1.5052950239519548e-16f,0.17834560933429766f,-1.2161593390981391f,0.32240888824237923f,0f,0f,0f,1f],start_interpolation:0}
execute if entity @s[tag=aj.blazing_inferno.bone.head] run data modify entity @s {} merge value {transformation:[-1f,-1.7768980036330738e-17f,1.2116873018682278e-16f,0f,0f,0.9894177674018759f,0.1450947330177337f,1.0479037339988986f,-1.2246467991473532e-16f,0.1450947330177337f,-0.9894177674018759f,0f,0f,0f,0f,1f],start_interpolation:0}
execute if entity @s[tag=aj.blazing_inferno.bone.body] run data modify entity @s {} merge value {transformation:[-1f,0f,1.2246467991473532e-16f,0f,0f,1f,0f,0.2979037339988986f,-1.2246467991473532e-16f,0f,-1f,0f,0f,0f,0f,1f],start_interpolation:0}
execute if entity @s[tag=aj.blazing_inferno.bone.left_hand] run data modify entity @s {} merge value {transformation:[-0.9659258262890683f,-0.2540433175816169f,0.049490311172050494f,0.4755962117987635f,-0.2588190451025207f,0.9481025685379504f,-0.1847003557764857f,0.6805567104519055f,-1.1829179713786698e-16f,-0.1912158788486636f,-0.9815480057929582f,-0.12953269910483342f,0f,0f,0f,1f],start_interpolation:0}
execute if entity @s[tag=aj.blazing_inferno.bone.left_arm] run data modify entity @s {} merge value {transformation:[-0.9659258262890683f,-0.23553754724041578f,-0.10728169437396835f,0.28125f,-0.2588190451025207f,0.8790380933913863f,0.4003807341257265f,0.9229037339988986f,-1.1829179713786698e-16f,0.4145046371354671f,-0.9100471997611963f,3.444319122601931e-17f,0f,0f,0f,1f],start_interpolation:0}
execute if entity @s[tag=aj.blazing_inferno.bone.right_hand] run data modify entity @s {} merge value {transformation:[-0.9659258262890683f,0.25404331758161697f,-0.04949031117205026f,-0.4903173085012894f,0.2588190451025207f,0.9481025685379504f,-0.1847003557764857f,0.6256168296149438f,-1.1829179713786698e-16f,-0.19121587884866353f,-0.9815480057929583f,-0.15543923892580025f,0f,0f,0f,1f],start_interpolation:0}
execute if entity @s[tag=aj.blazing_inferno.bone.right_arm] run data modify entity @s {} merge value {transformation:[-0.9659258262890683f,0.23553754724041567f,0.10728169437396858f,-0.28125f,0.2588190451025207f,0.8790380933913863f,0.4003807341257265f,0.9229037339988986f,-1.1829179713786698e-16f,0.4145046371354672f,-0.9100471997611963f,-3.444319122601931e-17f,0f,0f,0f,1f],start_interpolation:0}
execute if entity @s[tag=aj.blazing_inferno.bone.bottom] run data modify entity @s {} merge value {transformation:[-1f,-3.178908788908145e-17f,1.1826686652566233e-16f,0f,0f,0.9657222523915004f,0.25957760156817666f,0.5479037339988986f,-1.2246467991473532e-16f,0.25957760156817666f,-0.9657222523915004f,0f,0f,0f,0f,1f],start_interpolation:0}