execute if entity @s[tag=aj.blazing_inferno.bone.body] run data modify entity @s {} merge value {transformation:[-1f,0f,1.2246467991473532e-16f,0f,0f,1f,0f,0.7490736667470886f,-1.2246467991473532e-16f,0f,-1f,0f,0f,0f,0f,1f],start_interpolation:0}
execute if entity @s[tag=aj.blazing_inferno.bone.left_hand] run data modify entity @s {} merge value {transformation:[-0.9659258262890683f,-0.24406367512908878f,0.08614070228564004f,0.7319602951692143f,-0.25881904510252074f,0.9108580358637441f,-0.32148147752967277f,1.06626396021239f,-1.2523069104177421e-16f,-0.3328221161295097f,-0.9429896282648476f,-0.1841349509169f,0f,0f,0f,1f],start_interpolation:0}
execute if entity @s[tag=aj.blazing_inferno.bone.left_arm] run data modify entity @s {} merge value {transformation:[-0.9659258262890683f,-0.2427749698635558f,-0.08970848407776291f,0.421875f,-0.25881904510252074f,0.9060485223367931f,0.3347966204481953f,1.4990736667470888f,-1.2523069104177421e-16f,0.3466069664318119f,-0.9380104534710351f,5.1664786839028965e-17f,0f,0f,0f,1f],start_interpolation:0}
execute if entity @s[tag=aj.blazing_inferno.bone.right_hand] run data modify entity @s {} merge value {transformation:[-0.9659258262890683f,0.24406367512908883f,-0.08614070228563982f,-0.7319602951692142f,0.25881904510252074f,0.9108580358637441f,-0.32148147752967277f,1.06626396021239f,-1.1135290323395976e-16f,-0.33282211612950957f,-0.9429896282648476f,-0.18413495091690021f,0f,0f,0f,1f],start_interpolation:0}
execute if entity @s[tag=aj.blazing_inferno.bone.right_arm] run data modify entity @s {} merge value {transformation:[-0.9659258262890683f,0.24277496986355568f,0.08970848407776313f,-0.421875f,0.25881904510252074f,0.9060485223367931f,0.3347966204481953f,1.4990736667470888f,-1.1135290323395976e-16f,0.346606966431812f,-0.9380104534710351f,-5.1664786839028965e-17f,0f,0f,0f,1f],start_interpolation:0}
execute if entity @s[tag=aj.blazing_inferno.bone.head] run data modify entity @s {} merge value {transformation:[-1f,-7.174103241163235e-18f,1.2225436625864823e-16f,0f,0f,0.998282658671598f,0.05858099858798574f,1.6240736667470888f,-1.2246467991473532e-16f,0.05858099858798574f,-0.998282658671598f,0f,0f,0f,0f,1f],start_interpolation:0}
execute if entity @s[tag=aj.blazing_inferno.bone.bottom] run data modify entity @s {} merge value {transformation:[-1f,3.220687808579437e-17f,1.1815377620112424e-16f,0f,0f,0.9647987998122194f,-0.26298911741914527f,0.8740736667470886f,-1.2246467991473532e-16f,-0.26298911741914527f,-0.9647987998122194f,0f,0f,0f,0f,1f],start_interpolation:0}