execute if entity @s[tag=aj.blazing_inferno.bone.helm] run data modify entity @s {} merge value {transformation:[-1.2291666666666665f,-1.640056946865176e-17f,1.4963339337343484e-16f,0.49999999999999994f,0f,1.221849381206201f,0.13392081276063003f,-0.11193746268144156f,-1.5052950239519548e-16f,0.13392081276063003f,-1.221849381206201f,0.36764235290835456f,0f,0f,0f,1f],start_interpolation:0}
execute if entity @s[tag=aj.blazing_inferno.bone.head] run data modify entity @s {} merge value {transformation:[-1f,-1.3342836177886178e-17f,1.2173564206652328e-16f,0f,0f,0.9940469542016552f,0.10895252563576682f,1.1229695582509074f,-1.2246467991473532e-16f,0.10895252563576682f,-0.9940469542016552f,0f,0f,0f,0f,1f],start_interpolation:0}
execute if entity @s[tag=aj.blazing_inferno.bone.body] run data modify entity @s {} merge value {transformation:[-1f,0f,1.2246467991473532e-16f,0f,0f,1f,0f,0.37296955825090733f,-1.2246467991473532e-16f,0f,-1f,0f,0f,0f,0f,1f],start_interpolation:0}
execute if entity @s[tag=aj.blazing_inferno.bone.left_hand] run data modify entity @s {} merge value {transformation:[-0.9659258262890683f,-0.23605553666527196f,0.10613708926407918f,0.4789587582936731f,-0.25881904510252074f,0.8809712562427332f,-0.39610900970101637f,0.7430733403420988f,-1.1829179713786698e-16f,-0.4100822225892887f,-0.9120485572140492f,-0.09602299198504018f,0f,0f,0f,1f],start_interpolation:0}
execute if entity @s[tag=aj.blazing_inferno.bone.left_arm] run data modify entity @s {} merge value {transformation:[-0.9659258262890683f,-0.24629769602412668f,-0.07952825309905627f,0.28125f,-0.25881904510252074f,0.9191955153491959f,0.2968034812028755f,0.9979695582509074f,-1.1829179713786698e-16f,0.3072735743521287f,-0.9516212221807933f,3.444319122601931e-17f,0f,0f,0f,1f],start_interpolation:0}
execute if entity @s[tag=aj.blazing_inferno.bone.right_hand] run data modify entity @s {} merge value {transformation:[-0.9659258262890683f,0.23605553666527207f,-0.10613708926407896f,-0.49435236429518103f,0.25881904510252074f,0.8809712562427332f,-0.39610900970101637f,0.685623620632774f,-1.1829179713786698e-16f,-0.41008222258928867f,-0.9120485572140493f,-0.11522759038204834f,0f,0f,0f,1f],start_interpolation:0}
execute if entity @s[tag=aj.blazing_inferno.bone.right_arm] run data modify entity @s {} merge value {transformation:[-0.9659258262890683f,0.24629769602412663f,0.07952825309905649f,-0.28125f,0.25881904510252074f,0.9191955153491959f,0.2968034812028755f,0.9979695582509074f,-1.1829179713786698e-16f,0.3072735743521288f,-0.9516212221807933f,-3.444319122601931e-17f,0f,0f,0f,1f],start_interpolation:0}
execute if entity @s[tag=aj.blazing_inferno.bone.bottom] run data modify entity @s {} merge value {transformation:[-1f,-1.0279528683267403e-17f,1.2203249205301209e-16f,0f,0f,0.9964709182923261f,0.08393872168223859f,0.6229695582509074f,-1.2246467991473532e-16f,0.08393872168223859f,-0.9964709182923261f,0f,0f,0f,0f,1f],start_interpolation:0}