execute if entity @s[tag=aj.blazing_inferno.bone.body] run data modify entity @s {} merge value {transformation:[-1f,0f,1.2246467991473532e-16f,0f,0f,1f,0f,0.7738126467651193f,-1.2246467991473532e-16f,0f,-1f,0f,0f,0f,0f,1f],start_interpolation:0}
execute if entity @s[tag=aj.blazing_inferno.bone.left_hand] run data modify entity @s {} merge value {transformation:[-0.9655635052852647f,-0.24981183558561582f,0.0726716179988981f,0.7334124030523255f,-0.2601674792537156f,0.9271304481317053f,-0.2697072762938935f,1.0882887786640931f,-1.1824742561210978e-16f,-0.2793262947673355f,-0.9601962409068011f,-0.1750606161126279f,0f,0f,0f,1f],start_interpolation:0}
execute if entity @s[tag=aj.blazing_inferno.bone.left_arm] run data modify entity @s {} merge value {transformation:[-0.9655635052852647f,-0.245636227409578f,-0.08573191380823483f,0.421875f,-0.2601674792537156f,0.9116334502797135f,0.31817814989384885f,1.5238126467651192f,-1.1824742561210978e-16f,0.32952586562377034f,-0.9441465478859227f,5.1664786839028965e-17f,0f,0f,0f,1f],start_interpolation:0}
execute if entity @s[tag=aj.blazing_inferno.bone.right_hand] run data modify entity @s {} merge value {transformation:[-0.9655635052852647f,0.24981183558561593f,-0.07267161799889789f,-0.7334124030523255f,0.2601674792537156f,0.9271304481317053f,-0.2697072762938935f,1.0882887786640931f,-1.1824742561210978e-16f,-0.2793262947673354f,-0.9601962409068012f,-0.17506061611262813f,0f,0f,0f,1f],start_interpolation:0}
execute if entity @s[tag=aj.blazing_inferno.bone.right_arm] run data modify entity @s {} merge value {transformation:[-0.9655635052852647f,0.24563622740957794f,0.08573191380823506f,-0.421875f,0.2601674792537156f,0.9116334502797135f,0.31817814989384885f,1.5238126467651192f,-1.1824742561210978e-16f,0.32952586562377045f,-0.9441465478859227f,-5.1664786839028965e-17f,0f,0f,0f,1f],start_interpolation:0}
execute if entity @s[tag=aj.blazing_inferno.bone.head] run data modify entity @s {} merge value {transformation:[-1f,-7.688292151387223e-18f,1.2222310743232434e-16f,0f,0f,0.9980274109843003f,0.06277966967079905f,1.6488126467651192f,-1.2246467991473532e-16f,0.06277966967079905f,-0.9980274109843003f,0f,0f,0f,0f,1f],start_interpolation:0}
execute if entity @s[tag=aj.blazing_inferno.bone.bottom] run data modify entity @s {} merge value {transformation:[-1f,3.095232146727153e-17f,1.1848861389350985e-16f,0f,0f,0.9675329570616299f,-0.2527448852095293f,0.8988126467651193f,-1.2246467991473532e-16f,-0.2527448852095293f,-0.9675329570616299f,0f,0f,0f,0f,1f],start_interpolation:0}