execute if entity @s[tag=aj.blazing_inferno.bone.body] run data modify entity @s {} merge value {transformation:[-1f,0f,1.2246467991473532e-16f,0f,0f,1f,0f,0.7618444449602869f,-1.2246467991473532e-16f,0f,-1f,0f,0f,0f,0f,1f],start_interpolation:0}
execute if entity @s[tag=aj.blazing_inferno.bone.left_hand] run data modify entity @s {} merge value {transformation:[-0.9659258262890683f,-0.22813312978727224f,0.12223981839500694f,0.7352178368994016f,-0.2588190451025208f,0.8514044312558051f,-0.4562052129581581f,1.0668774271807533f,-1.1135290323395976e-16f,-0.4722983903544906f,-0.881438727574729f,-0.14561398336775014f,0f,0f,0f,1f],start_interpolation:0}
execute if entity @s[tag=aj.blazing_inferno.bone.left_arm] run data modify entity @s {} merge value {transformation:[-0.9659258262890683f,-0.24890681312037888f,-0.07094150047777018f,0.421875f,-0.2588190451025208f,0.9289328729153055f,0.2647572841482105f,1.5118444449602868f,-1.1135290323395976e-16f,0.2740969098687063f,-0.9617020765291225f,5.1664786839028965e-17f,0f,0f,0f,1f],start_interpolation:0}
execute if entity @s[tag=aj.blazing_inferno.bone.right_hand] run data modify entity @s {} merge value {transformation:[-0.9659258262890683f,0.22813312978727238f,-0.12223981839500675f,-0.7352178368994016f,0.2588190451025208f,0.8514044312558051f,-0.4562052129581581f,1.0668774271807533f,-1.2523069104177421e-16f,-0.4722983903544905f,-0.8814387275747291f,-0.14561398336775036f,0f,0f,0f,1f],start_interpolation:0}
execute if entity @s[tag=aj.blazing_inferno.bone.right_arm] run data modify entity @s {} merge value {transformation:[-0.9659258262890683f,0.24890681312037882f,0.0709415004777704f,-0.421875f,0.2588190451025208f,0.9289328729153055f,0.2647572841482105f,1.5118444449602868f,-1.2523069104177421e-16f,0.2740969098687064f,-0.9617020765291225f,-5.1664786839028965e-17f,0f,0f,0f,1f],start_interpolation:0}
execute if entity @s[tag=aj.blazing_inferno.bone.head] run data modify entity @s {} merge value {transformation:[-1f,-1.3109013567453529e-17f,1.217610429895658e-16f,0f,0f,0.9942543684786552f,0.10704321912718455f,1.6368444449602868f,-1.2246467991473532e-16f,0.10704321912718455f,-0.9942543684786552f,0f,0f,0f,0f,1f],start_interpolation:0}
execute if entity @s[tag=aj.blazing_inferno.bone.bottom] run data modify entity @s {} merge value {transformation:[-1f,8.00957328659154e-18f,1.2220247363447802e-16f,0f,0f,0.9978589232386035f,-0.06540312923014306f,0.8868444449602869f,-1.2246467991473532e-16f,-0.06540312923014306f,-0.9978589232386035f,0f,0f,0f,0f,1f],start_interpolation:0}