execute if entity @s[tag=aj.blazing_inferno.bone.helm] run data modify entity @s {} merge value {transformation:[-1.2291666666666665f,-1.430354979160799e-17f,1.4984838856225365e-16f,0.49999999999999994f,0f,1.2236049501503938f,0.11679734762354892f,-0.13575859832985326f,-1.5052950239519548e-16f,0.11679734762354892f,-1.2236049501503938f,0.3848994913401215f,0f,0f,0f,1f],start_interpolation:0}
execute if entity @s[tag=aj.blazing_inferno.bone.head] run data modify entity @s {} merge value {transformation:[-1f,-1.1636786271138704e-17f,1.2191055340657926e-16f,0f,0f,0.9954752136816765f,0.095021570947972f,1.0938790033911236f,-1.2246467991473532e-16f,0.095021570947972f,-0.9954752136816765f,0f,0f,0f,0f,1f],start_interpolation:0}
execute if entity @s[tag=aj.blazing_inferno.bone.body] run data modify entity @s {} merge value {transformation:[-1f,0f,1.2246467991473532e-16f,0f,0f,1f,0f,0.34387900339112365f,-1.2246467991473532e-16f,0f,-1f,0f,0f,0f,0f,1f],start_interpolation:0}
execute if entity @s[tag=aj.blazing_inferno.bone.left_hand] run data modify entity @s {} merge value {transformation:[-0.9659258262890683f,-0.2520246927718364f,0.0589139401249153f,0.4762076334249501f,-0.2588190451025207f,0.9405689581864307f,-0.2198698178202544f,0.7242501232703558f,-1.1135290323395976e-16f,-0.22762598518041371f,-0.973748638443539f,-0.12421546675113265f,0f,0f,0f,1f],start_interpolation:0}
execute if entity @s[tag=aj.blazing_inferno.bone.left_arm] run data modify entity @s {} merge value {transformation:[-0.9659258262890683f,-0.23749409644421288f,-0.10287785117277454f,0.28125f,-0.2588190451025207f,0.8863400344274657f,0.38394536755030445f,0.9688790033911236f,-1.1135290323395976e-16f,0.3974894936036246f,-0.917606725386608f,3.444319122601931e-17f,0f,0f,0f,1f],start_interpolation:0}
execute if entity @s[tag=aj.blazing_inferno.bone.right_hand] run data modify entity @s {} merge value {transformation:[-0.9659258262890683f,0.2520246927718365f,-0.05891394012491506f,-0.4910510144527133f,0.2588190451025207f,0.9405689581864307f,-0.2198698178202544f,0.6688538711186391f,-1.2523069104177421e-16f,-0.2276259851804136f,-0.9737486384435391f,-0.14905856010135932f,0f,0f,0f,1f],start_interpolation:0}
execute if entity @s[tag=aj.blazing_inferno.bone.right_arm] run data modify entity @s {} merge value {transformation:[-0.9659258262890683f,0.23749409644421277f,0.10287785117277476f,-0.28125f,0.2588190451025207f,0.8863400344274657f,0.38394536755030445f,0.9688790033911236f,-1.2523069104177421e-16f,0.39748949360362473f,-0.917606725386608f,-3.444319122601931e-17f,0f,0f,0f,1f],start_interpolation:0}
execute if entity @s[tag=aj.blazing_inferno.bone.bottom] run data modify entity @s {} merge value {transformation:[-1f,4.3954448136870264e-18f,1.2238577487399591e-16f,0f,0f,0.9993556914467555f,-0.03589153065804203f,0.5938790033911236f,-1.2246467991473532e-16f,-0.03589153065804203f,-0.9993556914467555f,0f,0f,0f,0f,1f],start_interpolation:0}