execute if entity @s[tag=aj.blazing_inferno.bone.helm] run data modify entity @s {} merge value {transformation:[-1.2291666666666665f,-1.7490135668609807e-17f,1.4950995366743574e-16f,0.49999999999999994f,0f,1.2208414195140214f,0.14281779596196326f,-0.030807404390164717f,-1.5052950239519548e-16f,0.14281779596196326f,-1.2208414195140214f,0.3586369440424511f,0f,0f,0f,1f],start_interpolation:0}
execute if entity @s[tag=aj.blazing_inferno.bone.head] run data modify entity @s {} merge value {transformation:[-1f,-1.42292629168351e-17f,1.2163521654299858e-16f,0f,0f,0.9932269175707295f,0.11619074925719046f,1.2067449348536718f,-1.2246467991473532e-16f,0.11619074925719046f,-0.9932269175707295f,0f,0f,0f,0f,1f],start_interpolation:0}
execute if entity @s[tag=aj.blazing_inferno.bone.body] run data modify entity @s {} merge value {transformation:[-1f,0f,1.2246467991473532e-16f,0f,0f,1f,0f,0.45674493485367174f,-1.2246467991473532e-16f,0f,-1f,0f,0f,0f,0f,1f],start_interpolation:0}
execute if entity @s[tag=aj.blazing_inferno.bone.left_hand] run data modify entity @s {} merge value {transformation:[-0.9659258262890683f,-0.2254784104452433f,0.1270699985475213f,0.48000574854204225f,-0.25881904510252074f,0.8414968837915173f,-0.47423169069705257f,0.8229412961429206f,-1.1829179713786698e-16f,-0.4909607733742605f,-0.8711816796786696f,-0.08245046398636831f,0f,0f,0f,1f],start_interpolation:0}
execute if entity @s[tag=aj.blazing_inferno.bone.left_arm] run data modify entity @s {} merge value {transformation:[-0.9659258262890683f,-0.2496480648189078f,-0.06828720114307711f,0.28125f,-0.25881904510252074f,0.9316992619154123f,0.25485130417263974f,1.0817449348536718f,-1.1829179713786698e-16f,0.2638414847563787f,-0.9645660531666815f,3.444319122601931e-17f,0f,0f,0f,1f],start_interpolation:0}
execute if entity @s[tag=aj.blazing_inferno.bone.right_hand] run data modify entity @s {} merge value {transformation:[-0.9659258262890683f,0.22547841044524342f,-0.12706999854752107f,-0.49560875259322396f,0.25881904510252074f,0.8414968837915173f,-0.47423169069705257f,0.7647100922732073f,-1.1829179713786698e-16f,-0.49096077337426036f,-0.8711816796786696f,-0.0989405567836421f,0f,0f,0f,1f],start_interpolation:0}
execute if entity @s[tag=aj.blazing_inferno.bone.right_arm] run data modify entity @s {} merge value {transformation:[-0.9659258262890683f,0.24964806481890775f,0.06828720114307736f,-0.28125f,0.25881904510252074f,0.9316992619154123f,0.25485130417263974f,1.0817449348536718f,-1.1829179713786698e-16f,0.2638414847563788f,-0.9645660531666815f,-3.444319122601931e-17f,0f,0f,0f,1f],start_interpolation:0}
execute if entity @s[tag=aj.blazing_inferno.bone.bottom] run data modify entity @s {} merge value {transformation:[-1f,2.3403235398070867e-18f,1.2244231585668248e-16f,0f,0f,0.9998173836075153f,-0.01911019194625349f,0.7067449348536717f,-1.2246467991473532e-16f,-0.01911019194625349f,-0.9998173836075153f,0f,0f,0f,0f,1f],start_interpolation:0}