execute if entity @s[tag=aj.blazing_inferno.bone.helm] run data modify entity @s {} merge value {transformation:[-1.2291666666666665f,-1.7904470507585688e-17f,1.4946090133271695e-16f,0.49999999999999994f,0f,1.2204408768044588f,0.14620109667580464f,-0.17229163217073662f,-1.5052950239519548e-16f,0.14620109667580464f,-1.2204408768044588f,0.35520539886078223f,0f,0f,0f,1f],start_interpolation:0}
execute if entity @s[tag=aj.blazing_inferno.bone.head] run data modify entity @s {} merge value {transformation:[-1f,-1.456634888752734e-17f,1.215953095588206e-16f,0f,0f,0.992901052315492f,0.11894326509218005f,1.0662500000000001f,-1.2246467991473532e-16f,0.11894326509218005f,-0.992901052315492f,0f,0f,0f,0f,1f],start_interpolation:0}
execute if entity @s[tag=aj.blazing_inferno.bone.body] run data modify entity @s {} merge value {transformation:[-1f,0f,1.2246467991473532e-16f,0f,0f,1f,0f,0.31625000000000003f,-1.2246467991473532e-16f,0f,-1f,0f,0f,0f,0f,1f],start_interpolation:0}
execute if entity @s[tag=aj.blazing_inferno.bone.left_hand] run data modify entity @s {} merge value {transformation:[-0.9659258262890683f,-0.2537391831207256f,0.051026709251210556f,0.47569731264454285f,-0.25881904510252074f,0.9469675232775713f,-0.19043427146856218f,0.6985256629598702f,-1.2523069104177421e-16f,-0.19715206518514994f,-0.9803729204712003f,-0.1286716317365441f,0f,0f,0f,1f],start_interpolation:0}
execute if entity @s[tag=aj.blazing_inferno.bone.left_arm] run data modify entity @s {} merge value {transformation:[-0.9659258262890683f,-0.23586106994690978f,-0.10656854034507371f,0.28125f,-0.25881904510252074f,0.880245496569424f,0.3977192070562693f,0.94125f,-1.2523069104177421e-16f,0.4117492215569413f,-0.9112971955115701f,3.444319122601931e-17f,0f,0f,0f,1f],start_interpolation:0}
execute if entity @s[tag=aj.blazing_inferno.bone.right_hand] run data modify entity @s {} merge value {transformation:[-0.9659258262890683f,0.25373918312072563f,-0.05102670925121029f,-0.49043862951622463f,0.25881904510252074f,0.9469675232775713f,-0.19043427146856218f,0.6435103194242812f,-1.1135290323395976e-16f,-0.19715206518514988f,-0.9803729204712004f,-0.1544059580838531f,0f,0f,0f,1f],start_interpolation:0}
execute if entity @s[tag=aj.blazing_inferno.bone.right_arm] run data modify entity @s {} merge value {transformation:[-0.9659258262890683f,0.23586106994690967f,0.10656854034507393f,-0.28125f,0.25881904510252074f,0.880245496569424f,0.3977192070562693f,0.94125f,-1.1135290323395976e-16f,0.41174922155694144f,-0.9112971955115701f,-3.444319122601931e-17f,0f,0f,0f,1f],start_interpolation:0}
execute if entity @s[tag=aj.blazing_inferno.bone.bottom] run data modify entity @s {} merge value {transformation:[-1f,-1.2876770483097911e-17f,1.217858226910842e-16f,0f,0f,0.9944567100969538f,0.10514681042781658f,0.56625f,-1.2246467991473532e-16f,0.10514681042781658f,-0.9944567100969538f,0f,0f,0f,0f,1f],start_interpolation:0}