execute if entity @s[tag=aj.blazing_inferno.bone.body] run data modify entity @s {} merge value {transformation:[-1f,0f,1.2246467991473532e-16f,0f,0f,1f,0f,0.5832448705166391f,-1.2246467991473532e-16f,0f,-1f,0f,0f,0f,0f,1f],start_interpolation:0}
execute if entity @s[tag=aj.blazing_inferno.bone.left_hand] run data modify entity @s {} merge value {transformation:[-0.9659258262890683f,-0.25467351436997104f,0.04613782814815634f,0.7277371146293963f,-0.2588190451025207f,0.9504544949708547f,-0.17218871879980052f,0.9161962883260772f,-1.1829179713786698e-16f,-0.17826287910876343f,-0.9839828992070209f,-0.2233867933143682f,0f,0f,0f,1f],start_interpolation:0}
execute if entity @s[tag=aj.blazing_inferno.bone.left_arm] run data modify entity @s {} merge value {transformation:[-0.9659258262890683f,-0.2348254535533101f,-0.10883154171132028f,0.421875f,-0.2588190451025207f,0.8763805235713589f,0.4061648431326993f,1.333244870516639f,-1.1829179713786698e-16f,0.42049278741528145f,-0.9072958810287451f,5.1664786839028965e-17f,0f,0f,0f,1f],start_interpolation:0}
execute if entity @s[tag=aj.blazing_inferno.bone.right_hand] run data modify entity @s {} merge value {transformation:[-0.9659258262890683f,0.2546735143699711f,-0.046137828148156104f,-0.7277371146293963f,0.2588190451025207f,0.9504544949708547f,-0.17218871879980052f,0.9161962883260772f,-1.1829179713786698e-16f,-0.17826287910876332f,-0.983982899207021f,-0.22338679331436842f,0f,0f,0f,1f],start_interpolation:0}
execute if entity @s[tag=aj.blazing_inferno.bone.right_arm] run data modify entity @s {} merge value {transformation:[-0.9659258262890683f,0.23482545355331f,0.1088315417113205f,-0.421875f,0.2588190451025207f,0.8763805235713589f,0.4061648431326993f,1.333244870516639f,-1.1829179713786698e-16f,0.42049278741528157f,-0.9072958810287451f,-5.1664786839028965e-17f,0f,0f,0f,1f],start_interpolation:0}
execute if entity @s[tag=aj.blazing_inferno.bone.head] run data modify entity @s {} merge value {transformation:[-1f,-1.6789040745854656e-17f,1.2130839186739147e-16f,0f,0f,0.9905581915687943f,0.13709292146555105f,1.458244870516639f,-1.2246467991473532e-16f,0.13709292146555105f,-0.9905581915687943f,0f,0f,0f,0f,1f],start_interpolation:0}
execute if entity @s[tag=aj.blazing_inferno.bone.bottom] run data modify entity @s {} merge value {transformation:[-1f,-2.6523162592051213e-17f,1.1955801801942933e-16f,0f,0f,0.9762653044344728f,0.21657805834725302f,0.7082448705166391f,-1.2246467991473532e-16f,0.21657805834725302f,-0.9762653044344728f,0f,0f,0f,0f,1f],start_interpolation:0}