execute if entity @s[tag=aj.blazing_inferno.bone.helm] run data modify entity @s {} merge value {transformation:[-1.2291666666666665f,-1.8733286254914022e-17f,1.4935928185900134e-16f,0.49999999999999994f,0f,1.219611090830361f,0.1529688908504629f,-0.17835002956798762f,-1.5052950239519548e-16f,0.1529688908504629f,-1.219611090830361f,0.34832948138054726f,0f,0f,0f,1f],start_interpolation:0}
execute if entity @s[tag=aj.blazing_inferno.bone.head] run data modify entity @s {} merge value {transformation:[-1f,-1.52406396650148e-17f,1.2151263608867907e-16f,0f,0f,0.9922259722009719f,0.12444926713257999f,1.0621429459869565f,-1.2246467991473532e-16f,0.12444926713257999f,-0.9922259722009719f,0f,0f,0f,0f,1f],start_interpolation:0}
execute if entity @s[tag=aj.blazing_inferno.bone.body] run data modify entity @s {} merge value {transformation:[-1f,0f,1.2246467991473532e-16f,0f,0f,1f,0f,0.31214294598695647f,-1.2246467991473532e-16f,0f,-1f,0f,0f,0f,0f,1f],start_interpolation:0}
execute if entity @s[tag=aj.blazing_inferno.bone.left_hand] run data modify entity @s {} merge value {transformation:[-0.9659258262890683f,-0.2540433175816169f,0.04949031117205052f,0.4755962117987635f,-0.2588190451025207f,0.9481025685379503f,-0.18470035577648586f,0.6947959224399634f,-1.1829179713786698e-16f,-0.19121587884866376f,-0.9815480057929582f,-0.12953269910483342f,0f,0f,0f,1f],start_interpolation:0}
execute if entity @s[tag=aj.blazing_inferno.bone.left_arm] run data modify entity @s {} merge value {transformation:[-0.9659258262890683f,-0.23553754724041578f,-0.10728169437396835f,0.28125f,-0.2588190451025207f,0.8790380933913863f,0.4003807341257265f,0.9371429459869565f,-1.1829179713786698e-16f,0.4145046371354671f,-0.9100471997611963f,3.444319122601931e-17f,0f,0f,0f,1f],start_interpolation:0}
execute if entity @s[tag=aj.blazing_inferno.bone.right_hand] run data modify entity @s {} merge value {transformation:[-0.9659258262890683f,0.2540433175816169f,-0.049490311172050286f,-0.4903173085012894f,0.2588190451025207f,0.9481025685379503f,-0.18470035577648586f,0.6398560416030017f,-1.1829179713786698e-16f,-0.19121587884866365f,-0.9815480057929582f,-0.15543923892580025f,0f,0f,0f,1f],start_interpolation:0}
execute if entity @s[tag=aj.blazing_inferno.bone.right_arm] run data modify entity @s {} merge value {transformation:[-0.9659258262890683f,0.23553754724041567f,0.10728169437396858f,-0.28125f,0.2588190451025207f,0.8790380933913863f,0.4003807341257265f,0.9371429459869565f,-1.1829179713786698e-16f,0.4145046371354672f,-0.9100471997611963f,-3.444319122601931e-17f,0f,0f,0f,1f],start_interpolation:0}
execute if entity @s[tag=aj.blazing_inferno.bone.bottom] run data modify entity @s {} merge value {transformation:[-1f,-1.681093081324645e-17f,1.2130536027649734e-16f,0f,0f,0.9905334367505378f,0.1372716674305675f,0.5621429459869565f,-1.2246467991473532e-16f,0.1372716674305675f,-0.9905334367505378f,0f,0f,0f,0f,1f],start_interpolation:0}