execute if entity @s[tag=aj.blazing_inferno.bone.body] run data modify entity @s {} merge value {transformation:[-1f,0f,1.2246467991473532e-16f,0f,0f,1f,0f,0.5815097118886358f,-1.2246467991473532e-16f,0f,-1f,0f,0f,0f,0f,1f],start_interpolation:0}
execute if entity @s[tag=aj.blazing_inferno.bone.left_hand] run data modify entity @s {} merge value {transformation:[-0.9659258262890683f,-0.25338641144520596f,0.052750588647914265f,0.728479011401792f,-0.25881904510252074f,0.9456509614610609f,-0.1968678769631817f,0.9116923332495218f,-1.1829179713786698e-16f,-0.203812623707885f,-0.9790099153825298f,-0.21709482095368526f,0f,0f,0f,1f],start_interpolation:0}
execute if entity @s[tag=aj.blazing_inferno.bone.left_arm] run data modify entity @s {} merge value {transformation:[-0.9659258262890683f,-0.2362219651248785f,-0.10576616330529036f,0.421875f,-0.25881904510252074f,0.8815923757098099f,0.39472469517697106f,1.3315097118886356f,-1.1829179713786698e-16f,0.40864907473634887f,-0.9126915874035029f,5.1664786839028965e-17f,0f,0f,0f,1f],start_interpolation:0}
execute if entity @s[tag=aj.blazing_inferno.bone.right_hand] run data modify entity @s {} merge value {transformation:[-0.9659258262890683f,0.253386411445206f,-0.05275058864791403f,-0.7284790114017919f,0.25881904510252074f,0.9456509614610609f,-0.1968678769631817f,0.9116923332495218f,-1.1829179713786698e-16f,-0.2038126237078849f,-0.9790099153825298f,-0.21709482095368549f,0f,0f,0f,1f],start_interpolation:0}
execute if entity @s[tag=aj.blazing_inferno.bone.right_arm] run data modify entity @s {} merge value {transformation:[-0.9659258262890683f,0.2362219651248784f,0.10576616330529058f,-0.421875f,0.25881904510252074f,0.8815923757098099f,0.39472469517697106f,1.3315097118886356f,-1.1829179713786698e-16f,0.408649074736349f,-0.9126915874035029f,-5.1664786839028965e-17f,0f,0f,0f,1f],start_interpolation:0}
execute if entity @s[tag=aj.blazing_inferno.bone.head] run data modify entity @s {} merge value {transformation:[-1f,-1.8057835638225826e-17f,1.211260186693239e-16f,0f,0f,0.9890690013941696f,0.1474534180042637f,1.4565097118886356f,-1.2246467991473532e-16f,0.1474534180042637f,-0.9890690013941696f,0f,0f,0f,0f,1f],start_interpolation:0}
execute if entity @s[tag=aj.blazing_inferno.bone.bottom] run data modify entity @s {} merge value {transformation:[-1f,-3.095232146727153e-17f,1.1848861389350985e-16f,0f,0f,0.9675329570616299f,0.2527448852095293f,0.7065097118886358f,-1.2246467991473532e-16f,0.2527448852095293f,-0.9675329570616299f,0f,0f,0f,0f,1f],start_interpolation:0}