execute if entity @s[tag=aj.blazing_inferno.bone.helm] run data modify entity @s {} merge value {transformation:[-1.2291666666666665f,-2.0798197619659492e-17f,1.4908576748676833e-16f,0.49999999999999994f,0f,1.217377676490623f,0.16983017172085868f,-0.19319922577600712f,-1.5052950239519548e-16f,0.16983017172085868f,-1.217377676490623f,0.33113126182518665f,0f,0f,0f,1f],start_interpolation:0}
execute if entity @s[tag=aj.blazing_inferno.bone.head] run data modify entity @s {} merge value {transformation:[-1f,-1.6920567554977216e-17f,1.2129011592143867e-16f,0f,0f,0.9904089571449137f,0.13816691936612233f,1.051994870516639f,-1.2246467991473532e-16f,0.13816691936612233f,-0.9904089571449137f,0f,0f,0f,0f,1f],start_interpolation:0}
execute if entity @s[tag=aj.blazing_inferno.bone.body] run data modify entity @s {} merge value {transformation:[-1f,0f,1.2246467991473532e-16f,0f,0f,1f,0f,0.3019948705166391f,-1.2246467991473532e-16f,0f,-1f,0f,0f,0f,0f,1f],start_interpolation:0}
execute if entity @s[tag=aj.blazing_inferno.bone.left_hand] run data modify entity @s {} merge value {transformation:[-0.9659258262890683f,-0.25467351436997104f,0.04613782814815634f,0.47537368252154294f,-0.2588190451025207f,0.9504544949708547f,-0.17218871879980052f,0.6854783375384046f,-1.1829179713786698e-16f,-0.17826287910876343f,-0.9839828992070209f,-0.1314039960672754f,0f,0f,0f,1f],start_interpolation:0}
execute if entity @s[tag=aj.blazing_inferno.bone.left_arm] run data modify entity @s {} merge value {transformation:[-0.9659258262890683f,-0.2348254535533101f,-0.10883154171132028f,0.28125f,-0.2588190451025207f,0.8763805235713589f,0.4061648431326993f,0.9269948705166391f,-1.1829179713786698e-16f,0.42049278741528145f,-0.9072958810287451f,3.444319122601931e-17f,0f,0f,0f,1f],start_interpolation:0}
execute if entity @s[tag=aj.blazing_inferno.bone.right_hand] run data modify entity @s {} merge value {transformation:[-0.9659258262890683f,0.2546735143699711f,-0.046137828148156104f,-0.4900502733686248f,0.2588190451025207f,0.9504544949708547f,-0.17218871879980052f,0.6307045548151946f,-1.1829179713786698e-16f,-0.17826287910876332f,-0.983982899207021f,-0.15768479528073065f,0f,0f,0f,1f],start_interpolation:0}
execute if entity @s[tag=aj.blazing_inferno.bone.right_arm] run data modify entity @s {} merge value {transformation:[-0.9659258262890683f,0.23482545355331f,0.1088315417113205f,-0.28125f,0.2588190451025207f,0.8763805235713589f,0.4061648431326993f,0.9269948705166391f,-1.1829179713786698e-16f,0.42049278741528157f,-0.9072958810287451f,-3.444319122601931e-17f,0f,0f,0f,1f],start_interpolation:0}
execute if entity @s[tag=aj.blazing_inferno.bone.bottom] run data modify entity @s {} merge value {transformation:[-1f,-2.6523162592051213e-17f,1.1955801801942933e-16f,0f,0f,0.9762653044344728f,0.21657805834725302f,0.5519948705166391f,-1.2246467991473532e-16f,0.21657805834725302f,-0.9762653044344728f,0f,0f,0f,0f,1f],start_interpolation:0}