execute if entity @s[tag=aj.blazing_inferno.bone.helm] run data modify entity @s {} merge value {transformation:[-1.2291666666666665f,-1.538756390050147e-17f,1.4974095621623749e-16f,0.49999999999999994f,0f,1.222727698471861f,0.12564899456083903f,-0.07767757223416272f,-1.5052950239519548e-16f,0.12564899456083903f,-1.222727698471861f,0.375991052090794f,0f,0f,0f,1f],start_interpolation:0}
execute if entity @s[tag=aj.blazing_inferno.bone.head] run data modify entity @s {} merge value {transformation:[-1f,-1.2518696054645265e-17f,1.2182315081998983e-16f,0f,0f,0.9947615174008362f,0.10222291082915719f,1.154713185093909f,-1.2246467991473532e-16f,0.10222291082915719f,-0.9947615174008362f,0f,0f,0f,0f,1f],start_interpolation:0}
execute if entity @s[tag=aj.blazing_inferno.bone.body] run data modify entity @s {} merge value {transformation:[-1f,0f,1.2246467991473532e-16f,0f,0f,1f,0f,0.4047131850939089f,-1.2246467991473532e-16f,0f,-1f,0f,0f,0f,0f,1f],start_interpolation:0}
execute if entity @s[tag=aj.blazing_inferno.bone.left_hand] run data modify entity @s {} merge value {transformation:[-0.9659258262890683f,-0.22915410794661106f,0.1203149737936785f,0.4796801029546917f,-0.2588190451025207f,0.855214773619876f,-0.4490215951093261f,0.7721248722604104f,-1.1135290323395976e-16f,-0.4648613619064259f,-0.8853834842634589f,-0.08691953366753709f,0f,0f,0f,1f],start_interpolation:0}
execute if entity @s[tag=aj.blazing_inferno.bone.left_arm] run data modify entity @s {} merge value {transformation:[-0.9659258262890683f,-0.24860599893938615f,-0.07198857825468266f,0.28125f,-0.2588190451025207f,0.9278102191082037f,0.26866503161112415f,1.029713185093909f,-1.1135290323395976e-16f,0.2781425077361188f,-0.9605398197837833f,3.444319122601931e-17f,0f,0f,0f,1f],start_interpolation:0}
execute if entity @s[tag=aj.blazing_inferno.bone.right_hand] run data modify entity @s {} merge value {transformation:[-0.9659258262890683f,0.2291541079466112f,-0.12031497379367832f,-0.4952179778884033f,0.2588190451025207f,0.855214773619876f,-0.4490215951093261f,0.7141367335661477f,-1.2523069104177421e-16f,-0.46486136190642585f,-0.885383484263459f,-0.10430344040104464f,0f,0f,0f,1f],start_interpolation:0}
execute if entity @s[tag=aj.blazing_inferno.bone.right_arm] run data modify entity @s {} merge value {transformation:[-0.9659258262890683f,0.2486059989393861f,0.07198857825468288f,-0.28125f,0.2588190451025207f,0.9278102191082037f,0.26866503161112415f,1.029713185093909f,-1.2523069104177421e-16f,0.2781425077361189f,-0.9605398197837833f,-3.444319122601931e-17f,0f,0f,0f,1f],start_interpolation:0}
execute if entity @s[tag=aj.blazing_inferno.bone.bottom] run data modify entity @s {} merge value {transformation:[-1f,-3.990909964453261e-18f,1.2239963424893968e-16f,0f,0f,0.9994688618315016f,0.032588252933269314f,0.654713185093909f,-1.2246467991473532e-16f,0.032588252933269314f,-0.9994688618315016f,0f,0f,0f,0f,1f],start_interpolation:0}