execute if entity @s[tag=aj.blazing_inferno.bone.body] run data modify entity @s {} merge value {transformation:[-1f,0f,1.2246467991473532e-16f,0f,0f,1f,0f,0.5893071115428637f,-1.2246467991473532e-16f,0f,-1f,0f,0f,0f,0f,1f],start_interpolation:0}
execute if entity @s[tag=aj.blazing_inferno.bone.left_hand] run data modify entity @s {} merge value {transformation:[-0.9659258262890683f,-0.2514661102361821f,0.06125433462592651f,0.7294075148828217f,-0.25881904510252074f,0.938484299783148f,-0.2286042890077828f,0.9160245107375422f,-1.1829179713786698e-16f,-0.23666857514934014f,-0.9715904412543287f,-0.2088980723829923f,0f,0f,0f,1f],start_interpolation:0}
execute if entity @s[tag=aj.blazing_inferno.bone.left_arm] run data modify entity @s {} merge value {transformation:[-0.9659258262890683f,-0.23796973638328744f,-0.10177279928079679f,0.421875f,-0.25881904510252074f,0.8881151468462006f,0.37982125774444336f,1.3393071115428636f,-1.1829179713786698e-16f,0.39321990095622095f,-0.9194444569912745f,5.1664786839028965e-17f,0f,0f,0f,1f],start_interpolation:0}
execute if entity @s[tag=aj.blazing_inferno.bone.right_hand] run data modify entity @s {} merge value {transformation:[-0.9659258262890683f,0.25146611023618215f,-0.06125433462592628f,-0.7294075148828217f,0.25881904510252074f,0.938484299783148f,-0.2286042890077828f,0.9160245107375422f,-1.1829179713786698e-16f,-0.23666857514934003f,-0.9715904412543288f,-0.20889807238299252f,0f,0f,0f,1f],start_interpolation:0}
execute if entity @s[tag=aj.blazing_inferno.bone.right_arm] run data modify entity @s {} merge value {transformation:[-0.9659258262890683f,0.23796973638328733f,0.10177279928079701f,-0.421875f,0.25881904510252074f,0.8881151468462006f,0.37982125774444336f,1.3393071115428636f,-1.1829179713786698e-16f,0.39321990095622106f,-0.9194444569912745f,-5.1664786839028965e-17f,0f,0f,0f,1f],start_interpolation:0}
execute if entity @s[tag=aj.blazing_inferno.bone.head] run data modify entity @s {} merge value {transformation:[-1f,-1.7851854569343312e-17f,1.2115654796606576e-16f,0f,0f,0.9893182920203577f,0.14577145493519003f,1.4643071115428636f,-1.2246467991473532e-16f,0.14577145493519003f,-0.9893182920203577f,0f,0f,0f,0f,1f],start_interpolation:0}
execute if entity @s[tag=aj.blazing_inferno.bone.bottom] run data modify entity @s {} merge value {transformation:[-1f,-2.824576511122837e-17f,1.191628070326471e-16f,0f,0f,0.9730381618243962f,0.23064417537280277f,0.7143071115428637f,-1.2246467991473532e-16f,0.23064417537280277f,-0.9730381618243962f,0f,0f,0f,0f,1f],start_interpolation:0}