execute if entity @s[tag=aj.blazing_inferno.bone.body] run data modify entity @s {} merge value {transformation:[-1f,0f,1.2246467991473532e-16f,0f,0f,1f,0f,0.5773521422910786f,-1.2246467991473532e-16f,0f,-1f,0f,0f,0f,0f,1f],start_interpolation:0}
execute if entity @s[tag=aj.blazing_inferno.bone.left_hand] run data modify entity @s {} merge value {transformation:[-0.9960316053354263f,-0.08892834710005648f,-0.003576346597490225f,0.6515035214749276f,-0.08900023130831461f,0.9952271249167004f,0.040024100953110875f,0.8642380102312678f,-1.2197869173236295e-16f,0.040183565198849525f,-0.9991923143659133f,-0.22400637337300666f,0f,0f,0f,1f],start_interpolation:0}
execute if entity @s[tag=aj.blazing_inferno.bone.left_arm] run data modify entity @s {} merge value {transformation:[-0.9960316053354263f,-0.08070135618736027f,-0.037527753495970304f,0.421875f,-0.08900023130831461f,0.9031560949272842f,0.4199857462138029f,1.3273521422910786f,-1.2197869173236295e-16f,0.42165905576095386f,-0.9067544544664674f,5.1664786839028965e-17f,0f,0f,0f,1f],start_interpolation:0}
execute if entity @s[tag=aj.blazing_inferno.bone.right_hand] run data modify entity @s {} merge value {transformation:[-0.9960316053354263f,0.08892834710005645f,0.003576346597490475f,-0.6515035214749275f,0.08900023130831461f,0.9952271249167004f,0.040024100953110875f,0.8642380102312678f,-1.2197869173236295e-16f,0.040183565198849525f,-0.9991923143659133f,-0.22400637337300683f,0f,0f,0f,1f],start_interpolation:0}
execute if entity @s[tag=aj.blazing_inferno.bone.right_arm] run data modify entity @s {} merge value {transformation:[-0.9960316053354263f,0.08070135618736016f,0.037527753495970526f,-0.421875f,0.08900023130831461f,0.9031560949272842f,0.4199857462138029f,1.3273521422910786f,-1.2197869173236295e-16f,0.42165905576095386f,-0.9067544544664674f,-5.1664786839028965e-17f,0f,0f,0f,1f],start_interpolation:0}
execute if entity @s[tag=aj.blazing_inferno.bone.head] run data modify entity @s {} merge value {transformation:[-1f,-1.7976418666298794e-17f,1.211381285910944e-16f,0f,0f,0.9891678864096609f,0.14678859797628735f,1.4523521422910786f,-1.2246467991473532e-16f,0.14678859797628735f,-0.9891678864096609f,0f,0f,0f,0f,1f],start_interpolation:0}
execute if entity @s[tag=aj.blazing_inferno.bone.bottom] run data modify entity @s {} merge value {transformation:[-1f,-3.2206878085794363e-17f,1.1815377620112424e-16f,0f,0f,0.9647987998122194f,0.2629891174191452f,0.7023521422910786f,-1.2246467991473532e-16f,0.2629891174191452f,-0.9647987998122194f,0f,0f,0f,0f,1f],start_interpolation:0}