execute if entity @s[tag=aj.blazing_inferno.bone.helm] run data modify entity @s {} merge value {transformation:[-1.2291666666666665f,-1.6129738702541454e-17f,1.4966282978994117e-16f,0.49999999999999994f,0f,1.2220897477880337f,0.1317093117278517f,-0.15684892680334528f,-1.5052950239519548e-16f,0.1317093117278517f,-1.2220897477880337f,0.36987666404110625f,0f,0f,0f,1f],start_interpolation:0}
execute if entity @s[tag=aj.blazing_inferno.bone.head] run data modify entity @s {} merge value {transformation:[-1f,-1.3122499283423556e-17f,1.2175959033757927e-16f,0f,0f,0.9942425066750106f,0.1071533383548624f,1.077390719050661f,-1.2246467991473532e-16f,0.1071533383548624f,-0.9942425066750106f,0f,0f,0f,0f,1f],start_interpolation:0}
execute if entity @s[tag=aj.blazing_inferno.bone.body] run data modify entity @s {} merge value {transformation:[-1f,0f,1.2246467991473532e-16f,0f,0f,1f,0f,0.32739071905066097f,-1.2246467991473532e-16f,0f,-1f,0f,0f,0f,0f,1f],start_interpolation:0}
execute if entity @s[tag=aj.blazing_inferno.bone.left_hand] run data modify entity @s {} merge value {transformation:[-0.9659258262890683f,-0.25298383773361044f,0.05464865920912322f,0.4759334642655841f,-0.2588190451025207f,0.9441485359155951f,-0.20395157273396441f,0.7087850521625154f,-1.1829179713786698e-16f,-0.21114620520864796f,-0.9774544900024693f,-0.1266328464559369f,0f,0f,0f,1f],start_interpolation:0}
execute if entity @s[tag=aj.blazing_inferno.bone.left_arm] run data modify entity @s {} merge value {transformation:[-0.9659258262890683f,-0.2366167551342417f,-0.10487997567468704f,0.28125f,-0.2588190451025207f,0.8830657520830741f,0.39141739791452046f,0.952390719050661f,-1.1829179713786698e-16f,0.40522510865899825f,-0.9142169388675223f,3.444319122601931e-17f,0f,0f,0f,1f],start_interpolation:0}
execute if entity @s[tag=aj.blazing_inferno.bone.right_hand] run data modify entity @s {} merge value {transformation:[-0.9659258262890683f,0.2529838377336105f,-0.054648659209122985f,-0.49072201146147415f,0.2588190451025207f,0.9441485359155951f,-0.20395157273396441f,0.6535934426573233f,-1.1829179713786698e-16f,-0.2111462052086479f,-0.9774544900024694f,-0.15195941574712443f,0f,0f,0f,1f],start_interpolation:0}
execute if entity @s[tag=aj.blazing_inferno.bone.right_arm] run data modify entity @s {} merge value {transformation:[-0.9659258262890683f,0.2366167551342416f,0.10487997567468726f,-0.28125f,0.2588190451025207f,0.8830657520830741f,0.39141739791452046f,0.952390719050661f,-1.1829179713786698e-16f,0.40522510865899836f,-0.9142169388675223f,-3.444319122601931e-17f,0f,0f,0f,1f],start_interpolation:0}
execute if entity @s[tag=aj.blazing_inferno.bone.bottom] run data modify entity @s {} merge value {transformation:[-1f,-4.3954448136870426e-18f,1.2238577487399591e-16f,0f,0f,0.9993556914467555f,0.03589153065804216f,0.577390719050661f,-1.2246467991473532e-16f,0.03589153065804216f,-0.9993556914467555f,0f,0f,0f,0f,1f],start_interpolation:0}