execute if entity @s[tag=aj.blazing_inferno.bone.helm] run data modify entity @s {} merge value {transformation:[-1.2291666666666665f,-2.029228997137545e-17f,1.49155469423896e-16f,0.49999999999999994f,0f,1.2179468359999297f,0.16569912227348924f,-0.18057753647242114f,-1.5052950239519548e-16f,0.16569912227348924f,-1.2179468359999297f,0.3353537982103293f,0f,0f,0f,1f],start_interpolation:0}
execute if entity @s[tag=aj.blazing_inferno.bone.head] run data modify entity @s {} merge value {transformation:[-1f,-1.6508981671627487e-17f,1.213468225821527e-16f,0f,0f,0.9908720021694344f,0.13480606557843194f,1.063485998892998f,-1.2246467991473532e-16f,0.13480606557843194f,-0.9908720021694344f,0f,0f,0f,0f,1f],start_interpolation:0}
execute if entity @s[tag=aj.blazing_inferno.bone.body] run data modify entity @s {} merge value {transformation:[-1f,0f,1.2246467991473532e-16f,0f,0f,1f,0f,0.31348599889299816f,-1.2246467991473532e-16f,0f,-1f,0f,0f,0f,0f,1f],start_interpolation:0}
execute if entity @s[tag=aj.blazing_inferno.bone.left_hand] run data modify entity @s {} merge value {transformation:[-0.9659258262890683f,-0.25018753494724927f,0.06628344789462605f,0.4766713555692424f,-0.25881904510252074f,0.9337125918435484f,-0.24737319524358825f,0.6921264841691366f,-1.1829179713786698e-16f,-0.25609957670761985f,-0.9666504056845876f,-0.11999472193602183f,0f,0f,0f,1f],start_interpolation:0}
execute if entity @s[tag=aj.blazing_inferno.bone.left_arm] run data modify entity @s {} merge value {transformation:[-0.9659258262890683f,-0.2389780073059483f,-0.09938214191623568f,0.28125f,-0.25881904510252074f,0.8918780651573651f,0.3708992029964126f,0.9384859988929981f,-1.1829179713786698e-16f,0.38398311019527f,-0.9233401166876521f,3.444319122601931e-17f,0f,0f,0f,1f],start_interpolation:0}
execute if entity @s[tag=aj.blazing_inferno.bone.right_hand] run data modify entity @s {} merge value {transformation:[-0.9659258262890683f,0.2501875349472493f,-0.06628344789462581f,-0.4916074810258641f,0.25881904510252074f,0.9337125918435484f,-0.24737319524358825f,0.6363841050968013f,-1.1829179713786698e-16f,-0.25609957670761974f,-0.9666504056845877f,-0.14399366632322635f,0f,0f,0f,1f],start_interpolation:0}
execute if entity @s[tag=aj.blazing_inferno.bone.right_arm] run data modify entity @s {} merge value {transformation:[-0.9659258262890683f,0.23897800730594818f,0.0993821419162359f,-0.28125f,0.25881904510252074f,0.8918780651573651f,0.3708992029964126f,0.9384859988929981f,-1.1829179713786698e-16f,0.3839831101952701f,-0.9233401166876521f,-3.444319122601931e-17f,0f,0f,0f,1f],start_interpolation:0}
execute if entity @s[tag=aj.blazing_inferno.bone.bottom] run data modify entity @s {} merge value {transformation:[-1f,-2.6464471494078022e-17f,1.1957102314171988e-16f,0f,0f,0.9763714993169449f,0.21609880916280202f,0.5634859988929981f,-1.2246467991473532e-16f,0.21609880916280202f,-0.9763714993169449f,0f,0f,0f,0f,1f],start_interpolation:0}