execute if entity @s[tag=aj.blazing_inferno.bone.body] run data modify entity @s {} merge value {transformation:[-1f,0f,1.2246467991473532e-16f,0f,0f,1f,0f,0.7259841782518531f,-1.2246467991473532e-16f,0f,-1f,0f,0f,0f,0f,1f],start_interpolation:0}
execute if entity @s[tag=aj.blazing_inferno.bone.left_hand] run data modify entity @s {} merge value {transformation:[-0.9779372448871523f,-0.2053291342709606f,0.03845376031110316f,0.7088676083974185f,-0.20889888717397692f,0.9612258379183048f,-0.18001706434593023f,1.0300231584520594f,-1.1976277167180323e-16f,-0.18407833967577647f,-0.9829115753017712f,-0.19009688068028344f,0f,0f,0f,1f],start_interpolation:0}
execute if entity @s[tag=aj.blazing_inferno.bone.left_arm] run data modify entity @s {} merge value {transformation:[-0.9779372448871523f,-0.19506705878791047f,-0.07475016814937495f,0.421875f,-0.20889888717397692f,0.9131850562727801f,0.34993471953716365f,1.4759841782518532f,-1.1976277167180323e-16f,0.3578294224570043f,-0.933786969508617f,5.1664786839028965e-17f,0f,0f,0f,1f],start_interpolation:0}
execute if entity @s[tag=aj.blazing_inferno.bone.right_hand] run data modify entity @s {} merge value {transformation:[-0.9779372448871523f,0.20532913427096067f,-0.038453760311102925f,-0.7088676083974185f,0.20889888717397692f,0.9612258379183048f,-0.18001706434593023f,1.0300231584520594f,-1.1976277167180323e-16f,-0.18407833967577647f,-0.9829115753017712f,-0.1900968806802836f,0f,0f,0f,1f],start_interpolation:0}
execute if entity @s[tag=aj.blazing_inferno.bone.right_arm] run data modify entity @s {} merge value {transformation:[-0.9779372448871523f,0.19506705878791036f,0.07475016814937517f,-0.421875f,0.20889888717397692f,0.9131850562727801f,0.34993471953716365f,1.4759841782518532f,-1.1976277167180323e-16f,0.3578294224570043f,-0.933786969508617f,-5.1664786839028965e-17f,0f,0f,0f,1f],start_interpolation:0}
execute if entity @s[tag=aj.blazing_inferno.bone.head] run data modify entity @s {} merge value {transformation:[-1f,-7.32688750177126e-18f,1.2224530480208623e-16f,0f,0f,0.9982086662635967f,0.05982857675268106f,1.6009841782518532f,-1.2246467991473532e-16f,0.05982857675268106f,-0.9982086662635967f,0f,0f,0f,0f,1f],start_interpolation:0}
execute if entity @s[tag=aj.blazing_inferno.bone.bottom] run data modify entity @s {} merge value {transformation:[-1f,3.058380705465122e-17f,1.1858426781265062e-16f,0f,0f,0.9683140305859093f,-0.2497357366707271f,0.8509841782518531f,-1.2246467991473532e-16f,-0.2497357366707271f,-0.9683140305859093f,0f,0f,0f,0f,1f],start_interpolation:0}