execute if entity @s[tag=aj.blazing_inferno.bone.helm] run data modify entity @s {} merge value {transformation:[-1.2291666666666665f,-1.1401587256295284e-17f,1.5009708491300636e-16f,0.49999999999999994f,0f,1.2256357099655983f,0.09310102524445017f,0.03316807685800649f,-1.5052950239519548e-16f,0.09310102524445017f,-1.2256357099655983f,0.4086186203430628f,0f,0f,0f,1f],start_interpolation:0}
execute if entity @s[tag=aj.blazing_inferno.bone.head] run data modify entity @s {} merge value {transformation:[-1f,-9.275867598341927e-18f,1.2211288264108994e-16f,0f,0f,0.9971273572601479f,0.07574320697853575f,1.2551284170937f,-1.2246467991473532e-16f,0.07574320697853575f,-0.9971273572601479f,0f,0f,0f,0f,1f],start_interpolation:0}
execute if entity @s[tag=aj.blazing_inferno.bone.body] run data modify entity @s {} merge value {transformation:[-1f,0f,1.2246467991473532e-16f,0f,0f,1f,0f,0.5051284170937002f,-1.2246467991473532e-16f,0f,-1f,0f,0f,0f,0f,1f],start_interpolation:0}
execute if entity @s[tag=aj.blazing_inferno.bone.left_hand] run data modify entity @s {} merge value {transformation:[-0.9659258262890683f,-0.23605553666527196f,0.10613708926407917f,0.4789587582936731f,-0.25881904510252074f,0.8809712562427332f,-0.3961090097010162f,0.8752321991848915f,-1.1829179713786698e-16f,-0.41008222258928867f,-0.9120485572140493f,-0.09602299198504022f,0f,0f,0f,1f],start_interpolation:0}
execute if entity @s[tag=aj.blazing_inferno.bone.left_arm] run data modify entity @s {} merge value {transformation:[-0.9659258262890683f,-0.24629769602412668f,-0.0795282530990563f,0.28125f,-0.25881904510252074f,0.9191955153491957f,0.2968034812028756f,1.1301284170937f,-1.1829179713786698e-16f,0.3072735743521288f,-0.9516212221807933f,3.444319122601931e-17f,0f,0f,0f,1f],start_interpolation:0}
execute if entity @s[tag=aj.blazing_inferno.bone.right_hand] run data modify entity @s {} merge value {transformation:[-0.9659258262890683f,0.2360555366652721f,-0.10613708926407894f,-0.49435236429518103f,0.25881904510252074f,0.8809712562427332f,-0.3961090097010162f,0.8177824794755667f,-1.1829179713786698e-16f,-0.4100822225892886f,-0.9120485572140493f,-0.1152275903820484f,0f,0f,0f,1f],start_interpolation:0}
execute if entity @s[tag=aj.blazing_inferno.bone.right_arm] run data modify entity @s {} merge value {transformation:[-0.9659258262890683f,0.24629769602412663f,0.07952825309905652f,-0.28125f,0.25881904510252074f,0.9191955153491957f,0.2968034812028756f,1.1301284170937f,-1.1829179713786698e-16f,0.30727357435212893f,-0.9516212221807933f,-3.444319122601931e-17f,0f,0f,0f,1f],start_interpolation:0}
execute if entity @s[tag=aj.blazing_inferno.bone.bottom] run data modify entity @s {} merge value {transformation:[-1f,2.4457418839474884e-17f,1.19997635353073e-16f,0f,0f,0.9798550523842469f,-0.19970998051440703f,0.7551284170937002f,-1.2246467991473532e-16f,-0.19970998051440703f,-0.9798550523842469f,0f,0f,0f,0f,1f],start_interpolation:0}