execute if entity @s[tag=aj.blazing_inferno.bone.body] run data modify entity @s {} merge value {transformation:[-1f,0f,1.2246467991473532e-16f,0f,0f,1f,0f,0.6857489329011851f,-1.2246467991473532e-16f,0f,-1f,0f,0f,0f,0f,1f],start_interpolation:0}
execute if entity @s[tag=aj.blazing_inferno.bone.left_hand] run data modify entity @s {} merge value {transformation:[-0.9838225642458326f,-0.17766161312991227f,0.023011156008162066f,0.6946077283429981f,-0.1791456448835823f,0.9756726372617481f,-0.12637144779557802f,0.9846042109365976f,-1.1354462151935278e-16f,-0.12844943020030275f,-0.9917160601105628f,-0.1986658280482064f,0f,0f,0f,1f],start_interpolation:0}
execute if entity @s[tag=aj.blazing_inferno.bone.left_arm] run data modify entity @s {} merge value {transformation:[-0.9838225642458326f,-0.16614776008829085f,-0.06699316307205039f,0.421875f,-0.1791456448835823f,0.9124414689510759f,0.3679095047122977f,1.435748932901185f,-1.1354462151935278e-16f,0.37395920573780045f,-0.9274451533346613f,5.1664786839028965e-17f,0f,0f,0f,1f],start_interpolation:0}
execute if entity @s[tag=aj.blazing_inferno.bone.right_hand] run data modify entity @s {} merge value {transformation:[-0.9838225642458326f,0.1776616131299123f,-0.023011156008161816f,-0.6946077283429981f,0.1791456448835823f,0.9756726372617481f,-0.12637144779557802f,0.9846042109365976f,-1.2742240932716724e-16f,-0.12844943020030275f,-0.9917160601105628f,-0.19866582804820657f,0f,0f,0f,1f],start_interpolation:0}
execute if entity @s[tag=aj.blazing_inferno.bone.right_arm] run data modify entity @s {} merge value {transformation:[-0.9838225642458326f,0.16614776008829074f,0.06699316307205061f,-0.421875f,0.1791456448835823f,0.9124414689510759f,0.3679095047122977f,1.435748932901185f,-1.2742240932716724e-16f,0.37395920573780045f,-0.9274451533346613f,-5.1664786839028965e-17f,0f,0f,0f,1f],start_interpolation:0}
execute if entity @s[tag=aj.blazing_inferno.bone.head] run data modify entity @s {} merge value {transformation:[-1f,-8.364795115375147e-18f,1.2217867256316206e-16f,0f,0f,0.9976645727423419f,0.0683037355848155f,1.560748932901185f,-1.2246467991473532e-16f,0.0683037355848155f,-0.9976645727423419f,0f,0f,0f,0f,1f],start_interpolation:0}
execute if entity @s[tag=aj.blazing_inferno.bone.bottom] run data modify entity @s {} merge value {transformation:[-1f,2.3702973652515897e-17f,1.2014893618607997e-16f,0f,0f,0.9810905174433341f,-0.1935494680508603f,0.8107489329011851f,-1.2246467991473532e-16f,-0.1935494680508603f,-0.9810905174433341f,0f,0f,0f,0f,1f],start_interpolation:0}