execute if entity @s[tag=aj.blazing_inferno.bone.helm] run data modify entity @s {} merge value {transformation:[-1.2291666666666665f,-1.652336220685663e-17f,1.4961988368103413e-16f,0.49999999999999994f,0f,1.2217390661961092f,0.13492349155985903f,-0.011831462704953832f,-1.5052950239519548e-16f,0.13492349155985903f,-1.2217390661961092f,0.3666287893185536f,0f,0f,0f,1f],start_interpolation:0}
execute if entity @s[tag=aj.blazing_inferno.bone.head] run data modify entity @s {} merge value {transformation:[-1f,-1.344273535473082e-17f,1.2172465113033287e-16f,0f,0f,0.9939572063968347f,0.10976826431988533f,1.22337685205123f,-1.2246467991473532e-16f,0.10976826431988533f,-0.9939572063968347f,0f,0f,0f,0f,1f],start_interpolation:0}
execute if entity @s[tag=aj.blazing_inferno.bone.body] run data modify entity @s {} merge value {transformation:[-1f,0f,1.2246467991473532e-16f,0f,0f,1f,0f,0.47337685205123003f,-1.2246467991473532e-16f,0f,-1f,0f,0f,0f,0f,1f],start_interpolation:0}
execute if entity @s[tag=aj.blazing_inferno.bone.left_hand] run data modify entity @s {} merge value {transformation:[-0.9659258262890683f,-0.2271738131251822f,0.12401353449501162f,0.47985988001268043f,-0.2588190451025207f,0.8478242127323378f,-0.46282481156157873f,0.8401176021032825f,-1.1135290323395976e-16f,-0.47915150311248766f,-0.8777322126167203f,-0.08448387643611176f,0f,0f,0f,1f],start_interpolation:0}
execute if entity @s[tag=aj.blazing_inferno.bone.left_arm] run data modify entity @s {} merge value {transformation:[-0.9659258262890683f,-0.24918128552494997f,-0.0699713159224121f,0.28125f,-0.2588190451025207f,0.9299572178744406f,0.2611365060948955f,1.09837685205123f,-1.1135290323395976e-16f,0.27034840459555776f,-0.9627625564658383f,3.444319122601931e-17f,0f,0f,0f,1f],start_interpolation:0}
execute if entity @s[tag=aj.blazing_inferno.bone.right_hand] run data modify entity @s {} merge value {transformation:[-0.9659258262890683f,0.2271738131251823f,-0.1240135344950114f,-0.4954337103579898f,0.2588190451025207f,0.8478242127323378f,-0.46282481156157873f,0.78199527598613f,-1.2523069104177421e-16f,-0.4791515031124876f,-0.8777322126167204f,-0.10138065172333424f,0f,0f,0f,1f],start_interpolation:0}
execute if entity @s[tag=aj.blazing_inferno.bone.right_arm] run data modify entity @s {} merge value {transformation:[-0.9659258262890683f,0.24918128552494992f,0.06997131592241232f,-0.28125f,0.2588190451025207f,0.9299572178744406f,0.2611365060948955f,1.09837685205123f,-1.2523069104177421e-16f,0.27034840459555787f,-0.9627625564658383f,-3.444319122601931e-17f,0f,0f,0f,1f],start_interpolation:0}
execute if entity @s[tag=aj.blazing_inferno.bone.bottom] run data modify entity @s {} merge value {transformation:[-1f,5.896975566770154e-18f,1.223226205809191e-16f,0f,0f,0.9988399975085459f,-0.04815245972043415f,0.72337685205123f,-1.2246467991473532e-16f,-0.04815245972043415f,-0.9988399975085459f,0f,0f,0f,0f,1f],start_interpolation:0}