execute if entity @s[tag=aj.blazing_inferno.bone.body] run data modify entity @s {} merge value {transformation:[-1f,0f,1.2246467991473532e-16f,0f,0f,1f,0f,0.608640719050661f,-1.2246467991473532e-16f,0f,-1f,0f,0f,0f,0f,1f],start_interpolation:0}
execute if entity @s[tag=aj.blazing_inferno.bone.left_hand] run data modify entity @s {} merge value {transformation:[-0.9659258262890683f,-0.25298383773361044f,0.05464865920912322f,0.7286887435942662f,-0.2588190451025207f,0.9441485359155951f,-0.20395157273396441f,0.9380406092132506f,-1.1829179713786698e-16f,-0.21114620520864796f,-0.9774544900024693f,-0.21527583897509273f,0f,0f,0f,1f],start_interpolation:0}
execute if entity @s[tag=aj.blazing_inferno.bone.left_arm] run data modify entity @s {} merge value {transformation:[-0.9659258262890683f,-0.2366167551342417f,-0.10487997567468704f,0.421875f,-0.2588190451025207f,0.8830657520830741f,0.39141739791452046f,1.358640719050661f,-1.1829179713786698e-16f,0.40522510865899825f,-0.9142169388675223f,5.1664786839028965e-17f,0f,0f,0f,1f],start_interpolation:0}
execute if entity @s[tag=aj.blazing_inferno.bone.right_hand] run data modify entity @s {} merge value {transformation:[-0.9659258262890683f,0.2529838377336105f,-0.054648659209122985f,-0.7286887435942662f,0.2588190451025207f,0.9441485359155951f,-0.20395157273396441f,0.9380406092132506f,-1.1829179713786698e-16f,-0.2111462052086479f,-0.9774544900024694f,-0.21527583897509295f,0f,0f,0f,1f],start_interpolation:0}
execute if entity @s[tag=aj.blazing_inferno.bone.right_arm] run data modify entity @s {} merge value {transformation:[-0.9659258262890683f,0.2366167551342416f,0.10487997567468726f,-0.421875f,0.2588190451025207f,0.8830657520830741f,0.39141739791452046f,1.358640719050661f,-1.1829179713786698e-16f,0.40522510865899836f,-0.9142169388675223f,-5.1664786839028965e-17f,0f,0f,0f,1f],start_interpolation:0}
execute if entity @s[tag=aj.blazing_inferno.bone.head] run data modify entity @s {} merge value {transformation:[-1f,-1.2949446014040762e-17f,1.217781165667626e-16f,0f,0f,0.9943937848165632f,0.1057402511732907f,1.483640719050661f,-1.2246467991473532e-16f,0.1057402511732907f,-0.9943937848165632f,0f,0f,0f,0f,1f],start_interpolation:0}
execute if entity @s[tag=aj.blazing_inferno.bone.bottom] run data modify entity @s {} merge value {transformation:[-1f,-4.3954448136870426e-18f,1.2238577487399591e-16f,0f,0f,0.9993556914467555f,0.03589153065804216f,0.733640719050661f,-1.2246467991473532e-16f,0.03589153065804216f,-0.9993556914467555f,0f,0f,0f,0f,1f],start_interpolation:0}