execute if entity @s[tag=aj.blazing_inferno.bone.helm] run data modify entity @s {} merge value {transformation:[-1.2291666666666665f,-9.41924068327627e-18f,1.5023451333264163e-16f,0.49999999999999994f,0f,1.2267578981730958f,0.07691393706197013f,0.0261027368438691f,-1.5052950239519548e-16f,0.07691393706197013f,-1.2267578981730958f,0.42471347701054246f,0f,0f,0f,1f],start_interpolation:0}
execute if entity @s[tag=aj.blazing_inferno.bone.head] run data modify entity @s {} merge value {transformation:[-1f,-7.663111064360357e-18f,1.222246888129966e-16f,0f,0f,0.9980403239374339f,0.06257405049109435f,1.2425626467651192f,-1.2246467991473532e-16f,0.06257405049109435f,-0.9980403239374339f,0f,0f,0f,0f,1f],start_interpolation:0}
execute if entity @s[tag=aj.blazing_inferno.bone.body] run data modify entity @s {} merge value {transformation:[-1f,0f,1.2246467991473532e-16f,0f,0f,1f,0f,0.4925626467651193f,-1.2246467991473532e-16f,0f,-1f,0f,0f,0f,0f,1f],start_interpolation:0}
execute if entity @s[tag=aj.blazing_inferno.bone.left_hand] run data modify entity @s {} merge value {transformation:[-0.9659258262890683f,-0.24077666030837674f,0.09494155022183508f,0.4783541995238448f,-0.2588190451025208f,0.8985907295476149f,-0.3543266891772402f,0.8649226729014714f,-1.2523069104177421e-16f,-0.366825981388764f,-0.9302895782379647f,-0.10297683300742817f,0f,0f,0f,1f],start_interpolation:0}
execute if entity @s[tag=aj.blazing_inferno.bone.left_arm] run data modify entity @s {} merge value {transformation:[-0.9659258262890683f,-0.24436310796067595f,-0.08528756987732569f,0.28125f,-0.2588190451025208f,0.9119755344046812f,0.3182975440362608f,1.1175626467651192f,-1.2523069104177421e-16f,0.3295258656237703f,-0.9441465478859227f,3.444319122601931e-17f,0f,0f,0f,1f],start_interpolation:0}
execute if entity @s[tag=aj.blazing_inferno.bone.right_hand] run data modify entity @s {} merge value {transformation:[-0.9659258262890683f,0.24077666030837688f,-0.09494155022183488f,-0.493626893771387f,0.2588190451025208f,0.8985907295476149f,-0.3543266891772402f,0.8079242020011789f,-1.1135290323395976e-16f,-0.36682598138876393f,-0.9302895782379648f,-0.12357219960891394f,0f,0f,0f,1f],start_interpolation:0}
execute if entity @s[tag=aj.blazing_inferno.bone.right_arm] run data modify entity @s {} merge value {transformation:[-0.9659258262890683f,0.2443631079606759f,0.08528756987732591f,-0.28125f,0.2588190451025208f,0.9119755344046812f,0.3182975440362608f,1.1175626467651192f,-1.1135290323395976e-16f,0.3295258656237704f,-0.9441465478859227f,-3.444319122601931e-17f,0f,0f,0f,1f],start_interpolation:0}
execute if entity @s[tag=aj.blazing_inferno.bone.bottom] run data modify entity @s {} merge value {transformation:[-1f,3.095232146727153e-17f,1.1848861389350985e-16f,0f,0f,0.9675329570616299f,-0.2527448852095293f,0.7425626467651193f,-1.2246467991473532e-16f,-0.2527448852095293f,-0.9675329570616299f,0f,0f,0f,0f,1f],start_interpolation:0}