execute if entity @s[tag=aj.blazing_inferno.bone.helm] run data modify entity @s {} merge value {transformation:[-1.2291666666666665f,-2.1294170931580108e-17f,1.490157353291316e-16f,0.49999999999999994f,0f,1.21680582052623f,0.17388010115574498f,-0.19674189238345452f,-1.5052950239519548e-16f,0.17388010115574498f,-1.21680582052623f,0.32698599875850953f,0f,0f,0f,1f],start_interpolation:0}
execute if entity @s[tag=aj.blazing_inferno.bone.head] run data modify entity @s {} merge value {transformation:[-1f,-1.732407126637026e-17f,1.2123314060675116e-16f,0f,0f,0.9899437183942211f,0.14146177721145356f,1.0495471618154097f,-1.2246467991473532e-16f,0.14146177721145356f,-0.9899437183942211f,0f,0f,0f,0f,1f],start_interpolation:0}
execute if entity @s[tag=aj.blazing_inferno.bone.body] run data modify entity @s {} merge value {transformation:[-1f,0f,1.2246467991473532e-16f,0f,0f,1f,0f,0.29954716181540975f,-1.2246467991473532e-16f,0f,-1f,0f,0f,0f,0f,1f],start_interpolation:0}
execute if entity @s[tag=aj.blazing_inferno.bone.left_hand] run data modify entity @s {} merge value {transformation:[-0.9659258262890683f,-0.2547913217112816f,0.04548274934960375f,0.4753298914259674f,-0.25881904510252074f,0.9508941579541301f,-0.16974393144064104f,0.6831940594307824f,-1.2523069104177421e-16f,-0.175731848989658f,-0.9844380718210142f,-0.131768454925298f,0f,0f,0f,1f],start_interpolation:0}
execute if entity @s[tag=aj.blazing_inferno.bone.left_arm] run data modify entity @s {} merge value {transformation:[-0.9659258262890683f,-0.23468532204746825f,-0.1091333941708805f,0.28125f,-0.25881904510252074f,0.8758575456718158f,0.40729137184816766f,0.9245471618154097f,-1.2523069104177421e-16f,0.4216590557609538f,-0.9067544544664674f,3.444319122601931e-17f,0f,0f,0f,1f],start_interpolation:0}
execute if entity @s[tag=aj.blazing_inferno.bone.right_hand] run data modify entity @s {} merge value {transformation:[-0.9659258262890683f,0.2547913217112816f,-0.045482749349603516f,-0.4899977240539341f,0.25881904510252074f,0.9508941579541301f,-0.16974393144064104f,0.6284529628262939f,-1.1135290323395976e-16f,-0.17573184898965788f,-0.9844380718210142f,-0.15812214591035778f,0f,0f,0f,1f],start_interpolation:0}
execute if entity @s[tag=aj.blazing_inferno.bone.right_arm] run data modify entity @s {} merge value {transformation:[-0.9659258262890683f,0.23468532204746814f,0.10913339417088072f,-0.28125f,0.25881904510252074f,0.8758575456718158f,0.40729137184816766f,0.9245471618154097f,-1.1135290323395976e-16f,0.4216590557609539f,-0.9067544544664674f,-3.444319122601931e-17f,0f,0f,0f,1f],start_interpolation:0}
execute if entity @s[tag=aj.blazing_inferno.bone.bottom] run data modify entity @s {} merge value {transformation:[-1f,-2.883815148017784e-17f,1.190208336629554e-16f,0f,0f,0.9718788612832886f,0.23548137716324483f,0.5495471618154097f,-1.2246467991473532e-16f,0.23548137716324483f,-0.9718788612832886f,0f,0f,0f,0f,1f],start_interpolation:0}