execute if entity @s[tag=aj.blazing_inferno.bone.body] run data modify entity @s {} merge value {transformation:[-1f,0f,1.2246467991473532e-16f,0f,0f,1f,0f,0.7618444449602869f,-1.2246467991473532e-16f,0f,-1f,0f,0f,0f,0f,1f],start_interpolation:0}
execute if entity @s[tag=aj.blazing_inferno.bone.left_hand] run data modify entity @s {} merge value {transformation:[-0.9341381826584216f,-0.317873701154335f,0.16230269811086231f,0.7793735300630544f,-0.35691155164777333f,0.831965118921836f,-0.4247919316533142f,1.1015102136920047f,-1.1439893353539617e-16f,-0.45474207086195545f,-0.8906231801318558f,-0.1456139833677502f,0f,0f,0f,1f],start_interpolation:0}
execute if entity @s[tag=aj.blazing_inferno.bone.left_arm] run data modify entity @s {} merge value {transformation:[-0.9341381826584216f,-0.34324258035689487f,-0.09782835340309978f,0.421875f,-0.35691155164777333f,0.8983626300277449f,0.2560443892570426f,1.5118444449602868f,-1.1439893353539617e-16f,0.2740969098687064f,-0.9617020765291225f,5.1664786839028965e-17f,0f,0f,0f,1f],start_interpolation:0}
execute if entity @s[tag=aj.blazing_inferno.bone.right_hand] run data modify entity @s {} merge value {transformation:[-0.9341381826584216f,0.3178737011543351f,-0.16230269811086212f,-0.7793735300630544f,0.35691155164777333f,0.831965118921836f,-0.4247919316533142f,1.1015102136920047f,-1.1439893353539617e-16f,-0.4547420708619554f,-0.8906231801318559f,-0.14561398336775042f,0f,0f,0f,1f],start_interpolation:0}
execute if entity @s[tag=aj.blazing_inferno.bone.right_arm] run data modify entity @s {} merge value {transformation:[-0.9341381826584216f,0.34324258035689476f,0.0978283534031f,-0.421875f,0.35691155164777333f,0.8983626300277449f,0.2560443892570426f,1.5118444449602868f,-1.1439893353539617e-16f,0.2740969098687065f,-0.9617020765291225f,-5.1664786839028965e-17f,0f,0f,0f,1f],start_interpolation:0}
execute if entity @s[tag=aj.blazing_inferno.bone.head] run data modify entity @s {} merge value {transformation:[-1f,-1.3109013567453529e-17f,1.217610429895658e-16f,0f,0f,0.9942543684786552f,0.10704321912718455f,1.6368444449602868f,-1.2246467991473532e-16f,0.10704321912718455f,-0.9942543684786552f,0f,0f,0f,0f,1f],start_interpolation:0}
execute if entity @s[tag=aj.blazing_inferno.bone.bottom] run data modify entity @s {} merge value {transformation:[-1f,8.00957328659154e-18f,1.2220247363447802e-16f,0f,0f,0.9978589232386035f,-0.06540312923014306f,0.8868444449602869f,-1.2246467991473532e-16f,-0.06540312923014306f,-0.9978589232386035f,0f,0f,0f,0f,1f],start_interpolation:0}