execute if entity @s[tag=aj.blazing_inferno.bone.body] run data modify entity @s {} merge value {transformation:[-1f,0f,1.2246467991473532e-16f,0f,0f,1f,0f,0.7466607666278301f,-1.2246467991473532e-16f,0f,-1f,0f,0f,0f,0f,1f],start_interpolation:0}
execute if entity @s[tag=aj.blazing_inferno.bone.left_hand] run data modify entity @s {} merge value {transformation:[-0.9294036875089614f,-0.32453633204062643f,0.17574115861220768f,0.7850902261433959f,-0.3690647445161145f,0.8172692412672895f,-0.442563217669119f,1.0900286708587346f,-1.207580190062669e-16f,-0.47617975226169074f,-0.8793479649922407f,-0.14180215332650947f,0f,0f,0f,1f],start_interpolation:0}
execute if entity @s[tag=aj.blazing_inferno.bone.left_arm] run data modify entity @s {} merge value {transformation:[-0.9294036875089614f,-0.3556744183255824f,-0.0985113891562976f,0.421875f,-0.3690647445161145f,0.8956832665710437f,0.2480780126086949f,1.49666076662783f,-1.207580190062669e-16f,0.2669217003793121f,-0.9637182191214487f,5.1664786839028965e-17f,0f,0f,0f,1f],start_interpolation:0}
execute if entity @s[tag=aj.blazing_inferno.bone.right_hand] run data modify entity @s {} merge value {transformation:[-0.9294036875089614f,0.3245363320406266f,-0.1757411586122074f,-0.7850902261433959f,0.3690647445161145f,0.8172692412672895f,-0.442563217669119f,1.0900286708587346f,-1.0688023119845243e-16f,-0.4761797522616906f,-0.8793479649922407f,-0.1418021533265097f,0f,0f,0f,1f],start_interpolation:0}
execute if entity @s[tag=aj.blazing_inferno.bone.right_arm] run data modify entity @s {} merge value {transformation:[-0.9294036875089614f,0.3556744183255823f,0.09851138915629785f,-0.421875f,0.3690647445161145f,0.8956832665710437f,0.2480780126086949f,1.49666076662783f,-1.0688023119845243e-16f,0.26692170037931223f,-0.9637182191214487f,-5.1664786839028965e-17f,0f,0f,0f,1f],start_interpolation:0}
execute if entity @s[tag=aj.blazing_inferno.bone.head] run data modify entity @s {} merge value {transformation:[-1f,-1.401072583345424e-17f,1.21660582721925e-16f,0f,0f,0.9934340481404911f,0.11440625854906944f,1.62166076662783f,-1.2246467991473532e-16f,0.11440625854906944f,-0.9934340481404911f,0f,0f,0f,0f,1f],start_interpolation:0}
execute if entity @s[tag=aj.blazing_inferno.bone.bottom] run data modify entity @s {} merge value {transformation:[-1f,3.9909099644532626e-18f,1.2239963424893968e-16f,0f,0f,0.9994688618315016f,-0.03258825293326933f,0.8716607666278301f,-1.2246467991473532e-16f,-0.03258825293326933f,-0.9994688618315016f,0f,0f,0f,0f,1f],start_interpolation:0}