execute if entity @s[tag=aj.blazing_inferno.bone.body] run data modify entity @s {} merge value {transformation:[-1f,0f,1.2246467991473532e-16f,0f,0f,1f,0f,0.6162180425030466f,-1.2246467991473532e-16f,0f,-1f,0f,0f,0f,0f,1f],start_interpolation:0}
execute if entity @s[tag=aj.blazing_inferno.bone.left_hand] run data modify entity @s {} merge value {transformation:[-0.9918406441596638f,-0.12741981053220486f,0.0040408510094102484f,0.669872462106157f,-0.12748386797137604f,0.9913422691672684f,-0.03143833280165659f,0.907540693785782f,-1.179960000614845e-16f,-0.03169695957387658f,-0.9994975251363918f,-0.2132959471312241f,0f,0f,0f,1f],start_interpolation:0}
execute if entity @s[tag=aj.blazing_inferno.bone.left_arm] run data modify entity @s {} merge value {transformation:[-0.9918406441596638f,-0.11675734837876722f,-0.05118455033017699f,0.421875f,-0.12748386797137604f,0.9083869627518074f,0.3982222863045251f,1.3662180425030466f,-1.179960000614845e-16f,0.40149825342348083f,-0.9158597886673999f,5.1664786839028965e-17f,0f,0f,0f,1f],start_interpolation:0}
execute if entity @s[tag=aj.blazing_inferno.bone.right_hand] run data modify entity @s {} merge value {transformation:[-0.9918406441596638f,0.12741981053220486f,-0.004040851009410006f,-0.669872462106157f,0.12748386797137604f,0.9913422691672684f,-0.03143833280165659f,0.907540693785782f,-1.2493489396539174e-16f,-0.03169695957387658f,-0.9994975251363918f,-0.21329594713122427f,0f,0f,0f,1f],start_interpolation:0}
execute if entity @s[tag=aj.blazing_inferno.bone.right_arm] run data modify entity @s {} merge value {transformation:[-0.9918406441596638f,0.11675734837876711f,0.051184550330177214f,-0.421875f,0.12748386797137604f,0.9083869627518074f,0.3982222863045251f,1.3662180425030466f,-1.2493489396539174e-16f,0.40149825342348083f,-0.9158597886673999f,-5.1664786839028965e-17f,0f,0f,0f,1f],start_interpolation:0}
execute if entity @s[tag=aj.blazing_inferno.bone.head] run data modify entity @s {} merge value {transformation:[-1f,-1.221758341586184e-17f,1.2185371755549781e-16f,0f,0f,0.9950111137377496f,0.099764139541035f,1.4912180425030466f,-1.2246467991473532e-16f,0.099764139541035f,-0.9950111137377496f,0f,0f,0f,0f,1f],start_interpolation:0}
execute if entity @s[tag=aj.blazing_inferno.bone.bottom] run data modify entity @s {} merge value {transformation:[-1f,0f,1.2246467991473532e-16f,0f,0f,1f,0f,0.7412180425030466f,-1.2246467991473532e-16f,0f,-1f,0f,0f,0f,0f,1f],start_interpolation:0}