execute if entity @s[tag=aj.blazing_inferno.bone.body] run data modify entity @s {} merge value {transformation:[-1f,0f,1.2246467991473532e-16f,0f,0f,1f,0f,0.7861414400257409f,-1.2246467991473532e-16f,0f,-1f,0f,0f,0f,0f,1f],start_interpolation:0}
execute if entity @s[tag=aj.blazing_inferno.bone.left_hand] run data modify entity @s {} merge value {transformation:[-0.9659258262890683f,-0.23485734860089574f,0.10876269542420317f,0.7340652702897387f,-0.2588190451025207f,0.8764995575094586f,-0.405907905291265f,1.0954758593925766f,-1.1829179713786698e-16f,-0.4202267857881986f,-0.9074191140295201f,-0.16041787207682343f,0f,0f,0f,1f],start_interpolation:0}
execute if entity @s[tag=aj.blazing_inferno.bone.left_arm] run data modify entity @s {} merge value {transformation:[-0.9659258262890683f,-0.24673727597277814f,-0.07815378911680328f,0.421875f,-0.2588190451025207f,0.9208360500515518f,0.29167391178793384f,1.536141440025741f,-1.1829179713786698e-16f,0.30196305332107953f,-0.9533196286812785f,5.1664786839028965e-17f,0f,0f,0f,1f],start_interpolation:0}
execute if entity @s[tag=aj.blazing_inferno.bone.right_hand] run data modify entity @s {} merge value {transformation:[-0.9659258262890683f,0.23485734860089585f,-0.10876269542420294f,-0.7340652702897387f,0.2588190451025207f,0.8764995575094586f,-0.405907905291265f,1.0954758593925766f,-1.1829179713786698e-16f,-0.4202267857881985f,-0.9074191140295202f,-0.16041787207682365f,0f,0f,0f,1f],start_interpolation:0}
execute if entity @s[tag=aj.blazing_inferno.bone.right_arm] run data modify entity @s {} merge value {transformation:[-0.9659258262890683f,0.2467372759727781f,0.0781537891168035f,-0.421875f,0.2588190451025207f,0.9208360500515518f,0.29167391178793384f,1.536141440025741f,-1.1829179713786698e-16f,0.30196305332107964f,-0.9533196286812785f,-5.1664786839028965e-17f,0f,0f,0f,1f],start_interpolation:0}
execute if entity @s[tag=aj.blazing_inferno.bone.head] run data modify entity @s {} merge value {transformation:[-1f,-9.857085103674477e-18f,1.2206734084052744e-16f,0f,0f,0.9967554802373669f,0.08048920807646223f,1.661141440025741f,-1.2246467991473532e-16f,0.08048920807646223f,-0.9967554802373669f,0f,0f,0f,0f,1f],start_interpolation:0}
execute if entity @s[tag=aj.blazing_inferno.bone.bottom] run data modify entity @s {} merge value {transformation:[-1f,2.2270127112638362e-17f,1.204227522730049e-16f,0f,0f,0.9833263954704974f,-0.1818493881512914f,0.9111414400257409f,-1.2246467991473532e-16f,-0.1818493881512914f,-0.9833263954704974f,0f,0f,0f,0f,1f],start_interpolation:0}