execute if entity @s[tag=aj.blazing_inferno.bone.body] run data modify entity @s {} merge value {transformation:[-1f,0f,1.2246467991473532e-16f,0f,0f,1f,0f,0.7587592525905043f,-1.2246467991473532e-16f,0f,-1f,0f,0f,0f,0f,1f],start_interpolation:0}
execute if entity @s[tag=aj.blazing_inferno.bone.left_hand] run data modify entity @s {} merge value {transformation:[-0.9708545512639866f,-0.23258324217279552f,0.05784873162303604f,0.7236067645609443f,-0.23966943962466988f,0.9421497357560884f,-0.2343340246842731f,1.0688297519832297f,-1.1195649796040088e-16f,-0.24136882747182486f,-0.9704334542486035f,-0.18111540312842794f,0f,0f,0f,1f],start_interpolation:0}
execute if entity @s[tag=aj.blazing_inferno.bone.left_arm] run data modify entity @s {} merge value {transformation:[-0.9708545512639866f,-0.22531112696272335f,-0.08170885115329216f,0.421875f,-0.23966943962466988f,0.9126918033635767f,0.3309867546941102f,1.5087592525905043f,-1.1195649796040088e-16f,0.34092311177115864f,-0.9400911827372226f,5.1664786839028965e-17f,0f,0f,0f,1f],start_interpolation:0}
execute if entity @s[tag=aj.blazing_inferno.bone.right_hand] run data modify entity @s {} merge value {transformation:[-0.9708545512639866f,0.23258324217279552f,-0.057848731623035776f,-0.7236067645609442f,0.23966943962466988f,0.9421497357560884f,-0.2343340246842731f,1.0688297519832297f,-1.2583428576821534e-16f,-0.24136882747182486f,-0.9704334542486035f,-0.1811154031284281f,0f,0f,0f,1f],start_interpolation:0}
execute if entity @s[tag=aj.blazing_inferno.bone.right_arm] run data modify entity @s {} merge value {transformation:[-0.9708545512639866f,0.22531112696272323f,0.08170885115329238f,-0.421875f,0.23966943962466988f,0.9126918033635767f,0.3309867546941102f,1.5087592525905043f,-1.2583428576821534e-16f,0.34092311177115864f,-0.9400911827372226f,-5.1664786839028965e-17f,0f,0f,0f,1f],start_interpolation:0}
execute if entity @s[tag=aj.blazing_inferno.bone.head] run data modify entity @s {} merge value {transformation:[-1f,-7.256940151196125e-18f,1.222494770797018e-16f,0f,0f,0.9982427354957907f,0.05925741329049885f,1.6337592525905043f,-1.2246467991473532e-16f,0.05925741329049885f,-0.9982427354957907f,0f,0f,0f,0f,1f],start_interpolation:0}
execute if entity @s[tag=aj.blazing_inferno.bone.bottom] run data modify entity @s {} merge value {transformation:[-1f,3.222234410295991e-17f,1.181495593183869e-16f,0f,0f,0.9647643663515653f,-0.26311540703323083f,0.8837592525905043f,-1.2246467991473532e-16f,-0.26311540703323083f,-0.9647643663515653f,0f,0f,0f,0f,1f],start_interpolation:0}