execute if entity @s[tag=aj.blazing_inferno.bone.helm] run data modify entity @s {} merge value {transformation:[-1.2291666666666665f,-1.5336394604944658e-17f,1.4974620560089858e-16f,0.49999999999999994f,0f,1.2227705629505399f,0.12523116555420266f,0.004751116424071f,-1.5052950239519548e-16f,0.12523116555420266f,-1.2227705629505399f,0.3764121538003968f,0f,0f,0f,1f],start_interpolation:0}
execute if entity @s[tag=aj.blazing_inferno.bone.head] run data modify entity @s {} merge value {transformation:[-1f,-1.2477066797243112e-17f,1.218274215058158e-16f,0f,0f,0.9947963901970495f,0.10188298214579201f,1.2370133208559633f,-1.2246467991473532e-16f,0.10188298214579201f,-0.9947963901970495f,0f,0f,0f,0f,1f],start_interpolation:0}
execute if entity @s[tag=aj.blazing_inferno.bone.body] run data modify entity @s {} merge value {transformation:[-1f,0f,1.2246467991473532e-16f,0f,0f,1f,0f,0.4870133208559634f,-1.2246467991473532e-16f,0f,-1f,0f,0f,0f,0f,1f],start_interpolation:0}
execute if entity @s[tag=aj.blazing_inferno.bone.left_hand] run data modify entity @s {} merge value {transformation:[-0.9659258262890683f,-0.22915410794661106f,0.1203149737936785f,0.4796801029546917f,-0.2588190451025207f,0.855214773619876f,-0.4490215951093261f,0.8544250080224647f,-1.1135290323395976e-16f,-0.4648613619064259f,-0.8853834842634589f,-0.08691953366753709f,0f,0f,0f,1f],start_interpolation:0}
execute if entity @s[tag=aj.blazing_inferno.bone.left_arm] run data modify entity @s {} merge value {transformation:[-0.9659258262890683f,-0.24860599893938615f,-0.07198857825468266f,0.28125f,-0.2588190451025207f,0.9278102191082037f,0.26866503161112415f,1.1120133208559633f,-1.1135290323395976e-16f,0.2781425077361188f,-0.9605398197837833f,3.444319122601931e-17f,0f,0f,0f,1f],start_interpolation:0}
execute if entity @s[tag=aj.blazing_inferno.bone.right_hand] run data modify entity @s {} merge value {transformation:[-0.9659258262890683f,0.2291541079466112f,-0.12031497379367832f,-0.4952179778884033f,0.2588190451025207f,0.855214773619876f,-0.4490215951093261f,0.796436869328202f,-1.2523069104177421e-16f,-0.46486136190642585f,-0.885383484263459f,-0.10430344040104464f,0f,0f,0f,1f],start_interpolation:0}
execute if entity @s[tag=aj.blazing_inferno.bone.right_arm] run data modify entity @s {} merge value {transformation:[-0.9659258262890683f,0.2486059989393861f,0.07198857825468288f,-0.28125f,0.2588190451025207f,0.9278102191082037f,0.26866503161112415f,1.1120133208559633f,-1.2523069104177421e-16f,0.2781425077361189f,-0.9605398197837833f,-3.444319122601931e-17f,0f,0f,0f,1f],start_interpolation:0}
execute if entity @s[tag=aj.blazing_inferno.bone.bottom] run data modify entity @s {} merge value {transformation:[-1f,1.0279528683267414e-17f,1.2203249205301209e-16f,0f,0f,0.9964709182923261f,-0.08393872168223869f,0.7370133208559634f,-1.2246467991473532e-16f,-0.08393872168223869f,-0.9964709182923261f,0f,0f,0f,0f,1f],start_interpolation:0}