execute if entity @s[tag=aj.blazing_inferno.bone.body] run data modify entity @s {} merge value {transformation:[-1f,0f,1.2246467991473532e-16f,0f,0f,1f,0f,0.7863784170937002f,-1.2246467991473532e-16f,0f,-1f,0f,0f,0f,0f,1f],start_interpolation:0}
execute if entity @s[tag=aj.blazing_inferno.bone.left_hand] run data modify entity @s {} merge value {transformation:[-0.9659258262890683f,-0.23605553666527196f,0.10613708926407917f,0.7338317434420176f,-0.25881904510252074f,0.8809712562427332f,-0.3961090097010162f,1.0965843705211624f,-1.1829179713786698e-16f,-0.41008222258928867f,-0.9120485572140493f,-0.16323908637456835f,0f,0f,0f,1f],start_interpolation:0}
execute if entity @s[tag=aj.blazing_inferno.bone.left_arm] run data modify entity @s {} merge value {transformation:[-0.9659258262890683f,-0.24629769602412668f,-0.0795282530990563f,0.421875f,-0.25881904510252074f,0.9191955153491957f,0.2968034812028756f,1.5363784170937f,-1.1829179713786698e-16f,0.3072735743521288f,-0.9516212221807933f,5.1664786839028965e-17f,0f,0f,0f,1f],start_interpolation:0}
execute if entity @s[tag=aj.blazing_inferno.bone.right_hand] run data modify entity @s {} merge value {transformation:[-0.9659258262890683f,0.2360555366652721f,-0.10613708926407894f,-0.7338317434420176f,0.25881904510252074f,0.8809712562427332f,-0.3961090097010162f,1.0965843705211624f,-1.1829179713786698e-16f,-0.4100822225892886f,-0.9120485572140493f,-0.16323908637456858f,0f,0f,0f,1f],start_interpolation:0}
execute if entity @s[tag=aj.blazing_inferno.bone.right_arm] run data modify entity @s {} merge value {transformation:[-0.9659258262890683f,0.24629769602412663f,0.07952825309905652f,-0.421875f,0.25881904510252074f,0.9191955153491957f,0.2968034812028756f,1.5363784170937f,-1.1829179713786698e-16f,0.30727357435212893f,-0.9516212221807933f,-5.1664786839028965e-17f,0f,0f,0f,1f],start_interpolation:0}
execute if entity @s[tag=aj.blazing_inferno.bone.head] run data modify entity @s {} merge value {transformation:[-1f,-9.33809987037906e-18f,1.2210813943971713e-16f,0f,0f,0.997088626081688f,0.07625137204360154f,1.6613784170937f,-1.2246467991473532e-16f,0.07625137204360154f,-0.997088626081688f,0f,0f,0f,0f,1f],start_interpolation:0}
execute if entity @s[tag=aj.blazing_inferno.bone.bottom] run data modify entity @s {} merge value {transformation:[-1f,2.4457418839474884e-17f,1.19997635353073e-16f,0f,0f,0.9798550523842469f,-0.19970998051440703f,0.9113784170937002f,-1.2246467991473532e-16f,-0.19970998051440703f,-0.9798550523842469f,0f,0f,0f,0f,1f],start_interpolation:0}