execute if entity @s[tag=aj.blazing_inferno.bone.helm] run data modify entity @s {} merge value {transformation:[-1.2291666666666665f,-9.11323333726719e-18f,1.502533862163701e-16f,0.49999999999999994f,0f,1.226912006963823f,0.07441519745621496f,0.02018296975771472f,-1.5052950239519548e-16f,0.07441519745621496f,-1.226912006963823f,0.42719020190046625f,0f,0f,0f,1f],start_interpolation:0}
execute if entity @s[tag=aj.blazing_inferno.bone.head] run data modify entity @s {} merge value {transformation:[-1f,-7.414155935403817e-18f,1.2224004302348756e-16f,0f,0f,0.9981657005807376f,0.06054117759149692f,1.235775327993089f,-1.2246467991473532e-16f,0.06054117759149692f,-0.9981657005807376f,0f,0f,0f,0f,1f],start_interpolation:0}
execute if entity @s[tag=aj.blazing_inferno.bone.body] run data modify entity @s {} merge value {transformation:[-1f,0f,1.2246467991473532e-16f,0f,0f,1f,0f,0.48577532799308887f,-1.2246467991473532e-16f,0f,-1f,0f,0f,0f,0f,1f],start_interpolation:0}
execute if entity @s[tag=aj.blazing_inferno.bone.left_hand] run data modify entity @s {} merge value {transformation:[-0.9659258262890683f,-0.2419057952660336f,0.09202654141327112f,0.47819185136652453f,-0.25881904510252074f,0.9028047185781924f,-0.3434477281991689f,0.8587412457010755f,-1.2523069104177421e-16f,-0.355563252220556f,-0.934652220705831f,-0.10475675893968989f,0f,0f,0f,1f],start_interpolation:0}
execute if entity @s[tag=aj.blazing_inferno.bone.left_arm] run data modify entity @s {} merge value {transformation:[-0.9659258262890683f,-0.2438435938572512f,-0.0867617418137775f,0.28125f,-0.25881904510252074f,0.9100366813754517f,0.3237992286021912f,1.110775327993089f,-1.2523069104177421e-16f,0.33522162860700777f,-0.9421392995274454f,3.444319122601931e-17f,0f,0f,0f,1f],start_interpolation:0}
execute if entity @s[tag=aj.blazing_inferno.bone.right_hand] run data modify entity @s {} merge value {transformation:[-0.9659258262890683f,0.24190579526603373f,-0.09202654141327092f,-0.49343207598260275f,0.25881904510252074f,0.9028047185781924f,-0.3434477281991689f,0.8018639531151097f,-1.1135290323395976e-16f,-0.3555632522205559f,-0.9346522207058311f,-0.125708110727628f,0f,0f,0f,1f],start_interpolation:0}
execute if entity @s[tag=aj.blazing_inferno.bone.right_arm] run data modify entity @s {} merge value {transformation:[-0.9659258262890683f,0.24384359385725116f,0.08676174181377772f,-0.28125f,0.25881904510252074f,0.9100366813754517f,0.3237992286021912f,1.110775327993089f,-1.1135290323395976e-16f,0.3352216286070079f,-0.9421392995274454f,-3.444319122601931e-17f,0f,0f,0f,1f],start_interpolation:0}
execute if entity @s[tag=aj.blazing_inferno.bone.bottom] run data modify entity @s {} merge value {transformation:[-1f,3.178908788908145e-17f,1.1826686652566233e-16f,0f,0f,0.9657222523915004f,-0.25957760156817666f,0.7357753279930889f,-1.2246467991473532e-16f,-0.25957760156817666f,-0.9657222523915004f,0f,0f,0f,0f,1f],start_interpolation:0}