execute if entity @s[tag=aj.blazing_inferno.bone.body] run data modify entity @s {} merge value {transformation:[-1f,0f,1.2246467991473532e-16f,0f,0f,1f,0f,0.6752038283214536f,-1.2246467991473532e-16f,0f,-1f,0f,0f,0f,0f,1f],start_interpolation:0}
execute if entity @s[tag=aj.blazing_inferno.bone.left_hand] run data modify entity @s {} merge value {transformation:[-0.9422914125695191f,-0.304552398348439f,0.1390493813648736f,0.7689300228073457f,-0.3347938078844056f,0.8571756791280625f,-0.39136039824387503f,1.0084489051579555f,-1.223363101306372e-16f,-0.4153284143561075f,-0.9096715386492211f,-0.1524826470887081f,0f,0f,0f,1f],start_interpolation:0}
execute if entity @s[tag=aj.blazing_inferno.bone.left_arm] run data modify entity @s {} merge value {transformation:[-0.9422914125695191f,-0.32070660320105576f,-0.0960945808096424f,0.421875f,-0.3347938078844056f,0.902642375796375f,0.2704622850212863f,1.4252038283214536f,-1.223363101306372e-16f,0.28702615922580366f,-0.9579227442336274f,5.1664786839028965e-17f,0f,0f,0f,1f],start_interpolation:0}
execute if entity @s[tag=aj.blazing_inferno.bone.right_hand] run data modify entity @s {} merge value {transformation:[-0.9422914125695191f,0.30455239834843906f,-0.13904938136487338f,-0.7689300228073457f,0.3347938078844056f,0.8571756791280625f,-0.39136039824387503f,1.0084489051579555f,-1.0845852232282274e-16f,-0.41532841435610746f,-0.9096715386492212f,-0.15248264708870835f,0f,0f,0f,1f],start_interpolation:0}
execute if entity @s[tag=aj.blazing_inferno.bone.right_arm] run data modify entity @s {} merge value {transformation:[-0.9422914125695191f,0.32070660320105565f,0.09609458080964262f,-0.421875f,0.3347938078844056f,0.902642375796375f,0.2704622850212863f,1.4252038283214536f,-1.0845852232282274e-16f,0.28702615922580377f,-0.9579227442336274f,-5.1664786839028965e-17f,0f,0f,0f,1f],start_interpolation:0}
execute if entity @s[tag=aj.blazing_inferno.bone.head] run data modify entity @s {} merge value {transformation:[-1f,-1.5535088514754725e-17f,1.2147534256571296e-16f,0f,0f,0.99192144747603f,0.12685362445376788f,1.5502038283214536f,-1.2246467991473532e-16f,0.12685362445376788f,-0.99192144747603f,0f,0f,0f,0f,1f],start_interpolation:0}
execute if entity @s[tag=aj.blazing_inferno.bone.bottom] run data modify entity @s {} merge value {transformation:[-1f,-5.8969755667701746e-18f,1.223226205809191e-16f,0f,0f,0.9988399975085459f,0.04815245972043432f,0.8002038283214536f,-1.2246467991473532e-16f,0.04815245972043432f,-0.9988399975085459f,0f,0f,0f,0f,1f],start_interpolation:0}