execute if entity @s[tag=aj.blazing_inferno.bone.body] run data modify entity @s {} merge value {transformation:[-1f,0f,1.2246467991473532e-16f,0f,0f,1f,0f,0.7286763406791162f,-1.2246467991473532e-16f,0f,-1f,0f,0f,0f,0f,1f],start_interpolation:0}
execute if entity @s[tag=aj.blazing_inferno.bone.left_hand] run data modify entity @s {} merge value {transformation:[-0.9659258262890683f,-0.22476135509176495f,0.12833406159353866f,0.735712954267058f,-0.2588190451025207f,0.8388207967804971f,-0.4789492382087597f,1.0318615197277794f,-1.1135290323395976e-16f,-0.4958447379430839f,-0.8684111905394555f,-0.138726589879853f,0f,0f,0f,1f],start_interpolation:0}
execute if entity @s[tag=aj.blazing_inferno.bone.left_arm] run data modify entity @s {} merge value {transformation:[-0.9659258262890683f,-0.2498387987536143f,-0.06758603957276711f,0.421875f,-0.2588190451025207f,0.9324110906504647f,0.25223453356792813f,1.4786763406791161f,-1.1135290323395976e-16f,0.26113240447972347f,-0.9653029925006128f,5.1664786839028965e-17f,0f,0f,0f,1f],start_interpolation:0}
execute if entity @s[tag=aj.blazing_inferno.bone.right_hand] run data modify entity @s {} merge value {transformation:[-0.9659258262890683f,0.2247613550917651f,-0.12833406159353844f,-0.7357129542670579f,0.2588190451025207f,0.8388207967804971f,-0.4789492382087597f,1.0318615197277794f,-1.2523069104177421e-16f,-0.4958447379430838f,-0.8684111905394556f,-0.13872658987985323f,0f,0f,0f,1f],start_interpolation:0}
execute if entity @s[tag=aj.blazing_inferno.bone.right_arm] run data modify entity @s {} merge value {transformation:[-0.9659258262890683f,0.24983879875361426f,0.06758603957276736f,-0.421875f,0.2588190451025207f,0.9324110906504647f,0.25223453356792813f,1.4786763406791161f,-1.2523069104177421e-16f,0.2611324044797236f,-0.9653029925006128f,-5.1664786839028965e-17f,0f,0f,0f,1f],start_interpolation:0}
execute if entity @s[tag=aj.blazing_inferno.bone.head] run data modify entity @s {} merge value {transformation:[-1f,-1.4691455546506446e-17f,1.215802572811211e-16f,0f,0f,0.9927781411405314f,0.11996483848841322f,1.6036763406791161f,-1.2246467991473532e-16f,0.11996483848841322f,-0.9927781411405314f,0f,0f,0f,0f,1f],start_interpolation:0}
execute if entity @s[tag=aj.blazing_inferno.bone.bottom] run data modify entity @s {} merge value {transformation:[-1f,9.938856144770707e-19f,1.224606468135944e-16f,0f,0f,0.9999670672299661f,-0.008115691929861349f,0.8536763406791162f,-1.2246467991473532e-16f,-0.008115691929861349f,-0.9999670672299661f,0f,0f,0f,0f,1f],start_interpolation:0}