execute if entity @s[tag=aj.blazing_inferno.bone.body] run data modify entity @s {} merge value {transformation:[-1f,0f,1.2246467991473532e-16f,0f,0f,1f,0f,0.5947359988929981f,-1.2246467991473532e-16f,0f,-1f,0f,0f,0f,0f,1f],start_interpolation:0}
execute if entity @s[tag=aj.blazing_inferno.bone.left_hand] run data modify entity @s {} merge value {transformation:[-0.9870414784300222f,-0.15976289888090228f,0.014997866509824494f,0.6856574393856828f,-0.16046532291643548f,0.9827207838031928f,-0.09225367863972894f,0.8906552814468547f,-1.1740827176654618e-16f,-0.09346484484772277f,-0.9956225804880036f,-0.20399102729123714f,0f,0f,0f,1f],start_interpolation:0}
execute if entity @s[tag=aj.blazing_inferno.bone.left_arm] run data modify entity @s {} merge value {transformation:[-0.9870414784300222f,-0.1481640699859834f,-0.06161597377194114f,0.421875f,-0.16046532291643548f,0.9113749938691295f,0.37900725677929753f,1.344735998892998f,-1.1740827176654618e-16f,0.38398311019527004f,-0.9233401166876521f,5.1664786839028965e-17f,0f,0f,0f,1f],start_interpolation:0}
execute if entity @s[tag=aj.blazing_inferno.bone.right_hand] run data modify entity @s {} merge value {transformation:[-0.9870414784300222f,0.15976289888090228f,-0.014997866509824244f,-0.6856574393856828f,0.16046532291643548f,0.9827207838031928f,-0.09225367863972894f,0.8906552814468547f,-1.243471656704534e-16f,-0.09346484484772277f,-0.9956225804880036f,-0.2039910272912373f,0f,0f,0f,1f],start_interpolation:0}
execute if entity @s[tag=aj.blazing_inferno.bone.right_arm] run data modify entity @s {} merge value {transformation:[-0.9870414784300222f,0.14816406998598328f,0.06161597377194136f,-0.421875f,0.16046532291643548f,0.9113749938691295f,0.37900725677929753f,1.344735998892998f,-1.243471656704534e-16f,0.38398311019527004f,-0.9233401166876521f,-5.1664786839028965e-17f,0f,0f,0f,1f],start_interpolation:0}
execute if entity @s[tag=aj.blazing_inferno.bone.head] run data modify entity @s {} merge value {transformation:[-1f,-1.7689145601568622e-17f,1.2118041077049162e-16f,0f,0f,0.9895131466057164f,0.14444283538637012f,1.469735998892998f,-1.2246467991473532e-16f,0.14444283538637012f,-0.9895131466057164f,0f,0f,0f,0f,1f],start_interpolation:0}
execute if entity @s[tag=aj.blazing_inferno.bone.bottom] run data modify entity @s {} merge value {transformation:[-1f,-2.6464471494078022e-17f,1.1957102314171988e-16f,0f,0f,0.9763714993169449f,0.21609880916280202f,0.7197359988929981f,-1.2246467991473532e-16f,0.21609880916280202f,-0.9763714993169449f,0f,0f,0f,0f,1f],start_interpolation:0}