execute if entity @s[tag=aj.blazing_inferno.bone.body] run data modify entity @s {} merge value {transformation:[-1f,0f,1.2246467991473532e-16f,0f,0f,1f,0f,0.7861414400257409f,-1.2246467991473532e-16f,0f,-1f,0f,0f,0f,0f,1f],start_interpolation:0}
execute if entity @s[tag=aj.blazing_inferno.bone.left_hand] run data modify entity @s {} merge value {transformation:[-0.9510953789140013f,-0.2871469724485545f,0.11386042517952151f,0.7566467776844013f,-0.30889736193181117f,0.8841259014224078f,-0.35057639713132804f,1.112376439483731f,-1.234144850509943e-16f,-0.36860277623431437f,-0.9295870014970927f,-0.16041787207682345f,0f,0f,0f,1f],start_interpolation:0}
execute if entity @s[tag=aj.blazing_inferno.bone.left_arm] run data modify entity @s {} merge value {transformation:[-0.9510953789140013f,-0.2944779183774608f,-0.09327559057175622f,0.421875f,-0.30889736193181117f,0.9066978934667757f,0.28719566461644097f,1.536141440025741f,-1.234144850509943e-16f,0.3019630533210796f,-0.9533196286812785f,5.1664786839028965e-17f,0f,0f,0f,1f],start_interpolation:0}
execute if entity @s[tag=aj.blazing_inferno.bone.right_hand] run data modify entity @s {} merge value {transformation:[-0.9510953789140013f,0.2871469724485546f,-0.11386042517952129f,-0.7566467776844013f,0.30889736193181117f,0.8841259014224078f,-0.35057639713132804f,1.112376439483731f,-1.0953669724317985e-16f,-0.36860277623431426f,-0.9295870014970928f,-0.16041787207682368f,0f,0f,0f,1f],start_interpolation:0}
execute if entity @s[tag=aj.blazing_inferno.bone.right_arm] run data modify entity @s {} merge value {transformation:[-0.9510953789140013f,0.2944779183774607f,0.09327559057175644f,-0.421875f,0.30889736193181117f,0.9066978934667757f,0.28719566461644097f,1.536141440025741f,-1.0953669724317985e-16f,0.3019630533210797f,-0.9533196286812785f,-5.1664786839028965e-17f,0f,0f,0f,1f],start_interpolation:0}
execute if entity @s[tag=aj.blazing_inferno.bone.head] run data modify entity @s {} merge value {transformation:[-1f,-9.857085103674477e-18f,1.2206734084052744e-16f,0f,0f,0.9967554802373669f,0.08048920807646223f,1.661141440025741f,-1.2246467991473532e-16f,0.08048920807646223f,-0.9967554802373669f,0f,0f,0f,0f,1f],start_interpolation:0}
execute if entity @s[tag=aj.blazing_inferno.bone.bottom] run data modify entity @s {} merge value {transformation:[-1f,2.2270127112638362e-17f,1.204227522730049e-16f,0f,0f,0.9833263954704974f,-0.1818493881512914f,0.9111414400257409f,-1.2246467991473532e-16f,-0.1818493881512914f,-0.9833263954704974f,0f,0f,0f,0f,1f],start_interpolation:0}