execute if entity @s[tag=aj.blazing_inferno.bone.body] run data modify entity @s {} merge value {transformation:[-1f,0f,1.2246467991473532e-16f,0f,0f,1f,0f,0.6721492614825594f,-1.2246467991473532e-16f,0f,-1f,0f,0f,0f,0f,1f],start_interpolation:0}
execute if entity @s[tag=aj.blazing_inferno.bone.left_hand] run data modify entity @s {} merge value {transformation:[-0.985502611071107f,-0.1686177305379861f,0.018779364213132407f,0.6900624358931263f,-0.16966025925958722f,0.9794468925325507f,-0.1090833678261715f,0.96948333568296f,-1.20689261819959e-16f,-0.11068805561825223f,-0.9938551978751485f,-0.20137495213919226f,0f,0f,0f,1f],start_interpolation:0}
execute if entity @s[tag=aj.blazing_inferno.bone.left_arm] run data modify entity @s {} merge value {transformation:[-0.985502611071107f,-0.1569989577737294f,-0.06431120298978313f,0.421875f,-0.16966025925958722f,0.9119571283026293f,0.3735633715529285f,1.4221492614825593f,-1.20689261819959e-16f,0.37905873343847973f,-0.9253726150065257f,5.1664786839028965e-17f,0f,0f,0f,1f],start_interpolation:0}
execute if entity @s[tag=aj.blazing_inferno.bone.right_hand] run data modify entity @s {} merge value {transformation:[-0.985502611071107f,0.16861773053798607f,-0.01877936421313217f,-0.6900624358931262f,0.16966025925958722f,0.9794468925325507f,-0.1090833678261715f,0.96948333568296f,-1.20689261819959e-16f,-0.11068805561825223f,-0.9938551978751485f,-0.20137495213919243f,0f,0f,0f,1f],start_interpolation:0}
execute if entity @s[tag=aj.blazing_inferno.bone.right_arm] run data modify entity @s {} merge value {transformation:[-0.985502611071107f,0.1569989577737293f,0.06431120298978335f,-0.421875f,0.16966025925958722f,0.9119571283026293f,0.3735633715529285f,1.4221492614825593f,-1.20689261819959e-16f,0.37905873343847973f,-0.9253726150065257f,-5.1664786839028965e-17f,0f,0f,0f,1f],start_interpolation:0}
execute if entity @s[tag=aj.blazing_inferno.bone.head] run data modify entity @s {} merge value {transformation:[-1f,-8.882600874064621e-18f,1.221421189775691e-16f,0f,0f,0.9973660900645737f,0.07253194047662587f,1.5471492614825593f,-1.2246467991473532e-16f,0.07253194047662587f,-0.9973660900645737f,0f,0f,0f,0f,1f],start_interpolation:0}
execute if entity @s[tag=aj.blazing_inferno.bone.bottom] run data modify entity @s {} merge value {transformation:[-1f,2.0443038534557776e-17f,1.207463457090655e-16f,0f,0f,0.9859687363992117f,-0.16693007770722967f,0.7971492614825594f,-1.2246467991473532e-16f,-0.16693007770722967f,-0.9859687363992117f,0f,0f,0f,0f,1f],start_interpolation:0}