execute if entity @s[tag=aj.blazing_inferno.bone.body] run data modify entity @s {} merge value {transformation:[-1f,0f,1.2246467991473532e-16f,0f,0f,1f,0f,0.7380886850245326f,-1.2246467991473532e-16f,0f,-1f,0f,0f,0f,0f,1f],start_interpolation:0}
execute if entity @s[tag=aj.blazing_inferno.bone.left_hand] run data modify entity @s {} merge value {transformation:[-0.9757021300385286f,-0.2145343807154408f,0.0445011564941931f,0.7137562911567807f,-0.2191012401568698f,0.9553649814153689f,-0.19817264908895388f,1.0440510454821426f,-1.1948904904729386e-16f,-0.20310773440776275f,-0.9791563962022338f,-0.18713283795815525f,0f,0f,0f,1f],start_interpolation:0}
execute if entity @s[tag=aj.blazing_inferno.bone.left_arm] run data modify entity @s {} merge value {transformation:[-0.9757021300385286f,-0.2050581492226947f,-0.07717842234485897f,0.421875f,-0.2191012401568698f,0.9131654062528057f,0.34369112206292135f,1.4880886850245325f,-1.1948904904729386e-16f,0.35225004792123354f,-0.9359059267573258f,5.1664786839028965e-17f,0f,0f,0f,1f],start_interpolation:0}
execute if entity @s[tag=aj.blazing_inferno.bone.right_hand] run data modify entity @s {} merge value {transformation:[-0.9757021300385286f,0.2145343807154408f,-0.04450115649419285f,-0.7137562911567806f,0.2191012401568698f,0.9553649814153689f,-0.19817264908895388f,1.0440510454821426f,-1.1948904904729386e-16f,-0.20310773440776275f,-0.9791563962022338f,-0.1871328379581554f,0f,0f,0f,1f],start_interpolation:0}
execute if entity @s[tag=aj.blazing_inferno.bone.right_arm] run data modify entity @s {} merge value {transformation:[-0.9757021300385286f,0.20505814922269458f,0.0771784223448592f,-0.421875f,0.2191012401568698f,0.9131654062528057f,0.34369112206292135f,1.4880886850245325f,-1.1948904904729386e-16f,0.35225004792123354f,-0.9359059267573258f,-5.1664786839028965e-17f,0f,0f,0f,1f],start_interpolation:0}
execute if entity @s[tag=aj.blazing_inferno.bone.head] run data modify entity @s {} merge value {transformation:[-1f,-7.192929824234286e-18f,1.2225326002672574e-16f,0f,0f,0.9982736256024449f,0.05873472930515381f,1.6130886850245325f,-1.2246467991473532e-16f,0.05873472930515381f,-0.9982736256024449f,0f,0f,0f,0f,1f],start_interpolation:0}
execute if entity @s[tag=aj.blazing_inferno.bone.bottom] run data modify entity @s {} merge value {transformation:[-1f,3.169619151431765e-17f,1.1829179713786698e-16f,0f,0f,0.9659258262890683f,-0.25881904510252074f,0.8630886850245326f,-1.2246467991473532e-16f,-0.25881904510252074f,-0.9659258262890683f,0f,0f,0f,0f,1f],start_interpolation:0}