execute if entity @s[tag=aj.blazing_inferno.bone.helm] run data modify entity @s {} merge value {transformation:[-1.2291666666666665f,-2.190452712292507e-17f,1.4892723989541404e-16f,0.49999999999999994f,0f,1.2160832004713766f,0.17886403768152465f,-0.2011035012463951f,-1.5052950239519548e-16f,0.17886403768152465f,-1.2160832004713766f,0.32187706209264644f,0f,0f,0f,1f],start_interpolation:0}
execute if entity @s[tag=aj.blazing_inferno.bone.head] run data modify entity @s {} merge value {transformation:[-1f,-1.782063223560006e-17f,1.211611443216928e-16f,0f,0f,0.9893558241123065f,0.14551650523242685f,1.0465147925031824f,-1.2246467991473532e-16f,0.14551650523242685f,-0.9893558241123065f,0f,0f,0f,0f,1f],start_interpolation:0}
execute if entity @s[tag=aj.blazing_inferno.bone.body] run data modify entity @s {} merge value {transformation:[-1f,0f,1.2246467991473532e-16f,0f,0f,1f,0f,0.29651479250318236f,-1.2246467991473532e-16f,0f,-1f,0f,0f,0f,0f,1f],start_interpolation:0}
execute if entity @s[tag=aj.blazing_inferno.bone.left_hand] run data modify entity @s {} merge value {transformation:[-0.9659258262890683f,-0.2548870022441787f,0.04494345552754789f,0.47529376453919747f,-0.25881904510252074f,0.9512512425641977f,-0.16773125949652062f,0.6802965174954996f,-1.1829179713786698e-16f,-0.17364817766693036f,-0.984807753012208f,-0.1320682067939685f,0f,0f,0f,1f],start_interpolation:0}
execute if entity @s[tag=aj.blazing_inferno.bone.left_arm] run data modify entity @s {} merge value {transformation:[-0.9659258262890683f,-0.2345697160098045f,-0.10938165494661488f,0.28125f,-0.25881904510252074f,0.875426098065593f,0.4082178936767348f,0.9215147925031824f,-1.1829179713786698e-16f,0.42261826174069933f,-0.9063077870366499f,3.444319122601931e-17f,0f,0f,0f,1f],start_interpolation:0}
execute if entity @s[tag=aj.blazing_inferno.bone.right_hand] run data modify entity @s {} merge value {transformation:[-0.9659258262890683f,0.25488700224417876f,-0.04494345552754765f,-0.48995437178981016f,0.25881904510252074f,0.9512512425641977f,-0.16773125949652062f,0.6255823863664001f,-1.1829179713786698e-16f,-0.1736481776669303f,-0.9848077530122081f,-0.15848184815276234f,0f,0f,0f,1f],start_interpolation:0}
execute if entity @s[tag=aj.blazing_inferno.bone.right_arm] run data modify entity @s {} merge value {transformation:[-0.9659258262890683f,0.2345697160098044f,0.1093816549466151f,-0.28125f,0.25881904510252074f,0.875426098065593f,0.4082178936767348f,0.9215147925031824f,-1.1829179713786698e-16f,0.42261826174069944f,-0.9063077870366499f,-3.444319122601931e-17f,0f,0f,0f,1f],start_interpolation:0}
execute if entity @s[tag=aj.blazing_inferno.bone.bottom] run data modify entity @s {} merge value {transformation:[-1f,-3.169619151431765e-17f,1.1829179713786698e-16f,0f,0f,0.9659258262890683f,0.25881904510252074f,0.5465147925031824f,-1.2246467991473532e-16f,0.25881904510252074f,-0.9659258262890683f,0f,0f,0f,0f,1f],start_interpolation:0}