execute if entity @s[tag=aj.blazing_inferno.bone.body] run data modify entity @s {} merge value {transformation:[-1f,0f,1.2246467991473532e-16f,0f,0f,1f,0f,0.6466691757615113f,-1.2246467991473532e-16f,0f,-1f,0f,0f,0f,0f,1f],start_interpolation:0}
execute if entity @s[tag=aj.blazing_inferno.bone.left_hand] run data modify entity @s {} merge value {transformation:[-0.9659258262890683f,-0.25085385480054756f,0.06371531714969658f,0.7296708803633276f,-0.2588190451025207f,0.93619933139015f,-0.23778880082303194f,0.9724036816019823f,-1.1135290323395976e-16f,-0.24617708146036255f,-0.9692248679040679f,-0.2065025399285318f,0f,0f,0f,1f],start_interpolation:0}
execute if entity @s[tag=aj.blazing_inferno.bone.left_arm] run data modify entity @s {} merge value {transformation:[-0.9659258262890683f,-0.23846548317012184f,-0.100605722721031f,0.421875f,-0.2588190451025207f,0.8899652990423559f,0.37546566872707476f,1.3966691757615113f,-1.1135290323395976e-16f,0.3887106633948835f,-0.9213598754900875f,5.1664786839028965e-17f,0f,0f,0f,1f],start_interpolation:0}
execute if entity @s[tag=aj.blazing_inferno.bone.right_hand] run data modify entity @s {} merge value {transformation:[-0.9659258262890683f,0.2508538548005476f,-0.06371531714969632f,-0.7296708803633275f,0.2588190451025207f,0.93619933139015f,-0.23778880082303194f,0.9724036816019823f,-1.2523069104177421e-16f,-0.24617708146036243f,-0.9692248679040679f,-0.20650253992853201f,0f,0f,0f,1f],start_interpolation:0}
execute if entity @s[tag=aj.blazing_inferno.bone.right_arm] run data modify entity @s {} merge value {transformation:[-0.9659258262890683f,0.23846548317012173f,0.10060572272103122f,-0.421875f,0.2588190451025207f,0.8899652990423559f,0.37546566872707476f,1.3966691757615113f,-1.2523069104177421e-16f,0.38871066339488364f,-0.9213598754900875f,-5.1664786839028965e-17f,0f,0f,0f,1f],start_interpolation:0}
execute if entity @s[tag=aj.blazing_inferno.bone.head] run data modify entity @s {} merge value {transformation:[-1f,-1.0103581022329297e-17f,1.2204718545359334e-16f,0f,0f,0.9965908990132284f,0.08250200000003106f,1.5216691757615113f,-1.2246467991473532e-16f,0.08250200000003106f,-0.9965908990132284f,0f,0f,0f,0f,1f],start_interpolation:0}
execute if entity @s[tag=aj.blazing_inferno.bone.bottom] run data modify entity @s {} merge value {transformation:[-1f,1.2876770483097911e-17f,1.217858226910842e-16f,0f,0f,0.9944567100969538f,-0.10514681042781658f,0.7716691757615113f,-1.2246467991473532e-16f,-0.10514681042781658f,-0.9944567100969538f,0f,0f,0f,0f,1f],start_interpolation:0}