execute if entity @s[tag=aj.blazing_inferno.bone.body] run data modify entity @s {} merge value {transformation:[-1f,0f,1.2246467991473532e-16f,0f,0f,1f,0f,0.7863784170937002f,-1.2246467991473532e-16f,0f,-1f,0f,0f,0f,0f,1f],start_interpolation:0}
execute if entity @s[tag=aj.blazing_inferno.bone.left_hand] run data modify entity @s {} merge value {transformation:[-0.9540640134093704f,-0.2804621849521986f,0.1053699251638886f,0.7522258481636396f,-0.2996028342943449f,0.8931119707705193f,-0.33554306631071135f,1.1102280559567415f,-1.2377803792425353e-16f,-0.3516986927445678f,-0.9361132567813375f,-0.1632390863745684f,0f,0f,0f,1f],start_interpolation:0}
execute if entity @s[tag=aj.blazing_inferno.bone.left_arm] run data modify entity @s {} merge value {transformation:[-0.9540640134093704f,-0.2851084153400143f,-0.09206003377965186f,0.421875f,-0.2996028342943449f,0.9079075624793378f,0.2931586595610347f,1.5363784170937f,-1.2377803792425353e-16f,0.30727357435212893f,-0.9516212221807933f,5.1664786839028965e-17f,0f,0f,0f,1f],start_interpolation:0}
execute if entity @s[tag=aj.blazing_inferno.bone.right_hand] run data modify entity @s {} merge value {transformation:[-0.9540640134093704f,0.28046218495219866f,-0.10536992516388838f,-0.7522258481636395f,0.2996028342943449f,0.8931119707705193f,-0.33554306631071135f,1.1102280559567415f,-1.0990025011643907e-16f,-0.35169869274456766f,-0.9361132567813375f,-0.16323908637456863f,0f,0f,0f,1f],start_interpolation:0}
execute if entity @s[tag=aj.blazing_inferno.bone.right_arm] run data modify entity @s {} merge value {transformation:[-0.9540640134093704f,0.2851084153400142f,0.09206003377965208f,-0.421875f,0.2996028342943449f,0.9079075624793378f,0.2931586595610347f,1.5363784170937f,-1.0990025011643907e-16f,0.30727357435212904f,-0.9516212221807933f,-5.1664786839028965e-17f,0f,0f,0f,1f],start_interpolation:0}
execute if entity @s[tag=aj.blazing_inferno.bone.head] run data modify entity @s {} merge value {transformation:[-1f,-9.33809987037906e-18f,1.2210813943971713e-16f,0f,0f,0.997088626081688f,0.07625137204360154f,1.6613784170937f,-1.2246467991473532e-16f,0.07625137204360154f,-0.997088626081688f,0f,0f,0f,0f,1f],start_interpolation:0}
execute if entity @s[tag=aj.blazing_inferno.bone.bottom] run data modify entity @s {} merge value {transformation:[-1f,2.4457418839474884e-17f,1.19997635353073e-16f,0f,0f,0.9798550523842469f,-0.19970998051440703f,0.9113784170937002f,-1.2246467991473532e-16f,-0.19970998051440703f,-0.9798550523842469f,0f,0f,0f,0f,1f],start_interpolation:0}