execute if entity @s[tag=aj.blazing_inferno.bone.body] run data modify entity @s {} merge value {transformation:[-1f,0f,1.2246467991473532e-16f,0f,0f,1f,0f,0.7853360260776867f,-1.2246467991473532e-16f,0f,-1f,0f,0f,0f,0f,1f],start_interpolation:0}
execute if entity @s[tag=aj.blazing_inferno.bone.left_hand] run data modify entity @s {} merge value {transformation:[-0.9659258262890683f,-0.23725371689082392f,0.10343100081343806f,0.733588053124149f,-0.25881904510252074f,0.8854429257211175f,-0.3860097501134484f,1.0964514441527473f,-1.1829179713786698e-16f,-0.3996266996985016f,-0.9166779701116874f,-0.16612678519911417f,0f,0f,0f,1f],start_interpolation:0}
execute if entity @s[tag=aj.blazing_inferno.bone.left_arm] run data modify entity @s {} merge value {transformation:[-0.9659258262890683f,-0.24583898483755046f,-0.0809351075975271f,0.421875f,-0.25881904510252074f,0.9174835818948932f,0.3020539336700255f,1.5353360260776867f,-1.1829179713786698e-16f,0.3127092427277445f,-0.9498488982531067f,5.1664786839028965e-17f,0f,0f,0f,1f],start_interpolation:0}
execute if entity @s[tag=aj.blazing_inferno.bone.right_hand] run data modify entity @s {} merge value {transformation:[-0.9659258262890683f,0.23725371689082403f,-0.10343100081343784f,-0.733588053124149f,0.25881904510252074f,0.8854429257211175f,-0.3860097501134484f,1.0964514441527473f,-1.1829179713786698e-16f,-0.3996266996985015f,-0.9166779701116875f,-0.1661267851991144f,0f,0f,0f,1f],start_interpolation:0}
execute if entity @s[tag=aj.blazing_inferno.bone.right_arm] run data modify entity @s {} merge value {transformation:[-0.9659258262890683f,0.2458389848375504f,0.08093510759752733f,-0.421875f,0.25881904510252074f,0.9174835818948932f,0.3020539336700255f,1.5353360260776867f,-1.1829179713786698e-16f,0.3127092427277446f,-0.9498488982531067f,-5.1664786839028965e-17f,0f,0f,0f,1f],start_interpolation:0}
execute if entity @s[tag=aj.blazing_inferno.bone.head] run data modify entity @s {} merge value {transformation:[-1f,-8.851881178588112e-18f,1.2214434913748052e-16f,0f,0f,0.9973843007022283f,0.0722810951267838f,1.6603360260776867f,-1.2246467991473532e-16f,0.0722810951267838f,-0.9973843007022283f,0f,0f,0f,0f,1f],start_interpolation:0}
execute if entity @s[tag=aj.blazing_inferno.bone.bottom] run data modify entity @s {} merge value {transformation:[-1f,2.6464471494078028e-17f,1.1957102314171988e-16f,0f,0f,0.9763714993169449f,-0.21609880916280208f,0.9103360260776867f,-1.2246467991473532e-16f,-0.21609880916280208f,-0.9763714993169449f,0f,0f,0f,0f,1f],start_interpolation:0}