execute if entity @s[tag=aj.blazing_inferno.bone.body] run data modify entity @s {} merge value {transformation:[-1f,0f,1.2246467991473532e-16f,0f,0f,1f,0f,0.578941143016779f,-1.2246467991473532e-16f,0f,-1f,0f,0f,0f,0f,1f],start_interpolation:0}
execute if entity @s[tag=aj.blazing_inferno.bone.left_hand] run data modify entity @s {} merge value {transformation:[-0.9961536178641507f,-0.08754392890042972f,-0.0037456813586014617f,0.6508479520417585f,-0.08762402419521527f,0.9952430545978854f,0.042582774199282025f,0.8656865168768286f,-1.219936339576388e-16f,0.042747196251300634f,-0.9990859208359675f,-0.2243866107708243f,0f,0f,0f,1f],start_interpolation:0}
execute if entity @s[tag=aj.blazing_inferno.bone.left_arm] run data modify entity @s {} merge value {transformation:[-0.9961536178641507f,-0.07942427989125701f,-0.037010179409440014f,0.421875f,-0.08762402419521527f,0.9029348342146883f,0.42075018187224794f,1.328941143016779f,-1.219936339576388e-16f,0.4223747967450812f,-0.9064212768214079f,5.1664786839028965e-17f,0f,0f,0f,1f],start_interpolation:0}
execute if entity @s[tag=aj.blazing_inferno.bone.right_hand] run data modify entity @s {} merge value {transformation:[-0.9961536178641507f,0.08754392890042972f,0.003745681358601708f,-0.6508479520417585f,0.08762402419521527f,0.9952430545978854f,0.042582774199282025f,0.8656865168768286f,-1.219936339576388e-16f,0.042747196251300634f,-0.9990859208359675f,-0.22438661077082447f,0f,0f,0f,1f],start_interpolation:0}
execute if entity @s[tag=aj.blazing_inferno.bone.right_arm] run data modify entity @s {} merge value {transformation:[-0.9961536178641507f,0.0794242798912569f,0.037010179409440236f,-0.421875f,0.08762402419521527f,0.9029348342146883f,0.42075018187224794f,1.328941143016779f,-1.219936339576388e-16f,0.4223747967450812f,-0.9064212768214079f,-5.1664786839028965e-17f,0f,0f,0f,1f],start_interpolation:0}
execute if entity @s[tag=aj.blazing_inferno.bone.head] run data modify entity @s {} merge value {transformation:[-1f,-1.7574043521576836e-17f,1.211971568186329e-16f,0f,0f,0.9896498884659242f,0.14350295557717188f,1.453941143016779f,-1.2246467991473532e-16f,0.14350295557717188f,-0.9896498884659242f,0f,0f,0f,0f,1f],start_interpolation:0}
execute if entity @s[tag=aj.blazing_inferno.bone.bottom] run data modify entity @s {} merge value {transformation:[-1f,-3.058380705465122e-17f,1.1858426781265062e-16f,0f,0f,0.9683140305859093f,0.2497357366707271f,0.703941143016779f,-1.2246467991473532e-16f,0.2497357366707271f,-0.9683140305859093f,0f,0f,0f,0f,1f],start_interpolation:0}