execute if entity @s[tag=aj.tultaria.bone.head] run data modify entity @s {} merge value {transformation:[-0.9923665227853136f,0.021989759042883972f,-0.12134716705478343f,0f,0.0010624387288041305f,0.9854623449098696f,0.1698906648073658f,1.140251736111111f,0.12331891857672594f,0.16846488435866117f,-0.9779632033257127f,0f,0f,0f,0f,1f],start_interpolation:0}
execute if entity @s[tag=aj.tultaria.bone.bust] run data modify entity @s {} merge value {transformation:[-0.8973230244135872f,0f,-0.44137443271813165f,0.6693487285658595f,0f,1f,0f,-0.015998263888888864f,0.44137443271813165f,0f,-0.8973230244135872f,0.2279742958477278f,0f,0f,0f,1f],start_interpolation:0}
execute if entity @s[tag=aj.tultaria.bone.left_wing] run data modify entity @s {} merge value {transformation:[-0.6273301574115973f,-0.006771157215659514f,-0.7787239722982087f,0.0009108849360828231f,-0.06515123560026444f,0.996912943608531f,0.04381665625686963f,1.046501736111111f,0.7760233180141556f,0.07822233885364627f,-0.6258347030986424f,-0.1397512800965817f,0f,0f,0f,1f],start_interpolation:0}
execute if entity @s[tag=aj.tultaria.bone.right_wing] run data modify entity @s {} merge value {transformation:[-0.9976045523581079f,0.0660937259198277f,-0.020415104908221626f,-0.11125449311561564f,0.06515123560026444f,0.996912943608531f,0.04381665625686963f,1.046501736111111f,0.02324808839749698f,0.04238162644128386f,-0.9988309787576943f,-0.08457947600681523f,0f,0f,0f,1f],start_interpolation:0}
execute if entity @s[tag=aj.tultaria.bone.body] run data modify entity @s {} merge value {transformation:[-0.8973230244135872f,0f,-0.44137443271813165f,0.6693487285658595f,0f,1f,0f,-0.015998263888888864f,0.44137443271813165f,0f,-0.8973230244135872f,0.2279742958477278f,0f,0f,0f,1f],start_interpolation:0}
execute if entity @s[tag=aj.tultaria.bone.left_hand] run data modify entity @s {} merge value {transformation:[-0.9234463525278532f,-0.3813973652218778f,-0.042224208752955655f,0.34586499728518816f,-0.351488223730151f,0.8848739069999081f,-0.30570279241403997f,0.7512024969152395f,0.15395734013689302f,-0.2674588164793373f,-0.9511902643033334f,-0.33980740607457993f,0f,0f,0f,1f],start_interpolation:0}
execute if entity @s[tag=aj.tultaria.bone.left_arm] run data modify entity @s {} merge value {transformation:[-0.9234463525278532f,-0.260198521678063f,-0.2820346846037809f,0.1962894115904722f,-0.351488223730151f,0.8684511400502871f,0.34964073836493936f,0.9840017361111111f,0.15395734013689302f,0.42200633485992495f,-0.893424753829927f,-0.0965506571570913f,0f,0f,0f,1f],start_interpolation:0}
execute if entity @s[tag=aj.tultaria.bone.rod] run data modify entity @s {} merge value {transformation:[-0.047174621066468685f,-0.010386242463106807f,0.1972978629375712f,-0.8343251319989409f,0.196203683464967f,-0.026286309268224766f,0.04552922319603393f,0.8940961823465371f,0.023204209683032134f,0.20114900332229532f,0.016137185021963416f,0.3802783218937361f,0f,0f,0f,1f],start_interpolation:0}
execute if entity @s[tag=aj.tultaria.bone.sword] run data modify entity @s {} merge value {transformation:[-0.000002322442883272305f,0.000008667474838049001f,-0.000004413744327181318f,-0.8622721925428292f,0.000009659258262890684f,0.0000025881904510252067f,2.0816681711721688e-22f,0.9242813644180705f,0.0000011423610920877358f,-0.0000042633496362613f,-0.000008973230244135872f,0.3417861835371234f,0f,0f,0f,1f],start_interpolation:0}
execute if entity @s[tag=aj.tultaria.bone.right_hand] run data modify entity @s {} merge value {transformation:[-0.23224428832723046f,0.8667474838049001f,-0.4413744327181317f,-0.5644666296618698f,0.9659258262890683f,0.25881904510252063f,2.0816681711721685e-17f,0.9911533242599824f,0.11423610920877358f,-0.42633496362613f,-0.8973230244135871f,0.10823733248223899f,0f,0f,0f,1f],start_interpolation:0}
execute if entity @s[tag=aj.tultaria.bone.right_arm] run data modify entity @s {} merge value {transformation:[-0.23224428832723046f,0.9302235078651676f,-0.28415984226206314f,-0.1962894115904722f,0.9659258262890683f,0.2548870022441787f,0.04494345552754779f,0.9840017361111111f,0.11423610920877358f,-0.26403946959119273f,-0.957722960908238f,0.0965506571570913f,0f,0f,0f,1f],start_interpolation:0}
execute if entity @s[tag=aj.tultaria.bone.skirt] run data modify entity @s {} merge value {transformation:[-0.908542027361173f,-0.0034180267129239918f,-0.41777948921870167f,0.025232993929907747f,0f,0.9999665339174011f,-0.008181139603937002f,0.43444513901412807f,0.41779347112951576f,-0.007432909161885708f,-0.9085116220186408f,0.05487217260598059f,0f,0f,0f,1f],start_interpolation:0}
execute if entity @s[tag=aj.tultaria.bone.left_foot] run data modify entity @s {} merge value {transformation:[-0.908542027361173f,0.1364510808352435f,-0.3948828776451866f,0.1661465828058944f,0f,0.9451628733632677f,0.3265993613216223f,-0.014901493876125826f,0.41779347112951576f,0.29672924587001104f,-0.8587201931519748f,0.06211478870514346f,0f,0f,0f,1f],start_interpolation:0}
execute if entity @s[tag=aj.tultaria.bone.left_leg] run data modify entity @s {} merge value {transformation:[-0.908542027361173f,-0.0034180267129239918f,-0.41777948921870167f,0.11242875996665246f,0f,0.9999665339174011f,-0.008181139603937002f,0.421561222262245f,0.41779347112951576f,-0.007432909161885708f,-0.9085116220186408f,-0.05470106180551164f,0f,0f,0f,1f],start_interpolation:0}
execute if entity @s[tag=aj.tultaria.bone.right_foot] run data modify entity @s {} merge value {transformation:[-0.908542027361173f,0.13645108083524354f,-0.3948828776451866f,0.004704861300651744f,0f,0.945162873363268f,0.32659936132162243f,0.06752579942956505f,0.41779347112951576f,0.2967292458700111f,-0.8587201931519749f,0.3094221742504736f,0f,0f,0f,1f],start_interpolation:0}
execute if entity @s[tag=aj.tultaria.bone.right_leg] run data modify entity @s {} merge value {transformation:[-0.908542027361173f,-0.16303513382759408f,-0.38466989699776094f,-0.11470674687364078f,0f,0.9207178272982478f,-0.39022901288242795f,0.421561222262245f,0.41779347112951576f,-0.3545394584993503f,-0.8365108414411243f,0.0497473059768673f,0f,0f,0f,1f],start_interpolation:0}
execute if entity @s[tag=aj.tultaria.bone.lower] run data modify entity @s {} merge value {transformation:[-0.908542027361173f,0.01822389525590667f,-0.41739582432045397f,0f,0f,0.9990482215818578f,0.043619387365336f,0.48400173611111114f,0.41779347112951576f,0.0396300466291547f,-0.9076772966675555f,0f,0f,0f,0f,1f],start_interpolation:0}