execute if entity @s[tag=aj.tultaria.bone.head] run data modify entity @s {} merge value {transformation:[-0.7182336697104348f,0.22498123059929998f,-0.6584252740989721f,0f,-0.06101247187455839f,0.922273757926028f,0.38169175222521995f,1.0992422916666666f,0.693121831981967f,0.3143160214163877f,-0.648681404628601f,0f,0f,0f,0f,1f],start_interpolation:0}
execute if entity @s[tag=aj.tultaria.bone.bust] run data modify entity @s {} merge value {transformation:[-0.4608834558747644f,0f,-0.8874606696079179f,0.6741720627413412f,0f,1f,0f,-0.05700770833333335f,0.8874606696079179f,0f,-0.4608834558747644f,-0.21328860686657675f,0f,0f,0f,1f],start_interpolation:0}
execute if entity @s[tag=aj.tultaria.bone.left_wing] run data modify entity @s {} merge value {transformation:[0.06964843857495362f,0.14591580330758028f,-0.9868422737951463f,-0.08212736770881701f,-0.21770310303658263f,0.9676237385158976f,0.12770927761427925f,1.0054922916666666f,0.9735268121281067f,0.20594387343551035f,0.0991598056778274f,-0.11307672383484046f,0f,0f,0f,1f],start_interpolation:0}
execute if entity @s[tag=aj.tultaria.bone.right_wing] run data modify entity @s {} merge value {transformation:[-0.8364358620767828f,0.2523954669653561f,-0.4864890305928891f,-0.13973779969316258f,0.21770310303658263f,0.9676237385158976f,0.12770927761427925f,1.0054922916666666f,0.5029715772885306f,0.0009104481631719702f,-0.8643024722422294f,-0.0021441401338506694f,0f,0f,0f,1f],start_interpolation:0}
execute if entity @s[tag=aj.tultaria.bone.body] run data modify entity @s {} merge value {transformation:[-0.4608834558747644f,0f,-0.8874606696079179f,0.6741720627413412f,0f,1f,0f,-0.05700770833333335f,0.8874606696079179f,0f,-0.4608834558747644f,-0.21328860686657675f,0f,0f,0f,1f],start_interpolation:0}
execute if entity @s[tag=aj.tultaria.bone.left_hand] run data modify entity @s {} merge value {transformation:[-0.45817829757250894f,-0.8216120487805436f,-0.33915525785721656f,0.24329704424639617f,-0.8838992051791787f,0.46140760393452285f,0.07632311651798934f,0.9391543705828042f,0.0937808227580322f,0.33474865844397383f,-0.9376291873404894f,-0.5338778864313862f,0f,0f,0f,1f],start_interpolation:0}
execute if entity @s[tag=aj.tultaria.bone.left_arm] run data modify entity @s {} merge value {transformation:[-0.45817829757250894f,-0.491508522294111f,-0.7406024710638068f,0.10081825597260471f,-0.8838992051791787f,0.3398511752198238f,0.32128394573230806f,0.9429922916666666f,0.0937808227580322f,0.8018232668200419f,-0.5901564250847927f,-0.19413202147673203f,0f,0f,0f,1f],start_interpolation:0}
execute if entity @s[tag=aj.tultaria.bone.rod] run data modify entity @s {} merge value {transformation:[0.2468538737097627f,-0.276287629453833f,-0.9771147889809395f,0.5016083166028076f,0.942738530923114f,0.43596798659852976f,0.11489550458635372f,0.821272306593746f,0.3772694360101453f,-0.9086374747235584f,0.3522367274725638f,0.3637920329598015f,0f,0f,0f,1f],start_interpolation:0}
execute if entity @s[tag=aj.tultaria.bone.sword] run data modify entity @s {} merge value {transformation:[0.000002362238025930744f,-0.000009661764934932254f,-0.0000010344708072054816f,0.5041412285250654f,0.000009021421348546547f,0.0000025762195900541077f,-0.0000034607874069075753f,0.8332418073380747f,0.000003610233837417659f,-1.1571934123123795e-7f,0.000009324849632740977f,0.418784246355205f,0f,0f,0f,1f],start_interpolation:0}
execute if entity @s[tag=aj.tultaria.bone.right_hand] run data modify entity @s {} merge value {transformation:[0.23622380259307438f,-0.9661764934932253f,-0.10344708072054815f,0.12636124645277955f,0.9021421348546546f,0.25762195900541074f,-0.3460787406907575f,0.8746206986344304f,0.36102338374176585f,-0.011571934123123795f,0.9324849632740977f,0.4760131780728923f,0f,0f,0f,1f],start_interpolation:0}
execute if entity @s[tag=aj.tultaria.bone.right_arm] run data modify entity @s {} merge value {transformation:[0.23622380259307438f,-0.7611841395743841f,-0.6039842884950506f,-0.10081825597260471f,0.9021421348546546f,0.4027400314948306f,-0.15472567838412915f,0.9429922916666666f,0.36102338374176585f,-0.5083297873349024f,0.7818330663893016f,0.19413202147673203f,0f,0f,0f,1f],start_interpolation:0}
execute if entity @s[tag=aj.tultaria.bone.skirt] run data modify entity @s {} merge value {transformation:[-0.7602227616481966f,-0.09129969444222416f,-0.6432151416647044f,0.03923692166969421f,0f,0.9900758474209708f,-0.14053403983962995f,0.3934356945696836f,0.6496624913537715f,-0.10683717587246114f,-0.7526781949675488f,0.04591430373046692f,0f,0f,0f,1f],start_interpolation:0}
execute if entity @s[tag=aj.tultaria.bone.left_foot] run data modify entity @s {} merge value {transformation:[-0.7602227616481966f,0.04353649274483311f,-0.6482020722517542f,0.2136022367408926f,0f,0.9977520341385662f,0.06701401623804912f,-0.035039650448920434f,0.6496624913537715f,0.05094558049362681f,-0.7585138068329265f,0.057545699200656525f,0f,0f,0f,1f],start_interpolation:0}
execute if entity @s[tag=aj.tultaria.bone.left_leg] run data modify entity @s {} merge value {transformation:[-0.7602227616481966f,-0.09129969444222416f,-0.6432151416647044f,0.09325672771433148f,0f,0.9900758474209708f,-0.14053403983962995f,0.38055177781780053f,0.6496624913537715f,-0.10683717587246114f,-0.7526781949675488f,-0.08328033961448883f,0f,0f,0f,1f],start_interpolation:0}
execute if entity @s[tag=aj.tultaria.bone.right_foot] run data modify entity @s {} merge value {transformation:[-0.7602227616481966f,0.043536492744833066f,-0.6482020722517543f,0.11770808281182805f,0f,0.9977520341385662f,0.0670140162380492f,0.06748483762350671f,0.6496624913537715f,0.050945580493626796f,-0.7585138068329266f,0.3301473713475106f,0f,0f,0f,1f],start_interpolation:0}
execute if entity @s[tag=aj.tultaria.bone.right_leg] run data modify entity @s {} merge value {transformation:[-0.7602227616481966f,-0.3304976971811519f,-0.559314423942334f,-0.09679896269771766f,0f,0.8609307623360407f,-0.5087221466217917f,0.38055177781780053f,0.6496624913537715f,-0.3867421552164173f,-0.6544991617309921f,0.07913528322395405f,0f,0f,0f,1f],start_interpolation:0}
execute if entity @s[tag=aj.tultaria.bone.lower] run data modify entity @s {} merge value {transformation:[-0.7602227616481966f,0.02833787986708941f,-0.6490441566154245f,0f,0f,0.9990482215818578f,0.043619387365336f,0.44299229166666665f,0.6496624913537715f,0.033160451124278185f,-0.7594991980306793f,0f,0f,0f,0f,1f],start_interpolation:0}