execute if entity @s[tag=aj.tultaria.bone.head] run data modify entity @s {} merge value {transformation:[-0.95637540475839f,0.05201922299454266f,-0.2874718866467986f,0f,-0.008604108972775248f,0.9785768359438586f,0.2057020793839748f,1.147944375f,0.29201379159555185f,0.19920184886980974f,-0.9354392384996683f,0f,0f,0f,0f,1f],start_interpolation:0}
execute if entity @s[tag=aj.tultaria.bone.bust] run data modify entity @s {} merge value {transformation:[-0.7560984193332623f,0f,-0.6544579285803958f,0.705278173956829f,0f,1f,0f,-0.008305624999999983f,0.6544579285803958f,0f,-0.7560984193332623f,0.05082024537643326f,0f,0f,0f,1f],start_interpolation:0}
execute if entity @s[tag=aj.tultaria.bone.left_wing] run data modify entity @s {} merge value {transformation:[-0.4288832593354357f,0.0065559599114950635f,-0.9033361330376708f,-0.03455108986422051f,-0.034140609268704956f,0.9991416447550028f,0.023460445755129594f,1.054194375f,0.9027145554717588f,0.04090223839726416f,-0.428291300674574f,-0.13541592295293248f,0f,0f,0f,1f],start_interpolation:0}
execute if entity @s[tag=aj.tultaria.bone.right_wing] run data modify entity @s {} merge value {transformation:[-0.9548776397978165f,0.03953976037933844f,-0.2943557377787905f,-0.12906339228087838f,0.034140609268704956f,0.9991416447550028f,0.023460445755129594f,1.054194375f,0.29503069639092344f,0.01235237084175579f,-0.9554079270770547f,-0.053608681880383036f,0f,0f,0f,1f],start_interpolation:0}
execute if entity @s[tag=aj.tultaria.bone.body] run data modify entity @s {} merge value {transformation:[-0.7560984193332623f,0f,-0.6544579285803958f,0.705278173956829f,0f,1f,0f,-0.008305624999999983f,0.6544579285803958f,0f,-0.7560984193332623f,0.05082024537643326f,0f,0f,0f,1f],start_interpolation:0}
execute if entity @s[tag=aj.tultaria.bone.left_hand] run data modify entity @s {} merge value {transformation:[-0.8242392093268478f,-0.538664554204946f,-0.1745572222838106f,0.28979366241892757f,-0.4552482114162368f,0.8137157189951345f,-0.36140807221553417f,0.773206619156657f,0.336717673742514f,-0.21841984045278096f,-0.9159224756965033f,-0.41247780568994424f,0f,0f,0f,1f],start_interpolation:0}
execute if entity @s[tag=aj.tultaria.bone.left_arm] run data modify entity @s {} merge value {transformation:[-0.8242392093268478f,-0.27246610364619384f,-0.49637883533860944f,0.16539652922915113f,-0.4552482114162368f,0.8401526575353527f,0.29477547055106473f,0.991694375f,0.336717673742514f,0.4689410777487357f,-0.8165264685172698f,-0.14316267187696158f,0f,0f,0f,1f],start_interpolation:0}
execute if entity @s[tag=aj.tultaria.bone.rod] run data modify entity @s {} merge value {transformation:[0.08530473046938035f,-0.22502082728582126f,-0.09302005293027425f,0.5100970176136815f,-0.039494146380043255f,0.0844713243620931f,-0.24055936432038103f,0.15873822380098884f,0.24026509393013817f,0.0937775167517178f,-0.006516286566994829f,0.8885434026306231f,0f,0f,0f,1f],start_interpolation:0}
execute if entity @s[tag=aj.tultaria.bone.sword] run data modify entity @s {} merge value {transformation:[-0.0000024255814085145975f,-0.0000046384239090804086f,-0.000008520655988264026f,-0.044744537243175536f,0.000007371799676900608f,0.000004828310610237192f,-0.000004726942582126321f,0.6989800392480292f,0.0000063065937204101266f,-0.000007427815310758756f,0.0000022482071423561915f,0.7299267537942825f,0f,0f,0f,1f],start_interpolation:0}
execute if entity @s[tag=aj.tultaria.bone.right_hand] run data modify entity @s {} merge value {transformation:[-0.24255814085145974f,-0.46384239090804086f,-0.8520655988264024f,-0.2776731168403954f,0.7371799676900608f,0.4828310610237192f,-0.472694258212632f,0.8200755742187477f,0.6306593720410126f,-0.7427815310758755f,0.22482071423561914f,0.4492396925642053f,0f,0f,0f,1f],start_interpolation:0}
execute if entity @s[tag=aj.tultaria.bone.right_arm] run data modify entity @s {} merge value {transformation:[-0.24255814085145974f,-0.004109828697960893f,-0.970128165561003f,-0.16539652922915113f,0.7371799676900608f,0.6492859268189147f,-0.1870654443540648f,0.991694375f,0.6306593720410126f,-0.7605332961435524f,-0.1544599039034384f,0.14316267187696158f,0f,0f,0f,1f],start_interpolation:0}
execute if entity @s[tag=aj.tultaria.bone.skirt] run data modify entity @s {} merge value {transformation:[-0.8137245215331221f,0.009725814523497902f,-0.5811693484583872f,0.035105134426898756f,0f,0.999860000862632f,0.01673256331162259f,0.44213777790301695f,0.5812507230582097f,0.01361569707477277f,-0.8136106008020524f,0.04914558826625902f,0f,0f,0f,1f],start_interpolation:0}
execute if entity @s[tag=aj.tultaria.bone.left_foot] run data modify entity @s {} merge value {transformation:[-0.8137245215331221f,0.21696412968835804f,-0.5392392506895851f,0.16852207736706723f,0f,0.9277222879868701f,0.3732711566306817f,-0.010276459640220448f,0.5812507230582097f,0.3037398933314166f,-0.7549103749077293f,0.020869731928178134f,0f,0f,0f,1f],start_interpolation:0}
execute if entity @s[tag=aj.tultaria.bone.left_leg] run data modify entity @s {} merge value {transformation:[-0.8137245215331221f,0.009725814523497902f,-0.5811693484583872f,0.10013095266379916f,0f,0.999860000862632f,0.01673256331162259f,0.4292538611511339f,0.5812507230582097f,0.01361569707477277f,-0.8136106008020524f,-0.07487472570186533f,0f,0f,0f,1f],start_interpolation:0}
execute if entity @s[tag=aj.tultaria.bone.right_foot] run data modify entity @s {} merge value {transformation:[-0.8137245215331221f,0.21696412968835807f,-0.539239250689585f,0.05765191907072416f,0f,0.9277222879868702f,0.37327115663068183f,0.06820809327305916f,0.5812507230582097f,0.3037398933314166f,-0.7549103749077292f,0.2957635551088596f,0f,0f,0f,1f],start_interpolation:0}
execute if entity @s[tag=aj.tultaria.bone.right_leg] run data modify entity @s {} merge value {transformation:[-0.8137245215331221f,-0.21341840007817772f,-0.5406523740480222f,-0.10330017771948137f,0f,0.9301534649340613f,-0.36717098424461625f,0.4292538611511339f,0.5812507230582097f,-0.29877603347529585f,-0.7568886832058446f,0.07043795506268709f,0f,0f,0f,1f],start_interpolation:0}
execute if entity @s[tag=aj.tultaria.bone.lower] run data modify entity @s {} merge value {transformation:[-0.8137245215331221f,0.025353800445457687f,-0.5806975011644734f,0f,0f,0.9990482215818578f,0.043619387365336f,0.491694375f,0.5812507230582097f,0.03549416511342595f,-0.8129500360952138f,0f,0f,0f,0f,1f],start_interpolation:0}