execute if entity @s[tag=aj.tultaria.bone.head] run data modify entity @s {} merge value {transformation:[-0.6914599169017768f,0.2627122405519612f,-0.6729527932792585f,0f,-0.07803229799855707f,0.8989209571182082f,0.4311056405601172f,1.08253f,0.7181880977760995f,0.3506043233017143f,-0.6010677704676026f,0f,0f,0f,0f,1f],start_interpolation:0}
execute if entity @s[tag=aj.tultaria.bone.bust] run data modify entity @s {} merge value {transformation:[-0.46096570107301726f,0f,-0.8874179525084342f,0.6741918267907258f,0f,1f,0f,-0.07372000000000001f,0.8874179525084342f,0f,-0.46096570107301726f,-0.2132261257177085f,0f,0f,0f,1f],start_interpolation:0}
execute if entity @s[tag=aj.tultaria.bone.left_wing] run data modify entity @s {} merge value {transformation:[0.11941547701540123f,0.18748036806540905f,-0.9749825923775475f,-0.08211688774649073f,-0.2722519351272469f,0.9505511214203548f,0.14943710846364489f,0.98878f,0.9547873206471971f,0.24759579389917868f,0.16455240859611237f,-0.11308433466590428f,0f,0f,0f,1f],start_interpolation:0}
execute if entity @s[tag=aj.tultaria.bone.right_wing] run data modify entity @s {} merge value {transformation:[-0.8498146808577298f,0.3103728404264857f,-0.42600904699814784f,-0.13973760038061778f,0.2722519351272469f,0.9505511214203548f,0.14943710846364489f,0.98878f,0.4513245971782884f,0.011012061210374305f,-0.892291904305847f,-0.0021570906023500314f,0f,0f,0f,1f],start_interpolation:0}
execute if entity @s[tag=aj.tultaria.bone.body] run data modify entity @s {} merge value {transformation:[-0.46096570107301726f,0f,-0.8874179525084342f,0.6741918267907258f,0f,1f,0f,-0.07372000000000001f,0.8874179525084342f,0f,-0.46096570107301726f,-0.2132261257177085f,0f,0f,0f,1f],start_interpolation:0}
execute if entity @s[tag=aj.tultaria.bone.left_hand] run data modify entity @s {} merge value {transformation:[-0.44642858301288685f,-0.8162470347351403f,-0.36666374044237976f,0.2504740356022308f,-0.8919450312981443f,0.4387370475332328f,0.10928798774053089f,0.9294430620742327f,0.07166297099380262f,0.3758331829521079f,-0.9239122453893708f,-0.5307838046465889f,0f,0f,0f,1f],start_interpolation:0}
execute if entity @s[tag=aj.tultaria.bone.left_arm] run data modify entity @s {} merge value {transformation:[-0.44642858301288685f,-0.5134291282997486f,-0.7328656428585436f,0.10083624710972253f,-0.8919450312981443f,0.320920520759166f,0.31850287361061325f,0.92628f,0.07166297099380262f,0.7958646553083168f,-0.6012186532529704f,-0.19412267711122f,0f,0f,0f,1f],start_interpolation:0}
execute if entity @s[tag=aj.tultaria.bone.rod] run data modify entity @s {} merge value {transformation:[0.25261239840653094f,-0.3770004582897066f,-0.9800294029367952f,0.4972471813808836f,0.9680032554864002f,0.4742024425849449f,0.0670950133333576f,0.8141962263013414f,0.4068865610204293f,-0.8940932266245077f,0.44882137712585096f,0.338300868600676f,0f,0f,0f,1f],start_interpolation:0}
execute if entity @s[tag=aj.tultaria.bone.sword] run data modify entity @s {} merge value {transformation:[0.0000023390036889493607f,-0.000009714365320644968f,-4.002101449634499e-7f,0.5026805828543341f,0.000008962993106355557f,0.0000023139375801248962f,-0.0000037829152053288913f,0.8244731647337233f,0.0000037674681575965678f,5.261171849845953e-7f,0.000009248209793747103f,0.3934251900013548f,0f,0f,0f,1f],start_interpolation:0}
execute if entity @s[tag=aj.tultaria.bone.right_hand] run data modify entity @s {} merge value {transformation:[0.23390036889493604f,-0.9714365320644968f,-0.04002101449634499f,0.12795585504465418f,0.8962993106355557f,0.2313937580124896f,-0.3782915205328891f,0.8536824454894139f,0.37674681575965674f,0.052611718498459525f,0.9248209793747102f,0.47363288545943705f,0f,0f,0f,1f],start_interpolation:0}
execute if entity @s[tag=aj.tultaria.bone.right_arm] run data modify entity @s {} merge value {transformation:[0.23390036889493604f,-0.7653244263214689f,-0.5996408424269708f,-0.10083624710972253f,0.8962993106355557f,0.4087198272896373f,-0.17203385868647175f,0.92628f,0.37674681575965674f,-0.49721889068703273f,0.7815594741022055f,0.19412267711122f,0f,0f,0f,1f],start_interpolation:0}
execute if entity @s[tag=aj.tultaria.bone.skirt] run data modify entity @s {} merge value {transformation:[-0.75164552394259f,-0.12788476863837184f,-0.6470506102982823f,0.03983513028374837f,0f,0.981022896163595f,-0.19389192144798734f,0.3767234029030169f,0.6595672871944677f,-0.14573799488500797f,-0.7373814687865624f,0.04539627412513148f,0f,0f,0f,1f],start_interpolation:0}
execute if entity @s[tag=aj.tultaria.bone.left_foot] run data modify entity @s {} merge value {transformation:[-0.75164552394259f,-0.027159743710145734f,-0.6590078562951042f,0.22898848299729424f,0f,0.9991518213376787f,-0.04117812426033482f,-0.041121540739440465f,0.6595672871944677f,-0.03095135278463247f,-0.7510079942475526f,0.0714380006318108f,0f,0f,0f,1f],start_interpolation:0}
execute if entity @s[tag=aj.tultaria.bone.left_leg] run data modify entity @s {} merge value {transformation:[-0.75164552394259f,-0.12788476863837184f,-0.6470506102982823f,0.09215757043072129f,0f,0.981022896163595f,-0.19389192144798734f,0.3638394861511339f,0.6595672871944677f,-0.14573799488500797f,-0.7373814687865624f,-0.0844950557287005f,0f,0f,0f,1f],start_interpolation:0}
execute if entity @s[tag=aj.tultaria.bone.right_foot] run data modify entity @s {} merge value {transformation:[-0.75164552394259f,-0.02715974371014568f,-0.6590078562951043f,0.13287584865646038f,0f,0.9991518213376787f,-0.04117812426033468f,0.06909409446207299f,0.6595672871944677f,-0.03095135278463229f,-0.7510079942475527f,0.3409440420237198f,0f,0f,0f,1f],start_interpolation:0}
execute if entity @s[tag=aj.tultaria.bone.right_leg] run data modify entity @s {} merge value {transformation:[-0.75164552394259f,-0.3657656687278058f,-0.5488574331437723f,-0.09575381055492621f,0f,0.8321477486829125f,-0.5545539868777072f,0.3638394861511339f,0.6595672871944677f,-0.41682802202114644f,-0.6254801305564146f,0.08039676606991641f,0f,0f,0f,1f],start_interpolation:0}
execute if entity @s[tag=aj.tultaria.bone.lower] run data modify entity @s {} merge value {transformation:[-0.75164552394259f,0.028769920993639304f,-0.6589395252852034f,0f,0f,0.9990482215818578f,0.043619387365336f,0.42628f,0.6595672871944677f,0.032786317270272765f,-0.7509301239548083f,0f,0f,0f,0f,1f],start_interpolation:0}