execute if entity @s[tag=aj.tultaria.bone.head] run data modify entity @s {} merge value {transformation:[-0.9181730291963157f,0.07823914807340106f,-0.3883772961505478f,0f,-0.016876719172260322f,0.9716920653627567f,0.23564741980560888f,1.140251736111111f,0.3958199904078146f,0.22291963982522633f,-0.8908610269698349f,0f,0f,0f,0f,1f],start_interpolation:0}
execute if entity @s[tag=aj.tultaria.bone.bust] run data modify entity @s {} merge value {transformation:[-0.6901249429718033f,0f,-0.7236902397353203f,0.7069075913535618f,0f,1f,0f,-0.015998263888888864f,0.7236902397353203f,0f,-0.6901249429718033f,-0.016782648381758525f,0f,0f,0f,1f],start_interpolation:0}
execute if entity @s[tag=aj.tultaria.bone.left_wing] run data modify entity @s {} merge value {transformation:[-0.3213067489834377f,0.020613557343504587f,-0.9467507878588433f,-0.04732847103117732f,-0.0651512356002645f,0.996912943608531f,0.043816656256869604f,1.046501736111111f,0.944731331944407f,0.07576057100774712f,-0.31897185819932f,-0.1314962578549329f,0f,0f,0f,1f],start_interpolation:0}
execute if entity @s[tag=aj.tultaria.bone.right_wing] run data modify entity @s {} merge value {transformation:[-0.9284193177756058f,0.07665343590494887f,-0.3635406733022382f,-0.13359408890265267f,0.0651512356002645f,0.996912943608531f,0.043816656256869604f,1.046501736111111f,0.36577709999511676f,0.016995106052618187f,-0.9305473010489165f,-0.04103497788801791f,0f,0f,0f,1f],start_interpolation:0}
execute if entity @s[tag=aj.tultaria.bone.body] run data modify entity @s {} merge value {transformation:[-0.6901249429718033f,0f,-0.7236902397353203f,0.7069075913535618f,0f,1f,0f,-0.015998263888888864f,0.7236902397353203f,0f,-0.6901249429718033f,-0.016782648381758525f,0f,0f,0f,1f],start_interpolation:0}
execute if entity @s[tag=aj.tultaria.bone.left_hand] run data modify entity @s {} merge value {transformation:[-0.7199659545594445f,-0.6731291582297514f,-0.16895609079347967f,0.2984561500469921f,-0.6223415468853584f,0.7339369019774749f,-0.27208017740373114f,0.8187187502797363f,0.3071482106339663f,-0.09074006974106297f,-0.9473258238049568f,-0.4527049861657917f,0f,0f,0f,1f],start_interpolation:0}
execute if entity @s[tag=aj.tultaria.bone.left_arm] run data modify entity @s {} merge value {transformation:[-0.7199659545594445f,-0.38938746639849015f,-0.5744792644535335f,0.15096483127508198f,-0.6223415468853584f,0.7285825338034227f,0.28610922819252727f,0.9840017361111111f,0.3071482106339663f,0.5635112176774738f,-0.7668866176013268f,-0.15830723994210133f,0f,0f,0f,1f],start_interpolation:0}
execute if entity @s[tag=aj.tultaria.bone.rod] run data modify entity @s {} merge value {transformation:[0.28437343614020405f,-0.14553880583210843f,0.3846429575785537f,0.9645227792192589f,0.1951746967518436f,-0.3638652723543243f,-0.2819732280241145f,0.9016275723364571f,0.3619925228034955f,0.31051653671177837f,-0.15013625099516642f,0.3736266132038236f,0f,0f,0f,1f],start_interpolation:0}
execute if entity @s[tag=aj.tultaria.bone.sword] run data modify entity @s {} merge value {transformation:[6.422160670103708e-7f,-0.000007401079336351946f,-0.000006694145440629295f,0.26456387387342084f,0.000008934712525684426f,0.00000341433846211416f,-0.0000029177396987232664f,0.8310930533538086f,0.000004445050124200127f,-0.000005793644580326978f,0.000006831925926866911f,0.6868357934395606f,0f,0f,0f,1f],start_interpolation:0}
execute if entity @s[tag=aj.tultaria.bone.right_hand] run data modify entity @s {} merge value {transformation:[0.06422160670103708f,-0.7401079336351946f,-0.6694145440629294f,-0.06728153770410092f,0.8934712525684426f,0.341433846211416f,-0.2917739698723266f,0.9084149276440502f,0.44450501242001267f,-0.5793644580326978f,0.6831925926866911f,0.5090577613428213f,0f,0f,0f,1f],start_interpolation:0}
execute if entity @s[tag=aj.tultaria.bone.right_arm] run data modify entity @s {} merge value {transformation:[0.06422160670103708f,-0.4665207055174089f,-0.8821757288410719f,-0.15096483127508198f,0.8934712525684426f,0.4206354407658508f,-0.1574005934089725f,0.9840017361111111f,0.44450501242001267f,-0.7780901344286905f,0.44383672294913473f,0.15830723994210133f,0f,0f,0f,1f],start_interpolation:0}
execute if entity @s[tag=aj.tultaria.bone.skirt] run data modify entity @s {} merge value {transformation:[-0.8053078857111221f,-0.004850244410883876f,-0.5928369795657463f,0.035806094585405714f,0f,0.9999665339174011f,-0.008181139603937133f,0.43444513901412807f,0.5928568201610591f,-0.006588336237154144f,-0.8052809352109014f,0.04863725834900923f,0f,0f,0f,1f],start_interpolation:0}
execute if entity @s[tag=aj.tultaria.bone.left_foot] run data modify entity @s {} merge value {transformation:[-0.8053078857111221f,0.19362665881976968f,-0.5603462556364368f,0.17527383688369608f,0f,0.9451628733632677f,0.3265993613216221f,-0.014901493876125771f,0.5928568201610591f,0.2630130411405183f,-0.7611471152008222f,0.02723997169653565f,0f,0f,0f,1f],start_interpolation:0}
execute if entity @s[tag=aj.tultaria.bone.left_leg] run data modify entity @s {} merge value {transformation:[-0.8053078857111221f,-0.004850244410883876f,-0.5928369795657463f,0.09904723250821611f,0f,0.9999665339174011f,-0.008181139603937133f,0.421561222262245f,0.5928568201610591f,-0.006588336237154144f,-0.8052809352109014f,-0.07630254230858197f,0f,0f,0f,1f],start_interpolation:0}
execute if entity @s[tag=aj.tultaria.bone.right_foot] run data modify entity @s {} merge value {transformation:[-0.8053078857111221f,0.19362665881976984f,-0.5603462556364368f,0.06716758662416893f,0f,0.945162873363268f,0.3265993613216223f,0.0675257994295651f,0.5928568201610591f,0.2630130411405185f,-0.7611471152008222f,0.30208067290846935f,0f,0f,0f,1f],start_interpolation:0}
execute if entity @s[tag=aj.tultaria.bone.right_leg] run data modify entity @s {} merge value {transformation:[-0.8053078857111221f,-0.23134993171206525f,-0.5458538433576384f,-0.10227973891956442f,0f,0.9207178272982478f,-0.39022901288242806f,0.421561222262245f,0.5928568201610591f,-0.31425450130748633f,-0.74146132683809f,0.07191166273168281f,0f,0f,0f,1f],start_interpolation:0}
execute if entity @s[tag=aj.tultaria.bone.lower] run data modify entity @s {} merge value {transformation:[-0.8053078857111221f,0.02586005129078658f,-0.5922925518345814f,0f,0f,0.9990482215818578f,0.043619387365336f,0.48400173611111114f,0.5928568201610591f,0.03512703661519317f,-0.8045414110455426f,0f,0f,0f,0f,1f],start_interpolation:0}