execute if entity @s[tag=aj.tultaria.bone.head] run data modify entity @s {} merge value {transformation:[-0.9911649675475928f,-0.012263548945027798f,0.13206669706497642f,0f,0.007869895225232078f,0.9885242752356747f,0.1508569588017999f,1.0619444444444444f,-0.13240117769688917f,0.15056348374375833f,-0.9796941183386882f,0f,0f,0f,0f,1f],start_interpolation:0}
execute if entity @s[tag=aj.tultaria.bone.bust] run data modify entity @s {} merge value {transformation:[-0.9522316704988194f,0f,0.30537656376845246f,0.3234275533651835f,0f,1f,0f,-0.09430555555555553f,-0.30537656376845246f,0f,-0.9522316704988194f,0.6288041171336359f,0f,0f,0f,1f],start_interpolation:0}
execute if entity @s[tag=aj.tultaria.bone.left_wing] run data modify entity @s {} merge value {transformation:[-0.8815585797795568f,-0.24279319641422187f,-0.40485297848974233f,0.09768654987723277f,-0.33216677738981637f,0.9284063122912042f,0.1665141174084383f,0.9681944444444445f,0.33543956596608426f,0.2812706580374356f,-0.8990923837468945f,-0.09994292357682422f,0f,0f,0f,1f],start_interpolation:0}
execute if entity @s[tag=aj.tultaria.bone.right_wing] run data modify entity @s {} merge value {transformation:[-0.5220549312627069f,0.03392895306789655f,0.8522367481445556f,-0.021342408935119628f,0.33216677738981637f,0.9284063122912042f,0.1665141174084383f,0.9681944444444445f,-0.7855723268692416f,0.37001425032228613f,-0.49594916454782134f,-0.13811499404788063f,0f,0f,0f,1f],start_interpolation:0}
execute if entity @s[tag=aj.tultaria.bone.body] run data modify entity @s {} merge value {transformation:[-0.9522316704988194f,0f,0.30537656376845246f,0.3234275533651835f,0f,1f,0f,-0.09430555555555553f,-0.30537656376845246f,0f,-0.9522316704988194f,0.6288041171336359f,0f,0f,0f,1f],start_interpolation:0}
execute if entity @s[tag=aj.tultaria.bone.left_hand] run data modify entity @s {} merge value {transformation:[-0.44740020110342904f,-0.7536748853285874f,0.4814636302749684f,0.5681740924972785f,-0.7542738769078522f,0.60724172928761f,0.2496565657582253f,0.8551820057068845f,-0.48052469100662176f,-0.2514590412706078f,-0.8401573494865455f,0.00612323184451808f,0f,0f,0f,1f],start_interpolation:0}
execute if entity @s[tag=aj.tultaria.bone.left_arm] run data modify entity @s {} merge value {transformation:[-0.44740020110342904f,-0.8767290895366288f,0.17657622606932333f,0.20830067792161674f,-0.7542738769078522f,0.4759896241840271f,0.45222206523294145f,0.9056944444444445f,-0.48052469100662176f,0.06913740832156018f,-0.874251702945764f,0.06680112332434898f,0f,0f,0f,1f],start_interpolation:0}
execute if entity @s[tag=aj.tultaria.bone.rod] run data modify entity @s {} merge value {transformation:[-0.1786286290654277f,-0.8919780310991644f,0.4152914698313268f,-0.8395930053461454f,0.9789873259270908f,-0.11892958057019462f,0.16564893763475114f,0.8535032986568647f,-0.09836477292369435f,0.4361547281663417f,0.8944794153840626f,-0.3929096102434519f,0f,0f,0f,1f],start_interpolation:0}
execute if entity @s[tag=aj.tultaria.bone.sword] run data modify entity @s {} merge value {transformation:[-0.0000017862862906542772f,0.000008741835884825357f,0.000004515471918925004f,-0.824008875384479f,0.000009789873259270909f,0.000002037919675462297f,-7.25600701216252e-8f,0.8837565272633912f,-9.836477292369435e-7f,0.000004407628473356543f,-0.00000892217733435195f,-0.4378062156520921f,0f,0f,0f,1f],start_interpolation:0}
execute if entity @s[tag=aj.tultaria.bone.right_hand] run data modify entity @s {} merge value {transformation:[-0.1786286290654277f,0.8741835884825356f,0.45154719189250037f,-0.455330760678632f,0.9789873259270908f,0.2037919675462297f,-0.007256007012162519f,0.9290182856101805f,-0.09836477292369435f,0.44076284733565424f,-0.892217733435195f,-0.3391507591719809f,0f,0f,0f,1f],start_interpolation:0}
execute if entity @s[tag=aj.tultaria.bone.right_arm] run data modify entity @s {} merge value {transformation:[-0.1786286290654277f,0.8187367209182986f,0.5456757230243598f,-0.20830067792161674f,0.9789873259270908f,0.2033402041319049f,0.015381061657744444f,0.9056944444444445f,-0.09836477292369435f,0.5369571148644436f,-0.8378552549480862f,-0.06680112332434898f,0f,0f,0f,1f],start_interpolation:0}
execute if entity @s[tag=aj.tultaria.bone.skirt] run data modify entity @s {} merge value {transformation:[-0.8922643647609234f,0.11686025356768134f,0.43612840369996897f,-0.02726953472325637f,0f,0.9659258262890684f,-0.25881904510252074f,0.3561378473474614f,-0.4515133479508506f,-0.2309350108664294f,-0.8618611937999856f,0.05388906925476078f,0f,0f,0f,1f],start_interpolation:0}
execute if entity @s[tag=aj.tultaria.bone.left_foot] run data modify entity @s {} merge value {transformation:[-0.8922643647609234f,0.07840447006395984f,0.4446538456504964f,0.007121555173314226f,0f,0.9848077530122082f,-0.17364817766693036f,-0.04698623776807398f,-0.4515133479508506f,-0.15494008093787554f,-0.8787088641530703f,0.2627733834129929f,0f,0f,0f,1f],start_interpolation:0}
execute if entity @s[tag=aj.tultaria.bone.left_leg] run data modify entity @s {} merge value {transformation:[-0.8922643647609234f,0.11686025356768134f,0.43612840369996897f,0.11276396657167093f,0f,0.9659258262890684f,-0.25881904510252074f,0.34325393059557835f,-0.4515133479508506f,-0.2309350108664294f,-0.8618611937999856f,0.05400666693393181f,0f,0f,0f,1f],start_interpolation:0}
execute if entity @s[tag=aj.tultaria.bone.right_foot] run data modify entity @s {} merge value {transformation:[-0.8922643647609234f,0.0784044700639599f,0.4446538456504965f,-0.27533128849176447f,0f,0.9848077530122081f,-0.17364817766693036f,0.072257022844253f,-0.4515133479508506f,-0.15494008093787548f,-0.8787088641530703f,0.267253000985579f,0f,0f,0f,1f],start_interpolation:0}
execute if entity @s[tag=aj.tultaria.bone.right_leg] run data modify entity @s {} merge value {transformation:[-0.8922643647609234f,0.27486391091507156f,0.3582096227828861f,-0.11030212461855993f,0f,0.7933533402912353f,-0.6087614290087207f,0.34325393059557835f,-0.4515133479508506f,-0.5431761297454181f,-0.7078809142059158f,-0.058871670053780835f,0f,0f,0f,1f],start_interpolation:0}
execute if entity @s[tag=aj.tultaria.bone.lower] run data modify entity @s {} merge value {transformation:[-0.8922643647609234f,-0.01969473562488789f,0.45108360729076785f,0f,0f,0.9990482215818578f,0.043619387365336f,0.40569444444444447f,-0.4515133479508506f,0.038920024958792175f,-0.8914151267952666f,0f,0f,0f,0f,1f],start_interpolation:0}