execute if entity @s[tag=aj.tultaria.bone.head] run data modify entity @s {} merge value {transformation:[-0.9998822002321646f,0.003006791182847725f,0.015051407431488154f,0f,0.005334542077574978f,0.9875691012071374f,0.1570949171735017f,1.0992422916666666f,-0.014391953297189702f,0.15715670379500057f,-0.9874688056503771f,0f,0f,0f,0f,1f],start_interpolation:0}
execute if entity @s[tag=aj.tultaria.bone.bust] run data modify entity @s {} merge value {transformation:[-0.9982912716748712f,0f,-0.058434038862367796f,0.5283626552686195f,0f,1f,0f,-0.057007708333333296f,0.058434038862367796f,0f,-0.9982912716748712f,0.4699286164062517f,0f,0f,0f,1f],start_interpolation:0}
execute if entity @s[tag=aj.tultaria.bone.left_wing] run data modify entity @s {} merge value {transformation:[-0.800615361460234f,-0.10220629984913918f,-0.5903972520812125f,0.05508894962188343f,-0.2177031030365825f,0.9676237385158976f,0.1277092776142792f,1.0054922916666666f,0.5582297035469737f,0.23077732326133293f,-0.7969450577964532f,-0.12843853638825686f,0f,0f,0f,1f],start_interpolation:0}
execute if entity @s[tag=aj.tultaria.bone.right_wing] run data modify entity @s {} merge value {transformation:[-0.8602756563330836f,0.12843274237614238f,0.49338709529782576f,-0.06969745933747551f,0.2177031030365825f,0.9676237385158976f,0.1277092776142792f,1.0054922916666666f,-0.4610110129367036f,0.21727708426399078f,-0.86038335328202f,-0.12113428153046091f,0f,0f,0f,1f],start_interpolation:0}
execute if entity @s[tag=aj.tultaria.bone.body] run data modify entity @s {} merge value {transformation:[-0.9982912716748712f,0f,-0.058434038862367796f,0.5283626552686195f,0f,1f,0f,-0.057007708333333296f,0.058434038862367796f,0f,-0.9982912716748712f,0.4699286164062517f,0f,0f,0f,1f],start_interpolation:0}
execute if entity @s[tag=aj.tultaria.bone.left_hand] run data modify entity @s {} merge value {transformation:[-0.7773831929373652f,-0.5498166670719499f,0.3055765107929595f,0.5054146887634315f,-0.5770412691110531f,0.8167135985736722f,0.0015071985760289897f,0.7961210777595267f,-0.25039717466699246f,-0.1751585867570728f,-0.9521663323201746f,-0.1910517619103346f,0f,0f,0f,1f],start_interpolation:0}
execute if entity @s[tag=aj.tultaria.bone.left_arm] run data modify entity @s {} merge value {transformation:[-0.7773831929373652f,-0.6286829863616122f,-0.020810430028039777f,0.21837621567887808f,-0.5770412691110531f,0.6995763051828566f,0.4214455682165939f,0.9429922916666666f,-0.25039717466699246f,0.3396331784236448f,-0.9066148901450056f,-0.012782446001142955f,0f,0f,0f,1f],start_interpolation:0}
execute if entity @s[tag=aj.tultaria.bone.rod] run data modify entity @s {} merge value {transformation:[-0.12595290812540658f,-0.42735870964713646f,0.5191602968722541f,-0.928236421240843f,0.672296472764156f,-0.0694843167068193f,0.10590749768387749f,0.9046826292588912f,-0.013428822309754687f,0.52968243188303f,0.4327622946963519f,-0.02320078434911277f,0f,0f,0f,1f],start_interpolation:0}
execute if entity @s[tag=aj.tultaria.bone.sword] run data modify entity @s {} merge value {transformation:[-0.0000018410803307203599f,0.000009820889405079573f,4.006925367790274e-7f,-0.9321115510081925f,0.000009827099912503654f,0.000001847324231279985f,-1.245009807048864e-7f,0.9348087181384109f,-1.9629193948115753e-7f,3.7084292863908825e-7f,-0.000009991193372003824f,-0.07064791559125932f,0f,0f,0f,1f],start_interpolation:0}
execute if entity @s[tag=aj.tultaria.bone.right_hand] run data modify entity @s {} merge value {transformation:[-0.18410803307203596f,0.9820889405079571f,0.04006925367790273f,-0.5549444118406213f,0.9827099912503653f,0.18473242312799848f,-0.01245009807048864f,0.9724010256730795f,-0.019629193948115752f,0.037084292863908824f,-0.9991193372003823f,-0.13418409167519477f,0f,0f,0f,1f],start_interpolation:0}
execute if entity @s[tag=aj.tultaria.bone.right_arm] run data modify entity @s {} merge value {transformation:[-0.18410803307203596f,0.9708143739827514f,0.15369997861686388f,-0.21837621567887808f,0.9827099912503653f,0.184929742214329f,0.009058892937245475f,0.9429922916666666f,-0.019629193948115752f,0.1527103196022461f,-0.9880760360579176f,0.012782446001142955f,0f,0f,0f,1f],start_interpolation:0}
execute if entity @s[tag=aj.tultaria.bone.skirt] run data modify entity @s {} merge value {transformation:[-0.9995208419859225f,0.004349946109670136f,0.030645789345285227f,-0.0018694311718702014f,0f,0.9900758474209708f,-0.14053403983962978f,0.39343569456968364f,-0.030952971355794452f,-0.14046670182818993f,-0.9896014446441344f,0.06036691590814399f,0f,0f,0f,1f],start_interpolation:0}
execute if entity @s[tag=aj.tultaria.bone.left_foot] run data modify entity @s {} merge value {transformation:[-0.9995208419859225f,-0.002074282925053089f,0.030883390132876685f,0.11929066451007875f,0f,0.9977520341385661f,0.06701401623804945f,-0.03503965044892038f,-0.030952971355794452f,0.06698190593511344f,-0.9972739532553464f,0.18629857862567978f,0f,0f,0f,1f],start_interpolation:0}
execute if entity @s[tag=aj.tultaria.bone.left_leg] run data modify entity @s {} merge value {transformation:[-0.9995208419859225f,0.004349946109670136f,0.030645789345285227f,0.1250244896012201f,0f,0.9900758474209708f,-0.14053403983962978f,0.3805517778178006f,-0.030952971355794452f,-0.14046670182818993f,-0.9896014446441344f,0.0011442159953298846f,0f,0f,0f,1f],start_interpolation:0}
execute if entity @s[tag=aj.tultaria.bone.right_foot] run data modify entity @s {} merge value {transformation:[-0.9995208419859225f,-0.0020742829250530934f,0.030883390132876685f,-0.13507584368769288f,0f,0.9977520341385662f,0.06701401623804948f,0.06748483762350677f,-0.030952971355794452f,0.06698190593511355f,-0.9972739532553465f,0.32343004810772485f,0f,0f,0f,1f],start_interpolation:0}
execute if entity @s[tag=aj.tultaria.bone.right_leg] run data modify entity @s {} merge value {transformation:[-0.9995208419859225f,0.01574646203244258f,0.02664836522590975f,-0.12485572089526052f,0f,0.8609307623360407f,-0.5087221466217916f,0.3805517778178006f,-0.030952971355794452f,-0.5084783883282991f,-0.8605182404617016f,-0.006594026843618728f,0f,0f,0f,1f],start_interpolation:0}
execute if entity @s[tag=aj.tultaria.bone.lower] run data modify entity @s {} merge value {transformation:[-0.9995208419859225f,-0.0013501496476765477f,0.030923510985680632f,0f,0f,0.9990482215818578f,0.043619387365336f,0.4429922916666667f,-0.030952971355794452f,0.04359848678631075f,-0.9985695196200369f,0f,0f,0f,0f,1f],start_interpolation:0}