execute if entity @s[tag=aj.tultaria.bone.head] run data modify entity @s {} merge value {transformation:[-0.9958213622168907f,-0.01001118153298635f,-0.09077219175942516f,0f,-0.0343210898798796f,0.9621337036201109f,0.27040857816960223f,1.037849375f,0.08462787567907804f,0.27239403921995475f,-0.9584568900349584f,0f,0f,0f,0f,1f],start_interpolation:0}
execute if entity @s[tag=aj.tultaria.bone.bust] run data modify entity @s {} merge value {transformation:[-0.9680268248587076f,0f,0.25084669890985f,0.3585900629744288f,0f,1f,0f,-0.11840062499999998f,-0.25084669890985f,0f,-0.9680268248587076f,0.6094367618842789f,0f,0f,0f,1f],start_interpolation:0}
execute if entity @s[tag=aj.tultaria.bone.left_wing] run data modify entity @s {} merge value {transformation:[-0.8032830715897343f,-0.24280538109377364f,-0.5438583030618074f,0.09185751391740049f,-0.3910239073432965f,0.903772448961783f,0.174056497677054f,0.944099375f,0.44926229619604474f,0.35247823678849816f,-0.8209278176594631f,-0.10532543442547282f,0f,0f,0f,1f],start_interpolation:0}
execute if entity @s[tag=aj.tultaria.bone.right_wing] run data modify entity @s {} merge value {transformation:[-0.4840059646892838f,0.04106678153563692f,0.8741005351785913f,-0.02914583918993796f,0.3910239073432965f,0.903772448961783f,0.174056497677054f,0.944099375f,-0.7828400411521991f,0.42603858974502f,-0.4534893493974227f,-0.13668127178920408f,0f,0f,0f,1f],start_interpolation:0}
execute if entity @s[tag=aj.tultaria.bone.body] run data modify entity @s {} merge value {transformation:[-0.9680268248587076f,0f,0.25084669890985f,0.3585900629744288f,0f,1f,0f,-0.11840062499999998f,-0.25084669890985f,0f,-0.9680268248587076f,0.6094367618842789f,0f,0f,0f,1f],start_interpolation:0}
execute if entity @s[tag=aj.tultaria.bone.left_hand] run data modify entity @s {} merge value {transformation:[-0.1093436114858617f,-0.9611664176716573f,0.2533832910186898f,0.5699429604172821f,-0.9098992673931402f,0.19940578185573543f,0.3637590649866056f,0.9586573204461852f,-0.40015909064352845f,-0.19077854099121294f,-0.896368367621598f,0.01606205544962555f,0f,0f,0f,1f],start_interpolation:0}
execute if entity @s[tag=aj.tultaria.bone.left_arm] run data modify entity @s {} merge value {transformation:[-0.1093436114858617f,-0.9909526407851704f,0.07782569208253745f,0.2117558679378423f,-0.9098992673931402f,0.13130406803115235f,0.3935004001470611f,0.881599375f,-0.40015909064352845f,-0.02778678533705356f,-0.9160243428730357f,0.054872715386529686f,0f,0f,0f,1f],start_interpolation:0}
execute if entity @s[tag=aj.tultaria.bone.rod] run data modify entity @s {} merge value {transformation:[-0.3218732252655867f,0.057480089288097336f,1.0741152659115156f,-0.874702849094622f,1.0748921009139358f,-0.02495244121539849f,0.32344131668947673f,0.7759307933853202f,0.040429401696774996f,1.1210278111110488f,-0.04787534298170992f,0.08012451744375404f,0f,0f,0f,1f],start_interpolation:0}
execute if entity @s[tag=aj.tultaria.bone.sword] run data modify entity @s {} merge value {transformation:[-0.0000028667580676796443f,0.000009136487745207416f,-0.0000028820634731158147f,-0.8971711405863513f,0.000009573507083845049f,0.0000028450998559842964f,-5.033576512250573e-7f,0.8034885140322185f,3.600837360425284e-7f,-0.000002903445968354302f,-0.000009562444311570384f,0.03642582140840084f,0f,0f,0f,1f],start_interpolation:0}
execute if entity @s[tag=aj.tultaria.bone.right_hand] run data modify entity @s {} merge value {transformation:[-0.2866758067679644f,0.9136487745207414f,-0.28820634731158146f,-0.5681103520632916f,0.9573507083845049f,0.2845099855984296f,-0.050335765122505725f,0.8763300673444181f,0.03600837360425284f,-0.2903445968354302f,-0.9562444311570383f,-0.148285260264162f,0f,0f,0f,1f],start_interpolation:0}
execute if entity @s[tag=aj.tultaria.bone.right_arm] run data modify entity @s {} merge value {transformation:[-0.2866758067679644f,0.9580261858673693f,-0.0016760090564746921f,-0.2117558679378423f,0.9573507083845049f,0.28653855715147625f,0.03708471951136867f,0.881599375f,0.03600837360425284f,0.0090267634272104f,-0.9993107197325592f,-0.054872715386529686f,0f,0f,0f,1f],start_interpolation:0}
execute if entity @s[tag=aj.tultaria.bone.skirt] run data modify entity @s {} merge value {transformation:[-0.8561668995302654f,0.17223337339313854f,0.48714875062792906f,-0.03120650033284129f,0f,0.9428088707403317f,-0.33333381654632765f,0.33204277790301695f,-0.5166993711518647f,-0.2853893802210596f,-0.8072017477113804f,0.05170893197643579f,0f,0f,0f,1f],start_interpolation:0}
execute if entity @s[tag=aj.tultaria.bone.left_foot] run data modify entity @s {} merge value {transformation:[-0.8561668995302654f,0.16773048584847652f,0.4887174278310183f,-0.027816200370349903f,0f,0.9458448279925966f,-0.32461910196360255f,-0.05165329272947028f,-0.5166993711518647f,-0.27792813005647665f,-0.8098010338191585f,0.28801140147711984f,0f,0f,0f,1f],start_interpolation:0}
execute if entity @s[tag=aj.tultaria.bone.left_leg] run data modify entity @s {} merge value {transformation:[-0.8561668995302654f,0.17223337339313854f,0.48714875062792906f,0.10842949431763935f,0f,0.9428088707403317f,-0.33333381654632765f,0.3191588611511339f,-0.5166993711518647f,-0.2853893802210596f,-0.8072017477113804f,0.062253329166483753f,0f,0f,0f,1f],start_interpolation:0}
execute if entity @s[tag=aj.tultaria.bone.right_foot] run data modify entity @s {} merge value {transformation:[-0.8561668995302654f,0.16773048584847644f,0.4887174278310181f,-0.30480837520136816f,0f,0.9458448279925964f,-0.32461910196360244f,0.07748085006900896f,-0.5166993711518647f,-0.27792813005647654f,-0.8098010338191584f,0.26314497198613923f,0f,0f,0f,1f],start_interpolation:0}
execute if entity @s[tag=aj.tultaria.bone.right_leg] run data modify entity @s {} merge value {transformation:[-0.8561668995302654f,0.34554664445595573f,0.3841559014956841f,-0.105612230564927f,0f,0.7434804897077679f,-0.6687576253201885f,0.3191588611511339f,-0.5166993711518647f,-0.5725681426076086f,-0.636543385734343f,-0.06692151362148242f,0f,0f,0f,1f],start_interpolation:0}
execute if entity @s[tag=aj.tultaria.bone.lower] run data modify entity @s {} merge value {transformation:[-0.8561668995302654f,-0.022538110021698705f,0.5162075878417347f,0f,0f,0.9990482215818578f,0.043619387365336f,0.381599375f,-0.5166993711518647f,0.037345475639989356f,-0.8553520183529647f,0f,0f,0f,0f,1f],start_interpolation:0}