execute if entity @s[tag=aj.tultaria.bone.head] run data modify entity @s {} merge value {transformation:[-0.6800685625892746f,0.29769214460926097f,-0.6699896545587081f,0f,-0.1003052260552401f,0.8674795380809752f,0.4872556953354421f,1.057370625f,0.7262545089731047f,0.39857074409539506f,-0.5600854846784356f,0f,0f,0f,0f,1f],start_interpolation:0}
execute if entity @s[tag=aj.tultaria.bone.bust] run data modify entity @s {} merge value {transformation:[-0.5110574251631241f,0f,-0.8595465712721085f,0.6853019982176163f,0f,1f,0f,-0.09887937499999999f,0.8595465712721085f,0f,-0.5110574251631241f,-0.1742445730544922f,0f,0f,0f,1f],start_interpolation:0}
execute if entity @s[tag=aj.tultaria.bone.left_wing] run data modify entity @s {} merge value {transformation:[0.14394346061730917f,0.22972971982603416f,-0.9625510562947637f,-0.07550223233631836f,-0.3443065131861158f,0.923534548321467f,0.168928869747841f,0.963620625f,0.9277571369292356f,0.30709639184678783f,0.21203419769356063f,-0.11760383884989734f,0f,0f,0f,1f],start_interpolation:0}
execute if entity @s[tag=aj.tultaria.bone.right_wing] run data modify entity @s {} merge value {transformation:[-0.8838392069712644f,0.3795294122644087f,-0.27346970846263646f,-0.1393844104817088f,0.3443065131861158f,0.923534548321467f,0.168928869747841f,0.963620625f,0.3166721983345332f,0.055148556489689776f,-0.9469304913873446f,-0.010160517440883754f,0f,0f,0f,1f],start_interpolation:0}
execute if entity @s[tag=aj.tultaria.bone.body] run data modify entity @s {} merge value {transformation:[-0.5110574251631241f,0f,-0.8595465712721085f,0.6853019982176163f,0f,1f,0f,-0.09887937499999999f,0.8595465712721085f,0f,-0.5110574251631241f,-0.1742445730544922f,0f,0f,0f,1f],start_interpolation:0}
execute if entity @s[tag=aj.tultaria.bone.left_hand] run data modify entity @s {} merge value {transformation:[-0.4467530672446851f,-0.8102208799035825f,-0.3794124703745656f,0.2826947619405844f,-0.8930728192294218f,0.42910125258550547f,0.13525181914918077f,0.9011517556015601f,0.05322251836467762f,0.3992671296235326f,-0.9152885461651461f,-0.5144228892853377f,0f,0f,0f,1f],start_interpolation:0}
execute if entity @s[tag=aj.tultaria.bone.left_arm] run data modify entity @s {} merge value {transformation:[-0.4467530672446851f,-0.5645982655150796f,-0.6940032388143659f,0.1117938117544334f,-0.8930728192294218f,0.3275835709440562f,0.3083990006487585f,0.901120625f,0.05322251836467762f,0.7575736285173238f,-0.6505763298138179f,-0.18802581246577374f,0f,0f,0f,1f],start_interpolation:0}
execute if entity @s[tag=aj.tultaria.bone.rod] run data modify entity @s {} merge value {transformation:[0.21114276235858706f,-0.3546248811214398f,-1.0369975602376644f,0.4632965710485661f,0.9916958552657996f,0.5113826180193809f,0.027039988571682633f,0.7904098248310608f,0.4665426849688011f,-0.9265166075267766f,0.41183602492357757f,0.38736595709305527f,0f,0f,0f,1f],start_interpolation:0}
execute if entity @s[tag=aj.tultaria.bone.sword] run data modify entity @s {} merge value {transformation:[0.0000018917718877324876f,-0.00000975038563504792f,-0.0000011624022938020257f,0.4637595974455331f,0.00000888527894215251f,0.000002203693141071814f,-0.00000402437009482654f,0.799312086705788f,0.000004180073832473081f,-2.715078412204708e-7f,0.000009080378089442619f,0.4429929601137959f,0f,0f,0f,1f],start_interpolation:0}
execute if entity @s[tag=aj.tultaria.bone.right_hand] run data modify entity @s {} merge value {transformation:[0.18917718877324874f,-0.975038563504792f,-0.11624022938020256f,0.08312708106174374f,0.888527894215251f,0.2203693141071814f,-0.402437009482654f,0.8227436914359221f,0.41800738324730813f,-0.027150784122047078f,0.9080378089442618f,0.4906891391653203f,0f,0f,0f,1f],start_interpolation:0}
execute if entity @s[tag=aj.tultaria.bone.right_arm] run data modify entity @s {} merge value {transformation:[0.18917718877324874f,-0.7025481060330666f,-0.6860307208552702f,-0.1117938117544334f,0.888527894215251f,0.4198834547556224f,-0.18497585146146656f,0.901120625f,0.41800738324730813f,-0.5745642201980854f,0.703665960821542f,0.18802581246577374f,0f,0f,0f,1f],start_interpolation:0}
execute if entity @s[tag=aj.tultaria.bone.skirt] run data modify entity @s {} merge value {transformation:[-0.7683049734440642f,-0.17480619143391968f,-0.6157517870193182f,0.03865841769766507f,0f,0.9619859761556362f,-0.2730988496495138f,0.35156402790301694f,0.6400839536975723f,-0.2098232044275742f,-0.7390986098638183f,0.04640243582270379f,0f,0f,0f,1f],start_interpolation:0}
execute if entity @s[tag=aj.tultaria.bone.left_foot] run data modify entity @s {} merge value {transformation:[-0.7683049734440642f,-0.12977354500137106f,-0.6267904712093931f,0.24773979944009578f,0f,0.9792316579545749f,-0.20274456850809702f,-0.04805139721076768f,0.6400839536975723f,-0.15576966032354173f,-0.7523485529603766f,0.10207992194213376f,0f,0f,0f,1f],start_interpolation:0}
execute if entity @s[tag=aj.tultaria.bone.left_leg] run data modify entity @s {} merge value {transformation:[-0.7683049734440642f,-0.17480619143391968f,-0.6157517870193182f,0.09429311731034114f,0f,0.9619859761556362f,-0.2730988496495138f,0.3386801111511339f,0.6400839536975723f,-0.2098232044275742f,-0.7390986098638183f,-0.08210505622790722f,0f,0f,0f,1f],start_interpolation:0}
execute if entity @s[tag=aj.tultaria.bone.right_foot] run data modify entity @s {} merge value {transformation:[-0.7683049734440642f,-0.12977354500137095f,-0.6267904712093932f,0.1387128219455977f,0f,0.979231657954575f,-0.2027445685080969f,0.07312710016063512f,0.6400839536975723f,-0.15576966032354167f,-0.7523485529603766f,0.3617865276008433f,0f,0f,0f,1f],start_interpolation:0}
execute if entity @s[tag=aj.tultaria.bone.right_leg] run data modify entity @s {} merge value {transformation:[-0.7683049734440642f,-0.3971378697635386f,-0.5019850397977959f,-0.09778312605067492f,0f,0.7842487487742495f,-0.6204465327858832f,0.3386801111511339f,0.6400839536975723f,-0.4766921568955197f,-0.6025422141005403f,0.07791593219648586f,0f,0f,0f,1f],start_interpolation:0}
execute if entity @s[tag=aj.tultaria.bone.lower] run data modify entity @s {} merge value {transformation:[-0.7683049734440642f,0.0279200699226702f,-0.6394747356046439f,0f,0f,0.9990482215818578f,0.043619387365336f,0.401120625f,0.6400839536975723f,0.033512992251370825f,-0.7675737173517888f,0f,0f,0f,0f,1f],start_interpolation:0}