execute if entity @s[tag=aj.tultaria.bone.head] run data modify entity @s {} merge value {transformation:[-0.985964918056924f,-0.017867670315784394f,0.16599375505870595f,0f,0.007638997268957729f,0.9883871620975979f,0.15176450020140297f,1.0491929861111111f,-0.16677777454363657f,0.15090249884658377f,-0.9743785762013287f,0f,0f,0f,0f,1f],start_interpolation:0}
execute if entity @s[tag=aj.tultaria.bone.bust] run data modify entity @s {} merge value {transformation:[-0.904924671131525f,0f,0.42557177958307024f,0.23967644577422736f,0f,1f,0f,-0.10705701388888889f,-0.42557177958307024f,0f,-0.904924671131525f,0.6652482253572976f,0f,0f,0f,1f],start_interpolation:0}
execute if entity @s[tag=aj.tultaria.bone.left_wing] run data modify entity @s {} merge value {transformation:[-0.8945854132151148f,-0.2933533984389999f,-0.33713605871670227f,0.10975426439360408f,-0.3648971080884846f,0.9150096039518018f,0.17206837357465685f,0.9554429861111111f,0.2580058894122442f,0.2769498299336113f,-0.9255980513853411f,-0.08651734766749886f,0f,0f,0f,1f],start_interpolation:0}
execute if entity @s[tag=aj.tultaria.bone.right_wing] run data modify entity @s {} merge value {transformation:[-0.371824784175562f,-0.026218376539726f,0.9279326088700719f,-0.003361319497836579f,0.3648971080884846f,0.9150096039518018f,0.17206837357465685f,0.9554429861111111f,-0.8535786023451254f,0.4025792113455289f,-0.3306562387298241f,-0.13971382011538258f,0f,0f,0f,1f],start_interpolation:0}
execute if entity @s[tag=aj.tultaria.bone.body] run data modify entity @s {} merge value {transformation:[-0.904924671131525f,0f,0.42557177958307024f,0.23967644577422736f,0f,1f,0f,-0.10705701388888889f,-0.42557177958307024f,0f,-0.904924671131525f,0.6652482253572976f,0f,0f,0f,1f],start_interpolation:0}
execute if entity @s[tag=aj.tultaria.bone.left_hand] run data modify entity @s {} merge value {transformation:[-0.29802754872821413f,-0.811739010907614f,0.5022542766067609f,0.5659640866797381f,-0.8093540224117217f,0.49384837198016984f,0.317899122204674f,0.8817506132749493f,-0.5060885758491473f,-0.31175882291166135f,-0.8041646533712589f,0.07952097127754752f,0f,0f,0f,1f],start_interpolation:0}
execute if entity @s[tag=aj.tultaria.bone.left_arm] run data modify entity @s {} merge value {transformation:[-0.29802754872821413f,-0.9247389030037234f,0.2367224988684482f,0.1979522718100211f,-0.8093540224117217f,0.3762799796249606f,0.4509539259607412f,0.8929429861111111f,-0.5060885758491473f,-0.05719561351108854f,-0.8605829507897956f,0.09309382678379662f,0f,0f,0f,1f],start_interpolation:0}
execute if entity @s[tag=aj.tultaria.bone.rod] run data modify entity @s {} merge value {transformation:[-0.19013108309690577f,-0.9749666787443982f,0.32452295231387596f,-0.7783778049846687f,1.0191106519275155f,-0.13668618526028317f,0.18642791069704412f,0.8283802465333611f,-0.13148631247499115f,0.35040242878311856f,0.9756815502686416f,-0.4992835611857764f,0f,0f,0f,1f],start_interpolation:0}
execute if entity @s[tag=aj.tultaria.bone.sword] run data modify entity @s {} merge value {transformation:[-0.000001819436201884266f,0.000008062364741324849f,0.000005629203023973718f,-0.7576766539406803f,0.00000975225504236857f,0.00000221207158700691f,-1.6151859133529784e-8f,0.8587803317010744f,-0.000001258242224641064f,0.00000548680362978288f,-0.000008265096032855983f,-0.5419582057917921f,0f,0f,0f,1f],start_interpolation:0}
execute if entity @s[tag=aj.tultaria.bone.right_hand] run data modify entity @s {} merge value {transformation:[-0.18194362018842658f,0.8062364741324848f,0.5629203023973717f,-0.4056740893853154f,0.9752255042368569f,0.221207158700691f,-0.0016151859133529782f,0.9111310328069511f,-0.12582422246410638f,0.5486803629782879f,-0.8265096032855982f,-0.39684212547961817f,0f,0f,0f,1f],start_interpolation:0}
execute if entity @s[tag=aj.tultaria.bone.right_arm] run data modify entity @s {} merge value {transformation:[-0.18194362018842658f,0.7333204696069288f,0.6550859546106927f,-0.1979522718100211f,0.9752255042368569f,0.21981998136779612f,0.024786925534021897f,0.8929429861111111f,-0.12582422246410638f,0.6433663533686966f,-0.7551476679394357f,-0.09309382678379662f,0f,0f,0f,1f],start_interpolation:0}
execute if entity @s[tag=aj.tultaria.bone.skirt] run data modify entity @s {} merge value {transformation:[-0.808735292045394f,0.17555701735505122f,0.561361702521333f,-0.03552319839917486f,0f,0.9544163125225253f,-0.29847864645717176f,0.34338638901412805f,-0.5881727870279713f,-0.24139021531185473f,-0.7718701552407925f,0.0488442594852266f,0f,0f,0f,1f],start_interpolation:0}
execute if entity @s[tag=aj.tultaria.bone.left_foot] run data modify entity @s {} merge value {transformation:[-0.808735292045394f,0.14957620342496958f,0.5688358170590381f,-0.04428101286263214f,0f,0.9671236575451874f,-0.25430656896041726f,-0.049744833659213394f,-0.5881727870279713f,-0.2056666973172652f,-0.7821470336288167f,0.27340880335879775f,0f,0f,0f,1f],start_interpolation:0}
execute if entity @s[tag=aj.tultaria.bone.left_leg] run data modify entity @s {} merge value {transformation:[-0.808735292045394f,0.17555701735505122f,0.561361702521333f,0.1026953950453694f,0f,0.9544163125225253f,-0.29847864645717176f,0.330502472262245f,-0.5881727870279713f,-0.24139021531185473f,-0.7718701552407925f,0.07131681475476227f,0f,0f,0f,1f],start_interpolation:0}
execute if entity @s[tag=aj.tultaria.bone.right_foot] run data modify entity @s {} merge value {transformation:[-0.808735292045394f,0.14957620342496958f,0.5688358170590381f,-0.32086450036169933f,0f,0.9671236575451873f,-0.2543065689604171f,0.07482717222635932f,-0.5881727870279713f,-0.2056666973172651f,-0.7821470336288167f,0.228664855588809f,0f,0f,0f,1f],start_interpolation:0}
execute if entity @s[tag=aj.tultaria.bone.right_leg] run data modify entity @s {} merge value {transformation:[-0.808735292045394f,0.3770173582422347f,0.45144782531794053f,-0.09948842796597909f,0f,0.7675428637205403f,-0.6409976227348055f,0.330502472262245f,-0.5881727870279713f,-0.5183973996228363f,-0.6207390020483893f,-0.07572638200223054f,0f,0f,0f,1f],start_interpolation:0}
execute if entity @s[tag=aj.tultaria.bone.lower] run data modify entity @s {} merge value {transformation:[-0.808735292045394f,-0.025655736635122352f,0.5876129768631395f,0f,0f,0.9990482215818578f,0.043619387365336f,0.3929429861111111f,-0.5881727870279713f,0.03527653797974618f,-0.8079655552484353f,0f,0f,0f,0f,1f],start_interpolation:0}