execute if entity @s[tag=aj.tultaria.bone.head] run data modify entity @s {} merge value {transformation:[-0.9834559733250512f,-0.02115489267513463f,0.17990780707678983f,0f,0.006902712105624983f,0.988059720303188f,0.15391667122171232f,1.042578125f,-0.1810157482012622f,0.15261212150510642f,-0.9715672078002879f,0f,0f,0f,0f,1f],start_interpolation:0}
execute if entity @s[tag=aj.tultaria.bone.bust] run data modify entity @s {} merge value {transformation:[-0.8734757992922713f,0f,0.4868675672610857f,0.19330411601559278f,0f,1f,0f,-0.11367187499999998f,-0.4868675672610857f,0f,-0.8734757992922713f,0.6801716832766784f,0f,0f,0f,1f],start_interpolation:0}
execute if entity @s[tag=aj.tultaria.bone.left_wing] run data modify entity @s {} merge value {transformation:[-0.8989754969739895f,-0.31926171654754526f,-0.299858320190525f,0.1154506833634027f,-0.38048217538977797f,0.9083577782154495f,0.1735495922385143f,0.948828125f,0.21697089678348752f,0.27010757690706716f,-0.9380647775321073f,-0.07875525195771615f,0f,0f,0f,1f],start_interpolation:0}
execute if entity @s[tag=aj.tultaria.bone.right_wing] run data modify entity @s {} merge value {transformation:[-0.2882480019531789f,-0.061829593999442434f,0.9555575287107858f,0.00626620845186876f,0.38048217538977797f,0.9083577782154495f,0.1735495922385143f,0.948828125f,-0.878718614563651f,0.41359793043650067f,-0.23830725620085758f,-0.13961369786535183f,0f,0f,0f,1f],start_interpolation:0}
execute if entity @s[tag=aj.tultaria.bone.body] run data modify entity @s {} merge value {transformation:[-0.8734757992922713f,0f,0.4868675672610857f,0.19330411601559278f,0f,1f,0f,-0.11367187499999998f,-0.4868675672610857f,0f,-0.8734757992922713f,0.6801716832766784f,0f,0f,0f,1f],start_interpolation:0}
execute if entity @s[tag=aj.tultaria.bone.left_hand] run data modify entity @s {} merge value {transformation:[-0.21038869567669166f,-0.8381847255986727f,0.5031728952403316f,0.5591087228789295f,-0.838001147248295f,0.4196906789739298f,0.3487317180770094f,0.8987722844172197f,-0.5034785734686249f,-0.3482902521683304f,-0.7906979361946757f,0.11820325274847468f,0f,0f,0f,1f],start_interpolation:0}
execute if entity @s[tag=aj.tultaria.bone.left_arm] run data modify entity @s {} merge value {transformation:[-0.21038869567669166f,-0.9405073932770506f,0.26680037466740436f,0.19107283109518433f,-0.838001147248295f,0.31404608735543393f,0.4462388735053056f,0.886328125f,-0.5034785734686249f,-0.12969540550054237f,-0.8542180212627503f,0.1065022803383625f,0f,0f,0f,1f],start_interpolation:0}
execute if entity @s[tag=aj.tultaria.bone.rod] run data modify entity @s {} merge value {transformation:[-0.19876308035584686f,-1.00950861762307f,0.291713915652476f,-0.7441611708475083f,1.040021143588317f,-0.1465530634496028f,0.2014687078329338f,0.8135396311861091f,-0.1502021255834634f,0.32113232520470664f,1.0089721358550565f,-0.5460995687821751f,0f,0f,0f,1f],start_interpolation:0}
execute if entity @s[tag=aj.tultaria.bone.sword] run data modify entity @s {} merge value {transformation:[-0.0000018585638682624643f,0.000007713028133626968f,0.000006087276678241934f,-0.7214350735065693f,0.000009724873030955693f,0.000002329492733837579f,1.7553768500028038e-8f,0.8440121426976895f,-0.0000014044874080531646f,0.0000059230617600086544f,-0.000007933773031020191f,-0.5876781530152484f,0f,0f,0f,1f],start_interpolation:0}
execute if entity @s[tag=aj.tultaria.bone.right_hand] run data modify entity @s {} merge value {transformation:[-0.18585638682624642f,0.7713028133626967f,0.6087276678241934f,-0.3788316573584728f,0.9724873030955693f,0.23294927338375787f,0.0017553768500028037f,0.9011150308112686f,-0.14044874080531644f,0.5923061760008654f,-0.793377303102019f,-0.423156915669603f,0f,0f,0f,1f],start_interpolation:0}
execute if entity @s[tag=aj.tultaria.bone.right_arm] run data modify entity @s {} merge value {transformation:[-0.18585638682624642f,0.6870843372442523f,0.702404809913428f,-0.19107283109518433f,0.9724873030955693f,0.2308103272382529f,0.03154422543155708f,0.886328125f,-0.14044874080531644f,0.6889424550380074f,-0.711078367588555f,-0.1065022803383625f,0f,0f,0f,1f],start_interpolation:0}
execute if entity @s[tag=aj.tultaria.bone.skirt] run data modify entity @s {} merge value {transformation:[-0.7528038933734225f,0.20988527225710302f,0.6238865847342596f,-0.039755261272926855f,0f,0.9478031974340072f,-0.3188559219049762f,0.33677152790301695f,-0.6582448618271294f,-0.24003597943523802f,-0.7135099371800993f,0.045466234837389055f,0f,0f,0f,1f],start_interpolation:0}
execute if entity @s[tag=aj.tultaria.bone.left_foot] run data modify entity @s {} merge value {transformation:[-0.7528038933734225f,0.19451111548881433f,0.628849524189304f,-0.07391562818200724f,0f,0.9553428528766161f,-0.2954996335997189f,-0.05091929748812224f,-0.6582448618271294f,-0.22245327466428821f,-0.7191858191519893f,0.27443278808912097f,0f,0f,0f,1f],start_interpolation:0}
execute if entity @s[tag=aj.tultaria.bone.left_leg] run data modify entity @s {} merge value {transformation:[-0.7528038933734225f,0.20988527225710302f,0.6238865847342596f,0.09589500152225779f,0f,0.9478031974340072f,-0.3188559219049762f,0.3238876111511339f,-0.6582448618271294f,-0.24003597943523802f,-0.7135099371800993f,0.0802283049386919f,0f,0f,0f,1f],start_interpolation:0}
execute if entity @s[tag=aj.tultaria.bone.right_foot] run data modify entity @s {} merge value {transformation:[-0.7528038933734225f,0.19451111548881433f,0.628849524189304f,-0.3436041735569727f,0f,0.9553428528766164f,-0.295499633599719f,0.07633388661381135f,-0.6582448618271294f,-0.22245327466428816f,-0.7191858191519893f,0.2030651014305223f,0f,0f,0f,1f],start_interpolation:0}
execute if entity @s[tag=aj.tultaria.bone.right_leg] run data modify entity @s {} merge value {transformation:[-0.7528038933734225f,0.43265976686653634f,0.49607642985412154f,-0.09230597182109783f,0f,0.7536350963335022f,-0.6572930408686776f,0.3238876111511339f,-0.6582448618271294f,-0.4948127602531964f,-0.5673394347027146f,-0.08433291051809044f,0f,0f,0f,1f],start_interpolation:0}
execute if entity @s[tag=aj.tultaria.bone.lower] run data modify entity @s {} merge value {transformation:[-0.7528038933734225f,-0.02871223760927963f,0.6576183585737894f,0f,0f,0.9990482215818578f,0.043619387365336f,0.386328125f,-0.6582448618271294f,0.03283684463518841f,-0.7520873908746162f,0f,0f,0f,0f,1f],start_interpolation:0}