execute if entity @s[tag=aj.tultaria.bone.head] run data modify entity @s {} merge value {transformation:[-0.985824739595295f,-0.027019065874091246f,0.1655885046769872f,0f,0.0014550476219507905f,0.9855339152694618f,0.1694720764316744f,1.0353300694444445f,-0.16777206453485316f,0.16731070477688195f,-0.9715244013553012f,0f,0f,0f,0f,1f],start_interpolation:0}
execute if entity @s[tag=aj.tultaria.bone.bust] run data modify entity @s {} merge value {transformation:[-0.8261248347596576f,0f,0.5634871403974794f,0.1313188471810891f,0f,1f,0f,-0.12091993055555555f,-0.5634871403974794f,0f,-0.8261248347596576f,0.6948059875785685f,0f,0f,0f,1f],start_interpolation:0}
execute if entity @s[tag=aj.tultaria.bone.left_wing] run data modify entity @s {} merge value {transformation:[-0.9040908293431101f,-0.3503430798579671f,-0.24470287839198285f,0.12206869472216353f,-0.3964332734061268f,0.9013955046099659f,0.17414592732948997f,0.9415800694444445f,0.15956325402231714f,0.2544520989588787f,-0.9538310632922533f,-0.0680476580701147f,0f,0f,0f,1f],start_interpolation:0}
execute if entity @s[tag=aj.tultaria.bone.right_wing] run data modify entity @s {} merge value {transformation:[-0.18140423334700506f,-0.1090375781770062f,0.9773450315364982f,0.01880309037720629f,0.3964332734061268f,0.9013955046099659f,0.17414592732948997f,0.9415800694444445f,-0.8999628680452814f,0.4190428985369376f,-0.12029083641522043f,-0.13848355061979967f,0f,0f,0f,1f],start_interpolation:0}
execute if entity @s[tag=aj.tultaria.bone.body] run data modify entity @s {} merge value {transformation:[-0.8261248347596576f,0f,0.5634871403974794f,0.1313188471810891f,0f,1f,0f,-0.12091993055555555f,-0.5634871403974794f,0f,-0.8261248347596576f,0.6948059875785685f,0f,0f,0f,1f],start_interpolation:0}
execute if entity @s[tag=aj.tultaria.bone.left_hand] run data modify entity @s {} merge value {transformation:[-0.04379490733695443f,-0.8854031748385852f,0.4627561172768022f,0.5405826702575283f,-0.8891366225768247f,0.2457532713654494f,0.38605879863805354f,0.9430994695865123f,-0.4555415156536503f,-0.39454600187929134f,-0.7980071302419807f,0.16951024793841413f,0f,0f,0f,1f],start_interpolation:0}
execute if entity @s[tag=aj.tultaria.bone.left_arm] run data modify entity @s {} merge value {transformation:[-0.04379490733695443f,-0.9544646418796698f,0.295091940745357f,0.1807148076036751f,-0.8891366225768247f,0.17192290183760006f,0.4241209523430979f,0.8790800694444445f,-0.4555415156536503f,-0.2438027137364403f,-0.8561788156049661f,0.12326281196194862f,0f,0f,0f,1f],start_interpolation:0}
execute if entity @s[tag=aj.tultaria.bone.rod] run data modify entity @s {} merge value {transformation:[-0.2334149570712156f,-1.0122602056020535f,0.40810629291351214f,-0.7306975883603498f,1.078451899105992f,-0.14973970572427775f,0.24540483734018778f,0.789820765052699f,-0.1678182691955795f,0.44565828728945883f,1.009420493075163f,-0.5554152598940465f,0f,0f,0f,1f],start_interpolation:0}
execute if entity @s[tag=aj.tultaria.bone.sword] run data modify entity @s {} merge value {transformation:[-0.0000020913236571836142f,0.000007800353895042682f,0.000005897528675046576f,-0.7095883091247678f,0.000009662585457395649f,0.000002575665372133447f,1.975270408689514e-8f,0.8201089354074678f,-0.0000015035982307219669f,0.000005702668410742912f,-0.000008075813603451029f,-0.5979693806312294f,0f,0f,0f,1f],start_interpolation:0}
execute if entity @s[tag=aj.tultaria.bone.right_hand] run data modify entity @s {} merge value {transformation:[-0.2091323657183614f,0.7800353895042682f,0.5897528675046575f,-0.3644652088581671f,0.9662585457395648f,0.25756653721334466f,0.001975270408689514f,0.8866551253087894f,-0.15035982307219667f,0.5702668410742912f,-0.8075813603451029f,-0.4425128645343252f,0f,0f,0f,1f],start_interpolation:0}
execute if entity @s[tag=aj.tultaria.bone.right_arm] run data modify entity @s {} merge value {transformation:[-0.2091323657183614f,0.6714102114587988f,0.7109655276860424f,-0.1807148076036751f,0.9662585457395648f,0.25367114672503077f,0.044669588138560395f,0.8790800694444445f,-0.15035982307219667f,0.6963183734959596f,-0.7018067015479683f,-0.12326281196194862f,0f,0f,0f,1f],start_interpolation:0}
execute if entity @s[tag=aj.tultaria.bone.skirt] run data modify entity @s {} merge value {transformation:[-0.6455060576096855f,0.26045227064636767f,0.7179739161726928f,-0.04612764536270496f,0f,0.9400577081586122f,-0.3410154033640967f,0.3295234723474614f,-0.763755150286531f,-0.22012750860973473f,-0.606812945119062f,0.03898589029969448f,0f,0f,0f,1f],start_interpolation:0}
execute if entity @s[tag=aj.tultaria.bone.left_foot] run data modify entity @s {} merge value {transformation:[-0.6455060576096855f,0.2596845976834606f,0.718251933039641f,-0.12092419249362309f,0f,0.9404217212416583f,-0.3400102736931294f,-0.05200876630330242f,-0.763755150286531f,-0.21947869131844208f,-0.6070479177692174f,0.26586701076911134f,0f,0f,0f,1f],start_interpolation:0}
execute if entity @s[tag=aj.tultaria.bone.left_leg] run data modify entity @s {} merge value {transformation:[-0.6455060576096855f,0.26045227064636767f,0.7179739161726928f,0.08277041543574935f,0f,0.9400577081586122f,-0.3410154033640967f,0.3166395555955783f,-0.763755150286531f,-0.22012750860973473f,-0.606812945119062f,0.09370960761246963f,0f,0f,0f,1f],start_interpolation:0}
execute if entity @s[tag=aj.tultaria.bone.right_foot] run data modify entity @s {} merge value {transformation:[-0.6455060576096855f,0.2596845976834605f,0.7182519330396411f,-0.37454259813618884f,0f,0.9404217212416583f,-0.34001027369312925f,0.07811514355481758f,-0.763755150286531f,-0.21947869131844205f,-0.6070479177692175f,0.15288867889921606f,0f,0f,0f,1f],start_interpolation:0}
execute if entity @s[tag=aj.tultaria.bone.right_leg] run data modify entity @s {} merge value {transformation:[-0.6455060576096855f,0.5153832446358406f,0.563650637130692f,-0.07860609896667202f,0f,0.7379991308984722f,-0.674801661818567f,0.3166395555955783f,-0.763755150286531f,-0.4355885603889675f,-0.47638290950564705f,-0.09722917995916311f,0f,0f,0f,1f],start_interpolation:0}
execute if entity @s[tag=aj.tultaria.bone.lower] run data modify entity @s {} merge value {transformation:[-0.6455060576096855f,-0.03331453175261861f,0.7630282246177433f,0f,0f,0.9990482215818578f,0.043619387365336f,0.37908006944444445f,-0.763755150286531f,0.02815657877354777f,-0.6448916788752725f,0f,0f,0f,0f,1f],start_interpolation:0}