execute if entity @s[tag=aj.tultaria.bone.head] run data modify entity @s {} merge value {transformation:[-0.6846652116456513f,0.2980272346908532f,-0.6651415754143915f,0f,-0.10323939523476267f,0.8637250475762195f,0.49327544988679284f,1.0531066666666666f,0.7215089571403642f,0.4063973542876239f,-0.5605943410294502f,0f,0f,0f,0f,1f],start_interpolation:0}
execute if entity @s[tag=aj.tultaria.bone.bust] run data modify entity @s {} merge value {transformation:[-0.5301726376565625f,0f,-0.8478897182300793f,0.6890311779433209f,0f,1f,0f,-0.10314333333333336f,0.8478897182300793f,0f,-0.5301726376565625f,-0.1588585402867584f,0f,0f,0f,1f],start_interpolation:0}
execute if entity @s[tag=aj.tultaria.bone.left_wing] run data modify entity @s {} merge value {transformation:[0.13700145116466572f,0.231877007580008f,-0.9630491450255882f,-0.07285042492522475f,-0.35522313480613443f,0.9190542269720389f,0.17075084885098205f,0.9593566666666666f,0.924687583390887f,0.31870422218817407f,0.2082798403162257f,-0.11926468709645027f,0f,0f,0f,1f],start_interpolation:0}
execute if entity @s[tag=aj.tultaria.bone.right_wing] run data modify entity @s {} merge value {transformation:[-0.8913296737982495f,0.38805652332623325f,-0.23440039955312114f,-0.13912200463229507f,0.35522313480613443f,0.9190542269720389f,0.17075084885098205f,0.9593566666666666f,0.28168765877334606f,0.06893085367804991f,-0.9570269590278041f,-0.01327847231769036f,0f,0f,0f,1f],start_interpolation:0}
execute if entity @s[tag=aj.tultaria.bone.body] run data modify entity @s {} merge value {transformation:[-0.5301726376565625f,0f,-0.8478897182300793f,0.6890311779433209f,0f,1f,0f,-0.10314333333333336f,0.8478897182300793f,0f,-0.5301726376565625f,-0.1588585402867584f,0f,0f,0f,1f],start_interpolation:0}
execute if entity @s[tag=aj.tultaria.bone.left_hand] run data modify entity @s {} merge value {transformation:[-0.44812311101693625f,-0.8113751081966081f,-0.3753080217254158f,0.2928219749659564f,-0.8927811110675598f,0.42783908504122176f,0.141051781385646f,0.8964002141631505f,0.04612553624053001f,0.39827647571760094f,-0.9161049523916409f,-0.5086897681137914f,0f,0f,0f,1f],start_interpolation:0}
execute if entity @s[tag=aj.tultaria.bone.left_arm] run data modify entity @s {} merge value {transformation:[-0.44812311101693625f,-0.5781976105566848f,-0.6818161046198916f,0.11597526448737305f,-0.8927811110675598f,0.3287997280063222f,0.30794906491811663f,0.8968566666666666f,0.04612553624053001f,0.7467116324321652f,-0.6635466621851207f,-0.18547587586282985f,0f,0f,0f,1f],start_interpolation:0}
execute if entity @s[tag=aj.tultaria.bone.rod] run data modify entity @s {} merge value {transformation:[0.19417533616614058f,-0.3058053571761795f,-1.0598014070320512f,0.4496577241499964f,0.9950151985496081f,0.5130006792426428f,0.03427911538927733f,0.7839414883327305f,0.47606795048611555f,-0.9474773805315547f,0.3606188013692758f,0.4113267082158506f,0f,0f,0f,1f],start_interpolation:0}
execute if entity @s[tag=aj.tultaria.bone.sword] run data modify entity @s {} merge value {transformation:[0.0000017337083586262551f,-0.000009716194232572998f,-0.0000016092933114086605f,0.44753200037347535f,0.000008884064272764358f,0.000002248145626741456f,-0.000004002404681982469f,0.7929429172383263f,0.000004250606700768889f,-7.358062760526447e-7f,0.000009021692291333162f,0.46689903677137756f,0f,0f,0f,1f],start_interpolation:0}
execute if entity @s[tag=aj.tultaria.bone.right_hand] run data modify entity @s {} merge value {transformation:[0.1733708358626255f,-0.9716194232572998f,-0.16092933114086605f,0.06518427403590071f,0.8884064272764357f,0.22481456267414557f,-0.4002404681982469f,0.8182168908107542f,0.42506067007688886f,-0.07358062760526446f,0.9021692291333161f,0.4965051265055409f,0f,0f,0f,1f],start_interpolation:0}
execute if entity @s[tag=aj.tultaria.bone.right_arm] run data modify entity @s {} merge value {transformation:[0.1733708358626255f,-0.6752510603713437f,-0.7169229796426324f,-0.11597526448737305f,0.8884064272764357f,0.42140688775932333f,-0.18207211462198225f,0.8968566666666666f,0.42506067007688886f,-0.605352988277399f,0.6729570464282318f,0.18547587586282985f,0f,0f,0f,1f],start_interpolation:0}
execute if entity @s[tag=aj.tultaria.bone.skirt] run data modify entity @s {} merge value {transformation:[-0.7777009953269466f,-0.18001405957439717f,-0.6023089740515428f,0.03796690985441726f,0f,0.9581228928381097f,-0.28635733309893135f,0.34730006956968357f,0.6286343626206546f,-0.22270038297020886f,-0.7451331274057312f,0.04696991659854041f,0f,0f,0f,1f],start_interpolation:0}
execute if entity @s[tag=aj.tultaria.bone.left_foot] run data modify entity @s {} merge value {transformation:[-0.7777009953269466f,-0.1444036118020462f,-0.6118241240470995f,0.24954360687521548f,0f,0.9732591159931563f,-0.22971001966875562f,-0.04896794616150607f,0.6286343626206546f,-0.17864571093296372f,-0.7569045832189016f,0.10987358558700262f,0f,0f,0f,1f],start_interpolation:0}
execute if entity @s[tag=aj.tultaria.bone.left_leg] run data modify entity @s {} merge value {transformation:[-0.7777009953269466f,-0.18001405957439717f,-0.6023089740515428f,0.09549883405497386f,0f,0.9581228928381097f,-0.28635733309893135f,0.3344161528178005f,0.6286343626206546f,-0.22270038297020886f,-0.7451331274057312f,-0.08069947288818018f,0f,0f,0f,1f],start_interpolation:0}
execute if entity @s[tag=aj.tultaria.bone.right_foot] run data modify entity @s {} merge value {transformation:[-0.7777009953269466f,-0.1444036118020462f,-0.6118241240470995f,0.1356223268194952f,0f,0.9732591159931563f,-0.22971001966875548f,0.07399074094992542f,0.6286343626206546f,-0.1786457109329636f,-0.7569045832189016f,0.3666258675317685f,0f,0f,0f,1f],start_interpolation:0}
execute if entity @s[tag=aj.tultaria.bone.right_leg] run data modify entity @s {} merge value {transformation:[-0.7777009953269466f,-0.39680497073939314f,-0.48757253518218807f,-0.09892641477676278f,0f,0.7756059232104221f,-0.6312174362934763f,0.3344161528178005f,0.6286343626206546f,-0.49089842847315995f,-0.6031894984622205f,0.07645911776698348f,0f,0f,0f,1f],start_interpolation:0}
execute if entity @s[tag=aj.tultaria.bone.lower] run data modify entity @s {} merge value {transformation:[-0.7777009953269466f,0.02742064577431143f,-0.6280360420014097f,0f,0f,0.9990482215818578f,0.043619387365336f,0.39685666666666664f,0.6286343626206546f,0.033922840969573445f,-0.7769607963038266f,0f,0f,0f,0f,1f],start_interpolation:0}