execute if entity @s[tag=aj.tultaria.bone.head] run data modify entity @s {} merge value {transformation:[-0.9999794295808683f,0.0053889458111172454f,-0.003478459165517797f,0f,0.004768944295842459f,0.9873260174064142f,0.15863351639137316f,1.10484f,0.0042892406582616255f,0.15861366465545695f,-0.9873314072788031f,0f,0f,0f,0f,1f],start_interpolation:0}
execute if entity @s[tag=aj.tultaria.bone.bust] run data modify entity @s {} merge value {transformation:[-0.9935986137304857f,0f,-0.11296811405373172f,0.5532833638921087f,0f,1f,0f,-0.051409999999999956f,0.11296811405373172f,0f,-0.9935986137304857f,0.440315249838377f,0f,0f,0f,1f],start_interpolation:0}
execute if entity @s[tag=aj.tultaria.bone.left_wing] run data modify entity @s {} merge value {transformation:[-0.7822714849982374f,-0.08411006724876285f,-0.6172331977025061f,0.04797889910143893f,-0.19834987603793608f,0.9729038534880844f,0.11880832691260071f,1.01109f,0.5905155801792089f,0.2153684945748672f,-0.777758163640966f,-0.13126033384466895f,0f,0f,0f,1f],start_interpolation:0}
execute if entity @s[tag=aj.tultaria.bone.right_wing] run data modify entity @s {} merge value {transformation:[-0.8948699058183381f,0.13031133318443106f,0.4268803205869003f,-0.07622092761487176f,0.19834987603793608f,0.9729038534880844f,0.11880832691260071f,1.01109f,-0.3998314374038314f,0.1909896549861594f,-0.8964696165246505f,-0.11713931958795243f,0f,0f,0f,1f],start_interpolation:0}
execute if entity @s[tag=aj.tultaria.bone.body] run data modify entity @s {} merge value {transformation:[-0.9935986137304857f,0f,-0.11296811405373172f,0.5532833638921087f,0f,1f,0f,-0.051409999999999956f,0.11296811405373172f,0f,-0.9935986137304857f,0.440315249838377f,0f,0f,0f,1f],start_interpolation:0}
execute if entity @s[tag=aj.tultaria.bone.left_hand] run data modify entity @s {} merge value {transformation:[-0.811777137723822f,-0.5200118564148196f,0.2657170447241418f,0.4882966944541224f,-0.5481456554514428f,0.8354432348302344f,-0.03963510799911901f,0.7888515424194458f,-0.2013807813040435f,-0.1778265181698344f,-0.9632359577782416f,-0.21658031616127246f,0f,0f,0f,1f],start_interpolation:0}
execute if entity @s[tag=aj.tultaria.bone.left_arm] run data modify entity @s {} merge value {transformation:[-0.811777137723822f,-0.5814849863637098f,-0.053787445584586153f,0.21734969675354376f,-0.5481456554514428f,0.7269790228800472f,0.4135672142494856f,0.94859f,-0.2013807813040435f,0.3652077640548839f,-0.9088834193643347f,-0.024711774949253813f,0f,0f,0f,1f],start_interpolation:0}
execute if entity @s[tag=aj.tultaria.bone.rod] run data modify entity @s {} merge value {transformation:[-0.11676602178327512f,-0.3521740274085843f,0.5017122188822251f,-0.9274538836779769f,0.6129642773192281f,-0.0637005530466054f,0.09794403642934729f,0.9088257901224535f,-0.004060897366889527f,0.511166992244584f,0.35786563840665286f,0.0350545106202515f,0f,0f,0f,1f],start_interpolation:0}
execute if entity @s[tag=aj.tultaria.bone.sword] run data modify entity @s {} merge value {transformation:[-0.0000018712503490909472f,0.000009819650740458494f,-2.699656764108695e-7f,-0.934567005127062f,0.000009823145469859424f,0.0000018686818791367831f,-1.1764825781180243e-7f,0.9389716435072714f,-6.507848344374242e-8f,-2.872061454753246e-7f,-0.00000999566293054112f,-0.012003529627421697f,0f,0f,0f,1f],start_interpolation:0}
execute if entity @s[tag=aj.tultaria.bone.right_hand] run data modify entity @s {} merge value {transformation:[-0.1871250349090947f,0.9819650740458494f,-0.026996567641086947f,-0.5625915518659192f,0.9823145469859422f,0.1868681879136783f,-0.011764825781180242f,0.9774307573674353f,-0.006507848344374241f,-0.028720614547532455f,-0.9995662930541119f,-0.10066150646683716f,0f,0f,0f,1f],start_interpolation:0}
execute if entity @s[tag=aj.tultaria.bone.right_arm] run data modify entity @s {} merge value {transformation:[-0.1871250349090947f,0.9781151100494865f,0.09096731722520714f,-0.21734969675354376f,0.9823145469859422f,0.1869303728287559f,0.010731565305472479f,0.94859f,-0.006507848344374241f,0.09136666354302157f,-0.9957960537695171f,0.024711774949253813f,0f,0f,0f,1f],start_interpolation:0}
execute if entity @s[tag=aj.tultaria.bone.skirt] run data modify entity @s {} merge value {transformation:[-0.9994617954889659f,-0.0040205634220469195f,-0.03255694131428528f,0.001981241225566331f,0f,0.9924608289187784f,-0.12256224158300678f,0.399033402903017f,0.0328042582292683f,-0.12249627803170435f,-0.9919266820236297f,0.06036334974447164f,0f,0f,0f,1f],start_interpolation:0}
execute if entity @s[tag=aj.tultaria.bone.left_foot] run data modify entity @s {} merge value {transformation:[-0.9994617954889659f,0.0033834229042116245f,-0.03262930902461425f,0.1306719072446185f,0f,0.994666875152874f,0.10313974730246753f,-0.03273184630295578f,0.0328042582292683f,0.10308423702520245f,-0.9941315409536906f,0.17075768016227286f,0f,0f,0f,1f],start_interpolation:0}
execute if entity @s[tag=aj.tultaria.bone.left_leg] run data modify entity @s {} merge value {transformation:[-0.9994617954889659f,-0.0040205634220469195f,-0.03255694131428528f,0.1248432930831873f,0f,0.9924608289187784f,-0.12256224158300678f,0.3861494861511339f,0.0328042582292683f,-0.12249627803170435f,-0.9919266820236297f,-0.0068252767295515025f,0f,0f,0f,1f],start_interpolation:0}
execute if entity @s[tag=aj.tultaria.bone.right_foot] run data modify entity @s {} merge value {transformation:[-0.9994617954889659f,0.0033834229042116297f,-0.03262930902461426f,-0.11437873044206275f,0f,0.994666875152874f,0.10313974730246761f,0.06714824704627537f,0.0328042582292683f,0.10308423702520247f,-0.9941315409536906f,0.3256537194642676f,0f,0f,0f,1f],start_interpolation:0}
execute if entity @s[tag=aj.tultaria.bone.right_leg] run data modify entity @s {} merge value {transformation:[-0.9994617954889659f,-0.01617351830425217f,-0.028540088711048836f,-0.12502215578905418f,0f,0.8700117073699007f,-0.4930310629557838f,0.3861494861511339f,0.0328042582292683f,-0.49276571141362113f,-0.8695434631443418f,0.0013757878277655734f,0f,0f,0f,1f],start_interpolation:0}
execute if entity @s[tag=aj.tultaria.bone.lower] run data modify entity @s {} merge value {transformation:[-0.9994617954889659f,0.0014309016469349653f,-0.03277303584426252f,0f,0f,0.9990482215818578f,0.043619387365336f,0.44859000000000004f,0.0328042582292683f,0.04359591121428743f,-0.9985105293222618f,0f,0f,0f,0f,1f],start_interpolation:0}