execute if entity @s[tag=aj.tultaria.bone.head] run data modify entity @s {} merge value {transformation:[-0.6852613512164938f,0.2732544679876687f,-0.6750917539518029f,0f,-0.08327238614489357f,0.8914690340514229f,0.44536352683303426f,1.0771209027777777f,0.7235209673773672f,0.3614069133984562f,-0.5881347232676538f,0f,0f,0f,0f,1f],start_interpolation:0}
execute if entity @s[tag=aj.tultaria.bone.bust] run data modify entity @s {} merge value {transformation:[-0.46544414289063174f,0f,-0.8850772564295194f,0.6752606996600756f,0f,1f,0f,-0.07912909722222222f,0.8850772564295194f,0f,-0.46544414289063174f,-0.20981655676944383f,0f,0f,0f,1f],start_interpolation:0}
execute if entity @s[tag=aj.tultaria.bone.left_wing] run data modify entity @s {} merge value {transformation:[0.13106301789464558f,0.19932486884446673f,-0.9711292818160122f,-0.0815443981230255f,-0.28880557804634005f,0.9447676089412862f,0.15493709428243546f,0.9833709027777777f,0.9483743055511716f,0.2601610304321173f,0.18139022800259047f,-0.1134978463881739f,0f,0f,0f,1f],start_interpolation:0}
execute if entity @s[tag=aj.tultaria.bone.right_wing] run data modify entity @s {} merge value {transformation:[-0.855649716959495f,0.3273108545232546f,-0.4009129162029989f,-0.13972491598435433f,0.28880557804634005f,0.9447676089412862f,0.15493709428243546f,0.9833709027777777f,0.42948212996171964f,0.01678599435904149f,-0.9029193377245404f,-0.0028631893344839843f,0f,0f,0f,1f],start_interpolation:0}
execute if entity @s[tag=aj.tultaria.bone.body] run data modify entity @s {} merge value {transformation:[-0.46544414289063174f,0f,-0.8850772564295194f,0.6752606996600756f,0f,1f,0f,-0.07912909722222222f,0.8850772564295194f,0f,-0.46544414289063174f,-0.20981655676944383f,0f,0f,0f,1f],start_interpolation:0}
execute if entity @s[tag=aj.tultaria.bone.left_hand] run data modify entity @s {} merge value {transformation:[-0.4449621049092804f,-0.8141546694042499f,-0.3730427582489158f,0.2546743952405106f,-0.8929691655173793f,0.4349525955915882f,0.11585468925915662f,0.9241881659400375f,0.0679322797342905f,0.38466662693220083f,-0.9205524382101788f,-0.5288202344487085f,0f,0f,0f,1f],start_interpolation:0}
execute if entity @s[tag=aj.tultaria.bone.left_arm] run data modify entity @s {} merge value {transformation:[-0.4449621049092804f,-0.521820462644643f,-0.7278132521189987f,0.1018159062573257f,-0.8929691655173793f,0.3201721027222957f,0.3163793515284763f,0.9208709027777777f,0.0679322797342905f,0.7906916146031363f,-0.6084340358382225f,-0.19361064984395737f,0f,0f,0f,1f],start_interpolation:0}
execute if entity @s[tag=aj.tultaria.bone.rod] run data modify entity @s {} merge value {transformation:[0.24977507139846647f,-0.3939329392948554f,-0.9845397150837903f,0.49370189488983673f,0.974222589494715f,0.48471411627331124f,0.05321436962380807f,0.8103637638737016f,0.4187982298875764f,-0.892613165013133f,0.4633993718372243f,0.3393812430082257f,0f,0f,0f,1f],start_interpolation:0}
execute if entity @s[tag=aj.tultaria.bone.sword] run data modify entity @s {} merge value {transformation:[0.000002292682960312288f,-0.000009726139894141569f,-3.818476176193031e-7f,0.49907661843322215f,0.000008942379709793407f,0.0000022596195344778637f,-0.000003863672435039136f,0.82019773592756f,0.000003844144894429565f,5.443549568010725e-7f,0.000009215542724746994f,0.3945920523255696f,0f,0f,0f,1f],start_interpolation:0}
execute if entity @s[tag=aj.tultaria.bone.right_hand] run data modify entity @s {} merge value {transformation:[0.22926829603122878f,-0.9726139894141569f,-0.03818476176193031f,0.12419855363928664f,0.8942379709793407f,0.22596195344778636f,-0.3863672435039136f,0.8468035909786322f,0.3844144894429564f,0.05443549568010725f,0.9215542724746992f,0.47498883794760327f,0f,0f,0f,1f],start_interpolation:0}
execute if entity @s[tag=aj.tultaria.bone.right_arm] run data modify entity @s {} merge value {transformation:[0.22926829603122878f,-0.7606156189913886f,-0.6073713267691221f,-0.1018159062573257f,0.8942379709793407f,0.4110293983803157f,-0.17718150277573497f,0.9208709027777777f,0.3844144894429564f,-0.5025124016514044f,0.7744073776074507f,0.19361064984395737f,0f,0f,0f,1f],start_interpolation:0}
execute if entity @s[tag=aj.tultaria.bone.skirt] run data modify entity @s {} merge value {transformation:[-0.7513949768729765f,-0.13926031410920545f,-0.644990041507824f,0.03985236817297893f,0f,0.9774757900687849f,-0.21104757717018413f,0.3713143056807947f,0.6598527022980653f,-0.15858008936688822f,-0.7344703986726291f,0.04538114212062786f,0f,0f,0f,1f],start_interpolation:0}
execute if entity @s[tag=aj.tultaria.bone.left_foot] run data modify entity @s {} merge value {transformation:[-0.7513949768729765f,-0.050250063454631524f,-0.657936562179717f,0.23367561655627725f,0f,0.9970961093109495f,-0.07615345558126221f,-0.04283432207990873f,0.6598527022980653f,-0.05722132399527974f,-0.7492130079958358f,0.07665753935979719f,0f,0f,0f,1f],start_interpolation:0}
execute if entity @s[tag=aj.tultaria.bone.left_leg] run data modify entity @s {} merge value {transformation:[-0.7513949768729765f,-0.13926031410920545f,-0.644990041507824f,0.09212547394502188f,0f,0.9774757900687849f,-0.21104757717018413f,0.35843038892891166f,0.6598527022980653f,-0.15858008936688822f,-0.7344703986726291f,-0.08453004957229504f,0f,0f,0f,1f],start_interpolation:0}
execute if entity @s[tag=aj.tultaria.bone.right_foot] run data modify entity @s {} merge value {transformation:[-0.7513949768729765f,-0.050250063454631455f,-0.6579365621797171f,0.13637724621483963f,0f,0.9970961093109494f,-0.07615345558126213f,0.06980253901889094f,0.6598527022980653f,-0.05722132399527974f,-0.7492130079958357f,0.34473326694485007f,0f,0f,0f,1f],start_interpolation:0}
execute if entity @s[tag=aj.tultaria.bone.right_leg] run data modify entity @s {} merge value {transformation:[-0.7513949768729765f,-0.37548675682210353f,-0.5426004830271327f,-0.09572327027322225f,0f,0.8223054647460274f,-0.56904632733093f,0.35843038892891166f,0.6598527022980653f,-0.42757855196447636f,-0.6178761956653634f,0.08043312600222127f,0f,0f,0f,1f],start_interpolation:0}
execute if entity @s[tag=aj.tultaria.bone.lower] run data modify entity @s {} merge value {transformation:[-0.7513949768729765f,0.028782370625603043f,-0.6592246687368651f,0f,0f,0.9990482215818578f,0.043619387365336f,0.4208709027777778f,0.6598527022980653f,0.03277538856059005f,-0.7506798153504883f,0f,0f,0f,0f,1f],start_interpolation:0}