execute if entity @s[tag=aj.tultaria.bone.head] run data modify entity @s {} merge value {transformation:[-0.7524417434791085f,0.18389294338544732f,-0.6324672387113471f,0f,-0.04336168796040827f,0.9443218698493596f,0.32615329239704655f,1.1158333333333332f,0.657229934412108f,0.2728361990228677f,-0.702573285725703f,0f,0f,0f,0f,1f],start_interpolation:0}
execute if entity @s[tag=aj.tultaria.bone.bust] run data modify entity @s {} merge value {transformation:[-0.475931235364496f,0f,-0.8794824951097234f,0.6777068652371097f,0f,1f,0f,-0.040416666666666656f,0.8794824951097234f,0f,-0.475931235364496f,-0.20177562987261372f,0f,0f,0f,1f],start_interpolation:0}
execute if entity @s[tag=aj.tultaria.bone.left_wing] run data modify entity @s {} merge value {transformation:[0.004980768356521614f,0.1010179185444549f,-0.9948721385582795f,-0.08018960967843447f,-0.15888820098877737f,0.9823256757029749f,0.09894850398689048f,1.0220833333333332f,0.987284017663169f,0.15758060473179963f,0.0209432919864993f,-0.1144590603649197f,0f,0f,0f,1f],start_interpolation:0}
execute if entity @s[tag=aj.tultaria.bone.right_wing] run data modify entity @s {} merge value {transformation:[-0.829225617455474f,0.18717270475424852f,-0.5266414852160499f,-0.13968101409899658f,0.15888820098877737f,0.9823256757029749f,0.09894850398689048f,1.0220833333333332f,0.5358539119406873f,-0.0016264838372112844f,-0.8443091493097712f,-0.004523748476204292f,0f,0f,0f,1f],start_interpolation:0}
execute if entity @s[tag=aj.tultaria.bone.body] run data modify entity @s {} merge value {transformation:[-0.475931235364496f,0f,-0.8794824951097234f,0.6777068652371097f,0f,1f,0f,-0.040416666666666656f,0.8794824951097234f,0f,-0.475931235364496f,-0.20177562987261372f,0f,0f,0f,1f],start_interpolation:0}
execute if entity @s[tag=aj.tultaria.bone.left_hand] run data modify entity @s {} merge value {transformation:[-0.4854396636123778f,-0.8195406352259129f,-0.3044691777592742f,0.24186087443072424f,-0.8621447347149055f,0.506539768186003f,0.011131920294153858f,0.9334189556929436f,0.14510268569281065f,0.26790037413108836f,-0.9524571382194351f,-0.5330953190218713f,0f,0f,0f,1f],start_interpolation:0}
execute if entity @s[tag=aj.tultaria.bone.left_arm] run data modify entity @s {} merge value {transformation:[-0.4854396636123778f,-0.46947942720696284f,-0.7375211186273404f,0.1041099577359835f,-0.8621447347149055f,0.3970735065876455f,0.3147047612756376f,0.9595833333333333f,0.14510268569281065f,0.7886201226164677f,-0.5975144456907469f,-0.192386795805252f,0f,0f,0f,1f],start_interpolation:0}
execute if entity @s[tag=aj.tultaria.bone.rod] run data modify entity @s {} merge value {transformation:[0.22198118931621613f,-0.11971505822102815f,-0.9676738378321974f,0.4926418998912308f,0.905256162384771f,0.3940266027106686f,0.15891606847857143f,0.8198035983016378f,0.36226458846284615f,-0.9112690827584489f,0.19583928807677978f,0.4348029254187849f,0f,0f,0f,1f],start_interpolation:0}
execute if entity @s[tag=aj.tultaria.bone.sword] run data modify entity @s {} merge value {transformation:[0.0000022198118931621617f,-0.000009398270223056229f,-0.0000025971045364771972f,0.48740488454262565f,0.000009052561623847711f,0.000002976067558229885f,-0.0000030321856696599767f,0.8338794830496308f,0.000003622645884628462f,-0.0000016779567048247186f,0.000009168473051240226f,0.48910091123593735f,0f,0f,0f,1f],start_interpolation:0}
execute if entity @s[tag=aj.tultaria.bone.right_hand] run data modify entity @s {} merge value {transformation:[0.22198118931621613f,-0.9398270223056229f,-0.2597104536477197f,0.10774295982065726f,0.905256162384771f,0.2976067558229885f,-0.30321856696599764f,0.8935038108645088f,0.36226458846284615f,-0.16779567048247185f,0.9168473051240226f,0.48648546212836075f,0f,0f,0f,1f],start_interpolation:0}
execute if entity @s[tag=aj.tultaria.bone.right_arm] run data modify entity @s {} merge value {transformation:[0.22198118931621613f,-0.7315649710262353f,-0.6446216291415776f,-0.1041099577359835f,0.905256162384771f,0.4002542399548519f,-0.14250552221777574f,0.9595833333333333f,0.36226458846284615f,-0.5519141568808933f,0.7511026104203722f,0.192386795805252f,0f,0f,0f,1f],start_interpolation:0}
execute if entity @s[tag=aj.tultaria.bone.skirt] run data modify entity @s {} merge value {transformation:[-0.776266507169672f,-0.05494340534897902f,-0.6280059968306476f,0.03807384162743495f,0f,0.9961946980917455f,-0.08715574274765817f,0.4100267362363503f,0.6304048777147886f,-0.06765608400250309f,-0.7733125787486252f,0.046883279459699605f,0f,0f,0f,1f],start_interpolation:0}
execute if entity @s[tag=aj.tultaria.bone.left_foot] run data modify entity @s {} merge value {transformation:[-0.776266507169672f,0.10946865820751711f,-0.6208276111102368f,0.19785318568034088f,0f,0.9848077530122081f,0.17364817766693036f,-0.0277978930872142f,0.6304048777147886f,0.13479726435388667f,-0.7644732746643997f,0.04534673253813905f,0f,0f,0f,1f],start_interpolation:0}
execute if entity @s[tag=aj.tultaria.bone.left_leg] run data modify entity @s {} merge value {transformation:[-0.776266507169672f,-0.05494340534897902f,-0.6280059968306476f,0.0953146962363316f,0f,0.9961946980917455f,-0.08715574274765817f,0.3971428194844672f,0.6304048777147886f,-0.06765608400250309f,-0.7733125787486252f,-0.08091687655653422f,0f,0f,0f,1f],start_interpolation:0}
execute if entity @s[tag=aj.tultaria.bone.right_foot] run data modify entity @s {} merge value {transformation:[-0.776266507169672f,0.1094686582075172f,-0.6208276111102368f,0.09849631682345436f,0f,0.9848077530122081f,0.17364817766693047f,0.0667941566233744f,0.6304048777147886f,0.13479726435388678f,-0.7644732746643998f,0.3195714356778276f,0f,0f,0f,1f],start_interpolation:0}
execute if entity @s[tag=aj.tultaria.bone.right_leg] run data modify entity @s {} merge value {transformation:[-0.776266507169672f,-0.29108857806140476f,-0.5591759558214097f,-0.09875193055608641f,0f,0.8870108331782218f,-0.4617486132350339f,0.3971428194844672f,0.6304048777147886f,-0.3584399831863996f,-0.688556801292919f,0.07668434287216293f,0f,0f,0f,1f],start_interpolation:0}
execute if entity @s[tag=aj.tultaria.bone.lower] run data modify entity @s {} merge value {transformation:[-0.776266507169672f,0.027497874558038635f,-0.6298048719574881f,0f,0f,0.9990482215818578f,0.043619387365336f,0.45958333333333334f,0.6304048777147886f,0.0338602694749703f,-0.7755276734614214f,0f,0f,0f,0f,1f],start_interpolation:0}