execute if entity @s[tag=aj.tultaria.bone.head] run data modify entity @s {} merge value {transformation:[-0.9940643647631272f,0.01978440019199594f,-0.10697951307200626f,0f,0.0014867742833389527f,0.9857044098731974f,0.16847731556136f,1.13588f,0.108783400435503f,0.16731824128162065f,-0.9798830429822298f,0f,0f,0f,0f,1f],start_interpolation:0}
execute if entity @s[tag=aj.tultaria.bone.bust] run data modify entity @s {} merge value {transformation:[-0.9151605558236873f,0f,-0.4030895149522993f,0.6591250353879933f,0f,1f,0f,-0.020369999999999944f,0.4030895149522993f,0f,-0.9151605558236873f,0.256035520435694f,0f,0f,0f,1f],start_interpolation:0}
execute if entity @s[tag=aj.tultaria.bone.left_wing] run data modify entity @s {} merge value {transformation:[-0.6499623079234698f,-0.012054567071926252f,-0.7598708348736022f,0.0068113453699431f,-0.08248507167529803f,0.9950862492342534f,0.05476832602541758f,1.04213f,0.755476810517383f,0.09827534786310307f,-0.6477628769641468f,-0.13958816416247966f,0f,0f,0f,1f],start_interpolation:0}
execute if entity @s[tag=aj.tultaria.bone.right_wing] run data modify entity @s {} merge value {transformation:[-0.9961271881279543f,0.08064319251337107f,0.03503284992042133f,-0.10758372410801786f,0.08248507167529803f,0.9950862492342534f,0.05476832602541758f,1.04213f,-0.03044401456799567f,0.05744590573885019f,-0.9978843269090996f,-0.08920197479344227f,0f,0f,0f,1f],start_interpolation:0}
execute if entity @s[tag=aj.tultaria.bone.body] run data modify entity @s {} merge value {transformation:[-0.9151605558236873f,0f,-0.4030895149522993f,0.6591250353879933f,0f,1f,0f,-0.020369999999999944f,0.4030895149522993f,0f,-0.9151605558236873f,0.256035520435694f,0f,0f,0f,1f],start_interpolation:0}
execute if entity @s[tag=aj.tultaria.bone.left_hand] run data modify entity @s {} merge value {transformation:[-0.9198450595622942f,-0.3922812090113293f,-0.0007207325781926621f,0.3660249784814947f,-0.37720336072718996f,0.8849911048472785f,-0.2729622116654736f,0.755098774025124f,0.10771578832721246f,-0.25081107909700323f,-0.9620244859395441f,-0.32864855518459124f,0f,0f,0f,1f],start_interpolation:0}
execute if entity @s[tag=aj.tultaria.bone.left_arm] run data modify entity @s {} merge value {transformation:[-0.9198450595622942f,-0.3003710746907073f,-0.25231385988088134f,0.20019137158643158f,-0.37720336072718996f,0.8538679874928717f,0.358646183014662f,0.97963f,0.10771578832721246f,0.425072555482029f,-0.8987272286522895f,-0.08817583139581547f,0f,0f,0f,1f],start_interpolation:0}
execute if entity @s[tag=aj.tultaria.bone.rod] run data modify entity @s {} merge value {transformation:[-0.057484998714813454f,-0.03304894713356392f,0.249333595843241f,-0.8538239027928027f,0.250368110335686f,-0.0319093403448334f,0.05349395597350442f,0.9018377259954453f,0.023985083900114664f,0.25387705901108976f,0.03918104973305307f,0.3420894491359079f,0f,0f,0f,1f],start_interpolation:0}
execute if entity @s[tag=aj.tultaria.bone.sword] run data modify entity @s {} merge value {transformation:[-0.0000022281007253803685f,0.00000892150777056424f,-0.000003929664903948094f,-0.879207021796873f,0.000009704190323088614f,0.0000024141737605583868f,-2.133605175970971e-8f,0.9320633080124735f,9.296544147331274e-7f,-0.00000381817550062766f,-0.000009195503168156377f,0.30189069808121594f,0f,0f,0f,1f],start_interpolation:0}
execute if entity @s[tag=aj.tultaria.bone.right_hand] run data modify entity @s {} merge value {transformation:[-0.22281007253803684f,0.8921507770564239f,-0.39296649039480935f,-0.568388172695995f,0.9704190323088613f,0.24141737605583866f,-0.0021336051759709707f,0.9921025413693884f,0.09296544147331273f,-0.38181755006276596f,-0.9195503168156376f,0.08396407826041598f,0f,0f,0f,1f],start_interpolation:0}
execute if entity @s[tag=aj.tultaria.bone.right_arm] run data modify entity @s {} merge value {transformation:[-0.22281007253803684f,0.9442786380431702f,-0.24226746647234818f,-0.20019137158643158f,0.9704190323088613f,0.23853554943082078f,0.03725175687762408f,0.97963f,0.09296544147331273f,-0.22680089372194287f,-0.9694940852313645f,0.08817583139581547f,0f,0f,0f,1f],start_interpolation:0}
execute if entity @s[tag=aj.tultaria.bone.skirt] run data modify entity @s {} merge value {transformation:[-0.927867878080558f,-0.008330176422336782f,-0.3728160524803825f,0.022522164277395087f,0f,0.9997504677881223f,-0.022338356193573515f,0.430073402903017f,0.37290910531426097f,-0.02072704316113875f,-0.9276363451566102f,0.05603937388505796f,0f,0f,0f,1f],start_interpolation:0}
execute if entity @s[tag=aj.tultaria.bone.left_foot] run data modify entity @s {} merge value {transformation:[-0.927867878080558f,0.11176343370722573f,-0.35576696827031756f,0.16521331433509218f,0f,0.954031326133758f,0.2997069047510641f,-0.01740904898197282f,0.37290910531426097f,0.27808840975746174f,-0.8852150222021107f,0.07587942208842635f,0f,0f,0f,1f],start_interpolation:0}
execute if entity @s[tag=aj.tultaria.bone.left_leg] run data modify entity @s {} merge value {transformation:[-0.927867878080558f,-0.008330176422336782f,-0.3728160524803825f,0.11496685559027203f,0f,0.9997504677881223f,-0.022338356193573515f,0.41718948615113394f,0.37290910531426097f,-0.02072704316113875f,-0.9276363451566102f,-0.04914320243914813f,0f,0f,0f,1f],start_interpolation:0}
execute if entity @s[tag=aj.tultaria.bone.right_foot] run data modify entity @s {} merge value {transformation:[-0.927867878080558f,0.11176343370722572f,-0.3557669682703175f,-0.008558561288295366f,0f,0.9540313261337579f,0.29970690475106415f,0.06723626423191797f,0.37290910531426097f,0.2780884097574618f,-0.8852150222021107f,0.31390701977994945f,0f,0f,0f,1f],start_interpolation:0}
execute if entity @s[tag=aj.tultaria.bone.right_leg] run data modify entity @s {} merge value {transformation:[-0.927867878080558f,-0.15036660610280125f,-0.3412492997727725f,-0.11700011392986748f,0f,0.9151004759864799f,-0.403225890598952f,0.41718948615113394f,0.37290910531426097f,-0.3741403514971928f,-0.8490923368840837f,0.04408407388941711f,0f,0f,0f,1f],start_interpolation:0}
execute if entity @s[tag=aj.tultaria.bone.lower] run data modify entity @s {} merge value {transformation:[-0.927867878080558f,0.016266066716763627f,-0.3725541784758941f,0f,0f,0.9990482215818578f,0.043619387365336f,0.47963000000000006f,0.37290910531426097f,0.04047302839784822f,-0.9269847534593135f,0f,0f,0f,0f,1f],start_interpolation:0}