execute if entity @s[tag=aj.tultaria.bone.head] run data modify entity @s {} merge value {transformation:[-0.9986651495603343f,-0.0016267673602900195f,0.05162627898261556f,0f,0.006371491975618149f,0.9879905393471449f,0.15438295971558003f,1.088046875f,-0.0512574203763708f,0.15450581797619553f,-0.9866613548061293f,0f,0f,0f,0f,1f],start_interpolation:0}
execute if entity @s[tag=aj.tultaria.bone.bust] run data modify entity @s {} merge value {transformation:[-0.9986797212661559f,0f,0.05136939100041148f,0.4736551651328722f,0f,1f,0f,-0.06820312499999998f,-0.05136939100041148f,0f,-0.9986797212661559f,0.5250245561332837f,0f,0f,0f,1f],start_interpolation:0}
execute if entity @s[tag=aj.tultaria.bone.left_wing] run data modify entity @s {} merge value {transformation:[-0.832271120523891f,-0.14156258872279656f,-0.5359895665178637f,0.06883865645418619f,-0.2548007963174228f,0.9563523823632079f,0.14306178715584406f,0.9942968750000001f,0.49234270192409096f,0.25563676226692666f,-0.8320147292204438f,-0.12162437822074379f,0f,0f,0f,1f],start_interpolation:0}
execute if entity @s[tag=aj.tultaria.bone.right_wing] run data modify entity @s {} merge value {transformation:[-0.7773627963290076f,0.11458633990620633f,0.6185281348414519f,-0.05599630870408334f,0.2548007963174228f,0.9563523823632079f,0.14306178715584406f,0.9942968750000001f,-0.575137928743665f,0.2688123722136244f,-0.7726294528849718f,-0.12804555209579516f,0f,0f,0f,1f],start_interpolation:0}
execute if entity @s[tag=aj.tultaria.bone.body] run data modify entity @s {} merge value {transformation:[-0.9986797212661559f,0f,0.05136939100041148f,0.4736551651328722f,0f,1f,0f,-0.06820312499999998f,-0.05136939100041148f,0f,-0.9986797212661559f,0.5250245561332837f,0f,0f,0f,1f],start_interpolation:0}
execute if entity @s[tag=aj.tultaria.bone.left_hand] run data modify entity @s {} merge value {transformation:[-0.6959696582579056f,-0.6121229048228617f,0.37540882271943976f,0.5340884365908075f,-0.6330574777341802f,0.7697955428756023f,0.08156624334671164f,0.8117977625085984f,-0.3389166042984795f,-0.18088773192253452f,-0.9232633230940722f,-0.13614625921293907f,0f,0f,0f,1f],start_interpolation:0}
execute if entity @s[tag=aj.tultaria.bone.left_arm] run data modify entity @s {} merge value {transformation:[-0.6959696582579056f,-0.7168192649976274f,0.04238367743171027f,0.2184611890269716f,-0.6330574777341802f,0.6403612674955368f,0.43494330317450297f,0.9317968750000001f,-0.3389166042984795f,0.27587603813990585f,-0.8994598083911349f,0.01123705428134001f,0f,0f,0f,1f],start_interpolation:0}
execute if entity @s[tag=aj.tultaria.bone.rod] run data modify entity @s {} merge value {transformation:[-0.1434899302053719f,-0.5810180977893822f,0.5261543267862246f,-0.918313616965235f,0.7830611569211483f,-0.08226565161906241f,0.12270840521335039f,0.8932159176543638f,-0.03515153020808994f,0.5391290181671721f,0.5857593681018947f,-0.13915479438140294f,0f,0f,0f,1f],start_interpolation:0}
execute if entity @s[tag=aj.tultaria.bone.sword] run data modify entity @s {} merge value {transformation:[-0.0000018006579476752553f,0.000009685202796885221f,0.0000017188594295871364f,-0.9158835194755305f,0.000009826649812343823f,0.000001849532442047864f,-1.2721325157229088e-7f,0.9233278862011931f,-4.4111724182701107e-7f,0.0000016661562138704592f,-0.000009850347153778074f,-0.18670678804544702f,0f,0f,0f,1f],start_interpolation:0}
execute if entity @s[tag=aj.tultaria.bone.right_hand] run data modify entity @s {} merge value {transformation:[-0.18006579476752552f,0.9685202796885221f,0.17188594295871362f,-0.5336327692122f,0.9826649812343822f,0.18495324420478637f,-0.012721325157229086f,0.960983218586505f,-0.0441117241827011f,0.16661562138704591f,-0.9850347153778073f,-0.19980327578348658f,0f,0f,0f,1f],start_interpolation:0}
execute if entity @s[tag=aj.tultaria.bone.right_arm] run data modify entity @s {} merge value {transformation:[-0.18006579476752552f,0.9435629338856539f,0.2779663637058202f,-0.2184611890269716f,0.9826649812343822f,0.18522539732273502f,0.007815807205032735f,0.9317968750000001f,-0.0441117241827011f,0.2745551711108933f,-0.9605590111002538f,-0.01123705428134001f,0f,0f,0f,1f],start_interpolation:0}
execute if entity @s[tag=aj.tultaria.bone.skirt] run data modify entity @s {} merge value {transformation:[-0.9872940134511662f,0.028020074490073328f,0.15641421428073335f,-0.00959715241497663f,0f,0.9843305396752505f,-0.17633317516176628f,0.38224027790301696f,-0.15890415665893834f,-0.17409268821004772f,-0.9718236490785305f,0.059628466144040604f,0f,0f,0f,1f],start_interpolation:0}
execute if entity @s[tag=aj.tultaria.bone.left_foot] run data modify entity @s {} merge value {transformation:[-0.9872940134511662f,0.0008666834307493078f,0.1589017931406669f,0.09203439867960128f,0f,0.9999851261394216f,-0.00545412687101382f,-0.039246603061567464f,-0.15890415665893834f,-0.0053848268083550865f,-0.9872793285776602f,0.21481495430806677f,0f,0f,0f,1f],start_interpolation:0}
execute if entity @s[tag=aj.tultaria.bone.left_leg] run data modify entity @s {} merge value {transformation:[-0.9872940134511662f,0.028020074490073328f,0.15641421428073335f,0.12384495805410003f,0f,0.9843305396752505f,-0.17633317516176628f,0.3693563611511339f,-0.15890415665893834f,-0.17409268821004772f,-0.9718236490785305f,0.01717144708135456f,0f,0f,0f,1f],start_interpolation:0}
execute if entity @s[tag=aj.tultaria.bone.right_foot] run data modify entity @s {} merge value {transformation:[-0.9872940134511662f,0.0008666834307493321f,0.15890179314066688f,-0.17721481141874496f,0f,0.9999851261394217f,-0.005454126871013987f,0.06846472509061408f,-0.15890415665893834f,-0.00538482680835517f,-0.9872793285776604f,0.3144230047791758f,0f,0f,0f,1f],start_interpolation:0}
execute if entity @s[tag=aj.tultaria.bone.right_leg] run data modify entity @s {} merge value {transformation:[-0.9872940134511662f,0.08574430171246006f,0.13378507288681737f,-0.12297854530869151f,0f,0.8419230541210138f,-0.5395976009393896f,0.3693563611511339f,-0.15890415665893834f,-0.5327414810800707f,-0.8312255911201991f,-0.022554592083380023f,0f,0f,0f,1f],start_interpolation:0}
execute if entity @s[tag=aj.tultaria.bone.lower] run data modify entity @s {} merge value {transformation:[-0.9872940134511662f,-0.006931301963268267f,0.1587529151120773f,0f,0f,0.9990482215818578f,0.043619387365336f,0.431796875f,-0.15890415665893834f,0.04306516001620367f,-0.9863543283168024f,0f,0f,0f,0f,1f],start_interpolation:0}