execute if entity @s[tag=aj.tultaria.bone.head] run data modify entity @s {} merge value {transformation:[-0.9893440847809587f,-0.01420668126496024f,0.14490152558328326f,0f,0.007902232931719357f,0.9885216620952757f,0.15087239072503073f,1.057370625f,-0.14538169287644132f,0.15040975292789133f,-0.9778757945672603f,0f,0f,0f,0f,1f],start_interpolation:0}
execute if entity @s[tag=aj.tultaria.bone.bust] run data modify entity @s {} merge value {transformation:[-0.9371719732226442f,0f,0.34886772938461263f,0.2941521219190158f,0f,1f,0f,-0.09887937499999999f,-0.34886772938461263f,0f,-0.9371719732226442f,0.6430198513036285f,0f,0f,0f,1f],start_interpolation:0}
execute if entity @s[tag=aj.tultaria.bone.left_wing] run data modify entity @s {} merge value {transformation:[-0.8869818996259278f,-0.26099185025309224f,-0.3809807919534107f,0.10218171449949182f,-0.3443065131861158f,0.923534548321467f,0.16892886974784105f,0.963620625f,0.30775986533919547f,0.28101101785896476f,-0.909019621970983f,-0.09534226356629216f,0f,0f,0f,1f],start_interpolation:0}
execute if entity @s[tag=aj.tultaria.bone.right_wing] run data modify entity @s {} merge value {transformation:[-0.46983148855299994f,0.013709321157941115f,0.8826496625940898f,-0.01496478215333874f,0.3443065131861158f,0.923534548321467f,0.16892886974784105f,0.963620625f,-0.8128415573417069f,0.3832701300258766f,-0.43862582013403667f,-0.13895072973936873f,0f,0f,0f,1f],start_interpolation:0}
execute if entity @s[tag=aj.tultaria.bone.body] run data modify entity @s {} merge value {transformation:[-0.9371719732226442f,0f,0.34886772938461263f,0.2941521219190158f,0f,1f,0f,-0.09887937499999999f,-0.34886772938461263f,0f,-0.9371719732226442f,0.6430198513036285f,0f,0f,0f,1f],start_interpolation:0}
execute if entity @s[tag=aj.tultaria.bone.left_hand] run data modify entity @s {} merge value {transformation:[-0.3960776915730552f,-0.7756507149159195f,0.49141472371977496f,0.5689212332056952f,-0.7742414894252805f,0.56983290900121f,0.27539166993891107f,0.8641092141241966f,-0.4936320272132705f,-0.2713971707104586f,-0.826239067969843f,0.03228852049184573f,0f,0f,0f,1f],start_interpolation:0}
execute if entity @s[tag=aj.tultaria.bone.left_arm] run data modify entity @s {} merge value {transformation:[-0.3960776915730552f,-0.8965069009933524f,0.19848888812589782f,0.20500636914245343f,-0.7742414894252805f,0.44228816051478803f,0.4526933831203726f,0.901120625f,-0.4936320272132705f,0.02562341779975086f,-0.8692933119319256f,0.07631481580288402f,0f,0f,0f,1f],start_interpolation:0}
execute if entity @s[tag=aj.tultaria.bone.rod] run data modify entity @s {} merge value {transformation:[-0.18231358838117162f,-0.9241540842783954f,0.38102857389780903f,-0.8189058143796366f,0.9935711243851207f,-0.12497931504642316f,0.17227414699272264f,0.8449349919503898f,-0.10981787834011354f,0.4034862939996158f,0.9260780929677522f,-0.43292914031538965f,0f,0f,0f,1f],start_interpolation:0}
execute if entity @s[tag=aj.tultaria.bone.sword] run data modify entity @s {} merge value {transformation:[-0.0000017942288632373373f,0.000008506837770412499f,0.000004941098454211307f,-0.8013513805731378f,0.00000977817399613569f,0.0000020938886051204168f,-5.425689488594902e-8f,0.8752374564935359f,-0.0000010807664352772248f,0.000004821757113048126f,-0.000008693825524770324f,-0.4770588425729918f,0f,0f,0f,1f],start_interpolation:0}
execute if entity @s[tag=aj.tultaria.bone.right_hand] run data modify entity @s {} merge value {transformation:[-0.1794228863237337f,0.8506837770412499f,0.4941098454211307f,-0.4381356673115267f,0.977817399613569f,0.20938886051204167f,-0.0054256894885949015f,0.9227776034563311f,-0.10807664352772248f,0.4821757113048125f,-0.8693825524770323f,-0.36078606763571397f,0f,0f,0f,1f],start_interpolation:0}
execute if entity @s[tag=aj.tultaria.bone.right_arm] run data modify entity @s {} merge value {transformation:[-0.1794228863237337f,0.7893793001631757f,0.5871011397852633f,-0.20500636914245343f,0.977817399613569f,0.20866015837772445f,0.01827761797228611f,0.901120625f,-0.10807664352772248f,0.5773571327866989f,-0.8093072224712342f,-0.07631481580288402f,0f,0f,0f,1f],start_interpolation:0}
execute if entity @s[tag=aj.tultaria.bone.skirt] run data modify entity @s {} merge value {transformation:[-0.8654222349045544f,0.13683433982237758f,0.4819965962309073f,-0.030260936531171848f,0f,0.9619859761556362f,-0.27309884964951375f,0.35156402790301694f,-0.5010432669269254f,-0.23634581681354508f,-0.8325240534314501f,0.05226791587028965f,0f,0f,0f,1f],start_interpolation:0}
execute if entity @s[tag=aj.tultaria.bone.left_foot] run data modify entity @s {} merge value {transformation:[-0.8654222349045544f,0.10158380095698669f,0.49063742897982976f,-0.010570868816404372f,0f,0.9792316579545749f,-0.20274456850809688f,-0.04805139721076768f,-0.5010432669269254f,-0.17545965759303672f,-0.8474488499163404f,0.26773788566954315f,0f,0f,0f,1f],start_interpolation:0}
execute if entity @s[tag=aj.tultaria.bone.left_leg] run data modify entity @s {} merge value {transformation:[-0.8654222349045544f,0.13683433982237758f,0.4819965962309073f,0.10954372938474924f,0f,0.9619859761556362f,-0.27309884964951375f,0.3386801111511339f,-0.5010432669269254f,-0.23634581681354508f,-0.8325240534314501f,0.06027108413468588f,0f,0f,0f,1f],start_interpolation:0}
execute if entity @s[tag=aj.tultaria.bone.right_foot] run data modify entity @s {} merge value {transformation:[-0.8654222349045544f,0.10158380095698658f,0.49063742897982976f,-0.29193551774901844f,0f,0.979231657954575f,-0.2027445685080967f,0.07312710016063506f,-0.5010432669269254f,-0.17545965759303656f,-0.8474488499163404f,0.25476340396964264f,0f,0f,0f,1f],start_interpolation:0}
execute if entity @s[tag=aj.tultaria.bone.right_leg] run data modify entity @s {} merge value {transformation:[-0.8654222349045544f,0.3108705577405226f,0.39294255516920357f,-0.10681182934138936f,0f,0.7842487487742497f,-0.6204465327858831f,0.3386801111511339f,-0.5010432669269254f,-0.5369482250423409f,-0.6787063048853116f,-0.06498973259704545f,0f,0f,0f,1f],start_interpolation:0}
execute if entity @s[tag=aj.tultaria.bone.lower] run data modify entity @s {} merge value {transformation:[-0.8654222349045544f,-0.021855200346879f,0.5005663847589088f,0f,0f,0.9990482215818578f,0.043619387365336f,0.401120625f,-0.5010432669269254f,0.037749187698876564f,-0.8645985446987918f,0f,0f,0f,0f,1f],start_interpolation:0}