execute if entity @s[tag=aj.tultaria.bone.head] run data modify entity @s {} merge value {transformation:[-0.987817310003806f,-0.02702278218629047f,0.15325381332859844f,0f,0f,0.984807753012208f,0.17364817766693036f,1.0362933333333333f,-0.15561800042682916f,0.1715326757500101f,-0.972810145451412f,0f,0f,0f,0f,1f],start_interpolation:0}
execute if entity @s[tag=aj.tultaria.bone.bust] run data modify entity @s {} merge value {transformation:[-0.8294995113900959f,0f,0.5585074400610901f,0.1354960356645029f,0f,1f,0f,-0.11995666666666671f,-0.5585074400610901f,0f,-0.8294995113900959f,0.6940034757255931f,0f,0f,0f,1f],start_interpolation:0}
execute if entity @s[tag=aj.tultaria.bone.left_wing] run data modify entity @s {} merge value {transformation:[-0.9045969767932391f,-0.3478354579410932f,-0.2464037413990341f,0.12165714946951728f,-0.39438206694441175f,0.9022986331767049f,0.17412628130211621f,0.9425433333333333f,0.1617624642776736f,0.25469132448193077f,-0.9533966825956834f,-0.06878072391994383f,0f,0f,0f,1f],start_interpolation:0}
execute if entity @s[tag=aj.tultaria.bone.right_wing] run data modify entity @s {} merge value {transformation:[-0.19037093033363545f,-0.10515319424542856f,0.9760644008588211f,0.017969710545755302f,0.39438206694441175f,0.9022986331767049f,0.17412628130211621f,0.9425433333333333f,-0.8990115094683493f,0.4180908780485809f,-0.13030089614429774f,-0.13859415392758012f,0f,0f,0f,1f],start_interpolation:0}
execute if entity @s[tag=aj.tultaria.bone.body] run data modify entity @s {} merge value {transformation:[-0.8294995113900959f,0f,0.5585074400610901f,0.1354960356645029f,0f,1f,0f,-0.11995666666666671f,-0.5585074400610901f,0f,-0.8294995113900959f,0.6940034757255931f,0f,0f,0f,1f],start_interpolation:0}
execute if entity @s[tag=aj.tultaria.bone.left_hand] run data modify entity @s {} merge value {transformation:[-0.03278505950965452f,-0.8923095602906581f,0.450231927440559f,0.5405147576296438f,-0.8934712501027644f,0.22805196829090735f,0.38691268394619255f,0.9491343553747802f,-0.447922164123134f,-0.3895843276782772f,-0.8047296356632536f,0.16737621693543664f,0f,0f,0f,1f],start_interpolation:0}
execute if entity @s[tag=aj.tultaria.bone.left_arm] run data modify entity @s {} merge value {transformation:[-0.03278505950965452f,-0.9569353267886771f,0.28844396373783976f,0.1814530181165835f,-0.8934712501027644f,0.15740066397910246f,0.42063541959604517f,0.8800433333333333f,-0.447922164123134f,-0.24392583160211923f,-0.8601545928287908f,0.12217350251336345f,0f,0f,0f,1f],start_interpolation:0}
execute if entity @s[tag=aj.tultaria.bone.rod] run data modify entity @s {} merge value {transformation:[-0.24045310402511114f,-0.9904150275806607f,0.46439248261259336f,-0.7451504956288529f,1.0818369254437565f,-0.14493866525741164f,0.2510411322070548f,0.7901377795687593f,-0.16189864579757637f,0.502464781308898f,0.9877843752728185f,-0.5342852860143549f,0f,0f,0f,1f],start_interpolation:0}
execute if entity @s[tag=aj.tultaria.bone.sword] run data modify entity @s {} merge value {transformation:[-0.0000021469027145099206f,0.000008012350009458568f,0.0000055850744006109f,-0.7256795303588328f,0.000009659258262890684f,0.0000025881904510252067f,2.0816681711721688e-22f,0.8203229616402927f,-0.0000014455236231926462f,0.000005394767605296007f,-0.00000829499511390096f,-0.5776853369332426f,0f,0f,0f,1f],start_interpolation:0}
execute if entity @s[tag=aj.tultaria.bone.right_hand] run data modify entity @s {} merge value {transformation:[-0.21469027145099207f,0.8012350009458568f,0.55850744006109f,-0.37487394026652043f,0.9659258262890683f,0.25881904510252063f,2.0816681711721685e-17f,0.8871949214822046f,-0.1445523623192646f,0.5394767605296007f,-0.8294995113900959f,-0.4356689397395166f,0f,0f,0f,1f],start_interpolation:0}
execute if entity @s[tag=aj.tultaria.bone.right_arm] run data modify entity @s {} merge value {transformation:[-0.21469027145099207f,0.692078641736193f,0.6891554548843718f,-0.1814530181165835f,0.9659258262890683f,0.2548870022441787f,0.04494345552754779f,0.8800433333333333f,-0.1445523623192646f,0.6753219748679604f,-0.7232183935771808f,-0.12217350251336345f,0f,0f,0f,1f],start_interpolation:0}
execute if entity @s[tag=aj.tultaria.bone.skirt] run data modify entity @s {} merge value {transformation:[-0.6427876096865391f,0.2589850553322154f,0.7209374660454502f,-0.04626590916081733f,0f,0.9411170233284727f,-0.33808097905879747f,0.3304867362363502f,-0.7660444431189781f,-0.21731426440968932f,-0.6049383618606199f,0.03882170731292335f,0f,0f,0f,1f],start_interpolation:0}
execute if entity @s[tag=aj.tultaria.bone.left_foot] run data modify entity @s {} merge value {transformation:[-0.6427876096865391f,0.25596293629939326f,0.7220159721740635f,-0.12098629442124126f,0f,0.942524913090354f,-0.33413588284412166f,-0.05187575583938997f,-0.7660444431189781f,-0.21477840544387444f,-0.6058433359553618f,0.2646954661929041f,0f,0f,0f,1f],start_interpolation:0}
execute if entity @s[tag=aj.tultaria.bone.left_leg] run data modify entity @s {} merge value {transformation:[-0.6427876096865391f,0.2589850553322154f,0.7209374660454502f,0.08243685054228425f,0f,0.9411170233284727f,-0.33808097905879747f,0.31760281948446717f,-0.7660444431189781f,-0.21731426440968932f,-0.6049383618606199f,0.09400318028108755f,0f,0f,0f,1f],start_interpolation:0}
execute if entity @s[tag=aj.tultaria.bone.right_foot] run data modify entity @s {} merge value {transformation:[-0.6427876096865391f,0.2559629362993934f,0.7220159721740635f,-0.3745121062237565f,0f,0.942524913090354f,-0.3341358828441218f,0.07787073303345754f,-0.7660444431189781f,-0.21477840544387458f,-0.6058433359553618f,0.1510770590372455f,0f,0f,0f,1f],start_interpolation:0}
execute if entity @s[tag=aj.tultaria.bone.right_leg] run data modify entity @s {} merge value {transformation:[-0.6427876096865391f,0.5151618158746002f,0.5669500791941473f,-0.07826005187935053f,0f,0.7401007660675524f,-0.6724959896283562f,0.31760281948446717f,-0.7660444431189781f,-0.4322720896969947f,-0.47572760234773853f,-0.09750793049865698f,0f,0f,0f,1f],start_interpolation:0}
execute if entity @s[tag=aj.tultaria.bone.lower] run data modify entity @s {} merge value {transformation:[-0.6427876096865391f,-0.03341438930346981f,0.7653153385506797f,0f,0f,0.9990482215818578f,0.043619387365336f,0.3800433333333333f,-0.7660444431189781f,0.028038001740555554f,-0.6421758183121903f,0f,0f,0f,0f,1f],start_interpolation:0}