execute if entity @s[tag=aj.tultaria.bone.head] run data modify entity @s {} merge value {transformation:[-0.9791247733689008f,0.03484333432395123f,-0.20025139257565272f,0f,-0.002292205125949895f,0.9832421710582668f,0.1822898210221476f,1.1539664583333333f,0.2032471991712539f,0.1789434969643083f,-0.962636899834629f,0f,0f,0f,0f,1f],start_interpolation:0}
execute if entity @s[tag=aj.tultaria.bone.bust] run data modify entity @s {} merge value {transformation:[-0.8050462275005913f,0f,-0.5932120797717005f,0.6991291536361459f,0f,1f,0f,-0.0022835416666666664f,0.5932120797717005f,0f,-0.8050462275005913f,0.10591707386444538f,0f,0f,0f,1f],start_interpolation:0}
execute if entity @s[tag=aj.tultaria.bone.left_wing] run data modify entity @s {} merge value {transformation:[-0.5117997993944124f,0.0008320597031453375f,-0.8591043434976278f,-0.023836120752675605f,-0.009449792745980751f,0.9999335814242373f,0.006598041918353169f,1.0602164583333333f,0.8590527729755009f,0.011495234523433515f,-0.5117579435889139f,-0.1377065334233052f,0f,0f,0f,1f],start_interpolation:0}
execute if entity @s[tag=aj.tultaria.bone.right_wing] run data modify entity @s {} merge value {transformation:[-0.9720984067831212f,0.010732945614489783f,-0.2343277435732996f,-0.12446689919024956f,0.009449792745980751f,0.9999335814242373f,0.006598041918353169f,1.0602164583333333f,0.2343829962833816f,0.00419959742531836f,-0.9721352655030522f,-0.06355502345184261f,0f,0f,0f,1f],start_interpolation:0}
execute if entity @s[tag=aj.tultaria.bone.body] run data modify entity @s {} merge value {transformation:[-0.8050462275005913f,0f,-0.5932120797717005f,0.6991291536361459f,0f,1f,0f,-0.0022835416666666664f,0.5932120797717005f,0f,-0.8050462275005913f,0.10591707386444538f,0f,0f,0f,1f],start_interpolation:0}
execute if entity @s[tag=aj.tultaria.bone.left_hand] run data modify entity @s {} merge value {transformation:[-0.8941828997003256f,-0.40590207840301384f,-0.1888926801960083f,0.27461900363121466f,-0.30322824738887244f,0.859491822641257f,-0.4114929365108018f,0.7452553920274778f,0.3293775521631531f,-0.3106723508150084f,-0.8916238660837237f,-0.37936555194782823f,0f,0f,0f,1f],start_interpolation:0}
execute if entity @s[tag=aj.tultaria.bone.left_arm] run data modify entity @s {} merge value {transformation:[-0.8941828997003256f,-0.1570616979622718f,-0.41924761766374535f,0.17610386226575434f,-0.30322824738887244f,0.9014141747533805f,0.30903901944439777f,0.9977164583333333f,0.3293775521631531f,0.40346512685347447f,-0.8536546840169738f,-0.1297651424500595f,0f,0f,0f,1f],start_interpolation:0}
execute if entity @s[tag=aj.tultaria.bone.rod] run data modify entity @s {} merge value {transformation:[0.011148089912935493f,-0.012827180598833764f,-0.061702378634684876f,-0.30311412952235517f,-0.047341662235616734f,0.039656159011811694f,-0.016797501873751702f,-0.21753965657588964f,0.04159912388574899f,0.04856801921341672f,-0.002580775391873437f,0.5680461447557649f,0f,0f,0f,1f],start_interpolation:0}
execute if entity @s[tag=aj.tultaria.bone.sword] run data modify entity @s {} merge value {transformation:[-0.000005464870249259278f,-0.0000023019754334240407f,-0.000008052086826573162f,-0.2880254082260275f,0.0000038784635818822044f,0.000007825896800432276f,-0.000004869585147935844f,0.4915071929122929f,0.000007422446591439667f,-0.000005784137651620689f,-0.0000033839382713533063f,0.480279954773259f,0f,0f,0f,1f],start_interpolation:0}
execute if entity @s[tag=aj.tultaria.bone.right_hand] run data modify entity @s {} merge value {transformation:[-0.5464870249259278f,-0.23019754334240405f,-0.8052086826573162f,-0.4201786957830966f,0.3878463581882204f,0.7825896800432275f,-0.4869585147935844f,0.7348144902668725f,0.7422446591439666f,-0.5784137651620689f,-0.3383938271353306f,0.21374262949428655f,0f,0f,0f,1f],start_interpolation:0}
execute if entity @s[tag=aj.tultaria.bone.right_arm] run data modify entity @s {} merge value {transformation:[-0.5464870249259278f,0.3540023610212656f,-0.7589692088477491f,-0.17610386226575434f,0.3878463581882204f,0.9102031038215643f,0.14527736311526726f,0.9977164583333333f,0.7422446591439666f,-0.21497124967064823f,-0.6347127127979215f,0.1297651424500595f,0f,0f,0f,1f],start_interpolation:0}
execute if entity @s[tag=aj.tultaria.bone.skirt] run data modify entity @s {} merge value {transformation:[-0.8184980079019312f,0.020814168825329694f,-0.5741321985716189f,0.03469798437356637f,0f,0.9993434973167575f,0.03622946826427065f,0.44815986123635027f,0.5745093655116252f,0.029653747601651757f,-0.817960661763515f,0.0494338870571497f,0f,0f,0f,1f],start_interpolation:0}
execute if entity @s[tag=aj.tultaria.bone.left_foot] run data modify entity @s {} merge value {transformation:[-0.8184980079019312f,0.23507011088455004f,-0.5242166098372842f,0.16340634278815797f,0f,0.9124596417509172f,0.4091667168475313f,-0.006465519124648045f,0.5745093655116252f,0.334902142639478f,-0.7468463990640356f,0.015226498601736693f,0f,0f,0f,1f],start_interpolation:0}
execute if entity @s[tag=aj.tultaria.bone.left_leg] run data modify entity @s {} merge value {transformation:[-0.8184980079019312f,0.020814168825329694f,-0.5741321985716189f,0.10074601682778733f,0f,0.9993434973167575f,0.03622946826427065f,0.4352759444844672f,0.5745093655116252f,0.029653747601651757f,-0.817960661763515f,-0.07404506954298004f,0f,0f,0f,1f],start_interpolation:0}
execute if entity @s[tag=aj.tultaria.bone.right_foot] run data modify entity @s {} merge value {transformation:[-0.8184980079019312f,0.23507011088455f,-0.5242166098372842f,0.051131272370121855f,0f,0.9124596417509172f,0.40916671684753136f,0.06889838999773162f,0.5745093655116252f,0.33490214263947793f,-0.7468463990640356f,0.2904231934110386f,0f,0f,0f,1f],start_interpolation:0}
execute if entity @s[tag=aj.tultaria.bone.right_leg] run data modify entity @s {} merge value {transformation:[-0.8184980079019312f,-0.2004810958167458f,-0.5383942247839282f,-0.10387848514769546f,0f,0.9371374203873336f,-0.34896053546178274f,0.4352759444844672f,0.5745093655116252f,-0.28562350311186047f,-0.7670451117173872f,0.06958227183492627f,0f,0f,0f,1f],start_interpolation:0}
execute if entity @s[tag=aj.tultaria.bone.lower] run data modify entity @s {} merge value {transformation:[-0.8184980079019312f,0.02505974655926499f,-0.5739625598965107f,0f,0f,0.9990482215818578f,0.043619387365336f,0.49771645833333333f,0.5745093655116252f,0.03570238166443018f,-0.8177189791627177f,0f,0f,0f,0f,1f],start_interpolation:0}