execute if entity @s[tag=aj.blazing_inferno.bone.left_hand] run data modify entity @s {} merge value {transformation:[-0.6763525149732588f,-0.5649691177700504f,-0.47260678312470167f,0.4598227249835953f,-0.14564857670111836f,0.7315369324385209f,-0.6660632166569307f,0.9710499447622003f,0.7220344642704296f,-0.3816590264156866f,-0.5770637919339109f,-0.5070960288375228f,0f,0f,0f,1f],start_interpolation:0}
execute if entity @s[tag=aj.blazing_inferno.bone.left_arm] run data modify entity @s {} merge value {transformation:[-0.6763525149732588f,-0.06531003315394729f,-0.7336769555184204f,0.29831067331307476f,-0.14564857670111836f,0.9882525428127237f,0.04629690841864323f,1.46875f,0.7220344642704296f,0.13817203477410364f,-0.677919406133279f,-0.2983106733130747f,0f,0f,0f,1f],start_interpolation:0}
execute if entity @s[tag=aj.blazing_inferno.bone.right_hand] run data modify entity @s {} merge value {transformation:[-0.4055797876726389f,-0.9135971706988608f,-0.029073106515363878f,-0.10862429751740377f,0.8191520442889917f,-0.34917121103879223f,-0.45504878169144564f,1.5307121978421296f,0.40557978767263886f,-0.20837388289500147f,0.8899917756691225f,0.8251527534244457f,0f,0f,0f,1f],start_interpolation:0}
execute if entity @s[tag=aj.blazing_inferno.bone.right_arm] run data modify entity @s {} merge value {transformation:[-0.4055797876726389f,-0.5002025147939592f,-0.7650506388633475f,-0.29831067331307476f,0.8191520442889917f,0.1724777608697532f,-0.5470295698977542f,1.46875f,0.40557978767263886f,-0.8485569316192965f,0.3397884189201596f,0.2983106733130747f,0f,0f,0f,1f],start_interpolation:0}