execute if entity @s[tag=aj.blazing_inferno.bone.body] run data modify entity @s {} merge value {transformation:[-0.6855575617189882f,-0.0005205136882209491f,-0.7280182405925115f,0.00006506421102761864f,0f,0.9999997444066053f,-0.0007149732330297915f,0.6198392267171932f,0.7280184266692125f,-0.0004901553063302457f,-0.6855573864950038f,0.00006126941329128071f,0f,0f,0f,1f],start_interpolation:0}
execute if entity @s[tag=aj.blazing_inferno.bone.left_hand] run data modify entity @s {} merge value {transformation:[-0.6108547568497491f,-0.6661799822485073f,-0.4278559305249985f,0.4918080794353487f,-0.45326127902857904f,0.737325717315457f,-0.500904181973582f,0.9899336947292319f,0.6491615199373807f,-0.11204917597477132f,-0.7523525125869948f,-0.6705929904186138f,0f,0f,0f,1f],start_interpolation:0}
execute if entity @s[tag=aj.blazing_inferno.bone.left_arm] run data modify entity @s {} merge value {transformation:[-0.6108547568497491f,-0.16635959949357318f,-0.7740677939885962f,0.28889427529506f,-0.45326127902857904f,0.8750905037379274f,0.16961964273360847f,1.3698390350221472f,0.6491615199373807f,0.45446792397708136f,-0.6099575617274953f,-0.3074391208175304f,0f,0f,0f,1f],start_interpolation:0}
execute if entity @s[tag=aj.blazing_inferno.bone.right_hand] run data modify entity @s {} merge value {transformation:[-0.4690217760250497f,-0.8455530380206655f,-0.25506593953001866f,-0.21512917208028237f,0.7298638861493996f,-0.20846247264911646f,-0.6510315700424307f,1.2972822343991928f,0.4973100454537433f,-0.4915114010794046f,0.7149120654316558f,0.860523654446395f,0f,0f,0f,1f],start_interpolation:0}
execute if entity @s[tag=aj.blazing_inferno.bone.right_arm] run data modify entity @s {} merge value {transformation:[-0.4690217760250497f,-0.3056137945030601f,-0.8286246328849689f,-0.2895449174053362f,0.7298638861493996f,0.3941765256959375f,-0.5585011855718626f,1.3698390350221472f,0.4973100454537433f,-0.8667324126855538f,0.03817909756757515f,0.3068264266846176f,0f,0f,0f,1f],start_interpolation:0}
execute if entity @s[tag=aj.blazing_inferno.bone.head] run data modify entity @s {} merge value {transformation:[-0.7110069120522905f,0.10825717050438122f,-0.6948018106253406f,-0.0003903852661657118f,0.009603888965561592f,0.9894810639780294f,0.14434330377833263f,1.4948390030729728f,0.7031194324797198f,0.09595628725254106f,-0.7045675656784836f,-0.00036761647974768426f,0f,0f,0f,1f],start_interpolation:0}
execute if entity @s[tag=aj.blazing_inferno.bone.bottom] run data modify entity @s {} merge value {transformation:[-1f,0f,1.2246467991473532e-16f,0f,0f,1f,0f,0.7448391947680189f,-1.2246467991473532e-16f,0f,-1f,0f,0f,0f,0f,1f],start_interpolation:0}