execute if entity @s[tag=aj.blazing_inferno.bone.body] run data modify entity @s {} merge value {transformation:[-0.639124444863776f,-0.004719129363072982f,-0.7690888594925979f,0.0005898911703841228f,0f,0.9999811752826011f,-0.006135884649154475f,0.6876687820290629f,0.7691033376455795f,-0.003921593870139019f,-0.6391124135267187f,0.0004901992337673774f,0f,0f,0f,1f],start_interpolation:0}
execute if entity @s[tag=aj.blazing_inferno.bone.left_hand] run data modify entity @s {} merge value {transformation:[-0.5437179918148635f,-0.7226094514327777f,-0.4268563295499227f,0.47610682069622257f,-0.5193462134358452f,0.6892205756602762f,-0.5052271852111353f,1.086931980428453f,0.6592801043309752f,-0.053014892120399004f,-0.7500261097100559f,-0.714882069122003f,0f,0f,0f,1f],start_interpolation:0}
execute if entity @s[tag=aj.blazing_inferno.bone.left_arm] run data modify entity @s {} merge value {transformation:[-0.5437179918148635f,-0.20231252311708384f,-0.8145185009358668f,0.26668116932498487f,-0.5193462134358452f,0.8434825375657066f,0.13717404787920226f,1.4376546634910137f,0.6592801043309752f,0.4976010970764791f,-0.5636868742676406f,-0.32691646673806574f,0f,0f,0f,1f],start_interpolation:0}
execute if entity @s[tag=aj.blazing_inferno.bone.right_hand] run data modify entity @s {} merge value {transformation:[-0.34445010034978873f,-0.9250184850097003f,0.16029638411199243f,0.008622889975189063f,0.8462934700224609f,-0.37985744763698576f,-0.37349120748962317f,1.5449876484085723f,0.4063760462507141f,0.007008699242626981f,0.9136790394709531f,0.798236410001013f,0f,0f,0f,1f],start_interpolation:0}
execute if entity @s[tag=aj.blazing_inferno.bone.right_arm] run data modify entity @s {} merge value {transformation:[-0.34445010034978873f,-0.6508938631898364f,-0.6765288665170401f,-0.27258008102882614f,0.8462934700224609f,0.09665325310428761f,-0.5238754730484151f,1.4376546634910137f,0.4063760462507141f,-0.7529909212773875f,0.5175550033643462f,0.322014474400392f,0f,0f,0f,1f],start_interpolation:0}
execute if entity @s[tag=aj.blazing_inferno.bone.head] run data modify entity @s {} merge value {transformation:[-0.7065511348344807f,0.13818524891386222f,-0.6940391421575022f,-0.0035393470223047366f,0.02407083459743201f,0.9848749097932665f,0.17158673311619388f,1.5626523104013388f,0.7072524929513438f,0.10452869961077112f,-0.6991907194548499f,-0.0029411954026042643f,0f,0f,0f,1f],start_interpolation:0}
execute if entity @s[tag=aj.blazing_inferno.bone.bottom] run data modify entity @s {} merge value {transformation:[-1f,0f,1.2246467991473532e-16f,0f,0f,1f,0f,0.812666428939388f,-1.2246467991473532e-16f,0f,-1f,0f,0f,0f,0f,1f],start_interpolation:0}