execute if entity @s[tag=aj.blazing_inferno.bone.body] run data modify entity @s {} merge value {transformation:[-0.6105088965796577f,-0.00943753612084273f,-0.791953167876142f,0.0011796920151053412f,0f,0.9999290026719175f,-0.011915939557767328f,0.7340671033251897f,0.7920093984272465f,-0.007274787111122424f,-0.6104655520792299f,0.000909348388890303f,0f,0f,0f,1f],start_interpolation:0}
execute if entity @s[tag=aj.blazing_inferno.bone.left_hand] run data modify entity @s {} merge value {transformation:[-0.5153958033743135f,-0.7299386263396944f,-0.4489507407739364f,0.44935592261916535f,-0.5230280842458558f,0.6829387045435277f,-0.509937593168535f,1.1346587842031028f,0.6788289835844195f,-0.02800584963411118f,-0.7337621436351262f,-0.7339606184760354f,0f,0f,0f,1f],start_interpolation:0}
execute if entity @s[tag=aj.blazing_inferno.bone.left_arm] run data modify entity @s {} merge value {transformation:[-0.5153958033743135f,-0.19022913659758145f,-0.8355716854067549f,0.2516599806690164f,-0.5230280842458558f,0.8422076930298785f,0.1308733161931796f,1.4840138553291278f,0.6788289835844195f,0.5044790158080201f,-0.5335654914395376f,-0.33867570690594617f,0f,0f,0f,1f],start_interpolation:0}
execute if entity @s[tag=aj.blazing_inferno.bone.right_hand] run data modify entity @s {} merge value {transformation:[-0.33215288640207835f,-0.9204367814460994f,0.20608394264452834f,0.03743043801929402f,0.847336986037325f,-0.3871592924791832f,-0.3634937610746573f,1.5969760158544721f,0.4143603409448713f,0.05388704490100876f,0.908516204722781f,0.7922799343963108f,0f,0f,0f,1f],start_interpolation:0}
execute if entity @s[tag=aj.blazing_inferno.bone.right_arm] run data modify entity @s {} merge value {transformation:[-0.33215288640207835f,-0.6836065977218889f,-0.6498895903196724f,-0.2634569008200698f,0.847336986037325f,0.08642545761252543f,-0.5239758318564391f,1.4840138553291278f,0.4143603409448713f,-0.7247155716745494f,0.5505386889442746f,0.3295822230170431f,0f,0f,0f,1f],start_interpolation:0}
execute if entity @s[tag=aj.blazing_inferno.bone.head] run data modify entity @s {} merge value {transformation:[-0.694177329152853f,0.1471220043619986f,-0.7046083674799213f,-0.007078152090632048f,0.02843086493666058f,0.9837294416208936f,0.17739242263185423f,1.6090049806631175f,0.7192423246786612f,0.10310917282547212f,-0.687065482228646f,-0.005456090333341818f,0f,0f,0f,1f],start_interpolation:0}
execute if entity @s[tag=aj.blazing_inferno.bone.bottom] run data modify entity @s {} merge value {transformation:[-1f,0f,1.2246467991473532e-16f,0f,0f,1f,0f,0.8590582286591794f,-1.2246467991473532e-16f,0f,-1f,0f,0f,0f,0f,1f],start_interpolation:0}