execute if entity @s[tag=aj.blazing_inferno.bone.body] run data modify entity @s {} merge value {transformation:[-0.614747090645548f,-0.014097169508907848f,-0.7885983035453928f,0.001762146188613481f,-8.673617379884035e-19f,0.9998402583746249f,-0.01787338058016249f,0.7830365230086416f,0.7887242956463522f,-0.010987608711655529f,-0.6146488899460937f,0.0013734510889569411f,0f,0f,0f,1f],start_interpolation:0}
execute if entity @s[tag=aj.blazing_inferno.bone.left_hand] run data modify entity @s {} merge value {transformation:[-0.5253380126471656f,-0.7192311926708317f,-0.4546718200606004f,0.4434865695316091f,-0.49992012918731243f,0.6932867148437928f,-0.5190697404534793f,1.1719888801894818f,0.6885490809675568f,-0.04538747085258504f,-0.7237680157262674f,-0.7267587006100487f,0f,0f,0f,1f],start_interpolation:0}
execute if entity @s[tag=aj.blazing_inferno.bone.left_arm] run data modify entity @s {} merge value {transformation:[-0.5253380126471656f,-0.17778822444657386f,-0.8321125643301277f,0.25053569792302316f,-0.49992012918731243f,0.8558359733134105f,0.13275786687058522f,1.53291671678961f,0.6885490809675568f,0.4857325746033736f,-0.538483081505734f,-0.3396103176705895f,0f,0f,0f,1f],start_interpolation:0}
execute if entity @s[tag=aj.blazing_inferno.bone.right_hand] run data modify entity @s {} merge value {transformation:[-0.36415217073155726f,-0.927269578641293f,0.08697312848169675f,-0.016036587458431117f,0.8190211916100076f,-0.36329534004757513f,-0.4440954667562368f,1.6039247817661093f,0.44339314862232343f,-0.09048549290419833f,0.8917482219374853f,0.8246501888475364f,0f,0f,0f,1f],start_interpolation:0}
execute if entity @s[tag=aj.blazing_inferno.bone.right_arm] run data modify entity @s {} merge value {transformation:[-0.36415217073155726f,-0.6031041964478001f,-0.7096890338581738f,-0.26815715980915794f,0.8190211916100076f,0.15540406296541565f,-0.5523168157023324f,1.53291671678961f,0.44339314862232343f,-0.7823777255526224f,0.4373643907703136f,0.32587580678102007f,0f,0f,0f,1f],start_interpolation:0}
execute if entity @s[tag=aj.blazing_inferno.bone.head] run data modify entity @s {} merge value {transformation:[-0.7419008528556592f,0.1809171477363766f,-0.6456408523219234f,-0.010572877131680886f,0.043208364969054495f,0.9738090918642374f,0.22322385580230897f,1.6578967490864382f,0.6691159553685344f,0.13771288341140464f,-0.7302869299212265f,-0.008240706533741647f,0f,0f,0f,1f],start_interpolation:0}
execute if entity @s[tag=aj.blazing_inferno.bone.bottom] run data modify entity @s {} merge value {transformation:[-1f,0f,1.2246467991473532e-16f,0f,0f,1f,0f,0.9080165553054697f,-1.2246467991473532e-16f,0f,-1f,0f,0f,0f,0f,1f],start_interpolation:0}