execute if entity @s[tag=aj.blazing_inferno.bone.body] run data modify entity @s {} merge value {transformation:[-0.9810905174433341f,0.019021591856838323f,-0.19261250121942441f,-0.0023776989821047904f,1.734723475976807e-18f,0.9951590317407152f,0.09827767571977986f,0.7483575951387057f,0.1935494680508601f,0.09641929572504701f,-0.9763410893889056f,-0.012052411965630876f,0f,0f,0f,1f],start_interpolation:0}
execute if entity @s[tag=aj.blazing_inferno.bone.left_hand] run data modify entity @s {} merge value {transformation:[-0.9834211094617562f,-0.16364581608492101f,0.07812149731609491f,0.7029088489952923f,-0.17968449322247343f,0.9374153488297523f,-0.29827159883867027f,1.0494857277206568f,-0.024421391450761304f,-0.30736380830588045f,-0.9512786579038313f,-0.22717329464644917f,0f,0f,0f,1f],start_interpolation:0}
execute if entity @s[tag=aj.blazing_inferno.bone.left_arm] run data modify entity @s {} merge value {transformation:[-0.9834211094617562f,-0.17455309932100227f,-0.049133867977605106f,0.4257860569569305f,-0.17968449322247343f,0.901519028146445f,0.39367108705780274f,1.4947268689442421f,-0.024421391450761304f,0.39597305136501587f,-0.9179373280525676f,-0.02139162200580222f,0f,0f,0f,1f],start_interpolation:0}
execute if entity @s[tag=aj.blazing_inferno.bone.right_hand] run data modify entity @s {} merge value {transformation:[-0.5471488268777916f,0.823962183580156f,-0.14735834308269596f,-0.9373411871049298f,0.8151865552430604f,0.5645051724432097f,0.12963329215836067f,1.34433696969348f,0.18999747734433012f,-0.04919583635515492f,-0.9805512369520053f,0.23238790330751036f,0f,0f,0f,1f],start_interpolation:0}
execute if entity @s[tag=aj.blazing_inferno.bone.right_arm] run data modify entity @s {} merge value {transformation:[-0.5471488268777916f,0.8145726398672212f,-0.19261250121942441f,-0.4020090671358826f,0.8151865552430604f,0.5707997710283972f,0.09827767571977986f,1.4947268689442421f,0.18999747734433012f,-0.10324260638745879f,-0.9763410893889056f,0.141915741662111f,0f,0f,0f,1f],start_interpolation:0}
execute if entity @s[tag=aj.blazing_inferno.bone.head] run data modify entity @s {} merge value {transformation:[-0.9746549692328116f,0.07091765528808641f,-0.21217534521764503f,0.014266193892628742f,-0.012065332258550969f,0.9303811723531312f,0.3663950080013428f,1.6191217479118314f,0.2233878213047378f,0.3596686812877282f,-0.9059449878405803f,0.07231447179378525f,0f,0f,0f,1f],start_interpolation:0}
execute if entity @s[tag=aj.blazing_inferno.bone.bottom] run data modify entity @s {} merge value {transformation:[-1f,0f,1.2246467991473532e-16f,0f,0f,1f,0f,0.8727524741062951f,-1.2246467991473532e-16f,0f,-1f,0f,0f,0f,0f,1f],start_interpolation:0}