execute if entity @s[tag=aj.blazing_inferno.bone.body] run data modify entity @s {} merge value {transformation:[-0.6329868638418613f,-0.011728444688391848f,-0.7740736875703993f,0.001466055586048981f,0f,0.9998852344680134f,-0.01514984794794652f,0.7781455888197866f,0.7741625347455434f,-0.009589654740251728f,-0.632914218767692f,0.001198706842531466f,0f,0f,0f,1f],start_interpolation:0}
execute if entity @s[tag=aj.blazing_inferno.bone.left_hand] run data modify entity @s {} merge value {transformation:[-0.5394620331122748f,-0.7087262385765899f,-0.4546293364747259f,0.4524888865265823f,-0.46560863834512967f,0.7009601922148102f,-0.5402438383068987f,1.1496476831176126f,0.7015620505192431f,-0.07976169308167175f,-0.708130469326084f,-0.7027608913167225f,0f,0f,0f,1f],start_interpolation:0}
execute if entity @s[tag=aj.blazing_inferno.bone.left_arm] run data modify entity @s {} merge value {transformation:[-0.5394620331122748f,-0.17247755306351134f,-0.8241554516713425f,0.2597110552530404f,-0.46560863834512967f,0.8766370846925101f,0.12130959418039065f,1.5280595146707967f,0.7015620505192431f,0.4491758179499876f,-0.5532194626368404f,-0.33259335355843345f,0f,0f,0f,1f],start_interpolation:0}
execute if entity @s[tag=aj.blazing_inferno.bone.right_hand] run data modify entity @s {} merge value {transformation:[-0.37267372906226626f,-0.9278834204325388f,0.012109903106009456f,-0.041178451188383286f,0.8190580338688509f,-0.3350433482036015f,-0.4657143888472982f,1.592112925500632f,0.4361860025513389f,-0.16364080454132685f,0.8848522239715233f,0.8294293616785811f,0f,0f,0f,1f],start_interpolation:0}
execute if entity @s[tag=aj.blazing_inferno.bone.right_arm] run data modify entity @s {} merge value {transformation:[-0.37267372906226626f,-0.5704837348222528f,-0.7318897457746475f,-0.27437161111353014f,0.8190580338688509f,0.16850817980343363f,-0.5484058082243712f,1.5280595146707967f,0.4361860025513389f,-0.8038366137733386f,0.40446071445283266f,0.32060628513311884f,0f,0f,0f,1f],start_interpolation:0}
execute if entity @s[tag=aj.blazing_inferno.bone.head] run data modify entity @s {} merge value {transformation:[-0.7574330544760013f,0.1848008278763201f,-0.6262138788013097f,-0.008796333516293886f,0.043739565035286164f,0.971315257427992f,0.23373814651895772f,1.6530451689792982f,0.6514460978758555f,0.1496506755875846f,-0.7437893901222985f,-0.007192241055188796f,0f,0f,0f,1f],start_interpolation:0}
execute if entity @s[tag=aj.blazing_inferno.bone.bottom] run data modify entity @s {} merge value {transformation:[-1f,0f,1.2246467991473532e-16f,0f,0f,1f,0f,0.9031312431282883f,-1.2246467991473532e-16f,0f,-1f,0f,0f,0f,0f,1f],start_interpolation:0}