execute if entity @s[tag=aj.blazing_inferno.bone.body] run data modify entity @s {} merge value {transformation:[-0.6641923103073825f,-0.0019597822820767484f,-0.7475591844007728f,0.00024497278525959355f,2.168404344971009e-19f,0.9999965636906271f,-0.0026215657416200928f,0.6340422083261902f,0.7475617532542324f,-0.001741223806549336f,-0.6641900279371211f,0.000217652975818667f,0f,0f,0f,1f],start_interpolation:0}
execute if entity @s[tag=aj.blazing_inferno.bone.left_hand] run data modify entity @s {} merge value {transformation:[-0.5742275225834317f,-0.7041180461244845f,-0.41770866573430465f,0.4923198728896362f,-0.49999828184531353f,0.705622767468053f,-0.5020938439997652f,1.0244626172876052f,0.648278081119074f,-0.07946248896532648f,-0.7572458269201664f,-0.6940553694193534f,0f,0f,0f,1f],start_interpolation:0}
execute if entity @s[tag=aj.blazing_inferno.bone.left_arm] run data modify entity @s {} merge value {transformation:[-0.5742275225834317f,-0.19891001490939053f,-0.7941646921617962f,0.27898126698462905f,-0.49999828184531353f,0.8533208313459794f,0.14780147814802475f,1.3840396310941605f,0.648278081119074f,0.48195265821421995f,-0.589454972649157f,-0.31646587953322264f,0f,0f,0f,1f],start_interpolation:0}
execute if entity @s[tag=aj.blazing_inferno.bone.right_hand] run data modify entity @s {} merge value {transformation:[-0.38257041806060116f,-0.9236058397395156f,0.024333680855993745f,-0.0611393226087692f,0.819149229429144f,-0.3512498391163944f,-0.45345130989594307f,1.4473298640978158f,0.4273574793432031f,-0.1535441412746562f,0.8909488097133597f,0.8289239172626208f,0f,0f,0f,1f],start_interpolation:0}
execute if entity @s[tag=aj.blazing_inferno.bone.right_arm] run data modify entity @s {} merge value {transformation:[-0.38257041806060116f,-0.54969153056907f,-0.7426163857911905f,-0.28143099483722495f,0.819149229429144f,0.16997693649752296f,-0.5478160101572028f,1.3840396310941605f,0.4273574793432031f,-0.8178918402084413f,0.38525124603286287f,0.3142893497750359f,0f,0f,0f,1f],start_interpolation:0}
execute if entity @s[tag=aj.blazing_inferno.bone.head] run data modify entity @s {} merge value {transformation:[-0.7028580080573084f,0.11850957535871817f,-0.7013886947035924f,-0.0014698367115575613f,0.014202299835197017f,0.988165505883143f,0.15273253635719927f,1.5090392015554888f,0.7111883823496443f,0.09738795372636364f,-0.6962231476185547f,-0.001305917854912002f,0f,0f,0f,1f],start_interpolation:0}
execute if entity @s[tag=aj.blazing_inferno.bone.bottom] run data modify entity @s {} merge value {transformation:[-1f,0f,1.2246467991473532e-16f,0f,0f,1f,0f,0.7590417787875186f,-1.2246467991473532e-16f,0f,-1f,0f,0f,0f,0f,1f],start_interpolation:0}