execute if entity @s[tag=aj.blazing_inferno.bone.body] run data modify entity @s {} merge value {transformation:[-0.7071067811865476f,0f,-0.7071067811865475f,0f,0f,1f,0f,0.609805545686058f,0.7071067811865475f,0f,-0.7071067811865476f,0f,0f,0f,0f,1f],start_interpolation:0}
execute if entity @s[tag=aj.blazing_inferno.bone.left_hand] run data modify entity @s {} merge value {transformation:[-0.6532814824381883f,-0.608754086579659f,-0.4501574910805416f,0.4798429484731155f,-0.3826834323650898f,0.7785239558248691f,-0.4974473246486213f,0.9523818680963811f,0.6532814824381882f,-0.15270531188980319f,-0.7415553872934921f,-0.6424542371269607f,0f,0f,0f,1f],start_interpolation:0}
execute if entity @s[tag=aj.blazing_inferno.bone.left_arm] run data modify entity @s {} merge value {transformation:[-0.6532814824381883f,-0.11113787708777498f,-0.7489136645700796f,0.29831067331307476f,-0.3826834323650898f,0.9019798986505999f,0.19996412934205787f,1.359805545686058f,0.6532814824381882f,0.41722971455383673f,-0.63177738958963f,-0.2983106733130747f,0f,0f,0f,1f],start_interpolation:0}
execute if entity @s[tag=aj.blazing_inferno.bone.right_hand] run data modify entity @s {} merge value {transformation:[-0.5792279653395692f,-0.6143952312807855f,-0.5357363754198632f,-0.4151355396654368f,0.573576436351046f,0.15980863610050905f,-0.8034122674508581f,1.0858219793221533f,0.5792279653395691f,-0.7726446140413618f,0.2598369961369202f,0.7765028611039968f,0f,0f,0f,1f],start_interpolation:0}
execute if entity @s[tag=aj.blazing_inferno.bone.right_arm] run data modify entity @s {} merge value {transformation:[-0.5792279653395692f,0.015472231249304191f,-0.8150187569797095f,-0.29831067331307476f,0.573576436351046f,0.7181725142206604f,-0.3940029333403619f,1.359805545686058f,0.5792279653395691f,-0.6956930716042408f,-0.42486011143721125f,0.2983106733130747f,0f,0f,0f,1f],start_interpolation:0}
execute if entity @s[tag=aj.blazing_inferno.bone.head] run data modify entity @s {} merge value {transformation:[-0.7213629190211527f,0.09799681714951067f,-0.6855889168370849f,0f,0.005515240673065089f,0.9907197375684111f,0.1358086290067633f,1.484805545686058f,0.6925352851527495f,0.09418612116943705f,-0.7152089578559933f,0f,0f,0f,0f,1f],start_interpolation:0}
execute if entity @s[tag=aj.blazing_inferno.bone.bottom] run data modify entity @s {} merge value {transformation:[-1f,0f,1.2246467991473532e-16f,0f,0f,1f,0f,0.734805545686058f,-1.2246467991473532e-16f,0f,-1f,0f,0f,0f,0f,1f],start_interpolation:0}