execute if entity @s[tag=aj.blazing_inferno.bone.body] run data modify entity @s {} merge value {transformation:[-0.9810905174433341f,-0.0314783368087696f,0.19097253963469368f,0.0039347921010962f,0f,0.986685944207868f,0.16263716519488355f,0.7401604687017098f,-0.19354946805086032f,0.1595617805565653f,-0.9680282235569619f,-0.019945222569570664f,0f,0f,0f,1f],start_interpolation:0}
execute if entity @s[tag=aj.blazing_inferno.bone.left_hand] run data modify entity @s {} merge value {transformation:[-0.8572384759382915f,0.020582535459279017f,0.5145080704955588f,0.7175517602620727f,-0.06233565686426772f,0.9877037914709575f,-0.143371845901471f,1.0350164089565146f,-0.5111325280729995f,-0.15497606120934426f,-0.8454146670112495f,0.06023686992723823f,0f,0f,0f,1f],start_interpolation:0}
execute if entity @s[tag=aj.blazing_inferno.bone.left_arm] run data modify entity @s {} merge value {transformation:[-0.8572384759382915f,-0.3060629543204094f,0.4140865409110255f,0.39422360154092556f,-0.06233565686426772f,0.8599462655306289f,0.5065636053678009f,1.480174926857611f,-0.5111325280729995f,0.4084334565049585f,-0.7562576613516828f,0.18137979468181004f,0f,0f,0f,1f],start_interpolation:0}
execute if entity @s[tag=aj.blazing_inferno.bone.right_hand] run data modify entity @s {} merge value {transformation:[-0.5885159466806726f,0.7752901942447034f,0.22929041674383566f,-0.9612720188889741f,0.8082458082690891f,0.5572778809375166f,0.1902106117787277f,1.331065493079969f,0.019689944591048822f,0.2972649964691456f,-0.9545919693545512f,-0.11108396806916661f,0f,0f,0f,1f],start_interpolation:0}
execute if entity @s[tag=aj.blazing_inferno.bone.right_arm] run data modify entity @s {} merge value {transformation:[-0.5885159466806726f,0.7856070707472197f,0.19097253963469368f,-0.4335715225518875f,0.8082458082690891f,0.5659398076764162f,0.16263716519488355f,1.480174926857611f,0.019689944591048822f,0.25006731989437153f,-0.9680282235569619f,0.01807243101389662f,0f,0f,0f,1f],start_interpolation:0}
execute if entity @s[tag=aj.blazing_inferno.bone.head] run data modify entity @s {} merge value {transformation:[-0.9954183443077609f,-0.0811205010296222f,0.0506140704577204f,-0.023608752606577202f,-0.05258742084252989f,0.9065728785233951f,0.4187602883451773f,1.6035106698835944f,-0.0798553879505114f,0.41418000946268324f,-0.9066851916606805f,0.11967133541742397f,0f,0f,0f,1f],start_interpolation:0}
execute if entity @s[tag=aj.blazing_inferno.bone.bottom] run data modify entity @s {} merge value {transformation:[-1f,0f,1.2246467991473532e-16f,0f,0f,1f,0f,0.8634962117276933f,-1.2246467991473532e-16f,0f,-1f,0f,0f,0f,0f,1f],start_interpolation:0}