execute if entity @s[tag=aj.blazing_inferno.bone.body] run data modify entity @s {} merge value {transformation:[-0.9810905174433341f,-0.0314783368087696f,0.19097253963469368f,0.0039347921010962f,0f,0.986685944207868f,0.16263716519488355f,0.7204142569740165f,-0.19354946805086032f,0.1595617805565653f,-0.9680282235569619f,-0.019945222569570664f,0f,0f,0f,1f],start_interpolation:0}
execute if entity @s[tag=aj.blazing_inferno.bone.left_hand] run data modify entity @s {} merge value {transformation:[-0.8530493888616648f,-0.007199600369257375f,0.5217805150801085f,0.7306939840170883f,-0.08562042992458926f,0.9882846978764723f,-0.12634277946419653f,1.025059216344648f,-0.5147580811820915f,-0.1524517028364495f,-0.8436720904237606f,0.06045050235026668f,0f,0f,0f,1f],start_interpolation:0}
execute if entity @s[tag=aj.blazing_inferno.bone.left_arm] run data modify entity @s {} merge value {transformation:[-0.8530493888616648f,-0.3322797591804247f,0.4023641408000212f,0.39422360154092556f,-0.08562042992458926f,0.8497380318044803f,0.520206131533046f,1.4604287151299176f,-0.5147580811820915f,0.4093109318648198f,-0.7533184445595926f,0.18137979468181004f,0f,0f,0f,1f],start_interpolation:0}
execute if entity @s[tag=aj.blazing_inferno.bone.right_hand] run data modify entity @s {} merge value {transformation:[-0.5885159466806726f,0.7752901942447034f,0.22929041674383566f,-0.9612720188889741f,0.8082458082690891f,0.5572778809375166f,0.1902106117787277f,1.3113192813522756f,0.019689944591048822f,0.2972649964691456f,-0.9545919693545512f,-0.11108396806916661f,0f,0f,0f,1f],start_interpolation:0}
execute if entity @s[tag=aj.blazing_inferno.bone.right_arm] run data modify entity @s {} merge value {transformation:[-0.5885159466806726f,0.7856070707472197f,0.19097253963469368f,-0.4335715225518875f,0.8082458082690891f,0.5659398076764162f,0.16263716519488355f,1.4604287151299176f,0.019689944591048822f,0.25006731989437153f,-0.9680282235569619f,0.01807243101389662f,0f,0f,0f,1f],start_interpolation:0}
execute if entity @s[tag=aj.blazing_inferno.bone.head] run data modify entity @s {} merge value {transformation:[-0.9957311517839849f,-0.08079430464638586f,0.044629067922666854f,-0.023608752606577202f,-0.0552178466245629f,0.9088735297764223f,0.413400406731649f,1.5837644581559012f,-0.0739625768959226f,0.4091713421153217f,-0.9094549741523552f,0.11967133541742397f,0f,0f,0f,1f],start_interpolation:0}