execute if entity @s[tag=aj.blazing_inferno.bone.body] run data modify entity @s {} merge value {transformation:[-0.6373248231198926f,-0.011110541622881739f,-0.7705151690265701f,0.0013888177028602174f,0f,0.9998960533828022f,-0.014418128501869526f,0.7781442364554381f,0.7705952697980942f,-0.009189031197173878f,-0.637258575360473f,0.0011486288996467348f,0f,0f,0f,1f],start_interpolation:0}
execute if entity @s[tag=aj.blazing_inferno.bone.left_hand] run data modify entity @s {} merge value {transformation:[-0.5436562920767304f,-0.7078716839225598f,-0.4509495705575298f,0.45656771359829224f,-0.465627868496739f,0.7013984675366498f,-0.5396581119712949f,1.1497168003018101f,0.6983040341889515f,-0.0834138408052209f,-0.7109244734833349f,-0.7000934965220018f,0f,0f,0f,1f],start_interpolation:0}
execute if entity @s[tag=aj.blazing_inferno.bone.left_arm] run data modify entity @s {} merge value {transformation:[-0.5436562920767304f,-0.17450322370729726f,-0.8209667843470538f,0.2619273212394036f,-0.465627868496739f,0.8765264970049281f,0.12203273383585755f,1.5280662764925397f,0.6983040341889515f,0.4486088774913294f,-0.557782709369343f,-0.33083802394430467f,0f,0f,0f,1f],start_interpolation:0}
execute if entity @s[tag=aj.blazing_inferno.bone.right_hand] run data modify entity @s {} merge value {transformation:[-0.37465572372671035f,-0.9271384959287069f,0.006877357477282797f,-0.04544771071466208f,0.8190668962050172f,-0.3344417815633167f,-0.4661310054972039f,1.5917518621475957f,0.43446807502956347f,-0.16900563337300384f,0.8846889779285687f,0.8295062616723878f,0f,0f,0f,1f],start_interpolation:0}
execute if entity @s[tag=aj.blazing_inferno.bone.right_arm] run data modify entity @s {} merge value {transformation:[-0.37465572372671035f,-0.5658649143568976f,-0.7344589759671237f,-0.2758154982680057f,0.8190668962050172f,0.1692036844863712f,-0.5481783767144743f,1.5280662764925397f,0.43446807502956347f,-0.806949200294602f,0.40008809020515457f,0.31935173494783736f,0f,0f,0f,1f],start_interpolation:0}
execute if entity @s[tag=aj.blazing_inferno.bone.head] run data modify entity @s {} merge value {transformation:[-0.7610551350020889f,0.18450512370982866f,-0.621894638031052f,-0.008332906217161304f,0.04386690066336151f,0.9711409807291375f,0.2344373915881169f,1.65305328316539f,0.6472022686248428f,0.15113919039504656f,-0.7471854981285349f,-0.006891773397880409f,0f,0f,0f,1f],start_interpolation:0}
execute if entity @s[tag=aj.blazing_inferno.bone.bottom] run data modify entity @s {} merge value {transformation:[-1f,0f,1.2246467991473532e-16f,0f,0f,1f,0f,0.9031312431282883f,-1.2246467991473532e-16f,0f,-1f,0f,0f,0f,0f,1f],start_interpolation:0}