execute if entity @s[tag=aj.blazing_inferno.bone.body] run data modify entity @s {} merge value {transformation:[-0.6256833662263916f,-0.006692729652284052f,-0.7800484168289892f,0.0008365912065355065f,-4.336808689942018e-19f,0.9999631947753772f,-0.00857957426805862f,0.6876710295924658f,0.7800771277428988f,-0.005368096908828246f,-0.625660337809555f,0.0006710121136035308f,0f,0f,0f,1f],start_interpolation:0}
execute if entity @s[tag=aj.blazing_inferno.bone.left_hand] run data modify entity @s {} merge value {transformation:[-0.5312068095606448f,-0.7247330383226935f,-0.4388409149566139f,0.46310846148845886f,-0.5193368751517123f,0.6877775717068433f,-0.5071993907376985f,1.086709456153343f,0.6694090943392206f,-0.0415215007025897f,-0.7417327209954737f,-0.7234546581040352f,0f,0f,0f,1f],start_interpolation:0}
execute if entity @s[tag=aj.blazing_inferno.bone.left_arm] run data modify entity @s {} merge value {transformation:[-0.5312068095606448f,-0.19525641525036525f,-0.8244357208296944f,0.25977721409408144f,-0.5193368751517123f,0.8438769573865444f,0.13476234971119705f,1.4376434256739987f,0.6694090943392206f,0.4997465488581237f,-0.5496770427445005f,-0.3324500988345531f,0f,0f,0f,1f],start_interpolation:0}
execute if entity @s[tag=aj.blazing_inferno.bone.right_hand] run data modify entity @s {} merge value {transformation:[-0.33896042643631547f,-0.9240318450866183f,0.17683602171483875f,0.02107470836568015f,0.8462782529501525f,-0.3815839383747008f,-0.3717617739333757f,1.5462484042545883f,0.4109975035127937f,0.02363995009031067f,0.9113299100029464f,0.7968459268438368f,0f,0f,0f,1f],start_interpolation:0}
execute if entity @s[tag=aj.blazing_inferno.bone.right_arm] run data modify entity @s {} merge value {transformation:[-0.33896042643631547f,-0.6640431331424486f,-0.6664477073533012f,-0.26814312615943653f,0.8462782529501525f,0.0942535413601207f,-0.5243370943626952f,1.4376434256739987f,0.4109975035127937f,-0.741729726563144f,0.5300170420267774f,0.3257399776985178f,0f,0f,0f,1f],start_interpolation:0}
execute if entity @s[tag=aj.blazing_inferno.bone.head] run data modify entity @s {} merge value {transformation:[-0.6942187654446793f,0.1381002574815707f,-0.7063912687653984f,-0.005019547239213039f,0.02384743176647082f,0.9852949475618803f,0.1691897346388818f,1.5626388250209209f,0.7193688940332412f,0.10060907112460384f,-0.6873035785625123f,-0.004026072681621185f,0f,0f,0f,1f],start_interpolation:0}
execute if entity @s[tag=aj.blazing_inferno.bone.bottom] run data modify entity @s {} merge value {transformation:[-1f,0f,1.2246467991473532e-16f,0f,0f,1f,0f,0.812666428939388f,-1.2246467991473532e-16f,0f,-1f,0f,0f,0f,0f,1f],start_interpolation:0}