execute if entity @s[tag=aj.blazing_inferno.bone.body] run data modify entity @s {} merge value {transformation:[-0.5956993044924334f,-0.013141866070459241f,-0.8031000124414251f,0.0016427332588074051f,0f,0.9998661379095618f,-0.01636173162648678f,0.7812164279259617f,0.8032075314806448f,-0.009746672150190027f,-0.5956195629382615f,0.0012183340187737533f,0f,0f,0f,1f],start_interpolation:0}
execute if entity @s[tag=aj.blazing_inferno.bone.left_hand] run data modify entity @s {} merge value {transformation:[-0.5016597097554042f,-0.7316713296170203f,-0.4615133811977559f,0.4330027673644352f,-0.5208147857484806f,0.6814305507150594f,-0.5142026482797764f,1.1804534728758873f,0.6907166528714127f,-0.01759175854292666f,-0.7229114990629764f,-0.7428824979106855f,0f,0f,0f,1f],start_interpolation:0}
execute if entity @s[tag=aj.blazing_inferno.bone.left_arm] run data modify entity @s {} merge value {transformation:[-0.5016597097554042f,-0.18041335340534323f,-0.846042881608942f,0.2430969777887083f,-0.5208147857484806f,0.8438876815248669f,0.12886248451876586f,1.531116031358133f,0.6907166528714127f,0.5052767587012327f,-0.5173063913798945f,-0.3449448474372658f,0f,0f,0f,1f],start_interpolation:0}
execute if entity @s[tag=aj.blazing_inferno.bone.right_hand] run data modify entity @s {} merge value {transformation:[-0.33754130742292543f,-0.9213918552929254f,0.19262116909385363f,0.034693832393555946f,0.836248952945062f,-0.38746688370976673f,-0.3880168845894849f,1.6312677238855298f,0.4321499213022139f,0.030107524443283684f,0.9012990527512982f,0.8026424873377531f,0f,0f,0f,1f],start_interpolation:0}
execute if entity @s[tag=aj.blazing_inferno.bone.right_arm] run data modify entity @s {} merge value {transformation:[-0.33754130742292543f,-0.6729546125404928f,-0.6581777535314435f,-0.25952431037678236f,0.836248952945062f,0.10662585628198057f,-0.5378834590042921f,1.531116031358133f,0.4321499213022139f,-0.7319583432358769f,0.5267669591820283f,0.3327615072495283f,0f,0f,0f,1f],start_interpolation:0}
execute if entity @s[tag=aj.blazing_inferno.bone.head] run data modify entity @s {} merge value {transformation:[-0.7054928972840177f,0.16373082584195012f,-0.6895447690693589f,-0.009856399552844432f,0.036438977234329574f,0.9800411123352692f,0.19542676139864812f,1.6560992985968284f,0.7077796075191193f,0.11274588596379526f,-0.6973782276342734f,-0.0073100041126425205f,0f,0f,0f,1f],start_interpolation:0}
execute if entity @s[tag=aj.blazing_inferno.bone.bottom] run data modify entity @s {} merge value {transformation:[-1f,0f,1.2246467991473532e-16f,0f,0f,1f,0f,0.9061996951646569f,-1.2246467991473532e-16f,0f,-1f,0f,0f,0f,0f,1f],start_interpolation:0}