execute if entity @s[tag=aj.blazing_inferno.bone.body] run data modify entity @s {} merge value {transformation:[-0.7071067811865476f,0f,-0.7071067811865475f,0f,0f,1f,0f,0.71875f,0.7071067811865475f,0f,-0.7071067811865476f,0f,0f,0f,0f,1f],start_interpolation:0}
execute if entity @s[tag=aj.blazing_inferno.bone.left_hand] run data modify entity @s {} merge value {transformation:[-0.6644630243886748f,-0.6036874193963138f,-0.44051150822977886f,0.4841945993330312f,-0.34202014332566866f,0.7697511313200571f,-0.5389855446957564f,1.0412512195994537f,0.6644630243886747f,-0.20747215594896407f,-0.7179444224493594f,-0.6146566410500648f,0f,0f,0f,1f],start_interpolation:0}
execute if entity @s[tag=aj.blazing_inferno.bone.left_arm] run data modify entity @s {} merge value {transformation:[-0.6644630243886748f,-0.11538279331215048f,-0.7383601426321311f,0.29831067331307476f,-0.34202014332566866f,0.9254165783983234f,0.16317591116653482f,1.46875f,0.6644630243886747f,0.36095840125009615f,-0.6543683380079068f,-0.2983106733130747f,0f,0f,0f,1f],start_interpolation:0}
execute if entity @s[tag=aj.blazing_inferno.bone.right_hand] run data modify entity @s {} merge value {transformation:[-0.4055797876726389f,-0.20837388289500103f,-0.8899917756691224f,-0.4477889051931058f,0.8191520442889918f,0.34917121103879234f,-0.45504878169144547f,1.3601298740818863f,0.40557978767263886f,-0.9135971706988609f,0.029073106515363545f,0.8305143363402591f,0f,0f,0f,1f],start_interpolation:0}
execute if entity @s[tag=aj.blazing_inferno.bone.right_arm] run data modify entity @s {} merge value {transformation:[-0.4055797876726389f,0.13822498200736238f,-0.9035479457009912f,-0.29831067331307476f,0.8191520442889918f,0.49357389971256405f,-0.292189551250036f,1.46875f,0.40557978767263886f,-0.8586493229902392f,-0.3134108740293181f,0.2983106733130747f,0f,0f,0f,1f],start_interpolation:0}
execute if entity @s[tag=aj.blazing_inferno.bone.head] run data modify entity @s {} merge value {transformation:[-0.7849553805468599f,0.18449552054429946f,-0.5914443789990926f,0f,0.03148541608163947f,0.9652774767275388f,0.25932231199162503f,1.59375f,0.6187517427245763f,0.1849345717317443f,-0.7635086673075139f,0f,0f,0f,0f,1f],start_interpolation:0}