execute if entity @s[tag=aj.blazing_inferno.bone.body] run data modify entity @s {} merge value {transformation:[-0.851116672437f,0f,-0.52497658033456f,0f,0f,1f,0f,0.609805545686058f,0.52497658033456f,0f,-0.851116672437f,0f,0f,0f,0f,1f],start_interpolation:0}
execute if entity @s[tag=aj.blazing_inferno.bone.left_hand] run data modify entity @s {} merge value {transformation:[-0.7863292734436574f,-0.5571287729223804f,-0.26700899630456754f,0.6150688630028682f,-0.3826834323650898f,0.7785239558248691f,-0.4974473246486213f,0.9523818680963811f,0.48501511761886723f,-0.28897747418925207f,-0.8253801276335386f,-0.5144774006369155f,0f,0f,0f,1f],start_interpolation:0}
execute if entity @s[tag=aj.blazing_inferno.bone.left_arm] run data modify entity @s {} merge value {transformation:[-0.7863292734436574f,-0.20436193514884332f,-0.5830287070014561f,0.35906484618435935f,-0.3826834323650898f,0.9019798986505999f,0.19996412934205787f,1.359805545686058f,0.48501511761886723f,0.3803530753030314f,-0.7874591251542412f,-0.22147449482864248f,0f,0f,0f,1f],start_interpolation:0}
execute if entity @s[tag=aj.blazing_inferno.bone.right_hand] run data modify entity @s {} merge value {transformation:[-0.6971939621552127f,-0.41965001786486755f,-0.5812180672005407f,-0.5830193909143349f,0.573576436351046f,0.15980863610050905f,-0.8034122674508581f,1.0858219793221533f,0.43003563898489894f,-0.8935071697158963f,0.12928374557204902f,0.6598352820317239f,0f,0f,0f,1f],start_interpolation:0}
execute if entity @s[tag=aj.blazing_inferno.bone.right_arm] run data modify entity @s {} merge value {transformation:[-0.6971939621552127f,0.17549303873105526f,-0.6950703363626276f,-0.35906484618435935f,0.573576436351046f,0.7181725142206604f,-0.3940029333403619f,1.359805545686058f,0.43003563898489894f,-0.6733724327405419f,-0.601364212460248f,0.22147449482864248f,0f,0f,0f,1f],start_interpolation:0}
execute if entity @s[tag=aj.blazing_inferno.bone.head] run data modify entity @s {} merge value {transformation:[-0.861628115985387f,0.07363448591513755f,-0.5021702422759495f,0f,0.005515240673065089f,0.9907197375684111f,0.1358086290067633f,1.484805545686058f,0.507510169222047f,0.11424694340065258f,-0.8540380928622666f,0f,0f,0f,0f,1f],start_interpolation:0}
execute if entity @s[tag=aj.blazing_inferno.bone.bottom] run data modify entity @s {} merge value {transformation:[-1f,0f,1.2246467991473532e-16f,0f,0f,1f,0f,0.734805545686058f,-1.2246467991473532e-16f,0f,-1f,0f,0f,0f,0f,1f],start_interpolation:0}