execute if entity @s[tag=aj.blazing_inferno.bone.body] run data modify entity @s {} merge value {transformation:[-0.854277431699295f,-0.1144568739799612f,0.5070598521752551f,0.01430710924749515f,0f,0.9754577437121731f,0.22018671674730153f,0.7218177820359784f,-0.5198173426207097f,0.18810054287718492f,-0.8333115360296244f,-0.023512567859648115f,0f,0f,0f,1f],start_interpolation:0}
execute if entity @s[tag=aj.blazing_inferno.bone.left_hand] run data modify entity @s {} merge value {transformation:[-0.546085723289057f,0.03395073132712867f,0.8370410567362994f,0.6413883435519663f,0.042958613093724694f,0.9989987325497749f,-0.012493595359507614f,1.0148953697364853f,-0.8366271214710476f,0.029135548841519643f,-0.5469974217606262f,0.30835677592928457f,0f,0f,0f,1f],start_interpolation:0}
execute if entity @s[tag=aj.blazing_inferno.bone.left_arm] run data modify entity @s {} merge value {transformation:[-0.546085723289057f,-0.4708414591521953f,0.692891552238371f,0.28886274526066436f,0.042958613093724694f,0.8102794920066816f,0.5844670242147606f,1.4534110898201082f,-0.8366271214710476f,0.34893475776543886f,-0.4222553663865545f,0.3368607807163525f,0f,0f,0f,1f],start_interpolation:0}
execute if entity @s[tag=aj.blazing_inferno.bone.right_hand] run data modify entity @s {} merge value {transformation:[-0.5837509872328187f,0.6246925911966064f,0.5186462680949118f,-0.8782704840118645f,0.7990482048793539f,0.5553518696119674f,0.23044797069528408f,1.3059984782462113f,-0.14407203470414234f,0.5489475998877872f,-0.8233466957446578f,-0.4122764562739266f,0f,0f,0f,1f],start_interpolation:0}
execute if entity @s[tag=aj.blazing_inferno.bone.right_arm] run data modify entity @s {} merge value {transformation:[-0.5837509872328187f,0.63413333867312f,0.5070598521752551f,-0.4319338377356159f,0.7990482048793539f,0.5594995764494605f,0.22018671674730153f,1.4534110898201082f,-0.14407203470414234f,0.5336994779238184f,-0.8333115360296244f,-0.10173510211987133f,0f,0f,0f,1f],start_interpolation:0}
execute if entity @s[tag=aj.blazing_inferno.bone.head] run data modify entity @s {} merge value {transformation:[-0.9311364094054662f,-0.24294532919315742f,0.27196057453742156f,-0.0858426554849709f,-0.09711108619509554f,0.8840320503753022f,0.45722726389318447f,1.57534330778413f,-0.3515030924721785f,0.39933056598821415f,-0.8467471139897835f,0.1410754071578887f,0f,0f,0f,1f],start_interpolation:0}