execute if entity @s[tag=aj.blazing_inferno.bone.body] run data modify entity @s {} merge value {transformation:[-0.600265840782271f,-0.015438613996496374f,-0.7996515300978424f,0.0019298267495620467f,0f,0.9998136781936279f,-0.019303079985553213f,0.785992092282425f,0.7998005503811267f,-0.011586979537215526f,-0.6001539981665129f,0.0014483724421519408f,0f,0f,0f,1f],start_interpolation:0}
execute if entity @s[tag=aj.blazing_inferno.bone.left_hand] run data modify entity @s {} merge value {transformation:[-0.5089205447373059f,-0.725838830691054f,-0.46277194275941913f,0.4322364074631116f,-0.5086619841391345f,0.6872733873058513f,-0.5185733091789244f,1.17907811848483f,0.6944514850123964f,-0.028518116385637393f,-0.718974166435688f,-0.737731179018818f,0f,0f,0f,1f],start_interpolation:0}
execute if entity @s[tag=aj.blazing_inferno.bone.left_arm] run data modify entity @s {} merge value {transformation:[-0.5089205447373059f,-0.17548383528029435f,-0.84273679325137f,0.24358801783221035f,-0.5086619841391345f,0.851102784882642f,0.12995012680505608f,1.5358523509276458f,0.6944514850123964f,0.4948024586846045f,-0.5224056487479317f,-0.34465771940279755f,0f,0f,0f,1f],start_interpolation:0}
execute if entity @s[tag=aj.blazing_inferno.bone.right_hand] run data modify entity @s {} merge value {transformation:[-0.3546364940536472f,-0.926108982143472f,0.12866666343120836f,0.005320931962234876f,0.821726898775119f,-0.37436083807654386f,-0.4296729765112682f,1.6142145697491324f,0.4460917628860263f,-0.046648859662482556f,0.8937706769509879f,0.8193642072248317f,0f,0f,0f,1f],start_interpolation:0}
execute if entity @s[tag=aj.blazing_inferno.bone.right_arm] run data modify entity @s {} merge value {transformation:[-0.3546364940536472f,-0.6300264657414109f,-0.6908687353982118f,-0.2628862853278308f,0.821726898775119f,0.14251590531547906f,-0.5517736135060597f,1.5358523509276458f,0.4460917628860263f,-0.7633844832045621f,0.4671683528319751f,0.3301739949812781f,0f,0f,0f,1f],start_interpolation:0}
execute if entity @s[tag=aj.blazing_inferno.bone.head] run data modify entity @s {} merge value {transformation:[-0.7258456406823459f,0.17599052109800573f,-0.6649627375921805f,-0.01157896049737228f,0.041648101426583484f,0.97618632572352f,0.21289831638125878f,1.6608290607018494f,0.6865956171939896f,0.12683687931380982f,-0.7158902600929408f,-0.008690234652911645f,0f,0f,0f,1f],start_interpolation:0}
execute if entity @s[tag=aj.blazing_inferno.bone.bottom] run data modify entity @s {} merge value {transformation:[-1f,0f,1.2246467991473532e-16f,0f,0f,1f,0f,0.9109688020566284f,-1.2246467991473532e-16f,0f,-1f,0f,0f,0f,0f,1f],start_interpolation:0}