execute if entity @s[tag=aj.blazing_inferno.bone.body] run data modify entity @s {} merge value {transformation:[-0.6653050097872196f,-0.006842986481742932f,-0.7465402986363416f,0.0008553733102178665f,-4.336808689942018e-19f,0.9999579924367455f,-0.00916588031088821f,0.7718742559982444f,0.7465716602925854f,-0.0060981060899439644f,-0.6652770619449375f,0.0007622632612429956f,0f,0f,0f,1f],start_interpolation:0}
execute if entity @s[tag=aj.blazing_inferno.bone.left_hand] run data modify entity @s {} merge value {transformation:[-0.5734365846178286f,-0.6831707075307923f,-0.45215956010430264f,0.4685349833637232f,-0.41312673866689414f,0.7177436946796988f,-0.5605089531363358f,1.119433299568421f,0.7074579713455038f,-0.1346171353112668f,-0.6938165792630587f,-0.6630575830024599f,0f,0f,0f,1f],start_interpolation:0}
execute if entity @s[tag=aj.blazing_inferno.bone.left_arm] run data modify entity @s {} merge value {transformation:[-0.5734365846178286f,-0.15927894455526842f,-0.8036172604189133f,0.27639868445289395f,-0.41312673866689414f,0.9032860503669178f,0.11576099952483902f,1.5218427503258036f,0.7074579713455038f,0.3983773701327596f,-0.5837796585577563f,-0.3187712354921494f,0f,0f,0f,1f],start_interpolation:0}
execute if entity @s[tag=aj.blazing_inferno.bone.right_hand] run data modify entity @s {} merge value {transformation:[-0.387208722965813f,-0.8746883127125491f,-0.29153003355273355f,-0.1384903670835777f,0.8191176337076762f,-0.18121217092032693f,-0.5442503571514488f,1.5390518386355947f,0.4232206363214363f,-0.44953587700473463f,0.7866395542287855f,0.8548723632132469f,0f,0f,0f,1f],start_interpolation:0}
execute if entity @s[tag=aj.blazing_inferno.bone.right_arm] run data modify entity @s {} merge value {transformation:[-0.387208722965813f,-0.4123551736989833f,-0.8246409009883426f,-0.2849524175550726f,0.8191176337076762f,0.25670676331369097f,-0.5129794730962887f,1.5218427503258036f,0.4232206363214363f,-0.8741080301614268f,0.23836829612804744f,0.3111486028797195f,0f,0f,0f,1f],start_interpolation:0}
execute if entity @s[tag=aj.blazing_inferno.bone.head] run data modify entity @s {} merge value {transformation:[-0.7807031164067099f,0.18651995405265331f,-0.5964167592992734f,-0.0051322398613071986f,0.04332548251269295f,0.968275540751023f,0.24610034487654925f,1.6468374993803967f,0.6233983851421927f,0.1662912623185904f,-0.7640167992122923f,-0.004573579567457973f,0f,0f,0f,1f],start_interpolation:0}
execute if entity @s[tag=aj.blazing_inferno.bone.bottom] run data modify entity @s {} merge value {transformation:[-1f,0f,1.2246467991473532e-16f,0f,0f,1f,0f,0.8968690050528376f,-1.2246467991473532e-16f,0f,-1f,0f,0f,0f,0f,1f],start_interpolation:0}