execute if entity @s[tag=aj.blazing_inferno.bone.body] run data modify entity @s {} merge value {transformation:[-0.6202354912682603f,-0.007605789739447868f,-0.7843787907214596f,0.0009507237174309835f,4.336808689942018e-19f,0.9999529915072262f,-0.009696121685978408f,0.7340641047207761f,0.7844156649195756f,-0.0060138787972996485f,-0.6202063349326509f,0.0007517348496624561f,0f,0f,0f,1f],start_interpolation:0}
execute if entity @s[tag=aj.blazing_inferno.bone.left_hand] run data modify entity @s {} merge value {transformation:[-0.5246438314409929f,-0.728347078096825f,-0.4407486630254627f,0.4588585864219284f,-0.5230406319712856f,0.6842583693368217f,-0.5081525177538649f,1.1348627738617418f,0.6716973629827597f,-0.03606962462143781f,-0.7399470486066386f,-0.7279802548113805f,0f,0f,0f,1f],start_interpolation:0}
execute if entity @s[tag=aj.blazing_inferno.bone.left_arm] run data modify entity @s {} merge value {transformation:[-0.5246438314409929f,-0.1949734376190114f,-0.8286942794263399f,0.2569082292916424f,-0.5230406319712856f,0.8418563632641318f,0.13306525068089128f,1.4840288483511959f,0.6716973629827597f,0.5032526425710208f,-0.5436537779757362f,-0.33468403288625825f,0f,0f,0f,1f],start_interpolation:0}
execute if entity @s[tag=aj.blazing_inferno.bone.right_hand] run data modify entity @s {} merge value {transformation:[-0.3357650983378538f,-0.9217044861543373f,0.19422316787947885f,0.0289351623805863f,0.8473573141079727f,-0.3856130427359756f,-0.3650865150887182f,1.595834612182069f,0.4113968655275509f,0.04199311223130925f,0.9104884390036121f,0.7936967367058261f,0f,0f,0f,1f],start_interpolation:0}
execute if entity @s[tag=aj.blazing_inferno.bone.right_arm] run data modify entity @s {} merge value {transformation:[-0.3357650983378538f,-0.6744594537127268f,-0.6575456212581007f,-0.2664154664659522f,0.8473573141079727f,0.08860937894469975f,-0.523578036390715f,1.4840288483511959f,0.4113968655275509f,-0.7329753224089912f,0.5417562143377234f,0.3271666843896337f,0f,0f,0f,1f],start_interpolation:0}
execute if entity @s[tag=aj.blazing_inferno.bone.head] run data modify entity @s {} merge value {transformation:[-0.7029499150367894f,0.14755115826869877f,-0.695765817386379f,-0.005704342304585901f,0.02867652322710717f,0.9833286015073072f,0.17956201845960829f,1.609022972289599f,0.7106610119919171f,0.10627096099710835f,-0.6954620111000854f,-0.004510409097974736f,0f,0f,0f,1f],start_interpolation:0}
execute if entity @s[tag=aj.blazing_inferno.bone.bottom] run data modify entity @s {} merge value {transformation:[-1f,0f,1.2246467991473532e-16f,0f,0f,1f,0f,0.8590582286591794f,-1.2246467991473532e-16f,0f,-1f,0f,0f,0f,0f,1f],start_interpolation:0}