execute if entity @s[tag=aj.blazing_inferno.bone.body] run data modify entity @s {} merge value {transformation:[-0.683758150660372f,-0.0006080468651744527f,-0.7297084497828689f,0.00007600585814680659f,-5.421010862427522e-20f,0.9999996528276451f,-0.0008332734179771666f,0.6340418221840629f,0.7297087031175576f,-0.0005697574912705146f,-0.6837579132784447f,0.00007121968640881432f,0f,0f,0f,1f],start_interpolation:0}
execute if entity @s[tag=aj.blazing_inferno.bone.left_hand] run data modify entity @s {} merge value {transformation:[-0.5918479050839626f,-0.7008450641848604f,-0.3981610895798884f,0.5108753756347273f,-0.49999982641382257f,0.7066573299782941f,-0.5006351881101602f,1.024628408988634f,0.6322311530080371f,-0.09721941161963116f,-0.7686560707952943f,-0.6804484014240049f,0f,0f,0f,1f],start_interpolation:0}
execute if entity @s[tag=aj.blazing_inferno.bone.left_arm] run data modify entity @s {} merge value {transformation:[-0.5918479050839626f,-0.21049120548211564f,-0.7780806575557644f,0.2880804405191104f,-0.49999982641382257f,0.8530129322705966f,0.14956306684895762f,1.3840415618047968f,0.6322311530080371f,0.4775587815063233f,-0.6100994831765746f,-0.3082019575597637f,0f,0f,0f,1f],start_interpolation:0}
execute if entity @s[tag=aj.blazing_inferno.bone.right_hand] run data modify entity @s {} merge value {transformation:[-0.39268564621438906f,-0.9196727486811553f,0.00013634674914880796f,-0.0821739574291484f,0.8191517599020475f,-0.34983217006572864f,-0.45454135899440573f,1.4464259262202597f,0.418076999494789f,-0.1783801786083627f,0.8907256223849647f,0.8278549633467076f,0f,0f,0f,1f],start_interpolation:0}
execute if entity @s[tag=aj.blazing_inferno.bone.right_arm] run data modify entity @s {} merge value {transformation:[-0.39268564621438906f,-0.5276143065160058f,-0.7532736068765596f,-0.2888404991005785f,0.8191517599020475f,0.17168299400691006f,-0.5472799501335687f,1.3840415618047968f,0.418076999494789f,-0.8319543816390761f,0.36477874028646f,0.3074897606956755f,0f,0f,0f,1f],start_interpolation:0}
execute if entity @s[tag=aj.blazing_inferno.bone.head] run data modify entity @s {} merge value {transformation:[-0.7214283586795877f,0.11717804234583797f,-0.6825030620333312f,-0.00045603514888083955f,0.014297171012388692f,0.9878898204309867f,0.1544969047905984f,1.5090415184082524f,0.6923414722475598f,0.1017005854497885f,-0.7143670462201148f,-0.00042731811845288595f,0f,0f,0f,1f],start_interpolation:0}
execute if entity @s[tag=aj.blazing_inferno.bone.bottom] run data modify entity @s {} merge value {transformation:[-1f,0f,1.2246467991473532e-16f,0f,0f,1f,0f,0.7590417787875186f,-1.2246467991473532e-16f,0f,-1f,0f,0f,0f,0f,1f],start_interpolation:0}