execute if entity @s[tag=aj.blazing_inferno.bone.body] run data modify entity @s {} merge value {transformation:[-0.8542774316992953f,0.020679896176267063f,-0.519405825519309f,-0.002584987022033383f,0f,0.9992083428780468f,0.03978300545342979f,0.7565821458018431f,0.5198173426207096f,0.03398572372403505f,-0.8536011368863666f,-0.004248215465504381f,0f,0f,0f,1f],start_interpolation:0}
execute if entity @s[tag=aj.blazing_inferno.bone.left_hand] run data modify entity @s {} merge value {transformation:[-0.8643481277206053f,-0.42256669420331566f,-0.27265308187505594f,0.5986112974921367f,-0.27672762919783395f,0.8523566723769584f,-0.44374533495353463f,1.0670932229756667f,0.41990967283980324f,-0.3080998085110734f,-0.8536687733840389f,-0.47008465422172774f,0f,0f,0f,1f],start_interpolation:0}
execute if entity @s[tag=aj.blazing_inferno.bone.left_arm] run data modify entity @s {} merge value {transformation:[-0.8643481277206053f,-0.11900761776228926f,-0.48860976353367036f,0.3733232266083071f,-0.27672762919783395f,0.9238242079233983f,0.26451966296147456f,1.5059884029603783f,0.41990967283980324f,0.3638488968916229f,-0.8314384203814007f,-0.19805686409058995f,0f,0f,0f,1f],start_interpolation:0}
execute if entity @s[tag=aj.blazing_inferno.bone.right_hand] run data modify entity @s {} merge value {transformation:[-0.47305342570073283f,0.7116446057193201f,-0.519405825519309f,-0.8142320704952495f,0.8185035567391679f,0.5731223604802245f,0.03978300545342979f,1.354986565843853f,0.32599445399904164f,-0.40631602856418225f,-0.8536011368863666f,0.5175183690451759f,0f,0f,0f,1f],start_interpolation:0}
execute if entity @s[tag=aj.blazing_inferno.bone.right_arm] run data modify entity @s {} merge value {transformation:[-0.47305342570073283f,0.7116446057193201f,-0.519405825519309f,-0.3474733563879733f,0.8185035567391679f,0.5731223604802245f,0.03978300545342979f,1.5059884029603783f,0.32599445399904164f,-0.40631602856418225f,-0.8536011368863666f,0.24053901874563374f,0f,0f,0f,1f],start_interpolation:0}
execute if entity @s[tag=aj.blazing_inferno.bone.head] run data modify entity @s {} merge value {transformation:[-0.881693240557043f,0.16113758693116642f,-0.44345429035473427f,0.015509922132200298f,0.017090737184971037f,0.9501645589062472f,0.31127996675175074f,1.6308894458201342f,0.47151345289237995f,0.2668744818758391f,-0.8405076291533635f,0.025489292793026287f,0f,0f,0f,1f],start_interpolation:0}
execute if entity @s[tag=aj.blazing_inferno.bone.bottom] run data modify entity @s {} merge value {transformation:[-1f,0f,1.2246467991473532e-16f,0f,0f,1f,0f,0.881483188661599f,-1.2246467991473532e-16f,0f,-1f,0f,0f,0f,0f,1f],start_interpolation:0}