execute if entity @s[tag=aj.blazing_inferno.bone.body] run data modify entity @s {} merge value {transformation:[-0.5971585917027863f,-0.015554236952588079f,-0.8019723698908633f,0.0019442796190735098f,0f,0.9998119704485015f,-0.019391331771824366f,0.7859923057505658f,0.8021231927550437f,-0.011579700372104136f,-0.5970463082406149f,0.001447462546513017f,0f,0f,0f,1f],start_interpolation:0}
execute if entity @s[tag=aj.blazing_inferno.bone.left_hand] run data modify entity @s {} merge value {transformation:[-0.506186658042005f,-0.7259926600563905f,-0.4655209176444301f,0.4293522312162984f,-0.5086611153122287f,0.6872206315379716f,-0.5186440719393901f,1.1790695437710559f,0.6964473684274971f,-0.025738320318109076f,-0.7171461509884973f,-0.7394165698917424f,0f,0f,0f,1f],start_interpolation:0}
execute if entity @s[tag=aj.blazing_inferno.bone.left_arm] run data modify entity @s {} merge value {transformation:[-0.506186658042005f,-0.17362324716080385f,-0.8447662607287323f,0.2422048827792454f,-0.5086611153122287f,0.8511166097636308f,0.1298629521987827f,1.535851283586942f,0.6964473684274971f,0.4954346421373884f,-0.5191392668452388f,-0.3456330346760991f,0f,0f,0f,1f],start_interpolation:0}
execute if entity @s[tag=aj.blazing_inferno.bone.right_hand] run data modify entity @s {} merge value {transformation:[-0.35296144484423175f,-0.9262564741746021f,0.13216339320366616f,0.008449726211915698f,0.8217254952134981f,-0.37442868883625346f,-0.42961653540395206f,1.6142583562134443f,0.44742086335977166f,-0.0430360433357731f,0.8932874509386091f,0.8193003303529142f,0f,0f,0f,1f],start_interpolation:0}
execute if entity @s[tag=aj.blazing_inferno.bone.right_arm] run data modify entity @s {} merge value {transformation:[-0.35296144484423175f,-0.6329932726403569f,-0.6890121444833343f,-0.2616476789699805f,0.8217254952134981f,0.14243097924899525f,-0.5517976319868575f,1.535851283586942f,0.44742086335977166f,-0.7609421350813891f,0.469874066200906f,0.331158409210969f,0f,0f,0f,1f],start_interpolation:0}
execute if entity @s[tag=aj.blazing_inferno.bone.head] run data modify entity @s {} merge value {transformation:[-0.7231795601065463f,0.17641212887883487f,-0.6677500165694791f,-0.01166567771444106f,0.04163323760091649f,0.9762054667129897f,0.21281344009845768f,1.6608277798930047f,0.6894040885946122f,0.1261017348973104f,-0.7133164480684016f,-0.008684775279078101f,0f,0f,0f,1f],start_interpolation:0}
execute if entity @s[tag=aj.blazing_inferno.bone.bottom] run data modify entity @s {} merge value {transformation:[-1f,0f,1.2246467991473532e-16f,0f,0f,1f,0f,0.9109688020566284f,-1.2246467991473532e-16f,0f,-1f,0f,0f,0f,0f,1f],start_interpolation:0}