execute if entity @s[tag=aj.blazing_inferno.bone.body] run data modify entity @s {} merge value {transformation:[-0.5925917875866212f,-0.014948691197694217f,-0.8053642094831186f,0.0018685863997117771f,8.673617379884035e-19f,0.9998277816227299f,-0.018558208301739938f,0.7860239391563975f,0.8055029318909352f,-0.010997441831932945f,-0.5924897323905794f,0.001374680228991618f,0f,0f,0f,1f],start_interpolation:0}
execute if entity @s[tag=aj.blazing_inferno.bone.left_hand] run data modify entity @s {} merge value {transformation:[-0.499947386443863f,-0.7298980134459916f,-0.4661560905485902f,0.4276548324619272f,-0.5157671467160206f,0.6833207978473385f,-0.5167755195417942f,1.1826308478681955f,0.6957275768261348f,-0.0179325736265481f,-0.718081862775243f,-0.7437076947864278f,0f,0f,0f,1f],start_interpolation:0}
execute if entity @s[tag=aj.blazing_inferno.bone.left_arm] run data modify entity @s {} merge value {transformation:[-0.499947386443863f,-0.17554441245017588f,-0.8480782806118035f,0.24065672838954696f,-0.5157671467160206f,0.8470028564978884f,0.1287261102217893f,1.5358947753734449f,0.6957275768261348f,0.501767197355447f,-0.5139969051479731f,-0.3466949505364464f,0f,0f,0f,1f],start_interpolation:0}
execute if entity @s[tag=aj.blazing_inferno.bone.right_hand] run data modify entity @s {} merge value {transformation:[-0.3442927301136219f,-0.9238413502155867f,0.16727126358926764f,0.024609285000674053f,0.8282844242328898f,-0.3827684983647614f,-0.4091860081097295f,1.6250079023091972f,0.4420491246050587f,-0.0023315856036488225f,0.896987812149348f,0.8112921608942669f,0f,0f,0f,1f],start_interpolation:0}
execute if entity @s[tag=aj.blazing_inferno.bone.right_arm] run data modify entity @s {} merge value {transformation:[-0.3442927301136219f,-0.6560127327692102f,-0.6716470877146579f,-0.25934259238666474f,0.8282844242328898f,0.12459332255607425f,-0.5462796138861746f,1.5358947753734449f,0.4420491246050587f,-0.744394921005719f,0.5004685534744322f,0.3329481482465302f,0f,0f,0f,1f],start_interpolation:0}
execute if entity @s[tag=aj.blazing_inferno.bone.head] run data modify entity @s {} merge value {transformation:[-0.712317669482193f,0.1705252306477121f,-0.6808264708837353f,-0.011211518398270663f,0.039388420911157726f,0.9782193846153189f,0.2038023254552124f,1.6608732480762862f,0.7007510899324971f,0.11835531790068168f,-0.7035196718522132f,-0.008248081373949709f,0f,0f,0f,1f],start_interpolation:0}
execute if entity @s[tag=aj.blazing_inferno.bone.bottom] run data modify entity @s {} merge value {transformation:[-1f,0f,1.2246467991473532e-16f,0f,0f,1f,0f,0.9110024118592387f,-1.2246467991473532e-16f,0f,-1f,0f,0f,0f,0f,1f],start_interpolation:0}