execute if entity @s[tag=aj.blazing_inferno.bone.left_hand] run data modify entity @s {} merge value {transformation:[-0.6562090545132458f,-0.6015457641907598f,-0.4555572086565932f,0.47619054163103475f,-0.23932675142831797f,0.7384710017685184f,-0.6303834433087285f,0.9994129399642162f,0.715620278377856f,-0.30463629647689017f,-0.6285573514352085f,-0.5541705744780527f,0f,0f,0f,1f],start_interpolation:0}
execute if entity @s[tag=aj.blazing_inferno.bone.left_arm] run data modify entity @s {} merge value {transformation:[-0.6562090545132458f,-0.10322949759383795f,-0.7474846805128221f,0.29831067331307476f,-0.23932675142831797f,0.9679262605714698f,0.07642944554881484f,1.46875f,0.715620278377856f,0.22904677453012723f,-0.6598675565988564f,-0.2983106733130747f,0f,0f,0f,1f],start_interpolation:0}
execute if entity @s[tag=aj.blazing_inferno.bone.right_hand] run data modify entity @s {} merge value {transformation:[-0.40557978767263897f,-0.9104353537340466f,-0.0813172952241934f,-0.11643086408530162f,0.8191520442889917f,-0.3225530085847191f,-0.47428839854049976f,1.525181629000229f,0.4055797876726388f,-0.2589730165946015f,0.8766059619391768f,0.8285163114796726f,0f,0f,0f,1f],start_interpolation:0}
execute if entity @s[tag=aj.blazing_inferno.bone.right_arm] run data modify entity @s {} merge value {transformation:[-0.40557978767263897f,-0.4855078012543867f,-0.7744593021925349f,-0.29831067331307476f,0.8191520442889917f,0.18288824339568377f,-0.5436375803463249f,1.46875f,0.4055797876726388f,-0.8548883350173707f,0.32352893299154095f,0.2983106733130747f,0f,0f,0f,1f],start_interpolation:0}