execute if entity @s[tag=aj.blazing_inferno.bone.body] run data modify entity @s {} merge value {transformation:[-0.9238795325112866f,0f,-0.38268343236509006f,0f,0f,1f,0f,0.6026163583295769f,0.38268343236509006f,0f,-0.9238795325112866f,0f,0f,0f,0f,1f],start_interpolation:0}
execute if entity @s[tag=aj.blazing_inferno.bone.left_hand] run data modify entity @s {} merge value {transformation:[-0.8784277860151413f,-0.44254370986822156f,-0.18033216466456692f,0.652882072650566f,-0.3097949721645971f,0.8146865926207683f,-0.4902171264098173f,0.9205593650028775f,0.36385670253284286f,-0.37475434708623934f,-0.8527411561323239f,-0.4093905849342396f,0f,0f,0f,1f],start_interpolation:0}
execute if entity @s[tag=aj.blazing_inferno.bone.left_arm] run data modify entity @s {} merge value {transformation:[-0.8784277860151413f,-0.18525211293087612f,-0.4405068437733778f,0.38976167777819903f,-0.3097949721645971f,0.9226231540848214f,0.22976855913747735f,1.352616358329577f,0.36385670253284286f,0.3383018921041114f,-0.8678479877378897f,-0.16144457302902238f,0f,0f,0f,1f],start_interpolation:0}
execute if entity @s[tag=aj.blazing_inferno.bone.right_hand] run data modify entity @s {} merge value {transformation:[-0.8496460157017581f,-0.05813516691975035f,-0.5241392471179204f,-0.7317678149684406f,0.3927384270845745f,0.5935378357648605f,-0.7024737471298838f,0.9382629003227814f,0.3519349029199322f,-0.8027036438703752f,-0.48146514331149626f,0.3309315237421093f,0f,0f,0f,1f],start_interpolation:0}
execute if entity @s[tag=aj.blazing_inferno.bone.right_arm] run data modify entity @s {} merge value {transformation:[-0.8496460157017581f,0.3439011938751282f,-0.39979196696955926f,-0.38976167777819903f,0.3927384270845745f,0.918573012866171f,-0.044498853076227564f,1.352616358329577f,0.3519349029199322f,-0.19482194148818754f,-0.9155251144679271f,0.16144457302902238f,0f,0f,0f,1f],start_interpolation:0}
execute if entity @s[tag=aj.blazing_inferno.bone.head] run data modify entity @s {} merge value {transformation:[-0.9270004053720244f,0.05004090038849573f,-0.37170708458194746f,0f,0.0022294686390349405f,0.9917771482940941f,0.12795748352957673f,1.477616358329577f,0.3750537000346616f,0.1177879298143192f,-0.919489383125421f,0f,0f,0f,0f,1f],start_interpolation:0}
execute if entity @s[tag=aj.blazing_inferno.bone.bottom] run data modify entity @s {} merge value {transformation:[-1f,0f,1.2246467991473532e-16f,0f,0f,1f,0f,0.7276163583295769f,-1.2246467991473532e-16f,0f,-1f,0f,0f,0f,0f,1f],start_interpolation:0}