execute if entity @s[tag=aj.blazing_inferno.bone.body] run data modify entity @s {} merge value {transformation:[-0.6439127455844674f,-0.004102670116576238f,-0.7650879323135266f,0.0005128337645720298f,0f,0.9999856229053894f,-0.005362274006458384f,0.6549586899297951f,0.7650989322132614f,-0.0034528365780748405f,-0.6439034879900033f,0.00043160457225935507f,0f,0f,0f,1f],start_interpolation:0}
execute if entity @s[tag=aj.blazing_inferno.bone.left_hand] run data modify entity @s {} merge value {transformation:[-0.5510751186972761f,-0.7162923600805637f,-0.4280671307668915f,0.47790399025520447f,-0.5118275987613375f,0.6953053678579059f,-0.50456214143967f,1.050657369514925f,0.6590513809248763f,-0.05895507033494446f,-0.7497836867942749f,-0.7099747715605025f,0f,0f,0f,1f],start_interpolation:0}
execute if entity @s[tag=aj.blazing_inferno.bone.left_arm] run data modify entity @s {} merge value {transformation:[-0.5510751186972761f,-0.19857107723082948f,-0.8104848800811592f,0.26908652072058703f,-0.5118275987613375f,0.847544870327836f,0.1403574078101155f,1.404947907108837f,0.6590513809248763f,0.4921760051733116f,-0.5686950476596873f,-0.32493413488876643f,0f,0f,0f,1f],start_interpolation:0}
execute if entity @s[tag=aj.blazing_inferno.bone.right_hand] run data modify entity @s {} merge value {transformation:[-0.3549470427961085f,-0.9274638917866171f,0.1175726424059591f,-0.010518538490430496f,0.837840679086036f,-0.3713715748905736f,-0.4001326652898324f,1.4983735708981045f,0.41477173635500714f,-0.0435187637154027f,0.9088842192082198f,0.8096157463481414f,0f,0f,0f,1f],start_interpolation:0}
execute if entity @s[tag=aj.blazing_inferno.bone.right_arm] run data modify entity @s {} merge value {transformation:[-0.3549470427961085f,-0.6216449701649829f,-0.6982622199996753f,-0.2742148583663073f,0.837840679086036f,0.11984840195645037f,-0.5325968053012852f,1.404947907108837f,0.41477173635500714f,-0.7740761536289971f,0.4782996080951664f,0.32061808916617285f,0f,0f,0f,1f],start_interpolation:0}
execute if entity @s[tag=aj.blazing_inferno.bone.head] run data modify entity @s {} merge value {transformation:[-0.6971816822168699f,0.12851853149628228f,-0.70528057469584f,-0.003077002587432179f,0.01903366480809813f,0.9867712486653014f,0.1609975851107546f,1.5299461099720109f,0.7166417665648773f,0.09882049316594621f,-0.6904050177578456f,-0.0025896274335561304f,0f,0f,0f,1f],start_interpolation:0}
execute if entity @s[tag=aj.blazing_inferno.bone.bottom] run data modify entity @s {} merge value {transformation:[-1f,0f,1.2246467991473532e-16f,0f,0f,1f,0f,0.7799568927929688f,-1.2246467991473532e-16f,0f,-1f,0f,0f,0f,0f,1f],start_interpolation:0}