execute if entity @s[tag=aj.blazing_inferno.bone.body] run data modify entity @s {} merge value {transformation:[-1f,4.6865204053262974e-17f,1.1314261122877003e-16f,-7.985396856019576e-18f,0f,0.9238795325112867f,-0.3826834323650897f,0.7974811769548885f,-1.2246467991473532e-16f,-0.3826834323650897f,-0.9238795325112867f,0.06520571369295473f,0f,0f,0f,1f],start_interpolation:0}
execute if entity @s[tag=aj.blazing_inferno.bone.left_hand] run data modify entity @s {} merge value {transformation:[-0.8535533905932738f,-0.48885241562982285f,-0.18019413181236776f,0.6978638924382488f,-0.18019413181236787f,0.6015047871415512f,-0.7782814824381883f,1.0058598550302134f,0.48885241562982285f,-0.6318348730314621f,-0.6015047871415513f,-0.30207317726413097f,0f,0f,0f,1f],start_interpolation:0}
execute if entity @s[tag=aj.blazing_inferno.bone.left_arm] run data modify entity @s {} merge value {transformation:[-0.8535533905932738f,-0.21825436555672448f,-0.4730873506258202f,0.42187500000000006f,-0.18019413181236787f,0.9756562278079236f,-0.12500000000000003f,1.4903908263383536f,0.48885241562982285f,-0.02144660940672627f,-0.8721028372146499f,-0.2218068605808625f,0f,0f,0f,1f],start_interpolation:0}
execute if entity @s[tag=aj.blazing_inferno.bone.right_hand] run data modify entity @s {} merge value {transformation:[-0.8535533905932738f,0.48885241562982307f,0.1801941318123679f,-0.6978638924382488f,0.18019413181236787f,0.6015047871415512f,-0.7782814824381883f,1.0058598550302134f,-0.48885241562982307f,-0.631834873031462f,-0.6015047871415512f,-0.3020731772641311f,0f,0f,0f,1f],start_interpolation:0}
execute if entity @s[tag=aj.blazing_inferno.bone.right_arm] run data modify entity @s {} merge value {transformation:[-0.8535533905932738f,0.21825436555672453f,0.4730873506258204f,-0.42187499999999994f,0.18019413181236787f,0.9756562278079236f,-0.12500000000000003f,1.4903908263383536f,-0.48885241562982307f,-0.02144660940672627f,-0.8721028372146498f,-0.2218068605808626f,0f,0f,0f,1f],start_interpolation:0}
execute if entity @s[tag=aj.blazing_inferno.bone.head] run data modify entity @s {} merge value {transformation:[-1f,1.0059040869096419e-16f,6.985103797370065e-17f,3.302165669058553e-17f,0f,0.5703770101088221f,-0.8213830204839401f,1.6058757679022644f,-1.2246467991473532e-16f,-0.8213830204839401f,-0.5703770101088221f,-0.26964228962649883f,0f,0f,0f,1f],start_interpolation:0}
execute if entity @s[tag=aj.blazing_inferno.bone.bottom] run data modify entity @s {} merge value {transformation:[-1f,-4.1885387376769905e-17f,1.1507915602278503e-16f,-2.127246349361704e-18f,0f,0.9396926207859084f,0.3420201433256686f,0.9129661185187994f,-1.2246467991473532e-16f,0.3420201433256686f,-0.9396926207859084f,0.017370284647318518f,0f,0f,0f,1f],start_interpolation:0}