execute if entity @s[tag=aj.blazing_inferno.bone.body] run data modify entity @s {} merge value {transformation:[-1f,3.1696191514317643e-17f,1.1829179713786696e-16f,-6.0892702886514094e-18f,0f,0.9659258262890682f,-0.25881904510252074f,0.7922253902326659f,-1.2246467991473532e-16f,-0.25881904510252074f,-0.9659258262890682f,0.04972266528513361f,0f,0f,0f,1f],start_interpolation:0}
execute if entity @s[tag=aj.blazing_inferno.bone.left_hand] run data modify entity @s {} merge value {transformation:[-0.8535533905932738f,-0.48885241562982296f,-0.18019413181236774f,0.6978638924382488f,-0.24246059040482199f,0.6788298303918752f,-0.6931110469980138f,1.046760874949746f,0.4611501615604956f,-0.5479173086360977f,-0.6979449486812723f,-0.28721522845632097f,0f,0f,0f,1f],start_interpolation:0}
execute if entity @s[tag=aj.blazing_inferno.bone.left_arm] run data modify entity @s {} merge value {transformation:[-0.8535533905932738f,-0.21825436555672453f,-0.4730873506258202f,0.421875f,-0.24246059040482199f,0.9701086977894122f,-0.010098345105794576f,1.516669759949467f,0.4611501615604956f,0.10608556164135746f,-0.8809576505734917f,-0.1443916185417569f,0f,0f,0f,1f],start_interpolation:0}
execute if entity @s[tag=aj.blazing_inferno.bone.right_hand] run data modify entity @s {} merge value {transformation:[-0.8535533905932738f,0.48885241562982307f,0.18019413181236793f,-0.6978638924382488f,0.24246059040482199f,0.6788298303918752f,-0.6931110469980138f,1.046760874949746f,-0.4611501615604958f,-0.5479173086360977f,-0.6979449486812723f,-0.2872152284563212f,0f,0f,0f,1f],start_interpolation:0}
execute if entity @s[tag=aj.blazing_inferno.bone.right_arm] run data modify entity @s {} merge value {transformation:[-0.8535533905932738f,0.21825436555672448f,0.4730873506258204f,-0.421875f,0.24246059040482199f,0.9701086977894122f,-0.010098345105794576f,1.516669759949467f,-0.4611501615604958f,0.10608556164135752f,-0.8809576505734917f,-0.144391618541757f,0f,0f,0f,1f],start_interpolation:0}
execute if entity @s[tag=aj.blazing_inferno.bone.head] run data modify entity @s {} merge value {transformation:[-0.9848077584045556f,2.189027688290367e-8f,0.1736481470854037f,2.1644897286376527e-17f,-0.12802682650349917f,0.6755902224313367f,-0.7260764305847007f,1.6374104882356004f,-0.11731500620823143f,-0.7372773232340571f,-0.6653264897500972f,-0.17674399917957204f,0f,0f,0f,1f],start_interpolation:0}
execute if entity @s[tag=aj.blazing_inferno.bone.bottom] run data modify entity @s {} merge value {transformation:[-1f,-2.6506208041798652e-17f,1.195617780139768e-16f,-2.127246349361704e-18f,0f,0.9762960071199333f,0.2164396139381029f,0.9129661185187994f,-1.2246467991473532e-16f,0.2164396139381029f,-0.9762960071199333f,0.017370284647318518f,0f,0f,0f,1f],start_interpolation:0}