execute if entity @s[tag=aj.blazing_inferno.bone.body] run data modify entity @s {} merge value {transformation:[-1f,1.5984848350717836e-17f,1.2141697760125282e-16f,3.528690101469524e-18f,0f,0.9914448613738105f,-0.13052619222005157f,0.851535510847073f,-1.2246467991473532e-16f,-0.13052619222005157f,-0.9914448613738105f,-0.028813941325175035f,0f,0f,0f,1f],start_interpolation:0}
execute if entity @s[tag=aj.blazing_inferno.bone.left_hand] run data modify entity @s {} merge value {transformation:[-0.8535533905932738f,-0.5188328466293984f,-0.04752985025393133f,0.6978638924382488f,-0.30057848107267415f,0.56489313478987f,-0.7684714197569863f,1.1478726294918307f,0.4255575003718889f,-0.6416449357126642f,-0.6381164394932332f,-0.3296457370722496f,0f,0f,0f,1f],start_interpolation:0}
execute if entity @s[tag=aj.blazing_inferno.bone.left_arm] run data modify entity @s {} merge value {transformation:[-0.8535533905932738f,-0.21825436555672453f,-0.4730873506258202f,0.421875f,-0.30057848107267415f,0.9479623389867798f,0.10497609527296127f,1.595119156877431f,0.4255575003718889f,0.23180257931728332f,-0.8747390342834168f,-0.12670858549021366f,0f,0f,0f,1f],start_interpolation:0}
execute if entity @s[tag=aj.blazing_inferno.bone.right_hand] run data modify entity @s {} merge value {transformation:[-0.8535533905932738f,0.48885241562982307f,0.18019413181236793f,-0.6978638924382488f,0.30057848107267415f,0.7445399070370087f,-0.5960812893770168f,1.1478726294918307f,-0.4255575003718891f,-0.4546247271785923f,-0.7824430786421595f,-0.32964573707224976f,0f,0f,0f,1f],start_interpolation:0}
execute if entity @s[tag=aj.blazing_inferno.bone.right_arm] run data modify entity @s {} merge value {transformation:[-0.8535533905932738f,0.21825436555672448f,0.4730873506258204f,-0.421875f,0.30057848107267415f,0.9479623389867798f,0.10497609527296127f,1.595119156877431f,-0.4255575003718891f,0.23180257931728337f,-0.8747390342834167f,-0.12670858549021377f,0f,0f,0f,1f],start_interpolation:0}
execute if entity @s[tag=aj.blazing_inferno.bone.head] run data modify entity @s {} merge value {transformation:[-0.9961947001970927f,-9.091338155907465e-8f,-0.08715571868337975f,1.751543240834763e-17f,0.0691452238205612f,0.6087614527601356f,-0.7903343796496352f,1.7190497645491574f,0.05305711377401898f,-0.7933533220661276f,-0.6064449266377037f,-0.14302435951772016f,0f,0f,0f,1f],start_interpolation:0}
execute if entity @s[tag=aj.blazing_inferno.bone.bottom] run data modify entity @s {} merge value {transformation:[-1f,-1.067350013832297e-17f,1.21998664834562e-16f,5.5267961453092536e-18f,0f,0.9961946980917454f,0.0871557427476582f,0.9754661185187994f,-1.2246467991473532e-16f,0.0871557427476582f,-0.9961946980917454f,-0.04512971535268148f,0f,0f,0f,1f],start_interpolation:0}