execute if entity @s[tag=aj.blazing_inferno.bone.body] run data modify entity @s {} merge value {transformation:[-0.8967405412863778f,0.0358650366766506f,-0.4411010096991351f,0.0015285437200933793f,-0.03808856200182107f,0.9867580156027796f,0.15766381984557448f,0.7179862839442017f,0.44091457569244347f,0.15818444230658982f,-0.8834998693571526f,0.016540519391822186f,0f,0f,0f,1f],start_interpolation:0}
execute if entity @s[tag=aj.blazing_inferno.bone.left_hand] run data modify entity @s {} merge value {transformation:[-0.845264126927938f,-0.4858607966200926f,0.22241367322275749f,0.8067931063474427f,-0.5338859517022168f,0.7505782865679397f,-0.3893559121263652f,1.180824204231876f,0.02223389987763963f,-0.44785212072784086f,-0.8938311538852326f,-0.31788196483009434f,0f,0f,0f,1f],start_interpolation:0}
execute if entity @s[tag=aj.blazing_inferno.bone.left_arm] run data modify entity @s {} merge value {transformation:[-0.845264126927938f,-0.4547131208765785f,-0.2806501976329835f,0.406739737082772f,-0.5338859517022168f,0.7405229542646484f,0.4081562749513666f,1.4741234077408047f,0.02223389987763963f,0.494835055255627f,-0.8687024356972828f,-0.05083198549848504f,0f,0f,0f,1f],start_interpolation:0}
execute if entity @s[tag=aj.blazing_inferno.bone.right_hand] run data modify entity @s {} merge value {transformation:[-0.6383389577084689f,0.3827712529112549f,-0.6678394590142256f,-0.8159860372917206f,0.6480809190445347f,0.7353918863394476f,-0.19796438032257244f,1.1693072569213903f,0.4153486456485165f,-0.5591823865706582f,-0.7174960356037421f,0.48174786012614323f,0f,0f,0f,1f],start_interpolation:0}
execute if entity @s[tag=aj.blazing_inferno.bone.right_arm] run data modify entity @s {} merge value {transformation:[-0.6383389577084689f,0.6520703775882792f,-0.40905696149013815f,-0.3498850946276093f,0.6480809190445347f,0.7420124215552533f,0.17148961667722132f,1.4419861835517682f,0.4153486456485165f,-0.1556335083765313f,-0.8962498053714464f,0.3211896877420141f,0f,0f,0f,1f],start_interpolation:0}
execute if entity @s[tag=aj.blazing_inferno.bone.head] run data modify entity @s {} merge value {transformation:[-0.9689456805462318f,0.16445114982357312f,-0.18466208997112643f,0.03291045081216265f,0.10561299198973063f,0.9504808833789491f,0.29228750615472704f,1.581399547596634f,0.22358480286856883f,0.2637080007373255f,-0.9383325243608185f,0.15495190641008827f,0f,0f,0f,1f],start_interpolation:0}
execute if entity @s[tag=aj.blazing_inferno.bone.bottom] run data modify entity @s {} merge value {transformation:[-0.9865721616069694f,-0.036044729301281976f,-0.15929892476645624f,0.006011673304674704f,1.734723475976807e-18f,0.9753435557954444f,-0.22069197576780786f,0.8413310358945492f,0.16332596224162216f,-0.2177285595825591f,-0.9622468001505395f,0.03631357468014591f,0f,0f,0f,1f],start_interpolation:0}