execute if entity @s[tag=aj.blazing_inferno.bone.body] run data modify entity @s {} merge value {transformation:[-0.342698065981165f,0.23050067771047336f,-0.9107290887787551f,0.013080533118680831f,-0.24861826194952127f,0.9126163929065455f,0.3245308602019923f,0.7121701373485511f,0.9059508791308545f,0.33763998130147194f,-0.2554451949612155f,0.04602170357747975f,0f,0f,0f,1f],start_interpolation:0}
execute if entity @s[tag=aj.blazing_inferno.bone.left_hand] run data modify entity @s {} merge value {transformation:[-0.8610729244281735f,-0.4786457059090732f,0.17161499652279244f,0.643994150108851f,-0.47995150265008f,0.8765326325974212f,0.03656636563516616f,1.4935657877424422f,-0.16792847858729396f,-0.05088056806522012f,-0.9844852430954548f,-0.5509857784367134f,0f,0f,0f,1f],start_interpolation:0}
execute if entity @s[tag=aj.blazing_inferno.bone.left_arm] run data modify entity @s {} merge value {transformation:[-0.8610729244281735f,-0.286138708312901f,-0.42033089158630443f,0.3305317879873398f,-0.47995150265008f,0.18436400996303487f,0.8577041838153061f,1.5015182612884144f,-0.16792847858729396f,0.9402842928792197f,-0.29608356023930504f,-0.08294633757974554f,0f,0f,0f,1f],start_interpolation:0}
execute if entity @s[tag=aj.blazing_inferno.bone.right_hand] run data modify entity @s {} merge value {transformation:[0.19338928943568612f,0.009858019643770777f,-0.9810725774275131f,0.07895348187515501f,0.9295499062746181f,0.3180897142503108f,0.18642935775516747f,1.2958208437741552f,0.3139069200836597f,-0.9480093634225657f,0.052351622579747535f,1.2435479898335446f,0f,0f,0f,1f],start_interpolation:0}
execute if entity @s[tag=aj.blazing_inferno.bone.right_arm] run data modify entity @s {} merge value {transformation:[0.19338928943568612f,-0.0024709558404366616f,-0.9811189923290626f,0.04138029481573188f,0.9295499062746181f,0.3204072779686435f,0.18241751004104023f,1.291746602768506f,0.3139069200836597f,-0.9472766600111916f,0.06426021258626491f,0.6814497166869129f,0f,0f,0f,1f],start_interpolation:0}
execute if entity @s[tag=aj.blazing_inferno.bone.head] run data modify entity @s {} merge value {transformation:[-0.7722520693698527f,0.435437958800554f,-0.4626235244662634f,0.21476862611534503f,0.22219190714102693f,0.8673046906829556f,0.44543611205242f,1.5107094811417783f,0.5951953441980318f,0.2411977561150803f,-0.7665286326615833f,0.3414566872162677f,0f,0f,0f,1f],start_interpolation:0}
execute if entity @s[tag=aj.blazing_inferno.bone.bottom] run data modify entity @s {} merge value {transformation:[-0.9033352928633008f,0.15734455126272934f,-0.39903388434505754f,0.04189311783249f,0f,0.9302895782379647f,0.366825981388764f,0.8262471864618692f,0.4289351334031457f,0.33136685532768684f,-0.8403634086052685f,0.08822670124016374f,0f,0f,0f,1f],start_interpolation:0}