execute if entity @s[tag=aj.blazing_inferno.bone.body] run data modify entity @s {} merge value {transformation:[-0.9353513336439531f,0.02244453011390089f,-0.3530072601497659f,0.0009379925683994533f,-0.023809387188850586f,0.9917264520777884f,0.12614181436341254f,0.7182812504171331f,0.35291783141712985f,0.12639180083046697f,-0.9270782690531916f,0.012995684262619392f,0f,0f,0f,1f],start_interpolation:0}
execute if entity @s[tag=aj.blazing_inferno.bone.left_hand] run data modify entity @s {} merge value {transformation:[-0.8711900861469372f,-0.44622445443192865f,0.20472315468998603f,0.8032948709041228f,-0.4896718779108913f,0.7597552102799873f,-0.42777736316410375f,1.1424643412863444f,0.03534523705555842f,-0.4729225694755324f,-0.8803947736658518f,-0.2775070601009776f,0f,0f,0f,1f],start_interpolation:0}
execute if entity @s[tag=aj.blazing_inferno.bone.left_arm] run data modify entity @s {} merge value {transformation:[-0.8711900861469372f,-0.4283745801726199f,-0.23983963988720453f,0.4123727340348678f,-0.4896718779108913f,0.7933549374451171f,0.3616758150812348f,1.4721206746957707f,0.03534523705555842f,0.43253111135892397f,-0.9009259414203259f,-0.041097675243632045f,0f,0f,0f,1f],start_interpolation:0}
execute if entity @s[tag=aj.blazing_inferno.bone.right_hand] run data modify entity @s {} merge value {transformation:[-0.7371948098784706f,0.3627968946673358f,-0.5700194957262281f,-0.8380695841091849f,0.5806994529594335f,0.7714908375151811f,-0.2599808319140847f,1.1395716028397633f,0.34544457966634823f,-0.5226665292993831f,-0.779414999553689f,0.3404002534968109f,0f,0f,0f,1f],start_interpolation:0}
execute if entity @s[tag=aj.blazing_inferno.bone.right_arm] run data modify entity @s {} merge value {transformation:[-0.7371948098784706f,0.6080293713501252f,-0.2946932233082683f,-0.37682995372721756f,0.5806994529594335f,0.7931125625323452f,0.18374060108204682f,1.452031504255178f,0.34544457966634823f,-0.03567557608432814f,-0.9377607880745447f,0.2566767450145713f,0f,0f,0f,1f],start_interpolation:0}
execute if entity @s[tag=aj.blazing_inferno.bone.head] run data modify entity @s {} merge value {transformation:[-0.9810147855708096f,0.12608505083241994f,-0.1473517914653382f,0.02057695641806273f,0.08430665456145378f,0.9615234302517175f,0.2614671701641077f,1.5860418959851978f,0.17464930142463816f,0.2440804232902688f,-0.9538985105755899f,0.12358850998927799f,0f,0f,0f,1f],start_interpolation:0}
execute if entity @s[tag=aj.blazing_inferno.bone.bottom] run data modify entity @s {} merge value {transformation:[-0.9916545029310011f,-0.024885726763174215f,-0.12649919928654738f,0.0037435588326370645f,-8.673617379884035e-19f,0.9811935186864543f,-0.1930266274058961f,0.8422470569268566f,0.1289238023666266f,-0.19141572425264144f,-0.9730049710521358f,0.028794659366427763f,0f,0f,0f,1f],start_interpolation:0}