execute if entity @s[tag=aj.blazing_inferno.bone.body] run data modify entity @s {} merge value {transformation:[-0.36004217369767877f,0.22432280992786857f,-0.9055655194987913f,0.012612637073809885f,-0.2418447626479753f,0.9150386467446439f,0.32282407863025886f,0.7124087187529563f,0.9010442519314992f,0.3352365611173644f,-0.27520120666779174f,0.04527604464079824f,0f,0f,0f,1f],start_interpolation:0}
execute if entity @s[tag=aj.blazing_inferno.bone.left_hand] run data modify entity @s {} merge value {transformation:[-0.8555071320320301f,-0.4864349570345882f,0.17745021729231214f,0.651097012567122f,-0.48989709952886473f,0.8713685751458702f,0.026788768569340066f,1.4865071715492202f,-0.16765553648936357f,-0.06401436419284481f,-0.9837651052265728f,-0.5480045325242918f,0f,0f,0f,1f],start_interpolation:0}
execute if entity @s[tag=aj.blazing_inferno.bone.left_arm] run data modify entity @s {} merge value {transformation:[-0.8555071320320301f,-0.29730237884742916f,-0.423932592016691f,0.3327475365484196f,-0.48989709952886473f,0.1996508191359918f,0.8486108544506918f,1.5007159630535538f,-0.16765553648936357f,0.9336759855270924f,-0.31645027276726534f,-0.08342457830477967f,0f,0f,0f,1f],start_interpolation:0}
execute if entity @s[tag=aj.blazing_inferno.bone.right_hand] run data modify entity @s {} merge value {transformation:[0.18085565304935894f,0.029876326379982165f,-0.9830557653979384f,0.047000589048392376f,0.9266227308729328f,0.3298347014664492f,0.18049760202874474f,1.2951765214539481f,0.32963851017391577f,-0.9435658296221706f,0.03196838719338496f,1.23990807690681f,0f,0f,0f,1f],start_interpolation:0}
execute if entity @s[tag=aj.blazing_inferno.bone.right_arm] run data modify entity @s {} merge value {transformation:[0.18085565304935894f,0.029876326379982165f,-0.9830557653979384f,0.0289619524910031f,0.9266227308729328f,0.3298347014664492f,0.18049760202874474f,1.2966594445693245f,0.32963851017391577f,-0.9435658296221706f,0.03196838719338496f,0.6768315092624227f,0f,0f,0f,1f],start_interpolation:0}
execute if entity @s[tag=aj.blazing_inferno.bone.head] run data modify entity @s {} merge value {transformation:[-0.7788693238526911f,0.4306964260587514f,-0.4559201300024708f,0.20889509576069487f,0.22083287318576622f,0.8687027191206477f,0.4433829359739871f,1.5130675346545197f,0.587022502534418f,0.2446552152982067f,-0.771717828707888f,0.33860803561849206f,0f,0f,0f,1f],start_interpolation:0}
execute if entity @s[tag=aj.blazing_inferno.bone.bottom] run data modify entity @s {} merge value {transformation:[-0.9063077870366499f,-0.054019896144346435f,-0.41915157876033854f,0.040652988314793456f,0f,0.9917971292435825f,-0.1278219637784862f,0.8267885495960368f,0.42261826174069933f,-0.11584604112675867f,-0.8988734613940534f,0.08718061478046879f,0f,0f,0f,1f],start_interpolation:0}