execute if entity @s[tag=aj.blazing_inferno.bone.body] run data modify entity @s {} merge value {transformation:[-0.8967405412863778f,0.035865036676650586f,-0.441101009699135f,0.0015285437200933793f,-0.03808856200182106f,0.9867580156027796f,0.15766381984557445f,0.7179862839442017f,0.4409145756924433f,0.15818444230658982f,-0.8834998693571526f,0.016540519391822186f,0f,0f,0f,1f],start_interpolation:0}
execute if entity @s[tag=aj.blazing_inferno.bone.left_hand] run data modify entity @s {} merge value {transformation:[-0.845264126927938f,-0.4858607966200925f,0.22241367322275743f,0.8067931063474426f,-0.5338859517022166f,0.7505782865679396f,-0.3893559121263653f,1.180824204231876f,0.0222338998776396f,-0.44785212072784075f,-0.8938311538852326f,-0.31788196483009423f,0f,0f,0f,1f],start_interpolation:0}
execute if entity @s[tag=aj.blazing_inferno.bone.left_arm] run data modify entity @s {} merge value {transformation:[-0.845264126927938f,-0.4547131208765784f,-0.2806501976329835f,0.406739737082772f,-0.5338859517022166f,0.7405229542646484f,0.4081562749513665f,1.4741234077408047f,0.0222338998776396f,0.49483505525562693f,-0.8687024356972827f,-0.050831985498484986f,0f,0f,0f,1f],start_interpolation:0}
execute if entity @s[tag=aj.blazing_inferno.bone.right_hand] run data modify entity @s {} merge value {transformation:[-0.6383389577084689f,0.38277125291125497f,-0.6678394590142255f,-0.8159860372917206f,0.6480809190445345f,0.7353918863394476f,-0.1979643803225724f,1.1693072569213903f,0.41534864564851637f,-0.559182386570658f,-0.7174960356037422f,0.481747860126143f,0f,0f,0f,1f],start_interpolation:0}
execute if entity @s[tag=aj.blazing_inferno.bone.right_arm] run data modify entity @s {} merge value {transformation:[-0.6383389577084689f,0.6520703775882792f,-0.409056961490138f,-0.3498850946276093f,0.6480809190445345f,0.7420124215552533f,0.1714896166772214f,1.4419861835517682f,0.41534864564851637f,-0.15563350837653103f,-0.8962498053714464f,0.32118968774201406f,0f,0f,0f,1f],start_interpolation:0}
execute if entity @s[tag=aj.blazing_inferno.bone.head] run data modify entity @s {} merge value {transformation:[-0.9689456805462318f,0.16445114982357312f,-0.18466208997112632f,0.032910450812162644f,0.10561299198973068f,0.9504808833789491f,0.292287506154727f,1.581399547596634f,0.22358480286856872f,0.2637080007373254f,-0.9383325243608185f,0.15495190641008827f,0f,0f,0f,1f],start_interpolation:0}
execute if entity @s[tag=aj.blazing_inferno.bone.bottom] run data modify entity @s {} merge value {transformation:[-0.9865721616069694f,-0.0015962970297919328f,-0.1633181612005978f,0.0060116733046747025f,1.734723475976807e-18f,0.9999522363688097f,-0.009773688199248981f,0.8413310358945492f,0.16332596224162213f,-0.009642448693605588f,-0.9865250393380999f,0.03631357468014591f,0f,0f,0f,1f],start_interpolation:0}