execute if entity @s[tag=aj.blazing_inferno.bone.body] run data modify entity @s {} merge value {transformation:[-0.9638076619856665f,0.012561261256538855f,-0.26630246978458205f,0.0005174212112934006f,-0.01331412789358102f,0.9953750737782942f,0.09513777640500534f,0.7184913731373103f,0.2662658909739598f,0.09524010298451172f,-0.9591828804181937f,0.009672976177094492f,0f,0f,0f,1f],start_interpolation:0}
execute if entity @s[tag=aj.blazing_inferno.bone.left_hand] run data modify entity @s {} merge value {transformation:[-0.8972690475163555f,-0.40070112680277387f,0.1853290677364986f,0.7941099018578306f,-0.43973407637277817f,0.7738128822030497f,-0.45590302193908383f,1.1080272054946618f,0.0392708345425965f,-0.49056317668124716f,-0.8705202876663652f,-0.23940956405849356f,0f,0f,0f,1f],start_interpolation:0}
execute if entity @s[tag=aj.blazing_inferno.bone.left_arm] run data modify entity @s {} merge value {transformation:[-0.8972690475163555f,-0.3940277287428016f,-0.1991240953548352f,0.4165447245539006f,-0.43973407637277817f,0.8377647247084605f,0.32370388955144935f,1.4706395761761355f,0.0392708345425965f,0.3780111308095919f,-0.9249677759459416f,-0.03122786933916102f,0f,0f,0f,1f],start_interpolation:0}
execute if entity @s[tag=aj.blazing_inferno.bone.right_hand] run data modify entity @s {} merge value {transformation:[-0.8179966539771628f,0.33460158085023906f,-0.4678923553283242f,-0.8383195894829476f,0.509328162387823f,0.7993410447507219f,-0.3188082765165731f,1.11000486655547f,0.2673318108284331f,-0.4990948569854685f,-0.8242803082992128f,0.20910811221617837f,0f,0f,0f,1f],start_interpolation:0}
execute if entity @s[tag=aj.blazing_inferno.bone.right_arm] run data modify entity @s {} merge value {transformation:[-0.8179966539771628f,0.5426394853943042f,-0.190850368019479f,-0.3966679902465055f,0.509328162387823f,0.8374587193565614f,0.1981103641213947f,1.4594057807659264f,0.2673318108284331f,0.06484814773509721f,-0.9614200022126218f,0.19343397617011757f,0f,0f,0f,1f],start_interpolation:0}
execute if entity @s[tag=aj.blazing_inferno.bone.head] run data modify entity @s {} merge value {transformation:[-0.9896226155741499f,0.0909530332132405f,-0.11124128951737974f,0.011508524810764899f,0.06343384221818266f,0.971182857508177f,0.22973899308495851f,1.5894445626933176f,0.128931091694816f,0.22029844082871555f,-0.9668740200061328f,0.09300806628854225f,0f,0f,0f,1f],start_interpolation:0}
execute if entity @s[tag=aj.blazing_inferno.bone.bottom] run data modify entity @s {} merge value {transformation:[-0.9953527269551629f,-0.014781752654773148f,-0.09515486709240946f,0.0020875788683607575f,4.336808689942018e-19f,0.9881481746115882f,-0.1535030456107826f,0.842913257359597f,0.09629615227474567f,-0.15278967504461521f,-0.9835559802354108f,0.021577989050158456f,0f,0f,0f,1f],start_interpolation:0}