execute if entity @s[tag=aj.blazing_inferno.bone.body] run data modify entity @s {} merge value {transformation:[-0.27976655111778675f,0.2529847334490736f,-0.9261368157660939f,0.01485101992757306f,-0.2733119054612788f,0.903755806003149f,0.3294329149443382f,0.7112644011322558f,0.9203430225784208f,0.34528852827352924f,-0.18369690534659655f,0.04869260641367331f,0f,0f,0f,1f],start_interpolation:0}
execute if entity @s[tag=aj.blazing_inferno.bone.left_hand] run data modify entity @s {} merge value {transformation:[-0.8820266648483989f,-0.4471519262670741f,0.14860725867889177f,0.6175918276823813f,-0.44156601605577867f,0.894451553772126f,0.07053985695518034f,1.5184877071878589f,-0.16446402634326382f,-0.003401880402747942f,-0.9863772154955159f,-0.5603744317051689f,0f,0f,0f,1f],start_interpolation:0}
execute if entity @s[tag=aj.blazing_inferno.bone.left_arm] run data modify entity @s {} merge value {transformation:[-0.8820266648483989f,-0.24394493036444617f,-0.40313748702631885f,0.3226160837671945f,-0.44156601605577867f,0.1293000217857768f,0.887863141385442f,1.5043847157510943f,-0.16446402634326382f,0.9611307795069737f,-0.2217638580185669f,-0.08061071003145104f,0f,0f,0f,1f],start_interpolation:0}
execute if entity @s[tag=aj.blazing_inferno.bone.right_hand] run data modify entity @s {} merge value {transformation:[0.23184910802967804f,-0.06458620514729194f,-0.970605281878537f,0.19403838890367914f,0.9389703705604259f,0.2755283371774422f,0.20595819629684703f,1.2973914472881531f,0.2541272010538416f,-0.9591208252962218f,0.12452553219173468f,1.248445014416502f,0f,0f,0f,1f],start_interpolation:0}
execute if entity @s[tag=aj.blazing_inferno.bone.right_arm] run data modify entity @s {} merge value {transformation:[0.23184910802967804f,-0.12047741155115771f,-0.9652622360849799f,0.08656305626156197f,0.9389703705604259f,0.2869520803954203f,0.189718598894144f,1.2737777955181404f,0.2541272010538416f,-0.9503387274349464f,0.1796543036552901f,0.6959287152690915f,0f,0f,0f,1f],start_interpolation:0}
execute if entity @s[tag=aj.blazing_inferno.bone.head] run data modify entity @s {} merge value {transformation:[-0.7480171710561878f,0.45127438300527356f,-0.486643342755562f,0.23621266169551244f,0.22629605305855613f,0.8627348489567964f,0.4521931852268596f,1.502050731385011f,0.6239073714704907f,0.22812279947147662f,-0.7474620928087787f,0.3508200686530114f,0f,0f,0f,1f],start_interpolation:0}
execute if entity @s[tag=aj.blazing_inferno.bone.bottom] run data modify entity @s {} merge value {transformation:[-0.8922905286351777f,-0.16656035932047564f,-0.41961322573411486f,0.04647411160870726f,0f,0.9294548826213165f,-0.3689357954595825f,0.8242338768826494f,0.45146164012898726f,-0.3291979159630706f,-0.8293437885567215f,0.09185367244786447f,0f,0f,0f,1f],start_interpolation:0}