execute if entity @s[tag=aj.blazing_inferno.bone.body] run data modify entity @s {} merge value {transformation:[-0.848146372207324f,0.0527740591126912f,-0.5271267684308257f,0.00230542560615859f,-0.0561246851221728f,0.9804746372745465f,0.1884661916134651f,0.7175982791256204f,0.5267805530118705f,0.1894317405983394f,-0.82862407919538f,0.020236473009916475f,0f,0f,0f,1f],start_interpolation:0}
execute if entity @s[tag=aj.blazing_inferno.bone.left_hand] run data modify entity @s {} merge value {transformation:[-0.8223843588636506f,-0.5175780155528742f,0.23621381016522097f,0.8038167919660821f,-0.5689321967473842f,0.7478975639312586f,-0.3420020312364898f,1.2218643895839536f,0.00034899945294508683f,-0.4156467631078556f,-0.9095260559859426f,-0.35852889336598703f,0f,0f,0f,1f],start_interpolation:0}
execute if entity @s[tag=aj.blazing_inferno.bone.left_arm] run data modify entity @s {} merge value {transformation:[-0.8223843588636506f,-0.4704414192254228f,-0.31995130469118616f,0.39969772071564175f,-0.5689321967473842f,0.6803618935033001f,0.4619781914471721f,1.4766318586174472f,0.00034899945294508683f,0.5619542374124197f,-0.8271682496648477f,-0.059925267343211845f,0f,0f,0f,1f],start_interpolation:0}
execute if entity @s[tag=aj.blazing_inferno.bone.right_hand] run data modify entity @s {} merge value {transformation:[-0.5252515331748624f,0.39010893981505523f,-0.7562577880417694f,-0.7689845814436462f,0.7089245651745438f,0.6921806741097039f,-0.13532137776833397f,1.1975844661464328f,0.470676946311948f,-0.6072074846915259f,-0.6401267708392222f,0.6262879700726229f,0f,0f,0f,1f],start_interpolation:0}
execute if entity @s[tag=aj.blazing_inferno.bone.right_arm] run data modify entity @s {} merge value {transformation:[-0.5252515331748624f,0.6674336717911938f,-0.5278665746727871f,-0.31592578083428785f,0.7089245651745438f,0.6863351442247675f,0.16238851774079285f,1.4292766555456136f,0.470676946311948f,-0.2889227640067366f,-0.8336587123332709f,0.3845458242605539f,0f,0f,0f,1f],start_interpolation:0}
execute if entity @s[tag=aj.blazing_inferno.bone.head] run data modify entity @s {} merge value {transformation:[-0.9532706324547352f,0.2045838219770955f,-0.22230735724350936f,0.04848272732976339f,0.1265210326337109f,0.9385305435292327f,0.32117416951557987f,1.5755135867408487f,0.274349283944115f,0.2780393473017211f,-0.9205577612248915f,0.18598924603346342f,0f,0f,0f,1f],start_interpolation:0}
execute if entity @s[tag=aj.blazing_inferno.bone.bottom] run data modify entity @s {} merge value {transformation:[-0.9800662194573153f,-0.04581420916742589f,-0.19331648589038833f,0.00890218299524499f,-3.469446951953614e-18f,0.9730478519846176f,-0.2306032908440852f,0.8401576087849387f,0.1986710987502847f,-0.22600649545197832f,-0.9536513296456255f,0.0439154405847089f,0f,0f,0f,1f],start_interpolation:0}