execute if entity @s[tag=aj.blazing_inferno.bone.body] run data modify entity @s {} merge value {transformation:[-0.3258199634192585f,0.23652009740489044f,-0.9153685568999266f,0.013544007223810911f,-0.25522291789538126f,0.9102512194033261f,0.326042910911624f,0.7119334929559153f,0.9103310461686125f,0.33985432334801746f,-0.23621266960775122f,0.04674317131203101f,0f,0f,0f,1f],start_interpolation:0}
execute if entity @s[tag=aj.blazing_inferno.bone.left_hand] run data modify entity @s {} merge value {transformation:[-0.8665909406691497f,-0.4706953505945166f,0.1657287798750215f,0.6370099616367916f,-0.46999939345939745f,0.8814722660764681f,0.04590440377364882f,1.5003517959316692f,-0.16769231257859318f,-0.03811208557296322f,-0.9851024095165549f,-0.5537212100652924f,0f,0f,0f,1f],start_interpolation:0}
execute if entity @s[tag=aj.blazing_inferno.bone.left_arm] run data modify entity @s {} merge value {transformation:[-0.8665909406691497f,-0.27507723843077203f,-0.4163564031541468f,0.3283893773449784f,-0.46999939345939745f,0.1695381954588077f,0.8662317071248138f,1.502294075995524f,-0.16769231257859318f,0.9463558068601212f,-0.2762063994989472f,-0.08241199627933925f,0f,0f,0f,1f],start_interpolation:0}
execute if entity @s[tag=aj.blazing_inferno.bone.right_hand] run data modify entity @s {} merge value {transformation:[0.20478413044934168f,-0.00984608262439322f,-0.9787576383216942f,0.10996758202642207f,0.932255393641111f,0.3066718116502635f,0.19196947925699592f,1.2963552560752278f,0.2982672307565213f,-0.9517643902752922f,0.0719805839149501f,1.2461290761840274f,0f,0f,0f,1f],start_interpolation:0}
execute if entity @s[tag=aj.blazing_inferno.bone.right_arm] run data modify entity @s {} merge value {transformation:[0.20478413044934168f,-0.03405510467236034f,-0.978214552008843f,0.053478783209979064f,0.932255393641111f,0.31132681271299123f,0.1843244333045052f,1.286949739021296f,0.2982672307565213f,-0.9496925110432979f,0.09550284563881548f,0.6856798239254275f,0f,0f,0f,1f],start_interpolation:0}
execute if entity @s[tag=aj.blazing_inferno.bone.head] run data modify entity @s {} merge value {transformation:[-0.765787119026355f,0.4398935060505772f,-0.46910957319995716f,0.22049909245309005f,0.2234190604558554f,0.8660021690710425f,0.4473523964273266f,1.5084033099338257f,0.6030373220276983f,0.23776868275443658f,-0.7614538999459401f,0.34411570424154625f,0f,0f,0f,1f],start_interpolation:0}
execute if entity @s[tag=aj.blazing_inferno.bone.bottom] run data modify entity @s {} merge value {transformation:[-0.9004137026715808f,0.01161558406022492f,-0.43487957212105716f,0.043109019399422216f,1.3877787807814457e-17f,0.999643481727238f,0.026700364047052505f,0.8257148953813311f,0.43503466993017226f,0.024041373654285658f,-0.9000926887335331f,0.0892249617305332f,0f,0f,0f,1f],start_interpolation:0}