execute if entity @s[tag=aj.blazing_inferno.bone.body] run data modify entity @s {} merge value {transformation:[-0.2918681523142114f,0.24865236839069385f,-0.9235718604193108f,0.014501424381581394f,-0.26854887233775254f,0.9054687131853447f,0.3286455729332096f,0.711443624087619f,0.9179839240590273f,0.3439453577767473f,-0.19750216716030083f,0.04818292027950645f,0f,0f,0f,1f],start_interpolation:0}
execute if entity @s[tag=aj.blazing_inferno.bone.left_hand] run data modify entity @s {} merge value {transformation:[-0.8779286433195908f,-0.45360015331277526f,0.15325859895500066f,0.6227456491520567f,-0.44921038261564095f,0.8911176680328355f,0.0641820369732157f,1.5137728347120238f,-0.16568442711773648f,-0.012498105230329903f,-0.9860996237583296f,-0.5587394772959653f,0f,0f,0f,1f],start_interpolation:0}
execute if entity @s[tag=aj.blazing_inferno.bone.left_arm] run data modify entity @s {} merge value {transformation:[-0.8779286433195908f,-0.2522568491246561f,-0.4069493571793958f,0.3241225774321598f,-0.44921038261564095f,0.13984626168946f,0.8824131998342915f,1.5038392144941168f,-0.16568442711773648f,0.9575016998215636f,-0.23609143451104686f,-0.0811325293503352f,0f,0f,0f,1f],start_interpolation:0}
execute if entity @s[tag=aj.blazing_inferno.bone.right_hand] run data modify entity @s {} merge value {transformation:[0.22530837134394438f,-0.05007668300665729f,-0.9729997243686094f,0.17203871697411663f,0.937296348099754f,0.28371455631216064f,0.20243914239953356f,1.2971753415577798f,0.2659167043290135f,-0.9576003218230685f,0.11085995671635171f,1.2484983689727682f,0f,0f,0f,1f],start_interpolation:0}
execute if entity @s[tag=aj.blazing_inferno.bone.right_arm] run data modify entity @s {} merge value {transformation:[0.22530837134394438f,-0.0977591970448625f,-0.9693705572150842f,0.07785882391704385f,0.937296348099754f,0.2933060276142347f,0.188274082135653f,1.277251103459138f,0.2659167043290135f,-0.951007210045382f,0.15771364177043917f,0.693416406574469f,0f,0f,0f,1f],start_interpolation:0}
execute if entity @s[tag=aj.blazing_inferno.bone.head] run data modify entity @s {} merge value {transformation:[-0.7527052337685924f,0.44839227100733586f,-0.48205726045590536f,0.2320722467234385f,0.2256063646667681f,0.8635530907880811f,0.45097430925962667f,1.5037287481247956f,0.6184954318984208f,0.23069553678221838f,-0.7511610812798744f,0.34913510833416034f,0f,0f,0f,1f],start_interpolation:0}
execute if entity @s[tag=aj.blazing_inferno.bone.bottom] run data modify entity @s {} merge value {transformation:[-0.8944471029425052f,-0.1800977554167635f,-0.4093032842912491f,0.045582970430418125f,-1.3877787807814457e-17f,0.9153114791194472f,-0.4027466898587373f,0.824627213235787f,0.4471737693981608f,-0.3602356099638312f,-0.8186977007884086f,0.09117609000159986f,0f,0f,0f,1f],start_interpolation:0}