execute if entity @s[tag=aj.blazing_inferno.bone.body] run data modify entity @s {} merge value {transformation:[-0.45675489301377287f,0.19000571054321252f,-0.8690643230906132f,0.010150861231003783f,-0.2043167741378757f,0.9284019674000961f,0.31036179328893404f,0.713658906198748f,0.8658115404138877f,0.3193236867014404f,-0.3852307874476429f,0.04102596693885899f,0f,0f,0f,1f],start_interpolation:0}
execute if entity @s[tag=aj.blazing_inferno.bone.left_hand] run data modify entity @s {} merge value {transformation:[-0.8272266344387346f,-0.5227159953699101f,0.20606815246322788f,0.6892893861271359f,-0.5394893751356393f,0.8414081720264176f,-0.031360838045552786f,1.4453246794766292f,-0.15699461580232996f,-0.1371140993173433f,-0.978034976050178f,-0.5280328700331034f,0f,0f,0f,1f],start_interpolation:0}
execute if entity @s[tag=aj.blazing_inferno.bone.left_arm] run data modify entity @s {} merge value {transformation:[-0.8272266344387346f,-0.35545558125416377f,-0.4351406956725934f,0.34534861462859856f,-0.5394893751356393f,0.28609148084619196f,0.7918982754767117f,1.4961565208382364f,-0.15699461580232996f,0.889833127244933f,-0.42842700226127334f,-0.08474551164716962f,0f,0f,0f,1f],start_interpolation:0}
execute if entity @s[tag=aj.blazing_inferno.bone.right_hand] run data modify entity @s {} merge value {transformation:[0.09564037578268153f,0.1362792282004467f,-0.9860430469717021f,-0.13171150944119603f,0.9071694396131899f,0.39582972462531757f,0.1426970109530541f,1.289521652144102f,0.4097517862707108f,-0.9081557141064167f,-0.0857710474683964f,1.2005859000439747f,0f,0f,0f,1f],start_interpolation:0}
execute if entity @s[tag=aj.blazing_inferno.bone.right_arm] run data modify entity @s {} merge value {transformation:[0.09564037578268153f,0.2063167125622147f,-0.9737999448745456f,-0.040038326351772256f,0.9071694396131899f,0.38463409024522355f,0.17058787897479694f,1.3237642426594038f,0.4097517862707108f,-0.8997166391363168f,-0.1503776675880167f,0.6457829755770481f,0f,0f,0f,1f],start_interpolation:0}
execute if entity @s[tag=aj.blazing_inferno.bone.head] run data modify entity @s {} merge value {transformation:[-0.8152863398294549f,0.40108259664447354f,-0.41766126796294756f,0.17640585795631475f,0.21136639182646005f,0.8776368042020979f,0.4302067971524761f,1.526010627673832f,0.539103359750015f,0.2624621698052024f,-0.8003006790746782f,0.3204341928026193f,0f,0f,0f,1f],start_interpolation:0}
execute if entity @s[tag=aj.blazing_inferno.bone.bottom] run data modify entity @s {} merge value {transformation:[-0.9223633753238266f,0.080169707099501f,-0.37791351116997357f,0.03390157504890535f,-6.938893903907228e-18f,0.978230848878487f,0.20751965281022106f,0.8297091521237601f,0.38632344461763846f,0.1914085274120641f,-0.9022843076174535f,0.08094142777653904f,0f,0f,0f,1f],start_interpolation:0}