execute if entity @s[tag=aj.blazing_inferno.bone.body] run data modify entity @s {} merge value {transformation:[-0.3077788538026288f,0.24296283288322817f,-0.9199137127955517f,0.014048513601677061f,-0.26229724288332773f,0.9077141104815084f,0.327498473291966f,0.7116755325321908f,0.9145886143659043f,0.34208793528875076f,-0.2156467273160778f,0.04751006695280869f,0f,0f,0f,1f],start_interpolation:0}
execute if entity @s[tag=aj.blazing_inferno.bone.left_hand] run data modify entity @s {} merge value {transformation:[-0.8725816329832765f,-0.46179443392997727f,0.1592080229496324f,0.6294660372188416f,-0.4590765881485127f,0.8866489169659049f,0.05569905077385867f,1.5075200523747454f,-0.1668831327431256f,-0.024486707301715316f,-0.9856725730035104f,-0.5564675224566245f,0f,0f,0f,1f],start_interpolation:0}
execute if entity @s[tag=aj.blazing_inferno.bone.left_arm] run data modify entity @s {} merge value {transformation:[-0.8725816329832765f,-0.2630440260186262f,-0.41159340878608736f,0.3261148422120822f,-0.4590765881485127f,0.15374037202414428f,0.874992905241979f,1.503117764734726f,-0.1668831327431256f,0.9524556359147602f,-0.2549083788737637f,-0.08176605326624416f,0f,0f,0f,1f],start_interpolation:0}
execute if entity @s[tag=aj.blazing_inferno.bone.right_hand] run data modify entity @s {} merge value {transformation:[0.21608909666491619f,-0.031131043666054868f,-0.9758772261011129f,0.1430096573498707f,0.9349987367310856f,0.2944731136879976f,0.19764348617186972f,1.2968316439738505f,0.28121675734887314f,-0.9551525759977607f,0.09273991562982628f,1.2478535759574871f,0f,0f,0f,1f],start_interpolation:0}
execute if entity @s[tag=aj.blazing_inferno.bone.right_arm] run data modify entity @s {} merge value {transformation:[0.21608909666491619f,-0.06788991512298309f,-0.974010503910063f,0.06642643431611414f,0.9349987367310856f,0.3017131015814519f,0.18640430962125026f,1.2818044660519183f,0.28121675734887314f,-0.9509785295992202f,0.128673896449476f,0.6899180901049876f,0f,0f,0f,1f],start_interpolation:0}
execute if entity @s[tag=aj.blazing_inferno.bone.head] run data modify entity @s {} merge value {transformation:[-0.7588486527411946f,0.44448590727061704f,-0.4760052525662824f,0.22664099237450172f,0.22462784033493222f,0.8646725031954667f,0.4493148067492879f,1.5059253792035108f,0.6113027527987571f,0.23403790388631932f,-0.7559994735217479f,0.3468370103304656f,0f,0f,0f,1f],start_interpolation:0}
execute if entity @s[tag=aj.blazing_inferno.bone.bottom] run data modify entity @s {} merge value {transformation:[-0.8972583696743285f,-0.11531182407937304f,-0.42618141826791767f,0.04441886771208058f,0f,0.9652905291584983f,-0.2611784721543991f,0.8251397963423794f,0.4415058527917451f,-0.2343445701192881f,-0.866115006454824f,0.09027105886390253f,0f,0f,0f,1f],start_interpolation:0}