execute if entity @s[tag=aj.blazing_inferno.bone.body] run data modify entity @s {} merge value {transformation:[-0.5193596181234725f,0.1678965125770018f,-0.8378999630786013f,0.00868124919831997f,-0.18023212481665488f,0.9369329124550573f,0.2994546689276318f,0.714401440058946f,0.835333447341069f,0.3065411532289988f,-0.45634477440891236f,0.0381718338640743f,0f,0f,0f,1f],start_interpolation:0}
execute if entity @s[tag=aj.blazing_inferno.bone.left_hand] run data modify entity @s {} merge value {transformation:[-0.8124121279537388f,-0.5395751351211102f,0.2210095199594662f,0.712639820798692f,-0.565421148481869f,0.8216039075221077f,-0.07256682433349593f,1.4166968006775604f,-0.1424270311532267f,-0.18391762477652857f,-0.97256817143758f,-0.5117722378611287f,0f,0f,0f,1f],start_interpolation:0}
execute if entity @s[tag=aj.blazing_inferno.bone.left_arm] run data modify entity @s {} merge value {transformation:[-0.8124121279537388f,-0.38890178688085586f,-0.43444439749472574f,0.3537084725269113f,-0.565421148481869f,0.3434469961789275f,0.7498953831469534f,1.4931365520572653f,-0.1424270311532267f,0.8548681541480821f,-0.49891379998986674f,-0.08432859931119008f,0f,0f,0f,1f],start_interpolation:0}
execute if entity @s[tag=aj.blazing_inferno.bone.right_hand] run data modify entity @s {} merge value {transformation:[0.02656984635166309f,0.19919957906695784f,-0.9795986785231979f,-0.24657050589090057f,0.8911137386957788f,0.43935342369848956f,0.11351155796678195f,1.2835861806623348f,0.4530014878259006f,-0.8759498254945667f,-0.16583592868723646f,1.1569655525076918f,0f,0f,0f,1f],start_interpolation:0}
execute if entity @s[tag=aj.blazing_inferno.bone.right_arm] run data modify entity @s {} merge value {transformation:[0.02656984635166309f,0.31444921753801175f,-0.9489023832062922f,-0.08450120526476866f,0.8911137386957788f,0.4227074674566333f,0.16502939636328398f,1.3410656967432126f,0.4530014878259006f,-0.8499647560611739f,-0.2689787454082368f,0.6204839968828368f,0f,0f,0f,1f],start_interpolation:0}
execute if entity @s[tag=aj.blazing_inferno.bone.head] run data modify entity @s {} merge value {transformation:[-0.8384227102341885f,0.37881980316045316f,-0.391845525299235f,0.15559069770319656f,0.2034123110677153f,0.884500002594556f,0.4198609021048775f,1.5342177384571212f,0.5056389924339784f,0.2723147115814824f,-0.8186415010165593f,0.30639534293944826f,0f,0f,0f,1f],start_interpolation:0}
execute if entity @s[tag=aj.blazing_inferno.bone.bottom] run data modify entity @s {} merge value {transformation:[-0.9323238012155122f,-0.034911469875577236f,-0.359935437208098f,0.029668313270445196f,-6.938893903907228e-18f,0.9953290428423855f,-0.09654064674768081f,0.8315180541158281f,0.36162457008209226f,-0.09000714274760169f,-0.9279689566830103f,0.07648947801769915f,0f,0f,0f,1f],start_interpolation:0}