execute if entity @s[tag=aj.blazing_inferno.bone.body] run data modify entity @s {} merge value {transformation:[-0.7261991991391077f,0.09531115248578793f,-0.6808454357499574f,0.00443045834418586f,-0.10171855920917672f,0.9645470207501899f,0.24352079885369524f,0.716536106589117f,0.6799176846369916f,0.246099225869899f,-0.6907583608933799f,0.02777648906115186f,0f,0f,0f,1f],start_interpolation:0}
execute if entity @s[tag=aj.blazing_inferno.bone.left_hand] run data modify entity @s {} merge value {transformation:[-0.7957192560949614f,-0.5531430922153978f,0.2467054620677639f,0.7791000100901703f,-0.6026356379357193f,0.7637731215928156f,-0.2312593925058501f,1.3060437132810003f,-0.0605074654029539f,-0.33269105528516113f,-0.9410927203861243f,-0.4331708099720383f,0f,0f,0f,1f],start_interpolation:0}
execute if entity @s[tag=aj.blazing_inferno.bone.left_arm] run data modify entity @s {} merge value {transformation:[-0.7957192560949614f,-0.4661148983096981f,-0.38673992172184757f,0.38227910984533786f,-0.6026356379357193f,0.5455234976942642f,0.582438324076657f,1.482858889318131f,-0.0605074654029539f,0.6965206493975292f,-0.7149810008618093f,-0.07448936474265475f,0f,0f,0f,1f],start_interpolation:0}
execute if entity @s[tag=aj.blazing_inferno.bone.right_hand] run data modify entity @s {} merge value {transformation:[-0.28137253230729725f,0.3560814846510052f,-0.8910866817272689f,-0.6019619485387618f,0.8057977753219185f,0.5919199669111662f,-0.017908044508847115f,1.2445068588884087f,0.5210752760870794f,-0.7230744975869499f,-0.45347968817815243f,0.8942839405981764f,0f,0f,0f,1f],start_interpolation:0}
execute if entity @s[tag=aj.blazing_inferno.bone.right_arm] run data modify entity @s {} merge value {transformation:[-0.28137253230729725f,0.6000058998642059f,-0.7488807770206973f,-0.23045146442828424f,0.8057977753219185f,0.5715088545314618f,0.1551372762374773f,1.397033854985388f,0.5210752760870794f,-0.559795095834432f,-0.6442903129261632f,0.49919118166980697f,0f,0f,0f,1f],start_interpolation:0}
execute if entity @s[tag=aj.blazing_inferno.bone.head] run data modify entity @s {} merge value {transformation:[-0.9121854037799912f,0.28366431961587624f,-0.29572342299452076f,0.0878277167692503f,0.16419627045061452f,0.9142198534761127f,0.37046139377838516f,1.5605147497455332f,0.3754429036496f,0.2893727929280448f,-0.8805146295276303f,0.24311331169731348f,0f,0f,0f,1f],start_interpolation:0}
execute if entity @s[tag=aj.blazing_inferno.bone.bottom] run data modify entity @s {} merge value {transformation:[-0.9631625667976581f,-0.06633196393859f,-0.26061070676354847f,0.016344352404909352f,3.469446951953614e-18f,0.9691018912897286f,-0.24666074738123844f,0.8371044841828907f,0.2689198206152656f,-0.23757439857594234f,-0.93340266510308f,0.05853889229488923f,0f,0f,0f,1f],start_interpolation:0}