execute if entity @s[tag=aj.blazing_inferno.bone.body] run data modify entity @s {} merge value {transformation:[-0.5873482112965904f,0.1439661241482041f,-0.7964269167879998f,0.007186325851777732f,-0.15425079861616595f,0.9461013403438671f,0.2847787648786565f,0.7151541655813202f,0.794499068478353f,0.29011378612069083f,-0.5334840403327427f,0.034950201566656375f,0f,0f,0f,1f],start_interpolation:0}
execute if entity @s[tag=aj.blazing_inferno.bone.left_hand] run data modify entity @s {} merge value {transformation:[-0.800626001843566f,-0.5516545475463737f,0.2338274264139941f,0.7365714794324941f,-0.5869070622491496f,0.8005954349376689f,-0.12077685970018243f,1.3834215747110479f,-0.12057406625829137f,-0.23393206220689516f,-0.9647474720451827f,-0.49065265780267f,0f,0f,0f,1f],start_interpolation:0}
execute if entity @s[tag=aj.blazing_inferno.bone.left_arm] run data modify entity @s {} merge value {transformation:[-0.800626001843566f,-0.4207165336153329f,-0.4266094273626456f,0.3629484456036799f,-0.5869070622491496f,0.40739430770086266f,0.6996927742481036f,1.4898047265054155f,-0.12057406625829137f,0.8105723141062944f,-0.5730919805321901f,-0.08264375335713067f,0f,0f,0f,1f],start_interpolation:0}
execute if entity @s[tag=aj.blazing_inferno.bone.right_hand] run data modify entity @s {} merge value {transformation:[-0.060952562433929366f,0.2606465839577534f,-0.9635082477093239f,-0.36885733033334944f,0.8695904281435386f,0.48774368251374084f,0.07693235632081227f,1.2745443247623345f,0.48999721674094754f,-0.8331683253935481f,-0.25638500179814716f,1.0920301402362655f,0f,0f,0f,1f],start_interpolation:0}
execute if entity @s[tag=aj.blazing_inferno.bone.right_arm] run data modify entity @s {} merge value {transformation:[-0.060952562433929366f,0.42315692649255404f,-0.9040038720570356f,-0.1326266076778183f,0.8695904281435386f,0.4671237565884319f,0.16002463345325502f,1.3596556151730255f,0.48999721674094754f,-0.7763592026839682f,-0.39644560281839214f,0.5877148356714796f,0f,0f,0f,1f],start_interpolation:0}
execute if entity @s[tag=aj.blazing_inferno.bone.head] run data modify entity @s {} merge value {transformation:[-0.8631447312457872f,0.3515469532188197f,-0.36248574124398714f,0.13315668448145632f,0.19294350749188072f,0.8929943827295027f,0.4066126354779017f,1.542992838382204f,0.46664116389295135f,0.28102628363930554f,-0.8386120986871776f,0.28879976442226085f,0f,0f,0f,1f],start_interpolation:0}
execute if entity @s[tag=aj.blazing_inferno.bone.bottom] run data modify entity @s {} merge value {transformation:[-0.9427924397742993f,-0.06247347007684877f,-0.3274743975351069f,0.025182091370303243f,0f,0.9822848281126004f,-0.18739401393800947f,0.8334168331243036f,0.3333802866163867f,-0.17667365959971504f,-0.9260907096495569f,0.07121442483174273f,0f,0f,0f,1f],start_interpolation:0}