execute if entity @s[tag=aj.blazing_inferno.bone.body] run data modify entity @s {} merge value {transformation:[-0.28141825558456124f,0.25239316830913366f,-0.9257977392576737f,0.0148030413196601f,-0.27266140151175317f,0.9039898563049957f,0.32932977366663874f,0.711289008976403f,0.9200323502732873f,0.3451087195197339f,-0.1855813734243298f,0.0486231443593127f,0f,0f,0f,1f],start_interpolation:0}
execute if entity @s[tag=aj.blazing_inferno.bone.left_hand] run data modify entity @s {} merge value {transformation:[-0.881466016614094f,-0.4480429920151238f,0.14924858076583863f,0.6182974141983034f,-0.4426163277944488f,0.8939999597693598f,0.06967681323180433f,1.5178462093281626f,-0.16464643307475021f,-0.0046421157373058575f,-0.9863417272108296f,-0.5601559943400741f,0f,0f,0f,1f],start_interpolation:0}
execute if entity @s[tag=aj.blazing_inferno.bone.left_arm] run data modify entity @s {} merge value {transformation:[-0.881466016614094f,-0.24508478486007282f,-0.4036720324527985f,0.32282124412624713f,-0.4426163277944488f,0.13073841336699718f,0.8871292203732424f,1.5043104299679206f,-0.16464643307475021f,0.960646092741948f,-0.2237199959221117f,-0.08068396377243002f,0f,0f,0f,1f],start_interpolation:0}
execute if entity @s[tag=aj.blazing_inferno.bone.right_hand] run data modify entity @s {} merge value {transformation:[0.23098041133465635f,-0.06260103149223416f,-0.9709424084031869f,0.19104006031402998f,0.9387455399321507f,0.27664594015752314f,0.20548439126088078f,1.2973641609815456f,0.2557437405630246f,-0.9589307246357623f,0.12266623216013448f,1.2484798176972505f,0f,0f,0f,1f],start_interpolation:0}
execute if entity @s[tag=aj.blazing_inferno.bone.right_arm] run data modify entity @s {} merge value {transformation:[0.23098041133465635f,-0.1173772088696628f,-0.9658522870592792f,0.08537459097677357f,0.9387455399321507f,0.2878174121376218f,0.18952031164995742f,1.2742523724423789f,0.2557437405630246f,-0.9504650062513452f,0.17666751556090476f,0.6955933317706563f,0f,0f,0f,1f],start_interpolation:0}
execute if entity @s[tag=aj.blazing_inferno.bone.head] run data modify entity @s {} merge value {transformation:[-0.7486578179232495f,0.45088551586742925f,-0.4860182334474299f,0.23564706359015208f,0.2262046900063728f,0.862844844886224f,0.4520289945041006f,1.5022801332432743f,0.6231716536248413f,0.2284754368290598f,-0.7479679571240007f,0.35059327393907985f,0f,0f,0f,1f],start_interpolation:0}
execute if entity @s[tag=aj.blazing_inferno.bone.bottom] run data modify entity @s {} merge value {transformation:[-0.8925858184521255f,-0.18208450271718057f,-0.4124751999434465f,0.04635218735830181f,0f,0.9148275589703058f,-0.4038446945899272f,0.8242877410145275f,0.45087754068943064f,-0.36046604724809883f,-0.8165621054660704f,0.09176173429927943f,0f,0f,0f,1f],start_interpolation:0}