execute if entity @s[tag=aj.blazing_inferno.bone.body] run data modify entity @s {} merge value {transformation:[-0.29021945669572985f,0.24924234630615477f,-0.923932313409937f,0.014548790432208268f,-0.2691973647911216f,0.9052356105477658f,0.32875715685856893f,0.7114193525811215f,0.9183166369748244f,0.34413186746364643f,-0.19562160425482678f,0.04825246276929657f,0f,0f,0f,1f],start_interpolation:0}
execute if entity @s[tag=aj.blazing_inferno.bone.left_hand] run data modify entity @s {} merge value {transformation:[-0.8784855400257465f,-0.4527326183270739f,0.15263136069754513f,0.6220456584867815f,-0.44817593861262733f,0.8915752587846268f,0.06505294744910484f,1.5144172161676401f,-0.16553393614109016f,-0.011257629672251301f,-0.9861398388462964f,-0.5589669331301855f,0f,0f,0f,1f],start_interpolation:0}
execute if entity @s[tag=aj.blazing_inferno.bone.left_arm] run data modify entity @s {} merge value {transformation:[-0.8784855400257465f,-0.25112985652069375f,-0.40644427801307265f,0.3239168834553354f,-0.44817593861262733f,0.13840841616080513f,0.8831655781248201f,1.5039136987632002f,-0.16553393614109016f,0.9580067356233738f,-0.23414015137494945f,-0.08106346785672264f,0f,0f,0f,1f],start_interpolation:0}
execute if entity @s[tag=aj.blazing_inferno.bone.right_hand] run data modify entity @s {} merge value {transformation:[0.2262234389737678f,-0.05204855249393331f,-0.9726838663420752f,0.17504014479777308f,0.9375280973432836f,0.28259951447928716f,0.20292506278908484f,1.2972070349205664f,0.264318032587194f,-0.9578248600863091f,0.11272761440693092f,1.2485186313624688f,0f,0f,0f,1f],start_interpolation:0}
execute if entity @s[tag=aj.blazing_inferno.bone.right_arm] run data modify entity @s {} merge value {transformation:[0.2262234389737678f,-0.10085465058235915f,-0.9688401803779569f,0.07904421686831332f,0.9375280973432836f,0.29243841045080593f,0.18846973970610992f,1.2767784222206915f,0.264318032587194f,-0.9509511635982766f,0.1607104915689046f,0.6937661945907854f,0f,0f,0f,1f],start_interpolation:0}
execute if entity @s[tag=aj.blazing_inferno.bone.head] run data modify entity @s {} merge value {transformation:[-0.7520673291960676f,0.44878942922606835f,-0.4826828985688567f,0.2326358434500937f,0.22570309475491224f,0.8634399328741283f,0.4511425443652771f,1.5035005118104166f,0.6192356945250723f,0.23034654443525004f,-0.750658127307492f,0.3493678467999872f,0f,0f,0f,1f],start_interpolation:0}
execute if entity @s[tag=aj.blazing_inferno.bone.bottom] run data modify entity @s {} merge value {transformation:[-0.8941542368393682f,-0.13692435489085558f,-0.42630965480496685f,0.045704083720477615f,1.3877787807814457e-17f,0.952096040892583f,-0.3057991643491997f,0.8245738038995922f,0.4477590878387696f,-0.27343161842477515f,-0.8513207088420913f,0.09126894620225237f,0f,0f,0f,1f],start_interpolation:0}