execute if entity @s[tag=aj.blazing_inferno.bone.body] run data modify entity @s {} merge value {transformation:[-0.35517264351573646f,0.2260565311607135f,-0.9070561382944435f,0.012743157383622854f,-0.24374511892011166f,0.9143594041735436f,0.32331903284839736f,0.7123421982128868f,0.9024636891868083f,0.3359245818915129f,-0.2696552706333551f,0.04548584703094057f,0f,0f,0f,1f],start_interpolation:0}
execute if entity @s[tag=aj.blazing_inferno.bone.left_hand] run data modify entity @s {} merge value {transformation:[-0.8570580789425468f,-0.4842870749655156f,0.17583366668717298f,0.6491104247688033f,-0.4871343134058178f,0.8728268957441178f,0.029552847042699865f,1.4884979544759085f,-0.1677844153130834f,-0.060326106181584016f,-0.9839761942704786f,-0.5488591613434665f,0f,0f,0f,1f],start_interpolation:0}
execute if entity @s[tag=aj.blazing_inferno.bone.left_arm] run data modify entity @s {} merge value {transformation:[-0.8570580789425468f,-0.2941892145500545f,-0.4229706317957936f,0.3321240147373593f,-0.4871343134058178f,0.19535332268263297f,0.8511975329026144f,1.5009417233874665f,-0.1677844153130834f,0.935569230660819f,-0.3107388044946584f,-0.08329758542610949f,0f,0f,0f,1f],start_interpolation:0}
execute if entity @s[tag=aj.blazing_inferno.bone.right_hand] run data modify entity @s {} merge value {transformation:[0.1844589466549857f,0.024280680483542743f,-0.9825402513659117f,0.05597892467551352f,0.9274600201995762f,0.3265356512240647f,0.1821877586751587f,1.295367478156546f,0.3252580635900284f,-0.9448729634373777f,0.03771306185836478f,1.241031856394263f,0f,0f,0f,1f],start_interpolation:0}
execute if entity @s[tag=aj.blazing_inferno.bone.right_arm] run data modify entity @s {} merge value {transformation:[0.1844589466549857f,0.02080795217553494f,-0.9826199296397329f,0.03244709677095664f,0.9274600201995762f,0.3271775151614056f,0.18103255095205978f,1.2952817792986222f,0.3252580635900284f,-0.9447337734510548f,0.04105227607083506f,0.6781561523252599f,0f,0f,0f,1f],start_interpolation:0}
execute if entity @s[tag=aj.blazing_inferno.bone.head] run data modify entity @s {} merge value {transformation:[-0.7770141338655431f,0.4320444969312428f,-0.4578062782931327f,0.21054262214924718f,0.2212245305989452f,0.8683040807532867f,0.4439681637330162f,1.5124066768647375f,0.5893290615899205f,0.24369155918623672f,-0.7702633842699032f,0.3394198561860144f,0f,0f,0f,1f],start_interpolation:0}
execute if entity @s[tag=aj.blazing_inferno.bone.bottom] run data modify entity @s {} merge value {transformation:[-0.9054762315032843f,0.273307458513316f,-0.32467803637388637f,0.04100022377871204f,0f,0.7650338100487343f,0.6439901159818504f,0.8266371237345798f,0.42439697711295093f,0.5831177433446089f,-0.6927199312955273f,0.08747641976737969f,0f,0f,0f,1f],start_interpolation:0}